1.000000000 0.000000000 0.000000000 0.000000000 0.000000000 1.000000000 0.000000000 0.000000000 0.000000000 0.000000000 1.000000000 0.000000000
0.999977350 0.000419370 -0.006714020 -0.015080620 -0.000415434 0.999999762 0.000587630 -0.036280900 0.006714265 -0.000584827 0.999977291 2.426641226
0.999915719 0.001384057 -0.012902859 -0.046582628 -0.001342017 0.999993801 0.003266299 -0.080839813 0.012907298 -0.003248708 0.999911368 4.809614658
0.999822855 0.001673460 -0.018743407 -0.105879843 -0.001583680 0.999987245 0.004803796 -0.099921569 0.018751208 -0.004773261 0.999812722 7.306509018
0.999716640 0.001498971 -0.023752887 -0.357679427 -0.001388156 0.999988139 0.004681126 -0.111756392 0.023759624 -0.004646828 0.999706805 9.876091957
0.999594867 0.001854375 -0.028399253 -0.442486435 -0.001763926 0.999993324 0.003209624 -0.139475435 0.028405018 -0.003158230 0.999591410 12.249346733
0.999440372 0.001161079 -0.033428665 -0.535460591 -0.001084025 0.999996781 0.002323070 -0.178366810 0.033431258 -0.002285533 0.999438286 14.805587769
0.999266505 0.001779105 -0.038249236 -0.639743447 -0.001719856 0.999997318 0.001581887 -0.216729730 0.038251955 -0.001514944 0.999266863 17.067327499
0.999048591 0.003037479 -0.043501288 -0.708949268 -0.002970439 0.999994397 0.001605685 -0.286114812 0.043505926 -0.001474940 0.999051929 19.243768692
0.998795152 0.004766703 -0.048838172 -0.824290752 -0.004728119 0.999988556 0.000905536 -0.333285630 0.048841935 -0.000673533 0.998806119 21.755065918
0.998520374 0.006284741 -0.054010350 -0.975828350 -0.006324051 0.999980032 -0.000556924 -0.384383082 0.054005776 0.000897663 0.998540044 24.462963104
0.998205364 0.007901118 -0.059355054 -1.092401028 -0.007956319 0.999968231 -0.000693714 -0.447505534 0.059347693 0.001164715 0.998236477 26.679706573
0.997863889 0.008764139 -0.064730935 -1.248624086 -0.008743413 0.999961793 0.000603499 -0.492927879 0.064733744 -0.000036241 0.997902334 29.058689117
0.997478724 0.008915039 -0.070399038 -1.390529990 -0.008774490 0.999959052 0.002305483 -0.549573839 0.070416704 -0.001681955 0.997516036 31.304164886
0.997088552 0.008204885 -0.075804651 -1.581746697 -0.007956715 0.999962211 0.003575255 -0.594215393 0.075831100 -0.002961691 0.997116089 33.752449036
0.996672273 0.006612230 -0.081239179 -1.760899425 -0.006286408 0.999971449 0.004265782 -0.640445471 0.081265032 -0.003740885 0.996685326 36.085029602
0.996206343 0.004426234 -0.086905286 -1.968256593 -0.004011334 0.999980032 0.004948203 -0.685921311 0.086925425 -0.004580826 0.996204138 38.627922058
0.995719373 0.003006450 -0.092374817 -2.182257175 -0.002439496 0.999977767 0.006249825 -0.731707394 0.092391528 -0.005997724 0.995704532 40.965835571
0.995215893 0.001744404 -0.097680539 -2.426192045 -0.001179751 0.999982536 0.005838037 -0.775316238 0.097688988 -0.005694869 0.995200515 43.382751465
0.994676650 0.001885594 -0.103024468 -2.676981211 -0.001469242 0.999990702 0.004116993 -0.819756150 0.103031240 -0.003943709 0.994670093 45.786594391
0.994158626 0.002237283 -0.107901961 -2.943810225 -0.001975291 0.999995053 0.002534851 -0.862198770 0.107907072 -0.002306906 0.994158089 48.158561707
0.993630409 0.003615091 -0.112626739 -3.208550930 -0.003431265 0.999992669 0.001825952 -0.903255224 0.112632491 -0.001427870 0.993635476 50.440586090
0.993158638 0.004935537 -0.116665401 -3.500652790 -0.004671280 0.999986112 0.002538394 -0.939221740 0.116676278 -0.001976051 0.993167818 52.774669647
0.992710233 0.005657291 -0.120389722 -3.826624870 -0.005195719 0.999978125 0.004147539 -0.978490889 0.120410532 -0.003491794 0.992717803 54.970310211
0.992272973 0.005909245 -0.123930387 -4.132835865 -0.005287309 0.999971926 0.005346733 -1.026356220 0.123958491 -0.004650161 0.992276251 57.413539886
0.991823912 0.005216120 -0.127504751 -4.442422390 -0.004734369 0.999980688 0.004081071 -1.057754993 0.127523571 -0.003444049 0.991829336 59.752113342
0.991307795 0.004559184 -0.131481558 -4.747362137 -0.004107645 0.999984980 0.003705248 -1.102907181 0.131496459 -0.003132961 0.991311491 62.027267456
0.990802407 0.002797542 -0.135284737 -5.061663151 -0.002260925 0.999989212 0.004120038 -1.135464430 0.135294795 -0.003776274 0.990797997 64.434982300
0.990255117 0.000481269 -0.139261529 -5.369148254 0.000214321 0.999987841 0.004979786 -1.147627234 0.139262214 -0.004961104 0.990242898 66.973915100
0.989681363 -0.001182414 -0.143278152 -5.677994251 0.001918592 0.999985933 0.005000023 -1.191663027 0.143270209 -0.005223322 0.989669621 69.115058899
0.989088058 -0.002427253 -0.147303239 -6.040375710 0.002926400 0.999990940 0.003171915 -1.242916942 0.147294208 -0.003568371 0.989086092 71.551734924
0.988553286 -0.002995787 -0.150839880 -6.386235714 0.003395966 0.999991596 0.002395442 -1.290847421 0.150831431 -0.002880270 0.988555133 73.811309814
0.987968802 -0.003422602 -0.154612958 -6.681882858 0.003970376 0.999987125 0.003234180 -1.338772774 0.154599905 -0.003809141 0.987969637 75.792831421
0.987396598 -0.003652842 -0.158220887 -7.050199032 0.004437160 0.999979794 0.004604099 -1.377193451 0.158200890 -0.005248123 0.987392843 78.077796936
0.986828327 -0.004634448 -0.161702052 -7.402341366 0.005644972 0.999967575 0.005790387 -1.415368557 0.161669970 -0.006626922 0.986822486 80.165435791
0.986347556 -0.005738716 -0.164574474 -7.816350937 0.006669368 0.999965012 0.005102841 -1.442916274 0.164539441 -0.006130783 0.986351311 82.500450134
0.985822320 -0.006189510 -0.167675987 -8.193090439 0.006865141 0.999970734 0.003449978 -1.486562371 0.167649746 -0.004552185 0.985835910 84.733421326
0.985392570 -0.006917743 -0.170155361 -8.619220734 0.007129247 0.999974668 0.000631987 -1.536361217 0.170146689 -0.001835836 0.985416830 87.176528931
0.984970927 -0.008020503 -0.172531635 -9.029564857 0.008219603 0.999966443 0.000439526 -1.579119802 0.172522306 -0.001851062 0.985003710 89.480316162
0.984511614 -0.010381442 -0.175009683 -9.464059830 0.011028582 0.999935806 0.002725498 -1.610931993 0.174970150 -0.004613394 0.984562755 91.812744141
0.983908594 -0.014692762 -0.178065643 -9.881702423 0.015498023 0.999875307 0.003132004 -1.664052963 0.177997410 -0.005841271 0.984013438 94.164794922
0.983263433 -0.018931413 -0.181201532 -10.302711487 0.019465059 0.999810159 0.001166977 -1.701194167 0.181145042 -0.004674545 0.983445108 96.431846619
0.982721686 -0.020496026 -0.183949336 -10.728658676 0.020439185 0.999789000 -0.002205350 -1.743582964 0.183955714 -0.001592531 0.982933104 98.680442810
0.982353508 -0.017904660 -0.186173260 -11.078998566 0.017675774 0.999839962 -0.002889446 -1.828658938 0.186195195 -0.000452300 0.982512534 100.672927856
0.982103527 -0.012881483 -0.187899262 -11.528273582 0.012664433 0.999917388 -0.002355722 -1.873036742 0.187914088 -0.000066076 0.982185304 102.868347168
0.981866658 -0.008052187 -0.189400405 -11.969477654 0.007926427 0.999967873 -0.001421532 -1.928483725 0.189405784 -0.000105515 0.981898725 105.075729370
0.981540442 -0.003956969 -0.191212684 -12.437765121 0.004001891 0.999992251 -0.000151276 -1.983584523 0.191211835 -0.000616729 0.981548429 107.383659363
0.981184959 -0.001652870 -0.193062007 -12.906259537 0.001807410 0.999998391 0.000624314 -2.027011633 0.193060711 -0.000961510 0.981186152 109.675857544
0.980753183 -0.002235491 -0.195237756 -13.363993645 0.002370101 0.999997318 0.000455825 -2.086238861 0.195236251 -0.000909786 0.980755627 111.930587769
0.980345130 -0.004151063 -0.197245404 -13.857649803 0.004487101 0.999989390 0.001256728 -2.125059843 0.197238132 -0.002117088 0.980353117 114.282241821
0.979889452 -0.007791689 -0.199387863 -14.331172943 0.008459440 0.999961317 0.002497259 -2.184690714 0.199360728 -0.004133747 0.979917228 116.594268799
0.979518771 -0.011324492 -0.201033264 -14.736722946 0.012227867 0.999920189 0.003252355 -2.238929272 0.200980425 -0.005643951 0.979578853 118.644172668
0.979124367 -0.014831302 -0.202719301 -15.173288345 0.015512972 0.999878347 0.001774019 -2.285742521 0.202668369 -0.004881765 0.979235113 120.783164978
0.978961825 -0.017405264 -0.203299016 -15.666523933 0.017808368 0.999841690 0.000153467 -2.305973768 0.203264192 -0.003770663 0.979116559 122.986770630
0.978861213 -0.019658169 -0.203577757 -16.116744995 0.019847700 0.999802649 -0.001110879 -2.349230289 0.203559458 -0.002953156 0.979058027 125.145133972
0.978850424 -0.021100271 -0.203484923 -16.451345444 0.021451226 0.999770045 -0.000481033 -2.401836157 0.203448296 -0.003894143 0.979077876 126.923797607
0.978884757 -0.023640979 -0.203040004 -16.920440674 0.024392880 0.999701977 0.001201130 -2.439785719 0.202951103 -0.006128499 0.979169667 129.109802246
0.978989363 -0.026795126 -0.202141538 -17.353981018 0.027989632 0.999603748 0.003052479 -2.477318287 0.201979667 -0.008646213 0.979351521 131.169860840
0.979178011 -0.030669490 -0.200671539 -17.814819336 0.032140002 0.999475241 0.004073214 -2.516870499 0.200441346 -0.010437987 0.979650080 133.353607178
0.979429007 -0.035100631 -0.198710606 -18.242343903 0.036670171 0.999318659 0.004222767 -2.567330599 0.198427036 -0.011422654 0.980049074 135.405319214
0.979802430 -0.039354000 -0.196055174 -18.682847977 0.040811621 0.999161243 0.003398685 -2.609139919 0.195757002 -0.011331369 0.980586946 137.599151611
0.980269134 -0.042900831 -0.192953557 -19.111652374 0.044094529 0.999025702 0.001894059 -2.644624472 0.192684337 -0.010364882 0.981206000 139.729141235
0.980804384 -0.045537829 -0.189600274 -19.532979965 0.046484720 0.998919010 0.000547467 -2.672468662 0.189370424 -0.009350471 0.981861174 141.933731079
0.981380761 -0.047144327 -0.186194554 -19.962656021 0.047927193 0.998850942 -0.000297251 -2.708749294 0.185994640 -0.008632063 0.982512832 144.096405029
0.981935978 -0.048069447 -0.183003426 -20.368164062 0.048692748 0.998813391 -0.001088835 -2.757817268 0.182838619 -0.007841770 0.983111680 146.155532837
0.982126415 -0.051008169 -0.181176424 -20.780124664 0.051258892 0.998680115 -0.003301442 -2.818018675 0.181105688 -0.006044465 0.983445048 148.392776489
0.982324243 -0.052367583 -0.179710373 -21.169242859 0.052497730 0.998613060 -0.004035252 -2.883526564 0.179672450 -0.005470456 0.983711243 150.331344604
0.982502162 -0.053925220 -0.178271204 -21.585229874 0.054187741 0.998525202 -0.003400054 -2.923161268 0.178191632 -0.006319549 0.983975470 152.506072998
0.982577205 -0.055694208 -0.177311301 -21.955698013 0.056380019 0.998408914 -0.001172450 -2.948837280 0.177094474 -0.008844787 0.984154046 154.649063110
0.982607305 -0.058494523 -0.176239699 -22.355245590 0.059503414 0.998228192 0.000440235 -2.993791342 0.175901681 -0.010919439 0.984347105 156.874221802
0.982573688 -0.061724987 -0.175322890 -22.753597260 0.062939763 0.998016596 0.001371055 -3.043580770 0.174890533 -0.012381941 0.984509885 159.040573120
0.982491791 -0.065021023 -0.174589381 -23.164014816 0.066325143 0.997796893 0.001638742 -3.091207504 0.174098209 -0.013189714 0.984639823 161.225463867
0.982593417 -0.066689059 -0.173384190 -23.585309982 0.068049066 0.997680366 0.001904363 -3.125567198 0.172855020 -0.013669846 0.984852254 163.485000610
0.982780576 -0.067294650 -0.172084302 -23.984155655 0.068547413 0.997647166 0.001340920 -3.162832022 0.171589181 -0.013113765 0.985081136 165.601852417
0.982930839 -0.067992456 -0.170947939 -24.350780487 0.069038980 0.997614145 0.000177347 -3.210067749 0.170528039 -0.011976394 0.985279799 167.747512817
0.983214557 -0.067996070 -0.169306681 -24.717899323 0.068669215 0.997637868 -0.001883331 -3.254547596 0.169034839 -0.009774441 0.985561371 169.848724365
0.983691156 -0.066829279 -0.166986868 -25.086887360 0.067083098 0.997738957 -0.004126704 -3.293166637 0.166885108 -0.007142596 0.985950172 171.903564453
0.984374881 -0.064304128 -0.163920879 -25.469003677 0.064273998 0.997917235 -0.005493286 -3.334983826 0.163932741 -0.005128401 0.986457825 173.997009277
0.984866023 -0.062708333 -0.161572397 -25.812475204 0.062635772 0.998021126 -0.005547819 -3.385291338 0.161600575 -0.004656356 0.986844897 176.028732300
0.985332847 -0.061625756 -0.159124017 -26.160993576 0.061621662 0.998087347 -0.004964756 -3.431228876 0.159125626 -0.004913553 0.987245798 178.111038208
0.985679209 -0.061724365 -0.156925648 -26.526830673 0.061893966 0.998075545 -0.003810469 -3.475754738 0.156858861 -0.005956854 0.987602770 180.284698486
0.985877037 -0.064329296 -0.154620051 -26.874723434 0.064602509 0.997905791 -0.003262414 -3.522416830 0.154506132 -0.006772507 0.987968385 182.475128174
0.985848725 -0.068808608 -0.152862474 -27.212850571 0.069039583 0.997606695 -0.003803019 -3.564738989 0.152758330 -0.006804363 0.988239884 184.668014526
0.985727489 -0.073340155 -0.151531458 -27.542430878 0.073645428 0.997277915 -0.003604561 -3.619936705 0.151383370 -0.007606487 0.988445580 186.834228516
0.985635519 -0.077654779 -0.149971753 -27.880525589 0.078048646 0.996944070 -0.003267015 -3.675276995 0.149767190 -0.008485007 0.988684595 189.054931641
0.985740364 -0.080669343 -0.147674039 -28.205190659 0.081079826 0.996702194 -0.003248113 -3.723931313 0.147449106 -0.008771590 0.989030480 191.206405640
0.986048818 -0.082227126 -0.144725710 -28.540096283 0.082657479 0.996573210 -0.003047436 -3.782606363 0.144480392 -0.008957742 0.989466846 193.356414795
0.986443222 -0.082887903 -0.141627848 -28.844781876 0.083265401 0.996521890 -0.003269222 -3.835936308 0.141406268 -0.008567799 0.989914298 195.480484009
0.986994445 -0.081978939 -0.138277099 -29.164501190 0.082208976 0.996606708 -0.004056764 -3.889251709 0.138140470 -0.007363616 0.990384996 197.656127930
0.987671971 -0.080231734 -0.134410575 -29.477235794 0.080357611 0.996755838 -0.004497329 -3.951817751 0.134335354 -0.006359028 0.990915239 199.780548096
0.988413692 -0.078426428 -0.129949674 -29.782432556 0.078520969 0.996902585 -0.004404150 -4.005035877 0.129892573 -0.005850650 0.991510570 201.926803589
0.988837779 -0.079814546 -0.125812382 -30.072170258 0.079936929 0.996791363 -0.004083999 -4.089674950 0.125734657 -0.006018641 0.992045403 204.032287598
0.989245534 -0.081654295 -0.121347047 -30.365341187 0.081767999 0.996642947 -0.004050968 -4.158555031 0.121270463 -0.005914901 0.992601573 206.187988281
0.989556849 -0.083801374 -0.117276818 -30.637033463 0.083859332 0.996467471 -0.004449259 -4.218857765 0.117235392 -0.005431959 0.993089020 208.432617188
0.989826083 -0.085818239 -0.113484874 -30.909265518 0.085869074 0.996296346 -0.004449689 -4.266529560 0.113446422 -0.005340421 0.993529499 210.640518188
0.990016401 -0.088084713 -0.110035636 -31.137540817 0.088077918 0.996101201 -0.004932372 -4.320299149 0.110041089 -0.004808579 0.993915141 212.808593750
0.990256608 -0.089876063 -0.106363811 -31.356420517 0.089696124 0.995947897 -0.006484547 -4.365879059 0.106515609 -0.003119054 0.994305849 214.907928467
0.990571678 -0.090692393 -0.102673553 -31.605739594 0.090483151 0.995875299 -0.006703649 -4.416002750 0.102858014 -0.002649780 0.994692266 217.089508057
0.990971446 -0.090763383 -0.098674901 -31.848327637 0.090619601 0.995867729 -0.005947778 -4.464747906 0.098806977 -0.003047801 0.995101750 219.283538818
0.991345882 -0.090608142 -0.094987333 -32.065101624 0.090634674 0.995875955 -0.004044393 -4.521683216 0.094962038 -0.004599752 0.995470047 221.424667358
0.991831779 -0.089407392 -0.090967566 -32.286437988 0.089560688 0.995978355 -0.002404282 -4.564496994 0.090816669 -0.005762473 0.995850742 223.537506104
0.992334127 -0.088115387 -0.086647034 -32.480621338 0.088289358 0.996093094 -0.001830483 -4.603663445 0.086469792 -0.005833560 0.996237159 225.658782959
0.992731690 -0.088219918 -0.081854649 -32.685688019 0.088283814 0.996091247 -0.002846152 -4.661700249 0.081785776 -0.004400974 0.996639967 227.795043945
0.993097067 -0.088722236 -0.076718815 -32.883026123 0.088659644 0.996052921 -0.004228773 -4.709585667 0.076791175 -0.002602281 0.997043550 229.932785034
0.993428409 -0.089319959 -0.071562655 -33.050189972 0.089254998 0.996000230 -0.004112141 -4.767147064 0.071643695 -0.002302207 0.997427404 232.095993042
0.993566334 -0.091644086 -0.066533178 -33.186294556 0.091559321 0.995790064 -0.004329432 -4.820796013 0.066649824 -0.001790154 0.997774601 234.260391235
0.993829310 -0.092548557 -0.061134353 -33.325798035 0.092384458 0.995707989 -0.005512278 -4.868456364 0.061382100 -0.000169601 0.998114169 236.435592651
0.994140863 -0.092721328 -0.055552922 -33.463603973 0.092497282 0.995690942 -0.006596963 -4.924352169 0.055925198 0.001419816 0.998433828 238.482543945
0.994512439 -0.091825977 -0.050123006 -33.590759277 0.091609076 0.995772958 -0.006613260 -4.994258881 0.050518379 0.001985247 0.998721004 240.639465332
0.994811594 -0.091436826 -0.044593289 -33.711906433 0.091247626 0.995808363 -0.006265249 -5.057949066 0.044979222 0.002163711 0.998985410 242.741546631
0.995070755 -0.091056146 -0.039271470 -33.812294006 0.090907767 0.995843649 -0.005552269 -5.110371590 0.039613787 0.001954819 0.999212980 244.858139038
0.995247364 -0.091166556 -0.034215081 -33.881237030 0.091016524 0.995831609 -0.005921303 -5.163444519 0.034612257 0.002779024 0.999396741 246.995376587
0.995443046 -0.090912938 -0.028763397 -33.965270996 0.090777077 0.995853007 -0.005998250 -5.220161915 0.029189408 0.003359860 0.999567986 249.131484985
0.995553851 -0.091116145 -0.023868674 -34.016563416 0.091023549 0.995836258 -0.004941065 -5.275327682 0.024219476 0.002746485 0.999702573 251.297409058
0.995596468 -0.091866724 -0.018639917 -34.087764740 0.091806836 0.995768428 -0.004046442 -5.312738419 0.018932743 0.002317352 0.999817789 253.458023071
0.995677829 -0.091891557 -0.013447840 -34.130077362 0.091847114 0.995765328 -0.003888836 -5.365203857 0.013748212 0.002636883 0.999901772 255.571868896
0.995687127 -0.092404462 -0.008234862 -34.169315338 0.092370667 0.995714843 -0.004396040 -5.414084435 0.008605754 0.003616422 0.999956191 257.742401123
0.995719671 -0.092377923 -0.002816222 -34.192108154 0.092363641 0.995713472 -0.004838913 -5.460187912 0.003251123 0.004558086 0.999984086 259.864654541
0.995718777 -0.092393242 0.002625110 -34.215885162 0.092406467 0.995706260 -0.005464965 -5.505764961 -0.002108949 0.005684147 0.999981344 261.994110107
0.995643139 -0.092908263 0.007872827 -34.210594177 0.092951268 0.995656550 -0.005284367 -5.557713509 -0.007347708 0.005993135 0.999954760 264.110839844
0.995470703 -0.094193980 0.012839246 -34.182098389 0.094269246 0.995532036 -0.005387043 -5.612614632 -0.012274493 0.006572991 0.999902785 266.234954834
0.995235324 -0.095879003 0.017695811 -34.151100159 0.095986925 0.995368063 -0.005351416 -5.669577122 -0.017100796 0.007024487 0.999828815 268.322448730
0.995036542 -0.096858181 0.022805516 -34.137210846 0.096996501 0.995271862 -0.005037062 -5.716090202 -0.022209847 0.007224119 0.999726951 270.492370605
0.994859755 -0.097402453 0.027678877 -34.089164734 0.097537413 0.995225370 -0.003565513 -5.769696236 -0.027199471 0.006246915 0.999610186 272.580200195
0.994678199 -0.097737022 0.032590225 -34.043479919 0.097880378 0.995194077 -0.002829219 -5.807972431 -0.032157119 0.006004110 0.999464452 274.672424316
0.994566441 -0.097145446 0.037413929 -33.973793030 0.097302034 0.995251954 -0.002383311 -5.857637405 -0.037004799 0.006010816 0.999296665 276.772766113
0.994413674 -0.096663699 0.042391032 -33.899986267 0.096870959 0.995292783 -0.002858188 -5.895758629 -0.041915245 0.006948684 0.999096632 278.869384766
0.994260967 -0.095844202 0.047522303 -33.814403534 0.096095510 0.995367408 -0.003027187 -5.941102982 -0.047012057 0.007576498 0.998865187 280.926208496
0.994090199 -0.095107749 0.052332126 -33.720390320 0.095387273 0.995436013 -0.002864316 -5.987085819 -0.051820911 0.007839210 0.998625219 282.984954834
0.993821263 -0.095054142 0.057300847 -33.604782104 0.095359184 0.995439470 -0.002606758 -6.025402069 -0.056791786 0.008054817 0.998353124 285.100585938
0.993491232 -0.095231853 0.062493172 -33.497852325 0.095551930 0.995422065 -0.002146639 -6.067681313 -0.062002700 0.008104014 0.998042643 287.211547852
0.993009865 -0.097023025 0.067210704 -33.367660522 0.097292013 0.995255530 -0.000733010 -6.116416454 -0.066820748 0.007266954 0.997738063 289.299835205
0.992296338 -0.100518063 0.072411366 -33.224582672 0.100840233 0.994902313 -0.000798004 -6.149010658 -0.071962066 0.008093840 0.997374117 291.389160156
0.991671324 -0.102746189 0.077656806 -33.069728851 0.103359558 0.994636357 -0.003910285 -6.189227104 -0.076838568 0.011904295 0.996972084 293.494049072
0.991284668 -0.102247193 0.083063930 -32.900020599 0.103176005 0.994638860 -0.006956231 -6.238353252 -0.081907406 0.015465815 0.996519506 295.571838379
0.991013765 -0.099651173 0.089223124 -32.763938904 0.100778431 0.994875073 -0.008208565 -6.284285545 -0.087947920 0.017126573 0.995977402 297.620056152
0.990696132 -0.097245209 0.095204927 -32.590946198 0.098580822 0.995084524 -0.009416431 -6.333712578 -0.093821295 0.018714208 0.995412707 299.653991699
0.990336478 -0.095286921 0.100764506 -32.404022217 0.096762270 0.995258808 -0.009845799 -6.389153004 -0.099348634 0.019500861 0.994861126 301.725708008
0.989900410 -0.093786754 0.106304340 -32.196807861 0.095485531 0.995370030 -0.010993799 -6.443609238 -0.104781128 0.021033298 0.994272411 303.761505127
0.989483893 -0.091857821 0.111728281 -31.986520767 0.093547218 0.995564878 -0.009962350 -6.501975060 -0.110317685 0.020309461 0.993688345 305.808349609
0.988807797 -0.092432685 0.117110088 -31.749074936 0.094117291 0.995520949 -0.008925443 -6.561832905 -0.115760602 0.019847639 0.993078351 307.877380371
0.988050222 -0.093589671 0.122463137 -31.498701096 0.095238686 0.995424747 -0.007668806 -6.619000435 -0.121185176 0.019240402 0.992442966 309.926116943
0.987319410 -0.094491191 0.127559260 -31.246274948 0.096048586 0.995357752 -0.006100019 -6.669631958 -0.126390755 0.018274561 0.991811752 311.961059570
0.986534953 -0.095387839 0.132851169 -30.975666046 0.097032793 0.995263159 -0.005948488 -6.722769260 -0.131654531 0.018759321 0.991117716 313.998413086
0.985763431 -0.095536932 0.138357028 -30.702455521 0.097441338 0.995216131 -0.007041519 -6.769554615 -0.137022480 0.020422976 0.990356922 316.026214600
0.984864175 -0.096485958 0.143987849 -30.422176361 0.098678611 0.995085776 -0.008148374 -6.820074081 -0.142494112 0.022233574 0.989545465 318.070861816
0.983962893 -0.098126560 0.148955300 -30.123424530 0.100386016 0.994918466 -0.007708476 -6.869137287 -0.147442028 0.022537896 0.988813460 320.089874268
0.983119905 -0.098589636 0.154126003 -29.829849243 0.100737594 0.994893670 -0.006170023 -6.915529251 -0.152730718 0.021592166 0.988031566 322.087310791
0.982348561 -0.097892761 0.159398258 -29.532520294 0.100039072 0.994968176 -0.005477389 -6.961276531 -0.158060044 0.021326771 0.987198830 324.091796875
0.981513798 -0.097650707 0.164604008 -29.220817566 0.099767916 0.994999707 -0.004624289 -7.002841949 -0.163329437 0.020961015 0.986348510 326.106018066
0.980716884 -0.097182162 0.169556692 -28.876194000 0.099230334 0.995057583 -0.003627290 -7.050668716 -0.168366224 0.020382524 0.985513389 328.152648926
0.979782343 -0.097978398 0.174431011 -28.522745132 0.100065812 0.994975388 -0.003191125 -7.097918034 -0.173241958 0.020581199 0.984663844 330.202575684
0.978946209 -0.097819470 0.179151073 -28.174350739 0.099958159 0.994986951 -0.002928099 -7.144820213 -0.177966624 0.020774074 0.983816862 332.200073242
0.978077292 -0.097370103 0.184074402 -27.816297531 0.099664778 0.995015502 -0.003232950 -7.185690880 -0.182842150 0.021507818 0.982906640 334.221343994
0.977220953 -0.096674949 0.188924953 -27.429370880 0.099277109 0.995050013 -0.004336413 -7.230836868 -0.187570617 0.022993565 0.981981575 336.266265869
0.976344109 -0.096043751 0.193719774 -27.042766571 0.098777048 0.995099127 -0.004477143 -7.278730869 -0.192340448 0.023506306 0.981046379 338.301025391
0.975399196 -0.096105859 0.198392868 -26.647249222 0.098745264 0.995106459 -0.003429885 -7.333292961 -0.197092474 0.022935871 0.980116248 340.305358887
0.974438310 -0.096229501 0.203001410 -26.228515625 0.098686352 0.995116234 -0.001991082 -7.373770237 -0.201818466 0.021973662 0.979176104 342.383453369
0.973411679 -0.096671194 0.207663417 -25.808048248 0.098928116 0.995094121 -0.000485551 -7.412667274 -0.206597775 0.021016402 0.978199899 344.411376953
0.972385526 -0.095819600 0.212801978 -25.384658813 0.097989209 0.995187104 0.000353108 -7.450441837 -0.211811692 0.020508954 0.977094948 346.437530518
0.971272647 -0.094697818 0.218315274 -24.943935394 0.096848935 0.995298386 0.000851408 -7.486116409 -0.217369556 0.020316666 0.975877583 348.430206299
0.969934165 -0.094178237 0.224405795 -24.477785110 0.096822329 0.995301008 -0.000782390 -7.526724339 -0.223277733 0.022486374 0.974495113 350.501312256
0.968549132 -0.092896819 0.230829895 -24.030858994 0.096362866 0.995338857 -0.003761852 -7.569272518 -0.229404598 0.025886985 0.972986460 352.429351807
0.966983974 -0.093061678 0.237236619 -23.584846497 0.097227819 0.995244384 -0.005895460 -7.615835190 -0.235559866 0.028766831 0.971433580 354.428192139
0.965424478 -0.092441939 0.243741199 -23.110771179 0.097172014 0.995239556 -0.007427359 -7.666440010 -0.241894409 0.030855395 0.969811380 356.413696289
0.963737905 -0.093442716 0.249954730 -22.593397141 0.098630637 0.995089293 -0.008282416 -7.721072197 -0.247953460 0.032635290 0.968221664 358.456146240
0.962124050 -0.094170533 0.255829632 -22.073682785 0.099870741 0.994956136 -0.009351897 -7.774450779 -0.253658712 0.034547601 0.966676235 360.458435059
0.960420012 -0.094400562 0.262071609 -21.548688889 0.100000367 0.994954288 -0.008082154 -7.827269554 -0.259986430 0.033969540 0.965014160 362.488128662
0.958659530 -0.094853170 0.268280178 -21.023363113 0.099656969 0.995012224 -0.004312822 -7.881849289 -0.266533077 0.030870534 0.963330865 364.469848633
0.956809103 -0.096762776 0.274140120 -20.484649658 0.100828640 0.994903207 -0.000744725 -7.921591282 -0.272670925 0.028353751 0.961689055 366.436798096
0.955127537 -0.096940890 0.279880881 -19.943868637 0.100915104 0.994894683 0.000211491 -7.960248470 -0.278472602 0.028042220 0.960034311 368.393615723
0.953531206 -0.097258307 0.285163909 -19.359922409 0.101395629 0.994845808 0.000256445 -8.011198044 -0.283719152 0.028669855 0.958478332 370.374877930
0.951764584 -0.098446704 0.290605962 -18.788463593 0.102443531 0.994737327 0.001467670 -8.053268433 -0.289221227 0.028373830 0.956841290 372.335296631
0.950131357 -0.100139990 0.295333296 -18.186491013 0.104051396 0.994568408 0.002483953 -8.091156960 -0.293978035 0.028369766 0.955390632 374.305114746
0.948842227 -0.102465190 0.298661649 -17.573518753 0.106375471 0.994320571 0.003179973 -8.127337456 -0.297291368 0.028752984 0.954353333 376.252227783
0.947875261 -0.104186282 0.301126510 -16.961439133 0.108302765 0.994112909 0.003040066 -8.160444260 -0.299670607 0.029731235 0.953578949 378.217468262
0.946990609 -0.105956614 0.303284377 -16.384256363 0.110111006 0.993912995 0.003421201 -8.191651344 -0.301800907 0.030155104 0.952893555 380.119659424
0.946087301 -0.106413290 0.305931985 -15.753605843 0.110956945 0.993821502 0.002552459 -8.227261543 -0.304313511 0.031530429 0.952049553 382.088226318
0.944886506 -0.104626194 0.310229391 -15.141868591 0.109207369 0.994015098 0.002615706 -8.262032509 -0.308646470 0.031407788 0.950657725 384.009094238
0.943175137 -0.102421634 0.316116810 -14.512175560 0.106968544 0.994257450 0.002984391 -8.289596558 -0.314607263 0.030999748 0.948715150 385.993133545
0.941370904 -0.101503119 0.321741045 -13.878162384 0.105721414 0.994385660 0.004383015 -8.323422432 -0.320379704 0.029888872 0.946817100 387.933776855
0.939573228 -0.101664022 0.326903582 -13.216391563 0.105437249 0.994406164 0.006207700 -8.354449272 -0.325706154 0.028635226 0.945036888 389.876220703
0.937789857 -0.100842401 0.332235336 -12.545960426 0.104625277 0.994489849 0.006532216 -8.380011559 -0.331063479 0.028634368 0.943173528 391.824432373
0.935965836 -0.099474281 0.337745667 -11.873685837 0.103466965 0.994613111 0.006208503 -8.399503708 -0.336543947 0.029134572 0.941216528 393.768615723
0.934017956 -0.100095101 0.342915088 -11.190326691 0.104889549 0.994472861 0.004587614 -8.406638145 -0.341479063 0.031683292 0.939354777 395.715698242
0.931998551 -0.100475423 0.348256648 -10.483398438 0.105876155 0.994372547 0.003542217 -8.439263344 -0.346652895 0.033570733 0.937392116 397.651123047
0.930088043 -0.100406975 0.353346854 -9.785976410 0.105922908 0.994366825 0.003746358 -8.472825050 -0.351732701 0.033943079 0.935484529 399.518798828
0.928115547 -0.100237198 0.358543366 -9.076139450 0.105792940 0.994379103 0.004143765 -8.505181313 -0.356943488 0.034085460 0.933503509 401.398651123
0.926072657 -0.100071751 0.363832831 -8.349386215 0.105713867 0.994386256 0.004428595 -8.539328575 -0.362233639 0.034360971 0.931453347 403.291229248
0.923879921 -0.100788884 0.369170368 -7.622109890 0.106408514 0.994308591 0.005164504 -8.564254761 -0.367589891 0.034511480 0.929346979 405.165740967
0.921601355 -0.101299353 0.374684691 -6.889096260 0.107272819 0.994216859 0.004939530 -8.590420723 -0.373018324 0.035641197 0.927138746 407.040954590
0.919290662 -0.101953559 0.380144000 -6.106964588 0.108754948 0.994061530 0.003605826 -8.618131638 -0.378254235 0.038027726 0.924919903 408.956085205
0.917020559 -0.102444261 0.385457814 -5.331365108 0.109720744 0.993956983 0.003136610 -8.648331642 -0.383449912 0.039416373 0.922719777 410.830078125
0.914699137 -0.102923065 0.390808970 -4.568940639 0.110330552 0.993888199 0.003517786 -8.680055618 -0.388782591 0.039900444 0.920464754 412.656127930
0.912276626 -0.104533367 0.396009326 -3.758563519 0.111616537 0.993737280 0.005185658 -8.714611053 -0.394071400 0.039470423 0.918231487 414.560699463
0.909981787 -0.105723344 0.400942534 -2.980003119 0.112120293 0.993665397 0.007547792 -8.750247955 -0.399200827 0.038085427 0.916071773 416.369659424
0.907628477 -0.105827570 0.406214535 -2.165973902 0.112235792 0.993648052 0.008091765 -8.776432037 -0.404490769 0.038247477 0.913741589 418.218505859
0.905398369 -0.104986586 0.411376595 -1.339907885 0.111477442 0.993732035 0.008257817 -8.803503036 -0.409665257 0.038382582 0.911427677 420.074066162
0.903170407 -0.103902183 0.416517377 -0.493554711 0.110474192 0.993843138 0.008368170 -8.823657036 -0.414822608 0.038456518 0.909088850 421.937042236
0.901041090 -0.102069378 0.421551824 0.338357210 0.108706102 0.994038403 0.008331719 -8.850114822 -0.419889301 0.038318012 0.906765640 423.768157959
0.899262190 -0.100792989 0.425637603 1.179636240 0.107536137 0.994166493 0.008227310 -8.869950294 -0.423984110 0.038372893 0.904855907 425.589111328
0.897752225 -0.098997690 0.429231346 2.021877766 0.105443239 0.994385660 0.008806461 -8.892245293 -0.427693546 0.037353504 0.903151214 427.408264160
0.896291196 -0.098687217 0.432344854 2.896118164 0.105282538 0.994403422 0.008722506 -8.915659904 -0.430786252 0.037700437 0.901665747 429.235290527
0.894584954 -0.099433862 0.435694635 3.754434586 0.105337590 0.994378746 0.010653185 -8.935870171 -0.434305072 0.036364824 0.900031090 431.033691406
0.892699599 -0.101985663 0.438959479 4.645403862 0.107154392 0.994155884 0.013060440 -8.954363823 -0.437726408 0.035377361 0.898411512 432.865295410
0.891024470 -0.102358885 0.442263603 5.530054092 0.107891001 0.994080782 0.012706242 -8.964123726 -0.440946639 0.036394667 0.896794677 434.665740967
0.889223635 -0.101349205 0.446103930 6.408945084 0.107740067 0.994116485 0.011091412 -8.978216171 -0.444603682 0.038200501 0.894912004 436.481140137
0.887414336 -0.101232231 0.449718714 7.315072060 0.108003296 0.994092703 0.010652389 -8.998397827 -0.448140800 0.039117999 0.893106282 438.302246094
0.885572076 -0.100502014 0.453498095 8.211813927 0.107145101 0.994180679 0.011097032 -9.017913818 -0.451974660 0.038762853 0.891187727 440.110534668
0.883721232 -0.100595817 0.457073718 9.144743919 0.107245117 0.994165897 0.011451487 -9.031934738 -0.455559373 0.038898978 0.889354706 441.933868408
0.881690145 -0.100590736 0.460980505 10.071322441 0.107762642 0.994117022 0.010815468 -9.052945137 -0.459356815 0.040140565 0.887344003 443.741668701
0.879633307 -0.100058220 0.465008259 10.999633789 0.108226858 0.994083047 0.009174576 -9.074454308 -0.463175118 0.042256102 0.885258496 445.519500732
0.877462029 -0.099556684 0.469199181 11.927279472 0.108140729 0.994096696 0.008694821 -9.101305008 -0.467295289 0.043110155 0.883049250 447.301696777
0.875224173 -0.100001171 0.473266691 12.858045578 0.108539283 0.994047642 0.009317681 -9.118210793 -0.471381724 0.043212954 0.880869567 449.077789307
0.872969091 -0.100430191 0.477323532 13.814293861 0.108949706 0.993997276 0.009883543 -9.136054993 -0.475451171 0.043376215 0.878671765 450.870941162
0.870869517 -0.099927135 0.481248319 14.756429672 0.107597753 0.994124711 0.011712187 -9.161563873 -0.479591489 0.041581433 0.876505792 452.632720947
0.868676960 -0.098968416 0.485391408 15.707204819 0.106511660 0.994237006 0.012101349 -9.188572884 -0.483792037 0.041187663 0.874212921 454.387878418
0.866666436 -0.096720211 0.489421874 16.702171326 0.104837552 0.994429052 0.010874600 -9.211031914 -0.487747401 0.041885123 0.871979058 456.187286377
0.864614129 -0.094698712 0.493430674 17.706155777 0.103503913 0.994582713 0.009514644 -9.229206085 -0.491658896 0.042845495 0.869732797 457.961303711
0.862410784 -0.092516243 0.497682244 18.700820923 0.101152569 0.994823337 0.009649341 -9.251139641 -0.495998830 0.042020123 0.867305458 459.736846924
0.860169351 -0.091547698 0.501723945 19.699625015 0.099719144 0.994958520 0.010585218 -9.268821716 -0.500163734 0.040926382 0.864962757 461.495941162
0.857651472 -0.091944858 0.505944014 20.719732285 0.099533536 0.994959950 0.012089135 -9.288373947 -0.504505754 0.039990108 0.862481356 463.260742188
0.854874730 -0.094634809 0.510129988 21.750577927 0.101336613 0.994742453 0.014716272 -9.300499916 -0.508840859 0.039114252 0.859971106 465.015625000
0.851758182 -0.098583527 0.514576018 22.801809311 0.104743868 0.994350970 0.017121347 -9.303064346 -0.513357222 0.039315410 0.857273579 466.783752441
0.848671794 -0.101084307 0.519169807 23.846424103 0.107797824 0.994020939 0.017325746 -9.307345390 -0.517817199 0.041261479 0.854495287 468.515258789
0.845477939 -0.101967819 0.524183929 24.889734268 0.109790511 0.993821144 0.016239289 -9.309298515 -0.522601128 0.043820437 0.851450086 470.227691650
0.842341721 -0.101780094 0.529245079 25.967741013 0.110905685 0.993722916 0.014588277 -9.310983658 -0.527407944 0.046407949 0.848343432 471.969299316
0.839163482 -0.100345068 0.534541428 27.063760757 0.110772587 0.993764281 0.012652074 -9.323403358 -0.532477856 0.048595358 0.845047414 473.717864990
0.835886419 -0.098372303 0.540014625 28.156272888 0.109554306 0.993913531 0.011478652 -9.337981224 -0.537857175 0.049566060 0.841577113 475.449157715
0.832667172 -0.097117081 0.545190573 29.249986649 0.107908502 0.994084060 0.012272260 -9.348187447 -0.543157220 0.048611965 0.838222086 477.167480469
0.829371572 -0.095710643 0.550437391 30.317005157 0.104968838 0.994365275 0.014739566 -9.359971046 -0.548746705 0.045554172 0.834746122 478.846282959
0.826026320 -0.095399745 0.555498362 31.430034637 0.102641799 0.994551420 0.018173156 -9.367044449 -0.554205596 0.042005815 0.831318796 480.549499512
0.822576284 -0.096218243 0.560454428 32.561176300 0.101683408 0.994583309 0.021508833 -9.362989426 -0.559488356 0.039296232 0.827905655 482.245361328
0.819134414 -0.096263073 0.565465391 33.699131012 0.100604624 0.994645834 0.023589376 -9.354924202 -0.564708769 0.037565533 0.824434400 483.942138672
0.815617442 -0.096600652 0.570469439 34.864902496 0.101378180 0.994570017 0.023472475 -9.347070694 -0.569639444 0.038688567 0.820983112 485.639892578
0.812315226 -0.095507719 0.575344324 36.029247284 0.101613745 0.994587600 0.021636492 -9.342791557 -0.574297011 0.040887211 0.817624867 487.309692383
0.809321105 -0.093771800 0.579831779 37.196144104 0.101904251 0.994619012 0.018615715 -9.334717751 -0.578457594 0.044021208 0.814523280 488.964782715
0.806530654 -0.093562976 0.583740473 38.388278961 0.103366099 0.994504094 0.016584191 -9.330695152 -0.582084239 0.046963297 0.811770737 490.639709473
0.804287851 -0.093247116 0.586877048 39.557830811 0.103520200 0.994495392 0.016142739 -9.332705498 -0.585152030 0.047770198 0.809514940 492.285156250
0.802289665 -0.093521222 0.589562356 40.759361267 0.103674859 0.994470596 0.016668072 -9.339088440 -0.587861478 0.047750153 0.807550669 493.941925049
0.800249517 -0.093647994 0.592308521 41.936420441 0.103108816 0.994507432 0.017931309 -9.339252472 -0.590734720 0.046722692 0.805511475 495.559570312
0.797769904 -0.094022460 0.595585108 43.146411896 0.102558851 0.994532287 0.019627800 -9.339165688 -0.594174385 0.045424040 0.803052127 497.230255127
0.794856608 -0.094995640 0.599314153 44.365058899 0.103660814 0.994407833 0.020137934 -9.315707207 -0.597876072 0.046118610 0.800260305 498.861755371
0.791628242 -0.094554305 0.603641331 45.588993073 0.103631899 0.994416416 0.019860201 -9.311141014 -0.602149010 0.046834584 0.797008395 500.499725342
0.788238108 -0.094207615 0.608115315 46.842575073 0.104887784 0.994318664 0.018081868 -9.305372238 -0.606364071 0.049531031 0.793642640 502.167266846
0.785000205 -0.094764598 0.612203240 48.120624542 0.106789902 0.994136035 0.016953217 -9.306561470 -0.610220194 0.052068833 0.790518522 503.826232910
0.781565487 -0.094536737 0.616617084 49.405120850 0.108397551 0.993993342 0.014999771 -9.312915802 -0.614331722 0.055116467 0.787120163 505.485076904
0.778503895 -0.092882395 0.620727777 50.656391144 0.107347973 0.994120121 0.014121258 -9.330904961 -0.618389964 0.055640403 0.783898890 507.056640625
0.775275350 -0.091922678 0.624897420 51.926834106 0.105937131 0.994261205 0.014825970 -9.341161728 -0.622674465 0.054705624 0.780566037 508.667602539
0.771968961 -0.091528744 0.629034877 53.236244202 0.103862531 0.994441211 0.017234845 -9.339739799 -0.627116084 0.052028377 0.777185917 510.320465088
0.768564582 -0.091700785 0.633164942 54.543441772 0.101874396 0.994587243 0.020385502 -9.342338562 -0.631607533 0.048835695 0.773748338 511.935821533
0.765170753 -0.092660770 0.637123346 55.834682465 0.101058133 0.994606853 0.023283279 -9.335970879 -0.635845125 0.046570778 0.770410061 513.521606445
0.761654675 -0.094243400 0.641091764 57.173217773 0.101792015 0.994483769 0.025258742 -9.316001892 -0.639936328 0.046019547 0.767048359 515.154418945
0.758051634 -0.094566740 0.645300806 58.491447449 0.103540100 0.994332373 0.024084939 -9.297935486 -0.643921614 0.048556853 0.763548672 516.737731934
0.754712939 -0.094969988 0.649143577 59.834480286 0.106821068 0.994050145 0.021236734 -9.275642395 -0.647298694 0.053314559 0.760369182 518.326416016
0.751335979 -0.094594382 0.653103709 61.177661896 0.108645268 0.993898332 0.018968048 -9.263105392 -0.650913537 0.056705240 0.757030666 519.907043457
0.747909904 -0.093498796 0.657181203 62.533573151 0.108574778 0.993926883 0.017844120 -9.254158020 -0.654859006 0.058007494 0.753521144 521.487731934
0.744522750 -0.092840753 0.661108851 63.900566101 0.107301533 0.994048357 0.018756039 -9.245864868 -0.658915997 0.056973673 0.750055313 523.065246582
0.741107762 -0.091634274 0.665102184 65.276306152 0.104784369 0.994287968 0.020229019 -9.242439270 -0.663157284 0.054700404 0.746478140 524.639587402
0.737716436 -0.090905055 0.668961346 66.632316589 0.102634415 0.994475543 0.021956099 -9.228177071 -0.667262137 0.052461047 0.742972672 526.164062500
0.734398305 -0.092185907 0.672428071 68.030738831 0.101571158 0.994502425 0.025408598 -9.213922501 -0.671074212 0.049639225 0.739726067 527.730407715
0.730838656 -0.094396092 0.675990283 69.438850403 0.101248264 0.994425476 0.029399462 -9.198847771 -0.674997687 0.046956539 0.736323714 529.294311523
0.727395475 -0.095069833 0.679600000 70.833358765 0.101616554 0.994359732 0.030338742 -9.173517227 -0.678651631 0.046990301 0.732955158 530.818298340
0.723937511 -0.094544485 0.683355272 72.265975952 0.103343926 0.994248211 0.028076388 -9.153247833 -0.682079673 0.050295021 0.729545832 532.375427246
