1.000000000 0.000000000 0.000000000 0.000000000 0.000000000 1.000000000 0.000000000 0.000000000 0.000000000 0.000000000 1.000000000 0.000000000
0.999999404 -0.000255680 0.001072404 0.000681181 0.000255706 0.999999940 -0.000024149 -0.006617188 -0.001072397 0.000024423 0.999999404 0.435653508
0.999996841 0.001583966 0.001936146 -0.004082344 -0.001579630 0.999996245 -0.002238781 -0.012432542 -0.001939685 0.002235715 0.999995649 0.865886569
0.999993920 0.003073354 0.001646652 -0.011380349 -0.003066055 0.999985576 -0.004416645 -0.016792495 -0.001660202 0.004411569 0.999988973 1.293436766
0.999998033 0.001892759 -0.000563044 -0.012448942 -0.001895568 0.999985576 -0.005032358 -0.024972279 0.000553511 0.005033416 0.999987245 1.722839952
0.999992788 -0.000812812 -0.003710284 -0.014396599 0.000792742 0.999985099 -0.005407595 -0.033422887 0.003714624 0.005404614 0.999978602 2.148566961
0.999963343 -0.003974687 -0.007581566 -0.016918169 0.003942213 0.999983013 -0.004293567 -0.040574826 0.007598503 0.004263520 0.999962151 2.565615892
0.999908447 -0.005738262 -0.012254801 -0.021224482 0.005694667 0.999977350 -0.003589322 -0.046714932 0.012275120 0.003519204 0.999918580 2.985844851
0.999861360 -0.003834062 -0.016205300 -0.036162958 0.003781792 0.999987602 -0.003254946 -0.053362932 0.016217580 0.003193208 0.999863505 3.399835110
0.999787092 -0.003066471 -0.020407107 -0.050489224 0.003004302 0.999990821 -0.003076425 -0.063157789 0.020416357 0.003014458 0.999787152 3.812677145
0.999689937 -0.002460512 -0.024780190 -0.064260863 0.002371902 0.999990761 -0.003604636 -0.070600830 0.024788832 0.003544740 0.999686539 4.220026970
0.999582708 -0.002194524 -0.028804585 -0.078607574 0.002106695 0.999993086 -0.003079130 -0.079297766 0.028811146 0.003017160 0.999580443 4.626149654
0.999445200 -0.002773407 -0.033192653 -0.095037684 0.002665475 0.999991059 -0.003295542 -0.084837653 0.033201501 0.003205237 0.999443650 5.021368027
0.999272406 -0.002930266 -0.038029119 -0.113524660 0.002753221 0.999985158 -0.004707069 -0.089498848 0.038042348 0.004598939 0.999265671 5.413290024
0.999086320 -0.003431145 -0.042600747 -0.131853238 0.003217511 0.999981940 -0.005082365 -0.095058784 0.042617418 0.004940651 0.999079347 5.792134762
0.998930275 -0.002547226 -0.046172027 -0.156499892 0.002342009 0.999987185 -0.004498201 -0.102793045 0.046182893 0.004385253 0.998923481 6.162296772
0.998769343 -0.001075851 -0.049585454 -0.183051378 0.000886776 0.999992311 -0.003834969 -0.109871134 0.049589198 0.003786277 0.998762608 6.518006325
0.998608053 -0.000231609 -0.052744586 -0.206010535 0.000074974 0.999995649 -0.002971670 -0.118729636 0.052745041 0.002963578 0.998603702 6.865830421
0.998483598 0.000262285 -0.055049844 -0.228616193 -0.000413890 0.999996245 -0.002742587 -0.126403287 0.055048913 0.002761211 0.998479962 7.197129250
0.998376966 0.001418833 -0.056933288 -0.252525300 -0.001601253 0.999993861 -0.003158639 -0.133017421 0.056928445 0.003244675 0.998373151 7.514729500
0.998287678 0.001716410 -0.058469824 -0.276037574 -0.001939042 0.999991179 -0.003751119 -0.139599249 0.058462858 0.003858070 0.998282254 7.815370560
0.998195291 0.001195592 -0.060038880 -0.299917787 -0.001464273 0.999989212 -0.004431337 -0.147250593 0.060032919 0.004511252 0.998186290 8.103824615
0.998099148 0.001448686 -0.061610930 -0.321522295 -0.001782173 0.999984145 -0.005358184 -0.152950913 0.061602175 0.005457799 0.998085916 8.378452301
0.998011649 0.002283846 -0.062987417 -0.343486071 -0.002716351 0.999973416 -0.006781750 -0.158989608 0.062970236 0.006939360 0.997991323 8.644912720
0.997949600 0.002894454 -0.063938089 -0.365533501 -0.003410057 0.999962628 -0.007956452 -0.165622279 0.063912652 0.008158169 0.997922182 8.906977654
0.997905970 0.002386487 -0.064636312 -0.384570003 -0.002970174 0.999955773 -0.008935756 -0.172111824 0.064612113 0.009109024 0.997868896 9.163317680
0.997873962 0.001492519 -0.065154500 -0.403080851 -0.002141417 0.999948919 -0.009890698 -0.179215938 0.065136395 0.010009193 0.997826159 9.416908264
0.997828245 0.000332927 -0.065867357 -0.421313107 -0.001067496 0.999937773 -0.011117388 -0.186203718 0.065859541 0.011163557 0.997766435 9.664174080
0.997776330 0.000586944 -0.066647574 -0.441547036 -0.001439766 0.999917865 -0.012748699 -0.193237871 0.066634595 0.012816306 0.997695148 9.908607483
0.997718930 0.002197972 -0.067468174 -0.464480072 -0.003087401 0.999909818 -0.013081505 -0.199321076 0.067433320 0.013259967 0.997635663 10.151041985
0.997648001 0.004338778 -0.068406381 -0.488644749 -0.005114038 0.999924779 -0.011162108 -0.204105437 0.068352789 0.011485687 0.997595131 10.397105217
0.997629762 0.003662571 -0.068710983 -0.506830037 -0.004208619 0.999960899 -0.007803947 -0.206802338 0.068679690 0.008074629 0.997606158 10.645203590
0.997618258 0.002416951 -0.068932526 -0.521959662 -0.002817924 0.999979854 -0.005720248 -0.213234797 0.068917282 0.005900871 0.997604966 10.890009880
0.997615278 0.000764540 -0.069013759 -0.536892235 -0.001275052 0.999972343 -0.007353512 -0.223435968 0.069006190 0.007423973 0.997588694 11.122913361
0.997604907 0.000641285 -0.069164887 -0.554872513 -0.001339994 0.999948800 -0.010056181 -0.232031882 0.069154851 0.010124777 0.997554660 11.361385345
0.997618556 0.001753758 -0.068947636 -0.575860500 -0.002542441 0.999932587 -0.011352785 -0.240480259 0.068923034 0.011501045 0.997555792 11.601557732
0.997628331 0.002953707 -0.068765178 -0.596173584 -0.003782827 0.999921918 -0.011930174 -0.248682320 0.068724535 0.012162006 0.997561634 11.838282585
0.997651279 0.002774208 -0.068439148 -0.613364100 -0.003626114 0.999917686 -0.012326550 -0.256143957 0.068399273 0.012545765 0.997579277 12.071640015
0.997680068 0.001120557 -0.068064921 -0.628622353 -0.001941783 0.999926329 -0.012000373 -0.262630463 0.068046413 0.012104699 0.997608840 12.306694984
0.997717500 0.000456066 -0.067521580 -0.641981483 -0.001192231 0.999940455 -0.010862780 -0.267813265 0.067512557 0.010918486 0.997658789 12.543256760
0.997783601 0.002826464 -0.066478454 -0.661056757 -0.003772293 0.999893546 -0.014106376 -0.273201227 0.066431455 0.014325887 0.997688234 12.781205177
0.997823775 0.006163726 -0.065644100 -0.684106767 -0.007621109 0.999729633 -0.021974050 -0.278408349 0.065490864 0.022426514 0.997601211 13.027982712
0.997887969 0.005944768 -0.064681798 -0.701933563 -0.007858946 0.999537587 -0.029379690 -0.280822605 0.064477183 0.029825974 0.997473419 13.297680855
0.997990429 0.003172878 -0.063280866 -0.717495024 -0.005220952 0.999467134 -0.032225795 -0.286752611 0.063144848 0.032491427 0.997475386 13.579885483
0.998086154 0.000641571 -0.061830662 -0.733143270 -0.002437914 0.999577105 -0.028981596 -0.299876034 0.061785869 0.029076871 0.997665823 13.891866684
0.998202145 0.000448195 -0.059931494 -0.750106394 -0.002042852 0.999645531 -0.026549418 -0.313501179 0.059898298 0.026624117 0.997849405 14.219850540
0.998329818 0.002444158 -0.057715781 -0.772451401 -0.003870908 0.999689460 -0.024621451 -0.326153249 0.057637628 0.024803743 0.998029411 14.560690880
0.998422503 0.003159832 -0.056053448 -0.790692329 -0.004494872 0.999708951 -0.023707228 -0.340994358 0.055962171 0.023921784 0.998146296 14.905215263
0.998529911 0.002253649 -0.054151446 -0.807144642 -0.003642378 0.999666810 -0.025560301 -0.348068625 0.054075748 0.025719967 0.998205543 15.275485992
0.998650908 0.000962370 -0.051911876 -0.822216034 -0.002361342 0.999635696 -0.026894409 -0.359230608 0.051867027 0.026980713 0.998289466 15.650683403
0.998731673 0.000991296 -0.050334495 -0.838265061 -0.002345855 0.999636710 -0.026859257 -0.371742696 0.050289527 0.026943272 0.998371184 16.043638229
0.998795688 0.000894348 -0.049050651 -0.853918612 -0.002153805 0.999669373 -0.025629843 -0.382596105 0.049011461 0.025704626 0.998467386 16.450212479
0.998858273 0.001693180 -0.047736760 -0.873338580 -0.002835448 0.999711215 -0.023870949 -0.392150134 0.047682509 0.023979055 0.998574615 16.853719711
0.998900175 0.001139527 -0.046867654 -0.892923295 -0.002199976 0.999742746 -0.022581127 -0.404717475 0.046829812 0.022659404 0.998645782 17.276384354
0.998893321 0.002057489 -0.046981882 -0.914226890 -0.003100088 0.999750495 -0.022129450 -0.417011350 0.046924572 0.022250613 0.998650491 17.698677063
0.998843908 0.002491937 -0.048000898 -0.937428415 -0.003536678 0.999758601 -0.021692412 -0.430621088 0.047935199 0.021837102 0.998611629 18.134172440
0.998782277 0.003374309 -0.049213711 -0.964242280 -0.004355829 0.999793649 -0.019850437 -0.443767428 0.049136516 0.020040635 0.998590887 18.576066971
0.998730302 0.003925668 -0.050218448 -0.989457130 -0.004840297 0.999824584 -0.018104387 -0.459235251 0.050138507 0.018324478 0.998574018 19.035169601
0.998672426 0.005350794 -0.051226906 -1.016430497 -0.006250341 0.999828994 -0.017415984 -0.475506335 0.051124897 0.017713055 0.998534977 19.496776581
0.998599172 0.008729839 -0.052182429 -1.048943520 -0.009713012 0.999779701 -0.018617237 -0.487473130 0.052008346 0.019098014 0.998463809 19.965740204
0.998549879 0.010986002 -0.052697666 -1.081418633 -0.011984567 0.999754012 -0.018670486 -0.498827785 0.052479532 0.019274976 0.998435795 20.437974930
0.998503208 0.011742623 -0.053413711 -1.107976079 -0.012580215 0.999802828 -0.015372070 -0.508636594 0.053222612 0.016021023 0.998453915 20.922748566
0.998493433 0.009884589 -0.053969495 -1.132846594 -0.010477659 0.999887764 -0.010717055 -0.518220484 0.053857449 0.011266388 0.998484850 21.408021927
0.998453796 0.009451804 -0.054773349 -1.160058141 -0.009829042 0.999929845 -0.006621920 -0.532067657 0.054706860 0.007150056 0.998476624 21.891378403
0.998417437 0.011472831 -0.055049490 -1.193817973 -0.011755249 0.999919415 -0.004809116 -0.544563651 0.054989822 0.005448630 0.998471797 22.375797272
0.998322606 0.016120268 -0.055601127 -1.231324792 -0.016338995 0.999860466 -0.003481417 -0.559168816 0.055537194 0.004384049 0.998446763 22.860664368
0.998249948 0.017397089 -0.056513261 -1.265330672 -0.017650818 0.999836206 -0.003993572 -0.568086922 0.056434475 0.004984093 0.998393655 23.350688934
0.998203814 0.016553452 -0.057570312 -1.296571732 -0.016909907 0.999840677 -0.005709867 -0.574989736 0.057466567 0.006673124 0.998324931 23.841440201
0.998204827 0.013405592 -0.058365762 -1.326935410 -0.013891822 0.999871969 -0.007932858 -0.580870390 0.058251891 0.008729428 0.998263538 24.338861465
0.998190224 0.012714564 -0.058768842 -1.359145761 -0.013246327 0.999874651 -0.008667567 -0.588196933 0.058651216 0.009430357 0.998233795 24.841386795
0.998175859 0.014860751 -0.058509510 -1.395160675 -0.015369776 0.999847770 -0.008259309 -0.600474834 0.058377806 0.009143526 0.998252511 25.341831207
0.998179436 0.016977880 -0.057868186 -1.429422855 -0.017442245 0.999819517 -0.007528711 -0.610884964 0.057729863 0.008524360 0.998295665 25.851728439
0.998201728 0.018260166 -0.057087205 -1.461899519 -0.018710064 0.999797881 -0.007356188 -0.622631967 0.056941282 0.008411068 0.998341918 26.354362488
0.998282671 0.017540896 -0.055885047 -1.493977070 -0.017984448 0.999810576 -0.007443726 -0.632207334 0.055743832 0.008436007 0.998409271 26.868577957
0.998360395 0.016560748 -0.054784842 -1.522093654 -0.017016308 0.999824345 -0.007859313 -0.641309142 0.054645002 0.008778666 0.998467028 27.385810852
0.998429596 0.015467437 -0.053835068 -1.548346996 -0.015925193 0.999840498 -0.008084248 -0.650178611 0.053701382 0.008928889 0.998516917 27.912277222
0.998500288 0.014430433 -0.052801576 -1.575828433 -0.014886186 0.999855161 -0.008248249 -0.661579847 0.052674849 0.009021897 0.998570800 28.440727234
0.998570979 0.013449103 -0.051712375 -1.602550507 -0.013913646 0.999865949 -0.008633640 -0.672864676 0.051589273 0.009340814 0.998624563 28.971324921
0.998622298 0.013900953 -0.050590102 -1.633050203 -0.014369752 0.999857068 -0.008914630 -0.682988346 0.050458893 0.009629320 0.998679578 29.504352570
0.998669744 0.013867739 -0.049655475 -1.662715435 -0.014349899 0.999853194 -0.009366711 -0.694147229 0.049518235 0.010066805 0.998722374 30.042163849
0.998708189 0.013576087 -0.048957143 -1.690250874 -0.014074808 0.999852419 -0.009856453 -0.704650640 0.048816051 0.010532787 0.998752117 30.586406708
0.998740733 0.013181509 -0.048398156 -1.718761325 -0.013687911 0.999854863 -0.010146656 -0.714648008 0.048257325 0.010796352 0.998776495 31.135715485
0.998759627 0.012924631 -0.048076414 -1.746536136 -0.013448250 0.999853551 -0.010583807 -0.725768864 0.047932524 0.011217226 0.998787522 31.686466217
0.998793185 0.012441359 -0.047503628 -1.775899887 -0.012987290 0.999852955 -0.011200986 -0.738369703 0.047357231 0.011804415 0.998808205 32.244895935
0.998812258 0.011997793 -0.047216088 -1.807663441 -0.012579745 0.999848366 -0.012047400 -0.750721514 0.047064327 0.012627061 0.998811960 32.804214478
0.998825788 0.011689986 -0.047007311 -1.839864731 -0.012296254 0.999844730 -0.012628825 -0.763832629 0.046852320 0.013192014 0.998814642 33.373043060
0.998846054 0.010895483 -0.046766527 -1.871580482 -0.011526265 0.999845982 -0.013239426 -0.780743003 0.046615016 0.013763195 0.998818040 33.950202942
0.998848140 0.010765553 -0.046751987 -1.904305220 -0.011415053 0.999841690 -0.013647747 -0.795612872 0.046597607 0.014165706 0.998813272 34.526935577
0.998846233 0.010292619 -0.046898715 -1.935168505 -0.010945526 0.999846399 -0.013686126 -0.812850893 0.046750594 0.014183668 0.998805881 35.110450745
0.998828769 0.010301045 -0.047266625 -1.963372231 -0.010966346 0.999844074 -0.013837797 -0.826896787 0.047116660 0.014339933 0.998786449 35.706508636
0.998817503 0.010229420 -0.047518991 -1.996251941 -0.010901800 0.999843776 -0.013912165 -0.843140244 0.047369201 0.014413758 0.998773396 36.297554016
0.998804331 0.009657421 -0.047914140 -2.026083231 -0.010322388 0.999853551 -0.013650347 -0.858240962 0.047775246 0.014128616 0.998758137 36.894386292
0.998778462 0.009609372 -0.048459653 -2.057189941 -0.010236694 0.999866784 -0.012713745 -0.873731732 0.048330978 0.013194285 0.998744190 37.498001099
0.998759866 0.009649309 -0.048833888 -2.093098640 -0.010245736 0.999875784 -0.011977878 -0.890532374 0.048712194 0.012463368 0.998735070 38.093677521
0.998734117 0.010006534 -0.049285654 -2.130152464 -0.010582754 0.999878526 -0.011444443 -0.908722460 0.049165100 0.011951539 0.998719156 38.691925049
0.998701870 0.010358959 -0.049862176 -2.170782804 -0.010915138 0.999881089 -0.010895035 -0.923044324 0.049743339 0.011425151 0.998696685 39.286632538
0.998654783 0.010291545 -0.050810166 -2.206329584 -0.010840014 0.999885857 -0.010530787 -0.939247012 0.050695941 0.011067409 0.998652816 39.887683868
0.998595297 0.010016458 -0.052020345 -2.238195419 -0.010605969 0.999882579 -0.011068737 -0.952514350 0.051903315 0.011604920 0.998584688 40.494274139
0.998550057 0.010169050 -0.052852843 -2.277287960 -0.010793217 0.999875247 -0.011537649 -0.966505289 0.052728873 0.012091379 0.998535633 41.095623016
0.998479486 0.011025564 -0.054000892 -2.312431574 -0.011695445 0.999858439 -0.012104810 -0.978636563 0.053859733 0.012717977 0.998467505 41.700843811
0.998412490 0.011097585 -0.055212051 -2.347414494 -0.011826050 0.999847174 -0.012884844 -0.994121909 0.055060573 0.013517337 0.998391509 42.310836792
0.998340130 0.011338118 -0.056457318 -2.380230904 -0.012077877 0.999845505 -0.012779126 -1.010487556 0.056303654 0.013439806 0.998323202 42.912136078
0.998307645 0.009452133 -0.057373002 -2.419488907 -0.010157928 0.999876201 -0.012022781 -1.026962161 0.057252210 0.012585232 0.998280406 43.527503967
0.998235643 0.008993168 -0.058684736 -2.453888655 -0.009689042 0.999886096 -0.011584170 -1.042484879 0.058573820 0.012132337 0.998209357 44.132526398
0.998179078 0.009927431 -0.059490483 -2.499104977 -0.010634317 0.999876618 -0.011577623 -1.060882926 0.059368152 0.012189189 0.998161793 44.740043640
0.998111606 0.010705256 -0.060479820 -2.543692112 -0.011527631 0.999845743 -0.013265076 -1.077260256 0.060328431 0.013937222 0.998081326 45.360305786
0.998046160 0.010249021 -0.061628461 -2.586015701 -0.011286939 0.999800026 -0.016517103 -1.096293807 0.061446805 0.017180435 0.997962534 45.966514587
0.998010457 0.007021649 -0.062649831 -2.624736309 -0.008266744 0.999773145 -0.019636940 -1.115207911 0.062497683 0.020115791 0.997842371 46.569236755
0.997973382 0.004669869 -0.063454300 -2.667054176 -0.006056212 0.999746859 -0.021673253 -1.133981347 0.063336968 0.022013629 0.997749388 47.182327271
0.997923970 0.005507667 -0.064160436 -2.711726189 -0.007001316 0.999709249 -0.023078473 -1.153323650 0.064014614 0.023479776 0.997672677 47.788417816
0.997839093 0.008672290 -0.065123506 -2.758883238 -0.010074088 0.999723971 -0.021227840 -1.173920274 0.064921387 0.021838035 0.997651339 48.397434235
0.997792125 0.009359513 -0.065745510 -2.805570364 -0.010454501 0.999812067 -0.016330749 -1.191326737 0.065580241 0.016982034 0.997702718 49.009628296
0.997758865 0.008589280 -0.066353187 -2.847763300 -0.009281172 0.999905705 -0.010126263 -1.207466602 0.066259883 0.010719405 0.997744799 49.625553131
0.997751534 0.007609035 -0.066583008 -2.891906500 -0.007788823 0.999966681 -0.002441084 -1.222602844 0.066562146 0.002954197 0.997777879 50.241962433
0.997769177 0.009234933 -0.066111647 -2.938346386 -0.008996082 0.999951839 0.003909567 -1.234004259 0.066144504 -0.003306104 0.997804582 50.862972260
0.997844160 0.010045990 -0.064849146 -2.984529972 -0.009610808 0.999929130 0.007019090 -1.243611813 0.064915009 -0.006380712 0.997870386 51.479091644
0.997915983 0.011037586 -0.063569754 -3.027024269 -0.010621072 0.999919832 0.006886226 -1.252124786 0.063640617 -0.006196702 0.997953653 52.087684631
0.998040557 0.011942548 -0.061413523 -3.068122387 -0.011752169 0.999924898 0.003460155 -1.257087111 0.061450180 -0.002731638 0.998106360 52.698993683
0.998130798 0.012964678 -0.059716161 -3.109294176 -0.013014141 0.999915183 -0.000439531 -1.262225747 0.059705343 0.001215860 0.998215199 53.306179047
0.998218536 0.011039363 -0.058627054 -3.144396067 -0.011298194 0.999927819 -0.004085331 -1.267232537 0.058577672 0.004740431 0.998271525 53.910930634
0.998316467 0.008533805 -0.057364453 -3.177283764 -0.008946056 0.999935925 -0.006933671 -1.276352644 0.057301559 0.007435182 0.998329163 54.506755829
0.998411477 0.007839546 -0.055788640 -3.216013432 -0.008308685 0.999931991 -0.008182399 -1.288767099 0.055720653 0.008632930 0.998409033 55.108928680
0.998434663 0.010553213 -0.054919414 -3.259157896 -0.010985014 0.999911010 -0.007566637 -1.304679751 0.054834630 0.008158082 0.998462081 55.710578918
0.998460591 0.011316204 -0.054292507 -3.302225828 -0.011727086 0.999904811 -0.007255430 -1.325192571 0.054205194 0.007880952 0.998498678 56.308296204
0.998480916 0.012042250 -0.053760823 -3.338151217 -0.012467865 0.999893308 -0.007588578 -1.340019226 0.053663664 0.008247331 0.998524964 56.918197632
0.998459756 0.011986404 -0.054165926 -3.372506857 -0.012383346 0.999898612 -0.006998696 -1.355321169 0.054076508 0.007658668 0.998507380 57.525806427
0.998425186 0.012581055 -0.054667130 -3.411863327 -0.013030008 0.999883950 -0.007863924 -1.369265914 0.054561816 0.008563848 0.998473644 58.126441956
0.998400271 0.013682999 -0.054857191 -3.447718859 -0.014196445 0.999858618 -0.008981026 -1.378966093 0.054726519 0.009745431 0.998453796 58.736995697
0.998351812 0.014726605 -0.055465505 -3.489603043 -0.015230319 0.999846101 -0.008669912 -1.392997026 0.055329263 0.009500375 0.998422921 59.350292206
0.998323023 0.015606286 -0.055743091 -3.531049967 -0.016115705 0.999831915 -0.008700907 -1.404773355 0.055597913 0.009584650 0.998407185 59.956546783
0.998313487 0.015340210 -0.055987760 -3.572914839 -0.015812909 0.999842465 -0.008009695 -1.418511033 0.055856057 0.008881510 0.998399258 60.556320190
0.998271167 0.015673619 -0.056646265 -3.611396551 -0.016123155 0.999841571 -0.007487563 -1.433701515 0.056519918 0.008387929 0.998366177 61.155963898
0.998265207 0.015321353 -0.056847315 -3.652387857 -0.015744254 0.999851167 -0.006998838 -1.451013207 0.056731608 0.007881708 0.998358309 61.746234894
0.998230755 0.015939169 -0.057280194 -3.690299749 -0.016337488 0.999845088 -0.006492342 -1.465600491 0.057167817 0.007416663 0.998336971 62.342681885
0.998201609 0.016360816 -0.057667445 -3.730529785 -0.016748331 0.999839842 -0.006242983 -1.479443431 0.057556052 0.007197583 0.998316228 62.927116394
0.998163342 0.016708503 -0.058227271 -3.769691944 -0.017109118 0.999832869 -0.006388533 -1.491671324 0.058110777 0.007373010 0.998282790 63.517158508
0.998143792 0.016522000 -0.058613449 -3.810508490 -0.016921090 0.999836564 -0.006319135 -1.505453944 0.058499441 0.007299202 0.998260677 64.099403381
0.998084784 0.016800355 -0.059531994 -3.850168228 -0.017179789 0.999834895 -0.005867607 -1.520903468 0.059423566 0.006879110 0.998209059 64.684852600
0.998007417 0.017645106 -0.060575366 -3.893116713 -0.018020239 0.999821305 -0.005652222 -1.534215450 0.060464792 0.006732536 0.998147488 65.266853333
0.997916639 0.018185869 -0.061895821 -3.934346199 -0.018549759 0.999813497 -0.005309597 -1.545476437 0.061787706 0.006446681 0.998068333 65.847091675
0.997773528 0.019562218 -0.063755095 -3.977517366 -0.019886576 0.999792039 -0.004456960 -1.561144710 0.063654631 0.005714900 0.997955441 66.426956177
0.997626066 0.020201594 -0.065828994 -4.019269466 -0.020506969 0.999781549 -0.003966490 -1.572290421 0.065734468 0.005307020 0.997822881 67.003532410
0.997465611 0.020810358 -0.068033606 -4.065785408 -0.021101806 0.999770641 -0.003567987 -1.585314035 0.067943737 0.004994569 0.997676492 67.581176758
0.997277141 0.021750109 -0.070459194 -4.111620903 -0.022023762 0.999752283 -0.003109217 -1.597745895 0.070374109 0.004652520 0.997509658 68.157768250
0.997046411 0.023151115 -0.073223889 -4.159043312 -0.023467869 0.999718249 -0.003468279 -1.607036114 0.073122956 0.005176436 0.997309327 68.722259521
0.996803224 0.023458539 -0.076368943 -4.209351540 -0.023836000 0.999707401 -0.004034694 -1.618922591 0.076251939 0.005842119 0.997071266 69.288818359
0.996506393 0.023549136 -0.080122277 -4.259644508 -0.024010632 0.999699831 -0.004801160 -1.629703760 0.079985157 0.006708167 0.996773243 69.856475830
0.996259928 0.022662105 -0.083376855 -4.310095787 -0.023198413 0.999715567 -0.005468990 -1.641636491 0.083229199 0.007382740 0.996502817 70.419960022
0.995948195 0.022604877 -0.087036319 -4.363417149 -0.023273405 0.999706507 -0.006673727 -1.652634382 0.086859912 0.008672313 0.996182501 70.972984314
0.995637536 0.022470662 -0.090554044 -4.418199539 -0.023251047 0.999700606 -0.007571968 -1.663590431 0.090356775 0.009644408 0.995862484 71.521354675
0.995321751 0.022250695 -0.094013147 -4.473251820 -0.023109036 0.999700129 -0.008050960 -1.673839092 0.093805812 0.010185845 0.995538116 72.064117432
0.995018780 0.022035735 -0.097216062 -4.530454159 -0.022956470 0.999701083 -0.008362463 -1.687855482 0.097002730 0.010552541 0.995227814 72.595764160
0.994802415 0.021595290 -0.099502414 -4.584944725 -0.022506839 0.999713898 -0.008047457 -1.702975988 0.099300154 0.010245111 0.995004416 73.115760803
0.994693398 0.022742579 -0.100333095 -4.642482758 -0.023597423 0.999694169 -0.007341265 -1.717048764 0.100135446 0.009669906 0.994926453 73.620239258
0.994746208 0.024560828 -0.099376373 -4.695545673 -0.025320880 0.999658525 -0.006393932 -1.733011723 0.099185385 0.008876633 0.995029032 74.107780457
0.994969189 0.026664989 -0.096562356 -4.745236397 -0.027363125 0.999607682 -0.005912631 -1.746026635 0.096366793 0.008525129 0.995308995 74.578437805
0.995419025 0.028194802 -0.091351070 -4.790120125 -0.028813085 0.999569535 -0.005456183 -1.759955406 0.091157891 0.008063290 0.995803416 75.039367676
0.996128440 0.029685322 -0.082740054 -4.826810837 -0.030245895 0.999526739 -0.005529615 -1.773217320 0.082536727 0.008010750 0.996555448 75.494865417
0.997099519 0.032503165 -0.068812326 -4.855715752 -0.032953341 0.999441743 -0.005416670 -1.784087420 0.068597823 0.007668551 0.997614563 75.940048218
0.998167872 0.035666939 -0.048865303 -4.873266220 -0.035954505 0.999340355 -0.005018241 -1.793870091 0.048654042 0.006765969 0.998792410 76.373870850
0.999021471 0.037473079 -0.023473397 -4.872375488 -0.037603118 0.999279201 -0.005122878 -1.806054711 0.023264449 0.006000531 0.999710977 76.787796021
0.999268413 0.037487514 0.007510860 -4.852496147 -0.037445538 0.999282241 -0.005653584 -1.816566110 -0.007717481 0.005368194 0.999955416 77.205757141
0.998389363 0.035752267 0.044041596 -4.811757565 -0.035476208 0.999345362 -0.007034108 -1.827507615 -0.044264339 0.005460344 0.999004602 77.618240356
0.995764673 0.033725023 0.085524753 -4.746930599 -0.033155307 0.999417186 -0.008073543 -1.841177225 -0.085747302 0.005203745 0.996302962 78.014785767
0.990768790 0.031623036 0.131819248 -4.664700508 -0.030634437 0.999484956 -0.009521402 -1.852420568 -0.132052585 0.005395295 0.991227627 78.404464722
0.982867658 0.027963065 0.182176739 -4.574995995 -0.026535466 0.999594748 -0.010269598 -1.883299708 -0.182390228 0.005259506 0.983211756 78.769409180
0.971805692 0.024128864 0.234543756 -4.445217609 -0.021937842 0.999687552 -0.011946647 -1.893365145 -0.234758899 0.006464431 0.972031713 79.137077332
0.956853747 0.020477157 0.289846361 -4.297226906 -0.017456122 0.999762654 -0.013004644 -1.901714206 -0.290044039 0.007383944 0.956984401 79.498428345
0.937732220 0.015912132 0.346993417 -4.125277042 -0.012396006 0.999846518 -0.012350559 -1.909865260 -0.347136855 0.007280181 0.937785804 79.841705322
0.914762974 0.012620111 0.403792888 -3.933897495 -0.008765144 0.999896288 -0.011393911 -1.921698809 -0.403894991 0.006883422 0.914779007 80.156997681
0.887626052 0.007249482 0.460507065 -3.723325491 -0.003076786 0.999946773 -0.009811073 -1.932610989 -0.460553885 0.007291680 0.887601316 80.450126648
0.857237637 0.004110943 0.514903843 -3.492593765 0.000535733 0.999960065 -0.008875514 -1.941108346 -0.514919996 0.007884275 0.857201457 80.740180969
0.822804093 0.004738407 0.568304598 -3.246778011 0.001435365 0.999944329 -0.010415496 -1.949523926 -0.568322599 0.009385638 0.822751701 81.013198853
0.783864915 0.007868844 0.620880842 -2.983098269 -0.000890508 0.999932468 -0.011548563 -1.955400586 -0.620930135 0.008499614 0.783819258 81.283096313
0.740936279 0.011175452 0.671481669 -2.700311422 -0.005134765 0.999926150 -0.010975876 -1.960206866 -0.671555161 0.004684524 0.740939140 81.541328430
0.693781793 0.012067226 0.720083475 -2.398958921 -0.007389556 0.999925852 -0.009637212 -1.970758200 -0.720146894 0.001365024 0.693819702 81.780754089
0.642719865 0.010282681 0.766031623 -2.073668957 -0.005105543 0.999944806 -0.009138900 -1.979147434 -0.766083837 0.001962745 0.642737031 81.996078491
0.588602185 0.009170781 0.808370233 -1.729779840 -0.003787172 0.999955595 -0.008586712 -1.987752676 -0.808413565 0.001992720 0.588610888 82.187034607
0.530373275 0.011406560 0.847686946 -1.375447273 -0.007379299 0.999933362 -0.008838197 -1.990859151 -0.847731709 -0.001567793 0.530422211 82.364242554
0.470903188 0.012178793 0.882100284 -1.014819145 -0.007923426 0.999922454 -0.009575655 -1.999017835 -0.882148921 -0.002480053 0.470963180 82.515869141
0.414296120 0.011645634 0.910067081 -0.636949778 -0.006013831 0.999931037 -0.010057863 -2.007121563 -0.910121918 -0.001306058 0.414337575 82.641075134
0.361637533 0.010829304 0.932255328 -0.249486834 -0.000898973 0.999935806 -0.011266777 -2.016158581 -0.932317972 0.003236417 0.361624032 82.742713928
0.312781274 0.010839991 0.949762762 0.143987060 0.003318209 0.999916017 -0.012505185 -2.023993254 -0.949818969 0.007062900 0.312719047 82.829223633
0.268630296 0.011315861 0.963176370 0.546156764 0.005479213 0.999896526 -0.013275427 -2.033277273 -0.963227391 0.008843633 0.268540502 82.907623291
0.228851780 0.011640963 0.973391175 0.952985466 0.006144206 0.999890983 -0.013402434 -2.041290998 -0.973441541 0.009047888 0.228755295 82.976310730
0.192746103 0.012105748 0.981173515 1.372907758 0.007379804 0.999877393 -0.013786243 -2.048907518 -0.981220543 0.009898114 0.192633092 83.035621643
0.160997361 0.012700632 0.986872673 1.795717955 0.009879683 0.999846041 -0.014479359 -2.059106588 -0.986905038 0.012081129 0.160847038 83.080589294
0.133256942 0.013409521 0.990990400 2.228965282 0.012187480 0.999810398 -0.015167704 -2.071435213 -0.991006255 0.014098880 0.133068174 83.117935181
0.108617082 0.014278013 0.993980765 2.670392990 0.013123249 0.999788880 -0.015795488 -2.083318472 -0.993996739 0.014759918 0.108406678 83.151458740
0.086852275 0.014833334 0.996110439 3.119095087 0.014371260 0.999766231 -0.016140828 -2.092512846 -0.996117234 0.015717231 0.086618692 83.178428650
0.068281561 0.015780462 0.997540951 3.582352638 0.016647063 0.999717414 -0.016954387 -2.102935314 -0.997526884 0.017763799 0.067999467 83.193603516
0.052412592 0.017561881 0.998470724 4.054274559 0.019336099 0.999639750 -0.018597454 -2.113672733 -0.998437941 0.020281272 0.052054025 83.203834534
0.039091062 0.019039307 0.999053895 4.536420822 0.020972535 0.999582291 -0.019869994 -2.127043962 -0.999015152 0.021729438 0.038675319 83.214263916
0.029083434 0.019482912 0.999386787 5.031216621 0.021853723 0.999558330 -0.020122234 -2.140892506 -0.999337673 0.022425549 0.028644703 83.225456238
0.022688271 0.019400779 0.999553978 5.545523167 0.022679629 0.999544084 -0.019915381 -2.155116558 -0.999484956 0.023121364 0.022237813 83.231895447
0.018642206 0.019757140 0.999630630 6.072143555 0.023793422 0.999512494 -0.020198533 -2.167155027 -0.999542713 0.024161184 0.018162914 83.238815308
0.016091509 0.019909913 0.999671876 6.607410908 0.023691071 0.999513149 -0.020288100 -2.182443142 -0.999589443 0.024009774 0.015611873 83.244499207
0.015288725 0.018915905 0.999703765 7.157088280 0.022889970 0.999552131 -0.019263096 -2.199128389 -0.999620676 0.023177708 0.014848778 83.257125854
0.016670171 0.018004037 0.999698520 7.724647045 0.022280928 0.999582648 -0.018373489 -2.216130733 -0.999612331 0.022580510 0.016261952 83.268424988
0.019081423 0.017340844 0.999667108 8.309061050 0.021869782 0.999602854 -0.017757175 -2.231784821 -0.999578297 0.022201346 0.018694488 83.285217285
0.021748392 0.016660389 0.999624252 8.906288147 0.021938119 0.999612153 -0.017137486 -2.246562004 -0.999522328 0.022302600 0.021374345 83.304603577
0.025208490 0.016543049 0.999544919 9.516944885 0.020837074 0.999636889 -0.017070081 -2.260789394 -0.999464571 0.021257915 0.024854511 83.327674866
0.028972898 0.016484806 0.999443829 10.146436691 0.020713018 0.999639153 -0.017088477 -2.276745081 -0.999365091 0.021196613 0.028620876 83.352676392
0.032950394 0.014954602 0.999344647 10.784054756 0.020595396 0.999665260 -0.015638471 -2.293247938 -0.999244332 0.021097204 0.032631256 83.379821777
0.037421461 0.013774402 0.999204159 11.430304527 0.020765558 0.999678075 -0.014558628 -2.307095766 -0.999083340 0.021293851 0.037123270 83.410415649
0.042191241 0.012739863 0.999027848 12.092643738 0.021301016 0.999679625 -0.013647765 -2.321952343 -0.998881996 0.021856138 0.041906245 83.443649292
0.046608448 0.011175612 0.998850226 12.763495445 0.022465058 0.999672472 -0.012233077 -2.336475849 -0.998660147 0.023009408 0.046342012 83.476402283
0.051336125 0.010438164 0.998626411 13.444841385 0.023271544 0.999661028 -0.011645291 -2.349153519 -0.998409808 0.023837417 0.051075704 83.514175415
0.056120761 0.009234213 0.998380780 14.127810478 0.023334956 0.999671638 -0.010557850 -2.361783981 -0.998150766 0.023889706 0.055886749 83.554656982
0.060660474 0.008056487 0.998125434 14.810703278 0.022818107 0.999694645 -0.009455906 -2.377008915 -0.997897089 0.023348954 0.060458012 83.602073669
0.065416016 0.007945635 0.997825921 15.495940208 0.023142323 0.999687016 -0.009477627 -2.392101765 -0.997589171 0.023712020 0.065211549 83.650039673
0.068621099 0.007780745 0.997611880 16.185438156 0.023389734 0.999681890 -0.009405756 -2.406206608 -0.997368038 0.023979330 0.068417177 83.701713562
0.069517434 0.008063573 0.997547567 16.882608414 0.022247948 0.999705851 -0.009631438 -2.421577215 -0.997332036 0.022862960 0.069317482 83.750068665
0.069287047 0.008885653 0.997556567 17.588224411 0.021813242 0.999707520 -0.010419886 -2.438040018 -0.997357666 0.022481928 0.069072857 83.798614502
0.068798684 0.009353008 0.997586131 18.290983200 0.022293461 0.999691665 -0.010910217 -2.456167936 -0.997380853 0.022990277 0.068568863 83.848327637
0.067992054 0.010063270 0.997634530 18.999591827 0.023711540 0.999650121 -0.011699616 -2.471990108 -0.997403443 0.024450952 0.067729555 83.903579712
0.067515090 0.010465575 0.997662783 19.722160339 0.024669323 0.999621511 -0.012155572 -2.486350298 -0.997412562 0.025432372 0.067231268 83.953086853
0.066917665 0.009738444 0.997710407 20.453006744 0.024900150 0.999624372 -0.011427206 -2.500185013 -0.997447133 0.025607841 0.066649951 84.002861023
0.066375330 0.008966882 0.997753859 21.185060501 0.025075560 0.999628544 -0.010651872 -2.518452406 -0.997478962 0.025726279 0.066125736 84.054695129
0.065941997 0.008475304 0.997786880 21.920951843 0.025815256 0.999614477 -0.010196909 -2.535745144 -0.997488856 0.026430549 0.065697685 84.102272034
0.065649360 0.008768560 0.997803628 22.653381348 0.026063997 0.999604940 -0.010499237 -2.553174973 -0.997501731 0.026696041 0.065394774 84.152282715
0.065748192 0.009908002 0.997786462 23.376449585 0.026545400 0.999579191 -0.011674984 -2.571547270 -0.997482538 0.027254269 0.065457411 84.200111389
0.066094846 0.011633622 0.997744918 24.098220825 0.026962848 0.999545872 -0.013440751 -2.591922760 -0.997448444 0.027790427 0.065751046 84.248741150
0.066579089 0.012059073 0.997707665 24.827932358 0.028731683 0.999488950 -0.013997925 -2.611366272 -0.997366846 0.029597806 0.066198483 84.295394897
0.067166507 0.012194867 0.997666657 25.558504105 0.030448511 0.999434292 -0.014266375 -2.630820513 -0.997276485 0.031335704 0.066757098 84.345314026
0.067352675 0.010683087 0.997671485 26.292692184 0.031090403 0.999434352 -0.012800873 -2.652583361 -0.997244120 0.031880196 0.066982344 84.398010254
0.067819476 0.008167556 0.997663617 27.030916214 0.030992432 0.999466419 -0.010289128 -2.674586535 -0.997215509 0.031617839 0.067530066 84.450248718
0.068327181 0.006930612 0.997638345 27.759830475 0.030744724 0.999486029 -0.009049123 -2.693750858 -0.997188509 0.031290431 0.068078905 84.504669189
0.068744838 0.006526547 0.997612357 28.494794846 0.030975785 0.999482214 -0.008673304 -2.713456392 -0.997152686 0.031498086 0.068506993 84.556999207
0.069003642 0.007441099 0.997588098 29.232358932 0.030308912 0.999494612 -0.009551803 -2.731796026 -0.997155309 0.030894933 0.068743147 84.611183167
0.067524850 0.008580055 0.997680128 29.959871292 0.028535021 0.999536991 -0.010527329 -2.747714758 -0.997308850 0.029179696 0.067248657 84.667076111
0.065105021 0.009148516 0.997835934 30.690843582 0.026420781 0.999591231 -0.010888467 -2.765415192 -0.997527957 0.027072513 0.064836599 84.720771790
0.062881716 0.009023626 0.997979641 31.427654266 0.025129171 0.999627411 -0.010621891 -2.783883572 -0.997703910 0.025746336 0.062631428 84.770980835
0.060756169 0.008884263 0.998112559 32.163833618 0.024593553 0.999643087 -0.010394924 -2.803389311 -0.997848988 0.025178701 0.060515884 84.820266724
0.058790430 0.008759813 0.998231351 32.894191742 0.024391562 0.999649942 -0.010208796 -2.824207306 -0.997971654 0.024948614 0.058556084 84.867271423
0.056837674 0.008979415 0.998342514 33.624774933 0.024027286 0.999657154 -0.010359165 -2.843038321 -0.998093605 0.024576262 0.056602340 84.913475037
0.055425726 0.009113418 0.998420656 34.354084015 0.022839144 0.999684691 -0.010392838 -2.860163450 -0.998200893 0.023379114 0.055200007 84.958061218
0.054263007 0.008563828 0.998489380 35.080127716 0.022458781 0.999699354 -0.009794734 -2.879708767 -0.998273373 0.022956356 0.054054260 85.003280640
0.053279024 0.007872618 0.998548031 35.811084747 0.023626102 0.999678552 -0.009142141 -2.898979187 -0.998299420 0.024078893 0.053075802 85.045028687
0.053328443 0.007555666 0.998547852 36.546737671 0.024113849 0.999669492 -0.008851982 -2.916250706 -0.998285115 0.024550907 0.053128526 85.086196899
0.053386316 0.007121631 0.998547971 37.278156281 0.024846300 0.999654949 -0.008457912 -2.933464289 -0.998264015 0.025261773 0.053190853 85.128982544
0.053689841 0.007751909 0.998526990 38.012798309 0.024847796 0.999649286 -0.009096668 -2.948654175 -0.998247683 0.025299609 0.053478304 85.170043945
0.054078195 0.007990708 0.998504162 38.748943329 0.025164580 0.999638915 -0.009362687 -2.967343807 -0.998218775 0.025633270 0.053857494 85.211120605
0.054300938 0.008256210 0.998489916 39.481296539 0.024881372 0.999643624 -0.009618879 -2.983085632 -0.998213768 0.025366127 0.054076064 85.257179260
0.054675892 0.007924634 0.998472154 40.210170746 0.024666937 0.999652088 -0.009284754 -3.002313137 -0.998198628 0.025136918 0.054461300 85.299980164
0.055119164 0.007737281 0.998449266 40.946235657 0.024511389 0.999657631 -0.009099796 -3.020282984 -0.998178065 0.024974968 0.054910548 85.344589233
0.055168565 0.007427197 0.998448908 41.678230286 0.024352040 0.999664366 -0.008781798 -3.037781239 -0.998179257 0.024798762 0.054969084 85.388114929
0.055184431 0.008004684 0.998443604 42.410610199 0.023275221 0.999685347 -0.009301077 -3.054076672 -0.998204052 0.023752283 0.054980658 85.433410645
0.054671858 0.007735779 0.998473942 43.141132355 0.022402391 0.999708354 -0.008972000 -3.071812153 -0.998252213 0.022858735 0.054482512 85.477432251
0.053895086 0.008166431 0.998512745 43.870594025 0.021677451 0.999720871 -0.009346366 -3.086489439 -0.998310506 0.022148948 0.053702913 85.521041870
0.053385943 0.008235419 0.998539567 44.600200653 0.021732492 0.999719143 -0.009407061 -3.103707552 -0.998336673 0.022202969 0.053191870 85.563591003
0.052716874 0.007935859 0.998577595 45.332756042 0.022098858 0.999713838 -0.009111539 -3.119876862 -0.998364210 0.022547765 0.052526318 85.605712891
0.051971138 0.008319113 0.998613536 46.061473846 0.022336798 0.999704957 -0.009490696 -3.139533043 -0.998398066 0.022799082 0.051769886 85.646926880
0.051345602 0.008603824 0.998643517 46.798301697 0.022807028 0.999691486 -0.009785496 -3.157127142 -0.998419762 0.023278546 0.051133439 85.685478210
0.050782934 0.009176443 0.998667181 47.529521942 0.022237113 0.999698997 -0.010316708 -3.177905321 -0.998461425 0.022731399 0.050563496 85.724723816
0.050508384 0.009375603 0.998679221 48.262252808 0.021884438 0.999705017 -0.010492052 -3.197228670 -0.998483121 0.022385482 0.050288208 85.764579773
0.050554376 0.009065108 0.998679757 49.008666992 0.021663992 0.999713182 -0.010171155 -3.214032412 -0.998485625 0.022149600 0.050343391 85.795387268
0.050173171 0.008738440 0.998701930 49.742458344 0.021248955 0.999725640 -0.009814921 -3.232527494 -0.998513758 0.021713831 0.049973626 85.836059570
0.050211068 0.008810135 0.998699427 50.478523254 0.020421982 0.999742568 -0.009846092 -3.249253035 -0.998529077 0.020889815 0.050018124 85.873420715
0.049774926 0.008839391 0.998720944 51.220748901 0.019327374 0.999764681 -0.009811889 -3.264039040 -0.998572648 0.019791052 0.049592271 85.913116455
0.049528029 0.009272518 0.998729289 51.963771820 0.018200167 0.999782085 -0.010184867 -3.279988050 -0.998606086 0.018681489 0.049348377 85.954566956
0.049387105 0.009319148 0.998735845 52.702003479 0.017894974 0.999787331 -0.010213870 -3.298176289 -0.998618543 0.018376797 0.049209736 85.992080688
0.048826691 0.009439834 0.998762250 53.439537048 0.017945401 0.999785304 -0.010326814 -3.316094637 -0.998645186 0.018427428 0.048646703 86.033638000
0.048773952 0.009387754 0.998765349 54.173538208 0.017877782 0.999787152 -0.010270416 -3.334343672 -0.998649001 0.018356651 0.048595633 86.071899414
0.048639689 0.008859106 0.998776734 54.916172028 0.017257281 0.999803662 -0.009708642 -3.351905107 -0.998666525 0.017708410 0.048477147 86.107414246
0.048531499 0.008426099 0.998785734 55.650360107 0.017166656 0.999809384 -0.009268881 -3.370172024 -0.998673320 0.017595660 0.048377488 86.144927979
0.048542552 0.008209498 0.998786986 56.378150940 0.018396718 0.999788940 -0.009111851 -3.388329744 -0.998650849 0.018816732 0.048381165 86.182769775
