1.000000000 0.000000000 0.000000000 0.000000000 0.000000000 1.000000000 0.000000000 0.000000000 0.000000000 0.000000000 1.000000000 0.000000000
0.999998093 0.001113338 0.001619664 -0.009133636 -0.001105768 0.999988496 -0.004667557 -0.001782808 -0.001624842 0.004665757 0.999987781 0.954501212
0.999996185 -0.000976467 0.002592325 -0.011523465 0.000990741 0.999984324 -0.005510703 -0.000471900 -0.002586904 0.005513249 0.999981463 1.910473466
0.999993086 -0.002533496 0.002748728 -0.015294937 0.002537503 0.999995708 -0.001455300 -0.002302571 -0.002745030 0.001462264 0.999995172 2.855359077
0.999985337 -0.005009070 0.002060590 -0.011953799 0.004999779 0.999977350 0.004489342 -0.005581251 -0.002083031 -0.004478974 0.999987841 3.811236143
0.999963760 -0.008491597 0.000655662 -0.009128412 0.008488650 0.999954343 0.004373455 -0.000956812 -0.000692770 -0.004367732 0.999990225 4.728679657
0.999940336 -0.010927545 -0.000107887 -0.015367493 0.010927699 0.999938965 0.001566824 0.000463013 0.000090758 -0.001567910 0.999998748 5.642173290
0.999934614 -0.011413566 -0.000791969 -0.020494640 0.011412039 0.999932945 -0.001902887 0.000014483 0.000813634 0.001893724 0.999997854 6.561704636
0.999936879 -0.011132667 -0.001570446 -0.027972084 0.011128784 0.999934971 -0.002457862 -0.001987681 0.001597706 0.002440230 0.999995708 7.486357689
0.999939859 -0.010665102 -0.002583737 -0.036696840 0.010663575 0.999942899 -0.000602948 -0.003099715 0.002590019 0.000575359 0.999996483 8.406696320
0.999940515 -0.010433934 -0.003206865 -0.045412805 0.010441488 0.999942660 0.002348356 -0.005931400 0.003182178 -0.002381701 0.999992132 9.323273659
0.999935865 -0.010578136 -0.004081660 -0.054589123 0.010593466 0.999936759 0.003752978 -0.002967246 0.004041702 -0.003795976 0.999984682 10.236598015
0.999918044 -0.011962635 -0.004598532 -0.063690409 0.011983906 0.999917388 0.004626527 -0.002475986 0.004542807 -0.004681257 0.999978781 11.144940376
0.999914408 -0.011948679 -0.005360853 -0.072654337 0.011973020 0.999917984 0.004531967 0.001056889 0.005306263 -0.004595765 0.999975443 12.046720505
0.999904871 -0.012415609 -0.006035849 -0.083164841 0.012435008 0.999917567 0.003187411 0.001562950 0.005995777 -0.003262165 0.999976814 12.947392464
0.999890089 -0.012792968 -0.007520780 -0.092087530 0.012802236 0.999917328 0.001185705 0.005194706 0.007504990 -0.001281858 0.999971151 13.850260735
0.999862134 -0.013997989 -0.008949748 -0.104920372 0.013997719 0.999902010 -0.000092359 0.005359299 0.008950164 -0.000032930 0.999960065 14.744647026
0.999850512 -0.013595908 -0.010695136 -0.117888391 0.013587836 0.999907315 -0.000826644 0.006598769 0.010705383 0.000681197 0.999942601 15.644697189
0.999850631 -0.012368696 -0.012085282 -0.138682991 0.012348546 0.999922216 -0.001740287 0.006195220 0.012105867 0.001590791 0.999925613 16.535058975
0.999850512 -0.010754968 -0.013551462 -0.160406873 0.010731132 0.999940753 -0.001830135 0.006521905 0.013570341 0.001684439 0.999906659 17.422632217
0.999828756 -0.011022487 -0.014880242 -0.180379048 0.011007335 0.999938846 -0.001099541 0.007006706 0.014891450 0.000935561 0.999888837 18.313991547
0.999815762 -0.010341931 -0.016185876 -0.202852786 0.010347301 0.999946475 0.000248300 0.005591153 0.016182439 -0.000415735 0.999869108 19.188951492
0.999799311 -0.009920435 -0.017420486 -0.226701871 0.009934478 0.999950469 0.000719892 0.007448758 0.017412478 -0.000892811 0.999848127 20.065559387
0.999762535 -0.010813169 -0.018932469 -0.247025013 0.010822149 0.999941409 0.000372123 0.008682397 0.018927332 -0.000576925 0.999820828 20.942647934
0.999732792 -0.010815447 -0.020441083 -0.271243423 0.010815644 0.999941528 -0.000100762 0.008678758 0.020440973 -0.000120349 0.999791205 21.810764313
0.999708772 -0.010848057 -0.021565916 -0.295740813 0.010858788 0.999940991 0.000380745 0.007243345 0.021560509 -0.000614815 0.999767482 22.669353485
0.999684572 -0.010848396 -0.022659263 -0.318864077 0.010901734 0.999938130 0.002231917 0.008160033 0.022633642 -0.002478238 0.999740839 23.529745102
0.999649286 -0.012184765 -0.023521440 -0.340753049 0.012304900 0.999911964 0.004969695 0.010818858 0.023458809 -0.005257381 0.999711096 24.375068665
0.999635756 -0.011947200 -0.024209706 -0.363982707 0.012109643 0.999905109 0.006574583 0.012233795 0.024128856 -0.006865358 0.999685347 25.210748672
0.999626458 -0.011399036 -0.024850318 -0.389551342 0.011538940 0.999918401 0.005493965 0.013273963 0.024785658 -0.005778660 0.999676168 26.036844254
0.999623537 -0.009793845 -0.025638569 -0.418080986 0.009868234 0.999947548 0.002776725 0.018850232 0.025610022 -0.003028688 0.999667525 26.847099304
0.999610543 -0.009432795 -0.026272364 -0.446864337 0.009462203 0.999954820 0.000995414 0.022869837 0.026261780 -0.001243622 0.999654412 27.635026932
0.999591291 -0.008615641 -0.027266795 -0.474374682 0.008636317 0.999962568 0.000640748 0.023001367 0.027260246 -0.000875972 0.999628067 28.423395157
0.999557078 -0.008804829 -0.028436791 -0.501946568 0.008812172 0.999961257 0.000133120 0.020992897 0.028434509 -0.000383652 0.999595642 29.203947067
0.999501228 -0.008341002 -0.030466229 -0.529837966 0.008322171 0.999965191 -0.000744652 0.020380775 0.030471370 0.000490734 0.999535561 29.975765228
0.999439001 -0.008400124 -0.032429945 -0.558264196 0.008374113 0.999964595 -0.000937614 0.022122463 0.032436661 0.000665514 0.999473572 30.735187531
0.999376595 -0.008208808 -0.034345903 -0.589891016 0.008212245 0.999966383 -0.000040828 0.025937317 0.034345068 -0.000241255 0.999409974 31.489221573
0.999292731 -0.009073525 -0.036501836 -0.619196415 0.009166902 0.999955237 0.002391802 0.023164297 0.036478482 -0.002724719 0.999330699 32.238765717
0.999224067 -0.008269555 -0.038518582 -0.653475702 0.008432126 0.999956310 0.004060232 0.020117825 0.038483307 -0.004381875 0.999249578 32.972442627
0.999159634 -0.006448456 -0.040488936 -0.684912086 0.006626708 0.999969065 0.004269989 0.022382505 0.040460128 -0.004534707 0.999170780 33.700950623
0.999100387 -0.003767028 -0.042250663 -0.725042701 0.003916213 0.999986529 0.003448890 0.023254082 0.042237084 -0.003611249 0.999100983 34.410831451
0.999026895 -0.001946674 -0.044072811 -0.762173653 0.002058133 0.999994934 0.002483864 0.030256387 0.044067733 -0.002572154 0.999025106 35.123050690
0.998959720 -0.001740785 -0.045578025 -0.799687982 0.001906124 0.999991894 0.003584496 0.035429027 0.045571398 -0.003667644 0.998954237 35.816169739
0.998903334 -0.000309310 -0.046828460 -0.833570123 0.000564690 0.999985158 0.005440501 0.039262913 0.046826065 -0.005460976 0.998888016 36.503784180
0.998897254 0.002538490 -0.046890788 -0.872689843 -0.002253111 0.999978721 0.006137981 0.037271947 0.046905354 -0.006025559 0.998881042 37.176082611
0.998934448 0.005711154 -0.045806359 -0.910484552 -0.005528409 0.999976337 0.004115295 0.037457433 0.045828760 -0.003857672 0.998941720 37.837554932
0.999006867 0.007458897 -0.043937735 -0.950173378 -0.007416137 0.999971926 0.001136203 0.034862265 0.043944959 -0.000809227 0.999033451 38.484859467
0.999095917 0.008254337 -0.041714277 -0.982739925 -0.008292131 0.999965429 -0.000732993 0.036929641 0.041706771 0.001078229 0.999129117 39.120792389
0.999217868 0.009605746 -0.038371313 -1.013173342 -0.009613962 0.999953866 -0.000029512 0.039546233 0.038369246 0.000398389 0.999263346 39.760967255
0.999275267 0.014465952 -0.035223119 -1.044068336 -0.014376740 0.999892831 0.002784762 0.038306646 0.035259623 -0.002276350 0.999375343 40.386913300
0.999330938 0.018825814 -0.031371068 -1.073010564 -0.018634418 0.999806106 0.006382196 0.035728544 0.031485133 -0.005793341 0.999487162 41.005161285
0.999351680 0.023814876 -0.027017981 -1.097684622 -0.023619726 0.999692798 0.007519167 0.035258342 0.027188750 -0.006876131 0.999606371 41.607536316
0.999388814 0.027541041 -0.021549316 -1.119090557 -0.027378550 0.999594808 0.007799346 0.037653413 0.021755394 -0.007204586 0.999737024 42.187297821
0.999384165 0.031447370 -0.015595510 -1.135558486 -0.031298496 0.999463081 0.009699484 0.043081753 0.015892174 -0.009205390 0.999830961 42.750099182
0.999298692 0.036344588 -0.009050525 -1.147750616 -0.036245584 0.999283850 0.010871798 0.044804540 0.009439196 -0.010536127 0.999899566 43.298755646
0.999210596 0.039686386 -0.001972262 -1.153570414 -0.039663427 0.999157310 0.010561875 0.045674898 0.002389790 -0.010475306 0.999941885 43.826610565
0.999053478 0.043173619 0.005377388 -1.157022834 -0.043228749 0.999009013 0.010599716 0.045507044 -0.004914397 -0.010822135 0.999928951 44.328361511
0.998783588 0.047624066 0.012812815 -1.154500961 -0.047754012 0.998808742 0.010035818 0.051328775 -0.012319565 -0.010635467 0.999867141 44.815555573
0.998440564 0.051963970 0.020422412 -1.151105523 -0.052122232 0.998614073 0.007295668 0.053032476 -0.020014949 -0.008348749 0.999764383 45.276062012
0.998143375 0.053906508 0.028367490 -1.139670968 -0.054047249 0.998529494 0.004218299 0.053686894 -0.028098326 -0.005743650 0.999588251 45.718204498
0.997862518 0.054426759 0.036178485 -1.124649644 -0.054610174 0.998499334 0.004100726 0.052406114 -0.035900939 -0.006067672 0.999336541 46.129714966
0.997574151 0.053805772 0.044177309 -1.103534222 -0.054094534 0.998521388 0.005366611 0.055108629 -0.043823160 -0.007743340 0.999008894 46.533687592
0.997106016 0.055360675 0.052112710 -1.082767844 -0.055753667 0.998425782 0.006117046 0.054936759 -0.051691953 -0.009004813 0.998622119 46.906913757
0.996433914 0.058434214 0.060875330 -1.062289000 -0.058926146 0.998242319 0.006316021 0.054892641 -0.060399175 -0.009880640 0.998125017 47.259246826
0.995581865 0.063092984 0.069547638 -1.040020823 -0.063654713 0.997954607 0.005888578 0.051641908 -0.069033764 -0.010289590 0.997560859 47.586532593
0.994683504 0.066758774 0.078414142 -1.015960813 -0.067433216 0.997705877 0.005982098 0.049037546 -0.077834785 -0.011238004 0.996902585 47.884166718
0.993941188 0.066095434 0.087824278 -0.987681150 -0.066944160 0.997733951 0.006750957 0.044795498 -0.087178938 -0.012589367 0.996112764 48.158599854
0.993036389 0.064850256 0.098355792 -0.951626718 -0.065669663 0.997828364 0.005113444 0.039869122 -0.097810462 -0.011536820 0.995137870 48.417961121
0.991887212 0.063566051 0.110089816 -0.911008596 -0.064027876 0.997947931 0.000661443 0.037573811 -0.109821729 -0.007704889 0.993921041 48.681777954
0.990259230 0.064410977 0.123444781 -0.875292480 -0.064493574 0.997912586 -0.003330834 0.035901841 -0.123401508 -0.004663005 0.992345452 48.932857513
0.988097191 0.066397361 0.138766289 -0.830177426 -0.066296168 0.997785628 -0.005356426 0.029871080 -0.138814524 -0.003907003 0.990310311 49.178230286
0.985595644 0.067970835 0.154861256 -0.781011283 -0.067763038 0.997679412 -0.006626377 0.026275521 -0.154952154 -0.003962940 0.987913668 49.425857544
0.982763529 0.068476260 0.171719909 -0.727235615 -0.068152629 0.997644484 -0.007786351 0.021155845 -0.171848446 -0.004051019 0.985114753 49.669864655
0.979486167 0.067805797 0.189763144 -0.669862747 -0.067350224 0.997690022 -0.008856192 0.015754322 -0.189925134 -0.004106071 0.981789708 49.902523041
0.975614667 0.066834390 0.209069535 -0.604208708 -0.066383421 0.997751832 -0.009181325 0.010274337 -0.209212974 -0.004921313 0.977857411 50.135662079
0.971069276 0.067078777 0.229184866 -0.533166170 -0.066433512 0.997735083 -0.010538820 0.007334741 -0.229372531 -0.004991629 0.973325610 50.373950958
0.965729773 0.069084764 0.250188410 -0.458141476 -0.068030298 0.997600079 -0.012870779 0.005082070 -0.250476956 -0.004590698 0.968111396 50.614299774
0.959471047 0.070491545 0.272850037 -0.375557989 -0.068995185 0.997502744 -0.015087639 0.001444645 -0.273232013 -0.004349187 0.961938024 50.852142334
0.952131987 0.071629375 0.297177851 -0.283826798 -0.069932655 0.997417569 -0.016351521 -0.003306840 -0.297581434 -0.005213630 0.954681873 51.091430664
0.943545103 0.074421413 0.322776794 -0.185812488 -0.072723508 0.997201383 -0.017334741 -0.009556325 -0.323163271 -0.007117351 0.946316123 51.332221985
0.933608115 0.076548114 0.350024313 -0.081456646 -0.074807182 0.997026026 -0.018512703 -0.017530160 -0.350400150 -0.008900720 0.936557472 51.565399170
0.922375500 0.077310175 0.378480315 0.033700511 -0.075376801 0.996955454 -0.019945886 -0.028030679 -0.378869742 -0.010131036 0.925394237 51.795085907
0.909693837 0.075471833 0.408364952 0.168437198 -0.072752595 0.997102439 -0.022211995 -0.037008595 -0.408857733 -0.009503493 0.912548304 52.023975372
0.894772112 0.072805867 0.440548539 0.312912822 -0.068777882 0.997315288 -0.025127567 -0.045399506 -0.441194922 -0.007816551 0.897376895 52.247684479
0.877407610 0.072435811 0.474246621 0.466143161 -0.066301964 0.997358143 -0.029669473 -0.052889083 -0.475142568 -0.005411265 0.879891813 52.467826843
0.857832491 0.074362658 0.508521855 0.622268796 -0.065773018 0.997224748 -0.034873806 -0.065499820 -0.509703577 -0.003531140 0.860342443 52.675914764
0.835970521 0.076420926 0.543428004 0.797304690 -0.065428913 0.997072279 -0.039564740 -0.075484693 -0.544860184 -0.002480955 0.838522851 52.895381927
0.811332703 0.079367183 0.579172611 0.989278257 -0.066548094 0.996839523 -0.043378673 -0.087345563 -0.580784619 -0.003348309 0.814050019 53.118144989
0.783902466 0.083252139 0.615277886 1.196449518 -0.069381520 0.996508420 -0.046439428 -0.101733439 -0.616995394 -0.006284942 0.786941230 53.345489502
0.753989398 0.087364338 0.651051641 1.425236821 -0.072827399 0.996123731 -0.049327333 -0.118708178 -0.652837038 -0.010222115 0.757428944 53.575393677
0.721036375 0.088588484 0.687211335 1.674343228 -0.072702125 0.995991051 -0.052112773 -0.136588246 -0.689072490 -0.012386529 0.724586010 53.795421600
0.684592307 0.086437687 0.723783672 1.957967520 -0.069291838 0.996164501 -0.053426914 -0.154226258 -0.725625157 -0.013576655 0.687955618 54.016883850
0.645462394 0.085356280 0.759008229 2.269703627 -0.066581070 0.996240795 -0.055414237 -0.172553807 -0.760884404 -0.014767781 0.648718774 54.238937378
0.603041530 0.085163474 0.793151259 2.599622250 -0.064609811 0.996232331 -0.057845514 -0.189221859 -0.795088828 -0.016362108 0.606271625 54.453342438
0.557044983 0.085110597 0.826110065 2.954289675 -0.060952432 0.996241570 -0.061538409 -0.208295450 -0.828242362 -0.016073762 0.560138822 54.656383514
0.509204865 0.083994627 0.856537223 3.335510492 -0.057676565 0.996318996 -0.063413814 -0.233558849 -0.858710349 -0.017111510 0.512174845 54.842121124
0.460684240 0.081997044 0.883768737 3.737070560 -0.055855263 0.996427774 -0.063333914 -0.260801464 -0.885804594 -0.020186204 0.463618428 55.017990112
0.411153436 0.079741366 0.908071995 4.164523602 -0.055568706 0.996506035 -0.062346946 -0.286944985 -0.909870565 -0.024826229 0.414147913 55.181404114
0.361015022 0.079342045 0.929178953 4.603260040 -0.058350306 0.996343255 -0.062406283 -0.308990300 -0.930732429 -0.031688273 0.364324480 55.331912994
0.311824501 0.079644933 0.946796000 5.057699203 -0.056036308 0.996287167 -0.065352790 -0.333943337 -0.948485494 -0.032676354 0.315129727 55.458286285
0.264875561 0.076496333 0.961243868 5.535736084 -0.045000967 0.996742487 -0.066921122 -0.367960334 -0.963231623 -0.025531143 0.267455101 55.550769806
0.220994666 0.071012095 0.972686589 6.038078308 -0.031411689 0.997346044 -0.065675676 -0.395080566 -0.974768639 -0.016039763 0.222638741 55.621681213
0.178767636 0.070221230 0.981382549 6.558452129 -0.022377487 0.997481585 -0.067296952 -0.425717503 -0.983636379 -0.009930366 0.179888800 55.684497833
0.140383095 0.071996294 0.987476408 7.077061653 -0.018710991 0.997367084 -0.070057429 -0.448933035 -0.989920020 -0.008641793 0.141360611 55.737476349
0.107760869 0.072708182 0.991514802 7.628368855 -0.009715650 0.997351170 -0.072080255 -0.488475621 -0.994128942 -0.001865792 0.108181857 55.777194977
0.078908153 0.071129598 0.994341254 8.181694031 -0.002381238 0.997461498 -0.071163848 -0.529091895 -0.996878564 0.003247630 0.078877248 55.800716400
0.054059863 0.069407217 0.996122837 8.750066757 0.004950092 0.997550189 -0.069775335 -0.566221416 -0.998524964 0.008702928 0.053583898 55.815475464
0.034152143 0.068562910 0.997062325 9.325883865 0.009746120 0.997573495 -0.068931907 -0.597594321 -0.999368668 0.012071643 0.033401102 55.821567535
0.018283594 0.070407152 0.997350991 9.909188271 0.012511133 0.997423053 -0.070641607 -0.631052852 -0.999754071 0.013769555 0.017355664 55.821796417
0.004892337 0.070018098 0.997533917 10.494237900 0.013227277 0.997453570 -0.070077345 -0.670533538 -0.999899983 0.013537481 0.003953795 55.816352844
-0.006569242 0.070957720 0.997457862 11.092044830 0.014236551 0.997384429 -0.070858739 -0.708762288 -0.999876499 0.013734854 -0.007562184 55.807926178
-0.015601490 0.073903635 0.997143507 11.711830139 0.019022176 0.997105896 -0.073603220 -0.745513380 -0.999696732 0.017819501 -0.016962072 55.791419983
-0.022099724 0.075941913 0.996867478 12.335281372 0.023233751 0.996880233 -0.075427815 -0.782309294 -0.999485195 0.021494016 -0.023795119 55.771389008
-0.026648564 0.075406916 0.996796906 12.975749969 0.023607731 0.996919870 -0.074785091 -0.821049571 -0.999365449 0.021539176 -0.028346594 55.753162384
-0.030357104 0.072671294 0.996894062 13.626433372 0.021246640 0.997174740 -0.072044760 -0.861573517 -0.999312639 0.018993558 -0.031815279 55.740753174
-0.032886755 0.065911785 0.997283578 14.294942856 0.019139713 0.997681320 -0.065306909 -0.901575267 -0.999275148 0.016939970 -0.034071956 55.725425720
-0.034147460 0.060306631 0.997595847 14.972693443 0.020241514 0.998014450 -0.059639066 -0.938279152 -0.999211133 0.018156309 -0.035300281 55.704994202
-0.034669846 0.057815261 0.997725308 15.659526825 0.022799557 0.998110950 -0.057045333 -0.977357268 -0.999138057 0.020769924 -0.035922438 55.677841187
-0.034364291 0.059995349 0.997607172 16.347940445 0.025992101 0.997912288 -0.059118342 -1.020186067 -0.999070704 0.023898326 -0.035851873 55.649665833
-0.033537451 0.067451566 0.997158885 17.040199280 0.026732855 0.997423291 -0.066570327 -1.058452725 -0.999079287 0.024424283 -0.035254125 55.627601624
-0.031407561 0.075465031 0.996653914 17.743381500 0.027335376 0.996837258 -0.074617483 -1.097485781 -0.999132216 0.024900334 -0.033371009 55.606433868
-0.029310107 0.076238930 0.996658862 18.455539703 0.027970584 0.996758938 -0.075424008 -1.138206363 -0.999178410 0.025666423 -0.031347476 55.589195251
-0.027144985 0.071996540 0.997035623 19.186801910 0.027252233 0.997085333 -0.071258157 -1.182922721 -0.999259412 0.025237124 -0.029027851 55.575321198
-0.024709053 0.065514758 0.997545838 19.922269821 0.026554469 0.997541010 -0.064856678 -1.233501434 -0.999341369 0.024886733 -0.026387924 55.561588287
-0.021902885 0.064081863 0.997704446 20.656909943 0.024538189 0.997677267 -0.063541412 -1.278151155 -0.999458373 0.023090102 -0.023424387 55.554573059
-0.018396126 0.069430560 0.997417390 21.382766724 0.032129843 0.997111619 -0.068816669 -1.323629737 -0.999313831 0.030780882 -0.020573707 55.534294128
-0.015289850 0.075149111 0.997055292 22.116060257 0.033521421 0.996649504 -0.074604459 -1.368079305 -0.999320447 0.032281999 -0.017757649 55.524040222
-0.012837716 0.075784527 0.997041762 22.847772598 0.027480399 0.996773720 -0.075410306 -1.413641214 -0.999539316 0.026430994 -0.014878811 55.529041290
-0.009817990 0.072252713 0.997338235 23.576265335 0.022745876 0.997144103 -0.072014712 -1.463496327 -0.999692440 0.021978280 -0.011433327 55.536148071
-0.005011976 0.068530664 0.997636616 24.306015015 0.026746811 0.997301161 -0.068373226 -1.518910170 -0.999629021 0.026340900 -0.006831354 55.530094147
-0.001408158 0.069587924 0.997574985 25.039390564 0.031405095 0.997086823 -0.069509506 -1.570779800 -0.999505043 0.031231042 -0.003589402 55.525413513
0.001257741 0.074366823 0.997230291 25.774528503 0.030894378 0.996752083 -0.074370086 -1.617009997 -0.999521136 0.030902335 -0.001043794 55.530967712
0.005164437 0.075115889 0.997161508 26.495405197 0.027197879 0.996795356 -0.075229116 -1.663695097 -0.999615967 0.027509186 0.003104958 55.544696808
0.008614857 0.074753799 0.997164905 27.242330551 0.026272193 0.996840715 -0.074956417 -1.716159225 -0.999616921 0.026843440 0.006623755 55.562271118
0.012214803 0.071749687 0.997347951 27.986270905 0.030189624 0.996941209 -0.072090119 -1.767552853 -0.999468744 0.030990114 0.010011402 55.570236206
0.015895892 0.072271928 0.997258306 28.725263596 0.034522835 0.996750057 -0.072785310 -1.819758296 -0.999276698 0.035585154 0.013349254 55.577789307
0.019408787 0.073283203 0.997122288 29.462123871 0.037115451 0.996570051 -0.073964991 -1.871001482 -0.999121666 0.038444199 0.016622327 55.590038300
0.022066094 0.073366135 0.997060895 30.200124741 0.037439700 0.996543705 -0.074156590 -1.917694092 -0.999054372 0.038965993 0.019243067 55.610511780
0.025485450 0.071882993 0.997087359 30.951446533 0.038686480 0.996593475 -0.072836131 -1.970096707 -0.998925447 0.040430047 0.022617776 55.633174896
0.029162979 0.070996203 0.997050107 31.697830200 0.040495213 0.996571779 -0.072146520 -2.024003506 -0.998753130 0.042479742 0.026188035 55.654064178
0.031944711 0.071507961 0.996928275 32.433113098 0.038686387 0.996601641 -0.072724089 -2.070584536 -0.998739779 0.040890682 0.029069802 55.687900543
0.035037842 0.073216729 0.996700287 33.176296234 0.035833616 0.996579528 -0.074467473 -2.120866299 -0.998742461 0.038324539 0.032294411 55.720546722
0.037657004 0.073235653 0.996603370 33.925971985 0.037391473 0.996509254 -0.074641511 -2.172379732 -0.998590052 0.040075228 0.034787200 55.750587463
0.040362287 0.073174000 0.996501982 34.678833008 0.035049353 0.996597469 -0.074600570 -2.221452236 -0.998569310 0.037937783 0.037660286 55.785324097
0.042558674 0.073516317 0.996385396 35.432964325 0.033336427 0.996629357 -0.074958138 -2.273028374 -0.998536766 0.036406029 0.039964486 55.825706482
0.045212764 0.073748402 0.996251345 36.184371948 0.030138223 0.996716678 -0.075150527 -2.324591160 -0.998521745 0.033422992 0.042841706 55.869029999
0.048482399 0.075631380 0.995956361 36.941722870 0.028765656 0.996609807 -0.077081211 -2.376764297 -0.998408794 0.032386404 0.046142485 55.911350250
0.051763773 0.079162344 0.995516717 37.697269440 0.027548166 0.996360779 -0.080661811 -2.433251858 -0.998278379 0.031600006 0.049394652 55.954921722
0.055200558 0.081325121 0.995157719 38.460247040 0.027495498 0.996175706 -0.082933389 -2.490819216 -0.998095751 0.031940311 0.052753411 55.998920441
0.057863992 0.083755799 0.994804740 39.227287292 0.021239856 0.996145666 -0.085104056 -2.546750307 -0.998097599 0.026053960 0.055862036 56.056034088
0.060539477 0.083026677 0.994706571 40.001251221 0.017579595 0.996291339 -0.084228791 -2.605129242 -0.998010099 0.022585696 0.058855411 56.110893250
0.064306632 0.083714992 0.994412422 40.770759583 0.019447833 0.996180713 -0.085121423 -2.665780544 -0.997739792 0.024813028 0.062432975 56.164905548
0.068142407 0.084945172 0.994052589 41.550392151 0.018348027 0.996093452 -0.086377248 -2.729384899 -0.997505963 0.024124848 0.066317648 56.217811584
0.071691945 0.086157314 0.993698537 42.331592560 0.014080824 0.996075511 -0.087379217 -2.788854599 -0.997326553 0.020256473 0.070197441 56.285900116
0.075868636 0.084316358 0.993546367 43.128040314 0.012719252 0.996255398 -0.085517451 -2.851392984 -0.997035801 0.019125253 0.074512109 56.345516205
0.080770761 0.084063396 0.993181288 43.923080444 0.013256891 0.996258318 -0.085401893 -2.918416023 -0.996643662 0.020064464 0.079354122 56.414619446
0.085758723 0.087780118 0.992441297 44.710006714 0.009523883 0.995993435 -0.088917211 -2.982977867 -0.996269524 0.017077314 0.084579118 56.489414215
0.091801643 0.096305415 0.991109192 45.499832153 0.007670874 0.995214224 -0.097414747 -3.050104380 -0.995746851 0.016545499 0.090623550 56.570465088
0.098963596 0.100989103 0.989953101 46.287967682 0.005823879 0.994760931 -0.102061704 -3.121844769 -0.995073080 0.015865751 0.097856969 56.657947540
0.106427170 0.103939332 0.988872945 47.084777832 0.001679064 0.994501173 -0.104711547 -3.197810888 -0.994318187 0.012804529 0.105667412 56.749847412
0.113385230 0.102425113 0.988257408 47.902172089 -0.002212840 0.994695604 -0.102838427 -3.274008751 -0.993547738 0.009473498 0.113010414 56.854545593
0.120864689 0.100940578 0.987523496 48.700397491 -0.002395191 0.994843304 -0.101395562 -3.346050501 -0.992665231 0.009889830 0.120483167 56.960041046
0.128126189 0.097644560 0.986939311 49.510402679 -0.002550594 0.995170593 -0.098127745 -3.414191008 -0.991753757 0.010055446 0.127756417 57.077198029
0.135600045 0.092259496 0.986458719 50.313030243 -0.004255402 0.995700002 -0.092538774 -3.484196901 -0.990753651 0.008350477 0.135409504 57.201816559
0.142658338 0.085180685 0.986099839 51.118633270 -0.006591901 0.996349573 -0.085112356 -3.544286728 -0.989749193 0.005641710 0.142699003 57.332946777
0.150355816 0.082504816 0.985183299 51.926345825 -0.005999662 0.996569455 -0.082542643 -3.609279394 -0.988612831 0.006499995 0.150334939 57.464649200
0.157788664 0.084330946 0.983865321 52.722206116 -0.006441796 0.996413410 -0.084373310 -3.678475380 -0.987450957 0.006975285 0.157765880 57.590637207
0.163712099 0.090911143 0.982310236 53.498756409 -0.005761605 0.995815873 -0.091200769 -3.741226673 -0.986490369 0.009270976 0.163550779 57.723369598
0.168758363 0.094458781 0.981120825 54.270023346 -0.007280218 0.995489717 -0.094589867 -3.807621241 -0.985629618 0.008820050 0.168684781 57.861957550
0.173752025 0.097356357 0.979965210 55.039646149 -0.008725121 0.995214462 -0.097324252 -3.881339788 -0.984749854 0.008359964 0.173769861 58.006435394
0.179117844 0.096830763 0.979050756 55.798709869 -0.010827347 0.995278478 -0.096454777 -3.950221539 -0.983767092 0.006676244 0.179320425 58.149818420
0.184411749 0.093885556 0.978354514 56.550888062 -0.006805719 0.995525241 -0.094250396 -4.019025803 -0.982824564 0.010722467 0.184225380 58.294334412
0.188963771 0.087251194 0.978100002 57.310119629 -0.005896953 0.996127725 -0.087719984 -4.085494041 -0.981965423 0.010808082 0.188746423 58.445381165
0.192182973 0.080897957 0.978018880 58.055297852 -0.007693043 0.996690094 -0.080930561 -4.154963017 -0.981328011 0.008029528 0.192169055 58.602527618
0.195305839 0.077647708 0.977663577 58.796752930 -0.011340271 0.996973157 -0.076915778 -4.216844559 -0.980675876 0.003935125 0.195595041 58.761901855
0.198471218 0.077636577 0.977026761 59.520320892 -0.012743236 0.996977925 -0.076633200 -4.273657799 -0.980022967 0.002758996 0.198860571 58.918445587
0.200471863 0.079698734 0.976452112 60.227806091 -0.014723207 0.996818125 -0.078338154 -4.330409050 -0.979587913 0.001328083 0.201007202 59.072452545
0.201800704 0.084089704 0.975809932 60.923191071 -0.018741859 0.996456683 -0.081992947 -4.385556221 -0.979246378 -0.001742263 0.202661440 59.231128693
0.203761563 0.088256352 0.975034177 61.612121582 -0.019851258 0.996096194 -0.086014211 -4.442073822 -0.978818357 -0.001829271 0.204717889 59.384223938
0.205882385 0.093514316 0.974098146 62.288909912 -0.020407785 0.995617449 -0.091266766 -4.498470783 -0.978363037 -0.001088973 0.206888288 59.532974243
0.207464635 0.095600612 0.973559737 62.961597443 -0.019641839 0.995419800 -0.093561456 -4.555428982 -0.978044450 0.000288179 0.208391950 59.681961060
0.208735496 0.095643409 0.973283887 63.628444672 -0.022274330 0.995413184 -0.093040869 -4.614752769 -0.977717578 -0.002258324 0.209908247 59.836372375
0.209227264 0.092532873 0.973478913 64.288993835 -0.022219731 0.995705664 -0.089869887 -4.677760124 -0.977613688 -0.002827215 0.210384637 59.985408783
0.210000142 0.089910902 0.973558187 64.929130554 -0.022065500 0.995944798 -0.087218672 -4.738132477 -0.977451503 -0.003166120 0.211132273 60.126274109
0.209947348 0.088618718 0.973688006 65.570480347 -0.020909579 0.996063054 -0.086146519 -4.792343140 -0.977488279 -0.002273181 0.210973576 60.264629364
0.208415747 0.087968715 0.974075913 66.197883606 -0.021279033 0.996118963 -0.085406408 -4.849093437 -0.977807999 -0.002927361 0.209478557 60.402820587
0.206741840 0.088769525 0.974359930 66.809539795 -0.022531489 0.996043384 -0.085964128 -4.904068947 -0.978135228 -0.004181404 0.207923770 60.537830353
0.204582661 0.091571182 0.974556446 67.409751892 -0.023273816 0.995788217 -0.088680342 -4.959788322 -0.978571773 -0.004539192 0.205852017 60.666816711
0.202531815 0.095361523 0.974621296 68.001403809 -0.021354124 0.995440781 -0.092960998 -5.016058922 -0.979041994 -0.001984631 0.203644589 60.788825989
0.200974435 0.095805667 0.974900067 68.588150024 -0.018999219 0.995400071 -0.093903482 -5.067309856 -0.979411364 0.000349852 0.201869994 60.906055450
0.198702648 0.094848178 0.975459158 69.173164368 -0.019770507 0.995491445 -0.092768610 -5.115559578 -0.979859531 -0.000851959 0.199681774 61.029708862
0.196191579 0.091903329 0.976248980 69.755500793 -0.019953344 0.995766222 -0.089730635 -5.168339729 -0.980361700 -0.001875040 0.197194517 61.150516510
0.194086283 0.088010989 0.977028131 70.323539734 -0.019602487 0.996116459 -0.085836321 -5.222976685 -0.980787754 -0.002492531 0.195057556 61.264636993
0.192553058 0.086928859 0.977428317 70.887023926 -0.015595506 0.996213794 -0.085527144 -5.275929928 -0.981161773 0.001225019 0.193179503 61.371101379
0.190878540 0.088310622 0.977632880 71.434219360 -0.011823414 0.996079624 -0.087668337 -5.323144436 -0.981541634 0.005175038 0.191174135 61.473487854
0.188517958 0.090328246 0.977906585 71.980659485 -0.007597689 0.995865583 -0.090522312 -5.368598461 -0.982039511 0.009635241 0.188424602 61.573257446
0.186882287 0.092335701 0.978033006 72.525222778 -0.008101998 0.995684087 -0.092453875 -5.412328243 -0.982348084 0.009353959 0.186823606 61.677848816
0.185689375 0.095008127 0.978004277 73.062187195 -0.008419930 0.995431960 -0.095102347 -5.459665298 -0.982571602 0.009424756 0.185640872 61.781620026
0.184344769 0.093509138 0.978403032 73.605415344 -0.006848077 0.995562017 -0.093858674 -5.510407925 -0.982837021 0.010602165 0.184166774 61.885936737
0.185146064 0.092040800 0.978390932 74.149391174 -0.000793867 0.995617926 -0.093511045 -5.554057598 -0.982709885 0.016536478 0.184407577 61.982669830
0.187717348 0.090236269 0.978069067 74.694168091 0.004586079 0.995679736 -0.092741080 -5.593391418 -0.982211590 0.021894595 0.186492279 62.077053070
0.189641058 0.089717306 0.977745712 75.238334656 0.007312497 0.995659888 -0.092779286 -5.640605927 -0.981825471 0.024744507 0.188161686 62.184879303
0.192932606 0.089244865 0.977144837 75.786979675 0.004816121 0.995756984 -0.091895550 -5.695557117 -0.981199443 0.022435680 0.191683933 62.299900055
0.198399425 0.089941248 0.975985587 76.335227966 0.003729501 0.995704174 -0.092516415 -5.743190289 -0.980113328 0.021995127 0.197211444 62.419910431
0.204858735 0.088932559 0.974742830 76.895408630 0.004787032 0.995760798 -0.091856122 -5.788958549 -0.978779018 0.023483638 0.203564316 62.542240143
0.212549940 0.089473180 0.973045111 77.462341309 0.003097359 0.995732367 -0.092235766 -5.828593731 -0.977144480 0.022618560 0.211365476 62.674121857
0.220943674 0.087351978 0.971366644 78.031875610 0.003653042 0.995899796 -0.090388939 -5.874732494 -0.975278854 0.023519291 0.219718426 62.812877655
0.229786322 0.087016501 0.969343066 78.610351562 0.000133181 0.995992064 -0.089440182 -5.927239418 -0.973240197 0.020681214 0.228853554 62.963619232
0.239360556 0.086765669 0.967045963 79.188179016 -0.001031474 0.996021152 -0.089109965 -5.976755619 -0.970929325 0.020331912 0.238497466 63.118751526
0.248964354 0.090654351 0.964260399 79.771881104 -0.006357193 0.995741129 -0.091972493 -6.024626732 -0.968490839 0.016767869 0.248480156 63.284397125
0.258632571 0.092919588 0.961496115 80.364234924 -0.009781338 0.995563507 -0.093580678 -6.072525024 -0.965925336 0.014798280 0.258393854 63.451435089
0.269390106 0.095727742 0.958261311 80.956108093 -0.014148424 0.995333254 -0.095453531 -6.125435352 -0.962926269 0.012156341 0.269487172 63.630638123
0.279691815 0.097482711 0.955127895 81.564697266 -0.015452854 0.995160103 -0.097043283 -6.181896687 -0.959964514 0.012382752 0.279844373 63.817432404
0.289523244 0.098215312 0.952118516 82.179428101 -0.018856013 0.995113790 -0.096916534 -6.240882874 -0.956984341 0.010106420 0.289960325 64.015274048
0.299912870 0.098516352 0.948865891 82.804161072 -0.019690223 0.995080650 -0.097090892 -6.296719074 -0.953762472 0.010435418 0.300377101 64.224151611
0.309987873 0.099520959 0.945517242 83.440856934 -0.024017876 0.995008528 -0.096855797 -6.350477695 -0.950436234 0.007314798 0.310830653 64.447181702
0.320500821 0.094676562 0.942504823 84.097869873 -0.023478588 0.995480835 -0.092014030 -6.403775692 -0.946956396 0.007361883 0.321275055 64.678337097
0.331389904 0.087568961 0.939421177 84.758384705 -0.019938124 0.996111155 -0.085819855 -6.459704876 -0.943282366 0.009709530 0.331846893 64.911697388
0.342376381 0.083339505 0.935859382 85.412254333 -0.018906023 0.996467829 -0.081820011 -6.517986774 -0.939371824 0.010319855 0.342742413 65.153358459
0.352716446 0.080149718 0.932291269 86.088386536 -0.019779900 0.996740937 -0.078206979 -6.571599007 -0.935520351 0.009144253 0.353152037 65.414421082
0.362331778 0.077681005 0.928806365 86.774589539 -0.013727412 0.996857464 -0.078017220 -6.620239735 -0.931947291 0.015518000 0.362259269 65.677375793
0.371048450 0.072145715 0.925806701 87.459022522 -0.007375252 0.997174919 -0.074751250 -6.669081211 -0.928583443 0.020908263 0.370532095 65.942665100
0.378270566 0.062680468 0.923570573 88.172653198 0.001920252 0.997649610 -0.068494394 -6.717490196 -0.925692379 0.027682878 0.377260894 66.223777771
0.385526121 0.058228958 0.920857787 88.911277771 0.007421282 0.997778714 -0.066199809 -6.768159866 -0.922666371 0.032355674 0.384237409 66.519699097
0.392896533 0.058332216 0.917730749 89.598075867 0.008921692 0.997697234 -0.067234412 -6.823535919 -0.919538677 0.034603849 0.391471148 66.810523987
0.400289565 0.064482987 0.914117217 90.310081482 0.011414922 0.997092843 -0.075334646 -6.868596554 -0.916316867 0.040590219 0.398389608 67.122467041
0.407643944 0.068787761 0.910546362 91.018814087 0.015148825 0.996511817 -0.082063951 -6.912563324 -0.913014531 0.047246549 0.405179739 67.429489136
0.412767678 0.070902593 0.908072531 91.719947815 0.013166928 0.996396840 -0.083783939 -6.975006580 -0.910740376 0.046539795 0.410346627 67.762199402
0.417283148 0.072445720 0.905884326 92.404548645 0.006340364 0.996561050 -0.082617819 -7.034336090 -0.908753633 0.040218636 0.415388584 68.087387085
0.420995921 0.076140679 0.903861225 93.096076965 -0.000449680 0.996487916 -0.083733916 -7.103126049 -0.907061636 0.034845170 0.419551373 68.436157227
0.424844354 0.079286642 0.901787639 93.780677795 -0.001401477 0.996213496 -0.086928330 -7.167111874 -0.905264556 0.035667155 0.423346579 68.773750305
0.428706974 0.083546869 0.899572253 94.451522827 -0.004762840 0.995909989 -0.090224192 -7.233377934 -0.903430223 0.034395203 0.427351266 69.108879089
0.431990683 0.086598620 0.897710800 95.112625122 -0.007912761 0.995704889 -0.092243858 -7.298136711 -0.901842535 0.032745093 0.430820256 69.443367004
0.435868412 0.085043110 0.895983458 95.762542725 -0.009126168 0.995891988 -0.090086289 -7.365832329 -0.899963260 0.031088848 0.434853762 69.770957947
0.439788073 0.082011603 0.894349217 96.414230347 -0.008285459 0.996149838 -0.087272272 -7.431019306 -0.898062527 0.030971183 0.438774109 70.101181030
0.443090588 0.079356521 0.892957568 97.045745850 -0.008977756 0.996416986 -0.084095955 -7.498598576 -0.896431029 0.029245343 0.442215234 70.424156189
0.446737498 0.078264080 0.891235232 97.670654297 -0.009830168 0.996535420 -0.082583487 -7.560567379 -0.894610286 0.028132120 0.445958883 70.746208191
0.450008094 0.080002449 0.889433622 98.280654907 -0.012050832 0.996432185 -0.083529487 -7.620659828 -0.892942429 0.026870502 0.449366450 71.065475464
0.452869385 0.080521509 0.887933195 98.881195068 -0.011183830 0.996347785 -0.084648825 -7.675508499 -0.891506016 0.028404338 0.452115774 71.371017456
0.455133438 0.078709699 0.886937439 99.486007690 -0.009215432 0.996448159 -0.083698988 -7.729982376 -0.890374839 0.029920667 0.454242051 71.677734375
0.456882596 0.077500463 0.886144280 100.073089600 -0.007422099 0.996494532 -0.083324626 -7.788543701 -0.889495313 0.031492490 0.455856055 71.979400635
0.458678275 0.077418894 0.885223269 100.654090881 -0.008951670 0.996549189 -0.082516678 -7.846807003 -0.888556600 0.029924346 0.457788318 72.287261963
0.460679740 0.076848157 0.884233117 101.225311279 -0.007458291 0.996544302 -0.082723208 -7.897482395 -0.887534440 0.031514004 0.459660798 72.584930420
0.463398457 0.078734495 0.882645130 101.782768250 -0.008063898 0.996378124 -0.084646039 -7.946110249 -0.886112690 0.032107249 0.462354869 72.879432678
0.466308266 0.078737065 0.881111145 102.339157104 -0.005100236 0.996253490 -0.086327001 -7.995985985 -0.884606957 0.035761084 0.464962751 73.170860291
0.469289243 0.078072846 0.879586279 102.882942200 -0.003466506 0.996238768 -0.086577408 -8.050699234 -0.883037090 0.037580714 0.467794716 73.465774536
0.472627610 0.076134913 0.877967179 103.416610718 -0.000346986 0.996276796 -0.086207487 -8.102591515 -0.881261528 0.040439356 0.470894307 73.747222900
0.476073712 0.075200647 0.876184046 103.938514709 0.001065679 0.996286631 -0.086087659 -8.150382042 -0.879404068 0.041917760 0.474225700 74.028800964
0.479233414 0.074899875 0.874485672 104.451820374 0.001925059 0.996259630 -0.086384684 -8.201036453 -0.877684712 0.043081820 0.477296650 74.312133789
0.482882529 0.074039303 0.872549415 104.959648132 0.002615134 0.996292472 -0.085986540 -8.251580238 -0.875680566 0.043803181 0.480898529 74.592872620
0.486275822 0.073508672 0.870707870 105.465919495 0.004289136 0.996241987 -0.086502075 -8.298857689 -0.873794198 0.045798399 0.484133065 74.877052307
0.490456611 0.074808985 0.868248641 105.961997986 0.003694674 0.996120751 -0.087913491 -8.347925186 -0.871457219 0.046325598 0.488277614 75.151824951
0.494633287 0.074965052 0.865862548 106.458923340 0.005680768 0.995972335 -0.089474857 -8.398448944 -0.869082630 0.049175959 0.492215276 75.439582825
0.499410272 0.078418620 0.862809181 106.946624756 0.003461253 0.995706022 -0.092500634 -8.447068214 -0.866358161 0.049182124 0.496994466 75.726356506
0.504699469 0.084266074 0.859172583 107.427009583 -0.000163809 0.995233476 -0.097514361 -8.501466751 -0.863294601 0.049074665 0.502307653 76.020515442
0.510442615 0.091332726 0.855047703 107.900939941 -0.005318338 0.994659245 -0.103070453 -8.550776482 -0.859894931 0.048064072 0.508202195 76.320800781
0.516498387 0.097740747 0.850691497 108.372604370 -0.010565044 0.994115353 -0.107804850 -8.601574898 -0.856222510 0.046693392 0.514491618 76.618484497
0.522773743 0.102024972 0.846344113 108.843406677 -0.014067947 0.993709087 -0.111099869 -8.657336235 -0.852354884 0.046173725 0.520920336 76.929336548
0.528211236 0.102158062 0.842945099 109.331306458 -0.018160155 0.993867695 -0.109068945 -8.717454910 -0.848918259 0.042303380 0.526827335 77.245239258
0.533602118 0.101237386 0.839654446 109.816909790 -0.024554579 0.994245112 -0.104271866 -8.774027824 -0.845378578 0.035022285 0.533017218 77.573013306
0.539181471 0.098823741 0.836371362 110.307388306 -0.030684337 0.994736850 -0.097754575 -8.829936028 -0.841629922 0.027043911 0.539376080 77.914115906
0.544762850 0.097205438 0.832937241 110.806800842 -0.037108347 0.995079935 -0.091857903 -8.886185646 -0.837768197 0.019131800 0.545689702 78.264755249
0.550808847 0.095291622 0.829173744 111.308311462 -0.039619543 0.995325744 -0.088067614 -8.937536240 -0.833689988 0.015656892 0.552009642 78.611831665
0.556777775 0.099075913 0.824731708 111.811203003 -0.045119401 0.995002389 -0.089070454 -8.990119934 -0.829434574 0.012381008 0.558465481 78.971702576
0.562597930 0.103132144 0.820272744 112.323234558 -0.049124137 0.994605243 -0.091358118 -9.039377213 -0.825269282 0.011102659 0.564629138 79.346443176
0.568511069 0.106687516 0.815728426 112.842636108 -0.052302431 0.994236350 -0.093582645 -9.087347031 -0.821010709 0.010538155 0.570814371 79.733085632
0.574674368 0.108899683 0.811104298 113.369895935 -0.054754548 0.994002163 -0.094661593 -9.138780594 -0.816547751 0.009987912 0.577190280 80.123733521
