1.000000000 0.000000000 0.000000000 0.000000000 0.000000000 1.000000000 0.000000000 0.000000000 0.000000000 0.000000000 1.000000000 0.000000000
0.999993742 -0.000256586 -0.003525288 -0.011038083 0.000260298 0.999999404 0.001052619 -0.025457378 0.003525015 -0.001053530 0.999993205 1.949865580
0.999981105 -0.000027069 -0.006144652 -0.037121903 0.000030263 0.999999821 0.000519756 -0.050429374 0.006144637 -0.000519932 0.999980927 3.878304243
0.999964416 0.000648926 -0.008401663 -0.064063020 -0.000648736 0.999999702 0.000025303 -0.082121454 0.008401677 -0.000019851 0.999964654 5.793029785
0.999940395 0.002554604 -0.010609512 -0.082958370 -0.002559986 0.999996483 -0.000493798 -0.107359931 0.010608214 0.000520929 0.999943554 7.690073490
0.999912858 0.004725698 -0.012324054 -0.113689460 -0.004718088 0.999988496 0.000646537 -0.136824504 0.012326969 -0.000588334 0.999923766 9.631963730
0.999877334 0.007007807 -0.014005681 -0.152014092 -0.007012618 0.999975145 -0.000294384 -0.152469888 0.014003272 0.000392565 0.999901772 11.532027245
0.999841273 0.007524879 -0.016146746 -0.196797282 -0.007546433 0.999970496 -0.001274376 -0.184462592 0.016136680 0.001396024 0.999868691 13.421905518
0.999805868 0.006830736 -0.018476570 -0.242810786 -0.006849949 0.999975801 -0.000976749 -0.217584878 0.018469453 0.001103124 0.999828696 15.315635681
0.999772429 0.004785453 -0.020784613 -0.292235166 -0.004800987 0.999987960 -0.000697545 -0.242741168 0.020781029 0.000797173 0.999783635 17.240940094
0.999715745 0.002535296 -0.023703746 -0.333057702 -0.002545745 0.999996424 -0.000410630 -0.270033002 0.023702625 0.000470857 0.999718845 19.103500366
0.999642432 -0.000011510 -0.026736677 -0.383399159 -0.000005907 0.999999523 -0.000651280 -0.301705271 0.026736679 0.000651205 0.999642193 21.029205322
0.999549508 -0.001005370 -0.029994613 -0.452177942 0.001020184 0.999999046 0.000478642 -0.337480277 0.029994112 -0.000509026 0.999549806 22.919008255
0.999466598 0.000984720 -0.032641765 -0.537735581 -0.000969017 0.999999106 0.000496892 -0.353443146 0.032642234 -0.000464997 0.999466836 24.848184586
0.999370873 0.002356363 -0.035385814 -0.602651834 -0.002393020 0.999996305 -0.000993592 -0.371964961 0.035383351 0.001077646 0.999373078 26.697324753
0.999256790 0.003332331 -0.038399838 -0.687284768 -0.003473253 0.999987125 -0.003603749 -0.393536121 0.038387340 0.003734444 0.999255836 28.634037018
0.999139309 0.003931465 -0.041290462 -0.782376587 -0.004191247 0.999971628 -0.006206920 -0.415531874 0.041264895 0.006374639 0.999127805 30.479537964
0.999009490 0.005347234 -0.044172194 -0.874911666 -0.005590713 0.999969542 -0.005390370 -0.450793624 0.044142030 0.005631987 0.999009311 32.366111755
0.998880029 0.006815320 -0.046819005 -0.967781484 -0.006878357 0.999975383 -0.001185444 -0.485004663 0.046809778 0.001506156 0.998902619 34.278858185
0.998779833 0.006650205 -0.048932504 -1.070822358 -0.006522402 0.999974608 0.002771017 -0.506136000 0.048949696 -0.002448478 0.998798132 36.153587341
0.998666167 0.006531155 -0.051214106 -1.184682250 -0.006270518 0.999966323 0.005248170 -0.514450252 0.051246665 -0.004920032 0.998673797 38.036739349
0.998530626 0.006367882 -0.053811211 -1.291486621 -0.006117851 0.999969482 0.004809875 -0.525794268 0.053840201 -0.004473599 0.998539448 39.984405518
0.998361647 0.007464752 -0.056726448 -1.409842610 -0.007466489 0.999971867 0.000181299 -0.547281504 0.056726210 0.000242546 0.998389661 41.882762909
0.998169184 0.007166780 -0.060053874 -1.539435506 -0.007531634 0.999954224 -0.005851306 -0.570587158 0.060009196 0.006292899 0.998177886 43.789997101
0.997923493 0.004411808 -0.064255431 -1.656488419 -0.005003144 0.999946237 -0.009044920 -0.613221347 0.064212084 0.009347621 0.997892380 45.641918182
0.997648120 -0.001240085 -0.068529196 -1.777448177 0.000550864 0.999948740 -0.010075315 -0.659970403 0.068538189 0.010013873 0.997598112 47.587860107
0.997311056 -0.007655696 -0.072880290 -1.917429566 0.007087687 0.999942124 -0.008049130 -0.686300099 0.072937705 0.007510937 0.997308075 49.300975800
0.996962368 -0.010108688 -0.077223323 -2.070729494 0.009705664 0.999936879 -0.005592470 -0.726163208 0.077275001 0.004825980 0.996998012 51.249485016
0.996674776 -0.010888764 -0.080748871 -2.228743792 0.010407328 0.999925137 -0.006380627 -0.758841872 0.080812320 0.005519032 0.996713936 53.202808380
0.996443212 -0.007796732 -0.083903357 -2.413814306 0.007349303 0.999956787 -0.005640211 -0.793616652 0.083943725 0.005003521 0.996457756 55.109653473
0.996252716 -0.005286570 -0.086325526 -2.586671829 0.005071431 0.999983132 -0.002711287 -0.825051725 0.086338416 0.002263334 0.996263146 57.020332336
0.996080458 -0.003116898 -0.088393986 -2.760989904 0.003048786 0.999994576 -0.000905548 -0.851253569 0.088396348 0.000632504 0.996084988 58.897129059
0.995917082 0.000067772 -0.090270005 -2.942122936 -0.000161556 0.999999106 -0.001031627 -0.878992558 0.090269879 0.001041999 0.995916605 60.795249939
0.995761454 0.003131351 -0.091917232 -3.138986826 -0.003428600 0.999989033 -0.003076151 -0.899794638 0.091906615 0.003378262 0.995761693 62.672832489
0.995569825 0.005958804 -0.093832791 -3.315598249 -0.006456942 0.999966264 -0.005006076 -0.930580914 0.093799829 0.005589774 0.995575190 64.474700928
0.995357811 0.006468815 -0.096023336 -3.500555038 -0.006901603 0.999967098 -0.004175683 -0.961004615 0.095993206 0.004819015 0.995370150 66.356300354
0.995166600 0.004820210 -0.098079219 -3.698698997 -0.005063526 0.999984264 -0.002232051 -0.988063753 0.098066956 0.002717890 0.995175958 68.302345276
0.994959295 0.001842448 -0.100259088 -3.881924629 -0.001909261 0.999997556 -0.000570453 -1.018487930 0.100257829 0.000758997 0.994961083 70.213729858
0.994705081 -0.001803734 -0.102751181 -4.024336338 0.001727740 0.999997735 -0.000828582 -1.031810284 0.102752477 0.000646667 0.994706631 71.931716919
0.994450092 -0.003791345 -0.105137348 -4.202038288 0.003585629 0.999990880 -0.002145587 -1.062192082 0.105144553 0.001756696 0.994455278 73.738647461
0.994198799 -0.003412785 -0.107500091 -4.398403645 0.003007724 0.999987364 -0.003929910 -1.097066283 0.107512176 0.003583782 0.994197190 75.648368835
0.994003177 -0.002355597 -0.109322093 -4.615676880 0.001872739 0.999987602 -0.004519302 -1.125817657 0.109331422 0.004287471 0.993995965 77.516906738
0.993805349 -0.001295128 -0.111123480 -4.827976704 0.000749438 0.999987006 -0.004952284 -1.159174442 0.111128487 0.004838328 0.993794143 79.408805847
0.993581772 -0.001685543 -0.113099508 -5.057474136 0.001006438 0.999980688 -0.006061314 -1.188426495 0.113107577 0.005908587 0.993565023 81.339210510
0.993326962 -0.001664178 -0.115316302 -5.272639275 0.000739937 0.999966800 -0.008057168 -1.227765203 0.115325920 0.007918080 0.993295968 83.198921204
0.993103743 -0.001300404 -0.117227450 -5.493736267 0.000315725 0.999964058 -0.008417904 -1.270104408 0.117234230 0.008322847 0.993069232 85.045944214
0.992821872 -0.000982153 -0.119593777 -5.703256130 0.000216817 0.999978900 -0.006412309 -1.309802890 0.119597599 0.006340356 0.992802083 86.908569336
0.992572963 -0.000450145 -0.121645130 -5.946800232 -0.000122190 0.999988377 -0.004697452 -1.345302463 0.121645883 0.004677432 0.992562413 88.871215820
0.992295265 0.000270981 -0.123890221 -6.197172165 -0.000716129 0.999992847 -0.003548558 -1.380636096 0.123888433 0.003609941 0.992289424 90.840827942
0.991979659 0.000193977 -0.126392275 -6.435795307 -0.000714320 0.999990880 -0.004071570 -1.409027100 0.126390398 0.004129202 0.991971791 92.768325806
0.991658211 -0.001164358 -0.128884733 -6.687672138 0.000605181 0.999989629 -0.004377660 -1.438991070 0.128888562 0.004263148 0.991649687 94.721374512
0.991280556 -0.002379909 -0.131741285 -6.950229645 0.001900911 0.999990523 -0.003761536 -1.474091411 0.131749064 0.003478312 0.991276801 96.668685913
0.990926981 -0.003840387 -0.134341329 -7.229611397 0.003401599 0.999987483 -0.003495591 -1.503476739 0.134353161 0.003006902 0.990928829 98.666984558
0.990521789 -0.005013696 -0.137259170 -7.518192291 0.004767217 0.999985754 -0.002124393 -1.535363197 0.137267977 0.001449913 0.990532756 100.644630432
0.990114987 -0.006660465 -0.140094832 -7.816512585 0.006558083 0.999977112 -0.001192442 -1.563308716 0.140099674 0.000261900 0.990137279 102.584465027
0.989564180 -0.008465198 -0.143839255 -8.103919983 0.008238042 0.999963045 -0.002174738 -1.584901214 0.143852472 0.000967089 0.989598572 104.509590149
0.989067554 -0.008042479 -0.147239044 -8.393117905 0.007485037 0.999961913 -0.004339634 -1.616271853 0.147268474 0.003190104 0.989091337 106.461044312
0.988632619 -0.006013134 -0.150226370 -8.696966171 0.005137777 0.999966860 -0.006214346 -1.650267363 0.150258884 0.005371881 0.988632023 108.408943176
0.988197029 -0.004847971 -0.153106913 -8.997550964 0.004324543 0.999982953 -0.003751533 -1.689643025 0.153122604 0.003045138 0.988202393 110.359184265
0.987728000 -0.006028290 -0.156062737 -9.309695244 0.006102906 0.999980688 -0.000001035 -1.720590711 0.156059846 -0.000951416 0.987747014 112.308486938
0.987207770 -0.009581983 -0.159146160 -9.611242294 0.009783158 0.999951303 0.000480646 -1.742288828 0.159133926 -0.002031453 0.987254739 114.248840332
0.986758530 -0.010879757 -0.161826447 -9.924962044 0.010625943 0.999939859 -0.002433870 -1.770428300 0.161843315 0.000682083 0.986816108 116.172416687
0.986253321 -0.013822273 -0.164656729 -10.236828804 0.013468077 0.999903262 -0.003267413 -1.803930521 0.164686084 0.001004889 0.986345410 118.144737244
0.985824585 -0.015846590 -0.167024821 -10.571083069 0.015311821 0.999871969 -0.004489117 -1.832479119 0.167074710 0.001868030 0.985942364 120.039398193
0.985276818 -0.017630970 -0.170050591 -10.896110535 0.016667554 0.999835193 -0.007091492 -1.859637260 0.170147747 0.004152761 0.985409737 122.002120972
0.984856725 -0.010304520 -0.173058927 -11.251543045 0.009018992 0.999924839 -0.008213009 -1.898789883 0.173130706 0.006527829 0.984877110 123.931732178
0.984670937 0.000923765 -0.174414903 -11.621743202 -0.001550784 0.999992073 -0.003458751 -1.942836881 0.174410462 0.003676215 0.984666049 125.864723206
0.984342933 0.009534026 -0.176000923 -11.984105110 -0.009380151 0.999953806 0.001706223 -1.967485428 0.176009208 -0.000028597 0.984388351 127.793991089
0.984133840 0.008467494 -0.177220225 -12.354148865 -0.008276660 0.999963343 0.001816024 -1.983760476 0.177229270 -0.000320423 0.984169364 129.755157471
0.983758807 0.002744050 -0.179469064 -12.706286430 -0.002639954 0.999995410 0.000818822 -1.998656988 0.179470658 -0.000331736 0.983763099 131.717010498
0.983527720 -0.002647995 -0.180732742 -13.071827888 0.002469681 0.999995410 -0.001211672 -2.022050619 0.180735290 0.000745360 0.983531356 133.691864014
0.983509123 -0.003291947 -0.180823386 -13.437766075 0.002704755 0.999989450 -0.003493831 -2.057733774 0.180833146 0.002947134 0.983509243 135.635757446
0.983573079 -0.000699252 -0.180503741 -13.805730820 -0.000010362 0.999991477 -0.003930357 -2.090800285 0.180505097 0.003867667 0.983566344 137.570785522
0.983572304 0.003098402 -0.180482671 -14.185764313 -0.003538983 0.999990642 -0.002119198 -2.125505686 0.180474579 0.002723110 0.983575702 139.528503418
0.983644903 0.004028377 -0.180068299 -14.564739227 -0.004118562 0.999990702 -0.000126997 -2.159272432 0.180066273 0.000866540 0.983653963 141.479827881
0.983460367 0.002834555 -0.181096107 -14.935214043 -0.003089055 0.999993801 -0.001123332 -2.182455063 0.181091949 0.001664168 0.983464658 143.424179077
0.983083606 0.002233733 -0.183138356 -15.304012299 -0.002829042 0.999990761 -0.002989421 -2.212422848 0.183130115 0.003456959 0.983082533 145.362854004
0.982771456 0.005475792 -0.184738562 -15.687262535 -0.005639008 0.999983311 -0.000358135 -2.237245083 0.184733644 0.001393705 0.982787549 147.302200317
0.982520819 0.008263619 -0.185963988 -16.081253052 -0.008317202 0.999964595 0.000492002 -2.268261909 0.185961604 0.001063296 0.982556343 149.251541138
0.982335925 0.010431709 -0.186829776 -16.482336044 -0.011074107 0.999935150 -0.002395062 -2.297118425 0.186792806 0.004421731 0.982389271 151.220794678
0.982138157 0.009817514 -0.187899485 -16.870134354 -0.010887597 0.999929190 -0.004663739 -2.325099707 0.187840521 0.006626216 0.982177079 153.162597656
0.981890917 0.007945079 -0.189275250 -17.257392883 -0.009086426 0.999944687 -0.005163101 -2.350313187 0.189223900 0.006789444 0.981910348 155.088821411
0.981671572 0.006194705 -0.190474540 -17.642475128 -0.007050310 0.999967158 -0.003814658 -2.384351254 0.190444797 0.005087650 0.981684566 157.011291504
0.981417656 0.004306183 -0.191830143 -18.041093826 -0.004829502 0.999985039 -0.002260585 -2.416340590 0.191817686 0.003145024 0.981425405 158.952453613
0.981237829 0.003599570 -0.192762494 -18.442388535 -0.004085165 0.999988616 -0.002121766 -2.456425905 0.192752823 0.002869425 0.981243014 160.906539917
0.981000364 0.003879346 -0.193961754 -18.829065323 -0.004267134 0.999988854 -0.001581573 -2.483626604 0.193953618 0.002379186 0.981007636 162.858184814
0.980795324 0.003985976 -0.194993585 -19.231544495 -0.004450675 0.999987423 -0.001945107 -2.511306524 0.194983527 0.002775606 0.980802417 164.786361694
0.980510235 0.004600928 -0.196408555 -19.631879807 -0.005007391 0.999985456 -0.001572971 -2.544742823 0.196398616 0.002525810 0.980520666 166.734786987
0.980272472 0.005691108 -0.197563305 -20.039751053 -0.006222637 0.999977767 -0.002069751 -2.572957993 0.197547272 0.003258287 0.980287671 168.688156128
0.980052531 0.005703487 -0.198651105 -20.454200745 -0.006167614 0.999978781 -0.001717732 -2.599814177 0.198637247 0.002908672 0.980068505 170.605850220
0.979790151 0.005068191 -0.199958235 -20.865146637 -0.005599232 0.999981403 -0.002090360 -2.623380899 0.199944079 0.003167729 0.979801893 172.551742554
0.979518235 0.003818961 -0.201313466 -21.274950027 -0.004684771 0.999980927 -0.003824580 -2.651234865 0.201295197 0.004689358 0.979519129 174.507843018
0.979381263 0.003396000 -0.201986343 -21.701612473 -0.004359204 0.999980390 -0.004324048 -2.688010693 0.201967865 0.005115397 0.979378521 176.436569214
0.979092419 0.003767902 -0.203375518 -22.111341476 -0.004601922 0.999982119 -0.003628171 -2.726373911 0.203358382 0.004488238 0.979093790 178.401870728
0.978812873 0.004110506 -0.204710051 -22.519830704 -0.005044327 0.999978423 -0.004040074 -2.757383347 0.204689190 0.004987106 0.978814006 180.335861206
0.978547394 0.003591308 -0.205985352 -22.948949814 -0.004534403 0.999980628 -0.004106594 -2.810001850 0.205966756 0.004952522 0.978546143 182.320495605
0.978359520 0.002050501 -0.206896901 -23.381484985 -0.003119210 0.999982774 -0.004839376 -2.842061996 0.206883565 0.005380010 0.978350461 184.234558105
0.978084445 -0.000162166 -0.208203048 -23.821363449 -0.000641068 0.999991953 -0.003790493 -2.891215324 0.208202153 0.003840898 0.978078008 186.215850830
0.977754354 0.000590375 -0.209746987 -24.254680634 -0.001071920 0.999996364 -0.002182207 -2.931048393 0.209745109 0.002358496 0.977752984 188.184982300
0.977507293 0.001939815 -0.210887268 -24.689428329 -0.002158131 0.999996603 -0.000805119 -2.969387531 0.210885167 0.001242131 0.977509797 190.134567261
0.977225363 0.002911566 -0.212179095 -25.119428635 -0.003434340 0.999991179 -0.002095362 -2.992645502 0.212171286 0.002776338 0.977228284 192.071578979
0.977015555 0.002597400 -0.213146895 -25.553544998 -0.003212542 0.999990880 -0.002539730 -3.022911787 0.213138521 0.003166101 0.977016568 194.008422852
0.976844251 0.002458066 -0.213932246 -25.990489960 -0.002931260 0.999993145 -0.001894730 -3.054177046 0.213926300 0.002477949 0.976846337 195.952331543
0.976883531 0.003871968 -0.213731721 -26.436990738 -0.004229082 0.999989569 -0.001213678 -3.084289789 0.213724971 0.002089512 0.976891339 197.868148804
0.976986349 0.005113915 -0.213235006 -26.883535385 -0.005679665 0.999981046 -0.002040687 -3.117819786 0.213220716 0.003204829 0.976998508 199.793472290
0.977018654 0.006209651 -0.213057816 -27.329341888 -0.007054696 0.999969244 -0.003206262 -3.155288458 0.213031530 0.004635641 0.977033973 201.723083496
0.976942956 0.006732004 -0.213388786 -27.754522324 -0.007580983 0.999965549 -0.003160544 -3.191212893 0.213360339 0.004705372 0.976961911 203.634841919
0.976890147 0.006590697 -0.213634908 -28.195434570 -0.007373570 0.999967933 -0.002867934 -3.228986740 0.213609353 0.004376913 0.976909041 205.590408325
0.976835012 0.006166641 -0.213899419 -28.646270752 -0.006787992 0.999973834 -0.002170543 -3.272314310 0.213880643 0.003572213 0.976852953 207.540344238
0.976734221 0.006534754 -0.214348122 -29.094785690 -0.007388102 0.999966860 -0.003180269 -3.295920849 0.214320451 0.004689909 0.976751804 209.458053589
0.976648152 0.007138915 -0.214720711 -29.532865524 -0.007891949 0.999964595 -0.002649980 -3.327551842 0.214694396 0.004282668 0.976671517 211.381286621
0.976448834 0.006625210 -0.215641424 -29.956323624 -0.007199686 0.999971569 -0.001878646 -3.355010033 0.215623051 0.003386955 0.976470470 213.272781372
0.976283252 0.006560447 -0.216391742 -30.411231995 -0.007439601 0.999966323 -0.003248474 -3.399020672 0.216363356 0.004781305 0.976300836 215.216537476
0.976115882 0.006150391 -0.217157394 -30.854413986 -0.007323398 0.999961853 -0.004597309 -3.423563242 0.217121050 0.006077845 0.976125419 217.131607056
0.976039171 0.006055054 -0.217504784 -31.310234070 -0.007648639 0.999948919 -0.006485548 -3.467302084 0.217454627 0.007993776 0.976037383 219.084960938
0.976064682 0.005828766 -0.217396706 -31.765516281 -0.007246997 0.999956548 -0.005727018 -3.508153915 0.217354089 0.007165423 0.976066172 221.027664185
0.975971460 0.005704325 -0.217818052 -32.203338623 -0.006884589 0.999964595 -0.004660079 -3.534974337 0.217783973 0.006047700 0.975977898 222.952346802
0.975866735 0.006387527 -0.218267992 -32.643692017 -0.007286222 0.999967158 -0.003312782 -3.575582743 0.218239874 0.004823189 0.975882828 224.919250488
0.975886881 0.006892967 -0.218162403 -33.091400146 -0.007771017 0.999963999 -0.003167019 -3.612349749 0.218132913 0.004786002 0.975906968 226.845077515
0.975909054 0.006627855 -0.218071684 -33.542976379 -0.007592302 0.999963939 -0.003585008 -3.645558119 0.218040273 0.005154315 0.975925744 228.765167236
0.975806653 0.005328768 -0.218564644 -33.998920441 -0.006573948 0.999965191 -0.004970283 -3.684931040 0.218530774 0.006286877 0.975809395 230.714065552
0.975731909 0.004152175 -0.218923688 -34.462699890 -0.005316100 0.999973834 -0.004727814 -3.728780270 0.218898565 0.005776908 0.975730062 232.678543091
0.975594342 0.004472781 -0.219529748 -34.913917542 -0.005274256 0.999980569 -0.003064956 -3.773949623 0.219511986 0.004148015 0.975600600 234.616378784
0.975403965 0.003861763 -0.220385745 -35.364772797 -0.004439517 0.999987066 -0.002126352 -3.807446241 0.220374882 0.003052462 0.975410044 236.555023193
0.975233495 0.002660120 -0.221156374 -35.825939178 -0.003307301 0.999990463 -0.002556128 -3.839339495 0.221147656 0.003224256 0.975234568 238.505065918
0.974972963 0.001480080 -0.222312897 -36.279178619 -0.002390813 0.999988973 -0.003827588 -3.873095036 0.222304970 0.004263309 0.974967480 240.444885254
0.974669755 0.000994786 -0.223641127 -36.732837677 -0.002169406 0.999984264 -0.005006646 -3.898337364 0.223632827 0.005365003 0.974658370 242.372879028
0.974435687 0.001199787 -0.224657908 -37.194183350 -0.002304135 0.999985635 -0.004653611 -3.934949636 0.224649310 0.005052293 0.974426270 244.341308594
0.974248171 0.002003778 -0.225463733 -37.654342651 -0.003092857 0.999984384 -0.004477313 -3.971469641 0.225451425 0.005059348 0.974240959 246.272384644
0.974070311 0.001761923 -0.226232931 -38.126651764 -0.003122238 0.999978304 -0.005655249 -4.011115551 0.226218238 0.006214972 0.974056482 248.248565674
0.973807037 0.001466595 -0.227365404 -38.601539612 -0.002894907 0.999977291 -0.005948700 -4.043271065 0.227351695 0.006451097 0.973791003 250.192932129
0.973599494 0.002393363 -0.228244603 -39.076221466 -0.003448972 0.999984324 -0.004226170 -4.078437805 0.228231087 0.004901813 0.973594308 252.161010742
0.973382294 0.003001865 -0.229161784 -39.547805786 -0.003853273 0.999986470 -0.003267963 -4.109804153 0.229149044 0.004064006 0.973382533 254.109588623
0.973246753 0.003402606 -0.229730979 -40.030570984 -0.004245395 0.999985218 -0.003174456 -4.142158985 0.229716957 0.004064833 0.973248661 256.084411621
0.973058403 0.002284029 -0.230540887 -40.520313263 -0.003577156 0.999979377 -0.005191310 -4.176437378 0.230524465 0.005876137 0.973048449 258.047576904
0.972959936 0.001432537 -0.230963185 -40.988533020 -0.002910584 0.999976635 -0.006058924 -4.207122803 0.230949298 0.006567338 0.972943246 259.986419678
0.972965896 0.001391218 -0.230938315 -41.476417542 -0.002765580 0.999979556 -0.005627626 -4.246147633 0.230925977 0.006114175 0.972951710 261.956573486
0.973066747 0.001567021 -0.230511650 -41.953845978 -0.002417984 0.999990523 -0.003409212 -4.282907963 0.230504334 0.003874768 0.973063171 263.929229736
0.973220766 0.001160079 -0.229862705 -42.432422638 -0.001734574 0.999995172 -0.002297285 -4.312811375 0.229859129 0.002634482 0.973219931 265.888549805
0.973356545 -0.000142074 -0.229289874 -42.911609650 -0.000226618 0.999998093 -0.001581678 -4.346120834 0.229289830 0.001591498 0.973356485 267.842895508
0.973428130 -0.002572935 -0.228971362 -43.384506226 0.002313377 0.999995768 -0.001402044 -4.369482040 0.228974164 0.000835091 0.973431766 269.804168701
0.973487973 -0.003860412 -0.228698552 -43.856849670 0.003663258 0.999991953 -0.001286639 -4.403396130 0.228701830 0.000414745 0.973496020 271.760650635
0.973377466 -0.002068692 -0.229191557 -44.322154999 0.001591575 0.999995649 -0.002266620 -4.437817574 0.229195386 0.001841502 0.973378301 273.691864014
0.973274171 -0.001102197 -0.229636341 -44.792064667 0.000230821 0.999992132 -0.003821458 -4.474462986 0.229638889 0.003666326 0.973268628 275.638458252
0.973092616 -0.000385505 -0.230406716 -45.262428284 -0.000441653 0.999993145 -0.003538442 -4.516434193 0.230406642 0.003544996 0.973087609 277.570800781
0.972846389 0.000467367 -0.231443763 -45.723670959 -0.001222390 0.999993861 -0.003118870 -4.554402828 0.231441021 0.003317100 0.972842872 279.494079590
0.972679973 0.001050294 -0.232140377 -46.213005066 -0.001905317 0.999991655 -0.003459061 -4.593077183 0.232134953 0.003806865 0.972675741 281.443450928
0.972505510 0.001498689 -0.232867792 -46.696891785 -0.002135206 0.999994159 -0.002481359 -4.630584717 0.232862845 0.002910359 0.972504795 283.415710449
0.972408056 0.003377026 -0.233254746 -47.169723511 -0.003866806 0.999990702 -0.001642531 -4.666016102 0.233247176 0.002499163 0.972413838 285.340911865
0.972483397 0.003975540 -0.232930809 -47.658252716 -0.004634666 0.999986172 -0.002282478 -4.694780350 0.232918650 0.003299231 0.972490191 287.286895752
0.972638071 0.003683048 -0.232289016 -48.145191193 -0.004802742 0.999978960 -0.004254904 -4.732011318 0.232268572 0.005254111 0.972637057 289.216522217
0.972705781 0.004082336 -0.231998637 -48.633674622 -0.005142232 0.999978483 -0.003963982 -4.766898155 0.231977567 0.005048784 0.972707629 291.159484863
0.972845495 0.004980363 -0.231394678 -49.113685608 -0.005742085 0.999979675 -0.002618503 -4.801500320 0.231377020 0.003876089 0.972856045 293.097503662
0.972991884 0.006292956 -0.230746180 -49.612213135 -0.007035702 0.999971926 -0.002396178 -4.839001656 0.230724707 0.003954925 0.973010659 295.066864014
0.973154902 0.006589770 -0.230049297 -50.105751038 -0.007456996 0.999967515 -0.002900526 -4.879981041 0.230022803 0.004538141 0.973174274 297.047882080
0.973278284 0.004986815 -0.229567155 -50.579647064 -0.006260764 0.999968290 -0.004821320 -4.916993618 0.229535922 0.006129758 0.973280489 298.992584229
0.973358750 0.003593645 -0.229251921 -51.055343628 -0.004736555 0.999978423 -0.004435325 -4.953472614 0.229231134 0.005403032 0.973356605 300.936859131
0.973430991 0.003983155 -0.228938505 -51.526412964 -0.005100278 0.999977291 -0.004288100 -4.991204739 0.228916332 0.005341824 0.973431051 302.893005371
0.973591268 0.003921869 -0.228256896 -51.984882355 -0.005398554 0.999967813 -0.005845387 -5.021472931 0.228226721 0.006923282 0.973583043 304.815551758
0.973819613 0.003773374 -0.227283165 -52.482006073 -0.004294200 0.999988616 -0.001797107 -5.060464859 0.227273896 0.002726057 0.973826706 306.747833252
0.973986149 0.002288665 -0.226588309 -52.956211090 -0.002405455 0.999996543 -0.000239332 -5.096854210 0.226587072 0.000778151 0.973990262 308.690368652
0.974037707 0.003043656 -0.226357654 -53.421722412 -0.003560359 0.999991298 -0.001874474 -5.114088058 0.226350084 0.002631723 0.974042118 310.663970947
0.974162996 0.004055543 -0.225801557 -53.899765015 -0.004530295 0.999987841 -0.001584392 -5.153344154 0.225792497 0.002566403 0.974171698 312.652770996
0.974255085 0.004990889 -0.225384951 -54.350925446 -0.005046278 0.999986589 0.000330339 -5.191760540 0.225383669 0.000815516 0.974269450 314.573944092
0.974255800 0.006296386 -0.225349024 -54.819519043 -0.006858967 0.999974370 -0.001713654 -5.223939896 0.225332558 0.003215199 0.974276304 316.531768799
0.974338293 0.007007200 -0.224970967 -55.289878845 -0.008379863 0.999951005 -0.005147202 -5.258393764 0.224923983 0.006900351 0.974351645 318.483520508
0.974440157 0.008338473 -0.224483728 -55.762317657 -0.009983575 0.999930322 -0.006194266 -5.287422180 0.224416539 0.008277103 0.974457920 320.426574707
0.974470079 0.008605257 -0.224343657 -56.217700958 -0.009966668 0.999937534 -0.004936663 -5.332633972 0.224287257 0.007046598 0.974497378 322.364990234
0.974496663 0.008424251 -0.224235132 -56.679771423 -0.009414491 0.999949455 -0.003347260 -5.369660854 0.224195674 0.005372958 0.974529147 324.312652588
0.974636614 0.007689749 -0.223652646 -57.149425507 -0.008607860 0.999957383 -0.003130401 -5.400156498 0.223619133 0.004976178 0.974663734 326.305236816
0.974710822 0.006581065 -0.223364279 -57.608577728 -0.007699754 0.999961138 -0.004137784 -5.422753811 0.223328456 0.005752999 0.974726081 328.286743164
0.974789500 0.007116312 -0.223004207 -58.063518524 -0.008484410 0.999949932 -0.005177332 -5.458878517 0.222956285 0.006938876 0.974803567 330.199157715
0.974962592 0.006886669 -0.222253576 -58.530559540 -0.008438821 0.999945521 -0.006034771 -5.499209404 0.222199991 0.007759244 0.974970043 332.181793213
0.975003898 0.005445743 -0.222111866 -58.980537415 -0.007083739 0.999952614 -0.006578662 -5.537724018 0.222065598 0.007987616 0.974998772 334.129455566
0.975030899 0.004187781 -0.222020417 -59.451648712 -0.005810587 0.999960244 -0.006656587 -5.579851151 0.221983805 0.007780459 0.975019097 336.135284424
0.975037694 0.003081805 -0.222008541 -59.907936096 -0.004583637 0.999969244 -0.006249851 -5.621953487 0.221982524 0.007111458 0.975024521 338.094543457
0.975064635 0.002511434 -0.221897259 -60.364929199 -0.003761379 0.999978602 -0.005210601 -5.656697750 0.221879497 0.005915321 0.975055933 340.038726807
0.974984825 0.002142237 -0.222251579 -60.811660767 -0.003399136 0.999979556 -0.005272959 -5.694498539 0.222235829 0.005896528 0.974974930 341.964050293
0.974972427 0.000848842 -0.222314700 -61.276390076 -0.002402059 0.999973774 -0.006716300 -5.739776134 0.222303286 0.007082233 0.974951625 343.914581299
0.974966347 0.000906095 -0.222341254 -61.738292694 -0.002477612 0.999973118 -0.006789242 -5.780491829 0.222329229 0.007170171 0.974945068 345.841400146
0.974968433 0.001276593 -0.222330302 -62.212059021 -0.002491716 0.999982655 -0.005185008 -5.824095726 0.222319946 0.005609212 0.974957407 347.865081787
0.975062072 0.001160173 -0.221919820 -62.670280457 -0.002308964 0.999984443 -0.004917268 -5.862123013 0.221910775 0.005307054 0.975052297 349.839965820
0.975153208 0.000366271 -0.221521705 -63.118476868 -0.001557212 0.999984503 -0.005201594 -5.894352913 0.221516490 0.005417316 0.975141346 351.790283203
0.975211263 -0.000463486 -0.221266121 -63.570060730 -0.000972222 0.999978423 -0.006379689 -5.930772305 0.221264422 0.006436676 0.975192368 353.747741699
0.975245774 -0.000732636 -0.221113265 -64.029342651 -0.000657501 0.999979734 -0.006213362 -5.968203068 0.221113458 0.006204948 0.975228131 355.735961914
0.975412011 -0.000056769 -0.220380127 -64.493370056 -0.001196201 0.999983132 -0.005552078 -6.002986908 0.220376849 0.005679191 0.975398064 357.718719482
0.975536346 0.000603760 -0.219828323 -64.949523926 -0.001945577 0.999980032 -0.005887516 -6.039995193 0.219820514 0.006171188 0.975520551 359.658569336
0.975609243 0.000445113 -0.219505221 -65.415924072 -0.002084532 0.999970913 -0.007237180 -6.077764034 0.219495744 0.007518237 0.975584209 361.655853271
0.975640953 -0.000520822 -0.219364196 -65.867187500 -0.001151355 0.999970555 -0.007494961 -6.119786739 0.219361782 0.007564969 0.975613952 363.670379639
0.975619674 -0.002118438 -0.219449446 -66.323768616 0.000611737 0.999975085 -0.006933593 -6.165428162 0.219458804 0.006630315 0.975598931 365.631195068
0.975593448 -0.002656542 -0.219560057 -66.793983459 0.001371697 0.999980330 -0.006004198 -6.201482773 0.219571814 0.005556494 0.975580215 367.611663818
0.975558460 -0.003753302 -0.219699219 -67.253005981 0.002313882 0.999973416 -0.006808792 -6.240793705 0.219719052 0.006134027 0.975543559 369.607025146
0.975487888 -0.004231622 -0.220003650 -67.715774536 0.002467948 0.999961853 -0.008290848 -6.281177998 0.220030457 0.007544678 0.975463450 371.593292236
0.975424170 -0.005307810 -0.220262781 -68.172378540 0.003468747 0.999955058 -0.008735395 -6.326911449 0.220299378 0.007756694 0.975401103 373.592834473
0.975311875 -0.004883939 -0.220769227 -68.624908447 0.003230536 0.999963224 -0.007849775 -6.362791538 0.220799565 0.006942788 0.975294113 375.546173096
0.975216150 -0.004206596 -0.221205473 -69.083412170 0.003015731 0.999978423 -0.005721036 -6.400668144 0.221224859 0.004912158 0.975210071 377.516906738
0.975154459 -0.003436713 -0.221490443 -69.544631958 0.002675656 0.999988794 -0.003736074 -6.437704086 0.221500888 0.003050620 0.975154996 379.486541748
0.975048363 -0.002856803 -0.221965060 -70.007698059 0.001992840 0.999988914 -0.004116254 -6.468826294 0.221974447 0.003571211 0.975045562 381.454559326
0.974775553 -0.003643321 -0.223148450 -70.462104797 0.002270631 0.999976218 -0.006407782 -6.502257824 0.223166585 0.005739471 0.974763036 383.416442871
0.974541008 -0.004826554 -0.224148095 -70.937698364 0.003140961 0.999963462 -0.007875995 -6.545938969 0.224178016 0.006971453 0.974522889 385.403594971
0.974253237 -0.005452672 -0.225381225 -71.410758972 0.003873986 0.999964178 -0.007446232 -6.577993870 0.225413859 0.006381406 0.974241793 387.375030518
0.974022925 -0.007110498 -0.226328239 -71.882202148 0.005655349 0.999958396 -0.007077203 -6.627351761 0.226369232 0.005613407 0.974024951 389.350128174
0.973645926 -0.007389538 -0.227935821 -72.342887878 0.005895811 0.999955893 -0.007233561 -6.667951584 0.227979317 0.005699074 0.973648906 391.298400879
0.973393023 -0.008007362 -0.228992298 -72.833717346 0.006095153 0.999939859 -0.009056669 -6.697834969 0.229051128 0.007419974 0.973385692 393.249725342
0.973079562 -0.007358141 -0.230342075 -73.305587769 0.005619070 0.999950051 -0.008205088 -6.749920368 0.230391011 0.006689913 0.973074734 395.227935791
0.972799063 -0.006254433 -0.231556550 -73.790428162 0.004615622 0.999959886 -0.007618508 -6.797774792 0.231594980 0.006342516 0.972791195 397.170379639
0.972550571 -0.005513667 -0.232616663 -74.282524109 0.003672709 0.999957919 -0.008346548 -6.831452370 0.232652962 0.007263124 0.972532272 399.106170654
0.972245753 -0.005853532 -0.233879060 -74.754692078 0.003767678 0.999948502 -0.009364366 -6.875813484 0.233921915 0.008223304 0.972220182 401.033264160
0.971856475 -0.005673467 -0.235495925 -75.232673645 0.003731383 0.999954700 -0.008691654 -6.908845901 0.235534668 0.007568332 0.971836090 402.912628174
0.971589088 -0.005780702 -0.236594051 -75.729911804 0.003826388 0.999954104 -0.008718591 -6.945370674 0.236633688 0.007565605 0.971569061 404.870208740
0.971270740 -0.005547376 -0.237903059 -76.225875854 0.004010309 0.999967277 -0.006944451 -6.992462158 0.237933904 0.005790891 0.971263647 406.865661621
0.970996141 -0.004852796 -0.239036396 -76.712043762 0.003533283 0.999975562 -0.005948381 -7.032494545 0.239059523 0.004931284 0.970991969 408.789733887
0.970724940 -0.004750173 -0.240137473 -77.193893433 0.002915889 0.999963284 -0.007993249 -7.067438126 0.240166739 0.007059049 0.970705509 410.663116455
0.970350266 -0.005105239 -0.241639778 -77.688003540 0.002651660 0.999941051 -0.010478018 -7.107545376 0.241679162 0.009526623 0.970308959 412.589599609
0.970049202 -0.005564304 -0.242835313 -78.178810120 0.003206192 0.999943256 -0.010104920 -7.166007042 0.242877916 0.009023715 0.970014393 414.597106934
0.969661772 -0.005025386 -0.244389504 -78.686393738 0.002659488 0.999945879 -0.010009909 -7.216203690 0.244426727 0.009056298 0.969624996 416.550811768
0.969301701 -0.004210392 -0.245829061 -79.194137573 0.001905618 0.999951482 -0.009612677 -7.267425537 0.245857790 0.008849151 0.969265044 418.531860352
0.968974233 -0.002107031 -0.247143283 -79.717605591 0.000585304 0.999979973 -0.006230597 -7.305725098 0.247151628 0.005892649 0.968958437 420.378417969
0.968718469 -0.000829798 -0.248151377 -80.253585815 -0.000565560 0.999983966 -0.005551689 -7.345026970 0.248152182 0.005518383 0.968704879 422.367187500
0.968369901 -0.000636143 -0.249508783 -80.761642456 -0.000992202 0.999978542 -0.006400395 -7.386190891 0.249507695 0.006445529 0.968350887 424.295837402
0.968075097 -0.000526905 -0.250650138 -81.275611877 -0.001023313 0.999980688 -0.006054432 -7.423831463 0.250648677 0.006117654 0.968058288 426.249206543
0.967819035 -0.001444840 -0.251633525 -81.776847839 0.000341413 0.999989688 -0.004428684 -7.455651760 0.251637548 0.004200265 0.967811942 428.172729492
0.967634916 -0.002644488 -0.252330869 -82.283584595 0.001235991 0.999982357 -0.005740315 -7.491944313 0.252341837 0.005242665 0.967623472 430.131713867
0.967609048 -0.002250113 -0.252433956 -82.808082581 -0.000184260 0.999953270 -0.009619566 -7.523321152 0.252444059 0.009354517 0.967565775 432.078369141
0.967778146 -0.000886743 -0.251793414 -83.332000732 -0.001983660 0.999935448 -0.011145777 -7.568696976 0.251787305 0.011286140 0.967716336 434.051818848
0.967944205 0.000665263 -0.251155049 -83.839294434 -0.003036927 0.999953926 -0.009055557 -7.615991116 0.251137674 0.009528037 0.967904031 435.949340820
0.968156338 0.000513091 -0.250336200 -84.371086121 -0.002595542 0.999964237 -0.007988549 -7.656439781 0.250323385 0.008383944 0.968125522 437.925476074
0.968285799 -0.000474422 -0.249834865 -84.886573792 -0.001610871 0.999965131 -0.008142157 -7.693204880 0.249830246 0.008286408 0.968253732 439.886962891
0.968389511 -0.002107485 -0.249424189 -85.392555237 0.000039999 0.999965191 -0.008293834 -7.733310699 0.249433219 0.008021707 0.968358278 441.825439453
0.968344331 -0.004372939 -0.249570012 -85.896453857 0.002014881 0.999950528 -0.009703206 -7.771347523 0.249600321 0.008893216 0.968307614 443.768371582
0.968241274 -0.005502977 -0.249947131 -86.399818420 0.003230023 0.999949276 -0.009503055 -7.813827038 0.249986976 0.008393941 0.968212306 445.677429199
0.968004465 -0.005815463 -0.250855625 -86.914794922 0.003685327 0.999952734 -0.008960454 -7.859996319 0.250896096 0.007749299 0.967982471 447.636810303
0.967791259 -0.004297290 -0.251707435 -87.439590454 0.002206666 0.999960363 -0.008587478 -7.892281532 0.251734585 0.007755477 0.967764676 449.525238037
0.967500329 -0.002890867 -0.252843589 -87.953315735 0.001074645 0.999972343 -0.007321019 -7.933920383 0.252857983 0.006811393 0.967478871 451.455993652
0.967190683 -0.001529900 -0.254037350 -88.475395203 -0.000318056 0.999973536 -0.007233128 -7.974575520 0.254041910 0.007076635 0.967166722 453.368408203
0.966805100 -0.001530572 -0.255500793 -88.986076355 -0.000922738 0.999954402 -0.009481828 -8.021500587 0.255503893 0.009402867 0.966761708 455.307037354
0.966353655 -0.001282468 -0.257204384 -89.502296448 -0.001729398 0.999932349 -0.011483457 -8.061066628 0.257201970 0.011541922 0.966288149 457.209533691
0.965959609 -0.000376790 -0.258683205 -90.037132263 -0.002529867 0.999937117 -0.010903377 -8.107270241 0.258671284 0.011186687 0.965900064 459.166351318
0.965592444 0.000486167 -0.260050386 -90.567398071 -0.002990796 0.999952614 -0.009235713 -8.150361061 0.260033846 0.009695720 0.965550244 461.102874756
0.965203583 0.001401065 -0.261486739 -91.103034973 -0.003836908 0.999953628 -0.008805043 -8.188946724 0.261462539 0.009501987 0.965166271 463.005035400
0.964818954 0.000983535 -0.262904495 -91.637596130 -0.003654676 0.999946296 -0.009671276 -8.231932640 0.262881160 0.010291891 0.964772761 464.937438965
0.964382172 0.001501816 -0.264499694 -92.174354553 -0.004338522 0.999938905 -0.010140930 -8.270931244 0.264468610 0.010927301 0.964331806 466.835357666
0.963986576 0.001509146 -0.265937865 -92.723648071 -0.004039112 0.999951422 -0.008966684 -8.320405960 0.265911698 0.009717944 0.963947833 468.796997070
0.963570476 0.001415260 -0.267442137 -93.275283813 -0.003757849 0.999958694 -0.008247597 -8.369414330 0.267419696 0.008952174 0.963537991 470.737243652
0.963157177 0.000798562 -0.268929183 -93.818038940 -0.003497269 0.999947965 -0.009556061 -8.412576675 0.268907815 0.010144535 0.963111937 472.624786377
0.962768018 0.000547676 -0.270319819 -94.374084473 -0.003394430 0.999943376 -0.010063666 -8.445989609 0.270299256 0.010606588 0.962717354 474.505004883
0.962371767 0.000310405 -0.271727800 -94.931358337 -0.003016968 0.999949634 -0.009542857 -8.497256279 0.271711439 0.010003598 0.962326229 476.468292236
0.962040126 -0.000397855 -0.272899508 -95.482780457 -0.002557949 0.999941587 -0.010475233 -8.536208153 0.272888005 0.010775687 0.961984932 478.359344482
0.961642921 -0.000760915 -0.274295181 -96.034507751 -0.002149219 0.999944270 -0.010308816 -8.587398529 0.274287999 0.010502949 0.961589694 480.265777588
0.961357117 -0.000521529 -0.275295883 -96.586784363 -0.002674891 0.999933004 -0.011235270 -8.630483627 0.275283575 0.011537524 0.961293340 482.151855469
0.961200655 0.000569548 -0.275841773 -97.150650024 -0.004003195 0.999921083 -0.011884984 -8.678817749 0.275813490 0.012528135 0.961129010 484.026519775
0.961042345 0.001110669 -0.276391178 -97.725807190 -0.004304280 0.999930501 -0.010948279 -8.727500916 0.276360065 0.011711455 0.960982263 485.951416016
0.960988224 0.000437681 -0.276581258 -98.301986694 -0.003054924 0.999954224 -0.009032026 -8.774289131 0.276564926 0.009524632 0.960947514 487.885620117
0.960909128 -0.000318278 -0.276856273 -98.869834900 -0.002393334 0.999952137 -0.009456329 -8.816988945 0.276846290 0.009749309 0.960864246 489.822387695
0.960880697 -0.000888711 -0.276953638 -99.431221008 -0.002046888 0.999944448 -0.010310323 -8.863010406 0.276947677 0.010473912 0.960827410 491.748840332
0.960980296 -0.000726051 -0.276608258 -100.011466980 -0.002395789 0.999936938 -0.010948030 -8.905797958 0.276598990 0.011183565 0.960919857 493.672882080
0.961028457 -0.000719373 -0.276440948 -100.584732056 -0.002039629 0.999950707 -0.009692792 -8.957836151 0.276434481 0.009878912 0.960981548 495.596496582
0.961081326 0.000079055 -0.276257873 -101.155540466 -0.002300710 0.999967337 -0.007717871 -8.998836517 0.276248425 0.008053114 0.961052060 497.515808105
0.961094856 0.000239306 -0.276210636 -101.719139099 -0.002083873 0.999977231 -0.006384635 -9.042105675 0.276203007 0.006711849 0.961075425 499.453155518
0.961081624 0.000836171 -0.276255250 -102.299003601 -0.002980550 0.999968410 -0.007342532 -9.083477020 0.276240528 0.007880189 0.961055756 501.414154053
0.961033881 0.001145167 -0.276420057 -102.861572266 -0.003708598 0.999954641 -0.008751099 -9.124587059 0.276397616 0.009435260 0.960996568 503.316589355
0.960910559 0.001194111 -0.276848137 -103.432548523 -0.003782332 0.999953806 -0.008815059 -9.174758911 0.276824951 0.009517642 0.960872710 505.223724365
0.960746944 0.001251019 -0.277415127 -103.992576599 -0.003645848 0.999960244 -0.008116984 -9.219949722 0.277394056 0.008809807 0.960715294 507.136047363
