1.000000000 0.000000000 0.000000000 0.000000000 0.000000000 1.000000000 0.000000000 0.000000000 0.000000000 0.000000000 1.000000000 0.000000000
0.999998093 0.001088912 0.001636852 -0.009758798 -0.001081289 0.999988616 -0.004650334 -0.004427723 -0.001641897 0.004648556 0.999987841 0.954769552
0.999996185 -0.001004764 0.002589698 -0.011775093 0.001018904 0.999984562 -0.005464497 -0.009663127 -0.002584168 0.005467115 0.999981701 1.912001610
0.999992967 -0.002574234 0.002746399 -0.015584952 0.002578131 0.999995649 -0.001416441 -0.011018300 -0.002742741 0.001423512 0.999995172 2.857100487
0.999985099 -0.005082823 0.002014507 -0.011385314 0.005073614 0.999976754 0.004550145 -0.006652019 -0.002037588 -0.004539856 0.999987602 3.814142704
0.999962687 -0.008621451 0.000523704 -0.006320751 0.008619010 0.999952734 0.004493235 -0.002390523 -0.000562418 -0.004488553 0.999989748 4.753783703
0.999939978 -0.010951400 -0.000225017 -0.012567488 0.010951752 0.999938667 0.001640099 -0.000939706 0.000207041 -0.001642464 0.999998629 5.678698063
0.999933898 -0.011458013 -0.000919347 -0.017659836 0.011456312 0.999932647 -0.001832775 -0.002673855 0.000940285 0.001822122 0.999997914 6.598330975
0.999935567 -0.011221771 -0.001714293 -0.025199067 0.011217598 0.999934137 -0.002424002 -0.004986998 0.001741382 0.002404616 0.999995649 7.525043488
0.999938428 -0.010762041 -0.002717614 -0.034004897 0.010760555 0.999941945 -0.000559846 -0.005569911 0.002723482 0.000530569 0.999996185 8.445019722
0.999940455 -0.010419914 -0.003248559 -0.044951342 0.010427593 0.999942780 0.002356366 -0.003491231 0.003223820 -0.002390100 0.999991953 9.362396240
0.999936283 -0.010521355 -0.004098242 -0.054586142 0.010536796 0.999937296 0.003765041 -0.000118392 0.004058372 -0.003807983 0.999984503 10.274689674
0.999919236 -0.011860391 -0.004580025 -0.064802483 0.011881470 0.999918759 0.004603392 0.004014107 0.004525055 -0.004657437 0.999978900 11.187924385
0.999914885 -0.011888003 -0.005391397 -0.072874725 0.011912134 0.999919057 0.004466529 0.008004704 0.005337862 -0.004530371 0.999975443 12.089889526
0.999905050 -0.012375524 -0.006071203 -0.083759263 0.012394526 0.999918401 0.003102788 0.010751099 0.006032309 -0.003177742 0.999976754 12.996467590
0.999889731 -0.012774219 -0.007581955 -0.092574604 0.012783066 0.999917686 0.001120157 0.011736144 0.007567021 -0.001216954 0.999970615 13.898368835
0.999861598 -0.013996060 -0.009004495 -0.105776377 0.013994937 0.999902070 -0.000187121 0.011496552 0.009006231 0.000061078 0.999959469 14.795515060
0.999850094 -0.013603384 -0.010725986 -0.119154274 0.013595189 0.999907255 -0.000836072 0.010693640 0.010736363 0.000690125 0.999942183 15.695138931
0.999850035 -0.012351561 -0.012148534 -0.139326304 0.012332023 0.999922574 -0.001681542 0.009082122 0.012168362 0.001531474 0.999924839 16.584634781
0.999847889 -0.010862944 -0.013650560 -0.161356121 0.010840981 0.999939799 -0.001681595 0.007474106 0.013668003 0.001533353 0.999905467 17.477195740
0.999824822 -0.011150730 -0.015036676 -0.179687500 0.011138245 0.999937534 -0.000913460 0.006605041 0.015045919 0.000745817 0.999886572 18.368301392
0.999813020 -0.010438553 -0.016280185 -0.203223422 0.010446991 0.999945283 0.000433603 0.006888558 0.016274765 -0.000603601 0.999867439 19.245010376
0.999795794 -0.010023801 -0.017548189 -0.225919798 0.010042465 0.999949038 0.000976028 0.007673615 0.017537506 -0.001152056 0.999845624 20.123891830
0.999755144 -0.011135677 -0.019123722 -0.245760992 0.011151344 0.999937475 0.000712995 0.008266472 0.019114584 -0.000926076 0.999816954 21.002616882
0.999724865 -0.011156435 -0.020635668 -0.269874245 0.011163471 0.999937594 0.000226023 0.008393728 0.020631855 -0.000456327 0.999787152 21.870998383
0.999699473 -0.011143642 -0.021835838 -0.291918069 0.011161981 0.999937356 0.000718435 0.008979986 0.021826459 -0.000961951 0.999761462 22.735773087
0.999675572 -0.011098619 -0.022923576 -0.315697640 0.011160539 0.999934316 0.002575268 0.011153718 0.022893481 -0.002830273 0.999734044 23.597002029
0.999639452 -0.012416585 -0.023805311 -0.337300479 0.012546673 0.999907017 0.005323376 0.015626768 0.023736993 -0.005620135 0.999702573 24.440551758
0.999627650 -0.012163369 -0.024424883 -0.362700790 0.012337305 0.999899387 0.006983401 0.021379177 0.024337478 -0.007282140 0.999677420 25.272832870
0.999618888 -0.011613413 -0.025044005 -0.388967454 0.011765040 0.999913156 0.005915819 0.026209034 0.024973122 -0.006208210 0.999668956 26.099880219
0.999614954 -0.010040481 -0.025866402 -0.416816980 0.010126617 0.999943495 0.003201413 0.028736787 0.025832791 -0.003462122 0.999660432 26.910722733
0.999601960 -0.009730732 -0.026480619 -0.446503282 0.009771656 0.999951124 0.001416662 0.029770080 0.026465537 -0.001674858 0.999648452 27.700111389
0.999582529 -0.008912319 -0.027482932 -0.473814219 0.008944950 0.999959290 0.001064780 0.030558150 0.027472323 -0.001310170 0.999621868 28.487369537
0.999548614 -0.009111867 -0.028627291 -0.501852155 0.009131636 0.999958038 0.000560074 0.030941954 0.028620986 -0.000821236 0.999590158 29.265789032
0.999493778 -0.008608529 -0.030629169 -0.530456662 0.008603482 0.999962866 -0.000296428 0.030670408 0.030630585 0.000032760 0.999530911 30.037843704
0.999434233 -0.008525534 -0.032535668 -0.560078144 0.008512991 0.999963582 -0.000523811 0.030230235 0.032538950 0.000246538 0.999470592 30.798851013
0.999369621 -0.008202119 -0.034543276 -0.588905990 0.008221127 0.999966085 0.000408444 0.030515315 0.034538757 -0.000692172 0.999403298 31.552303314
0.999285400 -0.008909995 -0.036733702 -0.616644263 0.009018678 0.999955416 0.002794219 0.032608505 0.036707170 -0.003123513 0.999321342 32.301540375
0.999210835 -0.007944134 -0.038918197 -0.647597969 0.008116025 0.999957979 0.004260911 0.035754338 0.038882714 -0.004573411 0.999233484 33.043132782
0.999146104 -0.006168972 -0.040854562 -0.680755794 0.006356981 0.999969780 0.004473770 0.038994487 0.040825732 -0.004729662 0.999155223 33.771430969
0.999073505 -0.003062705 -0.042929199 -0.712962270 0.003219970 0.999988317 0.003594860 0.041589297 0.042917695 -0.003729761 0.999071777 34.493572235
0.998995900 -0.001281708 -0.044785425 -0.749436319 0.001404547 0.999995291 0.002711619 0.043532044 0.044781744 -0.002771800 0.998993099 35.211330414
0.998929918 -0.001121694 -0.046237752 -0.788865507 0.001300656 0.999991775 0.003840737 0.046192292 0.046233065 -0.003896767 0.998923242 35.905353546
0.998870790 0.000396908 -0.047508802 -0.823079586 -0.000133074 0.999984503 0.005556567 0.050019823 0.047510274 -0.005543971 0.998855531 36.593288422
0.998861849 0.003373702 -0.047578603 -0.862370849 -0.003081535 0.999975860 0.006212870 0.054251071 0.047598425 -0.006059185 0.998848319 37.269714355
0.998898804 0.006761346 -0.046428628 -0.901401222 -0.006575020 0.999969661 0.004164852 0.057073433 0.046455391 -0.003854997 0.998913109 37.933368683
0.998973131 0.008611923 -0.044482481 -0.942288697 -0.008567520 0.999962509 0.001188898 0.057945769 0.044491064 -0.000806573 0.999009669 38.578300476
0.999060094 0.009342546 -0.042330090 -0.973134279 -0.009378073 0.999955714 -0.000640676 0.057571415 0.042322244 0.001037049 0.999103665 39.217147827
0.999181747 0.010661379 -0.039017100 -1.004229188 -0.010666642 0.999942958 0.000073385 0.057683747 0.039015673 0.000342857 0.999238670 39.856452942
0.999237716 0.015480339 -0.035839625 -1.036614180 -0.015387717 0.999877393 0.002858814 0.059622552 0.035879496 -0.002305145 0.999353588 40.479942322
0.999291360 0.019857630 -0.031978507 -1.066003919 -0.019661250 0.999785781 0.006443928 0.063798636 0.032099627 -0.005810625 0.999467909 41.098049164
0.999306738 0.025045613 -0.027548073 -1.092751741 -0.024847992 0.999663055 0.007492883 0.068542972 0.027726462 -0.006803175 0.999592543 41.696716309
0.999336421 0.028976148 -0.022074560 -1.115531921 -0.028814694 0.999555767 0.007597573 0.073212594 0.022284910 -0.006956462 0.999727547 42.272796631
0.999329686 0.032836959 -0.016185908 -1.130402803 -0.032686349 0.999420524 0.009483784 0.078761503 0.016487954 -0.008948373 0.999824107 42.837970734
0.999242067 0.037721373 -0.009610590 -1.142932892 -0.037618347 0.999234915 0.010684542 0.084894761 0.010006277 -0.010314914 0.999896824 43.386295319
0.999154449 0.041035987 -0.002544937 -1.148748517 -0.041007593 0.999105036 0.010353149 0.090550527 0.002967514 -0.010240037 0.999943256 43.914813995
0.998994350 0.044571519 0.004853200 -1.152901649 -0.044620052 0.998949766 0.010399105 0.096046597 -0.004384598 -0.010605202 0.999934256 44.415058136
0.998722792 0.049005888 0.012292817 -1.150603414 -0.049128074 0.998743773 0.009842752 0.101044565 -0.011795023 -0.010434107 0.999876082 44.904254913
0.998383582 0.053250872 0.019860739 -1.146739721 -0.053402193 0.998547077 0.007167993 0.104632087 -0.019450186 -0.008217017 0.999777138 45.365257263
0.998085082 0.055238809 0.027834427 -1.135948896 -0.055372372 0.998457253 0.004050376 0.106509879 -0.027567755 -0.005583881 0.999604404 45.807777405
0.997809470 0.055735964 0.035632316 -1.120557427 -0.055909719 0.998427927 0.003897992 0.108078919 -0.035359051 -0.005881650 0.999357402 46.219982147
0.997524559 0.055137098 0.043641761 -1.099841118 -0.055415008 0.998449683 0.005183260 0.109998114 -0.043288324 -0.007588842 0.999033809 46.623004913
0.997059524 0.056683172 0.051567994 -1.078882933 -0.057061117 0.998353064 0.005885512 0.112114854 -0.051149465 -0.008810738 0.998652220 46.997688293
0.996388555 0.059745703 0.060335077 -1.058604598 -0.060221255 0.998166144 0.006092951 0.114317439 -0.059860419 -0.009704405 0.998159707 47.349082947
0.995531619 0.064421110 0.069041274 -1.037000775 -0.064961813 0.997871637 0.005613003 0.116225749 -0.068532750 -0.010072974 0.997598171 47.676292419
0.994641304 0.068009742 0.077867821 -1.012291551 -0.068660967 0.997623324 0.005713652 0.117840886 -0.077294193 -0.011029519 0.996947527 47.974742889
0.993904948 0.067349806 0.087276042 -0.983800888 -0.068173103 0.997652113 0.006483844 0.119320899 -0.086634472 -0.012394208 0.996163249 48.248691559
0.992997587 0.066182747 0.097856008 -0.949782729 -0.066949055 0.997745633 0.004564700 0.119930804 -0.097333334 -0.011084108 0.995190322 48.506713867
0.991843879 0.064966321 0.109659806 -0.910750866 -0.065370969 0.997860670 0.000095170 0.119301997 -0.109419070 -0.007262965 0.993969321 48.769458771
0.990238667 0.065967388 0.122783676 -0.867778718 -0.065995343 0.997812152 -0.003843745 0.117555536 -0.122768655 -0.004296928 0.992426157 49.023620605
0.988078952 0.067831554 0.138199210 -0.825004995 -0.067655228 0.997690499 -0.005978420 0.115516715 -0.138285607 -0.003442748 0.990386546 49.275539398
0.985587537 0.069360659 0.154293299 -0.775858045 -0.069064848 0.997585177 -0.007283151 0.112967975 -0.154425934 -0.003478060 0.987998366 49.524608612
0.982757211 0.069933452 0.171165764 -0.722157300 -0.069503434 0.997545004 -0.008511066 0.110074125 -0.171340838 -0.003532297 0.985205650 49.770549774
0.979512334 0.069073401 0.189167991 -0.662807345 -0.068481870 0.997605085 -0.009669585 0.106797606 -0.189382955 -0.003483100 0.981897295 50.009078979
0.975658059 0.068075977 0.208463803 -0.596473694 -0.067460842 0.997670710 -0.010067585 0.103278659 -0.208663687 -0.004240625 0.977978468 50.246067047
0.971142650 0.068186559 0.228544652 -0.525561213 -0.067359000 0.997662902 -0.011429004 0.099457972 -0.228789940 -0.004295345 0.973466575 50.484352112
0.965819418 0.070196450 0.249530345 -0.450546950 -0.068934344 0.997525215 -0.013804510 0.095113553 -0.249881968 -0.003868545 0.968268812 50.725288391
0.959581614 0.071533576 0.272187620 -0.367739260 -0.069803886 0.997431219 -0.016045321 0.090037115 -0.272636354 -0.003602957 0.962110639 50.964015961
0.952259243 0.072611280 0.296529800 -0.275971800 -0.070661247 0.997349858 -0.017303692 0.084433846 -0.297000557 -0.004475563 0.954867065 51.204193115
0.943695664 0.075364314 0.322115868 -0.177370369 -0.073377766 0.997135460 -0.018323136 0.078523517 -0.322574228 -0.006344677 0.946523190 51.446540833
0.933773160 0.077473462 0.349378586 -0.073212564 -0.075413056 0.996960878 -0.019518500 0.072331324 -0.349829137 -0.008121852 0.936778665 51.679996490
0.922556877 0.078242421 0.377844930 0.042047553 -0.075958252 0.996890008 -0.020969709 0.065442890 -0.378310800 -0.009354690 0.925631702 51.909957886
0.909897506 0.076416917 0.407733738 0.176963538 -0.073308304 0.997037292 -0.023268860 0.057116050 -0.408304125 -0.008717989 0.912804663 52.140251160
0.895010293 0.073747329 0.439906597 0.321653306 -0.069291204 0.997251630 -0.026206307 0.047997177 -0.440630466 -0.007026739 0.897661388 52.364631653
0.877668142 0.073292717 0.473631471 0.476124585 -0.066673659 0.997299373 -0.030778073 0.037665412 -0.474608481 -0.004565803 0.880185544 52.587539673
0.858103812 0.075273670 0.507928729 0.634965658 -0.066126168 0.997158766 -0.036061577 0.026240703 -0.509200454 -0.002642795 0.860644281 52.801059723
0.836272597 0.077248096 0.542845070 0.809485912 -0.065644160 0.997010052 -0.040749647 0.013060793 -0.544370294 -0.001556788 0.838844001 53.020000458
0.811625600 0.080323689 0.578629315 1.000823498 -0.066829562 0.996765137 -0.044628415 -0.001808157 -0.580342770 -0.002447972 0.814369023 53.243888855
0.784173787 0.084311694 0.614786863 1.208112240 -0.069658689 0.996424437 -0.047798287 -0.018119257 -0.616619170 -0.005343083 0.787243843 53.472984314
0.754244864 0.088614218 0.650585949 1.439045072 -0.073189259 0.996022046 -0.050814409 -0.036487125 -0.652501404 -0.009289402 0.757731020 53.706489563
0.721244216 0.089849271 0.686828732 1.691264391 -0.072972335 0.995889187 -0.053651050 -0.056652308 -0.688826442 -0.011423995 0.724836767 53.932277679
0.684819698 0.087715216 0.723413944 1.975077629 -0.069490239 0.996065080 -0.054991767 -0.078830749 -0.725391686 -0.012610775 0.688221216 54.154590607
0.645690084 0.086674765 0.758664310 2.286593914 -0.066733822 0.996140182 -0.057009235 -0.102842338 -0.760677934 -0.013818283 0.648982823 54.377605438
0.603274226 0.086473390 0.792831838 2.615321159 -0.064683907 0.996133983 -0.059428703 -0.128054738 -0.794906437 -0.015431668 0.606536210 54.592178345
0.557294011 0.086476319 0.825799584 2.971158504 -0.061014194 0.996137321 -0.063138150 -0.155833110 -0.828070521 -0.015198997 0.560418487 54.796165466
0.509458959 0.085382402 0.856248319 3.352175951 -0.057670549 0.996215045 -0.065026067 -0.185450494 -0.858560383 -0.016252212 0.512455523 54.982410431
0.460974365 0.083401918 0.883485436 3.754269361 -0.055716306 0.996329069 -0.064983487 -0.215696990 -0.885662854 -0.019268841 0.463929713 55.158855438
0.411372066 0.081195004 0.907843709 4.175796032 -0.055348869 0.996410966 -0.064035915 -0.246142238 -0.909785628 -0.023905560 0.414390326 55.321571350
0.361242414 0.080798648 0.928964615 4.614099979 -0.058014534 0.996255755 -0.064091556 -0.277029723 -0.930665672 -0.030740896 0.364577919 55.472591400
0.312044293 0.081106663 0.946599066 5.069897652 -0.055621691 0.996199429 -0.067020938 -0.310068429 -0.948438168 -0.031737976 0.315370232 55.600357056
0.265157223 0.077971995 0.961047232 5.555566788 -0.044150908 0.996660709 -0.068679944 -0.345755219 -0.963194013 -0.024220159 0.267714888 55.695358276
0.221202701 0.072462231 0.972531974 6.059492588 -0.030538384 0.997260749 -0.067358762 -0.381294489 -0.974749804 -0.014799637 0.222810179 55.767902374
0.179190010 0.071679920 0.981199682 6.574287415 -0.021056669 0.997392654 -0.069017410 -0.417814910 -0.983589292 -0.008293582 0.180232599 55.825202942
0.140841499 0.073473193 0.987302005 7.092144012 -0.017276736 0.997272432 -0.071750566 -0.455597639 -0.989881575 -0.006951912 0.141727149 55.878257751
0.108208604 0.074193850 0.991355717 7.640957355 -0.008388377 0.997243285 -0.073718838 -0.496415257 -0.994093001 -0.000338862 0.108533077 55.917911530
0.079371572 0.072619557 0.994196475 8.195517540 -0.000974186 0.997347653 -0.072771922 -0.536908567 -0.996844828 0.004807485 0.079232186 55.941635132
0.054565303 0.070932657 0.995987535 8.764028549 0.006388692 0.997427881 -0.071385212 -0.577487230 -0.998490036 0.010258212 0.053972166 55.956092834
0.034637541 0.070111230 0.996937633 9.340731621 0.011205269 0.997445762 -0.070536256 -0.618116677 -0.999337375 0.013614157 0.033763818 55.962875366
0.018793866 0.071953319 0.997230947 9.925097466 0.014026529 0.997289419 -0.072221868 -0.660281181 -0.999725223 0.015345019 0.017734025 55.963085175
0.005380773 0.071552947 0.997422338 10.511378288 0.014861597 0.997320235 -0.071625784 -0.702290654 -0.999875307 0.015208691 0.004303310 55.959594727
-0.006102035 0.072504736 0.997349501 11.111142159 0.015902786 0.997248292 -0.072400078 -0.745783985 -0.999855161 0.015418849 -0.007237934 55.952331543
-0.015188140 0.075422995 0.997036040 11.730381012 0.020552682 0.996963263 -0.075104401 -0.792354286 -0.999673665 0.019351074 -0.016691832 55.938072205
-0.021682531 0.077426046 0.996762395 12.352876663 0.024769403 0.996731639 -0.076884851 -0.840240359 -0.999458313 0.023022160 -0.023529137 55.917755127
-0.026236907 0.076893069 0.996694207 12.993470192 0.025052305 0.996774137 -0.076239765 -0.889220476 -0.999342024 0.022969201 -0.028078297 55.898815155
-0.029923933 0.074151926 0.996798038 13.644050598 0.022655796 0.997037947 -0.073489659 -0.937303126 -0.999295592 0.020384161 -0.031514950 55.884025574
-0.032501448 0.067401111 0.997196555 14.312509537 0.020472433 0.997558475 -0.066758335 -0.982206285 -0.999262214 0.018245300 -0.033801645 55.869705200
-0.033747822 0.061790179 0.997518599 14.988558769 0.021592293 0.997898459 -0.061083227 -1.023665309 -0.999197304 0.019477289 -0.035010781 55.849102020
-0.034233946 0.059302457 0.997653008 15.675778389 0.024195632 0.997993946 -0.058492482 -1.063898206 -0.999121070 0.022136420 -0.035599824 55.821929932
-0.033927307 0.061499625 0.997530460 16.363845825 0.027361250 0.997787237 -0.060584892 -1.105588794 -0.999049842 0.025238203 -0.035534639 55.793502808
-0.033103298 0.069061108 0.997063160 17.056482315 0.027928345 0.997283399 -0.068149149 -1.152984500 -0.999061823 0.025590369 -0.034941830 55.771335602
-0.030921713 0.077042431 0.996548355 17.758798599 0.028624894 0.996683538 -0.076164715 -1.206690669 -0.999112010 0.026170956 -0.033024184 55.749172211
-0.028816381 0.077818409 0.996551156 18.468763351 0.029252050 0.996602952 -0.076976627 -1.261667371 -0.999156833 0.026932986 -0.030994529 55.732154846
-0.026653608 0.073577277 0.996933460 19.200857162 0.028501846 0.996937335 -0.072815582 -1.315318346 -0.999238551 0.026473653 -0.028668756 55.717849731
-0.024232788 0.067102194 0.997451961 19.936243057 0.027781598 0.997403860 -0.066424042 -1.364442229 -0.999320447 0.026101174 -0.026033770 55.704456329
-0.021426404 0.065677367 0.997611046 20.668664932 0.025816334 0.997542739 -0.065118425 -1.412493587 -0.999437213 0.024359407 -0.023068991 55.697467804
-0.017898425 0.071019858 0.997314513 21.394174576 0.033406660 0.996958911 -0.070395015 -1.463521838 -0.999281645 0.032056995 -0.020216214 55.677116394
-0.014764251 0.076731406 0.996942699 22.127138138 0.034829028 0.996484876 -0.076180384 -1.519588232 -0.999284327 0.033597812 -0.017384514 55.666049957
-0.012322882 0.077371821 0.996926367 22.858371735 0.028777432 0.996615648 -0.076992005 -1.576497316 -0.999509931 0.027740235 -0.014507418 55.671085358
-0.009272883 0.073796690 0.997230470 23.588161469 0.024156274 0.996997952 -0.073554881 -1.630663514 -0.999665260 0.023407320 -0.011027375 55.677391052
-0.004475357 0.070071377 0.997532189 24.317991257 0.028111784 0.997155905 -0.069918834 -1.681808949 -0.999594867 0.027729513 -0.006432135 55.672336578
-0.000867348 0.071120925 0.997467518 25.050447464 0.032753140 0.996933997 -0.071054414 -1.733922243 -0.999463201 0.032608587 -0.003193795 55.668064117
0.001790410 0.075786367 0.997122705 25.785839081 0.032245573 0.996600688 -0.075804591 -1.790041804 -0.999478519 0.032288536 -0.000659122 55.674144745
0.005640481 0.076562740 0.997049034 26.502923965 0.028477577 0.996647477 -0.076693006 -1.845605493 -0.999578655 0.028826149 0.003441579 55.690639496
0.009098738 0.076210126 0.997050464 27.249998093 0.027554212 0.996693313 -0.076434277 -1.903216600 -0.999579072 0.028168419 0.006969073 55.707897186
0.012704479 0.073210508 0.997235775 27.995502472 0.031438891 0.996793270 -0.073578544 -1.958234906 -0.999425054 0.032286786 0.010362415 55.716049194
0.016391035 0.073728934 0.997143745 28.733942032 0.035757948 0.996595919 -0.074276216 -2.013150215 -0.999226153 0.036873307 0.013699179 55.723754883
0.019950781 0.074669510 0.997008860 29.471981049 0.038461875 0.996411204 -0.075394392 -2.068948746 -0.999060988 0.039851040 0.017007591 55.736038208
0.022636319 0.074658364 0.996952295 30.209875107 0.038842667 0.996388555 -0.075498082 -2.125052929 -0.998988986 0.040433317 0.019654982 55.756114960
0.026036339 0.073173784 0.996979356 30.960615158 0.040063471 0.996439219 -0.074180394 -2.181181908 -0.998857915 0.041873869 0.023012379 55.779869080
0.029715756 0.072286308 0.996941209 31.707143784 0.041877341 0.996415317 -0.073496401 -2.236271858 -0.998680830 0.043933276 0.026582422 55.801010132
0.032591671 0.072696470 0.996821523 32.448936462 0.040129155 0.996451318 -0.073981509 -2.291654348 -0.998662889 0.042412814 0.029559115 55.830718994
0.035683077 0.074388936 0.996590734 33.188457489 0.037250396 0.996433198 -0.075710915 -2.348159313 -0.998668671 0.039825026 0.032785133 55.863143921
0.038253270 0.074424371 0.996492743 33.935810089 0.038782265 0.996360123 -0.075903222 -2.405285835 -0.998515189 0.041549820 0.035228040 55.894367218
0.040971704 0.074347004 0.996390462 34.688285828 0.036411412 0.996453702 -0.075848944 -2.462800264 -0.998496592 0.039387673 0.038119681 55.929058075
0.043163925 0.074685648 0.996272564 35.441032410 0.034692626 0.996487856 -0.076204829 -2.520752907 -0.998465419 0.037852637 0.040421642 55.969470978
0.045814104 0.074924268 0.996136248 36.191482544 0.031486213 0.996578932 -0.076405630 -2.578693867 -0.998453557 0.034865040 0.043298647 56.012954712
0.049115278 0.076789565 0.995836794 36.950149536 0.030133083 0.996471763 -0.078324668 -2.638566494 -0.998338342 0.033854600 0.046628438 56.054420471
0.052438151 0.080315605 0.995389104 37.704349518 0.029008409 0.996216774 -0.081910543 -2.700812578 -0.998202622 0.033169918 0.049910299 56.097736359
0.055874910 0.082501531 0.995023310 38.465442657 0.028959531 0.996026397 -0.084210865 -2.765341997 -0.998017550 0.033520710 0.053264037 56.141944885
0.058545172 0.084891982 0.994668663 39.234390259 0.022708595 0.996005952 -0.086342685 -2.832471848 -0.998026311 0.027642502 0.056383926 56.199260712
0.061098978 0.084225819 0.994571686 40.001041412 0.018782822 0.996159136 -0.085514098 -2.898675919 -0.997954845 0.023905711 0.059282672 56.256904602
0.064896688 0.085017711 0.994263709 40.770236969 0.020640662 0.996035814 -0.086516447 -2.965745211 -0.997678339 0.026136916 0.062884971 56.310783386
0.068713218 0.086157560 0.993909061 41.549343109 0.019638332 0.995953262 -0.087692402 -3.034535885 -0.997442961 0.025544368 0.066743530 56.365058899
0.072315753 0.087297402 0.993553996 42.329650879 0.015404788 0.995944858 -0.088628672 -3.104403019 -0.997262657 0.021714758 0.070678070 56.432529449
0.076508969 0.085400268 0.993404806 43.124774933 0.014133018 0.996131420 -0.086723126 -3.173814058 -0.996968567 0.020674923 0.075006403 56.492443085
0.081394516 0.085147783 0.993038118 43.918209076 0.014646477 0.996133506 -0.086613670 -3.243149757 -0.996574163 0.021594411 0.079833083 56.562305450
0.086568110 0.088869080 0.992274225 44.707241058 0.011215186 0.995862603 -0.090168856 -3.314964294 -0.996182621 0.018934309 0.085213654 56.636074066
0.092606567 0.097398996 0.990927458 45.496593475 0.009348042 0.995074570 -0.098680183 -3.393733978 -0.995658696 0.018401690 0.091240339 56.717563629
0.099764869 0.102082752 0.989760518 46.283424377 0.007485905 0.994617343 -0.103338197 -3.476054907 -0.994982660 0.017718799 0.098464079 56.805393219
0.107224517 0.105034746 0.988671005 47.079261780 0.003338707 0.994359612 -0.106001154 -3.561480284 -0.994229019 0.014666831 0.106269449 56.897651672
0.114106670 0.103518412 0.988060355 47.887081146 -0.000791631 0.994564831 -0.104108430 -3.646723986 -0.993467987 0.011097308 0.113568828 57.001869202
0.121565007 0.102042690 0.987324119 48.682209015 -0.001098833 0.994713962 -0.102671131 -3.729489565 -0.992582619 0.011396334 0.121034950 57.106399536
0.128721923 0.098766439 0.986750007 49.482460022 -0.001354758 0.995043874 -0.099419847 -3.810299397 -0.991679549 0.011460724 0.128218174 57.226081848
0.136190295 0.093406364 0.986269295 50.272521973 -0.003441740 0.995583057 -0.093813173 -3.885515213 -0.990676403 0.009381976 0.135910645 57.341941833
0.143255085 0.086222187 0.985922635 51.080646515 -0.006044832 0.996254563 -0.086247429 -3.956284761 -0.989667058 0.006395657 0.143240139 57.471130371
0.150861830 0.083540797 0.985018492 51.889850616 -0.005693180 0.996478856 -0.083640829 -4.025059700 -0.988538146 0.007010330 0.150806651 57.603958130
0.158281788 0.085302539 0.983702302 52.679908752 -0.006062219 0.996325552 -0.085421756 -4.093658924 -0.987375021 0.007557299 0.158217728 57.730064392
0.164216518 0.091884203 0.982135475 53.455764771 -0.005333484 0.995719492 -0.092263304 -4.166577339 -0.986409545 0.009912968 0.164004073 57.862945557
0.169260696 0.095422499 0.980940998 54.225914001 -0.006863336 0.995391071 -0.095643908 -4.241725922 -0.985547066 0.009456240 0.169135913 58.001800537
0.174261168 0.098334610 0.979777157 54.995223999 -0.008298553 0.995111704 -0.098397709 -4.319058418 -0.984664142 0.009016179 0.174225762 58.146522522
0.179561734 0.097853519 0.978867829 55.753368378 -0.010511220 0.995173693 -0.097555429 -4.394653320 -0.983690143 0.007228137 0.179724097 58.290802002
0.184907109 0.094862856 0.978166819 56.504043579 -0.006732841 0.995428383 -0.095264174 -4.467751980 -0.982732534 0.011029192 0.184700891 58.431640625
0.189426467 0.088232324 0.977922618 57.263168335 -0.006113730 0.996040344 -0.088682741 -4.536623001 -0.981875479 0.010820112 0.189216241 58.581291199
0.192657232 0.081886522 0.977843463 58.008419037 -0.007907958 0.996608377 -0.081899896 -4.599126816 -0.981233835 0.008045869 0.192651778 58.738655090
0.195774838 0.078616604 0.977492511 58.749446869 -0.011594296 0.996896446 -0.077855065 -4.658191204 -0.980579972 0.003908728 0.196079150 58.898338318
0.198841557 0.078738905 0.976863444 59.472766876 -0.013184477 0.996891201 -0.077669494 -4.715728760 -0.979942560 0.002564491 0.199261919 59.056343079
0.200858295 0.080820754 0.976280689 60.185340881 -0.015102741 0.996727109 -0.079406179 -4.773695946 -0.979503393 0.001204876 0.201421931 59.211189270
0.202065721 0.085177355 0.975660920 60.875492096 -0.019132428 0.996363223 -0.083022252 -4.832390785 -0.979184568 -0.001890810 0.202960908 59.371814728
0.204018250 0.089355528 0.974880576 61.563320160 -0.020300655 0.995996952 -0.087042585 -4.893785954 -0.978756070 -0.002032438 0.205015928 59.525245667
0.206153050 0.094588958 0.973937273 62.237270355 -0.020806532 0.995514870 -0.092280447 -4.957636833 -0.978298008 -0.001240359 0.207196876 59.673519135
0.207726508 0.096663699 0.973399103 62.908515930 -0.020084519 0.995316327 -0.094554082 -5.022840977 -0.977980256 0.000091141 0.208695397 59.821784973
0.208982661 0.096715711 0.973125041 63.574802399 -0.022749580 0.995308161 -0.094034843 -5.087198257 -0.977654219 -0.002486532 0.210202768 59.976566315
0.209371954 0.093767069 0.973329961 64.233848572 -0.022969628 0.995587885 -0.090970337 -5.148774624 -0.977565706 -0.003310386 0.210602373 60.125102997
0.210113734 0.091197081 0.973414361 64.879341125 -0.022862146 0.995825231 -0.088361874 -5.207358360 -0.977409065 -0.003688295 0.211321920 60.268238068
0.210052446 0.089931503 0.973545313 65.522933960 -0.021687664 0.995943308 -0.087321207 -5.265085697 -0.977448940 -0.002771892 0.211151123 60.407341003
0.208519936 0.089302935 0.973932564 66.149192810 -0.022119053 0.995997608 -0.086590469 -5.320755959 -0.977767348 -0.003486628 0.209661037 60.544795990
0.206867576 0.090119831 0.974209666 66.762672424 -0.023329521 0.995919049 -0.087174222 -5.375632763 -0.978090167 -0.004694324 0.208126202 60.679748535
0.204711914 0.092904627 0.974403441 67.362411499 -0.024063881 0.995661318 -0.089875937 -5.430940151 -0.978525817 -0.005049251 0.206059784 60.808612823
0.202672601 0.096681617 0.974462271 67.953262329 -0.022128394 0.995311439 -0.094147854 -5.488029480 -0.978995860 -0.002482089 0.203862160 60.930351257
0.201124281 0.097122833 0.974739134 68.540611267 -0.019722734 0.995271564 -0.095099188 -5.545333862 -0.979366481 -0.000097760 0.202089190 61.047737122
0.198911846 0.096154258 0.975288928 69.127876282 -0.020533739 0.995364726 -0.093945667 -5.601900101 -0.979801536 -0.001339417 0.199964628 61.170211792
0.196400866 0.093212701 0.976083040 69.710418701 -0.020713074 0.995642543 -0.090912841 -5.656150818 -0.980304182 -0.002362318 0.197476178 61.291213989
0.194313869 0.089296445 0.976866543 70.278854370 -0.020316912 0.995999873 -0.087004118 -5.706776619 -0.980728328 -0.002940807 0.195351213 61.405273438
0.192777902 0.088232428 0.977267444 70.842224121 -0.016316712 0.996098757 -0.086713962 -5.756761074 -0.981106102 0.000770741 0.193465889 61.511867523
0.191114739 0.089584447 0.977471113 71.388725281 -0.012490813 0.995966971 -0.088837408 -5.806406975 -0.981487632 0.004768726 0.191463321 61.614036560
0.188761920 0.091619939 0.977739573 71.937202454 -0.008222842 0.995750010 -0.091720149 -5.857806206 -0.981987894 0.009273471 0.188713416 61.714256287
0.187118039 0.093631886 0.977864921 72.480377197 -0.008756159 0.995565653 -0.093651257 -5.909833431 -0.982297838 0.008961497 0.187108532 61.818965912
0.185901508 0.096335299 0.977834404 73.016281128 -0.009080961 0.995307088 -0.096330285 -5.962646961 -0.982525826 0.009028266 0.185904294 61.923007965
0.184603915 0.094781876 0.978232026 73.559150696 -0.007447658 0.995444298 -0.095044158 -6.015408993 -0.982784212 0.010259984 0.184469223 62.027061462
0.185424268 0.093309723 0.978218377 74.101898193 -0.001387303 0.995504439 -0.094695643 -6.067852020 -0.982656956 0.016201787 0.184720546 62.123565674
0.188181236 0.091188185 0.977891922 74.652450562 0.003939374 0.995601475 -0.093597688 -6.120298386 -0.982125759 0.021465613 0.186994702 62.217292786
0.190148771 0.090516530 0.977573693 75.195808411 0.006713903 0.995596588 -0.093491271 -6.172326088 -0.981731713 0.024340587 0.188704163 62.324745178
0.193457305 0.090079993 0.976964712 75.744819641 0.004198692 0.995690107 -0.092637993 -6.224545479 -0.981099129 0.022023469 0.192245737 62.440059662
0.198930860 0.090709917 0.975806534 76.290924072 0.003038666 0.995644331 -0.093173519 -6.276883125 -0.980008245 0.021500235 0.197789177 62.559711456
0.205392852 0.089719526 0.974558532 76.850128174 0.004063967 0.995701373 -0.092522502 -6.330093384 -0.978670597 0.022964031 0.204145744 62.682071686
0.213099837 0.090201840 0.972857773 77.414169312 0.002454374 0.995675683 -0.092855133 -6.384102345 -0.977026820 0.022175167 0.211957350 62.812759399
0.221493915 0.088053815 0.971178174 77.986549377 0.003105001 0.995845258 -0.090998486 -6.437999249 -0.975156248 0.023171116 0.220300674 62.953983307
0.230360746 0.087715469 0.969143927 78.563415527 -0.000423602 0.995937109 -0.090039819 -6.491862774 -0.973104656 0.020331105 0.229462400 63.103755951
0.239944085 0.087473765 0.966837764 79.143142700 -0.001565526 0.995964766 -0.089720517 -6.545910358 -0.970784903 0.020014295 0.239113227 63.259586334
0.249529868 0.091414884 0.964042664 79.727859497 -0.007003650 0.995677650 -0.092601888 -6.602335453 -0.968341231 0.016355114 0.249091968 63.426502228
0.258948237 0.093696006 0.961336017 80.323013306 -0.010410248 0.995495915 -0.094221279 -6.660914421 -0.965834558 0.014390680 0.258757710 63.603794098
0.269788921 0.096471459 0.958074808 80.917915344 -0.014720777 0.995264709 -0.096070968 -6.720687389 -0.962806404 0.011815272 0.269931942 63.781433105
0.280056626 0.098189481 0.954948783 81.525199890 -0.016050786 0.995094359 -0.097610161 -6.782870293 -0.959848702 0.012008688 0.280259222 63.968704224
0.289912224 0.098967709 0.951922417 82.140457153 -0.019462267 0.995041966 -0.097523399 -6.846002579 -0.956854761 0.009746651 0.290401399 64.166633606
0.300306827 0.099264301 0.948663473 82.763572693 -0.020294335 0.995009005 -0.097689427 -6.910280228 -0.953626156 0.010084300 0.300822973 64.375289917
0.310398608 0.100294098 0.945300877 83.403152466 -0.024748884 0.994933188 -0.097433478 -6.976281166 -0.950283706 0.006848069 0.311308593 64.597351074
0.321009457 0.095409915 0.942257822 84.060722351 -0.024170639 0.995412767 -0.092557780 -7.040907860 -0.946766973 0.006936939 0.321843565 64.826759338
0.331900477 0.088399723 0.939163208 84.721504211 -0.020639524 0.996040404 -0.086459391 -7.101746082 -0.943088055 0.009312022 0.332411379 65.061386108
0.342880309 0.084065385 0.935609996 85.374618530 -0.019206349 0.996405721 -0.082489289 -7.159392357 -0.939182222 0.010314289 0.343263060 65.307189941
0.353237033 0.080919139 0.932027698 86.046028137 -0.020042175 0.996677041 -0.078936137 -7.216294289 -0.935318649 0.009203288 0.353685617 65.566085815
0.362896204 0.078420974 0.928523779 86.733047485 -0.013890653 0.996795774 -0.078758225 -7.274477005 -0.931725562 0.015683245 0.362823278 65.828773499
0.371741861 0.073038153 0.925458491 87.420921326 -0.007611194 0.997105300 -0.075635366 -7.330462933 -0.928304493 0.021072973 0.371222228 66.093688965
0.378918976 0.063577570 0.923243344 88.134170532 0.001688861 0.997586966 -0.069390327 -7.383796692 -0.925427854 0.027852532 0.377897799 66.375839233
0.386120260 0.058882304 0.920567214 88.864257812 0.007429851 0.997728527 -0.066934198 -7.436540127 -0.922418118 0.032684322 0.384806246 66.670616150
0.393467933 0.059039664 0.917440593 89.564735413 0.008917214 0.997642517 -0.068025298 -7.488497257 -0.919294715 0.034946788 0.392014414 66.970466614
0.400876194 0.065296642 0.913802266 90.276184082 0.011186952 0.997032225 -0.076151587 -7.547689915 -0.916063607 0.040750027 0.398956567 67.278732300
0.408237308 0.069562584 0.910221577 90.980857849 0.014963244 0.996447325 -0.082863405 -7.611427784 -0.912752867 0.047447812 0.405746639 67.584167480
0.413363218 0.071670040 0.907741308 91.680931091 0.012990848 0.996330738 -0.084580332 -7.677392483 -0.910473228 0.046754736 0.410916001 67.916725159
0.417876452 0.073175222 0.905552149 92.360939026 0.006192289 0.996497154 -0.083381802 -7.740467548 -0.908482432 0.040450737 0.415960163 68.240440369
0.421609193 0.076877140 0.903512955 93.055168152 -0.000595591 0.996421635 -0.084504589 -7.806376457 -0.906777084 0.035089787 0.420146912 68.591041565
0.425508022 0.080003075 0.901411355 93.739425659 -0.001496151 0.996144116 -0.087704703 -7.873448372 -0.904953063 0.035970408 0.423987597 68.926612854
0.429418415 0.084221169 0.899169981 94.413948059 -0.004847179 0.995841384 -0.090961114 -7.942208767 -0.903092265 0.034701943 0.428041458 69.262786865
0.432709783 0.087307505 0.897295773 95.072135925 -0.007978624 0.995630205 -0.093027979 -8.011011124 -0.901497602 0.033094935 0.431516141 69.596290588
0.436587304 0.085742109 0.895566821 95.721588135 -0.009175505 0.995819449 -0.090867363 -8.077287674 -0.899614751 0.031454261 0.435549468 69.924201965
0.440501779 0.082744889 0.893930435 96.372184753 -0.008400652 0.996078432 -0.088060476 -8.141708374 -0.897712052 0.031281203 0.439470053 70.254570007
0.443819046 0.080193803 0.892521083 97.005455017 -0.009097358 0.996338308 -0.084998138 -8.202319145 -0.896069825 0.029604208 0.442924112 70.578994751
0.447453648 0.079128683 0.890799701 97.631706238 -0.009992184 0.996456802 -0.083495006 -8.261304855 -0.894250870 0.028459108 0.446659535 70.903068542
0.450704247 0.080828600 0.889006555 98.242355347 -0.012099018 0.996352613 -0.084454663 -8.319666862 -0.892590940 0.027307965 0.450038910 71.225013733
0.453479171 0.081329778 0.887548506 98.846633911 -0.011343677 0.996272683 -0.085496798 -8.377996445 -0.891194224 0.028702952 0.452712089 71.537391663
0.455749124 0.079536512 0.886547744 99.449234009 -0.009383844 0.996372581 -0.084565505 -8.435379982 -0.890058339 0.030221429 0.454842865 71.843353271
0.457399160 0.078276217 0.885809839 100.036231995 -0.007461142 0.996419966 -0.084197871 -8.491384506 -0.889229715 0.031902883 0.456346244 72.152313232
0.459198415 0.078254558 0.884880364 100.614440918 -0.009064084 0.996472120 -0.083419539 -8.546104431 -0.888287008 0.030285489 0.458288282 72.458702087
0.461201817 0.077675380 0.883888900 101.185134888 -0.007571757 0.996467948 -0.083617933 -8.600116730 -0.887262523 0.031872150 0.460161507 72.756546021
0.463904232 0.079613484 0.882300794 101.741378784 -0.008280331 0.996298552 -0.085546292 -8.654141426 -0.885846198 0.032379549 0.462846935 73.051193237
0.466800570 0.079791516 0.880755723 102.296127319 -0.005446130 0.996160686 -0.087360151 -8.709090233 -0.884345353 0.035983071 0.465443552 73.342269897
0.469533741 0.079231985 0.879352272 102.846290588 -0.004003356 0.996144891 -0.087617740 -8.764526367 -0.882904887 0.037619140 0.468041450 73.651481628
0.472873330 0.077286482 0.877734423 103.380546570 -0.000882854 0.996185601 -0.087240785 -8.817434311 -0.881129384 0.040478949 0.471138477 73.933486938
0.476153105 0.076404959 0.876036823 103.903259277 0.000303871 0.996202588 -0.087050602 -8.869581223 -0.879361749 0.041715641 0.474322349 74.221420288
0.479309499 0.075992994 0.874349773 104.417846680 0.001236175 0.996183634 -0.087259710 -8.921080589 -0.877644479 0.042905282 0.477386922 74.505714417
0.483009189 0.075087316 0.872389853 104.922798157 0.001997892 0.996218085 -0.086851493 -8.971345901 -0.875612438 0.043693036 0.481033087 74.784004211
0.486402154 0.074543633 0.870549381 105.427833557 0.003659363 0.996170223 -0.087344944 -9.022148132 -0.873726845 0.045670457 0.484267175 75.067787170
0.490625888 0.075870238 0.868061006 105.922546387 0.003111291 0.996042132 -0.088814557 -9.072458267 -0.871364176 0.046275545 0.488448620 75.339584351
0.494807661 0.076010741 0.865671813 106.418640137 0.005106135 0.995894551 -0.090363637 -9.124508858 -0.868986964 0.049132887 0.492388755 75.627143860
0.499620676 0.079415411 0.862596273 106.905326843 0.002967517 0.995624721 -0.093381584 -9.177453995 -0.866238654 0.049215175 0.497199684 75.912887573
0.504885793 0.085269548 0.858964086 107.385467529 -0.000680144 0.995146573 -0.098388657 -9.233138084 -0.863185287 0.049090855 0.502494037 76.207710266
0.510619164 0.092349142 0.854833066 107.859802246 -0.005926730 0.994568348 -0.103904791 -9.291648865 -0.859785914 0.047989458 0.508393705 76.507545471
0.516672075 0.098756209 0.850468755 108.330284119 -0.011183490 0.994017959 -0.108631015 -9.352333069 -0.856109679 0.046615444 0.514686525 76.804840088
0.523222029 0.103093274 0.845937610 108.796180725 -0.014786949 0.993603289 -0.111943245 -9.414216042 -0.852067411 0.046062376 0.521400392 77.096977234
0.528662682 0.103209689 0.842533946 109.279365540 -0.018826449 0.993760705 -0.109921895 -9.477746964 -0.848622501 0.042249728 0.527308106 77.410964966
0.534056962 0.102274761 0.839239538 109.763610840 -0.025189854 0.994139075 -0.105122022 -9.539086342 -0.845072508 0.035000864 0.533503950 77.738197327
0.539630175 0.099881627 0.835956275 110.253997803 -0.031275962 0.994629323 -0.098650821 -9.597633362 -0.841320455 0.027089654 0.539856672 78.079711914
0.545204520 0.098267227 0.832523644 110.753379822 -0.037707012 0.994974196 -0.092748545 -9.653716087 -0.837453961 0.019174967 0.546170592 78.430580139
0.551227033 0.096377224 0.828770339 111.254974365 -0.040248707 0.995220184 -0.088963650 -9.707774162 -0.833383322 0.015682250 0.552472174 78.778572083
0.557337403 0.100043014 0.824236929 111.757202148 -0.045444831 0.994900703 -0.090028487 -9.762845039 -0.829040825 0.012718953 0.559042633 79.135948181
0.563163400 0.104095541 0.819762945 112.268173218 -0.049427506 0.994499981 -0.092328273 -9.820653915 -0.824865341 0.011477086 0.565211952 79.510749817
0.569022775 0.107825316 0.815222025 112.786766052 -0.052564759 0.994107008 -0.094795510 -9.881237984 -0.820639372 0.011088878 0.571337998 79.899337769
0.575188339 0.110022843 0.810588360 113.313720703 -0.054993682 0.993871868 -0.095877156 -9.943737030 -0.816169679 0.010570209 0.577714741 80.290901184
