1.000000000 0.000000000 0.000000000 0.000000000 0.000000000 1.000000000 0.000000000 0.000000000 0.000000000 0.000000000 1.000000000 0.000000000
0.999990821 -0.002600111 -0.003403067 -0.000137427 0.002592914 0.999994397 -0.002117644 -0.005421223 0.003408554 0.002108800 0.999991953 0.672961056
0.999970853 -0.001332633 -0.007522215 -0.008939804 0.001305537 0.999992609 -0.003605996 -0.011394663 0.007526965 0.003596070 0.999965191 1.353452444
0.999934137 -0.001332129 -0.011401007 -0.024511825 0.001274618 0.999986410 -0.005050133 -0.016133174 0.011407580 0.005035268 0.999922216 2.059261799
0.999868333 0.000186110 -0.016228022 -0.043653816 -0.000278332 0.999983788 -0.005680844 -0.022301542 0.016226703 0.005684612 0.999852121 2.786477804
0.999782622 -0.000754008 -0.020836253 -0.056125797 0.000628249 0.999981523 -0.006041477 -0.027513526 0.020840423 0.006027073 0.999764621 3.522581577
0.999677300 0.001053518 -0.025380366 -0.081327260 -0.001236864 0.999973178 -0.007209348 -0.038636748 0.025372092 0.007238413 0.999651849 4.277620316
0.999535680 0.003691593 -0.030244287 -0.111844465 -0.003926585 0.999962509 -0.007714105 -0.049246140 0.030214677 0.007829281 0.999512732 5.034155846
0.999391615 0.003949620 -0.034650639 -0.141440049 -0.004164257 0.999972522 -0.006124328 -0.058537431 0.034625497 0.006264897 0.999380708 5.812104225
0.999229848 0.003169467 -0.039110586 -0.176144272 -0.003304490 0.999988735 -0.003388206 -0.069209956 0.039099410 0.003514836 0.999229133 6.603156090
0.999089479 0.002740206 -0.042574622 -0.213336751 -0.002771985 0.999995887 -0.000687422 -0.082180560 0.042572565 0.000804812 0.999093056 7.414008141
0.998970985 0.004511404 -0.045127422 -0.258061796 -0.004570602 0.999988794 -0.001208697 -0.094124943 0.045121465 0.001413712 0.998980522 8.226783752
0.998867333 0.003898361 -0.047420781 -0.298960775 -0.003962520 0.999991357 -0.001259018 -0.106764704 0.047415465 0.001445497 0.998874247 9.048795700
0.998786390 0.000929311 -0.049241297 -0.336420923 -0.001022940 0.999997735 -0.001876247 -0.112707883 0.049239449 0.001924341 0.998785198 9.886463165
0.998668551 0.000954702 -0.051575515 -0.376703620 -0.001008149 0.999998987 -0.001010289 -0.122521952 0.051574506 0.001060940 0.998668611 10.724644661
0.998588145 -0.000436290 -0.053115990 -0.420502633 0.000374016 0.999999225 -0.001182333 -0.134053424 0.053116471 0.001160796 0.998587668 11.569648743
0.998485982 0.001977981 -0.054969862 -0.471275687 -0.002168627 0.999991834 -0.003408757 -0.148320839 0.054962672 0.003522804 0.998482168 12.424013138
0.998400927 0.002552900 -0.056470539 -0.520943522 -0.002898179 0.999977648 -0.006033261 -0.159042954 0.056453876 0.006187275 0.998385966 13.279831886
0.998281062 0.006637478 -0.058229536 -0.579393506 -0.007102213 0.999944568 -0.007777741 -0.168315426 0.058174688 0.008177930 0.998272836 14.151806831
0.998217404 0.007547697 -0.059201721 -0.637065411 -0.008006995 0.999939680 -0.007524774 -0.181062967 0.059141356 0.007985388 0.998217642 15.040739059
0.998139620 0.006997719 -0.060565121 -0.691045821 -0.007377616 0.999954581 -0.006051166 -0.195471451 0.060520023 0.006486734 0.998145878 15.915766716
0.998038769 0.007893034 -0.062096566 -0.749265015 -0.008194431 0.999955952 -0.004600474 -0.208329558 0.062057514 0.005100297 0.998059511 16.810100555
0.997996509 0.007680262 -0.062798254 -0.815325916 -0.007981207 0.999957979 -0.004542794 -0.218857691 0.062760718 0.005034897 0.998015881 17.707132339
0.997875094 0.007689579 -0.064697899 -0.871749401 -0.008065113 0.999952197 -0.005545219 -0.229782984 0.064652167 0.006055232 0.997889459 18.613267899
0.997816622 0.006161472 -0.065753728 -0.931371927 -0.006595242 0.999958038 -0.006381840 -0.242548823 0.065711647 0.006801567 0.997815430 19.508163452
0.997773767 0.006047106 -0.066411190 -0.992520332 -0.006374347 0.999968708 -0.004716652 -0.253876925 0.066380598 0.005129479 0.997781157 20.437591553
0.997758090 0.007132369 -0.066539235 -1.054983497 -0.007225718 0.999973357 -0.001162310 -0.270032585 0.066529185 0.001640497 0.997783065 21.350780487
0.997803271 0.008073301 -0.065749735 -1.119952679 -0.007921687 0.999965489 0.002566353 -0.281475335 0.065768197 -0.002039867 0.997832775 22.284420013
0.997913122 0.006764682 -0.064212695 -1.181095243 -0.006426795 0.999964595 0.005467146 -0.287561536 0.064247414 -0.005043055 0.997921228 23.212778091
0.998003125 0.007099809 -0.062761553 -1.242378831 -0.006724163 0.999958396 0.006194544 -0.295274585 0.062802933 -0.005760156 0.998009324 24.154060364
0.998088717 0.007319098 -0.061359439 -1.302824616 -0.007115253 0.999968588 0.003540060 -0.306336761 0.061383441 -0.003096706 0.998109400 25.087711334
0.998137951 0.008532847 -0.060394093 -1.365661740 -0.008633112 0.999961972 -0.001399369 -0.316236377 0.060379874 0.001918152 0.998173535 26.012960434
0.998222172 0.007627278 -0.059109129 -1.427417636 -0.007897071 0.999959648 -0.004331988 -0.328175128 0.059073720 0.004791075 0.998242021 26.944881439
0.998281777 0.005064352 -0.058372937 -1.481175900 -0.005260283 0.999981225 -0.003203312 -0.340227276 0.058355633 0.003504866 0.998289585 27.891239166
0.998275161 0.003409731 -0.058605388 -1.539927006 -0.003305062 0.999992967 0.001882866 -0.355668664 0.058611408 -0.001685924 0.998279333 28.866825104
0.998230815 -0.000492098 -0.059450962 -1.596484900 0.000811734 0.999985516 0.005352438 -0.367490739 0.059447479 -0.005391227 0.998216748 29.834402084
0.998142779 -0.007774670 -0.060415816 -1.651934385 0.008079785 0.999955952 0.004807559 -0.377455920 0.060375795 -0.005286776 0.998161614 30.782073975
0.998036444 -0.009818877 -0.061857533 -1.710420370 0.009897198 0.999950707 0.000959818 -0.385381490 0.061845079 -0.001570149 0.998084366 31.751209259
0.997952282 -0.009620185 -0.063231684 -1.774644494 0.009448351 0.999951005 -0.003016035 -0.396697223 0.063257620 0.002412423 0.997994125 32.729022980
0.997826755 -0.008201785 -0.065375604 -1.844379067 0.007986045 0.999961972 -0.003560700 -0.409320116 0.065402344 0.003030869 0.997854173 33.698692322
0.997787178 -0.008510263 -0.065937743 -1.910586953 0.008398814 0.999962986 -0.001967262 -0.425367832 0.065952078 0.001409110 0.997821569 34.678787231
0.997711957 -0.005692194 -0.067364290 -1.984399319 0.005772176 0.999983013 0.000992707 -0.441708088 0.067357540 -0.001379273 0.997727692 35.663524628
0.997646570 -0.005998639 -0.068299502 -2.058264494 0.006165749 0.999978662 0.002236163 -0.450632900 0.068284675 -0.002652017 0.997662127 36.656238556
0.997583628 -0.004627991 -0.069318213 -2.130658150 0.004977522 0.999975920 0.004870513 -0.460813105 0.069294050 -0.005203777 0.997582495 37.634185791
0.997612596 -0.004988660 -0.068875626 -2.211042881 0.005543003 0.999953866 0.007859681 -0.465419412 0.068833299 -0.008222693 0.997594059 38.624645233
0.997571349 0.000629592 -0.069647245 -2.287025452 0.000088344 0.999947071 0.010304608 -0.471937329 0.069650106 -0.010285732 0.997518241 39.603252411
0.997576475 0.000725110 -0.069573209 -2.369191885 -0.000051430 0.999953270 0.009684346 -0.477398366 0.069577046 -0.009657294 0.997529626 40.607154846
0.997583866 0.000876136 -0.069465071 -2.436223030 -0.000318394 0.999967813 0.008039771 -0.482059866 0.069469944 -0.007998226 0.997551739 41.578948975
0.997576177 0.003121967 -0.069511071 -2.512186766 -0.002719858 0.999979198 0.005878722 -0.487014234 0.069528043 -0.005675411 0.997563601 42.551380157
0.997531533 0.002843451 -0.070161194 -2.592111588 -0.002434294 0.999979675 0.005916505 -0.492807060 0.070176654 -0.005731105 0.997517824 43.541732788
0.997445881 0.000717918 -0.071420893 -2.666089773 -0.000186533 0.999972343 0.007446588 -0.504870474 0.071424335 -0.007414244 0.997418165 44.525474548
0.997392416 0.001430706 -0.072152600 -2.741744041 -0.000826841 0.999964476 0.008398461 -0.511579216 0.072162122 -0.008316901 0.997357965 45.511543274
0.997376382 0.003885489 -0.072284281 -2.819109917 -0.003550012 0.999982357 0.004769006 -0.520470798 0.072301611 -0.004499882 0.997372329 46.475135803
0.997310817 0.004565707 -0.073144138 -2.898019791 -0.004528378 0.999989569 0.000676216 -0.530296445 0.073146537 -0.000343173 0.997320771 47.434616089
0.997252166 0.005491026 -0.073877037 -2.973565578 -0.005546561 0.999984562 -0.000546541 -0.543454587 0.073872969 0.000954802 0.997266829 48.399215698
0.997251272 0.004144555 -0.073976561 -3.047008514 -0.003935258 0.999987900 0.002974790 -0.558629334 0.073988065 -0.002675495 0.997255147 49.379146576
0.997245491 0.002352248 -0.074133143 -3.119303226 -0.001897587 0.999979019 0.006202899 -0.572049618 0.074146241 -0.006045137 0.997228622 50.353794098
0.997206390 0.000258245 -0.074693210 -3.188037157 0.000263527 0.999975741 0.006975606 -0.583871663 0.074693255 -0.006975800 0.997181714 51.314933777
0.997182727 -0.002602993 -0.074963681 -3.260319710 0.003044260 0.999978840 0.005772758 -0.593961716 0.074947119 -0.005984702 0.997169077 52.265872955
0.997142971 -0.005113920 -0.075361475 -3.330623627 0.005466730 0.999975145 0.004476038 -0.605157852 0.075336754 -0.004875230 0.997145772 53.211612701
0.997052729 -0.006737814 -0.076420158 -3.403609753 0.007190942 0.999958217 0.005655812 -0.614420891 0.076378912 -0.006188674 0.997059226 54.156455994
0.996945083 -0.009738912 -0.077492721 -3.476218939 0.010528659 0.999896765 0.009789197 -0.622258544 0.077389441 -0.010575185 0.996944427 55.101905823
0.996877789 -0.010528171 -0.078251541 -3.546175480 0.011730495 0.999819994 0.014921069 -0.629681885 0.078080416 -0.015792409 0.996821582 56.041004181
0.996843934 -0.008835351 -0.078890167 -3.622761726 0.010224244 0.999799609 0.017218830 -0.635793090 0.078722276 -0.017971076 0.996734202 56.983650208
0.996754706 -0.007403890 -0.080155186 -3.703928471 0.008482607 0.999877989 0.013125690 -0.636478901 0.080048278 -0.013763017 0.996695638 57.898628235
0.996644020 -0.006072330 -0.081630260 -3.782831669 0.006533953 0.999964297 0.005389075 -0.638452709 0.081594668 -0.005904358 0.996647835 58.817516327
0.996581674 -0.004530870 -0.082486913 -3.863547325 0.004595800 0.999989450 0.000597283 -0.645580292 0.082483388 -0.000974337 0.996591687 59.728427887
0.996500611 0.000193480 -0.083583772 -3.947254181 -0.000063962 0.999998927 0.001552233 -0.658118904 0.083584033 -0.001541456 0.996499240 60.629043579
0.996394277 0.002908259 -0.084792390 -4.031960011 -0.002585633 0.999989152 0.003914474 -0.671512961 0.084802896 -0.003681117 0.996390641 61.507061005
0.996309161 0.005527416 -0.085657127 -4.115011692 -0.005073327 0.999972045 0.005518041 -0.686705530 0.085685275 -0.005063108 0.996309042 62.405117035
0.996207833 0.006416607 -0.086766429 -4.192515850 -0.005983080 0.999968410 0.005255642 -0.697312355 0.086797461 -0.004716581 0.996214449 63.266597748
0.996045530 0.007906244 -0.088489428 -4.271298409 -0.007400333 0.999954522 0.006043828 -0.706690431 0.088533238 -0.005365076 0.996058404 64.124435425
0.995915294 0.008684702 -0.089871511 -4.350723743 -0.008111279 0.999944568 0.006743776 -0.718634248 0.089925133 -0.005987256 0.995930195 64.960815430
0.995791495 0.008734984 -0.091227792 -4.428746223 -0.008115540 0.999941647 0.007158864 -0.725388587 0.091285035 -0.006388373 0.995803952 65.781372070
0.995674610 0.008579910 -0.092509083 -4.505509377 -0.007848634 0.999935210 0.008265862 -0.733249962 0.092574045 -0.007504039 0.995677173 66.584182739
0.995521128 0.011369359 -0.093850769 -4.587129116 -0.010382975 0.999885857 0.010991808 -0.740117788 0.093965068 -0.009968126 0.995525181 67.370063782
0.995378971 0.012972717 -0.095141754 -4.667384148 -0.011591408 0.999819636 0.015056810 -0.745501101 0.095319964 -0.013884403 0.995349467 68.147048950
0.995174944 0.016171634 -0.096772395 -4.747964382 -0.014609408 0.999751806 0.016830225 -0.752137244 0.097020589 -0.015335226 0.995163798 68.908172607
0.995002687 0.018877273 -0.098045215 -4.829614162 -0.017699454 0.999760747 0.012869066 -0.760284007 0.098264731 -0.011069405 0.995098352 69.650993347
0.994870961 0.019051438 -0.099339925 -4.908632755 -0.018590441 0.999811888 0.005564373 -0.767666578 0.099427290 -0.003689060 0.995037556 70.378906250
0.994723976 0.018221004 -0.100954279 -4.977704048 -0.018335054 0.999832094 -0.000201835 -0.773366630 0.100933686 0.002051769 0.994890571 71.071868896
0.994668245 0.019175785 -0.101325504 -5.052865505 -0.019412944 0.999810874 -0.001354901 -0.780490160 0.101280391 0.003314700 0.994851947 71.762458801
0.994527102 0.021975430 -0.102138944 -5.128088951 -0.021859026 0.999758780 0.002258989 -0.794471502 0.102163978 -0.000013970 0.994767129 72.430931091
0.994387925 0.022253605 -0.103425853 -5.201297760 -0.021894328 0.999749959 0.004607964 -0.810287952 0.103502564 -0.002317666 0.994626045 73.082588196
0.994356930 0.019156389 -0.104339384 -5.268710613 -0.019120470 0.999816597 0.001344636 -0.821879804 0.104346015 0.000657967 0.994540453 73.716903687
0.994482517 0.011036112 -0.104317494 -5.324424267 -0.011487159 0.999927402 -0.003723942 -0.834085405 0.104268827 0.004901702 0.994536638 74.329345703
0.994614959 0.007067729 -0.103394993 -5.379014015 -0.007986787 0.999932468 -0.008477491 -0.846020877 0.103328101 0.009257626 0.994603813 74.921546936
0.994909823 0.009564011 -0.100311898 -5.440319061 -0.010490103 0.999907374 -0.008708677 -0.856269002 0.100219332 0.009716623 0.994917452 75.499382019
0.995256305 0.014748490 -0.096160755 -5.503970623 -0.015372661 0.999865592 -0.005753195 -0.868917644 0.096063003 0.007204144 0.995348752 76.063331604
0.995710552 0.013378172 -0.091548391 -5.551384926 -0.013677722 0.999903262 -0.002645327 -0.880861282 0.091504164 0.003886149 0.995796680 76.619583130
0.996264219 0.009781303 -0.085800096 -5.587852955 -0.009685767 0.999952257 0.001529731 -0.892327726 0.085810982 -0.000692979 0.996310771 77.162727356
0.996965885 0.005583425 -0.077637382 -5.618159771 -0.005214293 0.999974430 0.004956463 -0.906357110 0.077663101 -0.004536602 0.996968865 77.688621521
0.997714102 0.009278890 -0.066933833 -5.653500557 -0.008980425 0.999948621 0.004758643 -0.914943337 0.066974588 -0.004146671 0.997745633 78.201637268
0.998548329 0.014511276 -0.051869899 -5.682513714 -0.014307811 0.999888659 0.004291877 -0.922672868 0.051926456 -0.003543503 0.998644173 78.703170776
0.999229848 0.019786753 -0.033881359 -5.698303223 -0.019638801 0.999796391 0.004694152 -0.927958965 0.033967398 -0.004025148 0.999414384 79.191024780
0.999760509 0.018345846 -0.011920732 -5.689146996 -0.018286113 0.999819994 0.005100920 -0.932545066 0.012012236 -0.004881714 0.999915481 79.671607971
0.999789596 0.014801441 0.014191213 -5.659222603 -0.014885682 0.999872327 0.005848789 -0.939428866 -0.014102747 -0.006058803 0.999881744 80.137115479
0.998961747 0.013622537 0.043468941 -5.614845276 -0.013951099 0.999876499 0.007264086 -0.947906852 -0.043364517 -0.007862982 0.999027908 80.588653564
0.996999443 0.013168573 0.076277964 -5.555637836 -0.013856663 0.999868095 0.008498550 -0.954126418 -0.076155871 -0.009530006 0.997049928 81.039894104
0.993401706 0.013351887 0.113904841 -5.482380867 -0.014442891 0.999857545 0.008758281 -0.956893504 -0.113771543 -0.010345604 0.993452549 81.487930298
0.987744808 0.013722951 0.155471683 -5.389161110 -0.015218812 0.999848843 0.008435166 -0.959549010 -0.155332267 -0.010697883 0.987803876 81.916732788
0.979609311 0.013419254 0.200462490 -5.273553371 -0.015376047 0.999848366 0.008207532 -0.966545522 -0.200321764 -0.011122492 0.979666531 82.335807800
0.968262017 0.015685748 0.249443874 -5.141951561 -0.017726915 0.999825478 0.005938369 -0.976246059 -0.249306992 -0.010171765 0.968370616 82.741539001
0.952984154 0.016417693 0.302574456 -4.986214161 -0.018150078 0.999831259 0.002914365 -0.986389637 -0.302475333 -0.008269090 0.953120887 83.131065369
0.933457375 0.016718317 0.358298004 -4.806887627 -0.018121077 0.999835849 0.000557298 -0.993985057 -0.358229637 -0.007012957 0.933606684 83.500427246
0.909490526 0.017359456 0.415361613 -4.606864929 -0.018435985 0.999829233 -0.001418380 -1.002328396 -0.415315062 -0.006367595 0.909654856 83.850051880
0.880642295 0.017136546 0.473471373 -4.393167973 -0.017853059 0.999836385 -0.002981359 -1.016455293 -0.473444730 -0.005827399 0.880803764 84.175163269
0.847329319 0.015562159 0.530839384 -4.154170036 -0.015167511 0.999872148 -0.005101916 -1.028809428 -0.530850649 -0.003728507 0.847456694 84.482612610
0.810680091 0.015471075 0.585284591 -3.892185450 -0.014122940 0.999876857 -0.006868436 -1.036290407 -0.585318506 -0.002697833 0.810798466 84.775764465
0.771236837 0.014194633 0.636389732 -3.614607811 -0.013221310 0.999893069 -0.006279738 -1.046471834 -0.636410475 -0.003570739 0.771341801 85.043182373
0.728945792 0.013688073 0.684434354 -3.324977398 -0.014499084 0.999884725 -0.004554792 -1.054033756 -0.684417427 -0.006603473 0.729059935 85.290557861
0.683914900 0.012671621 0.729451537 -3.021079302 -0.013538906 0.999897599 -0.004675937 -1.059346676 -0.729435682 -0.006678030 0.684016168 85.520690918
0.637669981 0.011599864 0.770222127 -2.702781677 -0.010203019 0.999926269 -0.006612192 -1.065116525 -0.770241678 -0.003642193 0.637741029 85.725524902
0.591096938 0.009276306 0.806546986 -2.375888348 -0.004394411 0.999956250 -0.008280219 -1.070282578 -0.806588173 0.001350112 0.591111541 85.906311035
0.544521153 0.011384225 0.838669658 -2.043896914 -0.006209591 0.999935389 -0.009541591 -1.079825997 -0.838723719 -0.000012199 0.544556320 86.077903748
0.497182041 0.014545593 0.867524207 -1.706400514 -0.009994004 0.999889374 -0.011037332 -1.086828947 -0.867588282 -0.003182477 0.497272044 86.241050720
0.451720893 0.016752809 0.892001927 -1.365951419 -0.011011828 0.999852479 -0.013201847 -1.098055482 -0.892090976 -0.003859022 0.451838374 86.379631042
0.409624547 0.014336747 0.912141502 -1.014289856 -0.003531035 0.999894202 -0.014130308 -1.105284333 -0.912247062 0.002567314 0.409631491 86.491523743
0.369971722 0.007219527 0.929014921 -0.649856329 0.011844560 0.999852121 -0.012487013 -1.107084632 -0.928967178 0.015623601 0.369831175 86.586074829
0.334755599 0.003742029 0.942297459 -0.286184967 0.016300661 0.999819756 -0.009761356 -1.112070680 -0.942163706 0.018627726 0.334633917 86.677337646
0.301561594 0.007911658 0.953413844 0.074986607 0.013828359 0.999824345 -0.012670657 -1.120085835 -0.953346074 0.017005116 0.301398933 86.773651123
0.270224720 0.015431512 0.962673545 0.438322961 0.002947782 0.999853790 -0.016854966 -1.136566997 -0.962792456 0.007392368 0.270139486 86.876647949
0.241918653 0.019694835 0.970096588 0.817673922 -0.001976783 0.999802053 -0.019804964 -1.157735586 -0.970294178 0.002873509 0.241909489 86.961532593
0.216319531 0.021371666 0.976088643 1.208817124 -0.000786953 0.999764025 -0.021715654 -1.175548673 -0.976321995 0.003929373 0.216285110 87.028594971
0.192999020 0.022759363 0.980934918 1.610309839 0.006670862 0.999677539 -0.024506729 -1.187892079 -0.981176019 0.011273442 0.192784756 87.082130432
0.173001379 0.029169578 0.984489501 2.020104647 0.013667280 0.999394119 -0.032012910 -1.188721657 -0.984826505 0.018993555 0.172497705 87.128654480
0.153203204 0.035926279 0.987541378 2.438186884 0.015539815 0.999127865 -0.038758587 -1.193187952 -0.988072276 0.021284131 0.152511120 87.180099487
0.135501638 0.036776815 0.990094244 2.874468088 0.013179677 0.999155581 -0.038917147 -1.208389163 -0.990689218 0.018322442 0.134902343 87.237602234
0.120069854 0.032341704 0.992238402 3.326056242 0.011213876 0.999361336 -0.033930864 -1.234970808 -0.992701888 0.015200897 0.119630329 87.287628174
0.105607055 0.029081117 0.993982553 3.789064884 0.011324943 0.999472380 -0.030444980 -1.258471727 -0.994343221 0.014471985 0.105221823 87.328010559
0.092343904 0.026635917 0.995370805 4.279372215 0.013830815 0.999511480 -0.028029863 -1.278039575 -0.995630920 0.016355162 0.091930225 87.366676331
0.080725014 0.025889050 0.996400058 4.775973797 0.017469108 0.999472380 -0.027384177 -1.296234846 -0.996583104 0.019616792 0.080229990 87.396064758
0.070706740 0.026536716 0.997143984 5.288193226 0.020676816 0.999392331 -0.028062738 -1.312885761 -0.997282624 0.022601970 0.070114911 87.419921875
0.062892459 0.027132524 0.997651279 5.810092449 0.022652933 0.999334097 -0.028606353 -1.331190228 -0.997762978 0.024398835 0.062235784 87.445579529
0.057383336 0.027505029 0.997973144 6.357397079 0.024324382 0.999285221 -0.028939852 -1.349592209 -0.998055637 0.025935730 0.056673117 87.470748901
0.051838949 0.028580552 0.998246312 6.920755863 0.025624983 0.999223232 -0.029939242 -1.368344903 -0.998326421 0.027132045 0.051066149 87.494842529
0.045853108 0.029329030 0.998517513 7.499184608 0.026106380 0.999192357 -0.030547705 -1.387971282 -0.998606801 0.027468363 0.045050237 87.521911621
0.041520171 0.029323917 0.998707235 8.097124100 0.028655428 0.999123156 -0.030527467 -1.410771132 -0.998726428 0.029885866 0.040643316 87.541717529
0.038698271 0.029291049 0.998821497 8.718037605 0.030130334 0.999081612 -0.030466063 -1.433309078 -0.998796344 0.031273786 0.037780020 87.561607361
0.035687361 0.028876947 0.998945653 9.355834961 0.031129193 0.999065340 -0.029992515 -1.455470681 -0.998877823 0.032166697 0.034754924 87.582023621
0.033384368 0.028291570 0.999042034 10.012382507 0.033318497 0.999012232 -0.029404126 -1.478388071 -0.998886824 0.034268189 0.032408599 87.600166321
0.032784529 0.027948443 0.999071538 10.682847023 0.037796039 0.998859346 -0.029182797 -1.501573324 -0.998747289 0.038717657 0.031690627 87.615646362
0.033830091 0.027610008 0.999046087 11.368966103 0.041018814 0.998737752 -0.028990496 -1.525380135 -0.998585224 0.041960407 0.032654699 87.633247375
0.036204502 0.027545452 0.998964608 12.073307037 0.042549308 0.998671174 -0.029079445 -1.549839616 -0.998437881 0.043558035 0.034984186 87.657585144
0.040111523 0.027472790 0.998817325 12.796934128 0.044930235 0.998561323 -0.029270113 -1.574799657 -0.998184264 0.046051141 0.038819291 87.684738159
0.044483695 0.027083445 0.998642802 13.531867027 0.045246735 0.998552144 -0.029096475 -1.600136757 -0.997984648 0.046479620 0.043193687 87.717910767
0.048512716 0.025400503 0.998499393 14.285389900 0.046817396 0.998520076 -0.027675696 -1.625825286 -0.997724414 0.048089739 0.047251571 87.753952026
0.052480578 0.023845470 0.998337090 15.042011261 0.046591505 0.998567820 -0.026300218 -1.653557658 -0.997534096 0.047894254 0.051294252 87.796890259
0.056652319 0.021780239 0.998156250 15.815113068 0.043546122 0.998756766 -0.024264906 -1.678606868 -0.997443497 0.044840474 0.055633277 87.847030640
0.060765043 0.020690802 0.997937500 16.609525681 0.042908907 0.998806834 -0.023321593 -1.703800559 -0.997228980 0.044237528 0.059804551 87.898750305
0.064891167 0.021712268 0.997655988 17.400444031 0.040261049 0.998892307 -0.024357915 -1.731099606 -0.997079492 0.041747276 0.063944958 87.956459045
0.068014137 0.025742488 0.997352064 18.185173035 0.038202543 0.998866737 -0.028386813 -1.761809349 -0.996952355 0.040032074 0.066953465 88.013153076
0.069316715 0.031177524 0.997107327 18.982904434 0.032213237 0.998920321 -0.033473630 -1.792957425 -0.997074187 0.034440320 0.068237379 88.079597473
0.069270149 0.034225486 0.997010589 19.787231445 0.029454198 0.998905420 -0.036336973 -1.829767704 -0.997162700 0.031883199 0.068186074 88.136688232
0.069460005 0.033707388 0.997015059 20.589044571 0.027329788 0.998989522 -0.035678178 -1.867313027 -0.997209966 0.029726401 0.068468437 88.198165894
0.069497548 0.032052577 0.997067034 21.399782181 0.024471972 0.999128103 -0.033824600 -1.907617688 -0.997281551 0.026750909 0.068652399 88.260765076
0.069281548 0.030847333 0.997120082 22.222932816 0.025482960 0.999140918 -0.032680470 -1.944291115 -0.997271299 0.027673710 0.068435788 88.323524475
0.069756009 0.030368216 0.997101724 23.034059525 0.023014160 0.999221504 -0.032042842 -1.980958939 -0.997298241 0.025182623 0.069002643 88.384056091
0.069983065 0.030748164 0.997074187 23.838102341 0.021419903 0.999248087 -0.032318655 -2.019184589 -0.997317791 0.023618974 0.069271654 88.443031311
0.070080712 0.031358495 0.997048318 24.644849777 0.018359043 0.999295890 -0.032719634 -2.059458494 -0.997371912 0.020597853 0.069455490 88.504646301
0.069004528 0.032800972 0.997076929 25.452613831 0.015803361 0.999297917 -0.033967759 -2.095829964 -0.997490704 0.018101081 0.068437546 88.565940857
0.065957569 0.032614347 0.997289240 26.273881912 0.013112531 0.999350965 -0.033549014 -2.131144524 -0.997735798 0.015289783 0.065486945 88.636444092
0.062024225 0.031545322 0.997575939 27.078104019 0.010902910 0.999419272 -0.032281518 -2.165445328 -0.998014569 0.012878703 0.061644107 88.693534851
0.057088785 0.029178351 0.997942626 27.891008377 0.009163131 0.999515295 -0.029748548 -2.200345039 -0.998326480 0.010842574 0.056793593 88.749389648
0.050746091 0.027121084 0.998343229 28.694427490 0.006753505 0.999598920 -0.027498502 -2.239451408 -0.998688161 0.008137746 0.050542422 88.793601990
0.043387800 0.027348276 0.998683929 29.496139526 0.006525526 0.999596059 -0.027656784 -2.275143385 -0.999036431 0.007716894 0.043191668 88.829414368
0.034729864 0.028372426 0.998993933 30.294736862 0.006296054 0.999570787 -0.028607717 -2.309596300 -0.999376416 0.007283250 0.034536179 88.857780457
0.024804169 0.028941348 0.999273300 31.095010757 0.007377479 0.999548197 -0.029132461 -2.340250969 -0.999664664 0.008094713 0.024579309 88.879699707
0.014479053 0.027988080 0.999503374 31.897163391 0.008956530 0.999564350 -0.028119558 -2.373160601 -0.999854565 0.009359215 0.014221933 88.894309998
0.003504375 0.026933201 0.999631107 32.694263458 0.008180944 0.999602914 -0.026961148 -2.406345844 -0.999959886 0.008272397 0.003282513 88.902221680
-0.007577272 0.026355365 0.999623895 33.480186462 0.009576836 0.999608636 -0.026282394 -2.432864428 -0.999924898 0.009374074 -0.007826833 88.891891479
-0.018577974 0.026607489 0.999473274 34.262039185 0.009612878 0.999604344 -0.026432320 -2.466919899 -0.999780715 0.009116744 -0.018826518 88.874977112
-0.029507199 0.027144117 0.999195933 35.040233612 0.010006624 0.999589145 -0.026859319 -2.501552582 -0.999513984 0.009206024 -0.029766811 88.848106384
-0.040145949 0.028399527 0.998790145 35.818389893 0.009619938 0.999560654 -0.028034791 -2.531762362 -0.999146998 0.008482805 -0.040401623 88.819046021
-0.050346158 0.029363314 0.998300076 36.581829071 0.010634532 0.999526799 -0.028863102 -2.566167831 -0.998674691 0.009163296 -0.050634705 88.777313232
-0.059851192 0.030045167 0.997755051 37.348846436 0.011531307 0.999500990 -0.029406058 -2.600160360 -0.998140156 0.009745420 -0.060167890 88.729179382
-0.069698676 0.030887716 0.997089803 38.106288910 0.012599893 0.999468029 -0.030080659 -2.624127388 -0.997487962 0.010466630 -0.070050880 88.680541992
-0.078869030 0.031198464 0.996396720 38.847373962 0.013198744 0.999455154 -0.030249527 -2.660426378 -0.996797085 0.010765420 -0.079237938 88.615371704
-0.087390646 0.030735781 0.995699883 39.577819824 0.014484465 0.999457419 -0.029580530 -2.692759514 -0.996068358 0.011837105 -0.087788507 88.547889709
-0.094670326 0.029672936 0.995066404 40.306232452 0.016204417 0.999469161 -0.028262574 -2.725171089 -0.995376348 0.013448829 -0.095100984 88.475425720
-0.099829040 0.027976429 0.994611263 41.022308350 0.018841814 0.999478519 -0.026222214 -2.758718967 -0.994825721 0.016122527 -0.100304186 88.399307251
-0.103457056 0.026309794 0.994285941 41.726375580 0.021862170 0.999468684 -0.024172172 -2.790450811 -0.994393110 0.019236451 -0.103977352 88.317581177
-0.106032938 0.025432115 0.994037390 42.439033508 0.023768298 0.999452055 -0.023035338 -2.814584970 -0.994077981 0.021184057 -0.106579393 88.238258362
-0.107924335 0.024555013 0.993855834 43.125453949 0.023644820 0.999475479 -0.022126259 -2.844249249 -0.993877351 0.021111563 -0.108448394 88.168045044
-0.108645715 0.024976799 0.993766725 43.782444000 0.024596004 0.999445736 -0.022430550 -2.871538639 -0.993775666 0.022005690 -0.109199889 88.096977234
-0.107907072 0.025974855 0.993821621 44.442176819 0.025186678 0.999409139 -0.023386203 -2.899431467 -0.993841350 0.022507511 -0.108497597 88.029426575
-0.104811542 0.027706053 0.994106114 45.068080902 0.026300356 0.999339342 -0.025079010 -2.925237179 -0.994143724 0.023516756 -0.105471045 87.963104248
-0.099624813 0.028246358 0.994624019 45.683719635 0.026520984 0.999317169 -0.025723234 -2.951075077 -0.994671047 0.023815719 -0.100305967 87.905548096
-0.091742225 0.028939428 0.995362163 46.286495209 0.025805864 0.999310911 -0.026675742 -2.978088856 -0.995447814 0.023238873 -0.092425875 87.859207153
-0.080823384 0.028827840 0.996311486 46.874744415 0.024385314 0.999339581 -0.026937284 -3.006359100 -0.996429563 0.022118188 -0.081473045 87.826446533
-0.067234553 0.029044049 0.997314453 47.434947968 0.023418862 0.999346673 -0.027524466 -3.035395145 -0.997461796 0.021505354 -0.067870878 87.800659180
-0.050169319 0.030274497 0.998281896 47.977424622 0.022302903 0.999325097 -0.029185319 -3.064738512 -0.998491168 0.020800352 -0.050810747 87.788024902
-0.029121106 0.032843225 0.999036312 48.508323669 0.020391503 0.999271512 -0.032256592 -3.091400385 -0.999367416 0.019432478 -0.029769702 87.790084839
-0.004871240 0.035771422 0.999348283 49.019599915 0.018031424 0.999200583 -0.035678271 -3.118324757 -0.999825120 0.017845849 -0.005512457 87.809715271
0.023160014 0.037375897 0.999032974 49.537990570 0.015686780 0.999164224 -0.037744496 -3.147082806 -0.999608219 0.016545746 0.022554232 87.844787598
0.056147143 0.036618687 0.997750878 50.049976349 0.013236334 0.999211967 -0.037417203 -3.176506042 -0.998334348 0.015307404 0.055618063 87.895721436
0.093919910 0.033888798 0.995002925 50.558029175 0.011874639 0.999311149 -0.035156436 -3.206286907 -0.995508552 0.015117162 0.093452647 87.967300415
0.135780185 0.030076358 0.990282416 51.059410095 0.009483110 0.999453723 -0.031655192 -3.233113050 -0.990693212 0.013689080 0.135420635 88.062973022
0.181577966 0.025629956 0.983042598 51.551933289 0.006535735 0.999606609 -0.027269065 -3.260230780 -0.983354509 0.011376344 0.181338862 88.175933838
0.229515895 0.022441233 0.973046243 52.034114838 0.001641099 0.999723613 -0.023443613 -3.283903837 -0.973303199 0.006977526 0.229415476 88.325927734
0.280861259 0.020999592 0.959518671 52.499340057 -0.002450942 0.999772847 -0.021163192 -3.305341005 -0.959744930 0.003592175 0.280848742 88.497589111
0.335142136 0.020915424 0.941935480 52.944461823 -0.003634658 0.999774694 -0.020906543 -3.320318937 -0.942160308 0.003583028 0.335142404 88.694778442
0.392655134 0.021226801 0.919440806 53.381923676 -0.002135025 0.999751806 -0.022169163 -3.340327501 -0.919683099 0.006741784 0.392602742 88.918113708
0.452600718 0.024297629 0.891382158 53.792007446 -0.001495738 0.999647796 -0.026489342 -3.361240625 -0.891711831 0.010655798 0.452477425 89.160385132
0.512332439 0.025859158 0.858397722 54.181236267 0.000142067 0.999543846 -0.030195996 -3.393244267 -0.858786941 0.015592315 0.512094855 89.426818848
0.570234835 0.029314063 0.820958495 54.545051575 -0.003566324 0.999441862 -0.033210069 -3.414944649 -0.821473777 0.016009711 0.570020854 89.726943970
0.625800848 0.031285234 0.779355109 54.887683868 -0.006484829 0.999369204 -0.034910034 -3.436079025 -0.779955626 0.016792726 0.625608802 90.057098389
0.678683043 0.031758949 0.733744264 55.201858521 -0.007765573 0.999318898 -0.036071129 -3.452085018 -0.734390020 0.018782899 0.678467214 90.397499084
0.727467299 0.030296724 0.685473204 55.475101471 -0.008569979 0.999347806 -0.035074476 -3.467297316 -0.686088681 0.019641021 0.727252245 90.741653442
0.772612154 0.025931332 0.634348571 55.740356445 -0.009765041 0.999532580 -0.028966170 -3.488634825 -0.634803176 0.016185153 0.772503912 91.125930786
0.813841224 0.020412734 0.580728650 55.984275818 -0.009748058 0.999721646 -0.021479405 -3.503400564 -0.581005454 0.011819832 0.813813388 91.532333374
0.849970460 0.018119523 0.526518583 56.196483612 -0.011952421 0.999814272 -0.015112435 -3.513120651 -0.526694596 0.006551935 0.850028872 91.958488464
0.880812824 0.014973404 0.473227710 56.379364014 -0.012801090 0.999887466 -0.007810993 -3.522993803 -0.473291367 0.000822179 0.880905151 92.383087158
0.906139791 0.015294831 0.422701657 56.535678864 -0.015918160 0.999871135 -0.002055367 -3.537256718 -0.422678560 -0.004866195 0.906266212 92.820121765
0.926109552 0.016939584 0.376874179 56.678432465 -0.019018022 0.999817491 0.001794374 -3.550256729 -0.376774937 -0.008829200 0.926262319 93.272094727
0.941177130 0.022945644 0.337133646 56.792919159 -0.026028166 0.999650419 0.004625654 -3.560254574 -0.336909622 -0.013128540 0.941444993 93.726486206
0.952867270 0.027514886 0.302137047 56.898674011 -0.030032335 0.999541998 0.003688775 -3.561160088 -0.301897168 -0.012588805 0.953256905 94.180870056
0.962052524 0.029292244 0.271287173 57.006938934 -0.031529889 0.999495089 0.003892284 -3.561354637 -0.271036208 -0.012298247 0.962490141 94.647209167
0.968149841 0.023999907 0.249218062 57.123462677 -0.025906937 0.999654591 0.004374285 -3.569070578 -0.249027029 -0.010691451 0.968437076 95.110939026
0.972111464 0.021268364 0.233552516 57.233161926 -0.023097284 0.999719977 0.005098186 -3.575391054 -0.233378738 -0.010350443 0.972330391 95.594673157
0.974971652 0.025592308 0.220850676 57.326911926 -0.027320208 0.999615073 0.004772183 -3.577837229 -0.220643595 -0.010686440 0.975295544 96.086708069
0.976927221 0.031057816 0.211301491 57.414073944 -0.032891661 0.999445319 0.005168637 -3.575862646 -0.211023808 -0.011999451 0.977406859 96.582733154
0.977928936 0.038801204 0.205302492 57.502429962 -0.040453516 0.999173701 0.003855258 -3.575718880 -0.204983324 -0.012075387 0.978690565 97.094474792
0.978302002 0.044491250 0.202349409 57.598384857 -0.045472652 0.998965263 0.000201379 -3.577884436 -0.202131122 -0.009398384 0.979312956 97.611885071
0.978408575 0.045943379 0.201507762 57.701793671 -0.046448521 0.998917878 -0.002223518 -3.588866234 -0.201391906 -0.007184238 0.979483962 98.144264221
0.977975607 0.044510651 0.203916714 57.817966461 -0.044262104 0.999002874 -0.005781932 -3.596607685 -0.203970805 -0.003371204 0.978970706 98.674980164
0.977244556 0.043100730 0.207689747 57.941356659 -0.041441657 0.999064386 -0.012334748 -3.600545883 -0.208027139 0.003447049 0.978116512 99.218086243
0.976326048 0.043669816 0.211849079 58.061428070 -0.040984038 0.999013841 -0.017054578 -3.607410431 -0.212384999 0.007968390 0.977153063 99.768272400
0.975152314 0.048428304 0.216176525 58.183696747 -0.045916971 0.998806417 -0.016627600 -3.617663145 -0.216723815 0.006288265 0.976212204 100.337860107
0.973731339 0.051337492 0.221836492 58.309516907 -0.049763415 0.998680055 -0.012683084 -3.628975630 -0.222194880 0.001310566 0.975000858 100.926925659
0.972819448 0.048169259 0.226499021 58.450569153 -0.047559224 0.998834670 -0.008152916 -3.640259027 -0.226627886 -0.002840812 0.973976731 101.530036926
0.972135067 0.043681398 0.230314881 58.599990845 -0.044270460 0.999015689 -0.002611953 -3.650035143 -0.230202362 -0.007656984 0.973112106 102.140754700
0.971357226 0.041065685 0.234047994 58.748226166 -0.042706802 0.999085307 0.001945748 -3.657895327 -0.233754098 -0.011885468 0.972222507 102.762748718
0.970818400 0.036466453 0.237026528 58.902565002 -0.038157575 0.999267995 0.002549382 -3.663568258 -0.236760154 -0.011519354 0.971499205 103.392494202
0.970899045 0.033078574 0.237193093 59.065975189 -0.033920646 0.999423862 -0.000531378 -3.670469046 -0.237074122 -0.007529837 0.971461713 104.032440186
0.971022725 0.032317568 0.236791432 59.226139069 -0.031431150 0.999477088 -0.007518665 -3.680579901 -0.236910716 -0.000141840 0.971530735 104.682571411
0.971158028 0.034428582 0.235937446 59.378479004 -0.031986699 0.999387324 -0.014170667 -3.690470695 -0.236280873 0.006215089 0.971664310 105.337730408
0.971687794 0.037295856 0.233305827 59.529911041 -0.034051131 0.999258876 -0.017921483 -3.699655533 -0.233801410 0.009469750 0.972237647 106.008598328
0.972324848 0.035646394 0.230897263 59.694114685 -0.033387817 0.999348283 -0.013683136 -3.709826946 -0.231234625 0.005595287 0.972881317 106.702621460
0.972760797 0.031545114 0.229654446 59.856842041 -0.030969553 0.999501109 -0.006111131 -3.724395275 -0.229732737 -0.001167637 0.973252416 107.403549194
0.973349035 0.031786557 0.227114499 60.019275665 -0.032600369 0.999467909 -0.000167945 -3.740333319 -0.226999074 -0.007240557 0.973867357 108.115577698
0.973633230 0.035029389 0.225413188 60.175056458 -0.035783418 0.999358773 -0.000741064 -3.754086018 -0.225294679 -0.007344539 0.974262297 108.840034485
0.973895490 0.040828943 0.223294601 60.326068878 -0.040666874 0.999158084 -0.005326249 -3.762305975 -0.223324150 -0.003893495 0.974735796 109.565704346
0.974732578 0.041757993 0.219436973 60.483676910 -0.040422622 0.999126196 -0.010573895 -3.771414518 -0.219686866 0.001436490 0.975568712 110.306831360
0.975658178 0.040510066 0.215522408 60.646644592 -0.038525153 0.999167144 -0.013404575 -3.779588461 -0.215886027 0.004775237 0.976406217 111.057609558
0.976560771 0.038415562 0.211785808 60.805828094 -0.036731627 0.999253988 -0.011881237 -3.794140339 -0.212084308 0.003823500 0.977243245 111.822677612
0.977419138 0.034739278 0.208434835 60.970962524 -0.033415034 0.999392271 -0.009872196 -3.808552980 -0.208651200 0.002684402 0.977985740 112.604843140
0.977821946 0.033620652 0.206722140 61.132469177 -0.032859866 0.999434114 -0.007113745 -3.825764656 -0.206844419 0.000163102 0.978373110 113.393074036
0.978183627 0.030400878 0.205506042 61.300365448 -0.030056030 0.999536157 -0.004800340 -3.837402582 -0.205556750 -0.001481094 0.978643358 114.189689636
0.978411734 0.025081065 0.205137938 61.470668793 -0.024873378 0.999683619 -0.003591556 -3.846719265 -0.205163226 -0.001588465 0.978725791 114.985260010
0.978558302 0.025853965 0.204341024 61.637916565 -0.025989734 0.999659598 -0.002019822 -3.859792948 -0.204323784 -0.003334266 0.978897035 115.787094116
0.978283703 0.031442348 0.204871640 61.790210724 -0.031281706 0.999502003 -0.004023711 -3.872022629 -0.204896197 -0.002472414 0.978779972 116.595840454
0.977967560 0.037315544 0.205394670 61.950309753 -0.036593169 0.999302924 -0.007315863 -3.886106253 -0.205524549 -0.000361377 0.978651285 117.415946960
0.977392137 0.046228454 0.206319049 62.107009888 -0.045358714 0.998930097 -0.008946277 -3.899082422 -0.206511959 -0.000614358 0.978443265 118.241180420
0.976439953 0.052261982 0.209364697 62.264331818 -0.051684309 0.998628855 -0.008233194 -3.915374041 -0.209508017 -0.002781663 0.977802336 119.071746826
0.975647092 0.055027302 0.212331459 62.428688049 -0.054953773 0.998468578 -0.006252424 -3.933586359 -0.212350443 -0.005568270 0.977177024 119.900810242
0.975058854 0.055595979 0.214870170 62.612178802 -0.055391077 0.998439550 -0.006979596 -3.952040434 -0.214923024 -0.005096387 0.976616979 120.744728088
0.974745393 0.054125514 0.216660187 62.794990540 -0.053290363 0.998531103 -0.009699597 -3.967875242 -0.216867045 -0.002091276 0.976198196 121.571464539
0.974717498 0.048270974 0.218163773 62.983680725 -0.047582209 0.998831034 -0.008412831 -3.986209154 -0.218314961 -0.002180594 0.975875199 122.409240723
0.974998355 0.041727964 0.218258157 63.178146362 -0.040567804 0.999127924 -0.009796065 -4.008529186 -0.218476683 0.000696882 0.975841165 123.227226257
0.974744856 0.041119449 0.219502226 63.363136292 -0.039925776 0.999153078 -0.009873292 -4.030668736 -0.219722405 0.000860133 0.975561261 124.058647156
0.974208355 0.043767616 0.221363962 63.552677155 -0.043311555 0.999036908 -0.006916261 -4.046070099 -0.221453562 -0.002849751 0.975165963 124.904014587
0.973784924 0.045811877 0.222808748 63.727619171 -0.046690851 0.998907745 -0.001324072 -4.058600426 -0.222626120 -0.009113784 0.974860489 125.737045288
0.973423719 0.049252607 0.223651484 63.903560638 -0.051213954 0.998682439 0.002973982 -4.075143814 -0.223210409 -0.014349039 0.974663854 126.549804688
0.973197758 0.048685417 0.224756300 64.087623596 -0.049161360 0.998783946 -0.003481615 -4.091044903 -0.224652559 -0.007661041 0.974408031 127.378913879
0.973473012 0.044749532 0.224382073 64.275527954 -0.041849025 0.998966873 -0.017668204 -4.111528873 -0.224940971 0.007809338 0.974340260 128.185043335
