1.000000000 0.000000000 0.000000000 0.000000000 0.000000000 1.000000000 0.000000000 0.000000000 0.000000000 0.000000000 1.000000000 0.000000000
0.999999344 0.000535222 -0.000990504 -0.008012346 -0.000535217 0.999999881 0.000006110 -0.029038321 0.000990507 -0.000005580 0.999999523 1.573019862
0.999998093 0.001463123 -0.001262334 -0.016954694 -0.001463843 0.999998808 -0.000569772 -0.058520071 0.001261499 0.000571619 0.999999106 3.165850639
0.999993563 0.003399071 -0.001088897 -0.035234682 -0.003400802 0.999992967 -0.001592320 -0.089513242 0.001083477 0.001596013 0.999998212 4.709196091
0.999987245 0.004998928 -0.000646620 -0.040310740 -0.005000543 0.999984324 -0.002520358 -0.119931862 0.000634011 0.002523560 0.999996662 6.121866226
0.999970198 0.007662015 0.000908715 -0.046929408 -0.007659101 0.999965668 -0.003168819 -0.158602118 -0.000932964 0.003161765 0.999994576 7.604479313
0.999936879 0.010625160 0.003640646 -0.059778739 -0.010614417 0.999939322 -0.002957966 -0.191482157 -0.003671854 0.002919136 0.999989033 9.083348274
0.999915361 0.010615197 0.007515393 -0.051775597 -0.010585332 0.999935985 -0.004002635 -0.225882903 -0.007557401 0.003922743 0.999963760 10.603536606
0.999859333 0.011505255 0.012198700 -0.039268877 -0.011471302 0.999930143 -0.002849748 -0.260450929 -0.012230635 0.002709412 0.999921560 12.070456505
0.999775171 0.011531152 0.017791729 -0.022304112 -0.011492762 0.999931335 -0.002258597 -0.297576219 -0.017816555 0.002053612 0.999839187 13.497152328
0.999608576 0.012364137 0.025093134 0.002114603 -0.012303612 0.999920964 -0.002565015 -0.331431210 -0.025122870 0.002255274 0.999681830 14.903254509
0.999284089 0.014335152 0.035007179 0.040403478 -0.014233626 0.999893665 -0.003147712 -0.369774640 -0.035048585 0.002647179 0.999382079 16.278600693
0.998716652 0.017087040 0.047673162 0.083559036 -0.016952550 0.999850988 -0.003224100 -0.407312393 -0.047721155 0.002411780 0.998857796 17.623081207
0.997910321 0.019075083 0.061732374 0.157755971 -0.018907877 0.999815702 -0.003291765 -0.443102449 -0.061783798 0.002117658 0.998087347 18.947568893
0.996740997 0.021509832 0.077746637 0.249497697 -0.021337315 0.999767601 -0.003049145 -0.478563964 -0.077794164 0.001380302 0.996968508 20.276821136
0.995163679 0.022612141 0.095592447 0.366942674 -0.022310378 0.999742091 -0.004224594 -0.516094863 -0.095663331 0.002071458 0.995411634 21.547288895
0.992993712 0.024820963 0.115530550 0.506104589 -0.024695177 0.999691784 -0.002520236 -0.549445808 -0.115557514 -0.000350470 0.993300796 22.811285019
0.990142047 0.022946475 0.138174221 0.662238538 -0.022774229 0.999736607 -0.002827693 -0.585775256 -0.138202727 -0.000346995 0.990403950 24.077888489
0.986770570 0.023433337 0.160420120 0.845410764 -0.022644686 0.999720871 -0.006742848 -0.624022186 -0.160533354 0.003020979 0.987025797 25.297046661
0.982892513 0.018539261 0.183244586 1.066666365 -0.016821070 0.999798834 -0.010926563 -0.658285379 -0.183410287 0.007657266 0.983006656 26.498229980
0.978351712 0.014306123 0.206453785 1.308453560 -0.012747741 0.999879420 -0.008876694 -0.692114651 -0.206555888 0.006052708 0.978416085 27.674850464
0.973307371 0.005543208 0.229438484 1.588979006 -0.004042148 0.999967337 -0.007011804 -0.723604381 -0.229469866 0.005897213 0.973297894 28.860565186
0.967720985 0.004017588 0.251991987 1.880929470 -0.002000381 0.999963939 -0.008260720 -0.753487885 -0.252016097 0.007489989 0.967694044 30.031585693
0.961128294 0.000235354 0.276102126 2.200405598 0.002920193 0.999935091 -0.011017745 -0.780502081 -0.276086807 0.011395735 0.961065114 31.188983917
0.953839660 -0.000403098 0.300315976 2.551934481 0.004728439 0.999895334 -0.013675999 -0.809440851 -0.300279051 0.014464733 0.953741610 32.321720123
0.945949912 -0.000308651 0.324312478 2.924547434 0.005756710 0.999857962 -0.015839526 -0.841876149 -0.324261546 0.016850369 0.945817351 33.430549622
0.937280834 -0.001093772 0.348573387 3.334197521 0.006886290 0.999858022 -0.015379185 -0.876257181 -0.348507077 0.016814990 0.937155247 34.559429169
0.927890956 -0.002301388 0.372844607 3.770806074 0.008058022 0.999871194 -0.013882131 -0.910449207 -0.372764617 0.015885491 0.927789927 35.674343109
0.917672932 -0.003391520 0.397322118 4.228770256 0.009757626 0.999854386 -0.014001957 -0.947536886 -0.397216737 0.016726136 0.917572379 36.760196686
0.906567931 -0.001654916 0.422056764 4.721595764 0.009615412 0.999813735 -0.016733343 -0.981477737 -0.421950459 0.019228159 0.906414926 37.837661743
0.894341528 0.001100274 0.447383702 5.238393307 0.008683769 0.999765873 -0.019818058 -1.020727754 -0.447300732 0.021609087 0.894122541 38.903568268
0.881200790 0.003935320 0.472725898 5.804056168 0.007907006 0.999702752 -0.023061598 -1.060528159 -0.472676158 0.024059743 0.880907714 39.964946747
0.867138624 0.005919504 0.498031795 6.378011703 0.007137753 0.999678969 -0.024309751 -1.103702068 -0.498015821 0.024634751 0.866818011 40.988506317
0.852153242 0.008948049 0.523215771 6.972706795 0.005345023 0.999652803 -0.025801446 -1.150849819 -0.523265004 0.024783388 0.851809621 42.004039764
0.836175263 0.011546267 0.548340797 7.615960121 0.004973816 0.999577582 -0.028632512 -1.199592233 -0.548439801 0.026669145 0.835764706 43.006660461
0.819954634 0.013820657 0.572261691 8.280161858 0.005890453 0.999451816 -0.032577731 -1.245331645 -0.572398305 0.030083142 0.819423795 43.972072601
0.802939653 0.017986264 0.595789015 8.973598480 0.004050320 0.999356866 -0.035628147 -1.296361208 -0.596046686 0.031020390 0.802350402 44.935688019
0.785032332 0.019210109 0.619156957 9.678433418 0.005424554 0.999267459 -0.037881330 -1.357953787 -0.619431078 0.033096720 0.784353137 45.846733093
0.766251028 0.021174125 0.642192423 10.411889076 0.006620784 0.999143541 -0.040843174 -1.419677973 -0.642507255 0.035547942 0.765454710 46.742198944
0.747212946 0.023437608 0.664171338 11.166257858 0.007155784 0.999036133 -0.043304965 -1.484979987 -0.664546192 0.037110697 0.746325135 47.608264923
0.727321565 0.024726421 0.685851216 11.988771439 0.009311843 0.998903096 -0.045887511 -1.552853584 -0.686233580 0.039761521 0.726293623 48.488849640
0.706482112 0.027008133 0.707215309 12.822106361 0.011097193 0.998725832 -0.049226440 -1.620768905 -0.707643807 0.042625710 0.705282331 49.319511414
0.684739769 0.029753173 0.728179991 13.662055016 0.012096278 0.998564482 -0.052175656 -1.700443625 -0.728687167 0.044535022 0.683396995 50.116291046
0.662607133 0.032887001 0.748244703 14.522066116 0.012261827 0.998425066 -0.054741431 -1.777892351 -0.748866677 0.045446917 0.661160469 50.894485474
0.639971673 0.034477524 0.767624497 15.422101974 0.013515966 0.998333037 -0.056108020 -1.859768271 -0.768279552 0.046282738 0.638439000 51.656105042
0.616560340 0.037637889 0.786407351 16.338676453 0.012617923 0.998255789 -0.057669800 -1.943588257 -0.787206411 0.045479748 0.615010083 52.385025024
0.592059553 0.039495081 0.804925680 17.282018661 0.013945438 0.998146534 -0.059233312 -2.025730371 -0.805773437 0.046294700 0.590411544 53.093147278
0.567484379 0.042177998 0.822302997 18.257621765 0.015189445 0.997980654 -0.061671432 -2.112594604 -0.823243976 0.047487911 0.565697908 53.779273987
0.543120205 0.044858973 0.838455617 19.250072479 0.016533889 0.997806609 -0.064094588 -2.194176912 -0.839492083 0.048674010 0.541187346 54.431571960
0.518521190 0.047262233 0.853757441 20.262866974 0.018377816 0.997624397 -0.066387996 -2.286384583 -0.854867160 0.050113797 0.516420901 55.049949646
0.494186103 0.049219210 0.867961526 21.269092560 0.020122454 0.997480690 -0.068020806 -2.374562979 -0.869123101 0.051080469 0.491950721 55.636592865
0.470115155 0.051976949 0.881073117 22.339763641 0.021333491 0.997303367 -0.070216626 -2.472651243 -0.882347107 0.051806279 0.467738599 56.210357666
0.445193917 0.052704223 0.893881619 23.420930862 0.023250714 0.997249067 -0.070378795 -2.568601370 -0.895132184 0.052115612 0.442743838 56.762226105
0.419566721 0.053779118 0.906129837 24.450159073 0.023097487 0.997287393 -0.069884211 -2.657868624 -0.907430530 0.050250422 0.417186439 57.276874542
0.394183427 0.054901507 0.917390287 25.534061432 0.022968911 0.997313440 -0.069553785 -2.754867077 -0.918744624 0.048488420 0.391863406 57.760444641
0.369287670 0.058366206 0.927480280 26.614032745 0.022851698 0.997153342 -0.071849398 -2.850102901 -0.929034114 0.047727607 0.366902649 58.213214874
0.345577061 0.060998976 0.936405480 27.775108337 0.025230106 0.996919930 -0.074252054 -2.948110104 -0.938051105 0.049285427 0.342973590 58.644424438
0.323445678 0.062616885 0.944172442 28.906980515 0.027506214 0.996763885 -0.075527526 -3.054932117 -0.945846856 0.050399669 0.320676535 59.035068512
0.302124768 0.064114466 0.951109588 30.025360107 0.031518266 0.996517897 -0.077187374 -3.160454750 -0.952747107 0.053297549 0.299051881 59.409042358
0.282538563 0.066493161 0.956948280 31.175830841 0.035711884 0.996173620 -0.079762615 -3.264854908 -0.958590925 0.056710452 0.279082775 59.749164581
0.265104532 0.069093361 0.961740673 32.319530487 0.040286534 0.995764256 -0.082642689 -3.373725891 -0.963377655 0.060654156 0.261197954 60.063060760
0.250228614 0.072707333 0.965452611 33.488079071 0.044914167 0.995230615 -0.086590856 -3.478384733 -0.967144370 0.065030016 0.245769456 60.358860016
0.237317234 0.075684942 0.968479097 34.693099976 0.048684698 0.994780540 -0.089670107 -3.585206270 -0.970211387 0.068430386 0.232393727 60.648727417
0.226479441 0.076699331 0.970991135 35.852561951 0.050827850 0.994605482 -0.090420015 -3.695701361 -0.972688794 0.069831677 0.221359074 60.929115295
0.216634452 0.076415971 0.973257184 37.050369263 0.052827563 0.994553268 -0.089846767 -3.814274788 -0.974822342 0.070878722 0.211417466 61.204914093
0.207840592 0.077143915 0.975115716 38.268795013 0.054522645 0.994421363 -0.090292446 -3.935089350 -0.976641893 0.071932338 0.202474877 61.472507477
0.199489102 0.077308290 0.976845503 39.527587891 0.056480523 0.994318187 -0.090225421 -4.060580730 -0.978270888 0.073171750 0.193989068 61.726505280
0.191425547 0.076851532 0.978493631 40.783832550 0.059080161 0.994219661 -0.089644693 -4.183117867 -0.979727328 0.074969858 0.185778469 61.979644775
0.184283763 0.076285593 0.979907990 42.092365265 0.062370259 0.994066119 -0.089117303 -4.307286263 -0.980892122 0.077540003 0.178432122 62.227504730
0.178269252 0.074919663 0.981125295 43.376979828 0.064381674 0.994072139 -0.087606385 -4.436538219 -0.981873274 0.078784019 0.172388867 62.456878662
0.172831655 0.072874017 0.982251644 44.686183929 0.066441461 0.994124651 -0.085445583 -4.561097145 -0.982707918 0.080029942 0.166974172 62.679965973
0.166859716 0.071849801 0.983359158 46.022338867 0.067494452 0.994169056 -0.084092356 -4.681038857 -0.983667850 0.080402911 0.161037147 62.919502258
0.161003813 0.074691847 0.984123290 47.344425201 0.065316007 0.994139493 -0.086137854 -4.802587032 -0.984790206 0.078147531 0.155181527 63.146743774
0.155230790 0.077848166 0.984805942 48.687011719 0.062303364 0.994133711 -0.088406168 -4.925023556 -0.985911727 0.075080074 0.149469823 63.361988068
0.149023741 0.077721164 0.985774338 50.056980133 0.060650535 0.994310498 -0.087563023 -5.053240776 -0.986971974 0.072836697 0.143461913 63.569839478
0.142559573 0.076672710 0.986811936 51.428070068 0.057847086 0.994645119 -0.085638247 -5.186738968 -0.988094509 0.069292724 0.137360781 63.774425507
0.136331871 0.074910522 0.987826765 52.826210022 0.058189075 0.994809389 -0.083470874 -5.311769009 -0.988952935 0.068860441 0.131265134 63.980422974
0.130702004 0.074791022 0.988596439 54.230369568 0.059294641 0.994775355 -0.083097845 -5.437333584 -0.989647090 0.069479503 0.125584289 64.164154053
0.125315815 0.074994408 0.989278257 55.672073364 0.061184101 0.994656324 -0.083152585 -5.561994076 -0.990228653 0.070948400 0.120057553 64.350288391
0.121546999 0.074340425 0.989797711 57.121833801 0.062741995 0.994621336 -0.082407460 -5.690006256 -0.990600824 0.072118230 0.116228819 64.532516479
0.118951693 0.072039291 0.990283072 58.550392151 0.064515635 0.994695544 -0.080109872 -5.815937519 -0.990801990 0.073417917 0.113672912 64.702583313
0.117128752 0.070583910 0.990605056 59.976863861 0.065804727 0.994726896 -0.078658372 -5.926747322 -0.990934312 0.074399628 0.111866221 64.878852844
0.115117960 0.069876097 0.990890920 61.462306976 0.065268561 0.994834661 -0.077736899 -6.055213928 -0.991205335 0.073622920 0.109962478 65.057029724
0.113284394 0.070698015 0.991043925 62.925758362 0.063992396 0.994874477 -0.078286171 -6.181938648 -0.991499722 0.072287865 0.108179480 65.223609924
0.111492686 0.071976647 0.991155028 64.394363403 0.063306294 0.994832873 -0.079364941 -6.312266827 -0.991746843 0.071594961 0.106359869 65.385177612
0.109959081 0.072514042 0.991287172 65.861274719 0.063006572 0.994820118 -0.079761565 -6.444371223 -0.991937101 0.071228117 0.104820505 65.554489136
0.108700477 0.072376087 0.991436064 67.341262817 0.062006924 0.994909585 -0.079428107 -6.575140953 -0.992138803 0.070109770 0.103659190 65.714538574
0.107397184 0.071839258 0.991617084 68.838706970 0.061642155 0.994985402 -0.078759484 -6.705830574 -0.992303371 0.069583960 0.102430165 65.880210876
0.106071711 0.071121931 0.991811454 70.340042114 0.061967656 0.995026529 -0.077979818 -6.831669807 -0.992425621 0.069731675 0.101136774 66.054893494
0.105921552 0.070028752 0.991905272 71.861663818 0.062924214 0.995045125 -0.076969899 -6.974747658 -0.992381454 0.070567615 0.100990087 66.198997498
0.105286412 0.068998687 0.992045045 73.372299194 0.065233625 0.994961381 -0.076124862 -7.108540535 -0.992299914 0.072729595 0.100254744 66.359062195
0.105050758 0.067850597 0.992149174 74.895385742 0.067240596 0.994901180 -0.075158425 -7.238411903 -0.992190957 0.074608132 0.099952683 66.511062622
0.104613215 0.067566991 0.992214739 76.404785156 0.068499394 0.994829714 -0.074967280 -7.362012863 -0.992151082 0.075808659 0.099443920 66.678604126
0.103997558 0.067551635 0.992280483 77.936004639 0.069422953 0.994763434 -0.074996702 -7.489511490 -0.992151618 0.076686494 0.098763213 66.853797913
0.103899606 0.067562707 0.992290020 79.435707092 0.069888264 0.994727135 -0.075046487 -7.612373829 -0.992129207 0.077146709 0.098629802 67.014770508
0.103861839 0.067999437 0.992264152 80.960792542 0.069959201 0.994688690 -0.075488389 -7.741543770 -0.992128193 0.077258348 0.098552898 67.173957825
0.103438281 0.069208317 0.992224813 82.474090576 0.069873057 0.994605303 -0.076658607 -7.875279427 -0.992178440 0.077259190 0.098044351 67.331520081
0.103033975 0.070394680 0.992183387 83.992126465 0.069140814 0.994572222 -0.077744201 -8.009315491 -0.992271841 0.076610640 0.097607471 67.486099243
0.102530204 0.069900326 0.992270529 85.518074036 0.068869710 0.994634748 -0.077183165 -8.157415390 -0.992342830 0.076250970 0.097165972 67.642356873
0.102030151 0.067944773 0.992457867 87.032508850 0.067856997 0.994864821 -0.075085700 -8.294909477 -0.992464125 0.075006194 0.096895568 67.811157227
0.101676464 0.066312186 0.992604554 88.580970764 0.066436261 0.995094955 -0.073283955 -8.436511993 -0.992596507 0.073396161 0.096772090 67.967254639
0.100814149 0.066394374 0.992686987 90.128425598 0.064380594 0.995243311 -0.073103689 -8.559793472 -0.992819905 0.071279630 0.096059978 68.148086548
0.100033581 0.067537107 0.992688835 91.649055481 0.062359136 0.995305836 -0.073999159 -8.686270714 -0.993027866 0.069305591 0.095352337 68.311286926
0.099225499 0.068717211 0.992688954 93.170257568 0.061098691 0.995308638 -0.075005814 -8.805499077 -0.993187249 0.068094455 0.094561346 68.483589172
0.098541506 0.068851374 0.992747784 94.713653564 0.059181243 0.995431483 -0.074911974 -8.936375618 -0.993371427 0.066133954 0.094016492 68.649528503
0.097968325 0.068697512 0.992815137 96.239204407 0.057707548 0.995542884 -0.074580736 -9.063667297 -0.993514836 0.064599447 0.093567193 68.806526184
0.096967869 0.069541700 0.992854595 97.751449585 0.056499697 0.995561838 -0.075249463 -9.187095642 -0.993682325 0.063392736 0.092608318 68.954948425
0.095612459 0.071048453 0.992879331 99.303253174 0.055563934 0.995512426 -0.076587632 -9.326678276 -0.993866384 0.062490989 0.091235556 69.110397339
0.094220616 0.071255468 0.992997527 100.798133850 0.054989759 0.995539069 -0.076655596 -9.462647438 -0.994031250 0.061827209 0.089881875 69.257087708
0.092616066 0.070885345 0.993174970 102.319564819 0.055216346 0.995561182 -0.076204762 -9.592535973 -0.994169474 0.061897252 0.088290818 69.395179749
0.090124257 0.071299165 0.993374527 103.885520935 0.055003311 0.995554507 -0.076445870 -9.727684975 -0.994410217 0.061528485 0.085801803 69.541885376
0.087775409 0.071494229 0.993570805 105.420967102 0.054244276 0.995597184 -0.076432206 -9.871492386 -0.994661927 0.060604364 0.083510675 69.673141479
0.085630290 0.071943507 0.993725538 106.987197876 0.055514984 0.995494545 -0.076855399 -10.005681992 -0.994778812 0.061747771 0.081250422 69.802864075
0.083759733 0.072316542 0.993857861 108.584472656 0.055937927 0.995448351 -0.077146597 -10.145532608 -0.994914353 0.062056094 0.079333127 69.929008484
0.081845023 0.070840053 0.994123638 110.157829285 0.056432087 0.995540082 -0.075586997 -10.282244682 -0.995045781 0.062286865 0.077482224 70.050483704
0.080022357 0.070585825 0.994290113 111.721443176 0.055643290 0.995616972 -0.075158328 -10.421233177 -0.995238423 0.061339892 0.075743861 70.176826477
0.078006685 0.070698209 0.994442284 113.301864624 0.055592325 0.995621026 -0.075142846 -10.554495811 -0.995401323 0.061144978 0.073734678 70.308143616
0.076632887 0.071157143 0.994516313 114.851417542 0.055585198 0.995593071 -0.075517349 -10.688287735 -0.995508432 0.061067481 0.072339743 70.423431396
0.075380310 0.071220376 0.994607508 116.311378479 0.054842282 0.995639324 -0.075450733 -10.816377640 -0.995645285 0.060234029 0.071145564 70.530715942
0.074065804 0.071036227 0.994719386 117.884544373 0.055439215 0.995623112 -0.075228736 -10.939276695 -0.995710850 0.060718328 0.069803283 70.664848328
0.073328286 0.070429265 0.994817138 119.456474304 0.055571489 0.995664120 -0.074585438 -11.074707985 -0.995758057 0.060752686 0.069096334 70.781944275
0.071956798 0.068930790 0.995022237 121.024055481 0.054818928 0.995826900 -0.072950885 -11.204815865 -0.995899796 0.059795361 0.067877658 70.909385681
0.070820712 0.068688914 0.995120466 122.582946777 0.055010270 0.995838046 -0.072653450 -11.332109451 -0.995970726 0.059887208 0.066747211 71.037788391
0.070067242 0.069720536 0.995102048 124.195350647 0.054977398 0.995767534 -0.073638268 -11.477918625 -0.996025801 0.059867743 0.065937482 71.147178650
0.069266267 0.071522810 0.995030224 125.768577576 0.055663779 0.995594680 -0.075438291 -11.601705551 -0.996043742 0.060612462 0.064979747 71.269676208
0.068302631 0.072751336 0.995007813 127.351074219 0.056007665 0.995484293 -0.076630875 -11.725084305 -0.996091008 0.060962141 0.063919410 71.395256042
0.068021297 0.073010206 0.995008171 128.970108032 0.056352206 0.995444477 -0.076894641 -11.869343758 -0.996090770 0.061301362 0.063596986 71.507385254
0.066934012 0.072913006 0.995088995 130.588058472 0.056239661 0.995464027 -0.076723449 -12.013276100 -0.996170819 0.061098862 0.062529646 71.628280640
0.066225305 0.071411096 0.995245278 132.202316284 0.055918321 0.995601535 -0.075157590 -12.160825729 -0.996236265 0.060629763 0.061940677 71.734092712
0.065689266 0.069648549 0.995405674 133.837600708 0.056684181 0.995688677 -0.073409110 -12.306501389 -0.996228516 0.061245929 0.061457939 71.851470947
0.065872744 0.068090692 0.995501339 135.443344116 0.058162928 0.995709598 -0.071953647 -12.432197571 -0.996131122 0.062641039 0.061629627 71.962608337
0.066538446 0.066711493 0.995550454 136.991744995 0.059307635 0.995732725 -0.070687622 -12.558746338 -0.996019363 0.063747175 0.062297866 72.057380676
0.067090981 0.066393942 0.995534599 138.559127808 0.059649773 0.995730758 -0.070426971 -12.693235397 -0.995961845 0.064108416 0.062844031 72.166755676
0.068320639 0.066554151 0.995440304 140.142593384 0.061114948 0.995618224 -0.070760630 -12.826036453 -0.995789409 0.065670684 0.063953683 72.273086548
0.069902539 0.067070156 0.995295823 141.689605713 0.061744686 0.995532095 -0.071422629 -12.950419426 -0.995640695 0.066446841 0.065448865 72.389007568
0.071697079 0.067596480 0.995132506 143.203094482 0.063026294 0.995398879 -0.072155520 -13.078971863 -0.995432734 0.067892849 0.067106709 72.495582581
0.073627628 0.068510249 0.994929016 144.790161133 0.062263064 0.995374441 -0.073148601 -13.215353966 -0.995339870 0.067333087 0.069021277 72.591552734
0.074202456 0.068905972 0.994858980 146.406295776 0.061071157 0.995422363 -0.073500082 -13.366462708 -0.995370984 0.066211075 0.069654502 72.720153809
0.074689008 0.068020880 0.994883478 147.965530396 0.060240451 0.995539844 -0.072588235 -13.504125595 -0.995385170 0.065353774 0.070258163 72.829353333
0.074262619 0.066427149 0.995023072 149.533355713 0.059887882 0.995679855 -0.070940703 -13.639060020 -0.995438278 0.064858064 0.069963507 72.949424744
0.072952986 0.065083526 0.995208740 151.064773560 0.059723187 0.995791376 -0.069499627 -13.768939972 -0.995545030 0.064507246 0.068758853 73.069450378
0.070271812 0.064507447 0.995439112 152.602142334 0.059536874 0.995855451 -0.068737395 -13.896585464 -0.995748997 0.064095639 0.066139884 73.192756653
0.066155687 0.064376377 0.995729625 154.111160278 0.060336739 0.995831132 -0.068391711 -14.001327515 -0.995982826 0.064603589 0.061995514 73.286476135
0.059544124 0.063934654 0.996175349 155.640502930 0.059411082 0.995949566 -0.067471363 -14.128312111 -0.996455610 0.063201383 0.055504389 73.407699585
0.051183220 0.063472845 0.996669412 157.162826538 0.057950471 0.996106744 -0.066413052 -14.257266045 -0.997005999 0.061156698 0.047305528 73.496498108
0.040877126 0.063258663 0.997158885 158.684326172 0.057041168 0.996217191 -0.065537281 -14.381656647 -0.997534156 0.059558079 0.037113991 73.571166992
0.028410800 0.062801458 0.997620821 160.178375244 0.055173587 0.996403158 -0.064296111 -14.507527351 -0.998072028 0.056869011 0.024843451 73.632812500
0.014387256 0.061759133 0.997986674 161.686264038 0.054538615 0.996555150 -0.062456835 -14.633545876 -0.998407543 0.055327378 0.010969236 73.655090332
-0.000863434 0.061597295 0.998099983 163.179550171 0.053720385 0.996661425 -0.061462089 -14.754166603 -0.998555183 0.053565234 -0.004169807 73.668090820
-0.016639622 0.062484238 0.997906506 164.710998535 0.053891215 0.996649444 -0.061506961 -14.863625526 -0.998407722 0.052754935 -0.019951472 73.644805908
-0.033202287 0.063363940 0.997437358 166.207366943 0.053167965 0.996685803 -0.061546415 -14.978451729 -0.998032987 0.050988223 -0.036461458 73.611183167
-0.050293550 0.062766552 0.996759534 167.668151855 0.053164020 0.996775210 -0.060085088 -15.097847939 -0.997318029 0.049969841 -0.053468589 73.542922974
-0.068204015 0.061833046 0.995752752 169.137390137 0.053248629 0.996879280 -0.058255788 -15.208702087 -0.996248901 0.049049176 -0.071284026 73.446311951
-0.086912498 0.060747597 0.994361460 170.568405151 0.055395432 0.996888220 -0.056060161 -15.313475609 -0.994674087 0.050210740 -0.090007558 73.330070496
-0.106202185 0.058770418 0.992605567 171.993408203 0.056597520 0.996989429 -0.052974477 -15.411430359 -0.992731988 0.050552998 -0.109209120 73.191566467
-0.125831738 0.057226170 0.990399063 173.388687134 0.059207749 0.996987164 -0.050084464 -15.501376152 -0.990282655 0.052337077 -0.128841281 73.023666382
-0.145880282 0.058078431 0.987595439 174.780792236 0.063012160 0.996792436 -0.049311671 -15.589823723 -0.987293005 0.055036914 -0.149072468 72.822952271
-0.166069165 0.058694884 0.984365225 176.083053589 0.065427855 0.996681929 -0.048391238 -15.670022964 -0.983940721 0.056368604 -0.169358909 72.613166809
-0.187493593 0.061916173 0.980311930 177.453186035 0.067394882 0.996469080 -0.050046843 -15.759046555 -0.979950547 0.056684539 -0.191004932 72.359970093
-0.210036740 0.063510649 0.975627959 178.763885498 0.068180285 0.996408641 -0.050185394 -15.839585304 -0.975312710 0.055977806 -0.213613182 72.091918945
-0.234389275 0.064617909 0.969992340 180.073532104 0.067203507 0.996477067 -0.050143246 -15.929927826 -0.969816625 0.053433839 -0.237906709 71.785446167
-0.260332704 0.063979089 0.963396311 181.377914429 0.067032173 0.996590793 -0.048069917 -16.011236191 -0.963188708 0.052064378 -0.263734490 71.457984924
-0.286715925 0.062454440 0.955977142 182.641769409 0.065590493 0.996809602 -0.045450274 -16.095670700 -0.955767095 0.049671698 -0.289898276 71.094329834
-0.313639402 0.062564008 0.947478235 183.897262573 0.066399947 0.996828020 -0.043842692 -16.171653748 -0.947217107 0.049161706 -0.316799492 70.682632446
-0.341188222 0.062580712 0.937908947 185.119171143 0.066346452 0.996894777 -0.042381339 -16.244003296 -0.937650084 0.047766909 -0.344281495 70.256607056
-0.368556559 0.063657351 0.927422643 186.331329346 0.067478247 0.996851385 -0.041607186 -16.320383072 -0.927152514 0.047246244 -0.371692389 69.781204224
-0.397025347 0.065513074 0.915465891 187.536026001 0.069872193 0.996710598 -0.041024599 -16.391984940 -0.915143549 0.047677800 -0.400297761 69.284133911
-0.425367326 0.067477114 0.902501106 188.725585938 0.071065731 0.996626318 -0.041019902 -16.458415985 -0.902225733 0.046688370 -0.428728491 68.750068665
-0.454232752 0.069729522 0.888149321 189.893829346 0.072288238 0.996528149 -0.041267633 -16.536260605 -0.887944818 0.045457631 -0.457697302 68.177955627
-0.482268155 0.071681529 0.873085320 191.035247803 0.072626770 0.996485710 -0.041695945 -16.611539841 -0.873007357 0.043300729 -0.485780299 67.566474915
-0.509841621 0.073045529 0.857160807 192.135375977 0.073078506 0.996462941 -0.041449375 -16.679275513 -0.857158124 0.041507404 -0.513377368 66.932510376
-0.536969781 0.074269094 0.840325177 193.217910767 0.074166894 0.996414602 -0.040671766 -16.753789902 -0.840334237 0.040484786 -0.540553808 66.260215759
-0.563254714 0.075432159 0.822832286 194.284042358 0.076061472 0.996327996 -0.039270785 -16.815576553 -0.822774410 0.040466368 -0.566924930 65.538635254
-0.589084268 0.075683117 0.804518938 195.292602539 0.076084517 0.996374726 -0.038021024 -16.874536514 -0.804481089 0.038813826 -0.592707992 64.804656982
-0.614594102 0.076143123 0.785159349 196.292800903 0.075256191 0.996448815 -0.037725840 -16.936758041 -0.785244823 0.035901997 -0.618142843 64.036483765
-0.639491618 0.078208484 0.764809012 197.253845215 0.075296216 0.996399403 -0.038932160 -17.004611969 -0.765101135 0.032690402 -0.643078983 63.245254517
-0.664036870 0.079439573 0.743467093 198.193923950 0.075266249 0.996389568 -0.039239511 -17.068138123 -0.743901134 0.029901462 -0.667619646 62.420593262
-0.686860263 0.080882430 0.722274244 199.089019775 0.076969534 0.996293247 -0.038372390 -17.135549545 -0.722701609 0.029236613 -0.690540791 61.577350616
-0.708824158 0.082441032 0.700550318 199.972961426 0.079081118 0.996171772 -0.037214886 -17.202600479 -0.700937390 0.029021464 -0.712631285 60.697540283
-0.729758918 0.083980896 0.678526461 200.822906494 0.082046181 0.996011019 -0.035034813 -17.268760681 -0.678762972 0.030103510 -0.733739376 59.794826508
-0.749711275 0.084511973 0.656345725 201.636840820 0.083443232 0.995966792 -0.032929093 -17.328897476 -0.656482339 0.030080272 -0.753740668 58.872261047
-0.768917024 0.084406137 0.633751690 202.440399170 0.084005013 0.995989859 -0.030729467 -17.380750656 -0.633804917 0.029609881 -0.772925317 57.912063599
-0.787328422 0.083694220 0.610825837 203.215377808 0.083406672 0.996092677 -0.028975274 -17.434185028 -0.610865176 0.028133869 -0.791234016 56.920024872
-0.805014431 0.085409343 0.587074041 203.959823608 0.084258936 0.996009529 -0.029364180 -17.492042542 -0.587240279 0.025827624 -0.808999896 55.921085358
-0.821813464 0.086545944 0.563144147 204.667892456 0.084216744 0.995989084 -0.030167140 -17.545299530 -0.563497245 0.022634383 -0.825807214 54.897819519
-0.837600052 0.087246969 0.539270759 205.353866577 0.085652657 0.995927334 -0.028091747 -17.588018417 -0.539526343 0.022660298 -0.841663122 53.850086212
-0.852775574 0.087493762 0.514895737 206.003921509 0.086544268 0.995909810 -0.025894845 -17.636531830 -0.515056193 0.022478757 -0.856860995 52.787414551
-0.867373824 0.087425731 0.489916623 206.624435425 0.086908333 0.995929003 -0.023856914 -17.686386108 -0.490008682 0.021884944 -0.871442199 51.699474335
-0.881307662 0.086310066 0.464592576 207.203903198 0.086760983 0.996017516 -0.020455146 -17.734054565 -0.464508623 0.022281202 -0.885287702 50.623477936
-0.894485474 0.085825220 0.438780844 207.753707886 0.086454138 0.996080697 -0.018590087 -17.769977570 -0.438657433 0.021305826 -0.898401201 49.498065948
-0.907231569 0.085506432 0.411847502 208.287872314 0.085799098 0.996151447 -0.017816793 -17.811031342 -0.411786705 0.019172151 -0.911078036 48.358856201
-0.919312119 0.084187753 0.384416878 208.778427124 0.083986662 0.996314228 -0.017344665 -17.857580185 -0.384460926 0.016340690 -0.922996104 47.229187012
-0.930419922 0.083635367 0.356822848 209.239410400 0.083002441 0.996400654 -0.017115748 -17.897605896 -0.356970638 0.013692289 -0.934014738 46.057544708
-0.940623343 0.082162783 0.329356402 209.658584595 0.081552431 0.996543765 -0.015693555 -17.926904678 -0.329508066 0.012098043 -0.944074750 44.870529175
-0.950174749 0.080140308 0.301237673 210.054611206 0.079886466 0.996715069 -0.013182362 -17.949773788 -0.301305056 0.011539218 -0.953457475 43.659896851
-0.958286464 0.078641102 0.274775028 210.179321289 0.078925282 0.996828258 -0.010039926 -17.984905243 -0.274693489 0.012065522 -0.961455643 42.309455872
-0.966069818 0.077997141 0.246219888 210.503601074 0.078318156 0.996890366 -0.008504069 -18.001682281 -0.246117920 0.011067914 -0.969176233 41.095993042
-0.973000824 0.076056905 0.217906952 210.693191528 0.076181814 0.997061253 -0.007840577 -18.028257370 -0.217863262 0.008971604 -0.975937605 39.882221222
-0.979310155 0.074504852 0.188147023 210.943908691 0.074292012 0.997200966 -0.008192956 -18.051456451 -0.188231111 0.005954313 -0.982106209 38.641510010
-0.985129595 0.068255499 0.157668948 211.186767578 0.068283081 0.997650325 -0.005248519 -18.055433273 -0.157656953 0.005595587 -0.987477601 37.284740448
-0.989529014 0.065321848 0.128701106 211.292846680 0.065648712 0.997839451 -0.001705556 -18.083446503 -0.128534615 0.006761304 -0.991681457 35.902381897
-0.993183613 0.063206226 0.097927712 211.450363159 0.063670583 0.997967780 0.001620719 -18.090587616 -0.097626358 0.007844728 -0.995191753 34.594474792
-0.995706141 0.062554121 0.068226479 211.531158447 0.062898785 0.998013794 0.002912765 -18.081920624 -0.067908779 0.007191560 -0.997665167 33.200988770
-0.997332633 0.061735433 0.038922030 211.458007812 0.061958205 0.998066545 0.004541622 -18.091091156 -0.038566355 0.006940987 -0.999231458 31.793207169
-0.998115122 0.060760189 0.008544760 211.446289062 0.060806882 0.998133481 0.005310395 -18.101858139 -0.008206042 0.005819903 -0.999948919 30.473201752
-0.997857690 0.061818879 -0.021378059 211.311935425 0.061667703 0.998065412 0.007662433 -18.075048447 0.021810558 0.006327620 -0.999741554 28.959640503
-0.996704519 0.062136531 -0.052130952 211.187255859 0.061668877 0.998039126 0.010534209 -18.069419861 0.052683525 0.007284577 -0.998584151 27.548248291
-0.994530499 0.062568009 -0.083623022 211.051361084 0.061718378 0.998010755 0.012710042 -18.070213318 0.084252223 0.007479387 -0.996415854 26.160467148
-0.991310477 0.062976025 -0.115482017 210.836547852 0.061893556 0.997996926 0.012939394 -18.060825348 0.116065949 0.005679299 -0.993224740 24.707084656
-0.986914098 0.063042238 -0.148407802 210.664916992 0.061518557 0.997993708 0.014839792 -18.055461884 0.149046034 0.005515702 -0.988814294 23.391119003
-0.981475711 0.062596403 -0.181068391 210.350189209 0.060185190 0.998008549 0.018786013 -18.031593323 0.181884244 0.007540321 -0.983290434 22.025369644
-0.974599957 0.062305368 -0.215108544 210.086395264 0.058713086 0.998006761 0.023055904 -18.028686523 0.216116846 0.009840542 -0.976317346 20.761520386
-0.966463208 0.062024813 -0.249199808 209.763076782 0.057311781 0.998012483 0.026131308 -18.022159576 0.250325918 0.010972808 -0.968098879 19.492773056
-0.956900477 0.060751725 -0.283988416 209.410736084 0.055260442 0.998096466 0.027316066 -18.000379562 0.285108000 0.010445375 -0.958437920 18.180276871
-0.946296036 0.060109429 -0.317662567 208.963821411 0.054182030 0.998151302 0.027469976 -17.983467102 0.318727285 0.008783066 -0.947805226 16.854484558
-0.934601963 0.058511510 -0.350848317 208.460586548 0.051546719 0.998242676 0.029166866 -17.941698074 0.351939201 0.009174271 -0.935977399 15.537742615
-0.921748042 0.056826260 -0.383601874 207.977966309 0.048398975 0.998326361 0.031594269 -17.923295975 0.384756148 0.010555962 -0.922957361 14.319763184
-0.907999873 0.055933826 -0.415218920 207.414962769 0.046307802 0.998372614 0.033224519 -17.901468277 0.416402549 0.010939927 -0.909114063 13.080711365
-0.893878639 0.054981146 -0.444923788 206.743896484 0.044766612 0.998435616 0.033442441 -17.876909256 0.446067482 0.009975695 -0.894943237 11.924710274
-0.878858864 0.054036301 -0.474010974 206.081558228 0.043448001 0.998499632 0.033270713 -17.845199585 0.475098670 0.008645371 -0.879889488 10.656359673
-0.863662362 0.054083440 -0.501160204 205.366226196 0.042708378 0.998501658 0.034154568 -17.808374405 0.502257645 0.008094213 -0.864679575 9.458961487
-0.848407447 0.054820396 -0.526496708 204.536010742 0.042204712 0.998459876 0.035953321 -17.772499084 0.527658045 0.008282360 -0.849415958 8.241024017
-0.832710743 0.055917412 -0.550876796 203.683792114 0.042131972 0.998400152 0.037656944 -17.702228546 0.552102506 0.008147754 -0.833735883 6.870841503
-0.817253232 0.057938844 -0.573357940 202.816741943 0.043454364 0.998294234 0.038940627 -17.652070999 0.574637473 0.006909386 -0.818378329 5.580008030
-0.802084208 0.060691301 -0.594118237 201.984558105 0.047481999 0.998152196 0.037862360 -17.611860275 0.595319748 0.002158810 -0.803485394 4.453139305
-0.786697745 0.063604273 -0.614052176 201.164672852 0.050577622 0.997972846 0.038573537 -17.570970535 0.615262210 -0.000711663 -0.788321555 3.384773731
-0.770923197 0.066754796 -0.633419454 200.301864624 0.051175039 0.997767091 0.042868666 -17.531833649 0.634868205 0.000633106 -0.772619605 2.323135853
-0.754077375 0.068230726 -0.653231084 199.334716797 0.051316112 0.997667372 0.044969354 -17.457530975 0.654777110 0.000389014 -0.755821288 1.119426131
-0.737634182 0.063875549 -0.672171652 198.354858398 0.047771394 0.997955441 0.042410687 -17.407539368 0.673507869 -0.000827088 -0.739178956 0.075606942
-0.720825255 0.059434611 -0.690563142 197.416397095 0.046774123 0.998214662 0.037089508 -17.361183167 0.691536129 -0.005565522 -0.722319782 -0.923050284
-0.704993844 0.055167902 -0.707063794 196.342208862 0.046583947 0.998417079 0.031453028 -17.302921295 0.707681239 -0.010763733 -0.706449270 -1.910442233
-0.689286232 0.052123073 -0.722611010 195.316223145 0.044848919 0.998563588 0.029247513 -17.264627457 0.723098993 -0.012248520 -0.690635204 -2.900521994
-0.673290253 0.049626242 -0.737710297 194.046264648 0.041761547 0.998702645 0.029068774 -17.197200775 0.738197327 -0.011236304 -0.674490631 -3.888335705
-0.656087220 0.044747546 -0.753356695 192.865112305 0.035798341 0.998960197 0.028159708 -17.156478882 0.753834963 -0.008493793 -0.657008290 -4.893427849
-0.638467669 0.041675523 -0.768518865 191.703231812 0.030218532 0.999118268 0.029075852 -17.112806320 0.769054592 -0.004659610 -0.639165461 -5.867868423
-0.620948851 0.041089758 -0.782772779 190.393676758 0.025598370 0.999153376 0.032141913 -17.064233780 0.783432364 -0.000079305 -0.621476352 -6.913346767
-0.603046119 0.040383771 -0.796682835 188.702438354 0.021460544 0.999175489 0.034403775 -17.001173019 0.797416985 0.003649742 -0.603416920 -8.128602028
-0.585069418 0.040411741 -0.809975028 187.469909668 0.018572297 0.999161303 0.036435544 -16.956668854 0.810769856 0.006274160 -0.585330665 -9.047569275
-0.568384886 0.039431244 -0.821816623 186.177886963 0.015761752 0.999187350 0.037040591 -16.900320053 0.822611094 0.008099980 -0.568545878 -9.948813438
-0.553101182 0.039251782 -0.832188129 184.850250244 0.014601169 0.999190688 0.037424475 -16.844123840 0.832985401 0.008548541 -0.553228080 -10.838645935
-0.539003313 0.039334714 -0.841383934 183.541061401 0.013480543 0.999181867 0.038076058 -16.793107986 0.842195034 0.009180750 -0.539093912 -11.697088242
-0.525835752 0.039828718 -0.849652410 182.105056763 0.013456265 0.999165595 0.038509641 -16.726371765 0.850478947 0.008816538 -0.525934219 -12.561121941
-0.513430297 0.040972043 -0.857151926 180.656570435 0.013825130 0.999122858 0.039477214 -16.670314789 0.858019173 0.008418504 -0.513547659 -13.420317650
-0.500868917 0.042078353 -0.864498973 179.241943359 0.013749837 0.999076366 0.040662546 -16.596950531 0.865413189 0.008479827 -0.500986159 -14.281291962
-0.488257557 0.044084512 -0.871584713 177.569488525 0.015259895 0.998999894 0.041980743 -16.522762299 0.872565448 0.007197064 -0.488443315 -15.270759583
-0.477096796 0.046246734 -0.877632439 175.963745117 0.015210087 0.998897433 0.044368427 -16.433435440 0.878718436 0.007819111 -0.477275521 -16.114725113
-0.466732740 0.048013411 -0.883093476 174.353500366 0.016694840 0.998823583 0.045482170 -16.370641708 0.884240210 0.006484853 -0.466986537 -16.952032089
-0.457267672 0.047975481 -0.888033450 172.866043091 0.018521648 0.998838902 0.044424605 -16.295709610 0.889135599 0.003866028 -0.457626671 -17.751914978
-0.450239003 0.049414948 -0.891538978 171.330581665 0.020111589 0.998773277 0.045202076 -16.222438812 0.892680943 0.002421406 -0.450681806 -18.551998138
-0.444017470 0.050386470 -0.894599557 169.757781982 0.021495298 0.998727143 0.045582578 -16.146181107 0.895759642 0.001009709 -0.444536656 -19.353221893
-0.437595636 0.049657725 -0.897798896 168.198715210 0.022424335 0.998763859 0.044312440 -16.062011719 0.898891628 -0.000741688 -0.438169509 -20.184877396
-0.433336407 0.050469257 -0.899817288 166.615997314 0.023612449 0.998721600 0.044645414 -15.988212585 0.900922298 -0.001900484 -0.433975399 -20.991147995
-0.430289775 0.050573658 -0.901272297 164.971282959 0.025098195 0.998711407 0.044058938 -15.907833099 0.902341306 -0.003662276 -0.431005895 -21.795022964
-0.426727414 0.050188564 -0.902985930 163.330154419 0.025061438 0.998729587 0.043666802 -15.834671974 0.904032528 -0.003996381 -0.427444339 -22.605453491
-0.423215717 0.051254913 -0.904577374 161.676788330 0.026375873 0.998670280 0.044246275 -15.762537956 0.905644476 -0.005133377 -0.424006075 -23.420534134
-0.419872612 0.049627028 -0.906224549 159.890258789 0.025488678 0.998752713 0.042884767 -15.651926994 0.907224596 -0.005092406 -0.420615047 -24.310249329
-0.417050630 0.050036136 -0.907504261 158.163955688 0.025197238 0.998734057 0.043486699 -15.585281372 0.908533454 -0.004730524 -0.417784631 -25.126234055
-0.415038407 0.051183909 -0.908362329 156.404739380 0.024734810 0.998679876 0.044971630 -15.501425743 0.909467161 -0.003803294 -0.415757716 -25.924074173
-0.412522435 0.051499549 -0.909489930 154.631118774 0.025439145 0.998660386 0.045010325 -15.421294212 0.910591722 -0.004568956 -0.413281083 -26.736230850
-0.410163343 0.052631658 -0.910491526 152.858993530 0.025131406 0.998604417 0.046403855 -15.339753151 0.911665320 -0.003848849 -0.410914749 -27.559736252
-0.407812774 0.052491628 -0.911554873 151.085418701 0.024853006 0.998612225 0.046386126 -15.253861427 0.912726879 -0.003738100 -0.408552498 -28.374940872
-0.405249536 0.050455339 -0.912812173 149.231475830 0.024136640 0.998716176 0.044488117 -15.164334297 0.913887024 -0.004003508 -0.405948162 -29.209445953
-0.402674288 0.048723318 -0.914045155 147.392654419 0.023287300 0.998802304 0.042982407 -15.080952644 0.915046692 -0.003977812 -0.403327703 -30.033609390
-0.400216222 0.048143025 -0.915154815 145.534835815 0.022767011 0.998831153 0.042588558 -14.997540474 0.916137516 -0.003790787 -0.400845557 -30.869735718
-0.398338974 0.049721695 -0.915889144 143.670501709 0.023061741 0.998754799 0.044190384 -14.918395996 0.916947961 -0.003519323 -0.398990691 -31.691122055
