1.000000000 0.000000000 0.000000000 0.000000000 0.000000000 1.000000000 0.000000000 0.000000000 0.000000000 0.000000000 1.000000000 0.000000000
0.999970436 -0.000463944 0.007672762 0.007401042 0.000466436 0.999999821 -0.000322993 -0.004023427 -0.007672611 0.000326562 0.999970496 0.604640067
0.999903738 -0.001312702 0.013810420 0.017033968 0.001319663 0.999998987 -0.000494943 -0.006973639 -0.013809757 0.000513120 0.999904513 1.220210552
0.999833107 -0.002373335 0.018110815 0.029058352 0.002382111 0.999997079 -0.000462995 -0.011779219 -0.018109664 0.000506059 0.999835908 1.851917267
0.999776602 -0.002913498 0.020932755 0.041275494 0.002915096 0.999995768 -0.000045830 -0.018748207 -0.020932535 0.000106841 0.999780953 2.500024796
0.999739766 -0.002614055 0.022661585 0.053605098 0.002596509 0.999996364 0.000803644 -0.025069863 -0.022663606 -0.000744594 0.999742925 3.155512333
0.999702752 -0.002502320 0.024250709 0.067740381 0.002476637 0.999996364 0.001089041 -0.028615316 -0.024253352 -0.001028657 0.999705374 3.839672804
0.999675572 -0.001642190 0.025415361 0.081464231 0.001612182 0.999998033 0.001201185 -0.034069613 -0.025417287 -0.001159821 0.999676347 4.536863804
0.999648988 -0.002107476 0.026406022 0.097600073 0.002071289 0.999996960 0.001397693 -0.037523050 -0.026408892 -0.001342508 0.999650359 5.253612518
0.999628663 -0.003900916 0.026964437 0.116854221 0.003863130 0.999991596 0.001453333 -0.043024391 -0.026969885 -0.001348626 0.999635339 5.985367775
0.999618649 -0.005288234 0.027097788 0.135631412 0.005223026 0.999983430 0.002476623 -0.046923783 -0.027110441 -0.002334146 0.999629736 6.733940125
0.999617279 -0.006282942 0.026935259 0.155389041 0.006203230 0.999976218 0.003042031 -0.048324879 -0.026953738 -0.002873782 0.999632537 7.507328987
0.999647498 -0.005910701 0.025876125 0.169786483 0.005820800 0.999976873 0.003548295 -0.051737562 -0.025896506 -0.003396425 0.999658823 8.290385246
0.999684334 -0.005681918 0.024464848 0.185211360 0.005592012 0.999977469 0.003741806 -0.054202877 -0.024485564 -0.003603817 0.999693632 9.088987350
0.999716103 -0.005306109 0.023221374 0.198529273 0.005222938 0.999979854 0.003640926 -0.055115167 -0.023240231 -0.003518609 0.999723673 9.903871536
0.999743342 -0.004503029 0.022196254 0.211277574 0.004437351 0.999985695 0.003007443 -0.056471724 -0.022209488 -0.002908178 0.999749064 10.737750053
0.999773324 -0.000935322 0.021260751 0.221681312 0.000930391 0.999999583 0.000241869 -0.059471972 -0.021260977 -0.000222034 0.999773860 11.580710411
0.999790192 0.002849705 0.020273795 0.226846680 -0.002828964 0.999995470 -0.001051651 -0.063597716 -0.020276710 0.000994077 0.999793828 12.433837891
0.999807715 0.004585318 0.019053563 0.235664010 -0.004561688 0.999988794 -0.001283492 -0.069019914 -0.019059243 0.001196329 0.999817550 13.299880981
0.999816835 0.006702444 0.017912842 0.242853567 -0.006720462 0.999976993 0.000945762 -0.080344543 -0.017906100 -0.001065971 0.999839008 14.169924736
0.999808192 0.009667816 0.017017588 0.246890858 -0.009694784 0.999951839 0.001502829 -0.087139636 -0.017002247 -0.001667523 0.999853969 15.034574509
0.999811649 0.011469499 0.015640426 0.252592087 -0.011494333 0.999932826 0.001498676 -0.097004049 -0.015622195 -0.001678170 0.999876440 15.905376434
0.999809146 0.013681636 0.013923054 0.256932914 -0.013699331 0.999905467 0.001176243 -0.109409407 -0.013905653 -0.001366756 0.999902248 16.765146255
0.999828815 0.013458278 0.012675386 0.261441857 -0.013468724 0.999909043 0.000738969 -0.119352281 -0.012664295 -0.000909565 0.999919236 17.624134064
0.999832809 0.014421140 0.011215936 0.266927719 -0.014428887 0.999895751 0.000609886 -0.128603742 -0.011205979 -0.000771618 0.999936759 18.489803314
0.999867916 0.012456076 0.010409393 0.270855218 -0.012475658 0.999920607 0.001818289 -0.137113601 -0.010385925 -0.001947913 0.999943972 19.348915100
0.999922633 0.008630952 0.008925078 0.279108316 -0.008667477 0.999954283 0.004061847 -0.144572854 -0.008889621 -0.004138891 0.999951720 20.205120087
0.999942899 0.007882039 0.007183547 0.283954680 -0.007922648 0.999952793 0.005642125 -0.156567052 -0.007138745 -0.005698716 0.999958098 21.058879852
0.999967039 0.005814404 0.005630360 0.286464304 -0.005849645 0.999963343 0.006262769 -0.163001016 -0.005593748 -0.006295498 0.999964356 21.907766342
0.999984860 0.002919383 0.004613841 0.291395724 -0.002955789 0.999964476 0.007903793 -0.166927636 -0.004590611 -0.007917311 0.999957979 22.766027451
0.999992609 0.001169337 0.003592229 0.293882817 -0.001206295 0.999946237 0.010303605 -0.173760250 -0.003579996 -0.010307863 0.999940336 23.607696533
0.999994397 0.001368682 0.002967862 0.290750146 -0.001404597 0.999925494 0.012133708 -0.177635387 -0.002951042 -0.012137811 0.999921858 24.450136185
0.999998033 -0.000250813 0.001850405 0.289575905 0.000227530 0.999921024 0.012572891 -0.180465147 -0.001853421 -0.012572446 0.999919116 25.289827347
0.999988556 -0.004718608 0.000400212 0.291540682 0.004712905 0.999901533 0.013226424 -0.181065857 -0.000462591 -0.013224388 0.999912322 26.120355606
0.999949098 -0.010015467 -0.000978588 0.294562012 0.010029471 0.999829054 0.015535792 -0.180879816 0.000822814 -0.015544817 0.999878705 26.957164764
0.999903679 -0.013629656 -0.002498080 0.294359684 0.013668813 0.999772310 0.016389897 -0.180646032 0.002274114 -0.016422465 0.999862432 27.793382645
0.999843180 -0.017107181 -0.004504290 0.291446537 0.017176146 0.999728560 0.015743013 -0.182269841 0.004233741 -0.015817910 0.999865830 28.620407104
0.999735892 -0.021941349 -0.006790043 0.289719492 0.022031546 0.999666154 0.013504784 -0.181176394 0.006491455 -0.013650811 0.999885619 29.440019608
0.999678612 -0.023716457 -0.008918868 0.280694246 0.023819946 0.999648154 0.011680451 -0.182518154 0.008638702 -0.011889145 0.999891877 30.256866455
0.999659240 -0.023663966 -0.010987423 0.267713815 0.023788095 0.999653220 0.011306295 -0.184985325 0.010716053 -0.011563813 0.999875605 31.071525574
0.999676406 -0.021793339 -0.013096716 0.247231111 0.021944540 0.999693036 0.011513161 -0.188917175 0.012841779 -0.011796836 0.999847829 31.879545212
0.999662995 -0.021117982 -0.015078296 0.229657292 0.021295486 0.999704838 0.011709443 -0.192091182 0.014826559 -0.012026596 0.999817669 32.686042786
0.999652982 -0.020063661 -0.017053317 0.209975854 0.020265546 0.999725759 0.011748666 -0.194588676 0.016812913 -0.012090184 0.999785483 33.489818573
0.999643385 -0.019089935 -0.018662114 0.186185598 0.019293820 0.999755621 0.010806055 -0.199981242 0.018451260 -0.011162263 0.999767363 34.282684326
0.999615133 -0.018713355 -0.020468133 0.162335083 0.018898282 0.999782145 0.008878464 -0.207882673 0.020297522 -0.009261859 0.999750972 35.072830200
0.999592066 -0.018189106 -0.022010801 0.139890999 0.018320795 0.999815524 0.005795521 -0.214621425 0.021901319 -0.006196412 0.999740779 35.861488342
0.999580026 -0.017698178 -0.022937840 0.116707698 0.017765192 0.999838650 0.002720538 -0.221118107 0.022885984 -0.003126892 0.999733031 36.647621155
0.999571621 -0.017576043 -0.023394573 0.092595652 0.017601399 0.999844909 0.000877830 -0.231597424 0.023375509 -0.001289233 0.999725759 37.423221588
0.999557555 -0.018753199 -0.023077680 0.071879767 0.018745622 0.999824345 -0.000545184 -0.244781852 0.023083843 0.000112335 0.999733329 38.195468903
0.999564290 -0.019320572 -0.022302339 0.052685663 0.019305050 0.999813437 -0.000911528 -0.257501692 0.022315782 0.000480581 0.999750674 38.970176697
0.999578297 -0.020056706 -0.020983944 0.033207912 0.020036867 0.999798775 -0.001155840 -0.268754393 0.021002896 0.000734898 0.999778986 39.756816864
0.999590099 -0.020594003 -0.019872710 0.017242797 0.020578766 0.999787927 -0.000971595 -0.278794885 0.019888496 0.000562240 0.999801874 40.540416718
0.999604583 -0.020924404 -0.018767301 0.001171673 0.020920368 0.999781251 -0.000412238 -0.289734811 0.018771812 0.000019454 0.999823630 41.322826385
0.999625623 -0.021046391 -0.017465057 -0.014605628 0.021052828 0.999778509 0.000183936 -0.301023662 0.017457306 -0.000551558 0.999847293 42.103797913
0.999629200 -0.021704720 -0.016420078 -0.029401382 0.021708805 0.999764442 0.000069705 -0.311296761 0.016414687 -0.000426141 0.999865055 42.885654449
0.999651790 -0.021568572 -0.015177418 -0.043267839 0.021569202 0.999767423 -0.000123224 -0.320512354 0.015176537 -0.000204186 0.999884725 43.670501709
0.999673486 -0.021398906 -0.013939689 -0.058946162 0.021403734 0.999770999 0.000196133 -0.328302622 0.013932290 -0.000494432 0.999902725 44.452301025
0.999697804 -0.021049958 -0.012671798 -0.075035281 0.021075439 0.999776244 0.001879398 -0.338234752 0.012629391 -0.002145896 0.999917865 45.236545563
0.999705732 -0.021447901 -0.011301038 -0.087554842 0.021490399 0.999762475 0.003651065 -0.349531800 0.011220035 -0.003892857 0.999929428 46.021846771
0.999707639 -0.021983970 -0.010029661 -0.098254256 0.022035848 0.999744356 0.005090103 -0.358872920 0.009915185 -0.005309630 0.999936700 46.814674377
0.999737382 -0.021288540 -0.008438251 -0.109117121 0.021328455 0.999761760 0.004666951 -0.367061734 0.008336877 -0.004845703 0.999953449 47.610824585
0.999778628 -0.019829001 -0.006984319 -0.120150305 0.019850291 0.999798656 0.002990276 -0.374437571 0.006923606 -0.003128256 0.999971092 48.403739929
0.999802470 -0.019129422 -0.005319396 -0.129616439 0.019138370 0.999815702 0.001634128 -0.380920410 0.005287142 -0.001735611 0.999984443 49.206390381
0.999826550 -0.018241862 -0.003640813 -0.136879966 0.018246869 0.999832869 0.001343818 -0.387761235 0.003615677 -0.001410021 0.999992430 50.008499146
0.999859691 -0.016629929 -0.001815646 -0.146575600 0.016634753 0.999858320 0.002669364 -0.396528423 0.001770984 -0.002699194 0.999994755 50.821517944
0.999882996 -0.015273048 -0.000063105 -0.146555558 0.015273188 0.999876320 0.003807766 -0.402466327 0.000004927 -0.003808286 0.999992669 51.650817871
0.999881923 -0.015274451 0.001457208 -0.143300533 0.015267835 0.999873757 0.004454664 -0.407160133 -0.001525080 -0.004431891 0.999988914 52.477035522
0.999910772 -0.012927270 0.003244552 -0.145376831 0.012913730 0.999908209 0.004162817 -0.411702454 -0.003298082 -0.004120548 0.999985933 53.312732697
0.999928713 -0.010885404 0.004825437 -0.147589132 0.010862873 0.999930382 0.004672771 -0.421399057 -0.004875980 -0.004620021 0.999977291 54.147586823
0.999921024 -0.011069678 0.005886004 -0.149955213 0.011035099 0.999922156 0.005876539 -0.426649332 -0.005950612 -0.005811124 0.999965250 54.979053497
0.999874473 -0.014120871 0.007134292 -0.148184329 0.014066570 0.999872446 0.007606586 -0.432101846 -0.007240808 -0.007505277 0.999945462 55.833293915
0.999770761 -0.019806571 0.008087525 -0.138973996 0.019754926 0.999784589 0.006418447 -0.440053523 -0.008212924 -0.006257208 0.999946594 56.689918518
0.999749124 -0.020992298 0.007769900 -0.133791074 0.020989789 0.999779999 0.000406700 -0.452049345 -0.007776741 -0.000243510 0.999969602 57.535381317
0.999759614 -0.020733889 0.007082589 -0.133367434 0.020794133 0.999747694 -0.008538207 -0.462619156 -0.006903784 0.008683429 0.999938369 58.388561249
0.999717712 -0.023014296 0.005843294 -0.131253287 0.023097431 0.999627292 -0.014579353 -0.474093646 -0.005505595 0.014710200 0.999876559 59.238277435
0.999626577 -0.026806576 0.005235622 -0.126973927 0.026869789 0.999562502 -0.012397099 -0.493006259 -0.004901019 0.012533147 0.999909341 60.083370209
0.999750555 -0.021642249 0.005453100 -0.137207568 0.021665500 0.999756753 -0.004238255 -0.513807833 -0.005360060 0.004355341 0.999976039 60.949691772
0.999847233 -0.016718727 0.005020047 -0.147168681 0.016696002 0.999850750 0.004537345 -0.528472781 -0.005095168 -0.004452837 0.999976993 61.804901123
0.999885738 -0.014467539 0.004283634 -0.152181298 0.014423016 0.999843895 0.010250540 -0.537847757 -0.004431278 -0.010187585 0.999938190 62.679431915
0.999891102 -0.014208852 0.003872240 -0.154763520 0.014158510 0.999819100 0.012734495 -0.543231308 -0.004052495 -0.012678281 0.999911308 63.544509888
0.999856591 -0.016625000 0.003105266 -0.154569924 0.016589358 0.999800444 0.011174347 -0.545719743 -0.003290433 -0.011121228 0.999932647 64.403121948
0.999794543 -0.020140914 0.002112066 -0.148728088 0.020124597 0.999769926 0.007487112 -0.546706915 -0.002262390 -0.007443068 0.999969661 65.268043518
0.999753237 -0.022181971 0.000839257 -0.148022979 0.022178449 0.999746442 0.004013842 -0.550971329 -0.000928092 -0.003994237 0.999991477 66.127983093
0.999729753 -0.023228252 -0.000478712 -0.153035983 0.023229543 0.999726534 0.002850221 -0.558127820 0.000412362 -0.002860570 0.999995708 66.974433899
0.999712169 -0.023899613 -0.001933291 -0.157739997 0.023905661 0.999709666 0.003157636 -0.566625357 0.001857250 -0.003202942 0.999993026 67.825920105
0.999715030 -0.023618579 -0.003373104 -0.163170308 0.023633368 0.999711454 0.004407948 -0.574857473 0.003268008 -0.004486409 0.999984443 68.680587769
0.999715507 -0.023328127 -0.004894236 -0.168538913 0.023351707 0.999716222 0.004813265 -0.579201579 0.004780549 -0.004926183 0.999976277 69.535499573
0.999704897 -0.023494890 -0.006119732 -0.175179750 0.023529749 0.999707460 0.005684797 -0.584799349 0.005984364 -0.005827114 0.999964952 70.393135071
0.999701917 -0.023334445 -0.007138434 -0.185810089 0.023375763 0.999710679 0.005758230 -0.592843890 0.007001990 -0.005923379 0.999957740 71.237480164
0.999704123 -0.022957791 -0.007991428 -0.196353421 0.022999572 0.999722540 0.005174370 -0.600877583 0.007870405 -0.005356639 0.999954462 72.084259033
0.999741793 -0.021013111 -0.008610467 -0.210540831 0.021051565 0.999769151 0.004398636 -0.606216252 0.008516036 -0.004578764 0.999953032 72.938880920
0.999758005 -0.020056818 -0.008999184 -0.227404535 0.020096635 0.999789000 0.004355147 -0.615590394 0.008909919 -0.004534946 0.999949813 73.787422180
0.999772191 -0.019252729 -0.009184858 -0.240014091 0.019305237 0.999798000 0.005661653 -0.621569753 0.009073986 -0.005837678 0.999941528 74.652168274
0.999808192 -0.017420521 -0.008919078 -0.253863245 0.017475819 0.999828696 0.006159104 -0.628988862 0.008810241 -0.006313789 0.999940991 75.516365051
0.999849260 -0.015237709 -0.008298310 -0.272302359 0.015280931 0.999870241 0.005169362 -0.635623813 0.008218450 -0.005295387 0.999951959 76.381370544
0.999863505 -0.014711111 -0.007498163 -0.283710837 0.014732616 0.999887884 0.002819777 -0.643671632 0.007455828 -0.002929858 0.999967635 77.249526978
0.999878109 -0.014015652 -0.006854572 -0.301121056 0.014020639 0.999901891 0.000678963 -0.653688014 0.006844371 -0.000774986 0.999975979 78.117614746
0.999880850 -0.014166235 -0.006097932 -0.314275920 0.014164225 0.999899983 -0.000373687 -0.665100038 0.006102604 0.000287269 0.999981046 78.995452881
0.999872923 -0.014857620 -0.005735115 -0.320625991 0.014853161 0.999889672 -0.000820445 -0.674359977 0.005746660 0.000735155 0.999982893 79.884162903
0.999856472 -0.016022405 -0.005462907 -0.328116357 0.016015952 0.999871254 -0.001224449 -0.685861349 0.005481810 0.001136779 0.999984026 80.783279419
0.999845445 -0.016638184 -0.005644592 -0.332000464 0.016625810 0.999859512 -0.002233929 -0.697192013 0.005680956 0.002139736 0.999981284 81.677787781
0.999834716 -0.017274871 -0.005638066 -0.343090564 0.017256647 0.999845982 -0.003266973 -0.708661437 0.005693623 0.003169137 0.999978483 82.577697754
0.999842703 -0.016699461 -0.005943878 -0.349718630 0.016674599 0.999852359 -0.004209633 -0.720888674 0.006013287 0.004109857 0.999973178 83.499595642
0.999850452 -0.016118882 -0.006231375 -0.360533506 0.016093414 0.999862254 -0.004117349 -0.734381855 0.006296872 0.004016447 0.999971807 84.415443420
0.999848843 -0.016008489 -0.006759421 -0.370002002 0.015992275 0.999869347 -0.002447107 -0.747425675 0.006797700 0.002338637 0.999973834 85.344207764
0.999862671 -0.014972948 -0.007080270 -0.381264746 0.014971095 0.999888122 -0.000315399 -0.762933969 0.007084188 0.000209355 0.999974549 86.270141602
0.999868751 -0.014477164 -0.007250967 -0.393739879 0.014489055 0.999894023 0.001589171 -0.776434004 0.007227179 -0.001694022 0.999972105 87.209411621
0.999874592 -0.013937854 -0.007501547 -0.401617616 0.013955950 0.999900103 0.002364893 -0.787339270 0.007467824 -0.002469287 0.999968708 88.153564453
0.999885201 -0.013102395 -0.007588906 -0.414580047 0.013120210 0.999911547 0.002302033 -0.794896483 0.007558059 -0.002401337 0.999968171 89.098449707
0.999887466 -0.012933568 -0.007576321 -0.428848594 0.012949990 0.999914110 0.002121921 -0.802560270 0.007548214 -0.002219795 0.999968708 90.040115356
0.999894261 -0.012371745 -0.007619722 -0.443278015 0.012380121 0.999923050 0.001052464 -0.810961723 0.007606103 -0.001146686 0.999970078 91.004905701
0.999897242 -0.012290653 -0.007349786 -0.453648686 0.012283854 0.999924362 -0.000969912 -0.817176640 0.007361138 0.000879527 0.999972165 91.983879089
0.999889135 -0.013046741 -0.007144664 -0.465657383 0.013030781 0.999912798 -0.002276267 -0.823033512 0.007173727 0.002182913 0.999971509 92.959716797
0.999895155 -0.012751476 -0.006821455 -0.479233384 0.012729759 0.999914110 -0.003218230 -0.832145751 0.006861893 0.003131055 0.999971211 93.949813843
0.999910533 -0.011679925 -0.006471940 -0.492204875 0.011658573 0.999926805 -0.003327606 -0.845285952 0.006510320 0.003251853 0.999973178 94.945304871
0.999937952 -0.009395190 -0.005926128 -0.503965676 0.009382477 0.999953866 -0.002169622 -0.855805337 0.005946227 0.002113884 0.999979734 95.949302673
0.999964595 -0.006427909 -0.005367788 -0.520106435 0.006427771 0.999979556 -0.000042901 -0.868631244 0.005367942 0.000008395 0.999985218 96.943176270
0.999987483 -0.001480510 -0.004712707 -0.537082970 0.001479922 0.999999166 -0.000127532 -0.880329072 0.004712880 0.000120555 0.999988496 97.953025818
0.999988317 0.002578165 -0.004015382 -0.554043412 -0.002576494 0.999996841 0.000422506 -0.888123870 0.004016447 -0.000412156 0.999991417 98.971893311
0.999995828 -0.000270485 -0.002778750 -0.559955895 0.000278819 0.999995768 0.003000740 -0.894550264 0.002777915 -0.003001502 0.999991179 100.002456665
0.999996364 0.001306981 -0.002242956 -0.572229862 -0.001291198 0.999974728 0.007026129 -0.901867688 0.002252070 -0.007023206 0.999972343 101.025848389
0.999997377 -0.000431826 -0.002099579 -0.578341424 0.000454947 0.999939322 0.011026203 -0.902424693 0.002094678 -0.011027126 0.999936581 102.063095093
0.999988914 -0.004311254 -0.001722274 -0.580427468 0.004337699 0.999868155 0.015659148 -0.901038349 0.001654524 -0.015666438 0.999875486 103.102989197
0.999983370 -0.005471606 -0.001662864 -0.586512685 0.005501527 0.999812841 0.018556532 -0.898811221 0.001561008 -0.018565362 0.999826014 104.129943848
0.999970138 -0.007464207 -0.001829710 -0.591837466 0.007495324 0.999816597 0.017634735 -0.893356323 0.001697733 -0.017647915 0.999842405 105.176574707
0.999946654 -0.010024345 -0.002365962 -0.598371863 0.010061825 0.999815047 0.016399851 -0.890716374 0.002201115 -0.016422775 0.999862313 106.213035583
0.999906957 -0.013219417 -0.003280799 -0.603413641 0.013271488 0.999777734 0.016391987 -0.884181499 0.003063366 -0.016433995 0.999859869 107.260536194
0.999860466 -0.016121672 -0.004309981 -0.608727515 0.016194358 0.999717653 0.017397167 -0.880627871 0.004028281 -0.017464528 0.999839008 108.317268372
0.999798298 -0.019369414 -0.005261017 -0.613154054 0.019460743 0.999650538 0.017900804 -0.875325322 0.004912440 -0.017999569 0.999825537 109.372268677
0.999705553 -0.023410046 -0.006340364 -0.616467118 0.023533754 0.999519229 0.020194404 -0.865932047 0.005864552 -0.020337662 0.999775589 110.432769775
0.999610662 -0.026891658 -0.007403567 -0.622756243 0.027050719 0.999385595 0.022294395 -0.861399353 0.006799474 -0.022485975 0.999723673 111.482772827
0.999484360 -0.031063456 -0.008090395 -0.627956450 0.031228328 0.999289334 0.021118229 -0.853947043 0.007428629 -0.021359980 0.999743879 112.548225403
0.999430537 -0.032641251 -0.008512840 -0.641018271 0.032789540 0.999302089 0.017903659 -0.845899403 0.007922489 -0.018172588 0.999803126 113.597610474
0.999414384 -0.033289641 -0.007877127 -0.653221130 0.033409189 0.999320745 0.015564613 -0.842742085 0.007353624 -0.015818657 0.999847531 114.646957397
0.999440849 -0.032747325 -0.006712641 -0.664742410 0.032844361 0.999349654 0.014893093 -0.842416406 0.006220555 -0.015105228 0.999866247 115.692398071
0.999520957 -0.030562744 -0.004820525 -0.675928950 0.030629827 0.999425530 0.014515502 -0.843403578 0.004374111 -0.014656190 0.999882698 116.747619629
0.999557734 -0.029549168 -0.003265324 -0.683734953 0.029593563 0.999456882 0.014502027 -0.843017936 0.002835017 -0.014592236 0.999889195 117.795135498
0.999574423 -0.029104434 -0.001873377 -0.690975964 0.029131690 0.999436378 0.016684683 -0.842759252 0.001386712 -0.016732147 0.999858737 118.835517883
0.999593377 -0.028506078 -0.000317412 -0.702327967 0.028506875 0.999404550 0.019439718 -0.842109561 -0.000236938 -0.019440850 0.999810696 119.866874695
0.999600649 -0.028222870 0.001259176 -0.706318796 0.028192421 0.999405980 0.019817814 -0.840471864 -0.001817754 -0.019774390 0.999802530 120.906631470
0.999590278 -0.028530676 0.002204520 -0.705458701 0.028488923 0.999447882 0.017094756 -0.837105453 -0.002691039 -0.017024938 0.999851167 121.937042236
0.999575019 -0.028925782 0.003548349 -0.709555030 0.028871367 0.999477386 0.014535942 -0.834769547 -0.003966969 -0.014427310 0.999887764 122.964149475
0.999544561 -0.029829733 0.004517318 -0.713736475 0.029769110 0.999472916 0.012943535 -0.835788131 -0.004901050 -0.012803154 0.999905765 123.988548279
0.999498427 -0.031276334 0.004922682 -0.715036094 0.031206658 0.999419689 0.013648964 -0.841345787 -0.005346725 -0.013488488 0.999894440 125.003044128
0.999444366 -0.032993387 0.004678869 -0.713417232 0.032919679 0.999344707 0.015044211 -0.844521463 -0.005172173 -0.014881818 0.999875605 126.022911072
0.999408185 -0.034108274 0.004402670 -0.713581741 0.034035712 0.999298453 0.015623135 -0.845300972 -0.004932471 -0.015464033 0.999868035 127.048431396
0.999338925 -0.036123134 0.004045810 -0.710358143 0.036059137 0.999238372 0.014911938 -0.846116662 -0.004581405 -0.014756184 0.999880433 128.055419922
0.999267042 -0.038097315 0.003678708 -0.709915996 0.038043968 0.999183178 0.013624663 -0.846289635 -0.004194778 -0.013474717 0.999900222 129.077682495
0.999289155 -0.037540466 0.003389478 -0.711498737 0.037490938 0.999203622 0.013657990 -0.843412220 -0.003899517 -0.013521198 0.999900758 130.084350586
0.999321222 -0.036718585 0.002875284 -0.711632192 0.036671553 0.999214888 0.014991347 -0.844718933 -0.003423499 -0.014875723 0.999883294 131.093078613
0.999379218 -0.035138272 0.002447500 -0.716007590 0.035091173 0.999236345 0.017183939 -0.844275534 -0.003049457 -0.017087378 0.999849141 132.108383179
0.999445677 -0.033204056 0.002297567 -0.720862985 0.033154059 0.999266446 0.019162890 -0.843309045 -0.002932178 -0.019076085 0.999813557 133.111160278
0.999506116 -0.031331845 0.002286303 -0.725681543 0.031279303 0.999305844 0.020230165 -0.840598047 -0.002918576 -0.020148652 0.999792516 134.115463257
0.999597490 -0.028287139 0.002048156 -0.729874134 0.028240917 0.999403238 0.019884529 -0.837126613 -0.002609422 -0.019818675 0.999799967 135.109542847
0.999633789 -0.026973147 0.002056364 -0.736122489 0.026928952 0.999454081 0.019135106 -0.832285225 -0.002571387 -0.019072715 0.999814570 136.096862793
0.999761403 -0.021780370 0.001480929 -0.746478140 0.021751914 0.999617100 0.017098004 -0.831063211 -0.001852775 -0.017061703 0.999852479 137.079162598
0.999777138 -0.021026438 0.001752540 -0.752426863 0.020999892 0.999681294 0.014003651 -0.830628932 -0.002046440 -0.013963718 0.999900162 138.065032959
0.999801159 -0.019872002 0.001495774 -0.755411267 0.019853953 0.999739408 0.011255859 -0.831041515 -0.001719073 -0.011223914 0.999935269 139.041473389
0.999836802 -0.018003175 0.001347080 -0.762482166 0.017984727 0.999758005 0.012654836 -0.829848826 -0.001574593 -0.012628534 0.999918759 140.015365601
0.999799013 -0.020028297 0.000564704 -0.764144421 0.020015165 0.999642253 0.017730076 -0.830534816 -0.000919617 -0.017715201 0.999842405 140.986129761
0.999766707 -0.021588622 -0.000045619 -0.764516115 0.021584902 0.999549270 0.020852050 -0.832852542 -0.000404581 -0.020848162 0.999782324 141.945587158
0.999709010 -0.024111604 -0.000281994 -0.765054107 0.024112545 0.999518752 0.019498780 -0.829377115 -0.000188301 -0.019499898 0.999809563 142.896682739
0.999637842 -0.026887758 -0.000895949 -0.765069067 0.026899502 0.999478340 0.017856058 -0.822937965 0.000415361 -0.017873682 0.999839902 143.836914062
0.999606252 -0.028014101 -0.001459526 -0.766499698 0.028035566 0.999450445 0.017669288 -0.820953250 0.000963723 -0.017703241 0.999842525 144.767303467
0.999557555 -0.029683923 -0.001758009 -0.767499983 0.029709939 0.999408782 0.017286923 -0.821027637 0.001243815 -0.017331496 0.999848723 145.695037842
0.999539137 -0.030259686 -0.002312356 -0.771898270 0.030292772 0.999413848 0.015929133 -0.819077253 0.001828979 -0.015991829 0.999870121 146.608612061
0.999552131 -0.029808739 -0.002538275 -0.777735412 0.029844852 0.999432266 0.015618994 -0.817329168 0.002071240 -0.015687743 0.999874473 147.507583618
0.999564707 -0.029367879 -0.002717771 -0.785740316 0.029410828 0.999415815 0.017396919 -0.818328381 0.002205261 -0.017469270 0.999844611 148.392410278
0.999559760 -0.029550992 -0.002535721 -0.792527854 0.029595979 0.999360740 0.020045366 -0.816289961 0.001941727 -0.020111581 0.999795496 149.276306152
0.999544203 -0.030048795 -0.002793860 -0.795991898 0.030101947 0.999316216 0.021462498 -0.814939141 0.002147016 -0.021536810 0.999765396 150.145614624
0.999517143 -0.030942857 -0.002713578 -0.800524414 0.030997366 0.999252617 0.023087826 -0.811307132 0.001997134 -0.023160785 0.999729395 150.996597290
0.999525130 -0.030675966 -0.002804823 -0.806908786 0.030733962 0.999246061 0.023714200 -0.809053957 0.002075240 -0.023789136 0.999714494 151.826446533
0.999523699 -0.030696778 -0.003086574 -0.812814355 0.030759513 0.999264538 0.022887146 -0.806099951 0.002381730 -0.022971177 0.999732971 152.638244629
0.999437451 -0.033342961 -0.003523625 -0.815571606 0.033409197 0.999225259 0.020790150 -0.804964006 0.002827679 -0.020896168 0.999777317 153.425796509
0.999457359 -0.032582331 -0.004771908 -0.821543932 0.032669250 0.999277055 0.019432159 -0.802463114 0.004135301 -0.019577501 0.999799430 154.197937012
0.999396801 -0.034238901 -0.005757088 -0.827349544 0.034336999 0.999249697 0.017901106 -0.802274346 0.005139843 -0.018087981 0.999822795 154.954498291
0.999476671 -0.031388301 -0.007785444 -0.839882314 0.031516068 0.999360621 0.016867679 -0.805047512 0.007251007 -0.017104210 0.999827027 155.680038452
0.999497294 -0.030128567 -0.009844258 -0.852787435 0.030262055 0.999447763 0.013702452 -0.809329867 0.009425976 -0.013993463 0.999857247 156.382751465
0.999514341 -0.029003011 -0.011370492 -0.869144857 0.029119434 0.999523520 0.010208933 -0.814416528 0.011068974 -0.010535069 0.999882817 157.054641724
0.999438226 -0.030809477 -0.013171586 -0.876746774 0.030903857 0.999497354 0.007021260 -0.820885181 0.012948634 -0.007424359 0.999888182 157.700439453
0.999491811 -0.028371291 -0.014511354 -0.890269995 0.028455300 0.999578953 0.005614358 -0.830127180 0.014345949 -0.006024421 0.999878526 158.325515747
0.999550760 -0.025894463 -0.015070933 -0.907193482 0.025962757 0.999653101 0.004352225 -0.838981867 0.014952998 -0.004741543 0.999876559 158.932540894
0.999566376 -0.024805101 -0.015848381 -0.922437251 0.024899382 0.999672890 0.005778363 -0.847055197 0.015699858 -0.006170463 0.999857306 159.520553589
0.999520600 -0.026631614 -0.015774796 -0.930121601 0.026765360 0.999606669 0.008327591 -0.854907215 0.015546809 -0.008745808 0.999840438 160.096817017
0.999529064 -0.027465006 -0.013669640 -0.935247302 0.027573749 0.999588788 0.007829706 -0.863202691 0.013448970 -0.008202934 0.999875486 160.660705566
0.999570191 -0.027687073 -0.009618660 -0.940346837 0.027755413 0.999589622 0.007043587 -0.873644650 0.009419691 -0.007307521 0.999928474 161.206634521
0.999639988 -0.026393002 -0.004795410 -0.944317698 0.026417976 0.999637127 0.005217192 -0.881809354 0.004655965 -0.005341990 0.999974430 161.727157593
0.999673426 -0.025496863 0.001635598 -0.942509532 0.025493551 0.999672711 0.002023960 -0.886712432 -0.001686675 -0.001981593 0.999996185 162.224761963
0.999654591 -0.024358783 0.009848585 -0.937563717 0.024375925 0.999701321 -0.001622771 -0.892785430 -0.009806121 0.001862288 0.999949753 162.698852539
0.999552250 -0.023043158 0.019075967 -0.928789616 0.023105636 0.999728143 -0.003060601 -0.904435694 -0.019000262 0.003500002 0.999812901 163.156951904
0.999313354 -0.023293769 0.028805073 -0.910921812 0.023367658 0.999724209 -0.002230728 -0.916410804 -0.028745174 0.002902312 0.999582112 163.595565796
0.998946965 -0.023112459 0.039627284 -0.888323665 0.023174500 0.999730587 -0.001106597 -0.926230669 -0.039591037 0.002023784 0.999213457 164.023986816
0.998403549 -0.022547660 0.051781699 -0.862838984 0.022688011 0.999740124 -0.002123892 -0.937409878 -0.051720358 0.003295334 0.998655677 164.429687500
0.997709274 -0.020718418 0.064391874 -0.835058808 0.020987129 0.999773443 -0.003499186 -0.946179211 -0.064304784 0.004842581 0.997918069 164.824111938
0.996757507 -0.019126911 0.078153156 -0.797907412 0.019470178 0.999803662 -0.003632321 -0.954431832 -0.078068331 0.005142208 0.996934235 165.208450317
0.995486975 -0.018192379 0.093134478 -0.757306218 0.018482495 0.999826431 -0.002253168 -0.961727679 -0.093077324 0.003964366 0.995650470 165.580444336
0.993929684 -0.018110750 0.108512945 -0.708485484 0.018325873 0.999831378 -0.000985306 -0.969166577 -0.108476803 0.002967928 0.994094014 165.931610107
0.992060781 -0.017514333 0.124530502 -0.656920791 0.017815318 0.999840260 -0.001303531 -0.977142334 -0.124487773 0.003511742 0.992214382 166.266967773
0.989783943 -0.017356090 0.141511723 -0.600327790 0.017978268 0.999833345 -0.003119115 -0.984807789 -0.141433984 0.005631396 0.989931107 166.593170166
0.987056553 -0.016689267 0.159498572 -0.535306811 0.017652854 0.999833286 -0.004626184 -0.990673959 -0.159394756 0.007381920 0.987186730 166.918060303
0.983757675 -0.015594948 0.178820029 -0.465656161 0.016689174 0.999849856 -0.004616291 -0.996348023 -0.178721175 0.007525681 0.983870327 167.234085083
0.979782224 -0.014018570 0.199572563 -0.389082968 0.014978042 0.999882221 -0.003298505 -1.003285289 -0.199502796 0.006221034 0.979876876 167.546295166
0.975017250 -0.014139012 0.221676514 -0.303918093 0.014795441 0.999889493 -0.001300769 -1.009753942 -0.221633613 0.004548085 0.975118756 167.852035522
0.969332695 -0.015415017 0.245266169 -0.208191171 0.015807368 0.999874771 0.000368987 -1.015325546 -0.245241106 0.003519352 0.969455063 168.150329590
0.962880015 -0.013929194 0.269568175 -0.108682968 0.014401479 0.999896049 0.000225777 -1.021264195 -0.269543290 0.003664795 0.962980628 168.442031860
0.955489516 -0.011717759 0.294790447 -0.004041910 0.012437955 0.999922216 -0.000568117 -1.027725935 -0.294760853 0.004209431 0.955561101 168.730529785
0.947013855 -0.007865055 0.321094751 0.108031332 0.008658384 0.999961674 -0.001042818 -1.034005046 -0.321074247 0.003767736 0.947045863 169.015136719
0.937135875 -0.006074627 0.348910302 0.231646061 0.007338806 0.999970138 -0.002301454 -1.039959073 -0.348885894 0.004717371 0.937152624 169.296371460
0.925889015 -0.006254112 0.377742529 0.371362180 0.007896270 0.999964595 -0.002798642 -1.045970678 -0.377711624 0.005573999 0.925905764 169.578384399
0.913445890 -0.008420037 0.406871766 0.525649726 0.010898726 0.999933183 -0.003774927 -1.051590681 -0.406812757 0.007882586 0.913476765 169.854766846
0.899430037 -0.009897790 0.436951399 0.692772031 0.013652408 0.999891639 -0.005452911 -1.055262566 -0.436850071 0.010869961 0.899467826 170.138320923
0.883956909 -0.009748693 0.467465460 0.865631223 0.014376106 0.999876320 -0.006332792 -1.061191201 -0.467345893 0.012318259 0.883987904 170.417175293
0.867444575 -0.008552180 0.497458994 1.051003337 0.014276452 0.999868155 -0.007705098 -1.068585277 -0.497327507 0.013785707 0.867452502 170.694213867
0.849223256 -0.007365899 0.527981341 1.247999907 0.014082076 0.999862731 -0.008700933 -1.074172735 -0.527844727 0.014824119 0.849210620 170.970108032
0.829590797 -0.006258962 0.558335543 1.463839531 0.013010050 0.999882162 -0.008121971 -1.083167911 -0.558218896 0.014001898 0.829574704 171.251708984
0.808939099 -0.005399021 0.587866485 1.689027309 0.011862271 0.999903917 -0.007139962 -1.094733953 -0.587771475 0.012749240 0.808925688 171.527511597
0.787423253 -0.005027236 0.616391122 1.932634830 0.011851825 0.999905109 -0.006985233 -1.105673075 -0.616297543 0.012805707 0.787408412 171.805297852
0.764718115 -0.005391220 0.644341350 2.201389313 0.013458199 0.999880254 -0.007606444 -1.111412287 -0.644223273 0.014488474 0.764699399 172.084564209
0.740716636 -0.005967909 0.671790063 2.484905481 0.015915403 0.999835491 -0.008666201 -1.116444111 -0.671627939 0.017111022 0.740690112 172.358444214
0.715729356 -0.006105446 0.698350132 2.789890766 0.018492280 0.999776542 -0.010211751 -1.119187236 -0.698131859 0.020222951 0.715682626 172.631103516
0.690013826 -0.006546121 0.723765671 3.110648155 0.020119337 0.999745846 -0.010138854 -1.125592947 -0.723515511 0.021557650 0.689970493 172.902999878
0.663341403 -0.007214760 0.748281300 3.446610451 0.019972946 0.999767661 -0.008066204 -1.133145332 -0.748049378 0.020296041 0.663331747 173.172149658
0.635538578 -0.007561230 0.772031248 3.804572105 0.018248579 0.999819458 -0.005230103 -1.137584090 -0.771852493 0.017412417 0.635562241 173.443405151
0.607041955 -0.007729434 0.794631362 4.177816391 0.016772661 0.999854267 -0.003087461 -1.143199921 -0.794491827 0.015202312 0.607083499 173.705398560
0.578453064 -0.009476225 0.815659881 4.578032970 0.016811905 0.999858320 -0.000306510 -1.150714159 -0.815541506 0.013890108 0.578530788 173.961456299
0.549831629 -0.009827176 0.835216999 5.003891945 0.015810752 0.999873817 0.001356165 -1.159130454 -0.835124910 0.012459755 0.549917996 174.215698242
0.520708859 -0.009276760 0.853683293 5.445618629 0.014662965 0.999890387 0.001921807 -1.162678242 -0.853607476 0.011516834 0.520788133 174.463150024
0.491662472 -0.004127158 0.870775461 5.903203487 0.009094407 0.999958336 -0.000395492 -1.160439849 -0.870737493 0.008113643 0.491679847 174.709518433
0.463306576 -0.000735346 0.886197150 6.385055065 0.005559197 0.999982178 -0.002076594 -1.160336733 -0.886179745 0.005888653 0.463302702 174.947677612
0.435184240 -0.000392391 0.900340736 6.895098209 0.004771513 0.999986649 -0.001870507 -1.162495136 -0.900327921 0.005110012 0.435180575 175.172897339
0.405940801 -0.000789697 0.913898408 7.431044102 0.002010453 0.999997735 -0.000028911 -1.165669441 -0.913896322 0.001849095 0.405941755 175.395614624
0.376848727 -0.000568833 0.926274002 7.984401703 -0.001364065 0.999998212 0.001169077 -1.167583585 -0.926272988 -0.001704055 0.376847535 175.608825684
0.348451078 0.000104746 0.937326312 8.549451828 -0.008260715 0.999961317 0.002959184 -1.169315457 -0.937289715 -0.008774108 0.348438740 175.815856934
0.319715142 -0.001458429 0.947511911 9.137429237 -0.011631521 0.999917269 0.005463879 -1.171920776 -0.947441459 -0.012767884 0.319671988 176.016708374
0.291751623 -0.001388106 0.956492424 9.739688873 -0.015283183 0.999864399 0.006112770 -1.175590396 -0.956371188 -0.016401652 0.291691065 176.194610596
0.263837129 -0.000707125 0.964566290 10.365562439 -0.018675843 0.999808431 0.005841358 -1.175715685 -0.964385629 -0.019555248 0.263773590 176.368255615
0.237347066 0.002075357 0.971422017 11.007947922 -0.020374341 0.999788225 0.002842101 -1.176519275 -0.971210480 -0.020466641 0.237339318 176.520812988
0.213617742 0.005678873 0.976900101 11.665250778 -0.020545803 0.999787867 -0.001319187 -1.178274751 -0.976700485 -0.019789388 0.213689357 176.662063599
0.192958996 0.007907255 0.981174290 12.341557503 -0.019570047 0.999799430 -0.004208677 -1.183929324 -0.981010854 -0.018389517 0.193075284 176.787872314
0.174867898 0.008206843 0.984557033 13.040278435 -0.017880341 0.999826610 -0.005158377 -1.186580896 -0.984428704 -0.016702170 0.174984574 176.906723022
0.159368396 0.006527959 0.987196922 13.753413200 -0.016571196 0.999854684 -0.003936479 -1.193437815 -0.987079322 -0.015731672 0.159453690 177.017105103
0.145216122 0.003173313 0.989394188 14.479105949 -0.015969867 0.999871850 -0.000862971 -1.203139901 -0.989270270 -0.015675168 0.145248443 177.118774414
0.131577671 -0.001357969 0.991304219 15.221582413 -0.012756993 0.999913692 0.003063029 -1.212094069 -0.991222978 -0.013049082 0.131549254 177.211730957
0.119687103 -0.004367142 0.992801309 15.975149155 -0.012740429 0.999900997 0.005934300 -1.215717912 -0.992729127 -0.013358970 0.119619861 177.296585083
0.108806409 -0.003642951 0.994055510 16.735933304 -0.014971993 0.999873698 0.005303069 -1.220978379 -0.993949473 -0.015459999 0.108738348 177.379272461
0.098720953 0.000452391 0.995114267 17.516557693 -0.016896961 0.999856353 0.001221732 -1.224384189 -0.994970918 -0.016935017 0.098714635 177.459381104
0.089121707 0.004040285 0.996011734 18.299869537 -0.017871911 0.999837160 -0.002456644 -1.230182290 -0.995859563 -0.017581692 0.089179628 177.528839111
0.078355238 0.005728847 0.996908247 19.104003906 -0.018215859 0.999824703 -0.004313866 -1.230840921 -0.996758223 -0.017821524 0.078446083 177.594314575
0.067070834 0.004145196 0.997738779 19.940507889 -0.021643998 0.999762058 -0.002698624 -1.235110044 -0.997512579 -0.021414058 0.067144819 177.658340454
0.054638676 0.003166975 0.998500347 20.779657364 -0.022617590 0.999742210 -0.001933256 -1.246731281 -0.998249114 -0.022478042 0.054696441 177.710372925
0.041872874 0.002773543 0.999118268 21.629579544 -0.022660553 0.999741495 -0.001825566 -1.253816366 -0.998865068 -0.022564134 0.041925114 177.756484985
0.029143143 0.002077506 0.999572277 22.491540909 -0.019910082 0.999800563 -0.001497483 -1.258535266 -0.999376118 -0.019857924 0.029178910 177.779830933
0.017060895 -0.001133265 0.999853015 23.339162827 -0.018524647 0.999827266 0.001449336 -1.265799165 -0.999682069 -0.018546650 0.017037168 177.793395996
0.005295768 -0.005016467 0.999972582 24.209283829 -0.017052269 0.999841452 0.005106123 -1.273845792 -0.999839783 -0.017078841 0.005209600 177.799652100
-0.005517162 -0.006950692 0.999959767 25.088117599 -0.015738964 0.999852479 0.006863114 -1.281798959 -0.999860108 -0.015700465 -0.005625534 177.803253174
-0.014800698 -0.005881280 0.999872267 25.963293076 -0.014218154 0.999882758 0.005670882 -1.285090566 -0.999788582 -0.014132405 -0.014882374 177.786041260
-0.023072878 -0.002134511 0.999730587 26.853975296 -0.010265206 0.999945462 0.001898063 -1.292818189 -0.999680281 -0.010218645 -0.023093324 177.764831543
-0.029542930 0.001824337 0.999560893 27.729017258 -0.006126008 0.999979198 -0.002006155 -1.300249338 -0.999543965 -0.006182583 -0.029530931 177.738357544
-0.034511693 0.003467856 0.999397337 28.620962143 -0.001820189 0.999992073 -0.003532771 -1.311521769 -0.999401867 -0.001941011 -0.034504898 177.705734253
-0.037887339 0.001253349 0.999280334 29.513507843 -0.000162771 0.999999166 -0.001260418 -1.324630260 -0.999281228 -0.000210405 -0.037886895 177.668975830
-0.041173045 -0.002279581 0.999148548 30.416204453 0.002201668 0.999994755 0.002372243 -1.336900473 -0.999148786 0.002297469 -0.041167602 177.634933472
-0.044248618 -0.003993873 0.999011695 31.316120148 0.003670466 0.999984562 0.004160341 -1.341640592 -0.999012947 0.003850930 -0.044233073 177.598724365
-0.046666197 -0.003951837 0.998901844 32.218906403 0.005100063 0.999978125 0.004194362 -1.348066688 -0.998896658 0.005290200 -0.046644822 177.558761597
-0.047448885 -0.003293506 0.998867333 33.130233765 0.006603846 0.999971569 0.003610852 -1.354907990 -0.998850942 0.006767700 -0.047425587 177.521728516
-0.047545481 -0.003732684 0.998861194 34.043190002 0.009054273 0.999950171 0.004167739 -1.363848209 -0.998827159 0.009242122 -0.047509115 177.480117798
-0.046601251 -0.003645828 0.998906016 34.981185913 0.011324362 0.999927044 0.004177866 -1.370716214 -0.998848498 0.011506670 -0.046556361 177.437667847
