1.000000000 0.000000000 0.000000000 0.000000000 0.000000000 1.000000000 0.000000000 0.000000000 0.000000000 0.000000000 1.000000000 0.000000000
0.999999881 -0.000461833 -0.000138777 -0.007159932 0.000462046 0.999998689 0.001538544 -0.021298978 0.000138066 -0.001538608 0.999998808 1.319941521
0.999998569 -0.001605628 -0.000545885 -0.012101674 0.001606514 0.999997377 0.001627094 -0.044369806 0.000543271 -0.001627968 0.999998569 2.625909805
0.999995649 -0.002905836 -0.000546197 -0.021398839 0.002906110 0.999995649 0.000502506 -0.065337040 0.000544735 -0.000504091 0.999999762 3.933246613
0.999995768 -0.002912086 -0.000336271 -0.030778924 0.002912259 0.999995649 0.000513935 -0.086292572 0.000334773 -0.000514912 0.999999881 5.262972832
0.999994278 -0.003388010 -0.000398441 -0.032688398 0.003388585 0.999993265 0.001450396 -0.110379510 0.000393525 -0.001451738 0.999998987 6.564777374
0.999987781 -0.004949384 -0.000195644 -0.036094714 0.004949876 0.999984384 0.002600078 -0.131304547 0.000182773 -0.002601015 0.999996722 7.911816597
0.999990046 -0.004445724 -0.000553783 -0.041675825 0.004447396 0.999985456 0.003054357 -0.153111666 0.000540196 -0.003056789 0.999995291 9.224478722
0.999993086 -0.003602026 -0.000970552 -0.049589645 0.003603199 0.999992788 0.001208372 -0.172578901 0.000966193 -0.001211861 0.999998927 10.555850983
0.999999404 -0.000695669 -0.000885005 -0.067275949 0.000694805 0.999999285 -0.000977659 -0.193376839 0.000885685 0.000977044 0.999999285 11.887754440
0.999996126 0.002714363 -0.000705855 -0.080330901 -0.002715487 0.999995053 -0.001597416 -0.220750242 0.000701516 0.001599327 0.999998629 13.221157074
0.999986947 0.005048774 -0.000857161 -0.087313145 -0.005050191 0.999985874 -0.001660407 -0.245058730 0.000848766 0.001664715 0.999998450 14.567483902
0.999981880 0.005986284 -0.000682088 -0.098666444 -0.005986722 0.999981880 -0.000643994 -0.270601302 0.000678221 0.000648066 0.999999762 15.913263321
0.999993622 0.003575739 -0.000249572 -0.102858521 -0.003575156 0.999991000 0.002293141 -0.294104546 0.000257769 -0.002292234 0.999997556 17.264980316
0.999999881 -0.000555533 -0.000150045 -0.106687218 0.000556154 0.999991238 0.004159028 -0.318558156 0.000147734 -0.004159112 0.999991596 18.624256134
0.999996305 -0.002687993 -0.000410112 -0.107675873 0.002688760 0.999994636 0.001877658 -0.338865340 0.000405063 -0.001878753 0.999998450 19.981166840
0.999992192 -0.003899016 -0.000573716 -0.114089027 0.003899042 0.999992371 0.000041825 -0.361580461 0.000573548 -0.000044060 1.000000119 21.334920883
0.999999046 -0.001360686 0.000151871 -0.125320151 0.001360922 0.999997854 -0.001552794 -0.384532839 -0.000149758 0.001553001 0.999999046 22.688421249
0.999998391 0.001441580 0.001094971 -0.139717162 -0.001442025 0.999998868 0.000406547 -0.403580606 -0.001094384 -0.000408124 0.999999583 24.051326752
0.999996960 0.001866753 0.001634969 -0.150710016 -0.001873335 0.999990106 0.004034348 -0.423897415 -0.001627422 -0.004037398 0.999990761 25.401296616
0.999997497 -0.000433774 0.002215576 -0.149481267 0.000420567 0.999982178 0.005958463 -0.438877374 -0.002218122 -0.005957516 0.999980032 26.785312653
0.999989867 -0.004136701 0.001798240 -0.149971649 0.004129425 0.999983370 0.004031358 -0.448613197 -0.001814888 -0.004023892 0.999990463 28.148878098
0.999989092 -0.004373920 0.001639201 -0.154285967 0.004371051 0.999988914 0.001749804 -0.465167940 -0.001646837 -0.001742620 0.999997318 29.507390976
0.999987781 -0.004298578 0.002448830 -0.157740489 0.004300207 0.999990523 -0.000660313 -0.484567553 -0.002445969 0.000670837 0.999996960 30.904123306
0.999994934 -0.000546618 0.003125981 -0.172695711 0.000551392 0.999998689 -0.001526427 -0.508412600 -0.003125143 0.001528144 0.999994159 32.274749756
0.999993980 0.000262997 0.003440256 -0.176734999 -0.000250528 0.999993384 -0.003624499 -0.536207199 -0.003441187 0.003623617 0.999987721 33.651515961
0.999993026 0.001372127 0.003454192 -0.183490321 -0.001362075 0.999994755 -0.002910795 -0.565407038 -0.003458169 0.002906072 0.999990046 35.029487610
0.999993503 0.001502588 0.003270911 -0.184742868 -0.001496721 0.999997139 -0.001795612 -0.589546323 -0.003273601 0.001790706 0.999993265 36.431324005
0.999992192 0.002691862 0.002895711 -0.191093162 -0.002690959 0.999996245 -0.000315718 -0.611279845 -0.002896551 0.000307924 0.999995947 37.832782745
0.999978721 0.005772321 0.003036613 -0.200576723 -0.005772299 0.999983311 -0.000016221 -0.638329864 -0.003036657 -0.000001307 0.999995589 39.236705780
0.999961853 0.008115707 0.003228072 -0.203866035 -0.008114959 0.999967039 -0.000244841 -0.665778518 -0.003229954 0.000218636 0.999994934 40.648582458
0.999939740 0.010475875 0.003266861 -0.216593802 -0.010476616 0.999945045 0.000209729 -0.695738733 -0.003264486 -0.000243942 0.999994814 42.053787231
0.999935508 0.010982918 0.002880618 -0.221555904 -0.010984412 0.999939501 0.000503458 -0.726831853 -0.002874916 -0.000535067 0.999995887 43.449440002
0.999944270 0.010259791 0.002464545 -0.224405646 -0.010260999 0.999947190 0.000477814 -0.752808332 -0.002459514 -0.000503076 0.999997020 44.865730286
0.999952376 0.009561525 0.001937579 -0.240690589 -0.009561976 0.999954164 0.000223961 -0.776441336 -0.001935350 -0.000242477 0.999998271 46.239974976
0.999958515 0.009030746 0.001151393 -0.243060336 -0.009031375 0.999958992 0.000542569 -0.799122870 -0.001146447 -0.000552945 0.999999344 47.654327393
0.999957085 0.009253947 0.000206521 -0.253316283 -0.009254304 0.999955535 0.001796680 -0.824110329 -0.000189886 -0.001798514 0.999998510 49.058628082
0.999952972 0.009655169 -0.000890987 -0.261916757 -0.009653856 0.999952316 0.001466971 -0.845899224 0.000905108 -0.001458301 0.999998689 50.472305298
0.999947727 0.009995609 -0.002126392 -0.271279067 -0.009991580 0.999948323 0.001896308 -0.865491331 0.002145236 -0.001874963 0.999996126 51.907691956
0.999945283 0.009978491 -0.003115411 -0.287434131 -0.009969416 0.999946058 0.002914752 -0.890013456 0.003144328 -0.002883534 0.999991059 53.334167480
0.999958098 0.008289818 -0.003852419 -0.294878393 -0.008274656 0.999957979 0.003934797 -0.911301732 0.003884876 -0.003902756 0.999985039 54.772727966
0.999966443 0.006891294 -0.004410160 -0.302294910 -0.006872979 0.999967694 0.004154363 -0.933289111 0.004438647 -0.004123914 0.999981821 56.205909729
0.999977648 0.004507781 -0.004914517 -0.313498735 -0.004491061 0.999984026 0.003407672 -0.951111317 0.004929801 -0.003385526 0.999982297 57.621826172
0.999981284 0.003469396 -0.005025497 -0.323125213 -0.003450828 0.999987066 0.003698394 -0.974244833 0.005038265 -0.003680984 0.999980688 59.061653137
0.999986649 0.002109882 -0.004693079 -0.333470136 -0.002089077 0.999987841 0.004433397 -0.996546507 0.004702378 -0.004423535 0.999979317 60.483489990
0.999990344 0.000917818 -0.004272209 -0.347338527 -0.000896249 0.999986708 0.005047573 -1.008148551 0.004276786 -0.005043697 0.999978244 61.901157379
0.999992847 -0.000519445 -0.003713084 -0.357433498 0.000536598 0.999989033 0.004619670 -1.029646993 0.003710645 -0.004621632 0.999982536 63.329048157
0.999991596 -0.002217317 -0.003403972 -0.365669906 0.002230752 0.999989569 0.003947929 -1.051889539 0.003395184 -0.003955492 0.999986470 64.735870361
0.999995351 -0.001290507 -0.002717366 -0.382650405 0.001300326 0.999992490 0.003614282 -1.074148893 0.002712682 -0.003617801 0.999989808 66.146354675
0.999998271 0.000263249 -0.001792632 -0.399864465 -0.000256828 0.999993443 0.003580649 -1.106049418 0.001793564 -0.003580184 0.999992013 67.592178345
0.999991953 0.003734465 -0.001413405 -0.411179751 -0.003727552 0.999981105 0.004861770 -1.125920415 0.001431535 -0.004856464 0.999987185 69.008750916
0.999973953 0.007200475 -0.000413225 -0.430005312 -0.007197837 0.999955535 0.006063208 -1.140351892 0.000456866 -0.006060077 0.999981523 70.430274963
0.999934733 0.011414774 0.000409593 -0.449726760 -0.011417184 0.999913692 0.006472245 -1.159454823 -0.000335678 -0.006476501 0.999978960 71.836105347
0.999874353 0.015806533 0.001178639 -0.466310203 -0.015813503 0.999855757 0.006161461 -1.181876659 -0.001081077 -0.006179327 0.999980271 73.213348389
0.999814153 0.019184820 0.001880815 -0.481585532 -0.019195167 0.999799609 0.005648358 -1.204944015 -0.001772076 -0.005683412 0.999982238 74.609626770
0.999774218 0.021067441 0.002765658 -0.500268281 -0.021082591 0.999762058 0.005569109 -1.225762486 -0.002647673 -0.005626160 0.999980628 76.022628784
0.999767601 0.021325847 0.003142482 -0.506804228 -0.021344120 0.999754548 0.005901624 -1.246247888 -0.003015854 -0.005967327 0.999977589 77.423126221
0.999787629 0.020351565 0.003222040 -0.513339639 -0.020369004 0.999777317 0.005476478 -1.269250631 -0.003109868 -0.005540946 0.999979734 78.808975220
0.999810278 0.019231193 0.003082428 -0.517450333 -0.019245204 0.999804080 0.004583383 -1.289869547 -0.002993680 -0.004641837 0.999984682 80.182556152
0.999819338 0.018818859 0.002652324 -0.516087174 -0.018831309 0.999811172 0.004751358 -1.317466259 -0.002562408 -0.004800448 0.999985099 81.557502747
0.999824226 0.018601043 0.002350268 -0.522690654 -0.018612610 0.999814093 0.005001382 -1.340937614 -0.002256800 -0.005044250 0.999984682 82.949195862
0.999827325 0.018503908 0.001696637 -0.522798061 -0.018511472 0.999818087 0.004559445 -1.358893394 -0.001611961 -0.004590067 0.999988139 84.326530457
0.999824703 0.018689454 0.001102556 -0.538842797 -0.018694818 0.999812186 0.005080258 -1.382211685 -0.001007401 -0.005099982 0.999986470 85.702476501
0.999832630 0.018294154 0.000207556 -0.551210999 -0.018295055 0.999814868 0.005939641 -1.405182123 -0.000098856 -0.005942446 0.999982297 87.058578491
0.999867260 0.016273633 -0.000790154 -0.555004120 -0.016267737 0.999843299 0.006960484 -1.424204230 0.000903303 -0.006946707 0.999975443 88.471466064
0.999898493 0.014066133 -0.002266741 -0.553982377 -0.014048793 0.999873161 0.007488832 -1.444769144 0.002371793 -0.007456229 0.999969363 89.849807739
0.999922156 0.012078033 -0.003121641 -0.559583306 -0.012054105 0.999898612 0.007570943 -1.466281533 0.003212766 -0.007532727 0.999966443 91.252578735
0.999932826 0.011015440 -0.003612600 -0.568887770 -0.010989592 0.999914408 0.007096481 -1.482744694 0.003690463 -0.007056306 0.999968290 92.615501404
0.999944806 0.009835579 -0.003700379 -0.581644177 -0.009810782 0.999929667 0.006659099 -1.495987177 0.003765615 -0.006622431 0.999970973 93.972671509
0.999940276 0.010312406 -0.003622453 -0.606124818 -0.010290642 0.999929130 0.005974578 -1.511068106 0.003683809 -0.005936946 0.999975562 95.285896301
0.999942362 0.010133724 -0.003558572 -0.616720378 -0.010114217 0.999933898 0.005455764 -1.531875610 0.003613624 -0.005419459 0.999978781 96.651947021
0.999933600 0.011001987 -0.003432676 -0.632780790 -0.010985859 0.999928653 0.004680467 -1.552518368 0.003483926 -0.004642447 0.999983132 98.004714966
0.999919355 0.012287401 -0.003220589 -0.643530846 -0.012271429 0.999912500 0.004930465 -1.568532467 0.003280891 -0.004890549 0.999982655 99.380500793
0.999914467 0.012742057 -0.002968574 -0.656753123 -0.012722522 0.999897778 0.006506492 -1.596266508 0.003051178 -0.006468171 0.999974430 100.727317810
0.999898911 0.013932290 -0.002856794 -0.672688544 -0.013909706 0.999872923 0.007775358 -1.612331152 0.002964760 -0.007734838 0.999965668 102.069847107
0.999909222 0.013233685 -0.002548431 -0.691421688 -0.013217198 0.999892235 0.006377802 -1.631666660 0.002632559 -0.006343543 0.999976397 103.382331848
0.999907196 0.013415366 -0.002369192 -0.705397964 -0.013405774 0.999902010 0.004015212 -1.649962068 0.002422825 -0.003983082 0.999989092 104.692512512
0.999920249 0.012419503 -0.002313877 -0.726142347 -0.012412706 0.999918580 0.002924833 -1.671816349 0.002350014 -0.002895882 0.999993026 105.992813110
0.999945879 0.010161504 -0.002252972 -0.733335912 -0.010152022 0.999939680 0.004176809 -1.690479875 0.002295279 -0.004153715 0.999988735 107.333915710
0.999969542 0.007633237 -0.001671681 -0.740938008 -0.007622719 0.999951601 0.006205716 -1.709497333 0.001718970 -0.006192788 0.999979377 108.670272827
0.999980628 0.006190348 -0.000827355 -0.744418025 -0.006184651 0.999958277 0.006712235 -1.721022367 0.000868872 -0.006706990 0.999977171 109.976646423
0.999985099 0.005480620 0.000112852 -0.755838335 -0.005481129 0.999971271 0.005232424 -1.737283587 -0.000084171 -0.005232967 0.999986351 111.287147522
0.999970734 0.007629937 0.000774605 -0.764200568 -0.007632065 0.999966919 0.002791078 -1.753693342 -0.000753283 -0.002796910 0.999995828 112.585853577
0.999949276 0.009870139 0.002082529 -0.776553035 -0.009871561 0.999950945 0.000677924 -1.772855878 -0.002075735 -0.000698450 0.999997616 113.893028259
0.999913514 0.012704378 0.003448620 -0.789324701 -0.012707184 0.999918818 0.000795543 -1.799528718 -0.003438232 -0.000839299 0.999993742 115.191375732
0.999891579 0.013845027 0.005052987 -0.797996879 -0.013858757 0.999900162 0.002694038 -1.818166733 -0.005015183 -0.002763776 0.999983609 116.503456116
0.999889374 0.013569301 0.006125052 -0.801971495 -0.013599895 0.999894917 0.004982616 -1.843254447 -0.006056798 -0.005065367 0.999968827 117.833312988
0.999893486 0.012907189 0.006842964 -0.799882710 -0.012944491 0.999901235 0.005436476 -1.858254552 -0.006772120 -0.005524477 0.999961793 119.167350769
0.999881923 0.013196551 0.007895661 -0.798304141 -0.013235216 0.999900401 0.004866117 -1.870161414 -0.007830659 -0.004970045 0.999956965 120.502418518
0.999848902 0.014869806 0.009025115 -0.794425189 -0.014909422 0.999879241 0.004339363 -1.885163784 -0.008959500 -0.004473268 0.999949813 121.835922241
0.999802709 0.016998120 0.010294691 -0.792777419 -0.017039444 0.999846816 0.003940976 -1.900649071 -0.010226126 -0.004115616 0.999939203 123.177734375
0.999772966 0.017966170 0.011469368 -0.789270997 -0.017998246 0.999834180 0.002700699 -1.913075209 -0.011418945 -0.002906516 0.999930561 124.521148682
0.999745250 0.018970283 0.012242416 -0.780134618 -0.018993549 0.999817848 0.001787958 -1.929884434 -0.012206268 -0.002020032 0.999923468 125.875251770
0.999751329 0.017923649 0.013280852 -0.768601298 -0.017946396 0.999837518 0.001596563 -1.948743105 -0.013250078 -0.001834511 0.999910533 127.246063232
0.999740839 0.017723722 0.014297372 -0.762527704 -0.017764000 0.999838412 0.002696077 -1.970726252 -0.014247277 -0.002949359 0.999894142 128.592178345
0.999752820 0.016355157 0.015068977 -0.746157825 -0.016410938 0.999858737 0.003586347 -1.992890358 -0.015008194 -0.003832758 0.999880016 129.958160400
0.999760866 0.015612128 0.015319551 -0.731670380 -0.015674811 0.999869049 0.003981017 -2.012623787 -0.015255393 -0.004220197 0.999874711 131.311492920
0.999791443 0.013369491 0.015447945 -0.722827852 -0.013435381 0.999900877 0.004170209 -2.030965805 -0.015390661 -0.004376890 0.999871969 132.648178101
0.999809265 0.012155030 0.015297472 -0.710195959 -0.012231262 0.999912977 0.004900485 -2.054737091 -0.015236577 -0.005086659 0.999870956 133.988739014
0.999836028 0.010653056 0.014652641 -0.697992027 -0.010720970 0.999931872 0.004565002 -2.075055361 -0.014603012 -0.004721346 0.999882221 135.329986572
0.999865413 0.009334124 0.013499856 -0.688313305 -0.009395142 0.999945700 0.004464500 -2.091420650 -0.013457450 -0.004590734 0.999898911 136.672500610
0.999888182 0.008093368 0.012584046 -0.683368027 -0.008161469 0.999952137 0.005370843 -2.107608557 -0.012539974 -0.005472949 0.999906421 138.000518799
0.999912202 0.006550414 0.011528560 -0.677136898 -0.006614390 0.999962747 0.005521122 -2.125128984 -0.011491964 -0.005596893 0.999918282 139.328079224
0.999923885 0.006596458 0.010438973 -0.674253404 -0.006652431 0.999963522 0.005337618 -2.141324997 -0.010403381 -0.005406658 0.999931276 140.663070679
0.999935746 0.006345304 0.009406751 -0.674237847 -0.006391017 0.999967754 0.004838835 -2.158874035 -0.009375742 -0.004898645 0.999944031 142.002243042
0.999944329 0.006278273 0.008492245 -0.675674975 -0.006316756 0.999969780 0.004513863 -2.176934004 -0.008463647 -0.004567258 0.999953747 143.341583252
0.999961317 0.004206870 0.007735752 -0.678628445 -0.004223565 0.999988735 0.002144684 -2.196430922 -0.007726640 -0.002177276 0.999967754 144.696975708
0.999977589 -0.001412223 0.006558036 -0.667263627 0.001400476 0.999997318 0.001797129 -2.215711594 -0.006560554 -0.001787907 0.999976814 146.028579712
0.999941647 -0.009190289 0.005687259 -0.660835385 0.009166523 0.999949157 0.004192732 -2.235688925 -0.005725500 -0.004140357 0.999974966 147.338928223
0.999867499 -0.015806297 0.003916430 -0.648972809 0.015784033 0.999859393 0.005654569 -2.252302408 -0.004005255 -0.005592005 0.999976277 148.640502930
0.999817908 -0.018855331 0.002970934 -0.642394841 0.018848598 0.999819696 0.002282450 -2.271043777 -0.003013433 -0.002226039 0.999992907 149.981582642
0.999827921 -0.018276721 0.003217120 -0.646059632 0.018279349 0.999832571 -0.000786348 -2.293944359 -0.003202208 0.000845016 0.999994397 151.307693481
0.999880135 -0.014951198 0.004039032 -0.643712342 0.014962651 0.999884069 -0.002817926 -2.320455074 -0.003996431 0.002878020 0.999987781 152.646972656
0.999880850 -0.014701306 0.004718827 -0.634700656 0.014715510 0.999887228 -0.002987834 -2.344290495 -0.004674368 0.003056914 0.999984324 154.023941040
0.999824524 -0.017945549 0.005390079 -0.633000433 0.017942397 0.999838769 0.000633849 -2.371961832 -0.005400583 -0.000537030 0.999985158 155.339706421
0.999721289 -0.022856340 0.005925570 -0.627171338 0.022836920 0.999733686 0.003325462 -2.391176939 -0.005999997 -0.003189216 0.999976814 156.659881592
0.999626219 -0.026681671 0.005978433 -0.618549943 0.026653826 0.999633729 0.004691332 -2.411100864 -0.006101413 -0.004530232 0.999971032 157.990142822
0.999582767 -0.028256858 0.005999210 -0.618480206 0.028229775 0.999591112 0.004553439 -2.429860353 -0.006125420 -0.004382185 0.999971569 159.306503296
0.999625504 -0.026458805 0.006995330 -0.617975473 0.026422208 0.999637008 0.005274367 -2.448616982 -0.007132341 -0.005087563 0.999961555 160.652984619
0.999710500 -0.022600496 0.008260107 -0.621301353 0.022564130 0.999735475 0.004470118 -2.466881037 -0.008358945 -0.004282446 0.999955833 161.985031128
0.999774635 -0.019162130 0.009146698 -0.627251089 0.019141044 0.999813974 0.002387651 -2.484303474 -0.009190746 -0.002212040 0.999955237 163.312576294
0.999817729 -0.016419072 0.009751001 -0.627290428 0.016403042 0.999863982 0.001721985 -2.498805761 -0.009777945 -0.001561729 0.999950886 164.662048340
0.999846458 -0.014460358 0.009906591 -0.624686837 0.014433434 0.999891937 0.002784279 -2.518792868 -0.009945778 -0.002640869 0.999946952 166.003524780
0.999875009 -0.012577452 0.009586234 -0.620634317 0.012555299 0.999918342 0.002367887 -2.540745974 -0.009615229 -0.002247237 0.999951184 167.363418579
0.999904573 -0.010425753 0.009063905 -0.616691530 0.010427389 0.999945581 -0.000133053 -2.557971001 -0.009062020 0.000227550 0.999958813 168.705001831
0.999941707 -0.006426713 0.008675095 -0.622757256 0.006452703 0.999974728 -0.002970889 -2.579262733 -0.008655777 0.003026690 0.999957860 170.024200439
0.999962151 -0.001122607 0.008629648 -0.630706906 0.001159541 0.999990165 -0.004275814 -2.606086493 -0.008624759 0.004285654 0.999953568 171.369918823
0.999955297 0.003339579 0.008850989 -0.636309624 -0.003312161 0.999989688 -0.003110277 -2.631076574 -0.008861281 0.003080817 0.999955952 172.753005981
0.999935389 0.006267495 0.009487585 -0.645565212 -0.006256634 0.999979734 -0.001173753 -2.656940222 -0.009494746 0.001114313 0.999954283 174.093124390
0.999932110 0.006918944 0.009376441 -0.642270744 -0.006929722 0.999975324 0.001117711 -2.683495283 -0.009368474 -0.001182615 0.999955416 175.465774536
0.999954581 0.003980639 0.008659725 -0.639456630 -0.003998918 0.999989808 0.002094794 -2.708765507 -0.008651296 -0.002129333 0.999960303 176.822631836
0.999974012 0.002061708 0.006912219 -0.631895304 -0.002076843 0.999995470 0.002183431 -2.731629848 -0.006907683 -0.002197734 0.999973714 178.204299927
0.999987304 0.001706260 0.004746806 -0.621634662 -0.001696377 0.999996364 -0.002084845 -2.753645658 -0.004750344 0.002076762 0.999986529 179.611846924
0.999988914 0.003533615 0.003128825 -0.615852177 -0.003513773 0.999973834 -0.006324093 -2.778119087 -0.003151088 0.006313025 0.999975085 181.003677368
0.999960601 0.008523324 0.002485170 -0.628697813 -0.008505583 0.999938905 -0.007063147 -2.808263779 -0.002545217 0.007041727 0.999971926 182.404769897
0.999928832 0.011720531 0.002243117 -0.635130465 -0.011706815 0.999913275 -0.006031970 -2.837401628 -0.002313618 0.006005276 0.999979258 183.809295654
0.999896109 0.014171544 0.002627830 -0.645466864 -0.014164603 0.999896169 -0.002640332 -2.866864443 -0.002664973 0.002602832 0.999993026 185.188400269
0.999886036 0.014808020 0.002932398 -0.652115405 -0.014806014 0.999890149 -0.000703634 -2.889298916 -0.002942492 0.000660132 0.999995410 186.605560303
0.999892652 0.014336776 0.003003191 -0.660329401 -0.014337526 0.999897182 0.000228751 -2.913995981 -0.002999600 -0.000271789 0.999995470 187.983703613
0.999915838 0.012585904 0.003129105 -0.666783869 -0.012588868 0.999920309 0.000929380 -2.939140081 -0.003117155 -0.000968697 0.999994695 189.420074463
0.999941230 0.010269476 0.003459957 -0.673432946 -0.010274418 0.999946177 0.001413864 -2.959044695 -0.003445248 -0.001449334 0.999993026 190.813796997
0.999967515 0.007197057 0.003613832 -0.676936865 -0.007202779 0.999972820 0.001573246 -2.987800360 -0.003602408 -0.001599228 0.999992251 192.224700928
0.999984145 0.003839997 0.004115725 -0.679163456 -0.003850732 0.999989212 0.002603970 -3.010072470 -0.004105679 -0.002619781 0.999988139 193.653671265
0.999989986 -0.000374096 0.004461217 -0.672442377 0.000355725 0.999991477 0.004118297 -3.028745413 -0.004462717 -0.004116673 0.999981582 195.093536377
0.999984205 -0.002935785 0.004799949 -0.668863177 0.002916592 0.999987781 0.004000881 -3.047877312 -0.004811633 -0.003986822 0.999980509 196.514160156
0.999987483 -0.001099289 0.004875147 -0.660522103 0.001101356 0.999999344 -0.000421045 -3.068646908 -0.004874679 0.000426406 0.999988079 197.945404053
0.999968767 0.006015520 0.005123679 -0.664403737 -0.005987393 0.999967039 -0.005487137 -3.094017267 -0.005156516 0.005456286 0.999971867 199.358825684
0.999870241 0.014843866 0.006248782 -0.671537042 -0.014810245 0.999875784 -0.005392491 -3.119454861 -0.006328049 0.005299243 0.999965966 200.773223877
0.999716043 0.022717424 0.007185447 -0.676395178 -0.022705836 0.999740720 -0.001690062 -3.151181698 -0.007221976 0.001526427 0.999972820 202.215713501
0.999685228 0.023753712 0.008070335 -0.677499473 -0.023758341 0.999717593 0.000478070 -3.170628309 -0.008056697 -0.000669661 0.999967396 203.660446167
0.999725878 0.022164788 0.007534596 -0.667419374 -0.022171339 0.999753892 0.000786868 -3.185281277 -0.007515298 -0.000953708 0.999971390 205.110168457
0.999800861 0.018933518 0.006298936 -0.661081910 -0.018938977 0.999820292 0.000808121 -3.208480358 -0.006282502 -0.000927259 0.999979913 206.551422119
0.999844968 0.016789066 0.005298417 -0.653513193 -0.016790411 0.999858975 0.000209524 -3.231973648 -0.005294149 -0.000298458 0.999986053 208.016769409
0.999840558 0.017217454 0.004721607 -0.655646443 -0.017216038 0.999851704 -0.000339845 -3.257127523 -0.004726755 0.000258500 0.999988914 209.464508057
0.999815404 0.018638963 0.004641846 -0.664523780 -0.018638022 0.999826252 -0.000245670 -3.281270027 -0.004645615 0.000159107 0.999989331 210.917480469
0.999793172 0.019834043 0.004474421 -0.667864919 -0.019837031 0.999803066 0.000624602 -3.302974224 -0.004461149 -0.000713236 0.999989927 212.381469727
0.999812543 0.018926641 0.004064221 -0.669081867 -0.018927116 0.999820888 0.000078959 -3.325884104 -0.004061995 -0.000155871 0.999991894 213.844970703
0.999819994 0.018604470 0.003707498 -0.672073066 -0.018601101 0.999826550 -0.000941298 -3.349517822 -0.003724364 0.000872161 0.999992847 215.315917969
0.999832809 0.017969439 0.003381484 -0.676491022 -0.017965555 0.999837875 -0.001175773 -3.378881931 -0.003402060 0.001114823 0.999993801 216.790100098
0.999825418 0.018454222 0.002912518 -0.676489532 -0.018450474 0.999828875 -0.001308632 -3.400255203 -0.002936165 0.001254663 0.999995112 218.254196167
0.999820232 0.018762039 0.002732373 -0.689126372 -0.018757837 0.999822855 -0.001555429 -3.425868750 -0.002761068 0.001503893 0.999995232 219.742294312
0.999820352 0.018795593 0.002451556 -0.691763699 -0.018791493 0.999822080 -0.001683994 -3.453273296 -0.002482767 0.001637620 0.999995768 221.234359741
0.999799788 0.019908277 0.002016805 -0.702133954 -0.019904094 0.999799788 -0.002072675 -3.479506731 -0.002057660 0.002032114 0.999996006 222.710952759
0.999804795 0.019691369 0.001673448 -0.714627624 -0.019687733 0.999803960 -0.002161100 -3.510867119 -0.001715671 0.002127728 0.999996483 224.205490112
0.999796212 0.020143736 0.001431370 -0.724595964 -0.020140635 0.999794960 -0.002147536 -3.538274288 -0.001474332 0.002118266 0.999996901 225.698165894
0.999814451 0.019232150 0.001212125 -0.727755904 -0.019229572 0.999813020 -0.002101157 -3.566677570 -0.001252304 0.002077455 0.999997318 227.187698364
0.999840081 0.017841669 0.001332353 -0.734463036 -0.017838497 0.999838233 -0.002351719 -3.594434023 -0.001374092 0.002327573 0.999996603 228.701019287
0.999858677 0.016761083 0.001370662 -0.738810062 -0.016758302 0.999857605 -0.002011455 -3.622384071 -0.001404177 0.001988198 0.999997318 230.183959961
0.999880672 0.015378298 0.001549318 -0.745197117 -0.015376442 0.999881148 -0.001199077 -3.651308537 -0.001567569 0.001175108 0.999998331 231.686370850
0.999880254 0.015409538 0.001516064 -0.758193612 -0.015408239 0.999881029 -0.000860826 -3.681161880 -0.001529145 0.000837360 0.999998748 233.180938721
0.999871075 0.015982203 0.001647436 -0.770078540 -0.015980149 0.999871612 -0.001249248 -3.706818342 -0.001667186 0.001222757 0.999998152 234.686187744
0.999858141 0.016724354 0.002066743 -0.781302929 -0.016720627 0.999858618 -0.001805814 -3.735095263 -0.002096648 0.001770997 0.999996543 236.168533325
0.999834299 0.018033294 0.002526602 -0.785305858 -0.018030308 0.999836743 -0.001198195 -3.761639357 -0.002547793 0.001152438 0.999996364 237.681121826
0.999827266 0.018315332 0.003196537 -0.786039412 -0.018318394 0.999831796 0.000931911 -3.788875341 -0.003178928 -0.000990310 0.999994695 239.206558228
0.999827981 0.018177371 0.003727352 -0.789831579 -0.018182436 0.999833822 0.001329484 -3.813649178 -0.003702563 -0.001397032 0.999992371 240.697540283
0.999820888 0.018461809 0.004197831 -0.793319345 -0.018460361 0.999829531 -0.000382891 -3.836715460 -0.004204181 0.000305325 0.999991357 242.193649292
0.999814570 0.018680600 0.004693071 -0.798650146 -0.018672543 0.999824107 -0.001754162 -3.859563828 -0.004725011 0.001666201 0.999987662 243.697952271
0.999796093 0.019563777 0.005026189 -0.802443087 -0.019557746 0.999807954 -0.001245789 -3.885991335 -0.005049593 0.001147231 0.999986827 245.203369141
0.999799967 0.019367682 0.005016500 -0.804453850 -0.019366696 0.999812424 -0.000244286 -3.914247751 -0.005020287 0.000147080 0.999987662 246.728332520
0.999793828 0.019732803 0.004805590 -0.803959310 -0.019733762 0.999805331 0.000153293 -3.940398932 -0.004801627 -0.000248098 0.999988675 248.273468018
0.999785185 0.020211751 0.004617106 -0.810530901 -0.020212231 0.999795794 0.000058418 -3.962212324 -0.004614979 -0.000151732 0.999989569 249.775558472
0.999763548 0.021182524 0.004933104 -0.822042406 -0.021184811 0.999775589 0.000412808 -3.993552685 -0.004923249 -0.000517221 0.999987960 251.317626953
0.999737024 0.022392038 0.004969557 -0.824062645 -0.022394877 0.999749184 0.000516865 -4.020942211 -0.004956734 -0.000628025 0.999987721 252.842468262
0.999728024 0.022793254 0.004963894 -0.825144351 -0.022797151 0.999739945 0.000730610 -4.046450615 -0.004945947 -0.000843577 0.999987662 254.375061035
0.999755144 0.021530120 0.005139594 -0.826577604 -0.021535369 0.999767721 0.000968860 -4.074806690 -0.005117538 -0.001079309 0.999986529 255.917831421
0.999797285 0.019520590 0.004966186 -0.825709641 -0.019529277 0.999807954 0.001707736 -4.101168633 -0.004931893 -0.001804379 0.999986410 257.441528320
0.999841213 0.017140981 0.004911324 -0.817963779 -0.017153472 0.999849856 0.002513132 -4.129094601 -0.004867505 -0.002596982 0.999984980 258.987487793
0.999870956 0.015394936 0.004629125 -0.825930715 -0.015402685 0.999880195 0.001642950 -4.152165890 -0.004603274 -0.001714043 0.999988139 260.510253906
0.999889255 0.014184589 0.004544304 -0.830290139 -0.014187158 0.999899387 0.000533535 -4.176561832 -0.004536276 -0.000597951 0.999989748 262.040161133
0.999918699 0.011809804 0.004844551 -0.829446495 -0.011822278 0.999927044 0.002554319 -4.208064556 -0.004814027 -0.002611389 0.999985218 263.566192627
0.999940574 0.009612038 0.005176524 -0.824548364 -0.009635029 0.999943912 0.004435092 -4.238609314 -0.005133600 -0.004484707 0.999976933 265.122009277
0.999949813 0.008649578 0.005086530 -0.825213015 -0.008667496 0.999956429 0.003511059 -4.258296967 -0.005055936 -0.003554973 0.999981105 266.651794434
0.999948204 0.008541022 0.005566034 -0.826280355 -0.008554407 0.999960721 0.002385196 -4.280775547 -0.005545440 -0.002432690 0.999981821 268.187500000
0.999935806 0.009430678 0.006312293 -0.831040025 -0.009444522 0.999953151 0.002166812 -4.304570675 -0.006291559 -0.002226294 0.999977887 269.719390869
0.999915242 0.010845667 0.007231935 -0.835375249 -0.010862053 0.999938607 0.002230341 -4.333497047 -0.007207299 -0.002308709 0.999971509 271.266906738
0.999889374 0.012527104 0.008049040 -0.836943567 -0.012543629 0.999919415 0.002005822 -4.359929085 -0.008023261 -0.002106567 0.999965727 272.819854736
0.999868274 0.013546146 0.008964393 -0.827660620 -0.013563732 0.999906301 0.001903962 -4.393037319 -0.008937759 -0.002025305 0.999958158 274.381469727
0.999850154 0.014310823 0.009765166 -0.830501497 -0.014325602 0.999896407 0.001445344 -4.410027504 -0.009743467 -0.001585023 0.999951422 275.916717529
0.999834061 0.014940869 0.010446433 -0.829952538 -0.014948293 0.999888062 0.000633015 -4.435366154 -0.010435804 -0.000789069 0.999945402 277.451751709
0.999832749 0.014344838 0.011364927 -0.821806252 -0.014345582 0.999897122 -0.000016010 -4.458425999 -0.011363985 -0.000147033 0.999935567 278.994903564
0.999829352 0.013900892 0.012189972 -0.802027404 -0.013905627 0.999903262 0.000303682 -4.490774632 -0.012184570 -0.000473142 0.999925792 280.574035645
0.999830604 0.013134726 0.012917258 -0.788719773 -0.013151955 0.999912739 0.001249659 -4.519084454 -0.012899715 -0.001419338 0.999915898 282.122711182
0.999836028 0.012439106 0.013183521 -0.775777698 -0.012459057 0.999921381 0.001432366 -4.545779705 -0.013164665 -0.001596389 0.999912143 283.661193848
0.999849081 0.011581489 0.012969231 -0.757577121 -0.011570769 0.999932706 -0.000901175 -4.578011036 -0.012978792 0.000750971 0.999915540 285.201965332
0.999861717 0.010546844 0.012875484 -0.745179892 -0.010503844 0.999939084 -0.003402634 -4.601054192 -0.012910585 0.003266917 0.999911368 286.785339355
0.999866307 0.010774092 0.012319234 -0.732945800 -0.010731293 0.999936163 -0.003534864 -4.629245758 -0.012356531 0.003402186 0.999917924 288.362457275
0.999893248 0.009515020 0.011113822 -0.717384160 -0.009476001 0.999948800 -0.003558157 -4.660775185 -0.011147106 0.003452457 0.999931991 289.882751465
0.999899745 0.009862825 0.010186247 -0.714550734 -0.009820782 0.999943137 -0.004169202 -4.693961143 -0.010226784 0.004068742 0.999939501 291.433135986
0.999898851 0.010321435 0.009810153 -0.710829496 -0.010275161 0.999935925 -0.004755658 -4.714632034 -0.009858606 0.004654370 0.999940634 293.048980713
0.999900877 0.010577627 0.009316768 -0.709892452 -0.010538253 0.999935389 -0.004265233 -4.746288300 -0.009361279 0.004166623 0.999947548 294.596984863
0.999908507 0.010609188 0.008414327 -0.703807116 -0.010574542 0.999935448 -0.004151287 -4.776359081 -0.008457823 0.004061924 0.999956012 296.132873535
0.999919176 0.010207740 0.007601517 -0.703220427 -0.010185144 0.999943614 -0.003005144 -4.804505348 -0.007631761 0.002927474 0.999966621 297.689758301
0.999908388 0.011625192 0.006953822 -0.694352031 -0.011613272 0.999931037 -0.001751884 -4.834247112 -0.006973705 0.001670963 0.999974310 299.291839600
0.999898970 0.011994952 0.007648759 -0.691005886 -0.011982337 0.999926805 -0.001692871 -4.861548424 -0.007668503 0.001601046 0.999969363 300.871032715
0.999884665 0.012504994 0.008640893 -0.690750897 -0.012488205 0.999920070 -0.001994012 -4.889101982 -0.008665134 0.001885869 0.999960721 302.463470459
0.999898016 0.011187005 0.008901189 -0.682010114 -0.011169345 0.999935567 -0.002031128 -4.921720505 -0.008923336 0.001931496 0.999958336 304.036926270
0.999915659 0.009277578 0.009110403 -0.671282232 -0.009250073 0.999952555 -0.003056559 -4.949175835 -0.009138326 0.002972025 0.999953866 305.640258789
0.999927342 0.007691728 0.009305392 -0.659582675 -0.007646380 0.999958813 -0.004899174 -4.982974052 -0.009342690 0.004827661 0.999944746 307.219360352
0.999933004 0.007191899 0.009095634 -0.650628209 -0.007139065 0.999957621 -0.005827979 -5.021279335 -0.009137161 0.005762649 0.999941647 308.826568604
0.999950051 0.007596268 0.006536634 -0.636325896 -0.007552600 0.999949276 -0.006679630 -5.057415009 -0.006587042 0.006629921 0.999956310 310.420715332
0.999952078 0.008732505 0.004481255 -0.638693392 -0.008705598 0.999944210 -0.005989238 -5.091019154 -0.004533306 0.005949932 0.999972045 312.034271240
0.999940932 0.010043286 0.004225214 -0.645446599 -0.010031153 0.999945581 -0.002883204 -5.122094154 -0.004253940 0.002840644 0.999986947 313.653839111
0.999951005 0.008629595 0.004917053 -0.646437764 -0.008629836 0.999962807 0.000027427 -5.150857925 -0.004916633 -0.000069864 0.999987960 315.291564941
0.999956131 0.008016290 0.004916596 -0.639427483 -0.008020372 0.999967575 0.000810864 -5.182001114 -0.004909936 -0.000850266 0.999987662 316.914306641
0.999960780 0.007247450 0.005145213 -0.628680050 -0.007244900 0.999973655 -0.000514127 -5.212254524 -0.005148802 0.000476825 0.999986708 318.558258057
0.999962568 0.006501741 0.005763506 -0.641247988 -0.006498957 0.999978781 -0.000501977 -5.245143890 -0.005766646 0.000464496 0.999983370 320.146636963
0.999956846 0.006811161 0.006363832 -0.646620452 -0.006809849 0.999976814 -0.000227973 -5.274075508 -0.006365236 0.000184622 0.999979794 321.762725830
0.999952316 0.007047157 0.006802813 -0.643611431 -0.007044487 0.999975085 -0.000416499 -5.299558163 -0.006805577 0.000368551 0.999976814 323.391265869
0.999935329 0.008766940 0.007278080 -0.648212671 -0.008757026 0.999960661 -0.001393063 -5.331578255 -0.007290005 0.001329233 0.999972582 325.036376953
0.999921858 0.009664198 0.007961081 -0.645441890 -0.009648092 0.999951363 -0.002059143 -5.359967709 -0.007980593 0.001982168 0.999966204 326.634979248
0.999922991 0.008700204 0.008879284 -0.641307056 -0.008697980 0.999962151 -0.000289138 -5.391747952 -0.008881463 0.000211879 0.999960601 328.265777588
0.999924004 0.008282798 0.009162558 -0.643253922 -0.008287267 0.999965608 0.000449772 -5.425036907 -0.009158517 -0.000525675 0.999957979 329.856262207
0.999929309 0.007505634 0.009259509 -0.645527124 -0.007499275 0.999971688 -0.000721304 -5.452723980 -0.009264661 0.000651809 0.999956906 331.464660645
0.999916017 0.009097205 0.009272731 -0.642422915 -0.009090756 0.999958515 -0.000737506 -5.480120182 -0.009279056 0.000653143 0.999956787 333.080078125
0.999897182 0.011150039 0.009059862 -0.642527282 -0.011124550 0.999934137 -0.002858994 -5.510192871 -0.009091143 0.002757907 0.999954939 334.684448242
0.999869168 0.013551845 0.008877950 -0.649912059 -0.013500761 0.999892235 -0.005788955 -5.544924259 -0.008955444 0.005668331 0.999943912 336.269744873
0.999856412 0.014884078 0.008149365 -0.648167908 -0.014841459 0.999876142 -0.005265560 -5.582198620 -0.008226730 0.005143849 0.999952972 337.842987061
0.999850094 0.015745904 0.007258944 -0.655356646 -0.015734745 0.999875069 -0.001591975 -5.623780251 -0.007283107 0.001477514 0.999972403 339.435394287
0.999826193 0.017546825 0.006367413 -0.665062428 -0.017555008 0.999845266 0.001231922 -5.653533459 -0.006344815 -0.001343491 0.999978960 341.022827148
0.999809861 0.018756669 0.005401584 -0.675545633 -0.018755740 0.999824166 -0.000221935 -5.679018021 -0.005404802 0.000120578 0.999985337 342.612976074
0.999827147 0.018247357 0.003671674 -0.683215499 -0.018241791 0.999832511 -0.001542376 -5.706078053 -0.003699209 0.001475127 0.999992013 344.171539307
0.999853075 0.017070137 0.001796448 -0.681890786 -0.017069574 0.999854386 -0.000324791 -5.734448910 -0.001801738 0.000294075 0.999998271 345.772186279
0.999867737 0.016242942 0.001220489 -0.696929097 -0.016243013 0.999868214 0.000053249 -5.761910915 -0.001219470 -0.000073071 0.999999166 347.358795166
0.999868929 0.016194571 0.000789338 -0.710807264 -0.016193816 0.999868631 -0.000942339 -5.787976265 -0.000804502 0.000929429 0.999999166 348.954254150
0.999887347 0.015034307 -0.000005440 -0.703251004 -0.015034287 0.999885738 -0.001682467 -5.825937271 -0.000019863 0.001682355 0.999998510 350.593200684
0.999887407 0.015028526 -0.000006955 -0.706475616 -0.015028507 0.999885619 -0.001795663 -5.859791756 -0.000020039 0.001795561 0.999998331 352.160919189
0.999895573 0.014473134 0.000149037 -0.722524703 -0.014472779 0.999893188 -0.002114062 -5.884284019 -0.000179626 0.002111679 0.999997675 353.740539551
0.999904215 0.013862478 -0.000169489 -0.729378998 -0.013862856 0.999900818 -0.002530905 -5.920373440 0.000134379 0.002533007 0.999996722 355.322540283
0.999908328 0.013556428 -0.000387307 -0.732687652 -0.013557638 0.999902666 -0.003336351 -5.953124046 0.000342033 0.003341291 0.999994278 356.931518555
0.999914885 0.013070252 -0.000277630 -0.740358949 -0.013071052 0.999909818 -0.003142173 -5.987891674 0.000236528 0.003145528 0.999994993 358.523986816
0.999910891 0.013370269 -0.000330944 -0.746689260 -0.013371466 0.999902964 -0.003955213 -6.024002075 0.000278022 0.003959280 0.999992073 360.105194092
0.999931335 0.011738364 -0.000443774 -0.749509275 -0.011740502 0.999917805 -0.005192483 -6.062042713 0.000382778 0.005197329 0.999986351 361.712799072
0.999946713 0.010338287 -0.000612551 -0.743652225 -0.010340352 0.999940693 -0.003484196 -6.097941399 0.000576486 0.003490339 0.999993682 363.286315918
0.999957621 0.009234264 -0.000501595 -0.748778880 -0.009235648 0.999953508 -0.002848826 -6.127081871 0.000475257 0.002853332 0.999995768 364.872741699
0.999958634 0.009127191 -0.000462219 -0.751958728 -0.009128925 0.999950886 -0.003918282 -6.161338806 0.000426426 0.003922333 0.999992132 366.473144531
0.999947608 0.010277044 -0.000263458 -0.760853708 -0.010278109 0.999937475 -0.004460138 -6.192591667 0.000217596 0.004462605 0.999989927 368.062713623
0.999927700 0.012065657 -0.000013708 -0.770954669 -0.012065620 0.999920845 -0.003633509 -6.224286556 -0.000030141 0.003633405 0.999993324 369.674652100
0.999913096 0.013217643 0.000383075 -0.782850683 -0.013216502 0.999908924 -0.002826055 -6.252501011 -0.000420401 0.002820740 0.999995828 371.275299072
0.999906778 0.013670629 0.000789264 -0.789075077 -0.013668153 0.999902248 -0.003052617 -6.287275791 -0.000830925 0.003041538 0.999994934 372.865203857
0.999906600 0.013676896 0.000931878 -0.800751686 -0.013673063 0.999898911 -0.003993692 -6.320322037 -0.000986411 0.003980570 0.999991477 374.434143066
0.999900460 0.014112340 0.001024396 -0.806369722 -0.014107962 0.999892175 -0.004155014 -6.354789734 -0.001082929 0.004140141 0.999990761 376.035491943
0.999893904 0.014532244 0.001467195 -0.813117146 -0.014525588 0.999884963 -0.004444938 -6.385854721 -0.001531627 0.004423147 0.999988973 377.663085938
0.999864399 0.016391421 0.001915875 -0.829789102 -0.016382933 0.999856651 -0.004361398 -6.417964458 -0.001987096 0.004329411 0.999988556 379.224243164
0.999837160 0.017942257 0.002196825 -0.835976362 -0.017933868 0.999832392 -0.003777544 -6.453919411 -0.002264240 0.003737524 0.999990344 380.808776855
0.999802709 0.019720221 0.002594563 -0.843020976 -0.019708192 0.999795616 -0.004580135 -6.487245083 -0.002684359 0.004528089 0.999985993 382.427215576
