1.000000000 0.000000000 0.000000000 0.000000000 0.000000000 1.000000000 0.000000000 0.000000000 0.000000000 0.000000000 1.000000000 0.000000000
0.999989808 0.000936338 0.004417252 0.003720678 -0.000937750 0.999999523 0.000317645 -0.015236156 -0.004416952 -0.000321784 0.999990165 0.811641037
0.999949574 0.002718633 0.009669447 0.005655197 -0.002729836 0.999995649 0.001145611 -0.025032394 -0.009666291 -0.001171949 0.999952555 1.616124749
0.999889791 0.002313237 0.014664835 0.016542207 -0.002320079 0.999997258 0.000449587 -0.039276555 -0.014663754 -0.000483561 0.999892354 2.427383900
0.999805212 0.001577162 0.019671420 0.032008812 -0.001553822 0.999998093 -0.001201715 -0.051541805 -0.019673277 0.001170915 0.999805748 3.239687443
0.999664247 0.000730159 0.025899110 0.051777158 -0.000631214 0.999992490 -0.003828342 -0.064209476 -0.025901711 0.003810709 0.999657214 4.048181057
0.999496996 0.000468985 0.031708993 0.077647321 -0.000300782 0.999985874 -0.005309120 -0.076885186 -0.031711038 0.005296912 0.999482989 4.865209579
0.999285221 -0.001651264 0.037766486 0.108544096 0.001863509 0.999982655 -0.005585391 -0.097677715 -0.037756611 0.005651776 0.999270916 5.698466778
0.999083102 -0.001767961 0.042776439 0.143541187 0.002011370 0.999981999 -0.005647878 -0.111754842 -0.042765688 0.005728738 0.999068618 6.523894787
0.998833895 -0.002938669 0.048189130 0.180480331 0.003267374 0.999971867 -0.006743776 -0.125660643 -0.048167959 0.006893363 0.998815358 7.346614361
0.998580396 -0.003528560 0.053146802 0.226592809 0.003961060 0.999959826 -0.008034676 -0.144266978 -0.053116318 0.008233787 0.998554230 8.172608376
0.998288393 -0.003736359 0.058362491 0.269868076 0.004331873 0.999939740 -0.010080511 -0.162087411 -0.058321308 0.010316076 0.998244405 8.985029221
0.997947156 0.000235889 0.064040720 0.310918361 0.000556332 0.999923468 -0.012352454 -0.179610565 -0.064038724 0.012362724 0.997870684 9.816877365
0.997599483 0.000295274 0.069246165 0.359363586 0.000545487 0.999926329 -0.012122392 -0.200986922 -0.069244631 0.012131065 0.997525752 10.634625435
0.997243226 -0.001974329 0.074175179 0.418516546 0.002827616 0.999930978 -0.011400403 -0.222315282 -0.074147545 0.011578714 0.997179925 11.455188751
0.996905148 0.000922684 0.078607924 0.466336668 -0.000002123 0.999931455 -0.011710063 -0.244759157 -0.078613333 0.011673655 0.996836662 12.266019821
0.996569097 0.004467241 0.082643695 0.518533051 -0.003358229 0.999902546 -0.013553337 -0.262440801 -0.082696170 0.013229300 0.996486843 13.079596519
0.996296525 0.006488618 0.085738152 0.576579392 -0.005045995 0.999842286 -0.017031938 -0.286307961 -0.085835122 0.016536225 0.996171951 13.906532288
0.996031404 0.003450749 0.088935025 0.631546438 -0.001650204 0.999792397 -0.020311192 -0.310051292 -0.088986628 0.020083820 0.995830178 14.702569008
0.995723724 0.003408652 0.092317425 0.696146607 -0.001200125 0.999712050 -0.023968140 -0.333439589 -0.092372514 0.023754848 0.995441020 15.533080101
0.995473146 0.002702146 0.095003739 0.756662130 -0.000654145 0.999766946 -0.021581585 -0.361663252 -0.095039889 0.021421740 0.995242774 16.338478088
0.995334506 0.000191899 0.096483611 0.823249400 0.001839148 0.999778688 -0.020961313 -0.389582366 -0.096466258 0.021040963 0.995113611 17.157529831
0.995229185 -0.000972530 0.097558744 0.896805525 0.002943426 0.999794543 -0.020060243 -0.418056995 -0.097519174 0.020251697 0.995027304 17.983627319
0.995095551 -0.004451038 0.098817684 0.976963103 0.006487575 0.999773026 -0.020297248 -0.445262909 -0.098704904 0.020838790 0.994898260 18.810920715
0.995081842 -0.005860206 0.098882228 1.054498196 0.007817546 0.999780953 -0.019418797 -0.471943915 -0.098746769 0.020096311 0.994909346 19.644969940
0.995136499 -0.003511955 0.098442651 1.118095398 0.005306953 0.999824345 -0.017978003 -0.499419123 -0.098362222 0.018413000 0.994980037 20.463272095
0.995151877 -0.003510635 0.098287091 1.188601732 0.005352967 0.999814868 -0.018486952 -0.528734148 -0.098203987 0.018923456 0.994986117 21.286306381
0.995219409 -0.004552171 0.097558059 1.265206814 0.006381160 0.999809623 -0.018443866 -0.557164073 -0.097455524 0.018978233 0.995058656 22.118669510
0.995254040 -0.005400662 0.097160563 1.341598392 0.007374395 0.999773562 -0.019966487 -0.582403302 -0.097030722 0.020588230 0.995068133 22.943090439
0.995277226 -0.007835031 0.096756406 1.417024136 0.009721975 0.999771476 -0.019045960 -0.608851492 -0.096585065 0.019896677 0.995125532 23.781969070
0.995261192 -0.008839546 0.096835010 1.493266940 0.010556097 0.999795973 -0.017228587 -0.634907842 -0.096662961 0.018169146 0.995150983 24.614376068
0.995232940 -0.007910484 0.097205147 1.567912936 0.009426461 0.999840975 -0.015146282 -0.660089135 -0.097069882 0.015990384 0.995148718 25.453294754
0.995256424 -0.005802301 0.097113393 1.640014410 0.007280971 0.999862909 -0.014878752 -0.686229289 -0.097013757 0.015515259 0.995161712 26.296625137
0.995191336 -0.004861366 0.097829573 1.712309241 0.006464333 0.999849975 -0.016074998 -0.710072577 -0.097736746 0.016630108 0.995072961 27.145051956
0.995127678 -0.003402422 0.098536380 1.782914281 0.005272802 0.999810874 -0.018727414 -0.736452997 -0.098454006 0.019155733 0.994956851 27.975637436
0.995016634 -0.000766670 0.099706672 1.857304454 0.003043369 0.999738276 -0.022683866 -0.763379633 -0.099663153 0.022874268 0.994757950 28.804721832
0.994968355 0.003442296 0.100131392 1.926760912 -0.001214741 0.999750853 -0.022298779 -0.791725397 -0.100183167 0.022064947 0.994723976 29.624282837
0.994918287 0.003866199 0.100612231 2.002094269 -0.001658178 0.999756455 -0.022020226 -0.823390961 -0.100672811 0.021741495 0.994681656 30.461427689
0.994890630 -0.000626561 0.100957349 2.088630676 0.002432907 0.999839425 -0.017770017 -0.855248392 -0.100929953 0.017924847 0.994731665 31.299898148
0.994903207 -0.003392861 0.100777410 2.170482397 0.005069125 0.999853194 -0.016381891 -0.881006837 -0.100706980 0.016809255 0.994773746 32.128551483
0.994815111 -0.007529830 0.101420827 2.254263878 0.009130429 0.999841034 -0.015326769 -0.907111526 -0.101289243 0.016173324 0.994725168 32.965038300
0.994709134 -0.009361420 0.102304406 2.334053755 0.011093839 0.999804497 -0.016378097 -0.928711891 -0.102131024 0.017426398 0.994617939 33.806785583
0.994685709 -0.010153197 0.102456406 2.416099310 0.012335472 0.999710023 -0.020688437 -0.957040489 -0.102216579 0.021842344 0.994521976 34.631954193
0.994623303 -0.011602044 0.102907225 2.503027678 0.014075099 0.999628723 -0.023338340 -0.985913515 -0.102598183 0.024661290 0.994416714 35.455738068
0.994480610 -0.011445882 0.104294285 2.588474035 0.013973232 0.999625564 -0.023534464 -1.013279080 -0.103985801 0.024861898 0.994267523 36.285453796
0.994270384 -0.010438432 0.106383108 2.671992779 0.012820738 0.999681771 -0.021734364 -1.041306496 -0.106122315 0.022973750 0.994087160 37.128726959
0.994145811 -0.007265576 0.107801907 2.752850533 0.009481614 0.999754071 -0.020058246 -1.066152096 -0.107629597 0.020962965 0.993969500 37.959621429
0.993979931 -0.004451519 0.109471396 2.836790562 0.006911305 0.999732137 -0.022100497 -1.094246864 -0.109343633 0.022724047 0.993743658 38.792285919
0.993851006 -0.003830519 0.110658839 2.922115088 0.006376555 0.999723077 -0.022663241 -1.119819403 -0.110541321 0.023229513 0.993599415 39.619346619
0.993651628 -0.002710348 0.112467878 3.007462502 0.005164896 0.999754906 -0.021538807 -1.144817114 -0.112381883 0.021982962 0.993421316 40.445995331
0.993400753 -0.002921741 0.114657231 3.094272137 0.004991881 0.999829769 -0.017772060 -1.171744704 -0.114585727 0.018227141 0.993245602 41.281757355
0.993160427 -0.002999406 0.116719067 3.188363075 0.005099617 0.999830544 -0.017699253 -1.200556755 -0.116646141 0.018173426 0.993006706 42.121589661
0.993004858 -0.002476712 0.118046954 3.285522938 0.004818233 0.999797344 -0.019554239 -1.227561116 -0.117974542 0.019986240 0.992814898 42.955070496
0.992811203 -0.002677626 0.119660541 3.383828402 0.005332323 0.999746740 -0.021870555 -1.254869461 -0.119571611 0.022351408 0.992573380 43.787628174
0.992583036 -0.004276387 0.121492557 3.485713005 0.007124824 0.999709725 -0.023020614 -1.284052253 -0.121358782 0.023715492 0.992324769 44.620178223
0.992324114 -0.003812608 0.123604648 3.585999727 0.006652653 0.999723196 -0.022572244 -1.312807918 -0.123484313 0.023221288 0.992074192 45.460712433
0.992018104 -0.003219608 0.126053885 3.696356297 0.006182093 0.999713778 -0.023117578 -1.343468785 -0.125943318 0.023712339 0.991753340 46.309745789
0.991740346 -0.000441585 0.128260374 3.803845406 0.003437206 0.999726534 -0.023135364 -1.373265982 -0.128215030 0.023385137 0.991469920 47.170070648
0.991337240 -0.000952816 0.131337181 3.922546864 0.004213530 0.999689817 -0.024551373 -1.399624348 -0.131272972 0.024892088 0.991032958 48.023132324
0.991028070 -0.000656079 0.133651301 4.035441875 0.004184693 0.999650121 -0.026122449 -1.430504799 -0.133587316 0.026447376 0.990683377 48.861461639
0.990550697 -0.000766271 0.137144163 4.150851250 0.004593896 0.999608755 -0.027595159 -1.463083982 -0.137069285 0.027964436 0.990165949 49.712921143
0.990267098 0.002724885 0.139152586 4.264556408 0.001008402 0.999641776 -0.026751187 -1.498973250 -0.139175549 0.026631149 0.989908874 50.562942505
0.989755213 0.000894992 0.142771095 4.386746407 0.002773761 0.999671280 -0.025495647 -1.535430789 -0.142746910 0.025630470 0.989426613 51.424098969
0.989354908 0.001994642 0.145508736 4.511815548 0.001693981 0.999680638 -0.025221527 -1.570819855 -0.145512491 0.025199538 0.989034772 52.276634216
0.988790154 0.003438552 0.149271667 4.630199909 0.000648071 0.999626756 -0.027319811 -1.609078765 -0.149309814 0.027110307 0.988418102 53.121192932
0.988183558 0.005720435 0.153167948 4.746953964 -0.001118766 0.999546170 -0.030112639 -1.640533686 -0.153270602 0.029585462 0.987740576 53.961574554
0.987652004 0.002513993 0.156642944 4.879033089 0.002256827 0.999539435 -0.030271351 -1.674853086 -0.156646803 0.030251084 0.987190604 54.788894653
0.987101912 -0.000890549 0.160089850 5.013765812 0.005629185 0.999559462 -0.029148774 -1.714576840 -0.159993261 0.029673994 0.986671329 55.631496429
0.986537516 -0.002057317 0.163521349 5.154794693 0.006547399 0.999616265 -0.026924483 -1.755191565 -0.163403109 0.027632661 0.986171722 56.477336884
0.985939026 -0.003989993 0.167056859 5.299454212 0.008811996 0.999565601 -0.028133139 -1.789626360 -0.166871935 0.029209670 0.985545278 57.319660187
0.985432148 -0.003488601 0.170032367 5.444235325 0.008348071 0.999576867 -0.027873134 -1.827330470 -0.169863060 0.028886531 0.985043645 58.169326782
0.984762847 -0.003362187 0.173869580 5.593216896 0.008339763 0.999576032 -0.027905572 -1.862954736 -0.173701927 0.028930405 0.984372675 59.016685486
0.984173834 -0.001186030 0.177201137 5.738483906 0.006178950 0.999599516 -0.027627410 -1.899639845 -0.177097261 0.028285095 0.983786285 59.861713409
0.983480752 -0.000634969 0.181010872 5.880156040 0.005699259 0.999607027 -0.027459100 -1.937392354 -0.180922151 0.028037127 0.983097136 60.688125610
0.982795596 -0.000129970 0.184695467 6.028748989 0.005478143 0.999580622 -0.028446738 -1.970997691 -0.184614167 0.028969122 0.982383490 61.518592834
0.982131183 -0.000418519 0.188196167 6.179241657 0.005965659 0.999564588 -0.028909873 -2.004256964 -0.188101962 0.029516006 0.981705368 62.348651886
0.981623650 0.000744442 0.190824807 6.336274624 0.004613174 0.999607921 -0.027630342 -2.036270618 -0.190770403 0.028002910 0.981234610 63.172988892
0.981074691 0.000385403 0.193628237 6.490766525 0.004306238 0.999707639 -0.023808695 -2.068597078 -0.193580642 0.024191925 0.980785489 63.997074127
0.980512798 -0.002657812 0.196436509 6.656517982 0.007145928 0.999729693 -0.022142442 -2.103065729 -0.196324393 0.023114678 0.980265975 64.830123901
0.979887009 -0.002004144 0.199542359 6.811820984 0.006955192 0.999685407 -0.024114143 -2.137899876 -0.199431077 0.025016997 0.979591906 65.642135620
0.979240298 -0.001991065 0.202692389 6.975919724 0.007861227 0.999572873 -0.028160011 -2.168594599 -0.202549577 0.029168831 0.978837013 66.461532593
0.978715956 -0.000733869 0.205217570 7.141472340 0.007397715 0.999470234 -0.031706773 -2.204388380 -0.205085397 0.032550063 0.978202164 67.278327942
0.978091240 -0.001238509 0.208172426 7.307145119 0.007955490 0.999474645 -0.031432312 -2.239321709 -0.208023936 0.032399781 0.977586508 68.092453003
0.977464437 -0.003356021 0.211072758 7.485182285 0.010007934 0.999486446 -0.030454459 -2.276215792 -0.210861981 0.031880554 0.976995349 68.909385681
0.976799309 -0.006911265 0.214044586 7.663337708 0.013348637 0.999500930 -0.028644159 -2.312636375 -0.213739634 0.030836798 0.976403296 69.721839905
0.976209283 -0.003298675 0.216804832 7.835361481 0.009796008 0.999534607 -0.028900728 -2.346282721 -0.216608450 0.030336976 0.975786567 70.533729553
0.975524366 -0.000461714 0.219890580 8.001643181 0.006967605 0.999560833 -0.028812330 -2.376778603 -0.219780579 0.029639237 0.975098431 71.344535828
0.975015998 -0.002516852 0.222119868 8.192725182 0.009660968 0.999470353 -0.031082686 -2.418626547 -0.221923858 0.032452006 0.974523246 72.154930115
0.974453986 -0.002594754 0.224571735 8.373073578 0.010238464 0.999407113 -0.032879021 -2.455428362 -0.224353150 0.034338359 0.973902166 72.951614380
0.973700225 -0.003278010 0.227808982 8.558512688 0.011460225 0.999335647 -0.034603529 -2.489208937 -0.227544069 0.036304198 0.973090231 73.758842468
0.973239243 -0.003210228 0.229771435 8.744643211 0.011201552 0.999376774 -0.033483561 -2.529470205 -0.229520604 0.035161305 0.972667933 74.548667908
0.972672999 -0.003926193 0.232145786 8.934356689 0.011475208 0.999448299 -0.031176973 -2.570475578 -0.231895134 0.032988913 0.972180724 75.356086731
0.972141266 -0.005716249 0.234325752 9.124148369 0.013322370 0.999434352 -0.030889541 -2.607693434 -0.234016448 0.033150762 0.971666753 76.145385742
0.971670508 -0.005991087 0.236263335 9.316869736 0.013863880 0.999402404 -0.031674918 -2.644346237 -0.235932201 0.034053098 0.971172094 76.929206848
0.971015990 -0.004658377 0.238968700 9.505823135 0.012771836 0.999393225 -0.032414757 -2.683375120 -0.238672510 0.034527302 0.970485508 77.717788696
0.970351458 -0.005034650 0.241645515 9.699337959 0.013090854 0.999410570 -0.031745065 -2.720772982 -0.241343081 0.033967201 0.969844639 78.504447937
0.969745278 -0.003157439 0.244098380 9.884232521 0.010928835 0.999475598 -0.030489378 -2.765186787 -0.243873924 0.032234628 0.969270527 79.287796021
0.968959630 -0.000565568 0.247218266 10.076036453 0.008580517 0.999472022 -0.031344410 -2.804439068 -0.247069836 0.032492716 0.968452215 80.084068298
0.968181610 -0.003228953 0.250227809 10.285113335 0.011644064 0.999415219 -0.032156728 -2.840738297 -0.249977455 0.034047205 0.967652321 80.877258301
0.967341721 -0.005594869 0.253413767 10.497934341 0.014748681 0.999305129 -0.034236651 -2.879668713 -0.253045946 0.036856044 0.966751456 81.663299561
0.966474175 -0.004986199 0.256715000 10.702161789 0.014594870 0.999261975 -0.035537664 -2.916641235 -0.256348163 0.038092945 0.965833068 82.444374084
0.965651453 -0.006867526 0.259749711 10.912332535 0.016629988 0.999234915 -0.035405256 -2.955374002 -0.259307683 0.038508762 0.965026200 83.229484558
0.964914799 -0.004651634 0.262521595 11.122705460 0.014378931 0.999279082 -0.035144418 -2.991147280 -0.262168676 0.037686139 0.964285314 84.014373779
0.963861883 -0.003613770 0.266377419 11.329381943 0.013259482 0.999319792 -0.034421101 -3.030172110 -0.266071588 0.036709208 0.963253438 84.789672852
0.962766171 -0.006272329 0.270262331 11.548212051 0.015911331 0.999312758 -0.033489238 -3.070149660 -0.269866258 0.036542535 0.962203562 85.560745239
0.961687684 -0.004748876 0.274105906 11.767681122 0.014411992 0.999343455 -0.033250228 -3.106825113 -0.273767769 0.035926744 0.961124003 86.339515686
0.960289717 -0.002480852 0.278993607 11.972077370 0.011410882 0.999473333 -0.030388555 -3.145506859 -0.278771013 0.032365378 0.959811449 87.111068726
0.959114611 -0.001343283 0.283014685 12.181226730 0.009751355 0.999552131 -0.028302385 -3.182162285 -0.282849640 0.029905008 0.958697319 87.865653992
0.957850873 -0.005517785 0.287212729 12.414827347 0.013810855 0.999544144 -0.026856313 -3.218507528 -0.286933362 0.029690998 0.957489610 88.636108398
0.956518531 -0.006190849 0.291605681 12.647706032 0.015426687 0.999449432 -0.029383779 -3.249684572 -0.291262984 0.032604638 0.956086576 89.407112122
0.955071926 -0.003946657 0.296347648 12.875175476 0.013916657 0.999405861 -0.031541001 -3.277856350 -0.296046853 0.034248095 0.954558611 90.158103943
0.953791618 -0.002966716 0.300453931 13.106449127 0.013053507 0.999416590 -0.031570055 -3.310958385 -0.300184727 0.034033235 0.953273177 90.915031433
0.952543318 -0.004083939 0.304375410 13.343672752 0.013580545 0.999484837 -0.029089827 -3.341308117 -0.304099530 0.031842910 0.952107310 91.670166016
0.951147258 -0.004178201 0.308709145 13.586829185 0.013120785 0.999552369 -0.026897401 -3.376579523 -0.308458328 0.029633900 0.950775504 92.426277161
0.949697971 -0.004400977 0.313136309 13.830365181 0.013617858 0.999536097 -0.027253060 -3.411164522 -0.312870830 0.030146424 0.949316502 93.161018372
0.948261142 -0.004962385 0.317452610 14.075731277 0.015197313 0.999441445 -0.029772677 -3.445886850 -0.317127258 0.033056699 0.947806060 93.905738831
0.946796417 -0.006925358 0.321758389 14.332473755 0.018058525 0.999336779 -0.031629290 -3.478597879 -0.321325660 0.035756979 0.946292758 94.647331238
0.945216060 -0.008640219 0.326330900 14.584831238 0.019757552 0.999331474 -0.030768521 -3.510547161 -0.325846583 0.035530400 0.944754124 95.386161804
0.943832874 -0.010207156 0.330265284 14.841449738 0.020470247 0.999409318 -0.027612269 -3.541913986 -0.329788059 0.032821979 0.943483651 96.111343384
0.942212999 -0.009995960 0.334864885 15.100205421 0.019253187 0.999518633 -0.024336576 -3.579260826 -0.334460109 0.029377457 0.941951275 96.846801758
0.940487385 -0.007281063 0.339750350 15.358083725 0.017030897 0.999524176 -0.025724046 -3.610525370 -0.339401096 0.029979395 0.940163255 97.581817627
0.938383996 -0.009205331 0.345471621 15.626325607 0.020715181 0.999346137 -0.029639160 -3.638171673 -0.344972610 0.034969419 0.937960505 98.303688049
0.936558187 -0.006089124 0.350459158 15.892315865 0.019024238 0.999258518 -0.033478096 -3.670476913 -0.349995136 0.038021397 0.935979009 99.029411316
0.934695125 -0.001999351 0.355444580 16.158012390 0.015025293 0.999312758 -0.033890229 -3.703152895 -0.355132252 0.037017688 0.934082270 99.751167297
0.933218598 0.000068395 0.359308779 16.430461884 0.012440898 0.999394357 -0.032502517 -3.738466024 -0.359093100 0.034802075 0.932651997 100.476875305
0.931598663 -0.004775300 0.363456696 16.722290039 0.016419534 0.999445975 -0.028954677 -3.774392128 -0.363116741 0.032941930 0.931160450 101.207397461
0.929769516 -0.007044553 0.368074238 17.005695343 0.018344073 0.999461532 -0.027209217 -3.809659004 -0.367684036 0.032050285 0.929397702 101.924316406
0.928053319 -0.004655271 0.372417659 17.283294678 0.015795223 0.999514341 -0.026867179 -3.843296051 -0.372111350 0.030816600 0.927675784 102.632972717
0.926354647 -0.003535013 0.376635164 17.573251724 0.015122131 0.999498904 -0.027812665 -3.876111507 -0.376347750 0.031459924 0.925943553 103.351440430
0.925062478 -0.003634858 0.379796922 17.865737915 0.015623384 0.999472141 -0.028488062 -3.910627127 -0.379492551 0.032286953 0.924630642 104.061492920
0.923685610 -0.002157168 0.383144468 18.155134201 0.013840544 0.999519467 -0.027739381 -3.943111658 -0.382900178 0.030925397 0.923271358 104.770553589
0.922157645 -0.002572942 0.386805147 18.447561264 0.013798111 0.999560356 -0.026246371 -3.972056150 -0.386567265 0.029540470 0.921787441 105.476249695
0.920914948 -0.000962137 0.389761806 18.736557007 0.012672246 0.999542236 -0.027474141 -4.003037453 -0.389556646 0.030240502 0.920505345 106.171936035
0.919166565 -0.000879206 0.393867433 19.025875092 0.012452789 0.999562502 -0.026829772 -4.032798290 -0.393671215 0.029565774 0.918775201 106.862548828
0.917937398 0.000780577 0.396723986 19.316537857 0.011819275 0.999500394 -0.029313952 -4.064211369 -0.396548390 0.031597357 0.917469323 107.549041748
0.916838408 0.003251622 0.399244696 19.607900620 0.009755566 0.999485850 -0.030543257 -4.099370003 -0.399138480 0.031898085 0.916335046 108.234886169
0.915447235 0.003755817 0.402419865 19.899152756 0.009826860 0.999449611 -0.031682648 -4.132016659 -0.402317137 0.032958314 0.914906263 108.914970398
0.914449036 0.001372167 0.404698193 20.195934296 0.012067833 0.999457061 -0.030657031 -4.162544727 -0.404520303 0.032918118 0.913935721 109.585861206
0.913276851 0.003302956 0.407325566 20.487945557 0.009813612 0.999498427 -0.030108223 -4.196718693 -0.407220453 0.031494476 0.912786007 110.258415222
0.912558675 0.005155615 0.408912838 20.785722733 0.007021255 0.999575555 -0.028271887 -4.231978416 -0.408884764 0.028670838 0.912134826 110.943344116
0.912315309 0.007368940 0.409421742 21.078714371 0.004975508 0.999564707 -0.029077519 -4.262612343 -0.409457535 0.028564945 0.911881208 111.618782043
0.911623597 0.007254343 0.410961628 21.377212524 0.005202556 0.999560416 -0.029185036 -4.293629169 -0.410992444 0.028743817 0.911184788 112.291328430
0.911350369 0.007367281 0.411565006 21.686010361 0.005020394 0.999566436 -0.029009823 -4.329085827 -0.411600053 0.028504333 0.910917997 112.974411011
0.911651611 0.006377682 0.410913795 21.989290237 0.005703568 0.999586880 -0.028168237 -4.362016678 -0.410923421 0.028023295 0.911238372 113.646507263
0.912547648 0.008506666 0.408881247 22.287481308 0.003922031 0.999555528 -0.029548749 -4.397089481 -0.408950657 0.028568286 0.912108541 114.309051514
0.913330197 0.008967893 0.407120347 22.579977036 0.003886416 0.999519825 -0.030735807 -4.430521965 -0.407200307 0.029654179 0.912856698 114.975601196
0.914367437 0.003580331 0.404868990 22.877002716 0.010162157 0.999442816 -0.031788766 -4.461338520 -0.404757023 0.033180952 0.913821399 115.636627197
0.914713085 -0.000405451 0.404103190 23.176456451 0.014078057 0.999424338 -0.030863822 -4.492157936 -0.403857857 0.033920527 0.914192021 116.306358337
0.914667726 0.003127177 0.404193938 23.463399887 0.010243499 0.999469459 -0.030913180 -4.523277283 -0.404075950 0.032415647 0.914150238 116.983612061
0.914907813 0.004568219 0.403636485 23.748651505 0.008940941 0.999461234 -0.031577669 -4.558750629 -0.403563023 0.032499544 0.914373815 117.648132324
0.915200233 0.004987960 0.402968079 24.046163559 0.009316575 0.999394238 -0.033529889 -4.594581127 -0.402890921 0.034440845 0.914599121 118.327438354
0.915434539 0.005962859 0.402422249 24.344583511 0.008784351 0.999355972 -0.034790624 -4.628514767 -0.402370244 0.035383563 0.914792299 119.012840271
0.915103316 0.006119455 0.403172582 24.641056061 0.008372469 0.999380827 -0.034172319 -4.665407658 -0.403131783 0.034646757 0.914485157 119.696495056
0.915395319 0.005586309 0.402516872 24.935014725 0.008086155 0.999446750 -0.032260139 -4.699033737 -0.402474076 0.032785602 0.914843440 120.377532959
0.915229440 0.006398074 0.402881861 25.219589233 0.006134055 0.999536753 -0.029808193 -4.731457710 -0.402885646 0.029752642 0.914765894 121.046020508
0.915078044 0.002323186 0.403269678 25.514139175 0.009675452 0.999569058 -0.027713418 -4.765253544 -0.403159976 0.029261762 0.914660871 121.708366394
0.915045500 -0.000977313 0.403349191 25.801549911 0.012003788 0.999620080 -0.024809945 -4.795008183 -0.403171420 0.027543951 0.914709151 122.365364075
0.914698601 -0.002955788 0.404125512 26.087465286 0.014068792 0.999599993 -0.024532225 -4.827201843 -0.403891087 0.028125154 0.914373934 123.014999390
0.914411843 -0.001533109 0.404781848 26.376949310 0.013265795 0.999569118 -0.026181886 -4.859373569 -0.404567063 0.029310783 0.914037824 123.675308228
0.913918853 0.000322523 0.405896574 26.675577164 0.013349099 0.999434829 -0.030851047 -4.892090797 -0.405676842 0.033613708 0.913397610 124.351150513
0.913376033 -0.000852058 0.407115906 26.964569092 0.015446652 0.999350250 -0.032563452 -4.920220852 -0.406823337 0.036031250 0.912795305 125.001907349
0.912956655 -0.000068386 0.408056408 27.258665085 0.014753897 0.999351621 -0.032841850 -4.947965145 -0.407789290 0.036003605 0.912365258 125.663360596
0.911884308 0.002366764 0.410440415 27.547969818 0.010633585 0.999511480 -0.029388454 -4.982055664 -0.410309166 0.031163320 0.911413193 126.325042725
0.910558701 0.006915896 0.413321704 27.830286026 0.005063191 0.999598384 -0.027880104 -5.016085148 -0.413348228 0.027479198 0.910157621 126.981811523
0.909336865 0.004889480 0.416031659 28.123607635 0.007370380 0.999584615 -0.027857518 -5.048799038 -0.415994763 0.028398177 0.908922851 127.628105164
0.908148348 0.005658266 0.418610036 28.418422699 0.009041839 0.999410212 -0.033124533 -5.080195904 -0.418550313 0.033866990 0.907561302 128.268447876
0.906511903 0.008575833 0.422092825 28.709213257 0.007941263 0.999270260 -0.037357718 -5.112026691 -0.422104955 0.037217163 0.905782044 128.909896851
0.905058801 0.012965156 0.425088555 29.002422333 0.004273481 0.999207377 -0.039574414 -5.145147800 -0.425264448 0.037633777 0.904285729 129.554718018
0.904218316 0.011321968 0.426920116 29.307708740 0.005796510 0.999230921 -0.038776744 -5.176071644 -0.427030563 0.037537288 0.903457105 130.199890137
0.903346956 0.010306129 0.428786367 29.617095947 0.005765346 0.999328971 -0.036165617 -5.211719036 -0.428871155 0.035142198 0.902681291 130.842056274
0.902226567 0.006732021 0.431209445 29.927845001 0.008949060 0.999370396 -0.034326393 -5.248254776 -0.431168824 0.034829095 0.901598215 131.485198975
0.901431680 0.005829959 0.432881802 30.239881516 0.010880674 0.999288142 -0.036116086 -5.282970428 -0.432783991 0.037266217 0.900726497 132.135498047
0.900423348 0.003144522 0.435002953 30.553693771 0.013727844 0.999270201 -0.035639070 -5.314797401 -0.434797347 0.038061891 0.899723053 132.781417847
0.899760187 0.004411691 0.436362028 30.862915039 0.012438686 0.999283135 -0.035750967 -5.349413872 -0.436206669 0.037595056 0.899060249 133.430084229
0.899210811 0.001806053 0.437511653 31.172567368 0.015842866 0.999201059 -0.036686312 -5.386975288 -0.437228084 0.039920155 0.898463666 134.068313599
0.898952663 0.001044043 0.438044220 31.489355087 0.018485151 0.999015749 -0.040316239 -5.422454834 -0.437654912 0.044339694 0.898048580 134.716140747
0.898390889 -0.000568009 0.439196020 31.809911728 0.022150546 0.998784959 -0.044018004 -5.459660530 -0.438637137 0.049273800 0.897311866 135.363616943
0.897549212 0.002129419 0.440908730 32.124252319 0.019869635 0.998776913 -0.045271933 -5.495971203 -0.440465659 0.049394481 0.896409094 136.012939453
0.896880388 0.002788273 0.442263901 32.445083618 0.018441217 0.998874545 -0.043694962 -5.537277222 -0.441887736 0.047345039 0.895819604 136.673568726
0.896305740 0.005191537 0.443405777 32.770313263 0.015339424 0.998969793 -0.042703558 -5.580182076 -0.443170458 0.045077033 0.895302773 137.341918945
0.895836413 0.006216315 0.444340050 33.098003387 0.015201273 0.998888075 -0.044621814 -5.622971535 -0.444123089 0.046728384 0.894745827 138.005996704
0.895426631 0.007413948 0.445147097 33.427501678 0.015048582 0.998785734 -0.046905506 -5.662267208 -0.444954067 0.048699267 0.894227743 138.671081543
0.895108223 0.007055623 0.445792854 33.759738922 0.016165650 0.998703480 -0.048265651 -5.703722954 -0.445555210 0.050409503 0.893833578 139.340911865
0.894752860 0.005882666 0.446522832 34.100639343 0.016883934 0.998752415 -0.046990372 -5.747384548 -0.446241975 0.049583822 0.893537104 140.018569946
0.894517779 0.006309544 0.446987808 34.432453156 0.015998490 0.998807788 -0.046115246 -5.788238525 -0.446745664 0.048402034 0.893350184 140.690612793
0.894168496 0.005711617 0.447694153 34.776451111 0.016425388 0.998826861 -0.045548901 -5.833488941 -0.447428942 0.048081942 0.893025458 141.383834839
0.893911302 0.006462409 0.448197275 35.112445831 0.015250357 0.998878539 -0.044818711 -5.875895500 -0.447984099 0.046899125 0.892810047 142.068237305
0.893301427 0.005769933 0.449421078 35.457454681 0.014808940 0.998996675 -0.042261004 -5.916207790 -0.449213862 0.044407271 0.892319441 142.771041870
0.892546117 0.004963950 0.450928777 35.800868988 0.014791967 0.999078929 -0.040276621 -5.961972713 -0.450713187 0.042618874 0.891650319 143.461364746
0.891689777 0.006039944 0.452606678 36.148468018 0.013772408 0.999085844 -0.040465903 -6.000546455 -0.452437133 0.042316522 0.890791178 144.159469604
0.890798450 0.007233554 0.454341054 36.501102448 0.013179304 0.999041200 -0.041745558 -6.042872906 -0.454207152 0.043174785 0.889848769 144.859405518
0.889995813 0.010803089 0.455840707 36.846942902 0.010696099 0.998949468 -0.044557720 -6.081237316 -0.455842912 0.044531908 0.888944983 145.560058594
0.889200389 0.011473753 0.457374066 37.198379517 0.010844616 0.998875976 -0.046141427 -6.124368668 -0.457389086 0.045989025 0.888076127 146.261428833
0.888679445 0.011955874 0.458373070 37.553123474 0.010276124 0.998889565 -0.045977343 -6.167066574 -0.458413452 0.045569427 0.887569427 146.966964722
0.888075411 0.011224424 0.459560752 37.925239563 0.010182949 0.998976171 -0.044077218 -6.209965229 -0.459584624 0.043823581 0.887051582 147.678771973
0.887583673 0.011761368 0.460496426 38.286293030 0.008892701 0.999050140 -0.042656608 -6.255068779 -0.460560352 0.041956373 0.886635661 148.392807007
0.887160480 0.012102943 0.461302489 38.655723572 0.008859717 0.999024928 -0.043249574 -6.302768230 -0.461375773 0.042456325 0.886187792 149.116790771
0.886994362 0.014742989 0.461545020 39.022113800 0.007296843 0.998917937 -0.045931160 -6.347628117 -0.461722344 0.044108503 0.885926604 149.841033936
0.887225747 0.015556199 0.461073339 39.391857147 0.007425153 0.998820305 -0.047987249 -6.394050121 -0.461275488 0.045999061 0.886063218 150.566513062
0.887783706 0.016489005 0.459965587 39.771556854 0.006537367 0.998805463 -0.048423372 -6.439647675 -0.460214138 0.045996442 0.886615098 151.296981812
0.888599873 0.016316306 0.458392978 40.147346497 0.006253615 0.998843253 -0.047676127 -6.489529610 -0.458640158 0.045231618 0.887469649 152.027877808
0.889549375 0.016524343 0.456540287 40.509651184 0.005458442 0.998889804 -0.046790086 -6.534802437 -0.456806123 0.044114094 0.888471246 152.751037598
0.890593946 0.015366303 0.454539865 40.874866486 0.005430519 0.998998463 -0.044412620 -6.581428051 -0.454766631 0.042022001 0.889618158 153.480957031
0.891963422 0.015755581 0.451833189 41.228584290 0.003995030 0.999078810 -0.042724825 -6.625458241 -0.452089697 0.039914072 0.891078413 154.196456909
0.893325031 0.016255129 0.449117512 41.583774567 0.002737612 0.999130249 -0.041607324 -6.672112465 -0.449402779 0.038398378 0.892503083 154.913330078
0.894938111 0.015298290 0.445928395 41.940776825 0.003206997 0.999165654 -0.040714156 -6.720650196 -0.446178734 0.037866749 0.894141793 155.638305664
0.896544218 0.015607241 0.442679584 42.293182373 0.002554365 0.999180257 -0.040400676 -6.764023781 -0.442946792 0.037351768 0.895768881 156.370407104
0.898475349 0.015834350 0.438738704 42.634700775 0.002022736 0.999189436 -0.040203661 -6.806946754 -0.439019203 0.037009463 0.897714555 157.088455200
0.900792241 0.013815339 0.434030831 42.982017517 0.003865796 0.999199033 -0.039827954 -6.848968506 -0.434232980 0.037554596 0.900016844 157.816665649
0.903051972 0.012332089 0.429354608 43.322147369 0.005237569 0.999197304 -0.039715413 -6.890764236 -0.429499239 0.038113862 0.902261972 158.547073364
0.904918134 0.012529264 0.425401717 43.664764404 0.004980593 0.999186277 -0.040023595 -6.935877800 -0.425556570 0.038336832 0.904118836 159.286926270
0.906927407 0.014481248 0.421038538 43.995868683 0.003037257 0.999158263 -0.040907513 -6.978441715 -0.421276093 0.038378946 0.906119466 160.020797729
0.908730209 0.015348371 0.417102247 44.327739716 0.002952228 0.999062240 -0.043195084 -7.018970966 -0.417373627 0.040484060 0.907832205 160.756561279
0.910201669 0.016483305 0.413837701 44.658103943 0.002188336 0.999002278 -0.044603709 -7.063738823 -0.414159596 0.041503984 0.909256995 161.495819092
0.911712766 0.017479427 0.410456836 44.984386444 0.001263244 0.998970449 -0.045347419 -7.110166073 -0.410826415 0.041862324 0.910751522 162.235519409
0.913256824 0.019230787 0.406930774 45.304908752 -0.001115801 0.998999536 -0.044706732 -7.151886940 -0.407382935 0.040374670 0.912364066 162.976272583
0.914665520 0.017149732 0.403848082 45.629726410 -0.000106090 0.999109685 -0.042187735 -7.194332600 -0.404211551 0.038544822 0.913852513 163.729110718
0.916060030 0.015283975 0.400750399 45.953941345 0.001052227 0.999178469 -0.040512327 -7.239101410 -0.401039869 0.037533406 0.915290833 164.482711792
0.917681038 0.016969174 0.396956027 46.275962830 -0.001016765 0.999184549 -0.040362861 -7.283761978 -0.397316754 0.036636621 0.916949391 165.244552612
0.919210851 0.016765341 0.393409282 46.599693298 -0.000479842 0.999140143 -0.041457739 -7.327835560 -0.393765539 0.037919629 0.918427885 166.010940552
0.921042681 0.016398713 0.389116883 46.909435272 0.000333526 0.999079525 -0.042894106 -7.370568275 -0.389461637 0.039637081 0.920188844 166.763153076
0.922672331 0.015792338 0.385262012 47.219387054 0.000498260 0.999111176 -0.042148057 -7.415037632 -0.385584712 0.039080802 0.921843886 167.526840210
0.924567044 0.017014699 0.380639881 47.519653320 -0.000723283 0.999078929 -0.042902272 -7.459321976 -0.381018788 0.039390713 0.923727274 168.278579712
0.926464856 0.019283347 0.375887543 47.821018219 -0.003238923 0.999058127 -0.043269452 -7.502349854 -0.376367420 0.038870156 0.925654173 169.047454834
0.928281844 0.017729901 0.371455014 48.128112793 -0.001552194 0.999038756 -0.043806106 -7.547147751 -0.371874213 0.040087841 0.927416563 169.823410034
0.930080533 0.017806957 0.366924256 48.425510406 -0.002151339 0.999071300 -0.043032080 -7.589825630 -0.367349327 0.039233919 0.929254591 170.597244263
0.931630254 0.019146593 0.362903267 48.722339630 -0.004399075 0.999132037 -0.041420616 -7.634087563 -0.363380879 0.036992259 0.930905402 171.376190186
0.933180511 0.017762655 0.358969450 49.018638611 -0.003752101 0.999204934 -0.039689049 -7.678154469 -0.359388590 0.035690155 0.932504714 172.163558960
0.935054064 0.018210158 0.354037821 49.307781219 -0.004625563 0.999221385 -0.039178975 -7.723582745 -0.354475200 0.034996837 0.934409738 172.943786621
0.936484516 0.016303623 0.350330234 49.597263336 -0.003056121 0.999260187 -0.038334005 -7.767718792 -0.350695640 0.034828555 0.935841143 173.738189697
0.937750757 0.015888292 0.346945822 49.882164001 -0.002679155 0.999254107 -0.038519192 -7.810945034 -0.347298652 0.035191882 0.937093496 174.522583008
0.939021111 0.017268678 0.343426108 50.162399292 -0.004316703 0.999251306 -0.038442872 -7.857325554 -0.343832433 0.034616202 0.938392222 175.304580688
0.940491259 0.016504619 0.339417398 50.442150116 -0.003499419 0.999237061 -0.038892724 -7.902114868 -0.339799970 0.035390507 0.939831078 176.094589233
0.942259252 0.015464842 0.334527642 50.720043182 -0.002731089 0.999254584 -0.038501851 -7.946393967 -0.334873319 0.035365105 0.941598713 176.886245728
0.943989038 0.014584488 0.329655021 50.994293213 -0.001899350 0.999246120 -0.038769446 -7.989795208 -0.329971582 0.035971802 0.943304718 177.682189941
0.945481718 0.015141290 0.325323731 51.262111664 -0.002297374 0.999203622 -0.039828390 -8.030643463 -0.325667411 0.036909621 0.944763124 178.479629517
0.946862578 0.015860651 0.321247995 51.532722473 -0.002953584 0.999169827 -0.040625498 -8.072234154 -0.321625322 0.037517924 0.946122885 179.286590576
0.948202968 0.017475840 0.317184836 51.790443420 -0.004805747 0.999160230 -0.040684022 -8.112011909 -0.317629158 0.037052393 0.947490275 180.079147339
0.949421585 0.017288683 0.313528627 52.049602509 -0.004859787 0.999172270 -0.040380370 -8.156812668 -0.313966960 0.036814306 0.948719382 180.884735107
0.950796247 0.017069161 0.309347034 52.306209564 -0.005088031 0.999206543 -0.039495930 -8.201377869 -0.309775472 0.035978608 0.950128257 181.685287476
0.951986969 0.016167596 0.305712014 52.561172485 -0.004731265 0.999261975 -0.038112912 -8.246233940 -0.306102365 0.034836583 0.951360464 182.494796753
0.952959180 0.014793038 0.302738190 52.812767029 -0.003557047 0.999285042 -0.037632369 -8.291288376 -0.303078234 0.034785248 0.952330053 183.301254272
0.953754961 0.014745331 0.300224096 53.056877136 -0.003537542 0.999277174 -0.037840862 -8.336466789 -0.300564885 0.035028845 0.953117311 184.102111816
0.954263806 0.014760532 0.298601955 53.300254822 -0.003260193 0.999234498 -0.038975503 -8.379110336 -0.298948497 0.036219403 0.953581035 184.894760132
0.954525948 0.014577352 0.297771752 53.546825409 -0.003112899 0.999236405 -0.038938850 -8.424665451 -0.298111826 0.036241204 0.953842103 185.700424194
0.954626203 0.013297101 0.297510326 53.787273407 -0.001714061 0.999231160 -0.039160326 -8.465287209 -0.297802150 0.036873516 0.953914583 186.479232788
0.954373121 0.013140865 0.298327923 54.032070160 -0.001962333 0.999285340 -0.037739303 -8.510402679 -0.298610508 0.035431951 0.953716457 187.280075073
0.954071760 0.011937619 0.299340606 54.275295258 -0.001096267 0.999337792 -0.036359280 -8.552965164 -0.299576283 0.034361202 0.953452706 188.076934814
0.953981221 0.009886948 0.299703777 54.518821716 0.000619231 0.999388814 -0.034940012 -8.593211174 -0.299865931 0.033517692 0.953391671 188.867767334
0.953981400 0.007075330 0.299782574 54.763088226 0.003546315 0.999385118 -0.034872312 -8.632959366 -0.299844861 0.034330647 0.953369379 189.653350830
0.953964531 0.006043920 0.299858868 55.007446289 0.004726199 0.999369502 -0.035179045 -8.678164482 -0.299882323 0.034976739 0.953334093 190.437301636
0.953982472 0.004665775 0.299826205 55.248954773 0.006571387 0.999313235 -0.036459692 -8.717309952 -0.299790293 0.036752168 0.953296244 191.210281372
0.954070389 0.004252723 0.299552351 55.489620209 0.007158966 0.999289811 -0.036988098 -8.757003784 -0.299496800 0.037433725 0.953361988 191.981750488
0.954026401 0.003170618 0.299705774 55.731678009 0.008094254 0.999306500 -0.036337513 -8.797598839 -0.299613059 0.037092831 0.953338742 192.759277344
0.954055965 0.001434319 0.299625099 55.969001770 0.009361169 0.999357402 -0.034591518 -8.839346886 -0.299482107 0.035807073 0.953428984 193.523681641
0.954060733 0.002016016 0.299606562 56.204753876 0.008527862 0.999389231 -0.033880744 -8.878409386 -0.299491793 0.034879278 0.953460336 194.274887085
0.953816235 0.002105239 0.300383389 56.435951233 0.008844472 0.999344826 -0.035088062 -8.918915749 -0.300260395 0.036124282 0.953172207 195.028945923
0.953756869 0.003870411 0.300554186 56.663452148 0.007888278 0.999250174 -0.037900053 -8.958829880 -0.300475419 0.038518276 0.953010678 195.768402100
0.953633785 0.004346273 0.300937980 56.887374878 0.008317614 0.999132931 -0.040787388 -8.998296738 -0.300854266 0.041399300 0.952770293 196.492568970
0.953337550 0.002565006 0.301895529 57.108207703 0.010786436 0.999035776 -0.042550012 -9.045387268 -0.301713556 0.043820888 0.952390194 197.202774048
0.952993751 0.002111557 0.302982599 57.331390381 0.011161231 0.999052048 -0.042068917 -9.088403702 -0.302784204 0.043473061 0.952066302 197.920623779
0.952650845 0.002803766 0.304053575 57.554603577 0.010250662 0.999092638 -0.041330002 -9.133411407 -0.303893536 0.042489801 0.951757193 198.631134033
0.952174187 0.000845693 0.305554658 57.783279419 0.011959013 0.999126554 -0.040032215 -9.175995827 -0.305321574 0.041771766 0.951331854 199.337768555
0.951580703 0.001792471 0.307393909 58.002944946 0.010851641 0.999163568 -0.039419115 -9.220692635 -0.307207435 0.040846188 0.950764775 200.031127930
0.950898290 0.002073752 0.309496552 58.222381592 0.010584462 0.999174476 -0.039214648 -9.262632370 -0.309322357 0.040564992 0.950090885 200.714523315
0.950206935 0.002919399 0.311605722 58.440986633 0.009809367 0.999180079 -0.039273825 -9.303607941 -0.311464816 0.040374912 0.949398816 201.388534546
0.949401557 0.002392076 0.314055413 58.658821106 0.009788807 0.999259531 -0.037203074 -9.344243050 -0.313911796 0.038394883 0.948674738 202.056045532
