1.000000000 0.000000000 0.000000000 0.000000000 0.000000000 1.000000000 0.000000000 0.000000000 0.000000000 0.000000000 1.000000000 0.000000000
0.999998093 0.001069290 0.001628306 -0.009541489 -0.001061709 0.999988616 -0.004649324 -0.002137500 -0.001633259 0.004647586 0.999987841 0.954614520
0.999996126 -0.001030394 0.002580106 -0.011609185 0.001044477 0.999984443 -0.005463116 -0.001027043 -0.002574437 0.005465789 0.999981761 1.911665678
0.999992788 -0.002581537 0.002767530 -0.016903788 0.002585425 0.999995589 -0.001402078 -0.002378469 -0.002763898 0.001409222 0.999995172 2.854918003
0.999984980 -0.005090919 0.002036535 -0.012665742 0.005081590 0.999976575 0.004559934 -0.005649633 -0.002059702 -0.004549518 0.999987483 3.811633110
0.999962628 -0.008629547 0.000545732 -0.007568519 0.008627001 0.999952495 0.004503012 -0.002762726 -0.000584565 -0.004498137 0.999989629 4.751280308
0.999939144 -0.011036832 -0.000151301 -0.015620261 0.011037070 0.999937534 0.001681992 -0.001759592 0.000132727 -0.001683561 0.999998510 5.671596050
0.999933124 -0.011537612 -0.000846012 -0.020626223 0.011536086 0.999931693 -0.001786543 -0.002126493 0.000866567 0.001776663 0.999997973 6.591056347
0.999934852 -0.011301328 -0.001640912 -0.028109955 0.011297408 0.999933243 -0.002377833 -0.003290633 0.001667674 0.002359139 0.999995768 7.517772198
0.999937773 -0.010842345 -0.002644545 -0.036774520 0.010841014 0.999940991 -0.000516337 -0.004591203 0.002649987 0.000487634 0.999996305 8.438215256
0.999939799 -0.010505185 -0.003184359 -0.047246978 0.010512928 0.999941707 0.002424782 -0.007415856 0.003158700 -0.002458114 0.999991953 9.354210854
0.999935925 -0.010583984 -0.004026199 -0.056846723 0.010599441 0.999936342 0.003837638 -0.004648252 0.003985324 -0.003880068 0.999984503 10.266208649
0.999918401 -0.011941687 -0.004545197 -0.065778308 0.011962997 0.999917328 0.004690922 -0.003467126 0.004488803 -0.004744915 0.999978662 11.176454544
0.999914408 -0.011946389 -0.005338124 -0.074174538 0.011971004 0.999917626 0.004603651 0.000447780 0.005282687 -0.004667161 0.999975145 12.077324867
0.999904633 -0.012433839 -0.006017851 -0.085003369 0.012453492 0.999917150 0.003239871 0.002727940 0.005977067 -0.003314506 0.999976635 12.983905792
0.999889374 -0.012832428 -0.007528488 -0.093800373 0.012842243 0.999916673 0.001257152 0.006165361 0.007511727 -0.001353697 0.999970853 13.885804176
0.999862492 -0.013973994 -0.008934235 -0.106452547 0.013973906 0.999902308 -0.000071896 0.006875960 0.008934366 -0.000052961 0.999960065 14.781589508
0.999850988 -0.013581921 -0.010657025 -0.119781926 0.013574995 0.999907494 -0.000721580 0.007149938 0.010665839 0.000576802 0.999942958 15.681350708
0.999851167 -0.012352822 -0.012046119 -0.141275883 0.012334915 0.999922574 -0.001559524 0.004634328 0.012064451 0.001410703 0.999926209 16.574914932
0.999849200 -0.010861496 -0.013548930 -0.163172483 0.010841330 0.999939859 -0.001560768 0.003380421 0.013565068 0.001413643 0.999906957 17.467609406
0.999825835 -0.011147355 -0.014970114 -0.180491805 0.011136745 0.999937534 -0.000791786 0.002476187 0.014978006 0.000624929 0.999887586 18.359952927
0.999812603 -0.010475407 -0.016278189 -0.203061104 0.010486191 0.999944687 0.000577447 0.001400007 0.016271239 -0.000748036 0.999867320 19.236686707
0.999795794 -0.010028982 -0.017542103 -0.225778446 0.010050031 0.999948740 0.001112441 0.002560278 0.017530045 -0.001288514 0.999845505 20.116092682
0.999758244 -0.010998691 -0.019036569 -0.246197045 0.011016810 0.999938846 0.000847450 0.003738631 0.019026080 -0.001056969 0.999818444 20.993736267
0.999728322 -0.010841855 -0.020628709 -0.267381519 0.010850099 0.999940991 0.000287966 0.007553823 0.020624368 -0.000511713 0.999787152 21.859518051
0.999703348 -0.010791288 -0.021828260 -0.289340913 0.010809585 0.999941230 0.000720637 0.006247593 0.021819197 -0.000956380 0.999761462 22.723163605
0.999679267 -0.010718578 -0.022937458 -0.312107682 0.010780721 0.999938428 0.002587457 0.007695535 0.022908309 -0.002833912 0.999733508 23.582530975
0.999643743 -0.012049750 -0.023810431 -0.333956689 0.012179965 0.999911487 0.005331540 0.010573544 0.023744078 -0.005619653 0.999702215 24.427183151
0.999632835 -0.011762207 -0.024405079 -0.359526366 0.011936032 0.999904215 0.006989236 0.011476273 0.024320532 -0.007277972 0.999677658 25.259731293
0.999623120 -0.011235763 -0.025043519 -0.385237485 0.011387277 0.999917567 0.005915803 0.012870207 0.024974983 -0.006198754 0.999668777 26.088335037
0.999618590 -0.009670019 -0.025865296 -0.413231283 0.009756072 0.999947131 0.003202979 0.018798292 0.025832955 -0.003454104 0.999660254 26.899448395
0.999603331 -0.009363939 -0.026557120 -0.440620661 0.009404601 0.999954641 0.001406730 0.023049446 0.026542744 -0.001655933 0.999646246 27.696300507
0.999583542 -0.008545551 -0.027559560 -0.467987090 0.008577882 0.999962509 0.001055217 0.023260921 0.027549509 -0.001291182 0.999619544 28.483556747
0.999549866 -0.008727869 -0.028701264 -0.496213973 0.008747411 0.999961495 0.000555464 0.021398252 0.028695308 -0.000806278 0.999587834 29.262475967
0.999493957 -0.008243837 -0.030719953 -0.524679363 0.008238442 0.999965966 -0.000302129 0.021009056 0.030721392 0.000048890 0.999527991 30.034576416
0.999431014 -0.008414035 -0.032660522 -0.554101169 0.008405715 0.999964595 -0.000391981 0.020535495 0.032662656 0.000117221 0.999466419 30.797044754
0.999365747 -0.008160529 -0.034660421 -0.583609998 0.008184136 0.999966323 0.000539315 0.024353527 0.034654845 -0.000822641 0.999399006 31.550960541
0.999280751 -0.009098152 -0.036809813 -0.613424003 0.009214305 0.999953032 0.002987146 0.021513686 0.036780901 -0.003324176 0.999317825 32.299240112
0.999207377 -0.008127184 -0.038965154 -0.645048380 0.008308082 0.999955416 0.004482951 0.021492464 0.038926978 -0.004803127 0.999230504 33.037918091
0.999141932 -0.006344494 -0.040925164 -0.676602006 0.006537202 0.999968112 0.004576740 0.025530383 0.040894814 -0.004840352 0.999151766 33.769477844
0.999073505 -0.003429762 -0.042895697 -0.711462021 0.003595043 0.999986410 0.003776609 0.026891641 0.042882152 -0.003927324 0.999072433 34.485801697
0.998998225 -0.001635801 -0.044716414 -0.748649478 0.001764477 0.999994397 0.002838365 0.034128308 0.044711515 -0.002914425 0.998995721 35.198623657
0.998929620 -0.001371371 -0.046232447 -0.785823524 0.001555603 0.999990940 0.003949242 0.039304361 0.046226609 -0.004016937 0.998922884 35.891368866
0.998871744 0.000048671 -0.047487397 -0.820053101 0.000227836 0.999983013 0.005817395 0.043185011 0.047486871 -0.005821654 0.998854876 36.578388214
0.998863578 0.002974152 -0.047566023 -0.858768821 -0.002673590 0.999976039 0.006381286 0.044072013 0.047583859 -0.006246866 0.998847663 37.251552582
0.998902261 0.006324014 -0.046412207 -0.897707641 -0.006129287 0.999971747 0.004336801 0.044836514 0.046438318 -0.004047570 0.998912930 37.912944794
0.998974741 0.008204018 -0.044519335 -0.937023520 -0.008153290 0.999965787 0.001321009 0.043057460 0.044528645 -0.000956678 0.999007642 38.558040619
0.999062479 0.008916126 -0.042361755 -0.969324946 -0.008948817 0.999959707 -0.000582077 0.046277370 0.042354856 0.000960617 0.999102116 39.195465088
0.999185264 0.010322290 -0.039013658 -1.000270247 -0.010324888 0.999946535 0.000134981 0.048685815 0.039012965 0.000267939 0.999238610 39.835018158
0.999242663 0.015144590 -0.035840590 -1.032677054 -0.015049478 0.999882340 0.002922150 0.047516603 0.035880625 -0.002380558 0.999353170 40.458168030
0.999297976 0.019511590 -0.031978801 -1.062130809 -0.019312823 0.999792159 0.006512811 0.045008019 0.032099228 -0.005890642 0.999467254 41.076072693
0.999313593 0.024675068 -0.027626701 -1.087813497 -0.024477767 0.999672472 0.007457345 0.047760427 0.027801659 -0.006775990 0.999590456 41.673393250
0.999347270 0.028437313 -0.022270525 -1.107487440 -0.028273994 0.999571085 0.007614434 0.052750185 0.022477502 -0.006979792 0.999722958 42.254196167
0.999344647 0.032289390 -0.016347503 -1.123947382 -0.032137085 0.999438226 0.009495248 0.058235589 0.016644908 -0.008963670 0.999821246 42.816783905
0.999260485 0.037182901 -0.009771362 -1.136795044 -0.037078075 0.999254942 0.010698433 0.059444685 0.010161871 -0.010328225 0.999894977 43.365489960
0.999175489 0.040504184 -0.002705116 -1.142893910 -0.040474128 0.999126613 0.010368642 0.060660075 0.003122715 -0.010250614 0.999942541 43.894077301
0.999019563 0.044019163 0.004659284 -1.146901488 -0.044065442 0.998974919 0.010345680 0.060917825 -0.004199113 -0.010540858 0.999935567 44.395179749
0.998747587 0.048537176 0.012122113 -1.145170450 -0.048656713 0.998767614 0.009768547 0.066942140 -0.011633052 -0.010346143 0.999878764 44.883586884
0.998411655 0.052781880 0.019691307 -1.141592741 -0.052930377 0.998572826 0.007097362 0.066566013 -0.019288611 -0.008128364 0.999780834 45.344619751
0.998113692 0.054791063 0.027685482 -1.131438255 -0.054920305 0.998482823 0.003929134 0.069184728 -0.027428219 -0.005442224 0.999608815 45.786445618
0.997840703 0.055269890 0.035477515 -1.115982175 -0.055437032 0.998454988 0.003744246 0.068887576 -0.035215780 -0.005702935 0.999363303 46.201560974
0.997556627 0.054672517 0.043487288 -1.095327973 -0.054942336 0.998476744 0.005032816 0.070961729 -0.043145906 -0.007409819 0.999041140 46.604591370
0.997093558 0.056218822 0.051413245 -1.074528337 -0.056587316 0.998381078 0.005738830 0.071237840 -0.051007401 -0.008631496 0.998660862 46.979293823
0.996425331 0.059281573 0.060180306 -1.054458499 -0.059746277 0.998195767 0.005950442 0.070797957 -0.059718996 -0.009524727 0.998169720 47.330718994
0.995574892 0.063919522 0.068879671 -1.033850074 -0.064448982 0.997905850 0.005489923 0.067417391 -0.068384536 -0.009904861 0.997609794 47.655117035
0.994687915 0.067520313 0.077694476 -1.008953571 -0.068159468 0.997658610 0.005601352 0.064062886 -0.077134378 -0.010867217 0.996961474 47.953121185
0.993957222 0.066799298 0.087099388 -0.980317950 -0.067607336 0.997691631 0.006357381 0.060852155 -0.086473688 -0.012207530 0.996179342 48.230556488
0.993062496 0.065540269 0.097625501 -0.944298089 -0.066318579 0.997787118 0.004745558 0.054886848 -0.097098462 -0.011187027 0.995211959 48.492179871
0.991917968 0.064283922 0.109388061 -0.904534936 -0.064700238 0.997904599 0.000257201 0.053461779 -0.109142341 -0.007332560 0.993999124 48.756671906
0.990296721 0.065077357 0.122787729 -0.870214164 -0.065103702 0.997871161 -0.003801714 0.053315334 -0.122773774 -0.004229113 0.992425740 49.013046265
0.988139808 0.066935353 0.138198480 -0.827537835 -0.066758737 0.997751534 -0.005917903 0.048548415 -0.138283893 -0.003378241 0.990386963 49.264633179
0.985638738 0.068531863 0.154334441 -0.779119134 -0.068242773 0.997642815 -0.007176384 0.044677410 -0.154462516 -0.003458890 0.987992704 49.512744904
0.982808113 0.069105171 0.171207815 -0.725528955 -0.068683967 0.997603059 -0.008389443 0.040136404 -0.171377257 -0.003514020 0.985199332 49.758693695
0.979557335 0.068276882 0.189222410 -0.667161465 -0.067705870 0.997660100 -0.009487821 0.035421543 -0.189427510 -0.003517605 0.981888533 49.992336273
0.975712359 0.067279458 0.208466321 -0.601582408 -0.066715568 0.997724354 -0.009743118 0.027868623 -0.208647519 -0.004401471 0.977981150 50.219997406
0.971184373 0.067462184 0.228580728 -0.530657113 -0.066697903 0.997711658 -0.011076212 0.024586271 -0.228804961 -0.004488815 0.973462105 50.458343506
0.965861976 0.069469675 0.249567613 -0.455469161 -0.068278365 0.997575760 -0.013438256 0.022536373 -0.249896213 -0.004060569 0.968264282 50.699287415
0.959624112 0.070801064 0.272228062 -0.372335851 -0.069148481 0.997483253 -0.015671773 0.019283051 -0.272652596 -0.003785147 0.962105215 50.938663483
0.952301562 0.071878806 0.296570957 -0.280520141 -0.070015617 0.997402489 -0.016913578 0.014304364 -0.297016412 -0.004657770 0.954861164 51.178836823
0.943737209 0.074627601 0.322164327 -0.181614786 -0.072735317 0.997190118 -0.017925091 0.008633941 -0.322596878 -0.006516149 0.946514189 51.422229767
0.933815956 0.076739237 0.349425018 -0.077275008 -0.074782431 0.997016668 -0.019109160 0.000960871 -0.349849105 -0.008286415 0.936769605 51.656646729
0.922599792 0.077500291 0.377891898 0.036961079 -0.075339511 0.996946633 -0.020522757 -0.010286154 -0.378328741 -0.009535901 0.925622404 51.884548187
0.909943223 0.075653404 0.407773167 0.170512304 -0.072701007 0.997094035 -0.022757085 -0.020624518 -0.408310026 -0.008937865 0.912799835 52.110218048
0.895045638 0.072981335 0.439961433 0.315024972 -0.068700992 0.997306883 -0.025670929 -0.029110596 -0.440650284 -0.007249139 0.897649825 52.334278107
0.877701521 0.072522402 0.473687112 0.469859987 -0.066097900 0.997355223 -0.030223142 -0.035855737 -0.474626422 -0.004782828 0.880174637 52.557483673
0.858134985 0.074512623 0.507987380 0.628921449 -0.065581441 0.997215867 -0.035487853 -0.046639457 -0.509217680 -0.002861181 0.860633254 52.771121979
0.836321294 0.076398790 0.542889416 0.801202357 -0.065041721 0.997075677 -0.040117826 -0.057972156 -0.544367135 -0.001759071 0.838845491 52.984432220
0.811672390 0.079462208 0.578681827 0.992803097 -0.066251092 0.996834219 -0.043955784 -0.069285192 -0.580343068 -0.002660608 0.814368069 53.208641052
0.784217179 0.083461940 0.614846706 1.201087713 -0.069115937 0.996495485 -0.047113344 -0.081261218 -0.616624475 -0.005548613 0.787238181 53.438632965
0.754291356 0.087763920 0.650646627 1.432273865 -0.072678559 0.996096075 -0.050104659 -0.096683651 -0.652504265 -0.009494546 0.757725954 53.672073364
0.721329391 0.089034274 0.686844766 1.683632135 -0.072553992 0.995960236 -0.052907445 -0.113862112 -0.688781023 -0.011669633 0.724875927 53.895530701
0.684896767 0.086878531 0.723441362 1.966737747 -0.069127724 0.996135414 -0.054181810 -0.132656857 -0.725353301 -0.012900905 0.688256383 54.116996765
0.645929217 0.085768223 0.758563221 2.278887272 -0.066408686 0.996214747 -0.056090504 -0.151849896 -0.760503173 -0.014144688 0.649180651 54.337387085
0.603519857 0.085571930 0.792742133 2.608363390 -0.064414158 0.996207416 -0.058495820 -0.168982938 -0.794741690 -0.015760429 0.606743693 54.552021027
0.557556868 0.085520416 0.825721145 2.962648630 -0.060726430 0.996216238 -0.062173922 -0.188293070 -0.827914596 -0.015477599 0.560641229 54.754978180
0.509726167 0.084426679 0.856183469 3.343964815 -0.057438046 0.996292591 -0.064046934 -0.213751674 -0.858417213 -0.016531106 0.512686372 54.941261292
0.461221695 0.082492076 0.883441210 3.746421814 -0.055582128 0.996399462 -0.064021587 -0.240525872 -0.885542333 -0.019575404 0.464146793 55.118068695
0.411659718 0.080277123 0.907794356 4.172924519 -0.055340912 0.996476471 -0.063023709 -0.266920656 -0.909655869 -0.024293851 0.414652467 55.281913757
0.361538023 0.079882689 0.928928256 4.611875534 -0.058061652 0.996318102 -0.063080214 -0.289130092 -0.930547893 -0.031129224 0.364845574 55.432804108
0.312349230 0.080193393 0.946575761 5.067570210 -0.055701420 0.996262193 -0.066022478 -0.314184815 -0.948333085 -0.032103557 0.315649182 55.560115814
0.265446961 0.077060878 0.961040199 5.553322315 -0.044288911 0.996722937 -0.067689061 -0.345654428 -0.963107884 -0.024595574 0.267990530 55.655212402
0.221482962 0.071548134 0.972535312 6.057741165 -0.030721428 0.997321606 -0.066375121 -0.374015898 -0.974680483 -0.015176714 0.223088264 55.727802277
0.179443732 0.070763089 0.981219292 6.572370052 -0.021326713 0.997455001 -0.068033688 -0.401144564 -0.983537316 -0.008717958 0.180496603 55.785221100
0.141136080 0.072533481 0.987328827 7.085002422 -0.017426113 0.997339845 -0.070777819 -0.422347963 -0.989837110 -0.007215993 0.142024994 55.837284088
0.108533986 0.073235638 0.991390705 7.634246826 -0.008366182 0.997314572 -0.072757237 -0.462048262 -0.994057834 -0.000397508 0.108855568 55.876285553
0.079712540 0.071653225 0.994238615 8.187464714 -0.001131957 0.997419059 -0.071791574 -0.503210723 -0.996817529 0.004597273 0.079588220 55.897743225
0.054901749 0.069965512 0.996036768 8.756794930 0.006208217 0.997498870 -0.070410296 -0.540112436 -0.998472750 0.010049286 0.054330353 55.912437439
0.034973115 0.069147915 0.996992528 9.335736275 0.010999021 0.997516453 -0.069569975 -0.571608901 -0.999328017 0.013399050 0.034125961 55.919872284
0.019129094 0.070988774 0.997293055 9.919697762 0.013808199 0.997362316 -0.071258456 -0.605346262 -0.999722004 0.015133961 0.018098660 55.920364380
0.005726183 0.070592172 0.997488201 10.505800247 0.014590767 0.997393072 -0.070669100 -0.645169199 -0.999877512 0.014958811 0.004681500 55.915546417
-0.005757616 0.071543954 0.997420251 11.105920792 0.015620963 0.997322083 -0.071446650 -0.683730781 -0.999861777 0.015169330 -0.006859556 55.908576965
-0.014831235 0.074469775 0.997112393 11.726486206 0.020289758 0.997039735 -0.074162461 -0.722248971 -0.999684513 0.019131282 -0.016298085 55.894741058
-0.021337317 0.076497637 0.996840835 12.349888802 0.024491880 0.996809185 -0.075970866 -0.759393811 -0.999472618 0.022793530 -0.023142591 55.875003815
-0.025887024 0.075963192 0.996773958 12.990744591 0.024780689 0.996851087 -0.075325392 -0.798105121 -0.999358058 0.022750832 -0.027687719 55.856388092
-0.029605079 0.073234431 0.996874690 13.640944481 0.022411913 0.997110367 -0.072586052 -0.838805854 -0.999310791 0.020192984 -0.031160649 55.844699860
-0.032180771 0.066479281 0.997268140 14.311302185 0.020235069 0.997624397 -0.065849960 -0.879048824 -0.999277651 0.018060716 -0.033449326 55.829975128
-0.033421267 0.060870316 0.997585416 14.988676071 0.021369409 0.997959018 -0.060177084 -0.916160643 -0.999213338 0.019306647 -0.034653608 55.809677124
-0.033918727 0.058378682 0.997717500 15.675724983 0.023959223 0.998053193 -0.057583690 -0.955438137 -0.999137819 0.021951403 -0.035251193 55.782836914
-0.033615023 0.060574990 0.997596860 16.363721848 0.027125137 0.997849166 -0.059676200 -0.998421848 -0.999067128 0.025053969 -0.035185616 55.754600525
-0.032791533 0.068136811 0.997136295 17.057100296 0.027692985 0.997352362 -0.067240767 -1.035069227 -0.999078929 0.025408791 -0.034591410 55.732936859
-0.030637914 0.076151110 0.996624827 17.760877609 0.028332449 0.996758997 -0.075290278 -1.074446321 -0.999129355 0.025930125 -0.032695949 55.711864471
-0.028539645 0.076924369 0.996627748 18.471069336 0.028949840 0.996679783 -0.076099284 -1.115815163 -0.999173760 0.026680406 -0.030671617 55.695781708
-0.026378077 0.072683670 0.997005522 19.203765869 0.028199267 0.997010291 -0.071937859 -1.160863400 -0.999254584 0.026217280 -0.028348619 55.681957245
-0.023951143 0.066219039 0.997516990 19.939382553 0.027535794 0.997468889 -0.065554611 -1.211991310 -0.999334216 0.025897350 -0.025713688 55.668403625
-0.021161672 0.064790264 0.997673869 20.673751831 0.025504407 0.997608066 -0.064244941 -1.257023096 -0.999451041 0.024085583 -0.022763263 55.662254333
-0.017640110 0.070131056 0.997381151 21.399806976 0.033105981 0.997030914 -0.069520824 -1.303008318 -0.999296486 0.031792969 -0.019909261 55.642284393
-0.014421390 0.075805403 0.997017682 22.133289337 0.034611862 0.996562243 -0.075270042 -1.348005056 -0.999297082 0.033423185 -0.016995344 55.631568909
-0.011987270 0.076435313 0.997001827 22.865303040 0.028522817 0.996694505 -0.076068714 -1.394110918 -0.999521554 0.027525483 -0.014127559 55.637290955
-0.008961510 0.072905578 0.997297943 23.594123840 0.023799645 0.997071683 -0.072675079 -1.444434404 -0.999676883 0.023084087 -0.010670152 55.644805908
-0.004150096 0.069173351 0.997595429 24.322904587 0.027763028 0.997228026 -0.069032282 -1.500449538 -0.999606192 0.027409811 -0.006058807 55.639587402
-0.000542259 0.070215203 0.997531116 25.053041458 0.032394469 0.997009575 -0.070160776 -1.553141594 -0.999475300 0.032276485 -0.002814972 55.635269165
0.002143133 0.074885897 0.997189224 25.787923813 0.031905100 0.996679306 -0.074916072 -1.602283478 -0.999488831 0.031976014 -0.000252974 55.640792847
0.006013579 0.075647339 0.997115910 26.505649567 0.028233550 0.996724188 -0.075787790 -1.649078250 -0.999583483 0.028607914 0.003858341 55.657497406
0.009466311 0.075286075 0.997116387 27.253013611 0.027303791 0.996770501 -0.075519055 -1.702071071 -0.999582589 0.027939981 0.007380401 55.675312042
0.013064640 0.072283678 0.997297883 27.997922897 0.031197911 0.996868670 -0.072661132 -1.753774643 -0.999428034 0.032062940 0.010768890 55.683990479
0.016747154 0.072800502 0.997205198 28.736522675 0.035520397 0.996672988 -0.073358044 -1.806461215 -0.999228776 0.036649708 0.014105794 55.692050934
0.020292263 0.073734805 0.997070670 29.472229004 0.038236760 0.996490002 -0.074469917 -1.858038664 -0.999062777 0.039635964 0.017401921 55.704334259
0.022947019 0.073818453 0.997006893 30.210870743 0.038565170 0.996462762 -0.074665636 -1.904993534 -0.998992682 0.040163148 0.020019293 55.725379944
0.026359828 0.072335638 0.997031152 30.963462830 0.039807037 0.996511638 -0.073350228 -1.958201289 -0.998859704 0.041622411 0.023388676 55.748882294
0.030039448 0.071448348 0.996991038 31.710405350 0.041631479 0.996487200 -0.072666444 -2.012449980 -0.998681366 0.043689128 0.026959697 55.770374298
0.032817446 0.072009541 0.996863067 32.445446014 0.039656278 0.996522129 -0.073290266 -2.062008619 -0.998674333 0.041937135 0.029847952 55.801567078
0.035911083 0.073701546 0.996632695 33.185062408 0.036780827 0.996503890 -0.075017162 -2.113021612 -0.998677850 0.039350979 0.033075005 55.834354401
0.038480502 0.073736303 0.996534228 33.934169769 0.038328145 0.996431172 -0.075208530 -2.164751291 -0.998523951 0.041089434 0.035517272 55.865760803
0.041203599 0.073732026 0.996425688 34.688186646 0.035962287 0.996518016 -0.075225800 -2.213589907 -0.998503327 0.038933381 0.038408834 55.901054382
0.043397352 0.074069910 0.996307433 35.441261292 0.034250896 0.996551454 -0.075579807 -2.265793324 -0.998470545 0.037404448 0.040711015 55.941841125
0.046045355 0.074303642 0.996171117 36.192180634 0.031051477 0.996641517 -0.075773850 -2.317881107 -0.998456478 0.034421679 0.043583758 55.985778809
0.049308382 0.076177850 0.995873332 36.949878693 0.029625319 0.996537030 -0.077695288 -2.370533228 -0.998344064 0.033334155 0.046881117 56.028774261
0.052592326 0.079705037 0.995429158 37.704914093 0.028422110 0.996286511 -0.081275180 -2.427559614 -0.998211384 0.032566708 0.050131921 56.072772980
0.056029078 0.081891015 0.995064139 38.466541290 0.028375434 0.996097684 -0.083573654 -2.485459089 -0.998025715 0.032917995 0.053487021 56.117355347
0.058703132 0.084282488 0.994710267 39.236324310 0.022126110 0.996075094 -0.085703760 -2.542594194 -0.998030126 0.027040208 0.056608170 56.175102234
0.061402187 0.083572179 0.994607210 40.010211945 0.018541889 0.996221125 -0.084852330 -2.601406336 -0.997940719 0.023652077 0.059620861 56.230415344
0.065206528 0.084134787 0.994317651 40.778961182 0.020478748 0.996116638 -0.085629851 -2.664129496 -0.997661471 0.025946066 0.063230634 56.284473419
0.068994440 0.085301228 0.993962586 41.557937622 0.019477049 0.996032834 -0.086830720 -2.730607271 -0.997426748 0.025350356 0.067059606 56.340793610
0.072526678 0.086360969 0.993619561 42.338886261 0.015051495 0.996036112 -0.087669507 -2.792336702 -0.997252762 0.021313898 0.070939623 56.409473419
0.076750360 0.084668860 0.993447900 43.134391785 0.013812641 0.996202111 -0.085970573 -2.853109121 -0.996954560 0.020320470 0.075289674 56.469173431
0.081636891 0.084414251 0.993079960 43.927997589 0.014336024 0.996204436 -0.085858203 -2.920416832 -0.996558905 0.021246074 0.080117173 56.539276123
0.086812086 0.088137984 0.992317200 44.718021393 0.010911731 0.995935023 -0.089413784 -2.984790802 -0.996164799 0.018590152 0.085497767 56.613407135
0.092848733 0.096667327 0.990975559 45.508277893 0.009030847 0.995153487 -0.097920872 -3.052402496 -0.995639086 0.018041236 0.091526069 56.695301056
0.100009255 0.101351544 0.989810109 46.296295166 0.007180169 0.994699359 -0.102577522 -3.124567032 -0.994960368 0.017365765 0.098751754 56.783508301
0.107470274 0.104378678 0.988712966 47.088573456 0.003109553 0.994433761 -0.105320491 -3.197738886 -0.994203210 0.014393337 0.106547832 56.875331879
0.114322610 0.102968276 0.988092065 47.898822784 -0.001057023 0.994626403 -0.103526771 -3.272682190 -0.993442893 0.010791072 0.113817461 56.980930328
0.121793538 0.101482674 0.987352908 48.696338654 -0.001363082 0.994775832 -0.102077343 -3.346938848 -0.992554247 0.011086574 0.121295936 57.086116791
0.128942356 0.098250724 0.986771941 49.502235413 -0.001640819 0.995099723 -0.098865375 -3.413985252 -0.991650462 0.011128874 0.128472060 57.207408905
0.136506230 0.092805915 0.986281574 50.303348541 -0.003165931 0.995638072 -0.093248047 -3.484820127 -0.990633845 0.009606492 0.136204973 57.331390381
0.143542588 0.085698105 0.985925794 51.106937408 -0.005659521 0.996298552 -0.085775651 -3.547128677 -0.989627600 0.006732640 0.143496647 57.461555481
0.151278675 0.083017699 0.984998047 51.915340424 -0.004952197 0.996518373 -0.083227992 -3.612524271 -0.988478422 0.007712764 0.151163459 57.593551636
0.158673510 0.084822431 0.983679950 52.711948395 -0.005412208 0.996362746 -0.085042939 -3.683533669 -0.987315893 0.008170233 0.158555821 57.721748352
0.164614514 0.091415584 0.982111752 53.488922119 -0.004637485 0.995756865 -0.091908261 -3.746525288 -0.986346722 0.010574958 0.164340332 57.854946136
0.169627979 0.094933592 0.980924129 54.265167236 -0.006162343 0.995432436 -0.095271945 -3.815817833 -0.985488474 0.010116051 0.169438556 57.997055054
0.174631640 0.097845286 0.979759276 55.034992218 -0.007583929 0.995154679 -0.098030895 -3.889856815 -0.984604120 0.009688926 0.174527898 58.142036438
0.179954410 0.097426392 0.978837371 55.793365479 -0.009809327 0.995211601 -0.097252637 -3.958676577 -0.983625531 0.007899358 0.180048749 58.286266327
0.185267389 0.094474271 0.978135288 56.546504974 -0.005830606 0.995456338 -0.095042735 -4.029304504 -0.982670367 0.011905251 0.184976771 58.430603027
0.189786986 0.087842882 0.977886796 57.305500031 -0.005207875 0.996065915 -0.088465020 -4.099296570 -0.981810987 0.011696847 0.189498141 58.580451965
0.192991287 0.081496112 0.977809191 58.050998688 -0.007019116 0.996634245 -0.081679568 -4.169398308 -0.981174827 0.008900139 0.192914069 58.738780975
0.196110085 0.078227475 0.977455556 58.791694641 -0.010704787 0.996924460 -0.077637710 -4.232119560 -0.980522931 0.004762134 0.196344674 58.898647308
0.199225277 0.078212939 0.976826549 59.517379761 -0.012183755 0.996930778 -0.077337600 -4.291302681 -0.979877472 0.003506239 0.199567080 59.057094574
0.201217785 0.080298878 0.976248741 60.230617523 -0.014158596 0.996768892 -0.079068288 -4.348580360 -0.979443669 0.002087684 0.201704904 59.212833405
0.202580750 0.084661625 0.975598037 60.921394348 -0.018189084 0.996409535 -0.082690559 -4.405236721 -0.979096115 -0.000993669 0.203393653 59.368396759
0.204533651 0.088840060 0.974818707 61.609497070 -0.019356668 0.996045530 -0.086713061 -4.462804317 -0.978667617 -0.001133451 0.205444828 59.522125244
0.206545740 0.093957894 0.973914206 62.292465210 -0.020192310 0.995576203 -0.091765232 -4.530377865 -0.978228092 -0.000711806 0.207529604 59.675765991
0.208122045 0.096013762 0.973378003 62.964874268 -0.019384848 0.995380044 -0.094039142 -4.587899685 -0.977910280 0.000702889 0.209022090 59.825618744
0.209375918 0.096067540 0.973103762 63.631134033 -0.022057686 0.995373309 -0.093519911 -4.647485256 -0.977585971 -0.001883544 0.210526586 59.980659485
0.209804460 0.092984237 0.973310888 64.290412903 -0.022089286 0.995664597 -0.090358116 -4.710583687 -0.977493346 -0.002542152 0.210949197 60.131320953
0.210544020 0.090415426 0.973393261 64.935653687 -0.021988414 0.995900095 -0.087749802 -4.770590782 -0.977336586 -0.002928125 0.211669296 60.274711609
0.210478321 0.089147322 0.973524392 65.579063416 -0.020821149 0.996016622 -0.086705253 -4.824765682 -0.977376342 -0.002020269 0.211496457 60.414005280
0.208942786 0.088530913 0.973911405 66.206039429 -0.021240633 0.996069968 -0.085988082 -4.881335258 -0.977696717 -0.002719853 0.210002512 60.552116394
0.207286671 0.089335680 0.974191785 66.817741394 -0.022466103 0.995994031 -0.086554572 -4.936680317 -0.978021860 -0.003944629 0.208463743 60.687145233
0.205140218 0.092115901 0.974387228 67.416961670 -0.023182176 0.995739341 -0.089253746 -4.993038177 -0.978457570 -0.004278829 0.206402063 60.815956116
0.203084648 0.095900148 0.974452734 68.009468079 -0.021265062 0.995389700 -0.093528695 -5.049706459 -0.978929818 -0.001727496 0.204188123 60.938747406
0.201493040 0.096335784 0.974740148 68.597732544 -0.018991446 0.995348990 -0.094446674 -5.101830959 -0.979305327 0.000518682 0.202385888 61.057140350
0.199269965 0.095406719 0.975288391 69.186172485 -0.019818500 0.995438337 -0.093328446 -5.151552677 -0.979743719 -0.000731139 0.200252220 61.179981232
0.196806848 0.092484355 0.976069689 69.767990112 -0.019900100 0.995713055 -0.090332963 -5.202952385 -0.980239809 -0.001645685 0.197804019 61.299770355
0.194672704 0.088605821 0.976857126 70.335731506 -0.019622043 0.996064365 -0.086437494 -5.257956505 -0.980671525 -0.002340859 0.195645556 61.414466858
0.193183243 0.087533511 0.977249444 70.900398254 -0.015518953 0.996160805 -0.086159490 -5.310889244 -0.981039464 0.001478736 0.193800405 61.521137238
0.191519186 0.088877887 0.977455616 71.447090149 -0.011687429 0.996027827 -0.088276476 -5.358444214 -0.981418788 0.005482751 0.191797569 61.623489380
0.189106569 0.090931438 0.977736413 71.995422363 -0.007543598 0.995808721 -0.091153026 -5.403353691 -0.981927097 0.009862042 0.189000294 61.724094391
0.187452197 0.092951715 0.977865040 72.539215088 -0.008091998 0.995625377 -0.093088590 -5.447414398 -0.982239902 0.009536836 0.187384695 61.829109192
0.186244085 0.095652618 0.977835476 73.075790405 -0.008405035 0.995368719 -0.095766716 -5.494761467 -0.982467055 0.009617303 0.186185867 61.933315277
0.184918851 0.094116569 0.978235960 73.620399475 -0.006769234 0.995502412 -0.094498023 -5.545932293 -0.982729971 0.010852617 0.184724614 62.038101196
0.185842767 0.092627235 0.978202999 74.164718628 -0.000564417 0.995557010 -0.094163112 -5.589550972 -0.982578874 0.016947478 0.185069710 62.133750916
0.188623026 0.090529472 0.977867186 74.716773987 0.004772256 0.995646119 -0.093095787 -5.636062145 -0.982037544 0.022226697 0.187370092 62.229591370
0.190594718 0.089878291 0.977544904 75.261917114 0.007512829 0.995637596 -0.093006410 -5.684476852 -0.981639683 0.025070714 0.189088345 62.337806702
0.193895340 0.089518994 0.976928592 75.809257507 0.004947578 0.995726466 -0.092223309 -5.736423016 -0.981009364 0.022715155 0.192624152 62.453029633
0.199390143 0.090135254 0.975765169 76.355506897 0.003867597 0.995680928 -0.092765108 -5.785969734 -0.979912162 0.022270370 0.198180705 62.572689056
0.205943644 0.089110442 0.974497318 76.912673950 0.004924470 0.995738626 -0.092093341 -5.831773281 -0.978551090 0.023764975 0.204627559 62.691867828
0.213673443 0.089601383 0.972786546 77.479408264 0.003194744 0.995715857 -0.092414923 -5.873131275 -0.976899564 0.022854473 0.212472111 62.821777344
0.222036257 0.087468624 0.971106350 78.051765442 0.003737565 0.995884836 -0.090554848 -5.920739174 -0.975030899 0.023736086 0.220795944 62.963512421
0.230866015 0.087143771 0.969074368 78.630104065 0.000189936 0.995977461 -0.089608103 -5.973395824 -0.972985148 0.020871583 0.229921132 63.115211487
0.240445852 0.086908750 0.966763198 79.210937500 -0.000947674 0.996004581 -0.089301594 -6.022531033 -0.970661640 0.020556075 0.239567861 63.271636963
0.250033200 0.090852730 0.963964522 79.796524048 -0.006380694 0.995721340 -0.092190593 -6.069943428 -0.968215764 0.016900001 0.249543428 63.439010620
0.259697586 0.093062289 0.961194575 80.386398315 -0.009842383 0.995549440 -0.093729123 -6.118933201 -0.965639353 0.014880837 0.259458095 63.606090546
0.270505011 0.095797546 0.957939625 80.981605530 -0.013999273 0.995323420 -0.095582768 -6.170840740 -0.962616324 0.012445217 0.270581424 63.786903381
0.280776739 0.097518519 0.954805195 81.589347839 -0.015320239 0.995153785 -0.097134158 -6.227887630 -0.959650278 0.012645229 0.280910403 63.974597931
0.290627509 0.098247007 0.951778114 82.208686829 -0.018567497 0.995106697 -0.097049803 -6.286602974 -0.956655502 0.010533266 0.291029960 64.176887512
0.300982267 0.098570071 0.948520958 82.831726074 -0.019494802 0.995072186 -0.097221456 -6.344630718 -0.953429818 0.010770767 0.301421076 64.386047363
0.311082244 0.099598669 0.945148826 83.472900391 -0.024020538 0.995000064 -0.096945755 -6.402040482 -0.950078726 0.007455180 0.311919659 64.608314514
0.321684867 0.094696887 0.942098558 84.135734558 -0.023403430 0.995477676 -0.092071004 -6.456268311 -0.946556866 0.007569567 0.322446704 64.839706421
0.332527757 0.087610491 0.939014435 84.794136047 -0.019818299 0.996105313 -0.085918799 -6.511175632 -0.942884624 0.009960772 0.332969338 65.075653076
0.343397737 0.083154336 0.935500801 85.448059082 -0.018074514 0.996473789 -0.081939228 -6.567349434 -0.939015567 0.011229076 0.343690127 65.332916260
0.353751540 0.080009162 0.931910276 86.119888306 -0.018901818 0.996743083 -0.078400128 -6.618894100 -0.935147822 0.010119420 0.354112059 65.592231750
0.363378942 0.077521071 0.928409696 86.808898926 -0.012783433 0.996853471 -0.078232460 -6.666678905 -0.931553125 0.016559819 0.363226891 65.856216431
0.372236073 0.072150216 0.925328553 87.505065918 -0.006497156 0.997152448 -0.075136691 -6.714558601 -0.928114712 0.021956639 0.371645212 66.124153137
0.379380018 0.062486473 0.923127592 88.217575073 0.002882287 0.997632623 -0.068714075 -6.764807701 -0.925235808 0.028729519 0.378302127 66.406204224
0.386670738 0.057994213 0.920391619 88.956848145 0.008469688 0.997755706 -0.066427022 -6.815782070 -0.922178328 0.033480864 0.385312051 66.703117371
0.393953055 0.058242671 0.917282403 89.653221130 0.009967453 0.997661293 -0.067626938 -6.869003296 -0.919075906 0.035784859 0.392451495 67.005187988
0.401348501 0.064368881 0.913659811 90.364585876 0.012480386 0.997050941 -0.075726077 -6.914477825 -0.915839791 0.041795429 0.399361849 67.317665100
0.408704430 0.068631813 0.910081625 91.070449829 0.016260011 0.996463120 -0.082448043 -6.959127426 -0.912521303 0.048494872 0.406143248 67.624320984
0.413830847 0.070739910 0.907600224 91.770652771 0.014289916 0.996349156 -0.084172636 -7.021871567 -0.910240948 0.047802817 0.411309451 67.957336426
0.418345541 0.072274297 0.905406892 92.452941895 0.007467696 0.996522188 -0.082997903 -7.081867218 -0.908256531 0.041483156 0.416351199 68.282341003
0.422189653 0.075938709 0.903320253 93.137588501 0.000864764 0.996451318 -0.084171906 -7.147854328 -0.906506419 0.036317714 0.420626104 68.623634338
0.426129311 0.079006031 0.901204884 93.821907043 0.000056403 0.996177375 -0.087358519 -7.211912632 -0.904661596 0.037276898 0.424496233 68.958801270
0.430035681 0.083256431 0.898963869 94.494628906 -0.003314138 0.995878100 -0.090646498 -7.278677464 -0.902805150 0.036001984 0.428539366 69.294372559
0.433328927 0.086344056 0.897089243 95.153068542 -0.006444466 0.995671868 -0.092719473 -7.342507362 -0.901212215 0.034396812 0.432010174 69.628402710
0.437209517 0.084772460 0.895354629 95.803527832 -0.007607376 0.995861113 -0.090573572 -7.410401821 -0.899326921 0.032788366 0.436045170 69.957214355
0.441042364 0.081877202 0.893742800 96.452987671 -0.006979376 0.996113062 -0.087811217 -7.475619316 -0.897458613 0.032490734 0.439899862 70.288726807
0.444379210 0.079293564 0.892321765 97.085792542 -0.007550975 0.996371508 -0.084779114 -7.540617943 -0.895806372 0.030936209 0.443365872 70.613014221
0.447981387 0.078249596 0.890611112 97.712936401 -0.008569490 0.996492863 -0.083241820 -7.605688572 -0.894001186 0.029658737 0.447081178 70.938949585
0.451112390 0.080199562 0.888855517 98.319366455 -0.010961429 0.996377289 -0.084337749 -7.664705753 -0.892399132 0.028302711 0.450357586 71.258789062
0.453877687 0.080710888 0.887400329 98.922599792 -0.010304786 0.996298552 -0.085344702 -7.724003792 -0.891003728 0.029591618 0.453029752 71.571121216
0.456096619 0.078920074 0.886423171 99.523323059 -0.008308892 0.996394634 -0.084435709 -7.777915955 -0.889890790 0.031145681 0.455108345 71.878540039
0.457736641 0.077666514 0.885688245 100.109397888 -0.006399163 0.996439517 -0.084071055 -7.836193562 -0.889064074 0.032814771 0.456604302 72.187561035
0.459515005 0.077666029 0.884766936 100.689582825 -0.007987363 0.996490717 -0.083324835 -7.895049572 -0.888133347 0.031222088 0.458523214 72.496093750
0.461508751 0.077084780 0.883779466 101.260284424 -0.006495191 0.996484935 -0.083523251 -7.946372032 -0.887111127 0.032806423 0.460387617 72.794197083
0.464246899 0.078965791 0.882177830 101.817070007 -0.007098884 0.996317685 -0.085446812 -7.995873928 -0.885676622 0.033405967 0.463098407 73.088806152
0.467075825 0.078879632 0.880691051 102.372673035 -0.004214956 0.996200502 -0.086989798 -8.049983978 -0.884206474 0.036918782 0.465634137 73.381759644
0.470048845 0.078289963 0.879160583 102.916885376 -0.002567812 0.996175766 -0.087337248 -8.103759766 -0.882635891 0.038795277 0.468452781 73.677543640
0.473420769 0.076438643 0.877512693 103.451972961 0.000575083 0.996200740 -0.087087512 -8.154773712 -0.880835474 0.041733697 0.471578658 73.959854126
0.476837635 0.075555719 0.875737309 103.972930908 0.001827827 0.996211708 -0.086944997 -8.205163002 -0.878988683 0.043059364 0.474893659 74.241050720
0.480013847 0.075089365 0.874040604 104.487251282 0.002743797 0.996196866 -0.087090649 -8.256386757 -0.877255797 0.044202928 0.477982789 74.525360107
0.483640194 0.074235186 0.872112334 104.993705750 0.003369950 0.996231675 -0.086669102 -8.307090759 -0.875259578 0.044855658 0.481568038 74.806297302
0.487005770 0.073704027 0.870282531 105.497863770 0.005037615 0.996179581 -0.087185137 -8.354364395 -0.873383284 0.046843834 0.484774441 75.091293335
0.491158396 0.075037725 0.867831409 105.992790222 0.004471480 0.996052504 -0.088655047 -8.402033806 -0.871057808 0.047424182 0.488884538 75.366867065
0.495597214 0.075247496 0.865285993 106.491989136 0.006396879 0.995896995 -0.090269513 -8.450147629 -0.868527889 0.050272472 0.493082970 75.642707825
0.500408649 0.078653023 0.862208486 106.978668213 0.004255845 0.995629609 -0.093293972 -8.499111176 -0.865777850 0.050354559 0.497887492 75.928993225
0.505688012 0.084500656 0.858567297 107.458946228 0.000617586 0.995155990 -0.098307438 -8.554065704 -0.862715125 0.050243162 0.503186822 76.223915100
0.511498570 0.091786124 0.854367018 107.930435181 -0.004716372 0.994563699 -0.104023963 -8.599314690 -0.859270096 0.049178630 0.509151340 76.514228821
0.517545462 0.098196954 0.850001574 108.398612976 -0.010014202 0.994020164 -0.108737297 -8.650931358 -0.855596006 0.047764439 0.515434504 76.809623718
0.523961663 0.102524087 0.845548093 108.871734619 -0.013634262 0.993611634 -0.112028174 -8.708379745 -0.851631641 0.047170084 0.522012711 77.113311768
0.529406309 0.102626167 0.842137337 109.357574463 -0.017769713 0.993780077 -0.109934978 -8.770430565 -0.848181188 0.043235775 0.527937591 77.428512573
0.534785807 0.101704285 0.838843763 109.841979980 -0.024154633 0.994164586 -0.105136558 -8.827601433 -0.844641209 0.035963617 0.534122288 77.756561279
0.540365219 0.099266835 0.835553765 110.332580566 -0.030209370 0.994665444 -0.098632917 -8.883710861 -0.840887010 0.028056281 0.540481865 78.099258423
0.545935094 0.097663350 0.832114935 110.831604004 -0.036648136 0.995016038 -0.092738397 -8.940579414 -0.837024450 0.020133719 0.546793818 78.450576782
0.551978827 0.095754102 0.828341186 111.333099365 -0.039159868 0.995265782 -0.088955216 -8.992408752 -0.832937002 0.016663697 0.553115785 78.798622131
0.558059752 0.099392131 0.823825896 111.836219788 -0.044375040 0.994954884 -0.089978561 -9.045045853 -0.828612268 0.013656149 0.559655249 79.158340454
0.563884735 0.103445947 0.819348216 112.347763062 -0.048357558 0.994557798 -0.092286520 -9.094652176 -0.824435353 0.012417333 0.565818846 79.533622742
0.569797158 0.106982403 0.814791143 112.868972778 -0.051580448 0.994191170 -0.094466515 -9.147200584 -0.820163906 0.011799513 0.572005928 79.920455933
0.575965285 0.109176740 0.810150027 113.396652222 -0.054001935 0.993958533 -0.095554926 -9.199140549 -0.815687358 0.011286712 0.578381777 80.312408447
