1.000000000 0.000000000 0.000000000 0.000000000 0.000000000 1.000000000 0.000000000 0.000000000 0.000000000 0.000000000 1.000000000 0.000000000
0.999773920 -0.002720960 -0.021086710 -0.021346329 0.002728549 0.999996245 0.000331140 -0.004683894 0.021085730 -0.000388601 0.999777615 0.262901604
0.999088466 -0.004029260 -0.042496428 -0.050712310 0.004034854 0.999991834 0.000045870 -0.007801229 0.042495899 -0.000217295 0.999096632 0.532831967
0.997882128 -0.006333726 -0.064738162 -0.085218385 0.006343502 0.999979854 -0.000054527 -0.009232363 0.064737208 -0.000356255 0.997902274 0.805440068
0.996036887 -0.009795096 -0.088399708 -0.122831151 0.009716759 0.999951899 -0.001316428 -0.013472751 0.088408366 0.000452252 0.996084154 1.082157969
0.993606687 -0.017131783 -0.111589208 -0.168477103 0.016963799 0.999853075 -0.002454730 -0.024472766 0.111614883 0.000546060 0.993751287 1.365964174
0.990922332 -0.023025898 -0.132448435 -0.227341771 0.022771470 0.999734759 -0.003435539 -0.030407503 0.132492423 0.000388307 0.991183877 1.652325988
0.987646401 -0.020758612 -0.155317768 -0.295437217 0.020784618 0.999782920 -0.001456709 -0.040511720 0.155314296 -0.001789507 0.987863421 1.954570532
0.983632624 -0.018930487 -0.179188371 -0.373372942 0.019186763 0.999815941 -0.000302901 -0.055190038 0.179161116 -0.003140101 0.983814657 2.257884502
0.979219317 -0.021673776 -0.201642841 -0.454158962 0.021693550 0.999762475 -0.002112086 -0.065554298 0.201640710 -0.002306154 0.979456782 2.563398600
0.974432349 -0.027415479 -0.223002538 -0.534314215 0.026876759 0.999623954 -0.005450996 -0.076408625 0.223068103 -0.000681960 0.974802554 2.867398262
0.969170868 -0.033984605 -0.244034633 -0.619216561 0.032189935 0.999417484 -0.011339618 -0.085054077 0.244277835 0.003134567 0.969700098 3.161179066
0.963713050 -0.037890781 -0.264237672 -0.718681276 0.034819204 0.999260724 -0.016299892 -0.094231293 0.264659911 0.006507871 0.964319706 3.474400043
0.958513200 -0.041152168 -0.282062024 -0.825681508 0.036743119 0.999106050 -0.020905359 -0.104838036 0.282670140 0.009674219 0.959168196 3.792101145
0.952907622 -0.042233083 -0.300305456 -0.945655584 0.036748722 0.999038935 -0.023890173 -0.116186574 0.301025748 0.011729283 0.953543663 4.116126537
0.946325719 -0.047462486 -0.319710523 -1.061940908 0.041245658 0.998805642 -0.026192317 -0.130941689 0.320571810 0.011599789 0.947152972 4.445113182
0.939413428 -0.055567153 -0.338252127 -1.189011812 0.049120616 0.998411536 -0.027595703 -0.143025622 0.339248210 0.009308620 0.940650642 4.791408062
0.931366563 -0.065127492 -0.358210206 -1.321689248 0.058741745 0.997860670 -0.028692799 -0.158251852 0.359312534 0.005681620 0.933199823 5.141229630
0.922827780 -0.070341632 -0.378735781 -1.472406626 0.063226335 0.997511089 -0.031207839 -0.174573839 0.379988313 0.004853386 0.924978375 5.492412567
0.914123476 -0.075204119 -0.398399830 -1.639676332 0.067287922 0.997159600 -0.033837918 -0.192496508 0.399812907 0.004124540 0.916587353 5.845909119
0.904683411 -0.077754103 -0.418929547 -1.814889669 0.068652406 0.996962309 -0.036782309 -0.214114994 0.420516849 0.004515828 0.907273352 6.195097923
0.894648314 -0.080989838 -0.439368606 -2.008519650 0.069387108 0.996686816 -0.042434592 -0.238741532 0.441349596 0.007477526 0.897303939 6.555900097
0.884590626 -0.080202781 -0.459419817 -2.226994514 0.065089740 0.996691763 -0.048669327 -0.264400452 0.461803287 0.013148922 0.886884749 6.916456223
0.872682512 -0.083455928 -0.481102824 -2.447822332 0.064921916 0.996369302 -0.055074871 -0.290571451 0.483952343 0.016828772 0.874932349 7.284546375
0.859725058 -0.093299150 -0.502162933 -2.674878597 0.071282797 0.995469987 -0.062913582 -0.320574164 0.505757928 0.018292822 0.862481236 7.662228584
0.846635461 -0.101992473 -0.522307873 -2.918587446 0.076578349 0.994597077 -0.070087872 -0.350914240 0.526634336 0.019341424 0.849871635 8.045602798
0.833576798 -0.106666684 -0.542006910 -3.184737921 0.077290706 0.994049251 -0.076759480 -0.381921411 0.546969295 0.022092845 0.836860836 8.429504395
0.821781158 -0.106864177 -0.559692085 -3.473345280 0.073854558 0.993946314 -0.081339255 -0.423982143 0.564996183 0.025507279 0.824698925 8.823204041
0.811760247 -0.103353299 -0.574772000 -3.784895420 0.066591099 0.994176924 -0.084721304 -0.470952183 0.580181360 0.030498710 0.813915849 9.226348877
0.802618146 -0.101853661 -0.587732375 -4.108629227 0.061858214 0.994213581 -0.087821849 -0.519452810 0.593276560 0.034131359 0.804274559 9.637223244
0.793691337 -0.103174508 -0.599506855 -4.444801807 0.060862653 0.994035184 -0.090495899 -0.569554746 0.605267882 0.035338264 0.795236826 10.064614296
0.784625888 -0.106790178 -0.610702395 -4.798373699 0.063041605 0.993690073 -0.092765711 -0.623342812 0.616755545 0.034286749 0.786407411 10.510744095
0.774738193 -0.111194514 -0.622427344 -5.163565636 0.066651896 0.993292332 -0.094486304 -0.682130098 0.628758788 0.031716224 0.776953042 10.961799622
0.765211821 -0.111089252 -0.634120941 -5.555403709 0.065474391 0.993321002 -0.095006309 -0.742658019 0.640439928 0.031181306 0.767374694 11.418725014
0.756250918 -0.111723267 -0.644671798 -5.972494125 0.063097410 0.993173957 -0.098101310 -0.809581101 0.651231647 0.033512127 0.758138359 11.881196022
0.746302903 -0.114719592 -0.655645192 -6.401885033 0.062344112 0.992752492 -0.102739334 -0.876601875 0.662679851 0.035799094 0.748046398 12.359719276
0.736108124 -0.118984953 -0.666323245 -6.849968433 0.064602464 0.992284060 -0.105823189 -0.945881903 0.673773587 0.034851227 0.738115311 12.849136353
0.726454735 -0.121163756 -0.676448226 -7.317895889 0.064756401 0.992023647 -0.108145289 -1.018750310 0.684156179 0.034758344 0.728506565 13.342177391
0.718324780 -0.121467590 -0.685021579 -7.804149628 0.063329093 0.991968572 -0.109487280 -1.099498391 0.692819238 0.035265662 0.720248163 13.834757805
0.711546600 -0.125614837 -0.691318870 -8.305508614 0.065796770 0.991478324 -0.112432770 -1.184054494 0.699551105 0.034514640 0.713748217 14.348825455
0.707602561 -0.128898546 -0.694754004 -8.817779541 0.064758487 0.990912735 -0.117889091 -1.271656632 0.703636527 0.038427442 0.709519863 14.863384247
0.706792712 -0.130547523 -0.695270181 -9.349490166 0.061704617 0.990455747 -0.123245813 -1.362095714 0.704724014 0.044207901 0.708102524 15.390336990
0.708100080 -0.128910273 -0.694244683 -9.884614944 0.056323275 0.990372598 -0.126449183 -1.459278107 0.703861773 0.050436586 0.708543718 15.921349525
0.710433483 -0.130251527 -0.691605449 -10.429644585 0.056675274 0.990120471 -0.128253326 -1.562741876 0.701478243 0.051918574 0.710796893 16.479558945
0.713551104 -0.130471319 -0.688346744 -10.978356361 0.056808434 0.990046024 -0.128767803 -1.669683933 0.698295832 0.052778546 0.713860452 17.049634933
0.717425108 -0.126949862 -0.684970081 -11.542102814 0.052349355 0.990299463 -0.128708765 -1.778154612 0.694665551 0.056481201 0.717111707 17.623134613
0.721850991 -0.122965917 -0.681035638 -12.115893364 0.047719873 0.990589142 -0.128278300 -1.887164831 0.690400898 0.060098931 0.720926046 18.213890076
0.726440191 -0.118415020 -0.676950216 -12.691562653 0.043240018 0.990966737 -0.126942992 -2.003049850 0.685867667 0.062945209 0.724998713 18.815668106
0.731795490 -0.115709566 -0.671629071 -13.276105881 0.041304011 0.991199970 -0.125761732 -2.118010283 0.680271089 0.064290956 0.730135322 19.436578751
0.736279726 -0.113946274 -0.667013764 -13.857870102 0.039195098 0.991246462 -0.126069814 -2.229366302 0.675540745 0.066679038 0.734301209 20.064403534
0.740371883 -0.112812892 -0.662662566 -14.449986458 0.039024144 0.991367042 -0.125171736 -2.343230486 0.671063244 0.066813856 0.738383174 20.715389252
0.743425846 -0.113091156 -0.659186900 -15.040369034 0.041424617 0.991493762 -0.123383924 -2.462251425 0.667533755 0.064420298 0.741787314 21.382137299
0.745193541 -0.112516232 -0.657286584 -15.641804695 0.040373534 0.991466641 -0.123948991 -2.583959818 0.665624440 0.065829061 0.743377686 22.069381714
0.747310340 -0.114971027 -0.654452384 -16.244085312 0.040235467 0.990939379 -0.128139153 -2.707172871 0.663255334 0.069427580 0.745165706 22.744768143
0.749074161 -0.113067396 -0.652765453 -16.842340469 0.035018068 0.990707874 -0.131418839 -2.822156191 0.661559463 0.075583927 0.746073604 23.401294708
0.751374424 -0.110798538 -0.650506914 -17.470764160 0.033360217 0.990919828 -0.130246907 -2.944548845 0.659031689 0.076163203 0.748248637 24.097049713
0.753364921 -0.111484505 -0.648083091 -18.099475861 0.036094043 0.991048872 -0.128524691 -3.075955153 0.656610787 0.073434114 0.750645936 24.815801620
0.754877865 -0.108670086 -0.646799386 -18.735574722 0.033778585 0.991310477 -0.127129301 -3.206663132 0.654994428 0.074119180 0.751989543 25.541997910
0.755948961 -0.113140061 -0.644778728 -19.402086258 0.038298331 0.990907848 -0.128974229 -3.342676163 0.653508723 0.072804041 0.753409266 26.301187515
0.756628036 -0.117128775 -0.643268168 -20.055559158 0.043108355 0.990619361 -0.129670769 -3.477051973 0.652422369 0.070382364 0.754580021 27.062219620
0.757108092 -0.118001476 -0.642543435 -20.691484451 0.043387786 0.990462363 -0.130772203 -3.614622593 0.651846707 0.071130216 0.755007327 27.827056885
0.758052647 -0.113996476 -0.642152667 -21.380506516 0.039936725 0.990871429 -0.128757179 -3.742066860 0.650968909 0.071959294 0.755685866 28.599102020
0.758736193 -0.111898385 -0.641714215 -22.077308655 0.040545367 0.991337180 -0.124924548 -3.873083830 0.650134385 0.068766296 0.756700933 29.378911972
0.758951068 -0.107614264 -0.642192721 -22.748449326 0.037051689 0.991787612 -0.122408964 -4.006465912 0.650092065 0.069108151 0.756706119 30.149244308
0.758718014 -0.106549874 -0.642645359 -23.416622162 0.036192711 0.991903245 -0.121726818 -4.143270493 0.650412381 0.069097303 0.756431818 30.913625717
0.757130623 -0.109442957 -0.644029737 -24.077035904 0.039361544 0.991717815 -0.122253291 -4.279318810 0.652075887 0.067211755 0.755168438 31.677349091
0.754806638 -0.110047065 -0.646649301 -24.737667084 0.040433798 0.991757333 -0.121581085 -4.418245316 0.654699206 0.065623775 0.753035307 32.444469452
0.751590490 -0.107560523 -0.650800407 -25.390951157 0.040025327 0.992234051 -0.117766671 -4.554321766 0.658413768 0.062463861 0.750059485 33.193180084
0.748950660 -0.108041905 -0.653757274 -26.049407959 0.040491149 0.992235780 -0.117592894 -4.683684826 0.661386728 0.061599944 0.747511029 33.931915283
0.748053432 -0.106119409 -0.655098021 -26.699968338 0.036677655 0.992234290 -0.118850164 -4.814293861 0.662623405 0.064878866 0.746137142 34.658161163
0.747593403 -0.103539824 -0.656035304 -27.353906631 0.032627326 0.992305934 -0.119431444 -4.949057579 0.663353980 0.067881539 0.745220304 35.376972198
0.747669339 -0.099516951 -0.656571150 -28.006082535 0.029511811 0.992709696 -0.116859220 -5.079610348 0.663414359 0.067995504 0.745156169 36.088897705
0.747272849 -0.098728687 -0.657141268 -28.643880844 0.030086169 0.992913842 -0.114962392 -5.212718010 0.663835108 0.066137463 0.744948626 36.801967621
0.747596800 -0.098471619 -0.656811357 -29.263677597 0.031160332 0.993058562 -0.113415748 -5.340756416 0.663420737 0.064322837 0.745476484 37.510345459
0.748371303 -0.098165616 -0.655974567 -29.869901657 0.032117683 0.993190110 -0.111987866 -5.464252472 0.662501216 0.062740177 0.746428490 38.197769165
0.748703837 -0.098690666 -0.655516088 -30.450048447 0.034544799 0.993320525 -0.110092893 -5.582448959 0.662003219 0.059782352 0.747112811 38.862800598
0.748558104 -0.100798652 -0.655361831 -31.013813019 0.036778186 0.993167579 -0.110747010 -5.699537754 0.662047803 0.058797598 0.747151434 39.497077942
0.748272479 -0.101693057 -0.655549824 -31.560976028 0.038523935 0.993173897 -0.110094614 -5.808796406 0.662271380 0.057126459 0.747082949 40.116619110
0.747773528 -0.100308202 -0.656332076 -32.086124420 0.037688471 0.993340492 -0.108874410 -5.915728569 0.662882805 0.056677300 0.746574759 40.707069397
0.747067213 -0.098483726 -0.657411933 -32.589450836 0.036733858 0.993569314 -0.107098386 -6.021888733 0.663732290 0.055860456 0.745881259 41.267963409
0.746271908 -0.100648113 -0.657987237 -33.071655273 0.039503109 0.993456483 -0.107159331 -6.117924690 0.664467633 0.053977493 0.745365083 41.813838959
0.745777905 -0.101998918 -0.658339202 -33.529170990 0.038946893 0.993194520 -0.109759584 -6.209719658 0.665054858 0.056216042 0.744675577 42.321029663
0.745305181 -0.101152204 -0.659004867 -33.966602325 0.036824185 0.993160427 -0.110796019 -6.301042080 0.665705442 0.058309563 0.743932962 42.801872253
0.744837642 -0.099308446 -0.659813464 -34.396545410 0.033069674 0.993140996 -0.112146482 -6.388541222 0.666425526 0.061711136 0.743013322 43.266326904
0.743817747 -0.102052949 -0.660544753 -34.813358307 0.034098331 0.992781520 -0.114985898 -6.472552776 0.667511821 0.063005120 0.741928756 43.731418610
0.742567480 -0.103664115 -0.661699593 -35.219455719 0.035746124 0.992675364 -0.115401164 -6.554970741 0.668816388 0.062039994 0.740834415 44.189487457
0.742425144 -0.101755142 -0.662155569 -35.624015808 0.034920491 0.992931604 -0.113432638 -6.635019302 0.669018030 0.061092477 0.740731120 44.633148193
0.742297351 -0.097830467 -0.662889957 -36.022975922 0.030917980 0.993231237 -0.111961193 -6.714923859 0.669356763 0.062613316 0.740297973 45.063877106
0.741876841 -0.095687047 -0.663673103 -36.413722992 0.028415309 0.993362665 -0.111457415 -6.790777206 0.669933617 0.063829236 0.739672065 45.487014771
0.741677761 -0.095770419 -0.663883448 -36.797172546 0.028471010 0.993357182 -0.111492328 -6.865552902 0.670151591 0.063789994 0.739477932 45.906700134
0.742377341 -0.094067015 -0.663344800 -37.169647217 0.027067496 0.993496954 -0.110592559 -6.939251423 0.669434667 0.064146377 0.740096211 46.311340332
0.743263781 -0.092671566 -0.662548065 -37.535419464 0.025963489 0.993608713 -0.109850965 -7.011387348 0.668494165 0.064446233 0.740919828 46.720867157
0.744155705 -0.089133836 -0.662032068 -37.898223877 0.024640933 0.994045913 -0.106137507 -7.079528809 0.667551219 0.062669799 0.741921723 47.116783142
0.744668901 -0.085883617 -0.661884725 -38.254486084 0.025247190 0.994601250 -0.100650713 -7.145721912 0.666956067 0.058240782 0.742817402 47.505065918
0.745034099 -0.084208801 -0.661688864 -38.607009888 0.027010074 0.994993985 -0.096214153 -7.209818363 0.666478932 0.053810615 0.743579388 47.901283264
0.745687425 -0.078365482 -0.661670804 -38.963302612 0.020486493 0.995286405 -0.094789714 -7.271920681 0.665980518 0.057128239 0.743778408 48.278095245
0.746432841 -0.073679738 -0.661368668 -39.318374634 0.014860243 0.995449245 -0.094126426 -7.333102703 0.665294468 0.060431018 0.744131267 48.652919769
0.746485174 -0.074318878 -0.661238134 -39.666202545 0.014317113 0.995306790 -0.095703162 -7.392749786 0.665247679 0.061974030 0.744046152 49.032714844
0.745553255 -0.080879010 -0.661519647 -40.004783630 0.019016864 0.994786203 -0.100192405 -7.448314190 0.666174352 0.062118806 0.743204474 49.418621063
0.745033026 -0.086080298 -0.661449313 -40.345874786 0.025338067 0.994574428 -0.100892946 -7.503177643 0.666545749 0.058408789 0.743172288 49.814231873
0.747341037 -0.082163915 -0.659340322 -40.704303741 0.022073554 0.994847119 -0.098953530 -7.559840679 0.664073527 0.059398107 0.745304048 50.206947327
0.750279486 -0.074981757 -0.656854391 -41.069885254 0.015362480 0.995256603 -0.096063785 -7.617326736 0.660941958 0.061983828 0.747872770 50.598255157
0.753234565 -0.069822244 -0.654034972 -41.433761597 0.013820680 0.995810330 -0.090391919 -7.676903725 0.657606423 0.059047166 0.751043975 51.008266449
0.757359445 -0.069059692 -0.649335563 -41.790168762 0.018498959 0.996261835 -0.084380344 -7.735357761 0.652735829 0.051894270 0.755806029 51.434467316
0.761179328 -0.070487678 -0.644698977 -42.146575928 0.022895930 0.996377051 -0.081905477 -7.788619041 0.648136854 0.047583822 0.760035634 51.868957520
0.764036179 -0.074394502 -0.640869260 -42.502849579 0.028095933 0.996223867 -0.082149737 -7.843379021 0.644560993 0.044759609 0.763241410 52.305316925
0.767024994 -0.077905424 -0.636869431 -42.862575531 0.032640718 0.996053815 -0.082531385 -7.896220207 0.640786052 0.042515814 0.766541183 52.747436523
0.770698965 -0.077313177 -0.632491171 -43.234069824 0.033634335 0.996164024 -0.080783159 -7.949420452 0.636310697 0.040986124 0.770343125 53.199764252
0.774034142 -0.076939374 -0.628451109 -43.607837677 0.033718050 0.996189654 -0.080431499 -8.002928734 0.632244885 0.041066628 0.773679256 53.656875610
0.777210891 -0.076997511 -0.624511003 -43.994113922 0.033111703 0.996114492 -0.081605516 -8.058696747 0.628367901 0.042746127 0.776740789 54.124366760
0.779692769 -0.079672970 -0.621072233 -44.369369507 0.036028903 0.995936930 -0.082531080 -8.117651939 0.625124335 0.041972391 0.779395580 54.599479675
0.781424940 -0.084132843 -0.618300855 -44.748851776 0.040835019 0.995639682 -0.083869308 -8.173798561 0.622661054 0.040289301 0.781453490 55.087905884
0.782682776 -0.085625552 -0.616502345 -45.128963470 0.043123569 0.995571971 -0.083526529 -8.228270531 0.620924413 0.038789060 0.782909811 55.577335358
0.783997476 -0.084133260 -0.615035534 -45.529258728 0.043411076 0.995778024 -0.080879636 -8.285028458 0.619243503 0.036710147 0.784340084 56.080768585
0.784965336 -0.081506409 -0.614154160 -45.931297302 0.043852493 0.996131480 -0.076150894 -8.347693443 0.617985010 0.032843690 0.785503268 56.591659546
0.785225451 -0.080807969 -0.613913894 -46.336090088 0.045419637 0.996293724 -0.073045745 -8.408473969 0.617541194 0.029473696 0.785985887 57.106109619
0.785073578 -0.080642663 -0.614129841 -46.746673584 0.046235003 0.996351898 -0.071728438 -8.464619637 0.617673755 0.027917875 0.785938501 57.630657196
0.784300745 -0.081418015 -0.615014374 -47.161319733 0.047251798 0.996310771 -0.071637347 -8.521843910 0.618578017 0.027124755 0.785254776 58.158004761
0.782380342 -0.082332008 -0.617334306 -47.581657410 0.048119713 0.996251583 -0.071882375 -8.579999924 0.620938540 0.026533470 0.783409834 58.685112000
0.779902577 -0.084236145 -0.620205939 -48.008983612 0.049259201 0.996089220 -0.073345520 -8.642836571 0.623958886 0.026651576 0.781002343 59.218330383
0.776188195 -0.085349299 -0.624697149 -48.442237854 0.051003311 0.996047795 -0.072713308 -8.704099655 0.628434360 0.024577653 0.777474046 59.756164551
0.772132277 -0.084311187 -0.629843175 -48.887855530 0.051081773 0.996186674 -0.070728362 -8.763500214 0.633404672 0.022438211 0.773495078 60.294795990
0.768261790 -0.079004548 -0.635241091 -49.344997406 0.048343334 0.996681333 -0.065490097 -8.823040009 0.638307035 0.019603930 0.769531906 60.827335358
0.763456464 -0.075488165 -0.641431928 -49.797779083 0.046841361 0.997002184 -0.061581753 -8.884437561 0.644157767 0.016969508 0.764704108 61.350234985
0.756907701 -0.077715158 -0.648883820 -50.247119904 0.050068580 0.996881664 -0.060990114 -8.942767143 0.651600361 0.013675253 0.758438885 61.870487213
0.749135375 -0.080045797 -0.657562137 -50.695667267 0.051628090 0.996707797 -0.062512442 -8.997488022 0.660401344 0.012881660 0.750802040 62.378299713
0.740486622 -0.082657285 -0.666968107 -51.155605316 0.051286947 0.996463835 -0.066551425 -9.052540779 0.670110762 0.015073741 0.742107749 62.875244141
0.730786920 -0.081752554 -0.677691758 -51.630893707 0.048266329 0.996505737 -0.068164416 -9.110800743 0.680896521 0.017104028 0.732179642 63.369060516
0.720075786 -0.081580624 -0.689082444 -52.107486725 0.047677033 0.996534526 -0.068158485 -9.168335915 0.692255020 0.016225927 0.721470296 63.850444794
0.708867610 -0.078798398 -0.700925589 -52.586833954 0.047405656 0.996815503 -0.064119667 -9.225884438 0.703746080 0.012224577 0.710346162 64.318885803
0.697551608 -0.074165940 -0.712685227 -53.075817108 0.045136318 0.997201443 -0.059596367 -9.279457092 0.715110898 0.009403611 0.698947549 64.776580811
0.686282456 -0.068671398 -0.724085391 -53.578113556 0.040761765 0.997599483 -0.055977441 -9.337302208 0.726191401 0.008901393 0.687434733 65.228088379
0.673685193 -0.066622429 -0.736008763 -54.076236725 0.037955005 0.997732878 -0.055572234 -9.392083168 0.738042593 0.009503031 0.674686968 65.659545898
0.659962893 -0.070387095 -0.747993231 -54.580310822 0.039544426 0.997475863 -0.058973212 -9.439669609 0.750256240 0.009341225 0.661080897 66.088523865
0.647161841 -0.073197953 -0.758829951 -55.093276978 0.037509404 0.997231364 -0.064204939 -9.491394997 0.761428773 0.013087789 0.648116171 66.511192322
0.635673702 -0.074692994 -0.768335342 -55.613445282 0.034222282 0.997055948 -0.068614416 -9.545289993 0.771198452 0.017322257 0.636358857 66.925346375
0.626585901 -0.071778052 -0.776039481 -56.145565033 0.028113656 0.997183263 -0.069532864 -9.601110458 0.778844655 0.021751072 0.626839399 67.329483032
0.619738162 -0.065992571 -0.782028675 -56.683544159 0.023572968 0.997573912 -0.065500662 -9.653022766 0.784454167 0.022158587 0.619790733 67.736259460
0.616391718 -0.056460559 -0.785412371 -57.232486725 0.018762862 0.998195887 -0.057031725 -9.700704575 0.787215710 0.020417359 0.616339505 68.150299072
0.616974533 -0.051285617 -0.785309732 -57.777557373 0.018878644 0.998551548 -0.050379720 -9.753795624 0.786756277 0.016257478 0.617049456 68.568664551
0.619446158 -0.050037477 -0.783442259 -58.311557770 0.017818063 0.998605490 -0.049691427 -9.808948517 0.784836471 0.016821802 0.619474351 68.987762451
0.624810398 -0.053507090 -0.778940320 -58.842372894 0.017421033 0.998355806 -0.054605305 -9.854830742 0.780581653 0.020548083 0.624715745 69.409782410
0.632784367 -0.056632981 -0.772253633 -59.370227814 0.017520376 0.998113453 -0.058840152 -9.899700165 0.774129272 0.023703028 0.632583320 69.842559814
0.642636418 -0.056928936 -0.764052749 -59.899581909 0.017925531 0.998079717 -0.059289135 -9.946074486 0.765961051 0.024405379 0.642423332 70.288787842
0.654114664 -0.055155940 -0.754381180 -60.422103882 0.018992474 0.998220861 -0.056515943 -9.998593330 0.756156385 0.022640416 0.653998911 70.744216919
0.665915966 -0.053164907 -0.744129360 -60.945808411 0.021259995 0.998404562 -0.052306402 -10.051019669 0.745723128 0.019011559 0.665984333 71.217567444
0.677319407 -0.053834159 -0.733716190 -61.464782715 0.025361191 0.998434663 -0.049845275 -10.093043327 0.735251129 0.015153333 0.677625000 71.708358765
0.688588083 -0.052086234 -0.723279119 -61.978851318 0.027361298 0.998572707 -0.045862310 -10.135145187 0.724635720 0.011790456 0.689030886 72.206893921
0.700464845 -0.047708828 -0.712089956 -62.506805420 0.027971651 0.998831451 -0.039405055 -10.177779198 0.713137925 0.007683595 0.700981319 72.725616455
0.711265326 -0.039991461 -0.701784611 -63.026340485 0.025942544 0.999193311 -0.030646432 -10.213698387 0.702444196 0.003591735 0.711729527 73.253273010
0.720835626 -0.038401332 -0.692040920 -63.536262512 0.030008513 0.999256551 -0.024191640 -10.245734215 0.692455590 -0.003328860 0.721452594 73.793670654
0.727900863 -0.037763473 -0.684641123 -64.046508789 0.032959957 0.999254704 -0.020074420 -10.278520584 0.684889138 -0.007953491 0.728603601 74.342697144
0.733030200 -0.041931212 -0.678901792 -64.560470581 0.038141213 0.999061227 -0.020523164 -10.306021690 0.679125130 -0.010849974 0.733941972 74.905937195
0.737156928 -0.042277768 -0.674397051 -65.077590942 0.037960779 0.999055266 -0.021137102 -10.327899933 0.674653649 -0.010019211 0.738066077 75.467353821
0.740466177 -0.038235892 -0.671004474 -65.607360840 0.037292361 0.999179363 -0.015783507 -10.349158287 0.671057403 -0.013336126 0.741285086 76.041206360
0.742733240 -0.031123051 -0.668863058 -66.140754700 0.035931397 0.999332130 -0.006600517 -10.370432854 0.668621898 -0.019130705 0.743356049 76.625854492
0.745234430 -0.029550161 -0.666146815 -66.671432495 0.039957672 0.999200940 0.000377189 -10.390420914 0.665603459 -0.026898716 0.745820343 77.222854614
0.747276545 -0.031585965 -0.663761437 -67.199211121 0.042500030 0.999096036 0.000304088 -10.403373718 0.663151920 -0.028437067 0.747944057 77.820304871
0.750035465 -0.034263268 -0.660508931 -67.732070923 0.044451233 0.999010265 -0.001346501 -10.412655830 0.659901440 -0.028350459 0.750816762 78.425735474
0.752593338 -0.032368679 -0.657688916 -68.273033142 0.044224776 0.999020159 0.001438809 -10.418076515 0.656998038 -0.030168928 0.753288090 79.041610718
0.755479038 -0.027286390 -0.654603660 -68.812820435 0.044291262 0.998973370 0.009475540 -10.426696777 0.653673172 -0.036151744 0.755912721 79.667938232
0.758818805 -0.019645263 -0.651004732 -69.363044739 0.043182358 0.998862803 0.020191312 -10.431859016 0.649867892 -0.043433424 0.758804917 80.308288574
0.762702286 -0.015715037 -0.646557987 -69.915542603 0.041054998 0.998864651 0.024151774 -10.424095154 0.645444512 -0.044965014 0.762482226 80.948333740
0.766777694 -0.016489489 -0.641700089 -70.470428467 0.042756803 0.998761594 0.025426002 -10.414484978 0.640486360 -0.046933103 0.766533852 81.603302002
0.770735264 -0.014868623 -0.636981249 -71.014564514 0.041773286 0.998755574 0.027231559 -10.403936386 0.635783911 -0.047597088 0.770397961 82.254821777
0.775093496 -0.011411879 -0.631742716 -71.565460205 0.040728226 0.998659551 0.031930037 -10.394184113 0.630531788 -0.050478492 0.774520040 82.924865723
0.778534830 -0.009727873 -0.627525270 -72.109901428 0.043208718 0.998337746 0.038130347 -10.381871223 0.626111448 -0.056800332 0.777661800 83.599884033
0.781914532 -0.012111195 -0.623267174 -72.652099609 0.047284629 0.998082817 0.039925944 -10.365999222 0.621588886 -0.060689606 0.780988872 84.284599304
0.785143375 -0.016416656 -0.619095623 -73.188407898 0.051397074 0.997927010 0.038720053 -10.346121788 0.617176771 -0.062220469 0.784360290 84.972190857
0.787778318 -0.018061779 -0.615693212 -73.729675293 0.053206213 0.997828901 0.038805217 -10.326818466 0.613655746 -0.063328587 0.787029684 85.662673950
0.789725780 -0.017019559 -0.613223016 -74.273849487 0.053415563 0.997725844 0.041098855 -10.308303833 0.611129105 -0.065212451 0.788839698 86.356956482
0.791178644 -0.013350833 -0.611438572 -74.821334839 0.053213786 0.997472465 0.047076665 -10.288288116 0.609264731 -0.069782980 0.789890051 87.059570312
0.792279780 -0.010366077 -0.610069096 -75.381530762 0.052901734 0.997257113 0.051756922 -10.261171341 0.607859313 -0.073279656 0.790655792 87.772163391
0.792929232 -0.012876279 -0.609176874 -75.934486389 0.056621283 0.997007310 0.052626573 -10.235814095 0.606676221 -0.076221503 0.791286051 88.483238220
0.792881966 -0.014658210 -0.609198093 -76.487274170 0.058029272 0.996983230 0.051537156 -10.206063271 0.606604934 -0.076214187 0.791341424 89.192337036
0.792494535 -0.015522804 -0.609680653 -77.046287537 0.057750121 0.997093678 0.049679995 -10.175146103 0.607137680 -0.074580230 0.791088521 89.906600952
0.791590273 -0.016374609 -0.610832036 -77.600975037 0.061191458 0.996739626 0.052579604 -10.144206047 0.607979715 -0.078999177 0.790012240 90.624450684
0.790055215 -0.016079416 -0.612824023 -78.163299561 0.065185875 0.996191382 0.057899542 -10.112500191 0.609559238 -0.085691281 0.788095176 91.349685669
0.787892103 -0.015215429 -0.615624607 -78.734886169 0.068207018 0.995699406 0.062683895 -10.078493118 0.612023473 -0.091378033 0.785542369 92.074249268
0.785195470 -0.015597683 -0.619050920 -79.317092896 0.070497721 0.995434344 0.064337179 -10.038796425 0.615221143 -0.094158910 0.782710969 92.809455872
0.781836033 -0.017306743 -0.623243213 -79.906059265 0.072882846 0.995297730 0.063790582 -9.995303154 0.619208634 -0.095297486 0.779421866 93.544021606
0.777482808 -0.019197058 -0.628610492 -80.500976562 0.076209970 0.995043278 0.063871033 -9.951377869 0.624268711 -0.097564988 0.775092959 94.276809692
0.772495031 -0.015865805 -0.634821892 -81.110710144 0.075551823 0.994882882 0.067071982 -9.909056664 0.630509555 -0.099774703 0.769741654 95.010673523
0.767529011 -0.016050598 -0.640812635 -81.721931458 0.077323414 0.994704306 0.067698941 -9.865842819 0.636332631 -0.101510696 0.764706314 95.736915588
0.762695014 -0.017231731 -0.646528184 -82.344390869 0.080146387 0.994457424 0.068041876 -9.817654610 0.641772449 -0.103712060 0.759849489 96.469757080
0.758254766 -0.014611426 -0.651794016 -82.981948853 0.078525834 0.994516671 0.069057487 -9.767479897 0.647211134 -0.103545815 0.755245209 97.195259094
0.754090905 -0.013194692 -0.656636894 -83.636207581 0.079522386 0.994275928 0.071345240 -9.720409393 0.651937068 -0.106018119 0.750824571 97.933052063
0.749586999 -0.016180295 -0.661707461 -84.290657043 0.084214076 0.993907511 0.071094908 -9.670510292 0.656525850 -0.109016895 0.746383548 98.671836853
0.745320797 -0.018979844 -0.666435182 -84.953193665 0.085849412 0.994004428 0.067702420 -9.624296188 0.661154747 -0.107673079 0.742482364 99.409584045
0.742071629 -0.021393847 -0.669978499 -85.615646362 0.087139495 0.994087338 0.064772770 -9.578057289 0.664631546 -0.106447607 0.739549100 100.132774353
0.739494085 -0.022355417 -0.672791183 -86.300262451 0.087476380 0.994164407 0.063115083 -9.533254623 0.667454183 -0.105526537 0.737135112 100.872779846
0.737404644 -0.023684420 -0.675035238 -86.991111755 0.090877444 0.993776441 0.064406119 -9.486289024 0.669308841 -0.108838819 0.734968603 101.622528076
0.735208213 -0.024852436 -0.677384853 -87.679008484 0.096602730 0.992968023 0.068418153 -9.434775352 0.670921266 -0.115738802 0.732439876 102.380767822
0.733213067 -0.026261454 -0.679490924 -88.387290955 0.099223986 0.992689848 0.068702638 -9.390087128 0.672719657 -0.117795460 0.730459750 103.145782471
0.731444836 -0.028952846 -0.681284964 -89.089218140 0.097360179 0.993295729 0.062315829 -9.342210770 0.674913287 -0.111910596 0.729360640 103.892288208
0.731222332 -0.030879993 -0.681439161 -89.816589355 0.094472751 0.993931592 0.056333661 -9.294838905 0.675564408 -0.105569839 0.729703069 104.654624939
0.731775761 -0.028195031 -0.680961311 -90.543380737 0.091304041 0.994192421 0.056952983 -9.249524117 0.675400853 -0.103851303 0.730100989 105.425033569
0.732272208 -0.021774298 -0.680663168 -91.277870178 0.085815802 0.994471192 0.060509507 -9.206308365 0.675582409 -0.102721050 0.730092943 106.190757751
0.733319819 -0.019745333 -0.679596305 -92.012664795 0.085028738 0.994393051 0.062858805 -9.162483215 0.674544811 -0.103880793 0.730887830 106.968513489
0.734489918 -0.023065031 -0.678226769 -92.737754822 0.088172846 0.994193256 0.061676938 -9.115400314 0.672865927 -0.105102248 0.732259452 107.757118225
0.735629618 -0.028409136 -0.676787257 -93.469573975 0.087271258 0.994767666 0.053102098 -9.078133583 0.671737492 -0.098127522 0.734260678 108.542266846
0.736808658 -0.031940676 -0.675345719 -94.206619263 0.083087295 0.995589137 0.043562341 -9.044979095 0.670975447 -0.088209726 0.736213326 109.331840515
0.737963438 -0.035738278 -0.673892975 -94.941459656 0.082791418 0.995847285 0.037850469 -9.019651413 0.669741750 -0.083724782 0.737858534 110.131408691
0.739424288 -0.036581960 -0.672244370 -95.682380676 0.083336584 0.995816052 0.037474740 -8.996548653 0.668060839 -0.083732247 0.739380002 110.940330505
0.740705132 -0.038787954 -0.670708895 -96.428283691 0.086699508 0.995502174 0.038176425 -8.971142769 0.666211426 -0.086427562 0.740737319 111.767173767
0.741424918 -0.040990967 -0.669781923 -97.157775879 0.090763226 0.995085418 0.039571978 -8.952758789 0.664868176 -0.090131171 0.741502464 112.577476501
0.741853595 -0.047441993 -0.668880820 -97.894958496 0.095022663 0.994865179 0.034826085 -8.933835030 0.663794100 -0.089394636 0.742553234 113.405380249
0.742406368 -0.051770303 -0.667945862 -98.626861572 0.096191809 0.994915962 0.029802237 -8.914567947 0.663007200 -0.086376235 0.743612707 114.219360352
0.743218958 -0.049660720 -0.667201996 -99.382606506 0.093587868 0.995152831 0.030180134 -8.899835587 0.662469268 -0.084872410 0.744265020 115.045028687
0.743961573 -0.045388434 -0.666678488 -100.125244141 0.090828113 0.995299101 0.033595700 -8.886067390 0.662019730 -0.085547008 0.744587779 115.865425110
0.744363666 -0.044554710 -0.666285872 -100.867210388 0.089775711 0.995389938 0.033733930 -8.862760544 0.661711335 -0.084926546 0.744932950 116.683822632
0.745128036 -0.040271875 -0.665703833 -101.615173340 0.085911818 0.995654106 0.035929523 -8.842928886 0.661363900 -0.083963864 0.745350480 117.511184692
0.745625198 -0.038742200 -0.665237844 -102.366409302 0.085615069 0.995603561 0.037978671 -8.825393677 0.660841942 -0.085272178 0.745664895 118.340957642
0.745597184 -0.041937489 -0.665075481 -103.129272461 0.086500160 0.995664477 0.034189478 -8.806993484 0.660758257 -0.083020657 0.745993018 119.189315796
0.745631635 -0.047347691 -0.664673507 -103.874191284 0.087079696 0.995841682 0.026747793 -8.793532372 0.660643220 -0.077823520 0.746654868 120.019294739
0.745550275 -0.051908974 -0.664424121 -104.626091003 0.088234007 0.995873570 0.021203455 -8.783926964 0.660581946 -0.074432984 0.747054696 120.863021851
0.745433688 -0.052332204 -0.664521694 -105.372390747 0.089441687 0.995750368 0.021915013 -8.777318001 0.660551131 -0.075772062 0.746947348 121.699775696
0.745830536 -0.050312597 -0.664232254 -106.145721436 0.085947677 0.996076524 0.021057654 -8.776726723 0.660566926 -0.072794594 0.747229397 122.552467346
0.746221602 -0.053603988 -0.663535237 -106.887718201 0.084124215 0.996354699 0.014116352 -8.778623581 0.660359919 -0.066353232 0.748011649 123.377616882
0.746539950 -0.058919750 -0.662725925 -107.642951965 0.081890427 0.996634126 0.003641060 -8.786338806 0.660280883 -0.056989022 0.748853028 124.218437195
0.747265697 -0.063054241 -0.661526501 -108.397293091 0.081981152 0.996630490 -0.002388549 -8.801013947 0.659448206 -0.052447744 0.749917805 125.070281982
0.747610688 -0.063926615 -0.661052763 -109.142524719 0.084410019 0.996430159 -0.000896429 -8.820570946 0.658750355 -0.055129223 0.750338733 125.918273926
0.747646868 -0.066461891 -0.660761654 -109.878776550 0.090298176 0.995912254 0.001999101 -8.834365845 0.657927930 -0.061160129 0.750592887 126.765617371
0.747793972 -0.067978315 -0.660440862 -110.634529114 0.093474455 0.995615482 0.003360441 -8.851857185 0.657316864 -0.064247198 0.750870347 127.624382019
0.747924089 -0.071736768 -0.659895778 -111.378860474 0.096784651 0.995303750 0.001496750 -8.872538567 0.656689525 -0.064987160 0.751355410 128.469177246
0.748919368 -0.071489409 -0.658792913 -112.126800537 0.093679003 0.995600760 -0.001543568 -8.894821167 0.656005263 -0.060558975 0.752322495 129.317611694
0.750326633 -0.070223100 -0.657326221 -112.872848511 0.089184426 0.996004045 -0.004602052 -8.919260979 0.655022860 -0.055170126 0.753591835 130.146240234
0.751325727 -0.066591173 -0.656562567 -113.619560242 0.085749216 0.996311963 -0.002924333 -8.945020676 0.654336035 -0.054102503 0.754265666 130.994613647
0.752415121 -0.061172500 -0.655841827 -114.382179260 0.083419129 0.996510267 0.002754883 -8.966228485 0.653384745 -0.056782477 0.754893064 131.848968506
0.754022837 -0.059383620 -0.654157758 -115.132087708 0.083923168 0.996451914 0.006278354 -8.986689568 0.651464045 -0.059632923 0.756331921 132.710632324
0.756009758 -0.060408227 -0.651766300 -115.865554810 0.083072104 0.996534944 0.003995872 -9.001132965 0.649266660 -0.057164431 0.758409142 133.562103271
0.757395267 -0.065709963 -0.649641395 -116.592773438 0.086426347 0.996257722 -0.000007986 -9.020500183 0.647210836 -0.056139991 0.760240614 134.414062500
0.758730531 -0.069211915 -0.647716761 -117.314727783 0.088589936 0.996064126 -0.002661122 -9.039874077 0.645351589 -0.055362012 0.761876404 135.261993408
0.760125160 -0.071097098 -0.645874739 -118.037452698 0.090875544 0.995858192 -0.002672151 -9.060597420 0.643389642 -0.056662951 0.763438523 136.113449097
0.761455715 -0.070736200 -0.644345343 -118.751754761 0.090948857 0.995853424 -0.001845893 -9.084243774 0.641804099 -0.057196815 0.764732242 136.960418701
0.763998389 -0.068202637 -0.641602814 -119.471450806 0.088284560 0.996094584 -0.000759107 -9.105572701 0.639148831 -0.056063578 0.767036498 137.817657471
0.766609311 -0.065187156 -0.638795733 -120.200347900 0.086926728 0.996210694 0.002659185 -9.123380661 0.636201799 -0.057566896 0.769371629 138.681945801
0.768594146 -0.062071756 -0.636717558 -120.916374207 0.084825255 0.996381462 0.005259832 -9.134095192 0.634087086 -0.058052327 0.771079004 139.537536621
0.769955158 -0.065293834 -0.634747803 -121.621185303 0.087757304 0.996133387 0.003982384 -9.153800011 0.632033467 -0.058769934 0.772708952 140.404434204
0.771406591 -0.066903278 -0.632815003 -122.327270508 0.086109675 0.996285081 -0.000362162 -9.171027184 0.630488396 -0.054212041 0.774302781 141.266525269
0.772442222 -0.071005322 -0.631102383 -123.031463623 0.088014051 0.996109247 -0.004346841 -9.193487167 0.628955662 -0.052188110 0.775687158 142.126968384
0.772625983 -0.071263358 -0.630848289 -123.728004456 0.088389657 0.996076345 -0.004266670 -9.218341827 0.628677249 -0.052463837 0.775894225 142.974441528
0.773090065 -0.069170177 -0.630512714 -124.432189941 0.086903445 0.996212542 -0.002734327 -9.247564316 0.628313899 -0.052679759 0.776173949 143.829208374
0.772993088 -0.068950132 -0.630655706 -125.119842529 0.086290874 0.996264458 -0.003155988 -9.276273727 0.628517568 -0.051980186 0.776056170 144.668029785
0.772456706 -0.066130675 -0.631614149 -125.798965454 0.084193118 0.996447980 -0.001362017 -9.302426338 0.629460812 -0.052125376 0.775281549 145.493850708
0.772005260 -0.065238588 -0.632258475 -126.485939026 0.084030323 0.996462643 -0.000215087 -9.327317238 0.630036116 -0.052962743 0.774757326 146.322265625
0.770969629 -0.063806385 -0.633666754 -127.156295776 0.083796240 0.996481061 0.001613597 -9.356635094 0.631334066 -0.054342836 0.773604333 147.137084961
0.769384623 -0.065332793 -0.635435224 -127.827163696 0.083454654 0.996509969 -0.001410172 -9.382538795 0.633309841 -0.051944975 0.772152722 147.942733765
0.767591417 -0.067946106 -0.637327015 -128.486343384 0.084115230 0.996443212 -0.004924221 -9.412407875 0.635395050 -0.049829029 0.770577550 148.734390259
0.765951097 -0.070566393 -0.639013529 -129.150497437 0.084575117 0.996378839 -0.008654729 -9.442861557 0.637310624 -0.047415450 0.769146562 149.532211304
0.764675319 -0.070045352 -0.640596807 -129.806335449 0.083373837 0.996472955 -0.009435600 -9.469953537 0.638998628 -0.046193752 0.767819166 150.308074951
0.763658941 -0.068524137 -0.641972244 -130.466781616 0.081366129 0.996637404 -0.009591951 -9.498730659 0.640471101 -0.044909727 0.766667604 151.087921143
0.762755394 -0.068175428 -0.643082559 -131.162399292 0.080219015 0.996721029 -0.010518736 -9.525866508 0.641691327 -0.043564141 0.765724361 151.890899658
0.761785328 -0.069513269 -0.644088447 -131.824920654 0.081101716 0.996637166 -0.011640368 -9.553860664 0.642731905 -0.043369129 0.764862239 152.674057007
0.761025786 -0.069933929 -0.644940138 -132.490051270 0.082054742 0.996563733 -0.011238031 -9.580872536 0.643510163 -0.044367887 0.764150202 153.452713013
0.761091769 -0.069281891 -0.644932628 -133.167785645 0.081479236 0.996614635 -0.010906860 -9.608086586 0.643505275 -0.044247422 0.764161289 154.233963013
0.762210548 -0.068015598 -0.643745065 -133.833450317 0.080551915 0.996700168 -0.009931974 -9.646416664 0.642296672 -0.044284567 0.765175343 155.016738892
0.764029384 -0.065878205 -0.641808331 -134.496795654 0.077947609 0.996911049 -0.009536298 -9.675388336 0.640454352 -0.042741332 0.766805589 155.795089722
0.766461313 -0.063085251 -0.639183939 -135.163833618 0.075515687 0.997112811 -0.007858906 -9.710680962 0.637834489 -0.042244785 0.769013584 156.580856323
0.768313766 -0.065313749 -0.636731386 -135.813461304 0.075680226 0.997071087 -0.010956470 -9.741724968 0.635582268 -0.039769880 0.771007717 157.357162476
0.769802809 -0.072481073 -0.634152114 -136.452819824 0.080383770 0.996629298 -0.016332265 -9.774489403 0.633198559 -0.038402822 0.773035645 158.143661499
0.770974100 -0.079995029 -0.631821632 -137.086303711 0.085248731 0.996113777 -0.022094246 -9.811503410 0.631133914 -0.036827806 0.774798691 158.928649902
0.772274435 -0.084265567 -0.629674852 -137.721191406 0.089370221 0.995716989 -0.023641327 -9.850036621 0.628970206 -0.038016487 0.776498854 159.717224121
0.773793817 -0.084763467 -0.627739787 -138.352798462 0.091695622 0.995556235 -0.021399504 -9.891190529 0.626764178 -0.041002084 0.778128922 160.501327515
