1.000000000 0.000000000 0.000000000 0.000000000 0.000000000 1.000000000 0.000000000 0.000000000 0.000000000 0.000000000 1.000000000 0.000000000
0.999999285 0.000778011 -0.000888440 -0.009521003 -0.000778109 0.999999702 -0.000109743 -0.024486458 0.000888355 0.000110434 0.999999583 1.541940331
0.999997497 0.001894946 -0.001152650 -0.012848824 -0.001895610 0.999998033 -0.000574795 -0.059011601 0.001151559 0.000576978 0.999999166 3.134497166
0.999993384 0.003354947 -0.001391592 -0.017188838 -0.003356731 0.999993563 -0.001281723 -0.098695889 0.001387283 0.001286385 0.999998212 4.626346588
0.999984860 0.005438172 -0.000837825 -0.032971054 -0.005440035 0.999982774 -0.002236960 -0.127832398 0.000825646 0.002241484 0.999997139 6.082286835
0.999966860 0.008114162 0.000709893 -0.043482758 -0.008112090 0.999963105 -0.002874979 -0.164087862 -0.000733194 0.002869125 0.999995589 7.558620453
0.999939382 0.010570648 0.003089859 -0.044311043 -0.010562509 0.999940932 -0.002638488 -0.199063823 -0.003117566 0.002605692 0.999991715 9.076154709
0.999905229 0.011488412 0.007587119 -0.061110731 -0.011460199 0.999927521 -0.003751370 -0.231437653 -0.007629664 0.003664064 0.999964178 10.527468681
0.999849021 0.012148722 0.012422102 -0.051957056 -0.012117910 0.999923527 -0.002552601 -0.267135978 -0.012452158 0.002401685 0.999919593 11.985825539
0.999762118 0.011923647 0.018261880 -0.039477862 -0.011888056 0.999927402 -0.002056101 -0.301265240 -0.018285064 0.001838513 0.999831140 13.421158791
0.999594748 0.012494138 0.025576876 -0.014588447 -0.012436632 0.999919951 -0.002406101 -0.336227119 -0.025604885 0.002087035 0.999669969 14.827379227
0.999262333 0.014243890 0.035662394 0.020138605 -0.014140680 0.999895275 -0.003144549 -0.372467190 -0.035703439 0.002637939 0.999358892 16.192871094
0.998699963 0.016590610 0.048197437 0.066456243 -0.016455421 0.999859691 -0.003200322 -0.409703672 -0.048243754 0.002403052 0.998832703 17.542867661
0.997873247 0.018691795 0.062445447 0.131987840 -0.018535480 0.999823689 -0.003081638 -0.447974294 -0.062492017 0.001917628 0.998043656 18.864873886
0.996719182 0.021019001 0.078160197 0.232753187 -0.020851437 0.999778450 -0.002959445 -0.479104996 -0.078205064 0.001319983 0.996936440 20.169570923
0.995112419 0.022208931 0.096218780 0.346779317 -0.021906545 0.999751389 -0.004198033 -0.517554045 -0.096288070 0.002069693 0.995351315 21.447793961
0.992912054 0.024455329 0.116308548 0.482511520 -0.024322912 0.999701083 -0.002557873 -0.550456703 -0.116336308 -0.000289219 0.993209779 22.713373184
0.990040123 0.022603765 0.138959184 0.639389455 -0.022413161 0.999744713 -0.002936556 -0.585271239 -0.138990045 -0.000207206 0.990293741 23.973421097
0.986660898 0.023419503 0.161095381 0.829416513 -0.022572709 0.999720335 -0.007084855 -0.615804195 -0.161216214 0.003353990 0.986913383 25.187374115
0.982703447 0.019021314 0.184206411 1.043418527 -0.017189797 0.999785900 -0.011534691 -0.646191180 -0.184386343 0.008168707 0.982819915 26.383195877
0.978141248 0.014627861 0.207425892 1.287192225 -0.012944989 0.999871612 -0.009468202 -0.679571509 -0.207537711 0.006576111 0.978204906 27.575721741
0.973061740 0.006507966 0.230452299 1.569973826 -0.004887732 0.999959350 -0.007600849 -0.711497664 -0.230492353 0.006269705 0.973053873 28.752002716
0.967512608 0.004906784 0.252774745 1.869057178 -0.002772992 0.999957681 -0.008797034 -0.741640031 -0.252807140 0.007810296 0.967485130 29.931953430
0.960906625 0.001292148 0.276869178 2.190435410 0.001954756 0.999932766 -0.011450882 -0.771350443 -0.276865274 0.011544436 0.960839331 31.102037430
0.953524768 0.001136055 0.301311970 2.538902283 0.003272950 0.999895155 -0.014127456 -0.799425483 -0.301296294 0.014457055 0.953420877 32.236270905
0.945551097 0.001519418 0.325469643 2.912324905 0.004005390 0.999859393 -0.016304141 -0.833116889 -0.325448483 0.016720029 0.945411861 33.355007172
0.936831236 0.000710585 0.349780679 3.324929714 0.005154702 0.999861598 -0.015837265 -0.868050516 -0.349743366 0.016639855 0.936697721 34.483715057
0.927488506 -0.000465871 0.373851150 3.767348766 0.006255870 0.999878883 -0.014274212 -0.904946506 -0.373799026 0.015577927 0.927378833 35.603000641
0.917274714 -0.001744909 0.398251086 4.233137131 0.008152922 0.999863446 -0.014397439 -0.942589581 -0.398171365 0.016453311 0.917163372 36.695468903
0.906108201 0.000184491 0.423045784 4.726379871 0.007806669 0.999822736 -0.017156871 -0.977202594 -0.422973752 0.018848553 0.905945778 37.774612427
0.893921971 0.002870747 0.448213249 5.255963326 0.006952161 0.999770820 -0.020268867 -1.015212059 -0.448168457 0.021234829 0.893696785 38.842258453
0.880799055 0.005580571 0.473457068 5.823622704 0.006246782 0.999706984 -0.023404639 -1.057379246 -0.473448694 0.023572363 0.880505800 39.897994995
0.866669118 0.007648661 0.498824567 6.402922153 0.005384075 0.999681294 -0.024682889 -1.101411223 -0.498854101 0.024077600 0.866351366 40.931533813
0.851856530 0.010263416 0.523674428 7.011563301 0.003899051 0.999656498 -0.025934661 -1.146599293 -0.523760378 0.024134440 0.851523578 41.947467804
0.835781276 0.013082017 0.548906565 7.651147366 0.003191336 0.999583960 -0.028682165 -1.197809577 -0.549053073 0.025723757 0.835391402 42.951499939
0.819634199 0.015209408 0.572685182 8.324012756 0.004230165 0.999460101 -0.032597978 -1.247079134 -0.572871387 0.029140964 0.819126904 43.916351318
0.802542150 0.019496143 0.596276581 9.023252487 0.002203390 0.999362767 -0.035641223 -1.301046371 -0.596591055 0.029917410 0.801987350 44.883052826
0.784585655 0.021188658 0.619658053 9.733664513 0.003083930 0.999270737 -0.038073909 -1.357932329 -0.620012462 0.031783223 0.783947766 45.803997040
0.765863359 0.023062339 0.642589450 10.478611946 0.004448483 0.999143243 -0.041160803 -1.421109676 -0.642987728 0.034382097 0.765104175 46.707252502
0.746645451 0.025598885 0.664729238 11.218257904 0.004782293 0.999027491 -0.043844406 -1.484128118 -0.665204704 0.035915155 0.745796621 47.571769714
0.726613104 0.026995635 0.686516047 12.019806862 0.006755832 0.998899281 -0.046429776 -1.553120852 -0.687013328 0.038374469 0.725630701 48.435112000
0.705528438 0.029497538 0.708067179 12.844799995 0.008128204 0.998731375 -0.049705435 -1.623515606 -0.708634675 0.040823910 0.704393446 49.270111084
0.683615267 0.032201145 0.729131639 13.696298599 0.009135716 0.998570919 -0.052665982 -1.700021029 -0.729785085 0.042664401 0.682343960 50.079940796
0.661412477 0.035326190 0.749189794 14.556554794 0.009248509 0.998430610 -0.055243440 -1.780384898 -0.749965012 0.043467585 0.660047591 50.856594086
0.638676763 0.037178982 0.768576264 15.444454193 0.010155467 0.998338282 -0.056732498 -1.861562490 -0.769407868 0.044038974 0.637237728 51.608917236
0.615169585 0.040386081 0.787359595 16.359132767 0.009219090 0.998250842 -0.058406264 -1.945204496 -0.788340628 0.043188494 0.613721073 52.335800171
0.590653002 0.042098776 0.805826604 17.310272217 0.010518232 0.998152137 -0.059856042 -2.030722141 -0.806856871 0.043830026 0.589118600 53.045684814
0.566147923 0.044728175 0.823089063 18.276109695 0.011869238 0.997981429 -0.062396176 -2.119058609 -0.824217975 0.045094911 0.564474106 53.719310760
0.541669786 0.047600683 0.839242280 19.259033203 0.012793064 0.997813463 -0.064851590 -2.204073906 -0.840493679 0.045864642 0.539876401 54.364639282
0.516858697 0.049981099 0.854610205 20.258121490 0.014467308 0.997642219 -0.067095831 -2.297212362 -0.855948150 0.047042988 0.514916897 54.985557556
0.492594928 0.051995873 0.868703842 21.266189575 0.016378749 0.997483373 -0.068991393 -2.382950306 -0.870104313 0.048213102 0.490503550 55.561717987
0.468509972 0.054877669 0.881751955 22.334102631 0.017398082 0.997302771 -0.071313486 -2.482424021 -0.883286655 0.048751879 0.466291487 56.129737854
0.443661004 0.055573024 0.894469798 23.415134430 0.019350206 0.997249424 -0.071556441 -2.580788136 -0.895985544 0.049054984 0.441365302 56.673706055
0.418534219 0.056314170 0.906453252 24.473983765 0.019420611 0.997293174 -0.070924677 -2.681423426 -0.907993138 0.047288291 0.416307658 57.179653168
0.393321067 0.057110291 0.917625546 25.568380356 0.019620650 0.997320771 -0.070480242 -2.785107374 -0.919191539 0.045725785 0.391146749 57.658863068
0.368288904 0.060599856 0.927734137 26.637729645 0.019476876 0.997152090 -0.072866097 -2.886217833 -0.929507136 0.044905152 0.366059780 58.109344482
0.344371259 0.063253313 0.936700106 27.774158478 0.021417541 0.996939361 -0.075195119 -2.988139391 -0.938588977 0.045956869 0.341962576 58.536533356
0.322134644 0.064930372 0.944464386 28.887454987 0.023791520 0.996775389 -0.076641358 -3.085859537 -0.946394622 0.047159098 0.319551110 58.927425385
0.301255077 0.066273071 0.951237619 30.035354614 0.028297286 0.996521652 -0.078389689 -3.193080664 -0.953123391 0.050532747 0.298331887 59.292678833
0.281686276 0.068610415 0.957050204 31.183227539 0.032508690 0.996185601 -0.080984183 -3.300176620 -0.958955467 0.053924594 0.278381437 59.628635406
0.264361978 0.071172312 0.961793542 32.335899353 0.037244547 0.995776415 -0.083924159 -3.409810543 -0.963703871 0.058007941 0.260594726 59.941448212
0.249420181 0.074897163 0.965494454 33.499149323 0.041462932 0.995264947 -0.087917835 -3.520628929 -0.967507124 0.061960727 0.245133787 60.236064911
0.236451939 0.077858359 0.968518496 34.688491821 0.044984326 0.994838893 -0.090956569 -3.633968592 -0.970601141 0.065075018 0.231729254 60.525699615
0.225604296 0.078950427 0.971014440 35.877162933 0.047231100 0.994653046 -0.091845989 -3.750525236 -0.973073244 0.066582941 0.220669165 60.808540344
0.216014072 0.078550145 0.973225176 37.109523773 0.049499556 0.994596481 -0.091261774 -3.875839233 -0.975134552 0.067888044 0.210958719 61.082118988
0.207365587 0.079322644 0.975041926 38.339202881 0.051548339 0.994437039 -0.091863416 -3.996753216 -0.976904273 0.069311112 0.202123135 61.345672607
0.198860377 0.079574935 0.976791561 39.581649780 0.053244390 0.994349420 -0.091845021 -4.121860504 -0.978580177 0.070273012 0.193499833 61.602451324
0.190814599 0.079209857 0.978424728 40.834060669 0.055917043 0.994244099 -0.091395557 -4.243078232 -0.980031908 0.072150238 0.185287163 61.854373932
0.183506161 0.078796320 0.979855120 42.129570007 0.059096657 0.994095683 -0.091009006 -4.366700172 -0.981240332 0.074606888 0.177766129 62.105136871
0.177543551 0.077387296 0.981065214 43.420814514 0.061740525 0.994064271 -0.089585818 -4.490825176 -0.982174098 0.076476872 0.171711802 62.339542389
0.172088459 0.075619757 0.982174456 44.731300354 0.063813291 0.994099855 -0.087718703 -4.613526344 -0.983012140 0.077771179 0.166247606 62.562572479
0.166313499 0.074678317 0.983240783 46.062091827 0.064878501 0.994139373 -0.086480111 -4.737185478 -0.983936012 0.078174010 0.160493836 62.786411285
0.160517693 0.077434592 0.983990550 47.383380890 0.063166216 0.994069040 -0.088531919 -4.860934734 -0.985009432 0.076365918 0.154674485 63.013587952
0.154624507 0.080632992 0.984677076 48.743030548 0.060196590 0.994043887 -0.090852670 -4.988217831 -0.986137509 0.073322274 0.148849770 63.235286713
0.148291469 0.080453530 0.985665321 50.109317780 0.058677129 0.994214177 -0.089979105 -5.119999409 -0.987201214 0.071179166 0.142712757 63.444858551
0.141907409 0.079426281 0.986687958 51.492271423 0.056129307 0.994526863 -0.088129856 -5.254102230 -0.988287151 0.067888401 0.136672661 63.652473450
0.135914624 0.077644125 0.987672985 52.906768799 0.056728613 0.994679153 -0.086001307 -5.386075974 -0.989094973 0.067718156 0.130786881 63.849826813
0.130173117 0.077596471 0.988449872 54.327892303 0.057510860 0.994663835 -0.085658073 -5.517796516 -0.989821792 0.067996979 0.125015929 64.040229797
0.124812394 0.077795118 0.989125490 55.747444153 0.059424277 0.994545996 -0.085719824 -5.646511555 -0.990399063 0.069476970 0.119508840 64.220214844
0.121133760 0.077135302 0.989634335 57.175670624 0.061157506 0.994502604 -0.085000530 -5.775378227 -0.990750253 0.070820011 0.115750536 64.393852234
0.118750818 0.074820183 0.990100801 58.605644226 0.063280903 0.994559824 -0.082746878 -5.902952671 -0.990905344 0.072480731 0.113370202 64.558372498
0.117091797 0.073168762 0.990421712 60.021526337 0.064087503 0.994647264 -0.081057563 -6.029460907 -0.991050899 0.072964840 0.111775935 64.713752747
0.115071818 0.072431169 0.990712583 61.488613129 0.063556828 0.994758129 -0.080109045 -6.161463261 -0.991321623 0.072184853 0.109865241 64.889709473
0.113322064 0.073343217 0.990847170 62.952629089 0.062274825 0.994786799 -0.080757082 -6.288771152 -0.991604507 0.070856400 0.108163960 65.054611206
0.111682892 0.074728936 0.990929723 64.423210144 0.061848726 0.994712889 -0.081984863 -6.419396400 -0.991817176 0.070444047 0.106470630 65.214622498
0.110245757 0.075441860 0.991036654 65.889297485 0.061749101 0.994669259 -0.082587488 -6.551434517 -0.991984129 0.070300542 0.104999706 65.377227783
0.108915791 0.075319313 0.991192997 67.385406494 0.060908787 0.994746387 -0.082282148 -6.684804440 -0.992182970 0.069334202 0.103756092 65.541992188
0.107697204 0.074738219 0.991370142 68.879096985 0.060663328 0.994818568 -0.081588276 -6.820393085 -0.992331028 0.068926655 0.102605417 65.708641052
0.106467314 0.073972881 0.991560340 70.377868652 0.061008420 0.994864225 -0.080769986 -6.953799248 -0.992442548 0.069092914 0.101407662 65.879051208
0.106020331 0.073282406 0.991659522 71.894332886 0.062187761 0.994840026 -0.080166005 -7.089974880 -0.992417216 0.070168324 0.100916110 66.033935547
0.105458379 0.072339810 0.991788626 73.413665771 0.064525567 0.994751215 -0.079416946 -7.225025177 -0.992327809 0.072370924 0.100237206 66.190795898
0.105179355 0.071191505 0.991901338 74.933105469 0.066424511 0.994704068 -0.078436129 -7.360857010 -0.992232144 0.074136443 0.099893592 66.344306946
0.104906149 0.070686974 0.991966367 76.445770264 0.068200409 0.994611204 -0.078087963 -7.497177124 -0.992140591 0.075844429 0.099520087 66.503829956
0.104554527 0.070664614 0.992005110 77.972579956 0.068973236 0.994555712 -0.078115821 -7.637153625 -0.992124259 0.076589175 0.099111468 66.668609619
0.104548961 0.070475541 0.992019176 79.460906982 0.069234140 0.994550467 -0.077951908 -7.778299332 -0.992106616 0.076831400 0.099100046 66.815986633
0.104252696 0.071005978 0.992012560 80.983001709 0.069167741 0.994515598 -0.078454077 -7.913185596 -0.992142439 0.076794334 0.098769754 66.981529236
0.103698656 0.072085313 0.991992772 82.500244141 0.069078080 0.994440019 -0.079484232 -8.053628922 -0.992206752 0.076767385 0.098142736 67.145980835
0.103204295 0.073245555 0.991959333 84.017547607 0.068377107 0.994403481 -0.080540001 -8.197045326 -0.992306888 0.076139398 0.097618550 67.303283691
0.102728002 0.072848022 0.992038071 85.534545898 0.068067975 0.994462252 -0.080074608 -8.344622612 -0.992377520 0.075751938 0.097200669 67.469688416
0.102326408 0.070993043 0.992214024 87.045120239 0.067282304 0.994672060 -0.078107670 -8.482460976 -0.992472529 0.074750938 0.097004823 67.631538391
0.101788625 0.069429077 0.992379963 88.573539734 0.065826446 0.994905353 -0.076357558 -8.622024536 -0.992625415 0.073097192 0.096699953 67.797088623
0.101111948 0.069493227 0.992444634 90.084754944 0.064118326 0.995028436 -0.076206595 -8.750813484 -0.992806315 0.071339302 0.096153654 67.962760925
0.100151569 0.070586488 0.992464840 91.616790771 0.061912198 0.995105326 -0.077021927 -8.887163162 -0.993043602 0.069159560 0.095291384 68.129013062
0.099323273 0.071758255 0.992464066 93.115699768 0.059901420 0.995156348 -0.077947654 -9.020022392 -0.993250072 0.067192040 0.094543949 68.286941528
0.098489806 0.071853913 0.992540181 94.658294678 0.057864301 0.995288849 -0.077794731 -9.159790993 -0.993453801 0.065094650 0.093868218 68.451072693
0.097871311 0.071560025 0.992622554 96.178092957 0.056269001 0.995418131 -0.077309564 -9.295780182 -0.993606508 0.063420296 0.093396455 68.604888916
0.096770704 0.072300918 0.992676795 97.703666687 0.054760303 0.995460808 -0.077841923 -9.434170723 -0.993798554 0.061892129 0.092372417 68.753364563
0.095672525 0.073902518 0.992665291 99.239555359 0.054558203 0.995351970 -0.079360776 -9.565079689 -0.993915975 0.061750714 0.091196045 68.898498535
0.094117098 0.074348114 0.992780685 100.742630005 0.054479361 0.995328844 -0.079703622 -9.691007614 -0.994068742 0.061587568 0.089627229 69.062171936
0.092392378 0.073903441 0.992975831 102.261421204 0.054329604 0.995382130 -0.079137638 -9.830050468 -0.994238734 0.061259735 0.087950781 69.200431824
0.090010896 0.074195392 0.993172705 103.794525146 0.053821191 0.995401621 -0.079239652 -9.974516869 -0.994484782 0.060586207 0.085603908 69.336334229
0.087636836 0.074442044 0.993366539 105.324066162 0.053619154 0.995405674 -0.079325192 -10.116465569 -0.994707704 0.060215317 0.083242886 69.481430054
0.085273378 0.075057201 0.993525922 106.880332947 0.054208599 0.995332062 -0.079846270 -10.254977226 -0.994881153 0.060666442 0.080806784 69.613296509
0.083144002 0.075332217 0.993685544 108.468353271 0.054497167 0.995302796 -0.080014676 -10.400973320 -0.995045543 0.060805824 0.078648262 69.743713379
0.080928616 0.073909029 0.993975222 110.032958984 0.054775875 0.995410025 -0.078475460 -10.541565895 -0.995212913 0.060796808 0.076508924 69.871955872
0.079024456 0.073621280 0.994149804 111.582321167 0.053805534 0.995500445 -0.077998213 -10.685664177 -0.995418847 0.059654560 0.074707851 69.995429993
0.076982088 0.073802464 0.994296610 113.173248291 0.053800251 0.995496154 -0.078056842 -10.825642586 -0.995579123 0.059502419 0.072664976 70.126190186
0.075523712 0.074262723 0.994374216 114.753410339 0.053697441 0.995472908 -0.078423083 -10.967816353 -0.995696366 0.059318181 0.071194284 70.249137878
0.074295409 0.074337266 0.994461179 116.380004883 0.053467408 0.995486438 -0.078408353 -11.108709335 -0.995801151 0.058996670 0.069985650 70.381668091
0.073227540 0.074197769 0.994550765 117.909072876 0.053664204 0.995490730 -0.078219064 -11.235596657 -0.995869696 0.059099600 0.068915777 70.499259949
0.072156571 0.073628291 0.994671345 119.465530396 0.053503226 0.995549858 -0.077574551 -11.375991821 -0.995956540 0.058815677 0.067896307 70.623519897
0.070866168 0.072053947 0.994879425 121.042129517 0.052968293 0.995708525 -0.075886913 -11.514366150 -0.996077776 0.058074914 0.066745669 70.746269226
0.069674201 0.071681842 0.994990468 122.613166809 0.052770760 0.995753586 -0.075432025 -11.664521217 -0.996172369 0.057762101 0.065595828 70.876358032
0.068826415 0.072997540 0.994953811 124.210166931 0.052727532 0.995659232 -0.076696694 -11.802902222 -0.996233582 0.057740249 0.064678878 70.989303589
0.068042062 0.074777484 0.994875550 125.789337158 0.053575411 0.995474458 -0.078486606 -11.931336403 -0.996242225 0.058641292 0.063728102 71.109832764
0.067102820 0.075959541 0.994849801 127.369407654 0.053717379 0.995376527 -0.079622962 -12.064263344 -0.996298254 0.058783688 0.062712424 71.226791382
0.066523306 0.076364651 0.994857669 128.963699341 0.054069389 0.995325983 -0.080016010 -12.205117226 -0.996318042 0.059114315 0.062083576 71.337753296
0.065604158 0.076320805 0.994922042 130.578338623 0.053928137 0.995342255 -0.079908945 -12.353151321 -0.996386647 0.058896691 0.061182946 71.448822021
0.064711355 0.074783154 0.995097220 132.176300049 0.054018755 0.995463371 -0.078323454 -12.503772736 -0.996440113 0.058822371 0.060378283 71.555068970
0.064450480 0.073081814 0.995240569 133.788833618 0.055193901 0.995527029 -0.076677077 -12.647285461 -0.996392608 0.059873123 0.060128719 71.653427124
0.064730495 0.071359865 0.995347321 135.411834717 0.056163732 0.995598197 -0.075030297 -12.791687012 -0.996320188 0.060759205 0.060437925 71.756591797
0.065358259 0.069951959 0.995406270 136.985519409 0.057315171 0.995629609 -0.073730908 -12.927463531 -0.996213555 0.061870839 0.061063517 71.853172302
0.065968528 0.069470577 0.995399714 138.584564209 0.057326183 0.995661676 -0.073288009 -13.081118584 -0.996172726 0.061897203 0.061700065 71.958564758
0.067195892 0.069602706 0.995308399 140.129638672 0.058596928 0.995566428 -0.073576733 -13.218010902 -0.996016800 0.063266098 0.062819682 72.057281494
0.068699993 0.070260465 0.995159507 141.727600098 0.059300214 0.995465398 -0.074375764 -13.347894669 -0.995872557 0.064122818 0.064222217 72.187667847
0.070803799 0.070742428 0.994977891 143.247879028 0.060255487 0.995356917 -0.075057186 -13.488094330 -0.995667875 0.065267235 0.066212647 72.278961182
0.072271697 0.071494281 0.994818568 144.813400269 0.059339557 0.995352268 -0.075843513 -13.635909081 -0.995617390 0.064513460 0.067693569 72.393112183
0.073028639 0.071644656 0.994752467 146.379760742 0.058932252 0.995363414 -0.076015078 -13.785317421 -0.995586336 0.064174302 0.068468057 72.504730225
0.073008589 0.070819110 0.994813085 147.941909790 0.057436258 0.995521426 -0.075084724 -13.931394577 -0.995675206 0.062620193 0.068614230 72.632705688
0.072624139 0.069182970 0.994956315 149.498107910 0.056966189 0.995674729 -0.073391005 -14.071982384 -0.995730340 0.062008854 0.068369135 72.746925354
0.071273342 0.067734651 0.995153666 151.025024414 0.056524653 0.995813906 -0.071827903 -14.209654808 -0.995853126 0.061370153 0.067146510 72.862495422
0.068665840 0.067047253 0.995383501 152.559295654 0.056503970 0.995875955 -0.070978314 -14.342412949 -0.996037483 0.061116926 0.064594433 72.977813721
0.064479806 0.066762298 0.995682597 154.050201416 0.057219330 0.995870531 -0.070480391 -14.454770088 -0.996276379 0.061516877 0.060393650 73.074905396
0.058148492 0.066409610 0.996095955 155.600402832 0.056168664 0.995986581 -0.069681242 -14.585872650 -0.996725738 0.060001265 0.054185182 73.174690247
0.049878627 0.066051133 0.996568143 157.134613037 0.054947451 0.996117890 -0.068771429 -14.716297150 -0.997241855 0.058189124 0.046055857 73.260665894
0.039653141 0.066158921 0.997020245 158.662963867 0.053862136 0.996213138 -0.068247557 -14.840696335 -0.997759938 0.056407891 0.035939723 73.329093933
0.027125437 0.065811656 0.997462690 160.174362183 0.052025121 0.996384978 -0.067155361 -14.970723152 -0.998276532 0.053714756 0.023603722 73.389060974
0.012845263 0.065023661 0.997800410 161.712509155 0.051356930 0.996523082 -0.065601587 -15.095201492 -0.998596966 0.052086659 0.009461390 73.421653748
-0.002530010 0.064870760 0.997889817 163.215789795 0.050257597 0.996640503 -0.064662144 -15.221430779 -0.998732328 0.049987972 -0.005781559 73.435028076
-0.018768327 0.065673396 0.997664034 164.724060059 0.049547110 0.996675134 -0.064676233 -15.338305473 -0.998594761 0.048217524 -0.021959657 73.422500610
-0.035329856 0.066521861 0.997158647 166.207595825 0.048724037 0.996709883 -0.064765632 -15.453120232 -0.998186588 0.046297453 -0.038454644 73.386589050
-0.052508131 0.066035815 0.996434093 167.670043945 0.048861284 0.996785581 -0.063484341 -15.573988914 -0.997423768 0.045353625 -0.055565767 73.319351196
-0.070964418 0.064986713 0.995359004 169.087783813 0.048162088 0.996934414 -0.061655875 -15.690351486 -0.996314764 0.043563213 -0.073876597 73.243705750
-0.089582250 0.063788876 0.993933976 170.512771606 0.050001964 0.996976137 -0.059477527 -15.803791046 -0.994722843 0.044370539 -0.092500761 73.120475769
-0.108674064 0.061954472 0.992144287 171.936279297 0.051415682 0.997070014 -0.056630306 -15.909336090 -0.992746234 0.044857550 -0.111540914 72.975311279
-0.128186211 0.060368102 0.989910483 173.331420898 0.054157861 0.997081995 -0.053792443 -16.010053635 -0.990269601 0.046716001 -0.131081417 72.798500061
-0.148428082 0.061268061 0.987022877 174.717254639 0.058010332 0.996899307 -0.053157609 -16.102727890 -0.987219572 0.049367461 -0.151521906 72.599555969
-0.168779403 0.061684389 0.983721197 176.052963257 0.059737269 0.996844888 -0.052258093 -16.197853088 -0.983841240 0.049944747 -0.171931610 72.381492615
-0.190053925 0.064861439 0.979628146 177.418930054 0.062018514 0.996615112 -0.053954225 -16.293569565 -0.979812145 0.050500888 -0.193433121 72.124732971
-0.212497458 0.066362672 0.974904895 178.730758667 0.062926859 0.996549129 -0.054120064 -16.383283615 -0.975132644 0.049847346 -0.215940073 71.849090576
-0.236850321 0.067533195 0.969195485 180.051284790 0.062118545 0.996592104 -0.054261811 -16.477790833 -0.969557583 0.047353100 -0.240238175 71.539489746
-0.262579769 0.066839576 0.962591827 181.366485596 0.062049344 0.996702313 -0.052282069 -16.570976257 -0.962912440 0.045999993 -0.265861183 71.196540833
-0.288788050 0.065176882 0.955171227 182.650512695 0.060415078 0.996931732 -0.049760483 -16.666908264 -0.955484271 0.043336529 -0.291839629 70.813713074
-0.315948635 0.064753473 0.946563303 183.919799805 0.060769208 0.997000396 -0.047920007 -16.762981415 -0.946827531 0.042381663 -0.318935931 70.399314880
-0.343535841 0.064513467 0.936920345 185.152938843 0.060396135 0.997089744 -0.046511434 -16.850666046 -0.937194824 0.040608045 -0.346432447 69.968719482
-0.370839149 0.065566771 0.926378965 186.352951050 0.061693933 0.997039974 -0.045871284 -16.931913376 -0.926644981 0.040141117 -0.373786569 69.494239807
-0.398720771 0.067359574 0.914594471 187.565277100 0.064174660 0.996902943 -0.045444418 -17.012426376 -0.914823532 0.040574174 -0.401808709 68.974288940
-0.426751733 0.068875708 0.901741445 188.741577148 0.065049171 0.996850312 -0.045355514 -17.096364975 -0.902025640 0.039302018 -0.429887921 68.429817200
-0.455057621 0.071210086 0.887609243 189.900894165 0.066579305 0.996727586 -0.045830585 -17.177917480 -0.887968719 0.038240880 -0.458309591 67.843437195
-0.483117908 0.073078752 0.872499347 191.038681030 0.067087829 0.996670306 -0.046331394 -17.262174606 -0.872980475 0.036150582 -0.486411989 67.234359741
-0.510591984 0.074120983 0.856621504 192.133422852 0.067533568 0.996656239 -0.045984216 -17.340175629 -0.857166052 0.034371551 -0.513890445 66.599884033
-0.537733555 0.075268060 0.839747429 193.212707520 0.068478510 0.996614933 -0.045478091 -17.420146942 -0.840328455 0.033049576 -0.541067660 65.928077698
-0.564388990 0.076103471 0.821992517 194.289443970 0.070207089 0.996558309 -0.044060577 -17.497106552 -0.822517216 0.032842416 -0.567789733 65.213058472
-0.590120852 0.076420344 0.803688765 195.303573608 0.070801608 0.996572256 -0.042773917 -17.567646027 -0.804203331 0.031660698 -0.593509018 64.477317810
-0.615679502 0.076739579 0.784250021 196.288635254 0.070023336 0.996636868 -0.042549677 -17.638839722 -0.784878254 0.028718855 -0.618982732 63.723556519
-0.640696228 0.078733377 0.763745844 197.255508423 0.070031084 0.996573925 -0.043987136 -17.713762283 -0.764593005 0.025303574 -0.644015193 62.930419922
-0.665339530 0.079581879 0.742285907 198.190261841 0.069911018 0.996573806 -0.044180639 -17.788810730 -0.743259192 0.022498846 -0.668623805 62.113250732
-0.688211083 0.080852725 0.720990121 199.092086792 0.071518719 0.996490538 -0.043480501 -17.860925674 -0.721975863 0.021640539 -0.691578448 61.265678406
-0.710084319 0.082376435 0.699280202 199.972229004 0.073879853 0.996366858 -0.042352449 -17.938024521 -0.700229049 0.021588927 -0.713590562 60.383865356
-0.730916917 0.084430337 0.677222610 200.822830200 0.077506021 0.996166646 -0.040542401 -17.999774933 -0.678050220 0.022855725 -0.734659016 59.479671478
-0.750954151 0.084546924 0.654918373 201.654495239 0.078483157 0.996166945 -0.038608767 -18.074062347 -0.655672908 0.022406673 -0.754711390 58.541744232
-0.769969702 0.084849894 0.632412374 202.444549561 0.079612397 0.996148646 -0.036722805 -18.130212784 -0.633093297 0.022072442 -0.773759604 57.580158234
-0.788447142 0.083992824 0.609339416 203.215484619 0.079019979 0.996255040 -0.035079259 -18.189588547 -0.610004485 0.020491872 -0.792131841 56.599166870
-0.806104958 0.085669652 0.585537136 203.953445435 0.079902291 0.996160924 -0.035746861 -18.246953964 -0.586352289 0.017970067 -0.809855759 55.602375031
-0.822905183 0.086757407 0.561514378 204.660339355 0.079921044 0.996121705 -0.036781751 -18.307136536 -0.562528372 0.014608951 -0.826647878 54.585037231
-0.838628590 0.087416478 0.537641823 205.342651367 0.081486776 0.996064365 -0.034847166 -18.362251282 -0.538572669 0.014586896 -0.842451811 53.538860321
-0.853785932 0.087480806 0.513220310 205.993484497 0.082409032 0.996061683 -0.032688897 -18.423669815 -0.514059246 0.014384695 -0.857633114 52.465660095
-0.868354917 0.087557308 0.488151461 206.613250732 0.083154880 0.996061802 -0.030737467 -18.483369827 -0.488920838 0.013901176 -0.872216463 51.379009247
-0.882138789 0.086553998 0.462966412 207.181549072 0.083337396 0.996142805 -0.027442548 -18.541372299 -0.463556439 0.014374313 -0.885949910 50.309665680
-0.895321131 0.086017780 0.437034637 207.732482910 0.083115339 0.996205211 -0.025802126 -18.583850861 -0.437596112 0.013223128 -0.899073541 49.189678192
-0.907752335 0.085978113 0.410599172 208.246215820 0.082951538 0.996233821 -0.025218828 -18.634683609 -0.411221474 0.011167414 -0.911466241 48.070610046
-0.919490397 0.084991425 0.383812636 208.738861084 0.081757337 0.996343851 -0.024766194 -18.687480927 -0.384514689 0.008607250 -0.923077941 46.912841797
-0.930499911 0.084489077 0.356412500 209.197647095 0.080979235 0.996406853 -0.024786748 -18.722230911 -0.357226461 0.005797968 -0.933999002 45.750591278
-0.940932512 0.082799375 0.328311831 209.646789551 0.079541154 0.996556938 -0.023366271 -18.764259338 -0.329116523 0.004128240 -0.944279492 44.655517578
-0.950299442 0.081399277 0.300505340 210.041152954 0.078836173 0.996672571 -0.020666668 -18.811153412 -0.301188052 0.004051188 -0.953555346 43.419902802
-0.958645880 0.079573244 0.273248285 210.202072144 0.077814579 0.996817172 -0.017285930 -18.868207932 -0.273754478 0.004691637 -0.961787343 42.296237946
-0.966227233 0.079170071 0.245225325 210.519287109 0.077703670 0.996852636 -0.015665121 -18.900499344 -0.245694131 0.003918862 -0.969338655 41.079563141
-0.972912014 0.077548943 0.217777073 210.596435547 0.076227769 0.996984541 -0.014474374 -18.980546951 -0.218243256 0.002518386 -0.975890338 39.969024658
-0.979238391 0.076037616 0.187906608 210.855972290 0.074576169 0.997103930 -0.014845463 -19.012218475 -0.188491642 -0.000523878 -0.982073784 38.723907471
-0.985005319 0.070147626 0.157614291 211.089401245 0.069136426 0.997535467 -0.011896081 -19.024652481 -0.158060700 -0.000820801 -0.987428188 37.331577301
-0.989392459 0.067185275 0.128790796 211.190612793 0.066665813 0.997739613 -0.008344930 -19.067590714 -0.129060686 0.000329545 -0.991635740 35.955669403
-0.992834270 0.065412052 0.099998288 211.275512695 0.065253317 0.997856021 -0.004860826 -19.099342346 -0.100102171 0.001699237 -0.994974792 34.641784668
-0.995433033 0.064512871 0.070351757 211.348342896 0.064428665 0.997915387 -0.003467786 -19.103792191 -0.070429124 0.001080732 -0.997515261 33.196857452
-0.997024715 0.064194530 0.042650025 211.176895142 0.064176992 0.997936010 -0.001781746 -19.116523743 -0.042676654 0.000960716 -0.999087512 31.830442429
-0.997989357 0.062243726 0.011884019 211.195358276 0.062252373 0.998059452 0.000359112 -19.244468689 -0.011838859 0.001098208 -0.999928296 30.506958008
-0.997881055 0.062316101 -0.018665805 211.130264282 0.062263545 0.998053074 0.003383963 -19.293725967 0.018840112 0.002214605 -0.999819040 29.002649307
-0.996880412 0.062294707 -0.048447300 210.945037842 0.062042870 0.998050153 0.006685992 -19.331916809 0.048769131 0.003659336 -0.998802364 27.556198120
-0.994836330 0.062783018 -0.079732768 210.799224854 0.062253628 0.998017848 0.009110509 -19.351432800 0.080146529 0.004099823 -0.996773660 26.198673248
-0.991644084 0.063023612 -0.112554312 210.680465698 0.062363617 0.998008490 0.009378595 -19.339321136 0.112921081 0.002280945 -0.993600309 24.878679276
-0.987406850 0.062822707 -0.145187438 210.486892700 0.061824225 0.998021185 0.011383513 -19.342485428 0.145615146 0.002264069 -0.989337683 23.601308823
-0.981946945 0.062090427 -0.178670824 210.257171631 0.060259659 0.998058915 0.015660821 -19.350151062 0.179296270 0.004611466 -0.983783305 22.279237747
-0.975271106 0.061153818 -0.212378472 209.951461792 0.058258414 0.998102844 0.019870453 -19.353889465 0.213190600 0.007006263 -0.976984441 20.994216919
-0.967223406 0.060336836 -0.246650666 209.631393433 0.056388520 0.998141944 0.023046514 -19.356063843 0.247582838 0.008382880 -0.968829393 19.682737350
-0.957850456 0.059104800 -0.281118006 209.283401489 0.054481432 0.998219550 0.024240749 -19.338165283 0.282050192 0.007903321 -0.959365964 18.412519455
-0.947395027 0.057577480 -0.314842314 208.864440918 0.052501302 0.998317122 0.024587298 -19.338005066 0.315728128 0.006764272 -0.948824465 17.219306946
-0.935674846 0.055579882 -0.348456085 208.421478271 0.049465287 0.998425126 0.026427826 -19.315351486 0.349376202 0.007491389 -0.936951458 15.966767311
-0.922890723 0.053978965 -0.381257296 207.953842163 0.046426602 0.998499990 0.028986538 -19.307428360 0.382250160 0.009050946 -0.924013376 14.762132645
-0.909441888 0.052453332 -0.412507236 207.350509644 0.043664079 0.998573065 0.030711109 -19.299634933 0.413529634 0.009918240 -0.910435498 13.618141174
-0.895365000 0.051537834 -0.442338705 206.679916382 0.042209074 0.998629332 0.030914506 -19.282348633 0.443325818 0.009009077 -0.896314085 12.433455467
-0.880694568 0.050897714 -0.470940113 205.957977295 0.041428350 0.998676002 0.030459544 -19.240488052 0.471867114 0.007315300 -0.881638110 11.067315102
-0.865810692 0.050122082 -0.497853130 205.250274658 0.039623510 0.998712599 0.031638082 -19.242549896 0.498798162 0.007665919 -0.866683006 9.951728821
-0.850431979 0.051121507 -0.523593426 204.522994995 0.039504983 0.998661995 0.033340413 -19.212911606 0.524597526 0.007669222 -0.851314485 8.780347824
-0.835111737 0.052113198 -0.547604442 203.778579712 0.039154537 0.998607635 0.035321563 -19.178323746 0.548683047 0.008056268 -0.835990310 7.638460636
-0.819980800 0.054394707 -0.569798768 202.968750000 0.040778153 0.998495281 0.036636755 -19.146444321 0.570934653 0.006806103 -0.820966005 6.477204323
-0.804593027 0.057046395 -0.591078401 202.277557373 0.044607166 0.998367846 0.035634346 -19.119121552 0.592146933 0.002304819 -0.805825412 5.415423870
-0.789497852 0.060042914 -0.610807657 201.455963135 0.047730740 0.998194635 0.036429193 -19.084253311 0.611892760 -0.000393533 -0.790939331 4.350647449
-0.774045944 0.063283250 -0.629957259 200.524902344 0.048524603 0.997994125 0.040631443 -19.042888641 0.631265461 0.000882181 -0.775565028 3.262616158
-0.757854819 0.064224832 -0.649252892 199.388000488 0.047737837 0.997933090 0.042993680 -19.003217697 0.650672734 0.001589044 -0.759355307 2.049722672
-0.741381049 0.059922829 -0.668402135 198.431579590 0.044337351 0.998201847 0.040311430 -18.954885483 0.669616461 0.000250954 -0.742705703 1.022525668
-0.724825919 0.055486690 -0.686692536 197.489685059 0.043363784 0.998448312 0.034905624 -18.912582397 0.687564433 -0.004477088 -0.726108253 0.015563130
-0.708688140 0.051055286 -0.703670740 196.515625000 0.042866517 0.998650491 0.029285608 -18.871282578 0.704216957 -0.009409561 -0.709921181 -0.973554313
-0.693335891 0.048262686 -0.718995154 195.447143555 0.041319907 0.998774707 0.027197685 -18.835773468 0.719427526 -0.010851695 -0.694481492 -1.989015341
-0.677067399 0.045639157 -0.734503090 194.383544922 0.038004968 0.998910725 0.027035350 -18.800109863 0.734937668 -0.009610028 -0.678065300 -2.976746559
-0.660086811 0.040650547 -0.750087202 193.186965942 0.031835265 0.999150336 0.026132958 -18.760372162 0.750513077 -0.006629215 -0.660821021 -4.024128437
-0.642906368 0.037423812 -0.765028596 192.010681152 0.026292091 0.999294162 0.026788635 -18.714124680 0.765492082 -0.002891622 -0.643437445 -5.002135277
-0.625170112 0.036652762 -0.779626012 190.878875732 0.021289267 0.999324739 0.029910015 -18.681600571 0.780196846 0.002101182 -0.625529170 -5.942745209
-0.607325733 0.036163487 -0.793628037 189.532974243 0.017709458 0.999330282 0.031984612 -18.619544983 0.794254303 0.005370362 -0.607560396 -6.899364471
-0.589429080 0.035994701 -0.807016432 188.247665405 0.014573856 0.999316871 0.033927295 -18.567689896 0.807687461 0.008236402 -0.589551866 -7.834563732
-0.573071182 0.034916975 -0.818760037 186.809234619 0.011823848 0.999339044 0.034342196 -18.487358093 0.819419146 0.009999636 -0.573106050 -8.760147095
-0.557330966 0.034402922 -0.829576075 185.441192627 0.009995891 0.999345660 0.034727886 -18.436201096 0.830229104 0.011062581 -0.557310939 -9.740776062
-0.543246984 0.034445558 -0.838864744 184.133239746 0.008840065 0.999336183 0.035310082 -18.390394211 0.839525223 0.011766486 -0.543191612 -10.613698006
-0.530276775 0.034720581 -0.847112060 182.706192017 0.008523903 0.999327779 0.035623677 -18.327911377 0.847780526 0.011669719 -0.530216992 -11.493293762
-0.518028378 0.035619665 -0.854620218 181.233901978 0.008540110 0.999297023 0.036473092 -18.268213272 0.855319619 0.011595557 -0.517969072 -12.359610558
-0.505709171 0.037082829 -0.861905456 179.642150879 0.009102218 0.999248385 0.037651367 -18.210824966 0.862654805 0.011195400 -0.505667269 -13.263323784
-0.493732244 0.038758133 -0.868748605 178.046615601 0.009975040 0.999191880 0.038908664 -18.152765274 0.869555593 0.010544671 -0.493720531 -14.119752884
-0.482387006 0.041117039 -0.874991417 176.565567017 0.010401316 0.999095082 0.041214585 -18.092733383 0.875895321 0.010780329 -0.482378781 -14.949568748
-0.471922100 0.042712495 -0.880603790 174.958496094 0.011654312 0.999039650 0.042211477 -18.033487320 0.881562114 0.009657707 -0.471967280 -15.797968864
-0.462621003 0.042673524 -0.885527253 173.486495972 0.013581837 0.999063730 0.041049398 -17.966310501 0.886451006 0.006963233 -0.462768018 -16.593713760
-0.455925941 0.044173401 -0.888919592 171.939697266 0.015349162 0.999008238 0.041771546 -17.899265289 0.889884233 0.005400565 -0.456152350 -17.398700714
-0.450219184 0.045584857 -0.891752481 170.294601440 0.017522644 0.998953700 0.042218175 -17.830339432 0.892745078 0.003381573 -0.450547397 -18.216421127
-0.445247680 0.045581181 -0.894245327 168.635757446 0.019577023 0.998959184 0.041171193 -17.764142990 0.895192385 0.000824719 -0.445677161 -19.025199890
-0.442123413 0.046649229 -0.895739079 167.037078857 0.021164229 0.998910069 0.041575961 -17.701049805 0.896703482 -0.000575921 -0.442629397 -19.815454483
-0.439157099 0.046993259 -0.897179186 165.395553589 0.023143124 0.998890281 0.040992565 -17.627042770 0.898111165 -0.002761356 -0.439757913 -20.635114670
-0.436977625 0.047037851 -0.898240387 163.668365479 0.023852147 0.998885393 0.040704694 -17.554874420 0.899155080 -0.003637925 -0.437613100 -21.465038300
-0.434395880 0.048018415 -0.899439931 161.949691772 0.025069842 0.998834550 0.041217037 -17.479202271 0.900372088 -0.004644314 -0.435093999 -22.293622971
-0.431164443 0.046586715 -0.901068628 160.126312256 0.024356309 0.998902082 0.039990321 -17.371503830 0.901943505 -0.004704311 -0.431826323 -23.227460861
-0.429026932 0.046597194 -0.902087808 158.369201660 0.023649197 0.998904586 0.040350884 -17.301458359 0.902980924 -0.004022046 -0.429659575 -24.069992065
-0.426724017 0.047639422 -0.903125048 156.655822754 0.022827260 0.998859763 0.041903608 -17.227819443 0.904092610 -0.002734606 -0.427325547 -24.899375916
-0.424529225 0.048341505 -0.904121578 154.864913940 0.024102731 0.998822093 0.042087574 -17.157108307 0.905092239 -0.003924405 -0.425194919 -25.729843140
-0.422098547 0.049591221 -0.905191302 153.025543213 0.024072362 0.998762667 0.043492444 -17.070779800 0.906229258 -0.003432006 -0.422770619 -26.621307373
-0.419881880 0.049583767 -0.906222105 151.255813599 0.024083301 0.998762608 0.043488566 -16.990085602 0.907258153 -0.003564771 -0.420557022 -27.451557159
-0.417272866 0.047435120 -0.907541215 149.413803101 0.023280337 0.998866081 0.041504566 -16.907339096 0.908481956 -0.003809149 -0.417904556 -28.312799454
-0.414910614 0.045908008 -0.908702016 147.523315430 0.022716941 0.998936653 0.040094241 -16.830802917 0.909577429 -0.004007420 -0.415512860 -29.171220779
-0.412699908 0.045445330 -0.909731448 145.645553589 0.022195520 0.998958826 0.039833676 -16.754205704 0.910595477 -0.003752622 -0.413279444 -30.034542084
-0.410868049 0.047067981 -0.910477817 143.781509399 0.022679131 0.998884141 0.041403916 -16.676794052 0.911411583 -0.003637313 -0.411477566 -30.890710831
