1.000000000 0.000000000 0.000000000 0.000000000 0.000000000 1.000000000 0.000000000 0.000000000 0.000000000 0.000000000 1.000000000 0.000000000
0.999055028 -0.000516114 0.043459632 0.059380833 0.000620392 0.999996960 -0.002385977 -0.028596917 -0.043458268 0.002410684 0.999052346 1.038530827
0.996081591 -0.005313922 0.088279054 0.184212282 0.005979510 0.999955654 -0.007276847 -0.060331561 -0.088236466 0.007776198 0.996069193 2.114395618
0.991057158 -0.005033897 0.133342922 0.364775300 0.006563607 0.999917567 -0.011034913 -0.091864459 -0.133276373 0.011811440 0.991008520 3.212212086
0.983797669 -0.002868214 0.179259241 0.554684758 0.005339548 0.999897242 -0.013305402 -0.123363823 -0.179202661 0.014046988 0.983711839 4.282391548
0.974364877 -0.005422687 0.224907771 0.795351863 0.008587548 0.999877453 -0.013095959 -0.157670259 -0.224809200 0.014691651 0.974291980 5.309166908
0.962808669 -0.005974828 0.270117581 1.089386225 0.010228005 0.999844968 -0.014340837 -0.179028854 -0.269990027 0.016570250 0.962720454 6.395091534
0.949459016 -0.008463087 0.313776553 1.419761300 0.014546540 0.999748886 -0.017051568 -0.211351246 -0.313553452 0.020754129 0.949343622 7.360858917
0.934482336 -0.010484382 0.355854690 1.800748110 0.018315433 0.999658465 -0.018644264 -0.247095421 -0.355537713 0.023940366 0.934355199 8.320987701
0.917301178 -0.010343078 0.398059428 2.212926865 0.019587496 0.999624550 -0.019164078 -0.289888561 -0.397711784 0.025376217 0.917159319 9.257678986
0.897796154 -0.010418736 0.440287620 2.659047365 0.020294832 0.999636948 -0.017728580 -0.329003930 -0.439943045 0.024852213 0.897681653 10.190189362
0.875978291 -0.009990594 0.482246608 3.135918617 0.020617384 0.999647379 -0.016741060 -0.366354018 -0.481909275 0.024607467 0.875875413 11.077076912
0.852200806 -0.010493984 0.523109138 3.672649145 0.021758465 0.999644876 -0.015393220 -0.404363871 -0.522761822 0.024500163 0.852126598 11.946592331
0.826714516 -0.010684710 0.562519789 4.244897842 0.023281112 0.999613106 -0.015228380 -0.441180050 -0.562139392 0.025685605 0.826643467 12.798710823
0.799306571 -0.012332532 0.600796461 4.840042114 0.026541848 0.999538362 -0.014794100 -0.477097034 -0.600336611 0.027771268 0.799264967 13.615885735
0.770731151 -0.011467489 0.637056947 5.474140167 0.027555952 0.999502599 -0.015346279 -0.506850660 -0.636564016 0.029382564 0.770663798 14.388339043
0.740114093 -0.014685247 0.672320724 6.139071465 0.032502059 0.999374509 -0.013950455 -0.535928667 -0.671695173 0.032176733 0.740128458 15.132566452
0.708046913 -0.013628560 0.706033587 6.830784321 0.032483399 0.999384165 -0.013284938 -0.565400541 -0.705417633 0.032340731 0.708053589 15.842169762
0.673940778 -0.012408970 0.738680899 7.572457314 0.033718061 0.999333858 -0.013975289 -0.597189784 -0.738015294 0.034325402 0.673910201 16.520101547
0.638169944 -0.012892130 0.769787371 8.327846527 0.037439670 0.999196708 -0.014304085 -0.621439815 -0.768984497 0.037949018 0.638139844 17.159275055
0.601802647 -0.011360400 0.798563898 9.133187294 0.037757613 0.999185681 -0.014239919 -0.654168248 -0.797751665 0.038721479 0.601741374 17.757753372
0.564351797 -0.010373675 0.825469077 10.039604187 0.041056357 0.999036551 -0.015514273 -0.694490194 -0.824512720 0.042646252 0.564233899 18.366527557
0.526024878 -0.008906308 0.850422442 10.980852127 0.046081759 0.998774827 -0.018043695 -0.745855570 -0.849219680 0.048680384 0.525790811 18.917419434
0.487940818 -0.007844316 0.872841358 11.938316345 0.047972593 0.998689413 -0.017842596 -0.766905546 -0.871557355 0.050578583 0.487677574 19.391881943
0.449907303 -0.009639155 0.893023133 13.002196312 0.053344261 0.998446524 -0.016097894 -0.796989620 -0.891480625 0.054880206 0.449722499 19.902036667
0.413135052 -0.010542450 0.910608590 14.018550873 0.057449047 0.998243153 -0.014507098 -0.860391080 -0.908855796 0.058306973 0.413014829 20.349740982
0.378021449 -0.008406990 0.925758541 14.925788879 0.059239354 0.998129308 -0.015125418 -0.894467831 -0.923899531 0.060559053 0.377812266 20.718061447
0.344918519 -0.009173664 0.938587666 15.948239326 0.059958618 0.998125434 -0.012278415 -0.923995018 -0.936715603 0.060511451 0.344821900 21.074535370
0.311662018 -0.011070296 0.950128436 16.940523148 0.062551908 0.998002231 -0.008890241 -0.955017745 -0.948131919 0.062203076 0.311731726 21.395645142
0.278990954 -0.011152151 0.960228860 17.966121674 0.063243911 0.997975111 -0.006784744 -0.979395926 -0.958208919 0.062621482 0.279131234 21.673252106
0.247114390 -0.008357299 0.968950152 18.974637985 0.061058883 0.998109937 -0.006963229 -1.002525091 -0.967060685 0.060883693 0.247157514 21.923376083
0.216354340 -0.006721844 0.976291656 20.023212433 0.061455898 0.998087049 -0.006747229 -1.013350129 -0.974378765 0.061458640 0.216353476 22.153268814
0.186125517 -0.006643169 0.982503355 21.072734833 0.063930839 0.997939944 -0.005363518 -1.030972838 -0.980443895 0.063810512 0.186166719 22.343757629
0.155869573 -0.007248709 0.987750888 22.125965118 0.066250615 0.997798085 -0.003132069 -1.050479531 -0.985553503 0.065927260 0.156006530 22.502086639
0.125644982 -0.007941664 0.992043316 23.218040466 0.065280549 0.997866869 -0.000279671 -1.059265852 -0.989925265 0.064796224 0.125895321 22.642177582
0.096471198 -0.008281802 0.995301187 24.328275681 0.066022113 0.997816324 0.001903433 -1.066044807 -0.993143797 0.065528207 0.096807234 22.747806549
0.069595873 -0.008032032 0.997542799 25.472013474 0.069187373 0.997598529 0.003205468 -1.072044134 -0.995173156 0.068794228 0.069984369 22.810762405
0.044620614 -0.007698434 0.998974204 26.630569458 0.073646717 0.997274637 0.004395805 -1.077779531 -0.996285677 0.073374972 0.045065884 22.859056473
0.021951988 -0.007349820 0.999731839 27.810073853 0.077951550 0.996941209 0.005617659 -1.078251600 -0.996715426 0.077807277 0.022457680 22.879041672
0.001832327 -0.007671714 0.999968708 28.984775543 0.083775759 0.996456385 0.007491264 -1.082926273 -0.996482909 0.083759367 0.002468443 22.869522095
-0.015775993 -0.008475240 0.999839485 30.177774429 0.088063613 0.996066272 0.009832775 -1.085273147 -0.995989919 0.088204555 -0.014967673 22.845018387
-0.031090029 -0.008463553 0.999480605 31.373311996 0.091339014 0.995755970 0.011273227 -1.083213091 -0.995334387 0.091642015 -0.030185129 22.795148849
-0.045716707 -0.009279271 0.998911202 32.602802277 0.093218707 0.995553792 0.013514386 -1.072907686 -0.994595528 0.093734987 -0.044648547 22.765209198
-0.059044063 -0.010569955 0.998199284 33.838722229 0.093236454 0.995514393 0.016056521 -1.069077849 -0.993891716 0.094016545 -0.057793822 22.695899963
-0.071151420 -0.010548374 0.997409582 35.028556824 0.093118757 0.995506763 0.017170994 -1.062403560 -0.993109465 0.094099224 -0.069849588 22.613014221
-0.082182556 -0.007787426 0.996586740 36.249988556 0.093478151 0.995500684 0.015487529 -1.052041888 -0.992223740 0.094431825 -0.081084959 22.509405136
-0.092379853 -0.004526388 0.995713413 37.501190186 0.093640096 0.995518267 0.013213204 -1.041797638 -0.991311073 0.094459258 -0.091542102 22.405179977
-0.101719394 -0.002188890 0.994810581 38.752063751 0.094713680 0.995433569 0.011874739 -1.031643271 -0.990294218 0.095429987 -0.101047710 22.279657364
-0.109199986 -0.001198912 0.994018972 40.046073914 0.094439022 0.995463192 0.011575451 -1.021518230 -0.989523530 0.095138140 -0.108591482 22.140296936
-0.115042791 -0.000633042 0.993360221 41.354396820 0.094091691 0.995496571 0.011531334 -1.011616349 -0.988894343 0.094793469 -0.114465281 21.995018005
-0.119960271 0.000868003 0.992778182 42.675510406 0.095303856 0.995391130 0.010645562 -0.999250770 -0.988193691 0.095892571 -0.119490266 21.831773758
-0.124606922 0.002452841 0.992203057 44.024028778 0.094113491 0.995517313 0.009358322 -0.988218665 -0.987732649 0.094545744 -0.124279350 21.673585892
-0.128751799 0.003136378 0.991671801 45.400581360 0.094579019 0.995475292 0.009131088 -0.980947495 -0.987156451 0.094966933 -0.128466025 21.503282547
-0.131716102 0.002021470 0.991285384 46.777683258 0.094504535 0.995468557 0.010527211 -0.973184228 -0.986772418 0.095067501 -0.131310448 21.325792313
-0.134110153 -0.000068116 0.990966380 48.174644470 0.095027037 0.995390475 0.012928697 -0.964855492 -0.986399710 0.095902398 -0.133485675 21.145128250
-0.136419401 -0.001316858 0.990650296 49.617938995 0.094696738 0.995402277 0.014363581 -0.947329819 -0.986114800 0.095770746 -0.135667652 20.949382782
-0.138542935 -0.000945939 0.990355968 51.062927246 0.097549625 0.995123327 0.014596921 -0.942630291 -0.985540509 0.098631084 -0.137775198 20.748796463
-0.139646515 -0.001373191 0.990200460 52.524677277 0.097203165 0.995149910 0.015088484 -0.927972972 -0.985418975 0.098357603 -0.138835892 20.547206879
-0.140288129 -0.000024234 0.990110755 53.990371704 0.099166617 0.994970977 0.014075214 -0.910283029 -0.985132217 0.100160442 -0.139580369 20.341320038
-0.140343979 0.000045083 0.990102828 55.477630615 0.098924130 0.994996488 0.013976892 -0.893859863 -0.985148609 0.099906564 -0.139646396 20.132673264
-0.139806569 0.001222794 0.990178049 57.011909485 0.098838091 0.995021820 0.012726518 -0.885912776 -0.985233665 0.099646486 -0.139231622 19.917507172
-0.138639137 0.000912082 0.990342498 58.557411194 0.099454120 0.994956851 0.013006371 -0.873154581 -0.985336602 0.100296773 -0.138030842 19.699331284
-0.137181818 -0.000357100 0.990545750 60.111900330 0.098670810 0.995020986 0.014023758 -0.861458004 -0.985619247 0.099661700 -0.136463732 19.487701416
-0.136182800 0.000340043 0.990683615 61.697959900 0.099618040 0.994935870 0.013352351 -0.845746160 -0.985662520 0.100508265 -0.135527223 19.274349213
-0.135318115 0.000810992 0.990801811 63.276451111 0.099102654 0.994995594 0.012720470 -0.828825891 -0.985833526 0.099912353 -0.134721503 19.070672989
-0.134375483 0.001472511 0.990929306 64.908622742 0.100235082 0.994889736 0.012114047 -0.811459839 -0.985847950 0.100953661 -0.133836582 18.845623016
-0.133511841 0.001232730 0.991046369 66.540588379 0.099759184 0.994936466 0.012201807 -0.797311068 -0.986013532 0.100495003 -0.132958964 18.636474609
-0.132717386 -0.000476561 0.991153717 68.192771912 0.101804703 0.994704008 0.014110124 -0.785055995 -0.985911787 0.102776714 -0.131966174 18.410697937
-0.132417873 -0.002417022 0.991190910 69.849479675 0.102897547 0.994560182 0.016171819 -0.764867783 -0.985838592 0.104132503 -0.131449014 18.205942154
-0.131533250 -0.001527258 0.991310477 71.525032043 0.104657426 0.994388461 0.015418612 -0.753791809 -0.985771716 0.105776019 -0.130635485 17.981981277
-0.131029904 0.000087119 0.991378307 73.212715149 0.106745988 0.994187057 0.014021206 -0.743192017 -0.985614777 0.107662812 -0.130277738 17.768350601
-0.130423144 -0.000168982 0.991458297 74.916770935 0.106113426 0.994253218 0.014128353 -0.724603236 -0.985763550 0.107049659 -0.129655913 17.542087555
-0.130318522 -0.000400524 0.991472006 76.642089844 0.107025295 0.994150579 0.014468967 -0.718304396 -0.985678792 0.107998110 -0.129513577 17.315267563
-0.130028725 -0.001608600 0.991508842 78.364662170 0.106977642 0.994137943 0.015642175 -0.703689516 -0.985722244 0.108103171 -0.129094616 17.091091156
-0.130013973 -0.001347022 0.991511166 80.101150513 0.108455300 0.993978918 0.015571823 -0.688226521 -0.985562623 0.109559156 -0.129085287 16.867685318
-0.130043626 -0.001396442 0.991507232 81.900634766 0.109235652 0.993891060 0.015726898 -0.653969407 -0.985472500 0.110353075 -0.129096895 16.620704651
-0.130155861 -0.000233239 0.991493464 83.653686523 0.109435834 0.993886292 0.014599741 -0.628973305 -0.985435486 0.110405102 -0.129334822 16.398155212
-0.130972341 0.000607047 0.991385818 85.438217163 0.109086551 0.993936062 0.013802877 -0.615231931 -0.985365987 0.109954588 -0.130244583 16.179105759
-0.132194713 0.001159962 0.991223097 87.231208801 0.108349934 0.994023621 0.013286899 -0.606530190 -0.985283971 0.109155349 -0.131530598 15.953404427
-0.133913502 0.001807111 0.990991354 89.081207275 0.107060649 0.994171560 0.012654310 -0.586419344 -0.985192776 0.107790694 -0.133326724 15.722875595
-0.134791732 0.000813963 0.990873575 90.895904541 0.106375858 0.994231820 0.013653953 -0.586708486 -0.985147178 0.107245401 -0.134101063 15.470902443
-0.135227755 0.000762318 0.990814209 92.702346802 0.106947690 0.994168043 0.013831499 -0.570103824 -0.985025525 0.107835613 -0.134520888 15.201807976
-0.135592923 -0.000209517 0.990764558 94.546073914 0.104596607 0.994408250 0.014525073 -0.550857902 -0.985227764 0.105600037 -0.134813055 14.954008102
-0.137248918 0.000881371 0.990536153 96.389167786 0.104664937 0.994413912 0.013617600 -0.533161283 -0.984991133 0.105543338 -0.136574745 14.705076218
-0.139753118 0.001746448 0.990184784 98.229705811 0.103357516 0.994561076 0.012833573 -0.514469385 -0.984777093 0.104136512 -0.139173776 14.456758499
-0.143904418 0.002770654 0.989587665 100.112800598 0.103938393 0.994506896 0.012330169 -0.496146470 -0.984117806 0.104630463 -0.143402174 14.187165260
-0.148383230 0.002031858 0.988927841 101.996589661 0.102031000 0.994692326 0.013265518 -0.477630168 -0.983652115 0.102869622 -0.147803262 13.920542717
-0.153334171 0.001240079 0.988173544 103.908721924 0.100928664 0.994788766 0.014412669 -0.477107227 -0.983006358 0.101944938 -0.152660564 13.632071495
-0.157967374 0.002170071 0.987441838 105.837898254 0.099452980 0.994947135 0.013723583 -0.466144770 -0.982422948 0.100371860 -0.157385290 13.335205078
-0.162143305 0.004023612 0.986758888 107.729164124 0.100416578 0.994867206 0.012443705 -0.453339159 -0.981644273 0.101104580 -0.161715373 13.014963150
-0.166813061 0.005900486 0.985970795 109.628456116 0.099981070 0.994928479 0.010961387 -0.449200362 -0.980905950 0.100406870 -0.166557297 12.700778008
-0.171862304 0.006238382 0.985101163 111.557090759 0.098392390 0.995087922 0.010864086 -0.440568447 -0.980194747 0.098793529 -0.171632215 12.383213997
-0.177016750 0.005939511 0.984189808 113.484260559 0.096636891 0.995254278 0.011374885 -0.438226432 -0.979451835 0.097122543 -0.176750958 12.060614586
-0.182512671 0.005430759 0.983188331 115.444297791 0.095069535 0.995396018 0.012149917 -0.431289047 -0.978596210 0.095688723 -0.182188988 11.718676567
-0.188449979 0.004934316 0.982070208 117.407928467 0.093819745 0.995503902 0.013001326 -0.415569961 -0.977591038 0.094587632 -0.188065916 11.372756958
-0.193866238 0.004554702 0.981017232 119.389915466 0.093548834 0.995517790 0.013864885 -0.407653958 -0.976557314 0.094460897 -0.193423659 10.989613533
-0.199391738 0.006270561 0.979899585 121.357131958 0.094147854 0.995475709 0.012787157 -0.389823467 -0.975386500 0.094805047 -0.199080274 10.603943825
-0.205070361 0.007372710 0.978719234 123.314277649 0.093530186 0.995542526 0.012097892 -0.372695386 -0.974267900 0.094020665 -0.204846129 10.215997696
-0.210966304 0.007489275 0.977464378 125.330619812 0.093911871 0.995499849 0.012641573 -0.358579934 -0.972971439 0.094462417 -0.210720554 9.767496109
-0.216650560 0.007553431 0.976219714 127.307754517 0.092894010 0.995591879 0.012912489 -0.339555293 -0.971819401 0.093482435 -0.216397524 9.349066734
-0.222017363 0.008570311 0.975004733 129.297103882 0.092300378 0.995655239 0.012265822 -0.323112905 -0.970663965 0.092716515 -0.221844122 8.908308029
-0.226757258 0.009278666 0.973906815 131.258697510 0.091594890 0.995725513 0.011839762 -0.300609916 -0.969634473 0.091889620 -0.226638228 8.438378334
-0.231577888 0.009042780 0.972774029 133.208297729 0.092745617 0.995606780 0.012823949 -0.282711476 -0.968385041 0.093190253 -0.231399566 7.967650414
-0.233860105 0.008876959 0.972229481 135.094268799 0.096440233 0.995238364 0.014110721 -0.291150689 -0.967475295 0.097061954 -0.233603001 7.427515984
-0.237244606 0.009704512 0.971401215 137.104537964 0.097730182 0.995115101 0.013927179 -0.275547355 -0.966521382 0.098239347 -0.237034470 6.929370403
-0.240343213 0.010455545 0.970631421 139.108215332 0.098552689 0.995037317 0.013684737 -0.263236105 -0.965671957 0.098947346 -0.240181237 6.437644005
-0.243618950 0.010208020 0.969817102 141.132720947 0.097650148 0.995121121 0.014055468 -0.251842141 -0.964942515 0.098126933 -0.243427515 5.933175087
-0.247519836 0.010745658 0.968823016 143.155883789 0.096345104 0.995254934 0.013575935 -0.247315720 -0.964080572 0.096701637 -0.247380987 5.409613609
-0.251723915 0.011422671 0.967731416 145.145370483 0.095767587 0.995316267 0.013162579 -0.249141693 -0.963049054 0.095990613 -0.251639158 4.894364834
-0.255782634 0.010230957 0.966679871 147.018569946 0.095235445 0.995346308 0.014664885 -0.294663668 -0.962031901 0.095813192 -0.255566955 4.412822247
-0.260246783 0.010330744 0.965486586 148.966247559 0.095410511 0.995323479 0.015067912 -0.296214521 -0.960816503 0.096038915 -0.260015726 3.892735243
-0.264766783 0.010873441 0.964250863 151.004074097 0.095164679 0.995349467 0.014906485 -0.282214254 -0.959605217 0.095709339 -0.264570594 3.349038601
-0.269343436 0.010638990 0.962985098 152.984146118 0.094468318 0.995407879 0.015425269 -0.283675611 -0.958399653 0.095126256 -0.269111991 2.802685738
-0.273658514 0.009854473 0.961776137 154.989746094 0.094212465 0.995413065 0.016607597 -0.269958049 -0.957201660 0.095156096 -0.273332059 2.259838104
-0.277894109 0.009762883 0.960561752 157.023559570 0.094561785 0.995369196 0.017240440 -0.265713543 -0.955946088 0.095623434 -0.277530789 1.699079633
-0.282248884 0.010181567 0.959286869 158.981887817 0.096167564 0.995206654 0.017732384 -0.291673899 -0.954509020 0.097257212 -0.281875461 1.190124154
-0.285941541 0.011387366 0.958179116 161.034774780 0.096111305 0.995227337 0.016854066 -0.270306677 -0.953415036 0.096911103 -0.285671651 0.597332358
-0.289747298 0.013126465 0.957012892 163.056625366 0.095819719 0.995279670 0.015359271 -0.243777961 -0.952294707 0.096150994 -0.289637715 0.030704260
-0.292573690 0.014255436 0.956136405 165.101745605 0.096809067 0.995192647 0.014785445 -0.230951488 -0.951330006 0.096888490 -0.292547584 -0.623456061
-0.295717508 0.015031863 0.955156863 167.165649414 0.096748762 0.995205700 0.014291402 -0.221768618 -0.950363517 0.096636437 -0.295754433 -1.265920043
-0.299339563 0.014970838 0.954028845 169.261093140 0.096728221 0.995201230 0.014732899 -0.207837954 -0.949230969 0.096691631 -0.299351573 -1.901673555
-0.303379655 0.015206051 0.952748120 171.308166504 0.096269861 0.995245159 0.014770534 -0.196848750 -0.947994113 0.096201986 -0.303401411 -2.540645838
-0.307253569 0.016036483 0.951492250 173.415420532 0.098609492 0.995011568 0.015072808 -0.186117783 -0.946504891 0.098457307 -0.307302564 -3.213899136
-0.310594887 0.016180051 0.950404346 175.367828369 0.100314274 0.994829118 0.015846670 -0.176639840 -0.945234299 0.100260995 -0.310612291 -3.826172590
-0.313226819 0.015874721 0.949545324 177.420333862 0.101021446 0.994743705 0.016693648 -0.156704202 -0.944290042 0.101153314 -0.313184440 -4.493380070
-0.316042811 0.015399775 0.948619604 179.551071167 0.100856856 0.994747341 0.017452966 -0.137863696 -0.943368912 0.101190649 -0.315936267 -5.197712421
-0.318783373 0.015969161 0.947692692 181.543319702 0.100064553 0.994836986 0.016896017 -0.122849047 -0.942530811 0.100216590 -0.318735778 -5.852676392
-0.321708947 0.017913282 0.946668744 183.661209106 0.099490114 0.994925201 0.014983606 -0.110275805 -0.941597164 0.099004522 -0.321858913 -6.556838512
-0.325066358 0.019777793 0.945483983 185.807159424 0.099106520 0.994987965 0.013260463 -0.106156081 -0.940483868 0.098014139 -0.325397581 -7.280660152
-0.328243792 0.020757664 0.944364548 187.874038696 0.098823480 0.995026231 0.012478020 -0.114621401 -0.939409435 0.097421199 -0.328662902 -7.975669861
-0.331333101 0.021757642 0.943262517 189.972564697 0.097097434 0.995211899 0.011150829 -0.101379335 -0.938504457 0.095282987 -0.331859648 -8.703406334
-0.334818065 0.021868860 0.942028582 192.021713257 0.097890444 0.995128036 0.011690947 -0.099827394 -0.937184393 0.096129917 -0.335327983 -9.422033310
-0.338481754 0.021229122 0.940733075 194.093063354 0.097805485 0.995123565 0.012734539 -0.106482059 -0.935876310 0.096319236 -0.338907868 -10.139254570
-0.342081785 0.020679798 0.939442158 196.159301758 0.097686388 0.995122850 0.013665365 -0.099313937 -0.934578896 0.096445359 -0.342433929 -10.872709274
-0.345874250 0.020546848 0.938055456 198.289123535 0.097751558 0.995108306 0.014245890 -0.087145448 -0.933175206 0.096623637 -0.346191257 -11.661881447
-0.349594206 0.020848153 0.936668754 200.411544800 0.096740514 0.995211184 0.013955446 -0.059781387 -0.931893528 0.095492527 -0.349937350 -12.444864273
-0.353338301 0.021469232 0.935248733 202.424819946 0.095711224 0.995319486 0.013311667 -0.051308949 -0.930586755 0.094217286 -0.353739798 -13.190375328
-0.356626719 0.022024971 0.933986843 204.566757202 0.095622346 0.995331585 0.013040179 -0.050565533 -0.929340661 0.093960457 -0.357068360 -13.988936424
-0.359477699 0.022957766 0.932870686 206.636474609 0.096529208 0.995248377 0.012704268 -0.050246112 -0.928147674 0.094616145 -0.359986186 -14.784855843
-0.361847669 0.022622412 0.931962132 208.803359985 0.097460717 0.995144665 0.013684443 -0.048735775 -0.927128911 0.095781364 -0.362296045 -15.618718147
-0.364121258 0.022186749 0.931086659 210.874755859 0.098953038 0.994978607 0.014988492 -0.038843505 -0.926080108 0.097591467 -0.364488780 -16.431804657
-0.367118478 0.022807823 0.929893911 212.956787109 0.099871002 0.994886279 0.015026790 -0.027954817 -0.924797356 0.098386034 -0.367519468 -17.216672897
-0.369695932 0.023794418 0.928847492 215.042037964 0.100117192 0.994871378 0.014362485 -0.039244186 -0.923743367 0.098303340 -0.370182633 -18.033752441
-0.372409761 0.023639418 0.927766681 217.123138428 0.099407211 0.994939804 0.014551548 -0.059793461 -0.922729373 0.097645827 -0.372875720 -18.828102112
-0.375102401 0.025105910 0.926642776 219.279815674 0.099544346 0.994943142 0.013338897 -0.054527216 -0.921623230 0.097245485 -0.375705183 -19.697185516
-0.377973974 0.026064748 0.925448716 221.378387451 0.099373423 0.994970322 0.012563575 -0.068074837 -0.920467675 0.096713692 -0.378663540 -20.530584335
-0.380427212 0.026101476 0.924441934 223.429962158 0.097360544 0.995176673 0.011967272 -0.070239641 -0.919671714 0.094556831 -0.381134033 -21.353670120
-0.383527964 0.027153045 0.923129499 225.536331177 0.098245747 0.995094657 0.011547855 -0.077344708 -0.918288648 0.095122457 -0.384314775 -22.215393066
-0.386029959 0.026564220 0.922103167 227.563217163 0.099763304 0.994924426 0.013102933 -0.098913737 -0.917075872 0.097050175 -0.386721224 -23.036926270
-0.388848484 0.026018796 0.920933723 229.697875977 0.100520596 0.994831145 0.014336532 -0.093684360 -0.915801525 0.098147534 -0.389454514 -23.920349121
-0.391917884 0.025492854 0.919646382 231.634155273 0.099833794 0.994891047 0.014966695 -0.119288996 -0.914567351 0.097677499 -0.392461210 -24.705844879
-0.394762427 0.025722286 0.918422580 233.531219482 0.098963641 0.994982362 0.014670741 -0.131210342 -0.913437843 0.096681893 -0.395327836 -25.483173370
-0.398131162 0.025448689 0.916974902 235.647338867 0.097957194 0.995078325 0.014914696 -0.124622017 -0.912083209 0.095762283 -0.398665160 -26.390901566
-0.401422948 0.024892773 0.915553927 237.670166016 0.097601630 0.995100558 0.015737742 -0.121947668 -0.910677433 0.095677041 -0.401886374 -27.258653641
-0.404883236 0.025158281 0.914021671 239.836196899 0.097444698 0.995115340 0.015774641 -0.125582099 -0.909161150 0.095453449 -0.405357659 -28.205341339
-0.408593029 0.024794161 0.912379265 241.956756592 0.097171001 0.995130777 0.016473401 -0.127641380 -0.907529354 0.095387720 -0.409013361 -29.146972656
-0.412809312 0.024163503 0.910496354 243.968963623 0.096344560 0.995197594 0.017270250 -0.156758532 -0.905707538 0.094850682 -0.413155466 -29.986236572
-0.416759312 0.024135368 0.908695817 246.044342041 0.095402986 0.995287478 0.017319864 -0.147283822 -0.903996587 0.093910515 -0.417098492 -30.917272568
-0.420856893 0.024910454 0.906784356 248.179718018 0.095774271 0.995255470 0.017109949 -0.150383189 -0.902056932 0.094047464 -0.421246499 -31.835283279
-0.424364001 0.025376864 0.905135453 250.251388550 0.096239522 0.995208740 0.017218806 -0.151910171 -0.900362790 0.094416857 -0.424773604 -32.780349731
-0.428023189 0.025336277 0.903411984 252.290573120 0.096167475 0.995208085 0.017652055 -0.144388318 -0.898636818 0.094434351 -0.428409278 -33.724964142
-0.431702733 0.025617296 0.901651561 254.425537109 0.094815627 0.995347142 0.017117588 -0.154731140 -0.897018850 0.092880368 -0.432123631 -34.717529297
-0.435260624 0.025982663 0.899928987 256.550720215 0.095518857 0.995273888 0.017463339 -0.132689834 -0.895223081 0.093561284 -0.435685992 -35.747161865
-0.438741952 0.026455963 0.898223102 258.669433594 0.096207239 0.995203733 0.017680593 -0.121292539 -0.893448234 0.094172768 -0.439183533 -36.766376495
-0.442343414 0.027776519 0.896415055 260.750762939 0.098083131 0.995022655 0.017567979 -0.107979715 -0.891466260 0.095694266 -0.442866743 -37.725635529
-0.445886523 0.030170854 0.894580424 262.771972656 0.100726105 0.994774222 0.016655033 -0.096704073 -0.889404058 0.097533859 -0.446596056 -38.693511963
-0.448772341 0.030898601 0.893111348 264.810485840 0.102515809 0.994583786 0.017103199 -0.112691134 -0.887746572 0.099233486 -0.449509948 -39.676673889
-0.452192128 0.032940242 0.891311646 266.845642090 0.104156591 0.994430125 0.016090970 -0.090696052 -0.885818124 0.100112207 -0.453105122 -40.652030945
-0.454936981 0.035246506 0.889825404 268.852325439 0.106050603 0.994249403 0.014837264 -0.105704233 -0.884186387 0.101116568 -0.456059456 -41.637958527
-0.457920730 0.035999645 0.888263404 270.880218506 0.107214920 0.994122326 0.014981966 -0.096430182 -0.882504106 0.102095664 -0.459089667 -42.653762817
-0.460845530 0.036543492 0.886727273 272.882812500 0.106904060 0.994161665 0.014588666 -0.102183200 -0.881018102 0.101517886 -0.462062359 -43.712158203
-0.464202285 0.036786467 0.884964585 275.056610107 0.106268093 0.994232416 0.014413729 -0.080167614 -0.879331172 0.100734405 -0.465434909 -44.834419250
-0.467451304 0.038383283 0.883184791 277.157806396 0.107626989 0.994095504 0.013761304 -0.061052635 -0.877442658 0.101487279 -0.468823016 -45.941051483
-0.470349878 0.038836788 0.881624699 279.208343506 0.107095182 0.994158685 0.013341646 -0.046149284 -0.875957489 0.100693010 -0.471762329 -47.039394379
-0.473293692 0.038653288 0.880055904 281.308166504 0.105531618 0.994329274 0.013082580 -0.033702586 -0.874560475 0.099065639 -0.474689603 -48.125976562
-0.475886375 0.039209649 0.878631949 283.427520752 0.107032068 0.994161904 0.013605715 -0.022057164 -0.872969747 0.100516587 -0.477305442 -49.257846832
-0.478450894 0.039532956 0.877223611 285.585723877 0.109145433 0.993915975 0.014737801 -0.035127126 -0.871304691 0.102796286 -0.479855478 -50.358093262
-0.481090844 0.039792053 0.875766814 287.589721680 0.110748164 0.993724167 0.015686434 -0.049941104 -0.869647205 0.104536198 -0.482479155 -51.405616760
-0.483091980 0.039896581 0.874659777 289.719024658 0.111481912 0.993633032 0.016250324 -0.051849034 -0.868443310 0.105359167 -0.484464556 -52.529018402
-0.485422373 0.039523557 0.873385549 291.851257324 0.111976422 0.993560135 0.017274022 -0.044122789 -0.867079139 0.106183805 -0.486722708 -53.674587250
-0.487850666 0.040133391 0.872003675 294.056640625 0.113369629 0.993394494 0.017705442 -0.002129097 -0.865533829 0.107496366 -0.489178777 -54.898830414
-0.489966363 0.040065024 0.870819867 296.179962158 0.113760002 0.993339002 0.018305138 0.020924853 -0.864286661 0.108033389 -0.491261184 -56.077140808
-0.491685331 0.041190356 0.869797885 298.341827393 0.113492846 0.993390858 0.017112829 0.049518377 -0.863345027 0.107129984 -0.493111193 -57.291484833
-0.494300991 0.043503840 0.868201196 300.455383301 0.113611192 0.993412852 0.014905429 0.052585769 -0.861834466 0.106005162 -0.495988190 -58.464794159
-0.498468667 0.043078598 0.865836382 302.520019531 0.112277128 0.993560016 0.015205557 0.061592162 -0.859605968 0.104793139 -0.500095963 -59.569488525
-0.503119290 0.042017642 0.863194585 304.662475586 0.111800022 0.993588150 0.016798735 0.053496420 -0.856954694 0.104956962 -0.504591584 -60.750099182
-0.507920504 0.039706707 0.860487938 306.793914795 0.109884083 0.993762076 0.019004818 0.072376370 -0.854366362 0.104206890 -0.509115934 -61.970592499
-0.513598621 0.038719606 0.857156157 309.008636475 0.107830673 0.993973196 0.019711088 0.127928585 -0.851227820 0.102551326 -0.514679074 -63.220050812
-0.517737210 0.038954403 0.854652047 311.249908447 0.108438633 0.993893385 0.020389860 0.161452085 -0.848639488 0.103233911 -0.518800378 -64.564476013
-0.521237373 0.040548190 0.852447569 313.542480469 0.110962972 0.993610620 0.020586574 0.200608179 -0.846166968 0.105320625 -0.522406995 -65.986694336
-0.525992692 0.042160101 0.849443138 315.703369141 0.113635957 0.993298471 0.021065755 0.212884173 -0.842863142 0.107607730 -0.527259231 -67.187744141
-0.530714989 0.041739341 0.846521616 317.855499268 0.113164015 0.993332744 0.021968517 0.279949874 -0.839961410 0.107454821 -0.531900525 -68.413436890
-0.534530103 0.040505461 0.844177902 320.027343750 0.113437288 0.993250489 0.024169812 0.311866522 -0.837501764 0.108680762 -0.535517693 -69.771430969
-0.538991451 0.039487593 0.841384768 322.223693848 0.113163710 0.993238628 0.025878429 0.339095771 -0.834674656 0.109162487 -0.539816320 -71.085990906
-0.543834746 0.039531719 0.838260353 324.299194336 0.112611577 0.993292570 0.026215697 0.375515223 -0.831602037 0.108654849 -0.544639349 -72.320549011
-0.548218012 0.040173784 0.835369647 326.415344238 0.114425816 0.993054986 0.027335877 0.394240350 -0.828470528 0.110573895 -0.549008131 -73.614509583
-0.552098334 0.040350914 0.832801640 328.563842773 0.115698710 0.992872059 0.028594831 0.438402146 -0.825712323 0.112141259 -0.552832127 -75.021263123
-0.555761456 0.040145088 0.830371559 330.748291016 0.116127521 0.992788732 0.029726036 0.494047523 -0.823190868 0.112949602 -0.556416214 -76.499023438
-0.558917165 0.039354745 0.828288674 332.921936035 0.114977472 0.992901862 0.030409113 0.547518373 -0.821213365 0.112230740 -0.559475362 -77.976104736
-0.562749386 0.038619407 0.825724483 335.101959229 0.114219613 0.992958426 0.031402230 0.612992585 -0.818698049 0.111985549 -0.563198388 -79.403320312
-0.565486372 0.038104549 0.823876500 337.284515381 0.114206865 0.992925704 0.032465391 0.675060213 -0.816811800 0.112451121 -0.565838218 -80.883018494
-0.568339467 0.037594918 0.821934342 339.464965820 0.112460732 0.993129134 0.032337487 0.723559618 -0.815072060 0.110814050 -0.568662882 -82.371841431
-0.572212160 0.036680441 0.819284439 341.615234375 0.108390734 0.993617415 0.031217739 0.791334510 -0.812910974 0.106666051 -0.572536230 -83.784454346
-0.575807273 0.035776343 0.816801846 343.750183105 0.104510158 0.994066536 0.030134212 0.844091654 -0.810878038 0.102715619 -0.576130152 -85.245880127
-0.578114510 0.032884013 0.815292299 345.856140137 0.102046996 0.994255722 0.032258075 0.899039149 -0.809549093 0.101847015 -0.578149796 -86.742698669
-0.581591725 0.032246180 0.812840998 348.036865234 0.102304533 0.994179428 0.033759374 0.961098015 -0.807022035 0.102791525 -0.581505835 -88.269393921
-0.584462106 0.032508813 0.810769081 350.295928955 0.101940542 0.994221449 0.033621717 1.023541808 -0.804991841 0.102300890 -0.584399104 -89.874832153
-0.587725639 0.031007441 0.808465481 352.469360352 0.099349529 0.994468033 0.034082320 1.070261002 -0.802937090 0.100351743 -0.587555289 -91.419731140
-0.589844346 0.027553258 0.807046354 354.549621582 0.097523071 0.994532585 0.037322320 1.129046321 -0.801606357 0.100720033 -0.589306772 -92.943412781
-0.592783988 0.025326760 0.804962695 356.643096924 0.095214851 0.994698882 0.038820889 1.195649028 -0.799713135 0.099656843 -0.592053354 -94.471862793
-0.595030248 0.024170471 0.803339243 358.740478516 0.093433455 0.994850039 0.039273292 1.257148862 -0.798253655 0.098427594 -0.594224572 -96.062866211
-0.597014964 0.025710484 0.801817477 358.822082520 0.094845824 0.994737923 0.038723547 1.265189648 -0.796603501 0.099167608 -0.596312284 -96.153343201
-0.598754287 0.026168887 0.800504684 358.833801270 0.095849030 0.994623959 0.039177600 1.265794158 -0.795176744 0.100185379 -0.598043978 -96.163452148
-0.599859655 0.025956897 0.799683571 358.838714600 0.095662527 0.994630218 0.039473884 1.266823769 -0.794365644 0.100178577 -0.599121988 -96.170669556
-0.602418423 0.024895376 0.797791600 358.899932861 0.092905425 0.994905949 0.039107226 1.269122005 -0.792754889 0.097678110 -0.601662993 -96.213645935
-0.604465723 0.021532048 0.796339571 358.922790527 0.083111599 0.995883346 0.036158875 1.259521127 -0.792283654 0.088041879 -0.603767335 -96.227699280
-0.608012676 0.024087472 0.793561280 358.957305908 0.074975558 0.996813953 0.027188070 1.252756953 -0.790378988 0.076028399 -0.607881963 -96.234626770
-0.610418379 0.034280252 0.791336477 358.990722656 0.085227124 0.996104717 0.022591563 1.215305567 -0.787480414 0.081233650 -0.610962749 -96.267875671
-0.612415910 0.034345999 0.789788723 359.021331787 0.090235204 0.995562434 0.026675403 1.204712152 -0.785368741 0.087603204 -0.612798035 -96.285018921
-0.614482224 0.025001761 0.788533866 359.050506592 0.089148439 0.995295763 0.037913427 1.196669579 -0.783877492 0.093593702 -0.613820970 -96.312789917
-0.617541254 0.014952853 0.786395848 359.083007812 0.083730213 0.995386958 0.046825048 1.200982809 -0.782068968 0.094761498 -0.615945041 -96.359512329
-0.620788991 0.008604106 0.783929944 359.111083984 0.078152947 0.995637298 0.050961141 1.204988122 -0.780072331 0.092902556 -0.618753672 -96.394584656
-0.623376787 0.008257447 0.781877518 359.140502930 0.077417254 0.995682120 0.051207986 1.226307511 -0.778079510 0.092452683 -0.621324956 -96.451515198
-0.628188789 0.013388559 0.777945280 359.196563721 0.082787119 0.995325446 0.049720734 1.233492374 -0.773643911 0.095637858 -0.626361251 -96.484909058
-0.632379472 0.020012435 0.774399757 359.218292236 0.087659776 0.995093226 0.045867845 1.241163492 -0.769682884 0.096889600 -0.631031334 -96.528900146
-0.634705424 0.022917196 0.772413850 359.211944580 0.088827647 0.995097399 0.043467101 1.241693139 -0.767631769 0.096200511 -0.633629918 -96.596443176
-0.641165674 0.022670686 0.767067134 359.259216309 0.088220179 0.995113373 0.044329733 1.237608671 -0.762314737 0.096093498 -0.640033007 -96.638786316
-0.643843055 0.022216128 0.764834583 359.251220703 0.088982441 0.994969428 0.046005227 1.240802646 -0.759965956 0.097676985 -0.642581403 -96.709411621
-0.649595141 0.020909945 0.759992242 359.285766602 0.088669993 0.994882822 0.048417185 1.240341187 -0.755091906 0.098840065 -0.648125648 -96.750572205
-0.654775500 0.021108635 0.755528152 359.295379639 0.088445351 0.994881392 0.048854951 1.240606427 -0.750630736 0.098811969 -0.653291404 -96.755699158
-0.659087658 0.021040045 0.751771331 359.301361084 0.087722503 0.994935215 0.049061954 1.240806937 -0.746932566 0.098283388 -0.657595694 -96.758636475
-0.660996795 0.021778073 0.750072241 359.295715332 0.088597178 0.994851291 0.049190644 1.242434502 -0.745140135 0.098969139 -0.659523487 -96.834495544
-0.665528595 0.020884380 0.746079683 359.301971436 0.089694284 0.994601190 0.052169375 1.235428929 -0.740963340 0.101639301 -0.663809240 -96.866241455
-0.669064879 0.020066703 0.742932677 359.329254150 0.090976559 0.994328082 0.055074126 1.244863868 -0.737614751 0.104437627 -0.667096078 -96.922859192
-0.670229673 0.019868014 0.741887331 359.291168213 0.092634581 0.994062603 0.057065841 1.263279438 -0.736349821 0.106971651 -0.668091238 -97.002365112
-0.674924076 0.019771265 0.737621844 359.312683105 0.090783261 0.994270444 0.056416243 1.267661095 -0.732281327 0.105040401 -0.672852516 -97.016136169
-0.680344045 0.019495361 0.732633114 359.327758789 0.086166874 0.994839847 0.053544383 1.268483400 -0.727809906 0.099557310 -0.678513825 -97.023979187
-0.685410917 0.018136088 0.727930188 359.358978271 0.081531517 0.995313823 0.051971354 1.268130541 -0.723577678 0.094970979 -0.683678210 -97.057319641
-0.690195024 0.016742358 0.723429322 359.370635986 0.079245552 0.995467186 0.052566912 1.262770295 -0.719271243 0.093609966 -0.688393891 -97.096420288
-0.695937872 0.014573253 0.717953742 359.374450684 0.075634614 0.995719552 0.053103905 1.241694927 -0.714107811 0.091259159 -0.694061875 -97.104293823
-0.696801722 0.013459444 0.717137158 359.321868896 0.072696075 0.995999694 0.051941499 1.230148792 -0.713570416 0.088325955 -0.694993436 -97.199028015
-0.701377869 0.012653082 0.712677002 359.303833008 0.072093785 0.995973408 0.053268015 1.201051235 -0.709134459 0.088740557 -0.699466646 -97.235786438
-0.707787573 0.011077978 0.706338167 359.319091797 0.070334665 0.996012866 0.054857906 1.201127410 -0.702915311 0.088507764 -0.705745459 -97.239303589
-0.707607090 0.010454247 0.706528544 359.445343018 0.073156185 0.995600164 0.058536373 1.207649469 -0.702809095 0.093107648 -0.705259204 -97.363006592
-0.706642270 0.009669866 0.707504690 361.296051025 0.077570856 0.994937420 0.063877970 1.333422542 -0.703306317 0.100020587 -0.703815520 -99.197494507
-0.705370486 0.009225582 0.708778560 363.180236816 0.081467144 0.994343519 0.068132922 1.468896270 -0.704141915 0.105801098 -0.702132821 -101.032447815
-0.703941107 0.007128336 0.710222363 364.572570801 0.076512583 0.994890690 0.065850466 1.638224125 -0.706125379 0.100695774 -0.700890541 -102.541870117
-0.703038454 0.005788750 0.711128116 366.434906006 0.068880886 0.995818496 0.059991166 1.785765409 -0.707808435 0.091159195 -0.700498104 -104.344596863
-0.701506555 0.003335008 0.712655008 367.148895264 0.064106889 0.996229291 0.058442023 1.834043264 -0.709774137 0.086683519 -0.699075818 -105.007034302
-0.699224114 0.002754997 0.714896977 368.881011963 0.062275764 0.996424913 0.057070605 1.925652504 -0.712185144 0.084425859 -0.696896553 -106.713623047
-0.696685195 0.003489879 0.717368245 370.711364746 0.064393759 0.996254563 0.057690606 2.045127630 -0.714481235 0.086386196 -0.694301188 -108.478363037
-0.694316566 0.003355494 0.719661713 372.581085205 0.064970620 0.996196926 0.058037654 2.165792227 -0.716731191 0.087053329 -0.691894710 -110.278114319
-0.691810966 0.003879312 0.722068012 374.450469971 0.062622070 0.996539176 0.054644138 2.279616356 -0.719358206 0.083020769 -0.689660370 -112.056793213
-0.690245569 0.000298433 0.723574877 374.826416016 0.057885464 0.996816516 0.054808062 2.321166754 -0.721256196 0.079715446 -0.688066185 -112.529663086
-0.689362586 -0.006281609 0.724389017 375.338714600 0.049199991 0.997246385 0.055468783 2.350924015 -0.722743928 0.073877983 -0.687156022 -113.022499084
-0.689035952 -0.009737735 0.724661529 377.101409912 0.042572435 0.997638047 0.053885438 2.445010424 -0.723475873 0.067979552 -0.686994672 -114.698768616
-0.688340843 -0.010472348 0.725311518 378.977081299 0.040892765 0.997744322 0.053214263 2.555110216 -0.724233985 0.066289485 -0.686360657 -116.463386536
-0.687208354 -0.010226610 0.726388156 379.379028320 0.042884275 0.997584939 0.054615956 2.574752331 -0.725193620 0.068683110 -0.685110867 -116.905746460
-0.685933471 -0.011027239 0.727580488 379.391876221 0.044672754 0.997359753 0.057231743 2.575148106 -0.726291776 0.071760133 -0.683630586 -116.920280457
-0.684738874 -0.013284246 0.728667259 381.256927490 0.043093309 0.997345209 0.058677923 2.695258617 -0.727513433 0.071579672 -0.682349324 -118.636337280
-0.683941603 -0.013632111 0.729409277 383.182220459 0.040861338 0.997538865 0.056957550 2.811702728 -0.728391647 0.068760209 -0.681701958 -120.415542603
-0.682797909 -0.012359419 0.730502605 383.522399902 0.040432543 0.997684181 0.054672070 2.839027643 -0.729487658 0.066865988 -0.680717647 -120.843620300
-0.681737721 -0.010364959 0.731523097 383.915069580 0.041986313 0.997696102 0.053265266 2.866116047 -0.730390847 0.067026839 -0.679732621 -121.280845642
-0.680615962 -0.009467643 0.732579052 384.546508789 0.044386320 0.997545600 0.054129973 2.903927088 -0.731294572 0.069358163 -0.678526044 -121.793395996
-0.679686606 -0.009286511 0.733443737 384.957397461 0.046156172 0.997395456 0.055401791 2.933494091 -0.732048988 0.071508758 -0.677488506 -122.182388306
