1.000000000 0.000000000 0.000000000 0.000000000 0.000000000 1.000000000 0.000000000 0.000000000 0.000000000 0.000000000 1.000000000 0.000000000
0.999994397 -0.001954532 0.002715118 0.001249839 0.001941357 0.999986351 0.004846929 -0.008507282 -0.002724554 -0.004841631 0.999984562 0.757417858
0.999963105 -0.006139317 0.006001390 0.009944781 0.006132325 0.999980509 0.001182825 -0.016735114 -0.006008534 -0.001145978 0.999981284 1.522011399
0.999942482 -0.004866233 0.009550947 0.013540347 0.004925340 0.999968767 -0.006174815 -0.022839781 -0.009520601 0.006221502 0.999935329 2.297909260
0.999914050 0.002607063 0.012846758 0.007875899 -0.002463452 0.999934435 -0.011181869 -0.022322614 -0.012875069 0.011149260 0.999854982 3.081216812
0.999882042 -0.001135383 0.015319327 0.017699674 0.001282312 0.999953210 -0.009584663 -0.030658949 -0.015307729 0.009603175 0.999836743 3.878032684
0.999797940 -0.010990960 0.016832132 0.041578002 0.011071034 0.999927759 -0.004671447 -0.048686884 -0.016779575 0.004856852 0.999847412 4.687234402
0.999672353 -0.017472634 0.018705990 0.064448327 0.017523088 0.999843180 -0.002536622 -0.061828963 -0.018658740 0.002863578 0.999821782 5.500782967
0.999656618 -0.017352309 0.019633519 0.075848244 0.017364120 0.999849081 -0.000431131 -0.067238964 -0.019623078 0.000771902 0.999807119 6.313810349
0.999723554 -0.012946598 0.019623222 0.077560782 0.012826691 0.999898314 0.006224128 -0.074821092 -0.019701812 -0.005970708 0.999787986 7.124348640
0.999703348 -0.013361084 0.020360768 0.090641677 0.013143404 0.999855340 0.010787801 -0.084893852 -0.020501964 -0.010516992 0.999734402 7.945225716
0.999705434 -0.012558931 0.020764817 0.102163762 0.012413257 0.999897420 0.007129583 -0.093471244 -0.020852232 -0.006869724 0.999758840 8.750656128
0.999712408 -0.010405158 0.021602027 0.111456797 0.010436421 0.999944508 -0.001334959 -0.098711632 -0.021586943 0.001560022 0.999765635 9.552381516
0.999708474 -0.008733036 0.022505896 0.121126920 0.008854481 0.999946594 -0.005302099 -0.101640388 -0.022458395 0.005499831 0.999732494 10.370727539
0.999730527 -0.006310937 0.022334160 0.130660638 0.006258265 0.999977350 0.002427586 -0.106628291 -0.022348978 -0.002287161 0.999747455 11.191155434
0.999671578 -0.009367057 0.023847362 0.148259163 0.009087878 0.999889076 0.011788582 -0.117295004 -0.023955142 -0.011567990 0.999645948 12.030858994
0.999587655 -0.012442085 0.025873264 0.172391608 0.012114145 0.999844670 0.012793269 -0.125549480 -0.026028421 -0.012474562 0.999583185 12.859122276
0.999476910 -0.015078009 0.028604828 0.198916808 0.014968934 0.999879777 0.004023517 -0.125661045 -0.028662054 -0.003593230 0.999582469 13.675036430
0.999425948 -0.013682403 0.030989591 0.218475103 0.013786320 0.999899983 -0.003142075 -0.128552556 -0.030943498 0.003567503 0.999514580 14.483586311
0.999368727 -0.013116874 0.033012059 0.246887192 0.013337776 0.999890029 -0.006480243 -0.141565338 -0.032923423 0.006916459 0.999433756 15.295643806
0.999213398 -0.016294936 0.036149085 0.273704380 0.016480396 0.999852479 -0.004838394 -0.155211791 -0.036064904 0.005430338 0.999334514 16.137813568
0.999128044 -0.015588011 0.038727898 0.304964602 0.015691906 0.999874055 -0.002380165 -0.166829258 -0.038685914 0.002985803 0.999246716 16.960494995
0.999061406 -0.011899314 0.041645542 0.329022288 0.011791953 0.999926507 0.002822656 -0.176352262 -0.041676063 -0.002328925 0.999128163 17.781864166
0.998960316 -0.010250575 0.044416822 0.354417771 0.009769565 0.999891400 0.011033004 -0.184070259 -0.044525094 -0.010587599 0.998951912 18.601512909
0.998854280 -0.010038207 0.046786457 0.386300832 0.009250345 0.999812245 0.017025694 -0.187907338 -0.046948582 -0.016573396 0.998759508 19.415660858
0.998723567 -0.010433005 0.049417164 0.422529936 0.009651977 0.999825060 0.016017100 -0.193366572 -0.049575631 -0.015519680 0.998649478 20.228237152
0.998610198 -0.009333776 0.051866982 0.455720603 0.008850176 0.999915183 0.009545689 -0.195392370 -0.051951688 -0.009073389 0.998608053 21.020998001
0.998524606 -0.008104596 0.053689800 0.492562920 0.008088469 0.999967039 0.000517630 -0.196543068 -0.053692237 -0.000082596 0.998557150 21.815965652
0.998420656 -0.006127122 0.055841353 0.527747095 0.006217267 0.999979496 -0.001440773 -0.202003434 -0.055831395 0.001785680 0.998438239 22.600028992
0.998265088 -0.004267342 0.058721814 0.567253113 0.004105359 0.999987245 0.002878802 -0.210066766 -0.058733366 -0.002632732 0.998269856 23.395952225
0.998102248 -0.001161013 0.061564773 0.606256068 0.000541250 0.999948800 0.010082527 -0.218490213 -0.061573349 -0.010030068 0.998051763 24.192197800
0.997853279 0.004206028 0.065352097 0.644960105 -0.005102547 0.999894857 0.013557407 -0.222410992 -0.065288223 -0.013861762 0.997769773 24.985490799
0.997556686 0.008321454 0.069362663 0.688673258 -0.009135227 0.999892831 0.011423174 -0.227460608 -0.069260187 -0.012028906 0.997525692 25.768243790
0.997258186 0.010501747 0.073249869 0.738178551 -0.010922565 0.999925792 0.005346713 -0.233135507 -0.073188297 -0.006132127 0.997298837 26.536142349
0.996921122 0.007431677 0.078056350 0.798915267 -0.007124584 0.999965429 -0.004212035 -0.242892385 -0.078084961 0.003642950 0.996939659 27.309331894
0.996475935 0.005855390 0.083672486 0.863371849 -0.005152513 0.999949336 -0.008613851 -0.251259029 -0.083718680 0.008152374 0.996455669 28.068000793
0.995887637 0.003732917 0.090516999 0.934921443 -0.003409951 0.999986947 -0.003722440 -0.260019034 -0.090529710 0.003398477 0.995887578 28.841581345
0.995189786 0.000090052 0.097963512 1.011531949 -0.000866241 0.999968290 0.007880703 -0.271458089 -0.097959697 -0.007927652 0.995158434 29.613710403
0.994351566 -0.002884406 0.106096059 1.095629692 0.001397993 0.999899626 0.014081728 -0.283879310 -0.106126033 -0.013853863 0.994255781 30.376749039
0.993334472 -0.007147047 0.115044758 1.184473038 0.005839658 0.999914289 0.011697166 -0.288317591 -0.115118504 -0.010947371 0.993291080 31.119674683
0.992304444 -0.007504948 0.123593315 1.276537299 0.007093593 0.999967515 0.003767967 -0.289857686 -0.123617589 -0.002862246 0.992325485 31.856586456
0.991166353 -0.008939283 0.132321373 1.375769019 0.009186792 0.999956787 -0.001260176 -0.294288546 -0.132304400 0.002464657 0.991205752 32.589752197
0.990060866 -0.012063703 0.140119329 1.482313871 0.012347218 0.999922872 -0.001154241 -0.304769754 -0.140094623 0.002872858 0.990133643 33.318050385
0.988877356 -0.018352093 0.147595003 1.592030048 0.018265873 0.999831021 0.001939614 -0.313210905 -0.147605672 0.000777916 0.989045680 34.034317017
0.987962186 -0.022524428 0.153045207 1.707279086 0.022063602 0.999745250 0.004708928 -0.324675262 -0.153112277 -0.001275510 0.988207638 34.743892670
0.987118781 -0.028287202 0.157466650 1.826268315 0.027660144 0.999598026 0.006172609 -0.334049225 -0.157577962 -0.001737544 0.987504661 35.449169159
0.986787260 -0.029872410 0.159241572 1.940148950 0.029579919 0.999553263 0.004207283 -0.343588203 -0.159296110 0.000558663 0.987230361 36.131122589
0.986712933 -0.031924747 0.159303680 2.050055265 0.031960294 0.999486089 0.002339557 -0.348735273 -0.159296483 0.002782925 0.987226546 36.815757751
0.986832261 -0.034192856 0.158088982 2.160475969 0.034548655 0.999402642 0.000497753 -0.357596964 -0.158011541 0.004970567 0.987424493 37.500717163
0.987321854 -0.034389354 0.154958680 2.261495590 0.034700729 0.999397218 0.000695844 -0.367277682 -0.154889196 0.004690161 0.987920403 38.164745331
0.987789392 -0.036037587 0.151566863 2.360859871 0.036040049 0.999346316 0.002731745 -0.377263069 -0.151566237 0.002764092 0.988442898 38.831043243
0.988712966 -0.033300456 0.146071374 2.449009180 0.033300821 0.999442101 0.002443442 -0.384147316 -0.146071255 0.002448437 0.989270687 39.488773346
0.989544451 -0.034958512 0.139924616 2.532868862 0.034934349 0.999385834 0.002629625 -0.397111088 -0.139930621 0.002286047 0.990158260 40.133525848
0.990553260 -0.035312280 0.132500768 2.612986088 0.035179157 0.999375165 0.003346203 -0.406226456 -0.132536128 0.001346676 0.991176903 40.782993317
0.991311729 -0.041714177 0.124740615 2.695729256 0.041374654 0.999129355 0.005312359 -0.411978513 -0.124853581 -0.000105102 0.992174804 41.435760498
0.992138684 -0.044767506 0.116858721 2.769923210 0.043903988 0.998985946 0.009954348 -0.414231449 -0.117185816 -0.004745529 0.993098319 42.086471558
0.992880166 -0.047285497 0.109326273 2.837938547 0.045925476 0.998833060 0.014926130 -0.421900749 -0.109904453 -0.009798998 0.993893504 42.735404968
0.993722796 -0.048150670 0.100973882 2.900566101 0.046678111 0.998766780 0.016897276 -0.427894652 -0.101662941 -0.012077941 0.994745255 43.388000488
0.994380593 -0.050481662 0.093048856 2.957475185 0.049336698 0.998675704 0.014566041 -0.430751085 -0.093660913 -0.009893467 0.995554686 44.030792236
0.995098889 -0.050588664 0.084960505 3.008952141 0.049940657 0.998704433 0.009736681 -0.431685328 -0.085342959 -0.005445977 0.996336401 44.674415588
0.995824456 -0.050047074 0.076343387 3.049315691 0.049898863 0.998746574 0.003848871 -0.432640851 -0.076440282 -0.000023349 0.997073829 45.310684204
0.996635199 -0.047428835 0.066843443 3.080855370 0.047533285 0.998869359 0.000027919 -0.440008968 -0.066769153 0.003149466 0.997763157 45.948360443
0.997398019 -0.044373326 0.056811363 3.105732203 0.044635557 0.998997390 -0.003354521 -0.446111768 -0.056605507 0.005881603 0.998378992 46.590087891
0.998012185 -0.041555628 0.047371347 3.121915579 0.041843582 0.999110818 -0.005102728 -0.455811232 -0.047117129 0.007074776 0.998863995 47.236007690
0.998552978 -0.038127095 0.037914481 3.133740902 0.038346212 0.999251366 -0.005068520 -0.467273444 -0.037692796 0.006515068 0.999267817 47.889007568
0.999010503 -0.033784900 0.028909978 3.137650728 0.033933897 0.999412775 -0.004678415 -0.480600357 -0.028734889 0.005654818 0.999570727 48.549541473
0.999310434 -0.030781914 0.020746928 3.137720108 0.030893652 0.999509394 -0.005086436 -0.490176201 -0.020580122 0.005723882 0.999771416 49.212699890
0.999483526 -0.029360412 0.013034821 3.138284206 0.029429758 0.999553204 -0.005159872 -0.500715494 -0.012877441 0.005540824 0.999901354 49.881050110
0.999646127 -0.025946088 0.005791288 3.130090952 0.025971817 0.999652624 -0.004410991 -0.510320723 -0.005674766 0.004559846 0.999973118 50.549434662
0.999695897 -0.024642428 0.000307393 3.120752335 0.024643565 0.999686062 -0.004451848 -0.521736741 -0.000197528 0.004458074 0.999989688 51.223800659
0.999700010 -0.023794575 -0.005736340 3.110883236 0.023771647 0.999708951 -0.004035024 -0.532035947 0.005830748 0.003897456 0.999975026 51.897720337
0.999626279 -0.025087934 -0.010821246 3.099922180 0.025055384 0.999680877 -0.003134915 -0.540267289 0.010896508 0.002862618 0.999936163 52.574337006
0.999631464 -0.023075784 -0.014271838 3.078604937 0.023067784 0.999733388 -0.000726209 -0.547785342 0.014284858 0.000396726 0.999897480 53.251583099
0.999586999 -0.022568425 -0.017768444 3.059597492 0.022590674 0.999743998 0.001051355 -0.558522046 0.017740237 -0.001452317 0.999841154 53.932334900
0.999478161 -0.024280356 -0.021284323 3.043578148 0.024325399 0.999702096 0.001859010 -0.568049312 0.021232914 -0.002375786 0.999771297 54.618392944
0.999333918 -0.027346244 -0.024147633 3.026068449 0.027357725 0.999625385 0.000144416 -0.576178789 0.024134707 -0.000804940 0.999707997 55.304206848
0.999203384 -0.029601874 -0.026749913 3.004802942 0.029591985 0.999561429 -0.000766220 -0.583072543 0.026760932 -0.000025969 0.999641478 55.989162445
0.999155641 -0.028419066 -0.029657844 2.980386496 0.028386716 0.999595463 -0.001511922 -0.593046546 0.029688887 0.000668761 0.999558568 56.679683685
0.999094546 -0.028251255 -0.031798482 2.952179909 0.028261293 0.999600172 -0.000134319 -0.601903498 0.031789634 -0.000764464 0.999493897 57.376358032
0.999016166 -0.028651755 -0.033838019 2.926011086 0.028699152 0.999587238 0.000915286 -0.611914158 0.033797901 -0.001885504 0.999426544 58.067707062
0.998949826 -0.029049441 -0.035422206 2.898659229 0.029117392 0.999574602 0.001403399 -0.619990408 0.035366438 -0.002433324 0.999371111 58.755367279
0.998963773 -0.027708933 -0.036096606 2.862903833 0.027770275 0.999613166 0.001198532 -0.629798174 0.036049504 -0.002199698 0.999347270 59.441463470
0.999015570 -0.026075592 -0.035879221 2.832650661 0.026102213 0.999658763 0.000273131 -0.640378892 0.035859928 -0.001209385 0.999355733 60.123622894
0.999097049 -0.024341000 -0.034812797 2.800409079 0.024308257 0.999703109 -0.001364063 -0.650247872 0.034835730 0.000516598 0.999392569 60.802719116
0.999181747 -0.024053255 -0.032504316 2.773395538 0.023937436 0.999705195 -0.003948306 -0.661507487 0.032589763 0.003167012 0.999463439 61.479244232
0.999334395 -0.021702930 -0.029308824 2.746548653 0.021526257 0.999747813 -0.006330930 -0.673554718 0.029438889 0.005695815 0.999549985 62.147842407
0.999477029 -0.020161593 -0.025267966 2.724712610 0.019973699 0.999770701 -0.007667379 -0.686973512 0.025416814 0.007158683 0.999650955 62.817916870
0.999595821 -0.019328419 -0.020833025 2.705513477 0.019183353 0.999790132 -0.007141904 -0.701117575 0.020966748 0.006739378 0.999757111 63.486427307
0.999667168 -0.019962473 -0.016322050 2.696675539 0.019870957 0.999785662 -0.005751244 -0.714701056 0.016433416 0.005425002 0.999849916 64.143867493
0.999756932 -0.018903051 -0.011320900 2.685817480 0.018870154 0.999817073 -0.003007538 -0.730404019 0.011375736 0.002793186 0.999931037 64.810226440
0.999820650 -0.018054793 -0.005659734 2.676757336 0.018046869 0.999835670 -0.001452194 -0.745135844 0.005685077 0.001349799 0.999982595 65.465888977
0.999851167 -0.017226353 0.000427544 2.678096056 0.017226975 0.999850154 -0.001444978 -0.758367240 -0.000402538 0.001452134 0.999998510 66.114562988
0.999831498 -0.016702982 0.007573573 2.683590651 0.016715309 0.999858618 -0.001564446 -0.768692076 -0.007546323 0.001690783 0.999969780 66.748954773
0.999738812 -0.017389042 0.014808896 2.693492413 0.017414603 0.999846637 -0.001597453 -0.780304015 -0.014778802 0.001854933 0.999888778 67.380897522
0.999596000 -0.018775808 0.021319758 2.709279537 0.018818133 0.999820888 -0.001785403 -0.791377306 -0.021282375 0.002185886 0.999770820 67.993583679
0.999402940 -0.020666014 0.027674187 2.730235577 0.020725705 0.999782979 -0.001870964 -0.804074645 -0.027629476 0.002443421 0.999614954 68.586036682
0.999180496 -0.021926986 0.034010768 2.754238367 0.022012027 0.999754965 -0.002127257 -0.816051722 -0.033955753 0.002874166 0.999418914 69.173667908
0.998933494 -0.022586538 0.040261455 2.779876709 0.022742631 0.999734998 -0.003422588 -0.828179002 -0.040173449 0.004334597 0.999183059 69.747428894
0.998692632 -0.022555819 0.045863438 2.806212664 0.022783933 0.999729991 -0.004456568 -0.839212656 -0.045750506 0.005495699 0.998937488 70.313507080
0.998464942 -0.023493655 0.050149094 2.837243795 0.023742037 0.999708116 -0.004362412 -0.848657191 -0.050031941 0.005546365 0.998731911 70.882125854
0.998287201 -0.024682092 0.053034060 2.870039940 0.024881238 0.999685109 -0.003097601 -0.855893016 -0.052940879 0.004411857 0.998587608 71.452865601
0.998149097 -0.026263144 0.054842722 2.899641514 0.026385812 0.999650180 -0.001513327 -0.867856801 -0.054783765 0.002957603 0.998493552 72.014595032
0.998062491 -0.027841564 0.055635095 2.929419279 0.027966516 0.999607325 -0.001468055 -0.876636744 -0.055572346 0.003021137 0.998449802 72.568740845
0.998034775 -0.029538943 0.055255726 2.959740400 0.029744541 0.999552846 -0.002901552 -0.885847569 -0.055145279 0.004539413 0.998467743 73.121421814
0.998120308 -0.028821483 0.054076362 2.987420797 0.029097205 0.999566853 -0.004317771 -0.898655176 -0.053928465 0.005883135 0.998527169 73.679252625
0.998257220 -0.025845295 0.053043123 3.007887840 0.026060026 0.999654353 -0.003360077 -0.904976010 -0.052937914 0.004736535 0.998586237 74.225601196
0.998367429 -0.024486033 0.051593579 3.028697491 0.024658654 0.999691904 -0.002711394 -0.913513362 -0.051511254 0.003979204 0.998664141 74.764747620
0.998431027 -0.026840188 0.049133062 3.055514097 0.026994932 0.999632120 -0.002488056 -0.925287843 -0.049048163 0.003810504 0.998788834 75.308708191
0.998420894 -0.031312309 0.046627060 3.083780527 0.031421084 0.999504566 -0.001601062 -0.938919187 -0.046553776 0.003063615 0.998910785 75.849899292
0.998473287 -0.033372037 0.044002660 3.106146574 0.033429399 0.999440551 -0.000567584 -0.949331701 -0.043959051 0.002037707 0.999030948 76.385375977
0.998668671 -0.032686550 0.039890606 3.120696068 0.032789089 0.999460042 -0.001917962 -0.956219077 -0.039806325 0.003223394 0.999201894 76.916687012
0.998915136 -0.032337930 0.033489089 3.132229805 0.032411899 0.999472797 -0.001666926 -0.964196146 -0.033417471 0.002750570 0.999437332 77.440841675
0.999069810 -0.034456514 0.025903214 3.141450405 0.034457263 0.999405682 0.000419093 -0.974385858 -0.025902199 0.000473857 0.999663949 77.957939148
0.999155045 -0.037542276 0.016687784 3.144657135 0.037518308 0.999293983 0.001749570 -0.984421372 -0.016741617 -0.001121989 0.999858737 78.471710205
0.999193907 -0.039782606 0.005253348 3.138694048 0.039778743 0.999207735 0.000844638 -0.994014382 -0.005282715 -0.000634981 0.999985337 78.975143433
0.999175847 -0.040010028 -0.006749652 3.125640392 0.040013637 0.999198675 0.000395367 -1.002440095 0.006728505 -0.000665114 0.999976635 79.476356506
0.999119401 -0.038014214 -0.017724264 3.105083466 0.038034521 0.999275684 0.000808000 -1.011172652 0.017680798 -0.001481417 0.999842048 79.973335266
0.999001086 -0.035063546 -0.027678847 3.079296350 0.035089757 0.999383628 0.000460431 -1.018988013 0.027645733 -0.001431210 0.999616206 80.466964722
0.998854399 -0.032493688 -0.035112597 3.049474478 0.032508019 0.999471068 -0.000163713 -1.026928663 0.035099436 -0.000977909 0.999382794 80.960533142
0.998732626 -0.031272225 -0.039420754 3.022932768 0.031280447 0.999510169 -0.000409175 -1.035545945 0.039414335 -0.000824436 0.999222100 81.454338074
0.998624861 -0.031346217 -0.042007208 2.996250629 0.031339277 0.999508083 -0.000824525 -1.043305039 0.042012487 -0.000493078 0.999116421 81.943656921
0.998509109 -0.031858269 -0.044311088 2.972093344 0.031824041 0.999491990 -0.001478444 -1.051257491 0.044335775 0.000066088 0.999016166 82.428398132
0.998417437 -0.032445271 -0.045921821 2.947879076 0.032377072 0.999472857 -0.002228914 -1.060254574 0.045970030 0.000738579 0.998942018 82.916213989
0.998398662 -0.032083310 -0.046578608 2.919691563 0.031953104 0.999482751 -0.003538123 -1.067836404 0.046668127 0.002044133 0.998907804 83.410163879
0.998455048 -0.031220654 -0.045952328 2.892574072 0.031043997 0.999507308 -0.004553786 -1.076459289 0.046071958 0.003120215 0.998932719 83.912048340
0.998520315 -0.030935166 -0.044710711 2.867549419 0.030760190 0.999515891 -0.004597049 -1.085613966 0.044831373 0.003214945 0.998988867 84.424034119
0.998583972 -0.031440847 -0.042898465 2.843745232 0.031283867 0.999500811 -0.004326625 -1.093226790 0.043013182 0.002978476 0.999069571 84.943046570
0.998689055 -0.031650033 -0.040214505 2.819776535 0.031510066 0.999494612 -0.004110466 -1.100213289 0.040324375 0.002837924 0.999182105 85.472854614
0.998812020 -0.031606615 -0.037071910 2.796950340 0.031488471 0.999496639 -0.003767429 -1.107229352 0.037172422 0.002595624 0.999305010 86.006248474
0.998935461 -0.031383555 -0.033790804 2.776818275 0.031278569 0.999503732 -0.003632033 -1.114310622 0.033888116 0.002571246 0.999421835 86.555732727
0.999061763 -0.031270705 -0.029941479 2.759137630 0.031200694 0.999508858 -0.002803610 -1.120535254 0.030014537 0.001866792 0.999547243 87.115692139
0.999221683 -0.030602118 -0.024864856 2.742300749 0.030549865 0.999529839 -0.002479697 -1.126269937 0.024929140 0.001718157 0.999687254 87.683403015
0.999359548 -0.030398063 -0.018843854 2.729762793 0.030359933 0.999536097 -0.002307510 -1.134326100 0.018905342 0.001733942 0.999819279 88.255767822
0.999470413 -0.030047331 -0.012433263 2.722024202 0.030037206 0.999548018 -0.001002128 -1.140687466 0.012457835 0.000628145 0.999921679 88.839889526
0.999551177 -0.029457653 -0.005308756 2.718824387 0.029459510 0.999565721 0.000267687 -1.146294475 0.005298641 -0.000423953 0.999985397 89.425132751
0.999605119 -0.027983330 0.002244396 2.717960596 0.027980814 0.999607563 0.001154734 -1.152313709 -0.002275756 -0.001091471 0.999996364 90.013092041
0.999563992 -0.027766634 0.009960940 2.723729610 0.027744794 0.999612093 0.002326324 -1.158749938 -0.010021603 -0.002048940 0.999947250 90.604568481
0.999438345 -0.027924489 0.018483218 2.736747742 0.027862186 0.999604940 0.003621134 -1.167175770 -0.018576970 -0.003104112 0.999822199 91.189338684
0.999206007 -0.028003890 0.028308179 2.754639864 0.027881885 0.999599934 0.004696274 -1.173439860 -0.028428312 -0.003903255 0.999587774 91.776336670
0.998880148 -0.027393438 0.038551673 2.778677464 0.027175993 0.999611437 0.006153705 -1.179198027 -0.038705219 -0.005099129 0.999237180 92.354995728
0.998421013 -0.026683088 0.049412809 2.809491634 0.026293242 0.999617636 0.008523304 -1.184955955 -0.049621306 -0.007210620 0.998741567 92.924568176
0.997775316 -0.025774276 0.061467350 2.845767975 0.025138471 0.999622107 0.011095135 -1.189011455 -0.061730061 -0.009525254 0.998046994 93.481895447
0.996837914 -0.025726184 0.075170025 2.893848181 0.024886018 0.999616802 0.012092600 -1.194105029 -0.075452305 -0.010183678 0.997096956 94.025115967
0.995514631 -0.025122127 0.091201991 2.950794458 0.024147607 0.999638736 0.011773376 -1.197509646 -0.091464818 -0.009518255 0.995762348 94.566993713
0.993533492 -0.024566162 0.110842839 3.016679049 0.023384638 0.999654770 0.011947202 -1.201882839 -0.111098096 -0.009277921 0.993765652 95.104698181
0.990844727 -0.025593799 0.132552296 3.098989725 0.024128456 0.999628484 0.012649624 -1.204029322 -0.132826850 -0.009335526 0.991094768 95.637619019
0.987712264 -0.028641593 0.153631285 3.196436167 0.026925785 0.999549448 0.013237920 -1.204972863 -0.153941289 -0.008938609 0.988039017 96.167213440
0.984180927 -0.032630499 0.174130574 3.307416201 0.030516403 0.999424338 0.014805248 -1.204441547 -0.174513504 -0.009257201 0.984610736 96.694572449
0.980161965 -0.036247931 0.194851220 3.426688671 0.033638574 0.999294519 0.016685048 -1.203181744 -0.195318654 -0.009799529 0.980690360 97.218284607
0.975739121 -0.039802905 0.215284213 3.555873156 0.036770083 0.999159992 0.018075872 -1.203050137 -0.215822965 -0.009721315 0.976383626 97.733726501
0.971259594 -0.044171870 0.233884439 3.691137791 0.040891174 0.998985291 0.018860128 -1.197930932 -0.234480351 -0.008754270 0.972080886 98.238822937
0.967366040 -0.050099697 0.248377264 3.838872194 0.046635531 0.998715103 0.019815352 -1.196121812 -0.249051049 -0.007585491 0.968460023 98.747550964
0.964702427 -0.057911228 0.256892562 3.989751816 0.054427326 0.998303711 0.020657703 -1.191792488 -0.257653296 -0.005946558 0.966218531 99.252342224
0.963918269 -0.065972507 0.257890314 4.136033058 0.062606983 0.997811735 0.021249771 -1.187347651 -0.258728057 -0.004337306 0.965939820 99.749290466
0.964997888 -0.072165437 0.252129793 4.274228573 0.068926431 0.997386158 0.021667160 -1.183853030 -0.253034562 -0.003530353 0.967450142 100.244331360
0.967494309 -0.075345330 0.241404414 4.395694256 0.072350755 0.997152388 0.021258207 -1.183441877 -0.242318854 -0.003101396 0.970191061 100.733428955
0.971315503 -0.076362923 0.225195631 4.501132965 0.073658377 0.997074544 0.020400012 -1.183293700 -0.226094797 -0.003227297 0.974099338 101.220771790
0.975925803 -0.077362843 0.203916684 4.590421677 0.075031430 0.996996880 0.019151920 -1.183208704 -0.204786092 -0.003390687 0.978800297 101.702583313
0.980640888 -0.077582866 0.179784864 4.663515568 0.075683840 0.996979535 0.017408889 -1.183152080 -0.180592582 -0.003465054 0.983551264 102.178779602
0.984955132 -0.077761523 0.154320613 4.718543530 0.076237038 0.996964455 0.015781488 -1.182882667 -0.155079469 -0.003779104 0.987894118 102.647018433
0.988799155 -0.078530177 0.126915514 4.761170864 0.077254966 0.996898949 0.014946997 -1.182802200 -0.127695829 -0.004974717 0.991800249 103.113677979
0.992194712 -0.079281911 0.096240841 4.785336018 0.078270145 0.996829987 0.014249248 -1.186201692 -0.097065538 -0.006605238 0.995255470 103.572311401
0.995013118 -0.078347288 0.061715711 4.791426182 0.077756502 0.996900737 0.011921173 -1.193882704 -0.062458482 -0.007062920 0.998021960 104.028068542
0.996818304 -0.075762928 0.024728317 4.771827698 0.075568482 0.997102261 0.008708091 -1.201204300 -0.025316436 -0.006811698 0.999655664 104.477287292
0.997367561 -0.071494654 -0.012032609 4.733336926 0.071567163 0.997419119 0.005704205 -1.205406189 0.011593727 -0.006550324 0.999910772 104.924179077
0.996719599 -0.065958954 -0.046879884 4.681157112 0.066205673 0.997798681 0.003727334 -1.210883498 0.046530854 -0.006818816 0.998893023 105.365486145
0.995202363 -0.059359413 -0.077762373 4.612277031 0.059669796 0.998216450 0.001671526 -1.219409704 0.077524498 -0.006303567 0.996969938 105.805473328
0.993176758 -0.053136598 -0.103800938 4.535164356 0.053439695 0.998570800 0.000138882 -1.225101829 0.103645258 -0.005685019 0.994597495 106.238021851
0.990877926 -0.047257323 -0.126197979 4.453491688 0.047604669 0.998865902 -0.000263941 -1.232988715 0.126067415 -0.005746074 0.992004454 106.668304443
0.988430023 -0.042313680 -0.145649880 4.367330074 0.042693719 0.999087811 -0.000517124 -1.239929318 0.145538986 -0.005707189 0.989335477 107.093902588
0.986192107 -0.038210727 -0.161131784 4.283461571 0.038508926 0.999257207 -0.001273078 -1.248179078 0.161060810 -0.004949507 0.986931503 107.513259888
0.984544158 -0.034723632 -0.171654880 4.194258213 0.034486447 0.999395370 -0.004364531 -1.254763126 0.171702728 -0.001622687 0.985146940 107.945075989
0.983756065 -0.030223006 -0.176943183 4.101493835 0.029381134 0.999540746 -0.007376645 -1.262531042 0.177084953 0.002058037 0.984192908 108.390419006
0.983690560 -0.025000306 -0.178118274 4.006758690 0.023860153 0.999678493 -0.008540676 -1.272200465 0.178274602 0.004151464 0.983971477 108.850112915
0.984302342 -0.020000054 -0.175348595 3.912582874 0.018860914 0.999788463 -0.008160727 -1.279425263 0.175474793 0.004725399 0.984472036 109.332557678
0.985541403 -0.016577663 -0.168616667 3.823647261 0.015427182 0.999847591 -0.008130862 -1.288647532 0.168725818 0.005412034 0.985647619 109.829887390
0.987322330 -0.014067660 -0.158098012 3.741914511 0.012962356 0.999883413 -0.008020259 -1.297261477 0.158192456 0.005869270 0.987390280 110.355232239
0.989350498 -0.011534153 -0.145088673 3.665235519 0.010317380 0.999904692 -0.009136056 -1.302543402 0.145180240 0.007541840 0.989375889 110.897392273
0.991452634 -0.007504766 -0.130244628 3.591572285 0.006305528 0.999933541 -0.009617480 -1.308920741 0.130308181 0.008714028 0.991434634 111.457092285
0.993410170 -0.005965420 -0.114450574 3.528100014 0.005068703 0.999953866 -0.008124314 -1.312245727 0.114493787 0.007490674 0.993395090 112.039482117
0.995115817 -0.007582568 -0.098414078 3.476326466 0.006844588 0.999945641 -0.007834109 -1.321139455 0.098468140 0.007122256 0.995114028 112.637054443
0.996580958 -0.009393577 -0.082076110 3.433028460 0.008741735 0.999927104 -0.008297593 -1.328806877 0.082148075 0.007551750 0.996590853 113.261299133
0.997725010 -0.012131913 -0.066301771 3.397927523 0.011521925 0.999887526 -0.009574769 -1.337874174 0.066410467 0.008789078 0.997753024 113.905052185
0.998599350 -0.011302885 -0.051670615 3.366667032 0.010718443 0.999875307 -0.011573956 -1.348142147 0.051794976 0.011003933 0.998596489 114.568832397
0.999216676 -0.011478132 -0.037847139 3.344503641 0.010970559 0.999847233 -0.013591520 -1.358477712 0.037997339 0.013165689 0.999190450 115.245704651
0.999617755 -0.013201943 -0.024252567 3.333985567 0.012858315 0.999815285 -0.014270307 -1.371071100 0.024436451 0.013953025 0.999603331 115.954429626
0.999822080 -0.015370809 -0.010848269 3.333781719 0.015213614 0.999779999 -0.014426968 -1.386163235 0.011067598 0.014259380 0.999836445 116.685028076
0.999842942 -0.017622195 0.001341644 3.338259220 0.017638933 0.999750435 -0.013698176 -1.400277734 -0.001099960 0.013719709 0.999904633 117.430564880
0.999764860 -0.018497992 0.011238147 3.349783659 0.018638369 0.999747753 -0.012517443 -1.415976524 -0.011003813 0.012723979 0.999857843 118.194770813
0.999635518 -0.019137762 0.018994123 3.362526178 0.019342592 0.999755919 -0.010659117 -1.431611180 -0.018785547 0.011022645 0.999762118 118.977371216
0.999472797 -0.022057367 0.023785805 3.386965990 0.022289665 0.999705791 -0.009545460 -1.449282527 -0.023568315 0.010070621 0.999670863 119.764503479
0.999339342 -0.024365230 0.026933804 3.411006212 0.024607461 0.999659121 -0.008698643 -1.464031816 -0.026712738 0.009355684 0.999598742 120.565429688
0.999275446 -0.024675662 0.028946040 3.433516741 0.024920644 0.999656081 -0.008133095 -1.478374124 -0.028735459 0.008848571 0.999547243 121.373039246
0.999239981 -0.024462840 0.030318627 3.451539278 0.024688460 0.999669790 -0.007089505 -1.492115021 -0.030135248 0.007832652 0.999514520 122.173454285
0.999231219 -0.023555858 0.031308934 3.469713688 0.023744835 0.999701619 -0.005677550 -1.508138061 -0.031165918 0.006416624 0.999493003 122.972770691
0.999211192 -0.023069298 0.032292832 3.488595486 0.023188083 0.999725282 -0.003308447 -1.521198511 -0.032207709 0.004054660 0.999472380 123.777320862
0.999179244 -0.023077587 0.033260610 3.510530949 0.023080235 0.999733210 0.000304566 -1.534053683 -0.033258833 0.000463357 0.999446094 124.576446533
0.999144912 -0.024194233 0.033498000 3.534783125 0.024071692 0.999701619 0.004056877 -1.544928074 -0.033586226 -0.003247046 0.999429941 125.376831055
0.999155641 -0.024764638 0.032753818 3.556570768 0.024568038 0.999677360 0.006391418 -1.554991126 -0.032901596 -0.005581318 0.999442399 126.169563293
0.999166965 -0.025643913 0.031715129 3.576545954 0.025460919 0.999656498 0.006160504 -1.562573075 -0.031862278 -0.005347869 0.999477327 126.966308594
0.999190509 -0.026136724 0.030550428 3.597104788 0.026027042 0.999652982 0.003982508 -1.570087433 -0.030643977 -0.003184140 0.999524653 127.759384155
0.999194980 -0.027083334 0.029564861 3.617194891 0.027032044 0.999632001 0.002133333 -1.577716112 -0.029611818 -0.001332409 0.999559939 128.551116943
0.999202430 -0.027655888 0.028774420 3.634953976 0.027628236 0.999617040 0.001358401 -1.584311247 -0.028801026 -0.000562322 0.999584377 129.344207764
0.999207377 -0.027809409 0.028452663 3.653719187 0.027779389 0.999612749 0.001450108 -1.592292070 -0.028482027 -0.000658553 0.999593437 130.134826660
0.999248803 -0.025862433 0.028832138 3.669130325 0.025812401 0.999664307 0.002106366 -1.603716254 -0.028876992 -0.001360548 0.999581397 130.921783447
0.999219298 -0.024904653 0.030641023 3.686401129 0.024845393 0.999688327 0.002313448 -1.617186785 -0.030689150 -0.001550345 0.999527097 131.718460083
0.999149680 -0.024316182 0.033271637 3.706375360 0.024246551 0.999702573 0.002494975 -1.627909064 -0.033322472 -0.001686123 0.999442577 132.504394531
0.999076664 -0.021555487 0.037140664 3.726505041 0.021449581 0.999764323 0.003247858 -1.637537122 -0.037201982 -0.002448200 0.999304116 133.290802002
0.998873532 -0.020404983 0.042819932 3.752118587 0.020236030 0.999785364 0.004375644 -1.646011949 -0.042900093 -0.003504202 0.999072552 134.084136963
0.998570800 -0.019915357 0.049576808 3.787439585 0.019655660 0.999790132 0.005720518 -1.655451298 -0.049680397 -0.004737871 0.998753250 134.873855591
0.998118699 -0.018465361 0.058447484 3.828639984 0.018086107 0.999811530 0.007011288 -1.664789081 -0.058566004 -0.005941005 0.998265207 135.652954102
0.997480750 -0.015506909 0.069208011 3.875507593 0.014982199 0.999854684 0.008094369 -1.672032595 -0.069323547 -0.007037084 0.997568786 136.422027588
0.996567845 -0.014487017 0.081490457 3.934870720 0.013802988 0.999864340 0.008951156 -1.679848790 -0.081609160 -0.007795619 0.996633291 137.194351196
0.995284319 -0.014945473 0.095832318 4.006930828 0.014089769 0.999854326 0.009599740 -1.685731530 -0.095961921 -0.008204211 0.995350540 137.962081909
0.993621528 -0.014832231 0.111777440 4.090677261 0.013845233 0.999857783 0.009601164 -1.691268206 -0.111904047 -0.007992336 0.993686199 138.721771240
0.991553426 -0.015470585 0.128764942 4.193373680 0.014345319 0.999850154 0.009661865 -1.695838332 -0.128895223 -0.007733078 0.991627455 139.481277466
0.989072859 -0.017124536 0.146422714 4.309717655 0.015864216 0.999826133 0.009770930 -1.704191208 -0.146564692 -0.007341275 0.989173234 140.226837158
0.986270607 -0.020185042 0.163892791 4.436958790 0.018828388 0.999774158 0.009827087 -1.708452344 -0.164054260 -0.006606324 0.986428559 140.966064453
0.983341575 -0.024985123 0.180036247 4.582222462 0.023363424 0.999664843 0.011122838 -1.714956522 -0.180253968 -0.006731279 0.983596444 141.704467773
0.980735898 -0.030987559 0.192859665 4.740036964 0.029191623 0.999499679 0.012147564 -1.719006896 -0.193139762 -0.006283659 0.981150568 142.442565918
0.978831291 -0.037936348 0.201116964 4.904182911 0.036009021 0.999263525 0.013234305 -1.719294190 -0.201471061 -0.005712119 0.979477227 143.179122925
0.978009522 -0.044099517 0.203839570 5.066817284 0.042229507 0.999016166 0.013516841 -1.722695470 -0.204235286 -0.004611545 0.978910327 143.909164429
0.978093624 -0.050407846 0.201964825 5.226183891 0.048704244 0.998723030 0.013399172 -1.727724195 -0.202382520 -0.003269092 0.979300439 144.634521484
0.978913009 -0.056035880 0.196436271 5.381091595 0.054414671 0.998424888 0.013645020 -1.731444359 -0.196891636 -0.002668263 0.980421007 145.364700317
0.980481923 -0.061423816 0.186762750 5.530148029 0.060017567 0.998109996 0.013180201 -1.736472964 -0.187219486 -0.001713891 0.982315958 146.097442627
0.982511282 -0.064597562 0.174632996 5.664059639 0.063431963 0.997910619 0.012254037 -1.738446474 -0.175059825 -0.000962404 0.984556675 146.826126099
0.984412968 -0.066807441 0.162683293 5.779300213 0.065831251 0.997765422 0.011390232 -1.741940379 -0.163080841 -0.000503034 0.986611903 147.544250488
0.986081243 -0.066865392 0.152219713 5.883221149 0.065958664 0.997761309 0.011004482 -1.745515704 -0.152614892 -0.000811091 0.988284767 148.262695312
0.987401664 -0.066723548 0.143471092 5.982564449 0.065704815 0.997768521 0.011832519 -1.749284267 -0.143940583 -0.002256694 0.989583135 148.982711792
0.988391519 -0.068577208 0.135563299 6.075562954 0.067447081 0.997638762 0.012917799 -1.754670739 -0.136129215 -0.003624483 0.990683854 149.698318481
0.989388049 -0.070199445 0.127205491 6.170969486 0.069152944 0.997525692 0.012630517 -1.759638667 -0.127777532 -0.003699839 0.991795361 150.418380737
0.990316093 -0.070676349 0.119485505 6.248961926 0.069654770 0.997489691 0.012710446 -1.763237357 -0.120084010 -0.004264615 0.992753983 151.124374390
0.991227508 -0.070304371 0.111907184 6.320713997 0.069267780 0.997511148 0.013129621 -1.764892936 -0.112551853 -0.005262872 0.993631363 151.827896118
0.992000699 -0.071984373 0.103685290 6.390119076 0.070976540 0.997387648 0.013382550 -1.765532851 -0.104377873 -0.005916270 0.994519591 152.526550293
0.992771327 -0.071795389 0.096168399 6.450809479 0.070822902 0.997397065 0.013492885 -1.770566821 -0.096886910 -0.006584419 0.995273113 153.213226318
0.993621886 -0.069549277 0.088748343 6.502536774 0.068773776 0.997562230 0.011770604 -1.777589917 -0.089350738 -0.005591963 0.995984018 153.888214111
0.994265318 -0.069629215 0.081154808 6.553081036 0.069037765 0.997562528 0.010075339 -1.780823469 -0.081658646 -0.004414803 0.996650040 154.556869507
0.994697869 -0.071586497 0.073819615 6.601101875 0.071165338 0.997429192 0.008323913 -1.786787271 -0.074225813 -0.003026370 0.997236371 155.212738037
0.995127439 -0.071663387 0.067702547 6.635327816 0.071225554 0.997420251 0.008862854 -1.793025255 -0.068163119 -0.003997508 0.997665703 155.850021362
0.995536089 -0.070439979 0.062800877 6.664931774 0.070006311 0.997504592 0.009082888 -1.801910281 -0.063284032 -0.004645876 0.997984231 156.475677490
0.995926619 -0.068422943 0.058705699 6.688471794 0.068030216 0.997645020 0.008665692 -1.808307886 -0.059160445 -0.004636622 0.998237193 157.078155518
0.996055126 -0.069234312 0.055485219 6.719121933 0.068917841 0.997592807 0.007600233 -1.816762924 -0.055877909 -0.003746320 0.998430014 157.665298462
0.996155798 -0.069156975 0.053747535 6.744929790 0.068869285 0.997599185 0.007189759 -1.825989366 -0.054115780 -0.003460555 0.998528063 158.234008789
0.996243656 -0.068534851 0.052908521 6.768869400 0.068334058 0.997646213 0.005598005 -1.834071279 -0.053167697 -0.001961512 0.998583078 158.773391724
0.996339798 -0.066990748 0.053075325 6.791312218 0.066828415 0.997752190 0.004830384 -1.840969563 -0.053279668 -0.001265752 0.998578250 159.307571411
0.996410370 -0.064610206 0.054677334 6.818487644 0.064451791 0.997909307 0.004658604 -1.850870371 -0.054864075 -0.001117818 0.998492599 159.827194214
0.996236920 -0.063862577 0.058576304 6.845952034 0.063697502 0.997957587 0.004684034 -1.859813690 -0.058755871 -0.000935231 0.998271346 160.332687378
0.996067584 -0.061217997 0.064026378 6.875290871 0.061050802 0.998123467 0.004567406 -1.868970275 -0.064185917 -0.000640571 0.997937143 160.813186646
0.995659053 -0.059279680 0.071739540 6.906124115 0.059326112 0.998236775 0.001486205 -1.878200293 -0.071701244 0.002776291 0.997421682 161.288269043
0.995116115 -0.056019429 0.081260286 6.949024200 0.056373253 0.998406887 -0.002063888 -1.883893490 -0.081015319 0.006634737 0.996690154 161.755706787
0.994158447 -0.051674273 0.094742902 6.988367081 0.052532714 0.998596787 -0.006586679 -1.892451882 -0.094269723 0.011525335 0.995479345 162.207550049
0.992545366 -0.047981501 0.112022065 7.040978909 0.049348351 0.998736084 -0.009458728 -1.896060586 -0.111426793 0.014916356 0.993660033 162.657760620
0.990295291 -0.043777287 0.131894693 7.103724957 0.045354251 0.998929858 -0.008974022 -1.904711246 -0.131360888 0.014868952 0.991222382 163.104568481
0.986915708 -0.044161052 0.155063599 7.190649509 0.045939900 0.998912156 -0.007904892 -1.908955455 -0.154546067 0.014925105 0.987872064 163.550308228
0.982260585 -0.048044901 0.181255147 7.287018776 0.049614381 0.998759091 -0.004131933 -1.916261673 -0.180831999 0.013051532 0.983426571 163.986633301
0.976436794 -0.053300116 0.209112406 7.407541752 0.054914061 0.998488426 -0.001915345 -1.923189998 -0.208694562 0.013353460 0.977888882 164.412826538
0.969276905 -0.054858789 0.239771843 7.531686306 0.056086507 0.998423576 0.001705773 -1.935248613 -0.239487827 0.011794633 0.970826864 164.826293945
0.960690141 -0.050727684 0.272944927 7.660813808 0.051437221 0.998664916 0.004560537 -1.947290778 -0.272812307 0.009658298 0.962017894 165.222991943
0.950659990 -0.038887691 0.307784200 7.786863804 0.039380599 0.999212801 0.004612206 -1.947710872 -0.307721704 0.007736114 0.951444030 165.615097046
0.938816071 -0.030483436 0.343064010 7.932651997 0.030967906 0.999511242 0.004067502 -1.948120594 -0.343020767 0.006805364 0.939302206 166.005813599
0.925505579 -0.028292175 0.377672791 8.107354164 0.029673051 0.999556422 0.002163504 -1.948490977 -0.377566934 0.009204397 0.925935566 166.382232666
0.909458041 -0.036865387 0.414155483 8.317800522 0.039749388 0.999207437 0.001655919 -1.953931808 -0.413888723 0.014956473 0.910203636 166.741577148
0.890057743 -0.043614540 0.453753978 8.547969818 0.049235806 0.998786151 -0.000575370 -1.953650594 -0.453178585 0.022853099 0.891125739 167.096282959
0.867555916 -0.042955816 0.495478779 8.787066460 0.048592132 0.998816669 0.001510932 -1.948615551 -0.494957924 0.022765595 0.868617594 167.461547852
0.842534065 -0.036754884 0.537385523 9.032724380 0.038619958 0.999222696 0.007792778 -1.943279624 -0.537254810 0.014188159 0.843299508 167.827255249
0.814841628 -0.034164567 0.578674018 9.305868149 0.029407617 0.999411702 0.017595330 -1.939344645 -0.578935385 0.002680035 0.815367877 168.190109253
0.784113288 -0.032679170 0.619754970 9.608314514 0.022915680 0.999455273 0.023707634 -1.932990432 -0.620192826 -0.004387353 0.784435928 168.543395996
