1.000000000 0.000000000 0.000000000 0.000000000 0.000000000 1.000000000 0.000000000 0.000000000 0.000000000 0.000000000 1.000000000 0.000000000
0.999052346 -0.000378908 0.043523654 0.059822809 0.000485018 0.999996960 -0.002427457 -0.028938845 -0.043522600 0.002446266 0.999049425 1.030431628
0.996065319 -0.004796850 0.088491932 0.166016445 0.005467541 0.999958098 -0.007338281 -0.057256542 -0.088453025 0.007793240 0.996049821 2.084635258
0.991032660 -0.004493310 0.133544505 0.336318791 0.006029887 0.999920130 -0.011103885 -0.090977110 -0.133483946 0.011809571 0.990980625 3.125620365
0.983800411 -0.002889074 0.179244041 0.561073184 0.005392337 0.999894559 -0.013480014 -0.123931453 -0.179186210 0.014228188 0.983712256 4.184322357
0.974365950 -0.005351828 0.224905059 0.799968660 0.008569140 0.999874413 -0.013331495 -0.153360099 -0.224805474 0.014916998 0.974289417 5.202796936
0.962837934 -0.006009221 0.270012885 1.092262983 0.010308812 0.999841630 -0.014508366 -0.181145966 -0.269882947 0.016752716 0.962747335 6.252474308
0.949481428 -0.008390113 0.313710928 1.416722894 0.014420221 0.999753118 -0.016906295 -0.223512769 -0.313491642 0.020575995 0.949367940 7.200743198
0.934492052 -0.010242306 0.355836689 1.798739433 0.018004630 0.999666572 -0.018509306 -0.256099701 -0.355528474 0.023703506 0.934364736 8.159132004
0.917365074 -0.010282992 0.397914201 2.213825941 0.019455303 0.999629796 -0.019020244 -0.297047824 -0.397571295 0.025190048 0.917225361 9.099189758
0.897801459 -0.010485619 0.440275759 2.661330700 0.020287853 0.999639928 -0.017563120 -0.332414925 -0.439933002 0.024700442 0.897690713 10.034324646
0.875999629 -0.010110499 0.482205868 3.150629520 0.020668739 0.999648750 -0.016588055 -0.367157131 -0.481868684 0.024497716 0.875900805 10.940654755
0.852169275 -0.010592856 0.523158908 3.669805527 0.021805605 0.999645472 -0.015278273 -0.401493311 -0.522811472 0.024427472 0.852098167 11.796924591
0.826621771 -0.010591724 0.562658131 4.245333195 0.023043662 0.999621332 -0.015036979 -0.440912336 -0.562285662 0.025395596 0.826552868 12.652648926
0.799298108 -0.012537736 0.600803912 4.833646774 0.026504612 0.999544859 -0.014402460 -0.481983483 -0.600349784 0.027435932 0.799266696 13.451787949
0.770696700 -0.011639908 0.637095809 5.469123840 0.027410887 0.999513149 -0.014897662 -0.512283325 -0.636612117 0.028944939 0.770640612 14.226295471
0.740091801 -0.015009133 0.672338307 6.143332481 0.032478746 0.999381959 -0.013441741 -0.542319298 -0.671720922 0.031784829 0.740121901 14.978101730
0.708129823 -0.013863681 0.705946088 6.828889370 0.032158196 0.999402940 -0.012630955 -0.577504396 -0.705349326 0.031646304 0.708152890 15.662907600
0.673942268 -0.012551523 0.738677263 7.560098648 0.033200033 0.999360025 -0.013309488 -0.608517587 -0.738037407 0.033493932 0.673927844 16.339138031
0.638099492 -0.013067162 0.769842923 8.338336945 0.037092548 0.999216676 -0.013784385 -0.627376854 -0.769059718 0.037351243 0.638084531 17.012535095
0.601966083 -0.010964443 0.798446298 9.300144196 0.037433524 0.999193788 -0.014500798 -0.637343109 -0.797643542 0.038617644 0.601891398 17.703319550
0.564467609 -0.010009231 0.825394452 10.203710556 0.040723301 0.999046445 -0.015734654 -0.678902268 -0.824449897 0.042494487 0.564337194 18.312089920
0.526207983 -0.008457674 0.850313783 11.162868500 0.045590177 0.998792827 -0.018278487 -0.729060948 -0.849132717 0.048384238 0.525958598 18.860881805
0.487989306 -0.007404517 0.872818172 12.130392075 0.047531024 0.998705566 -0.018101932 -0.753351986 -0.871554375 0.050319485 0.487709820 19.358451843
0.449936241 -0.009259361 0.893012702 13.146889687 0.052890755 0.998467207 -0.016295737 -0.788029075 -0.891492963 0.054564156 0.449736565 19.848989487
0.413253665 -0.009995069 0.910561085 14.151777267 0.057277888 0.998244941 -0.015037730 -0.811412632 -0.908812582 0.058369413 0.413101137 20.285964966
0.378131509 -0.007762314 0.925719321 15.117609978 0.059035167 0.998131633 -0.015744777 -0.842502415 -0.923867464 0.060603593 0.377883494 20.679790497
0.345100075 -0.008769544 0.938524842 16.100826263 0.060218308 0.998102903 -0.012816317 -0.864506900 -0.936631978 0.060939293 0.344973683 21.017450333
0.312080592 -0.010753518 0.949994624 17.086704254 0.063219354 0.997954667 -0.009471640 -0.889467418 -0.947949767 0.063013963 0.312122315 21.320671082
0.279320031 -0.010722673 0.960137963 18.138460159 0.063614398 0.997947335 -0.007361559 -0.919886887 -0.958088338 0.063134842 0.279429048 21.613786697
0.247224033 -0.007966750 0.968925357 19.150558472 0.061044566 0.998107791 -0.007368996 -0.948920548 -0.967033446 0.060969435 0.247242779 21.874679565
0.216389760 -0.006335747 0.976286292 20.176116943 0.061148383 0.998103559 -0.007075949 -0.963830411 -0.974390209 0.061229505 0.216367021 22.101970673
0.186152697 -0.006265800 0.982500613 21.229591370 0.063644834 0.997956336 -0.005694310 -0.982404768 -0.980457246 0.063591115 0.186171249 22.290685654
0.155972719 -0.006748897 0.987738132 22.290731430 0.065922052 0.997818232 -0.003591912 -1.000255585 -0.985559106 0.065673970 0.156077534 22.450241089
0.125697479 -0.007433651 0.992040575 23.388084412 0.064938582 0.997888923 -0.000750633 -1.009130955 -0.989940941 0.064516068 0.125915065 22.592794418
0.096555129 -0.007771820 0.995297074 24.498638153 0.065758020 0.997834563 0.001412359 -1.016204834 -0.993153095 0.065312408 0.096857309 22.696508408
0.069629624 -0.007693872 0.997543037 25.656143188 0.068868205 0.997621477 0.002887400 -1.027428269 -0.995192885 0.068497971 0.069994085 22.757732391
0.044715337 -0.007398206 0.998972178 26.790925980 0.073416352 0.997292817 0.004099555 -1.032772660 -0.996298432 0.073157594 0.045137644 22.800445557
0.022033021 -0.007056096 0.999732077 27.967658997 0.077714071 0.996961296 0.005323806 -1.034213781 -0.996732235 0.077575967 0.022514628 22.821693420
0.001917608 -0.007243585 0.999971628 29.131551743 0.083876491 0.996451020 0.007057237 -1.036655664 -0.996474385 0.083860599 0.002518559 22.809295654
-0.015675846 -0.007970560 0.999845088 30.327486038 0.088221461 0.996057153 0.009323524 -1.037618399 -0.995977640 0.088353969 -0.014910681 22.785148621
-0.031149227 -0.008146797 0.999481261 31.520912170 0.091313675 0.995761693 0.010962307 -1.039019108 -0.995334983 0.091607787 -0.030273117 22.739191055
-0.045714833 -0.008996298 0.998913765 32.735633850 0.093232766 0.995556295 0.013232818 -1.030838609 -0.994594336 0.093736447 -0.044672769 22.705492020
-0.059048384 -0.010286329 0.998201907 33.977348328 0.093205899 0.995521784 0.015772287 -1.027057528 -0.993894398 0.093969651 -0.057825036 22.636917114
-0.071149737 -0.010262931 0.997412622 35.167900085 0.093081497 0.995515227 0.016883314 -1.020641923 -0.993113101 0.094041921 -0.069875196 22.554021835
-0.082179524 -0.007499578 0.996589124 36.390598297 0.093442470 0.995508552 0.015196789 -1.010435462 -0.992227376 0.094372638 -0.081109487 22.450376511
-0.092310175 -0.004164281 0.995721400 37.641979218 0.093685053 0.995518804 0.012848681 -0.998477519 -0.991313338 0.094470300 -0.091506243 22.341577530
-0.101662114 -0.001877842 0.994817019 38.896812439 0.094792366 0.995429754 0.011566000 -0.989540339 -0.990292609 0.095476910 -0.101019338 22.215000153
-0.109148748 -0.000889171 0.994024873 40.193202972 0.094568536 0.995454371 0.011274536 -0.979900122 -0.989516854 0.095234096 -0.108568370 22.075927734
-0.114971451 -0.000326066 0.993368626 41.503559113 0.094226830 0.995487213 0.011232479 -0.970140159 -0.988889813 0.094893403 -0.114421755 21.930114746
-0.119978562 0.001155108 0.992775679 42.808002472 0.095293768 0.995395124 0.010358255 -0.959152699 -0.988192499 0.095848113 -0.119536027 21.776195526
-0.124613635 0.002736019 0.992201447 44.160751343 0.094241291 0.995507717 0.009090921 -0.950715959 -0.987719655 0.094639212 -0.124311551 21.616147995
-0.128595948 0.003531393 0.991690695 45.561618805 0.095109046 0.995427907 0.008788420 -0.946141243 -0.987125874 0.095448919 -0.128343731 21.427450180
-0.131555572 0.002416559 0.991305768 46.938865662 0.095032461 0.995421886 0.010185109 -0.939023137 -0.986743152 0.095546141 -0.131182820 21.249958038
-0.133910045 0.000328900 0.990993321 48.340873718 0.095608987 0.995339155 0.012589024 -0.930681825 -0.986370742 0.096433669 -0.133317232 21.066209793
-0.136244014 -0.000950183 0.990674734 49.780918121 0.095238693 0.995355070 0.014052519 -0.914129794 -0.986086905 0.096265145 -0.135520563 20.874462128
-0.138272971 -0.000500549 0.990393877 51.241844177 0.098331049 0.995051742 0.014231310 -0.909002542 -0.985500813 0.099354282 -0.137539431 20.663967133
-0.139380798 -0.000910911 0.990238249 52.709445953 0.097991653 0.995078325 0.014708163 -0.895594120 -0.985378563 0.099085122 -0.138605431 20.464195251
-0.140180305 0.000345988 0.990125775 54.165397644 0.099630706 0.994929194 0.013757884 -0.878208816 -0.985100687 0.100575522 -0.139503837 20.273180008
-0.140272498 0.000418076 0.990112722 55.640724182 0.099343851 0.994959295 0.013654252 -0.863491118 -0.985116482 0.100276932 -0.139606848 20.070549011
-0.139762580 0.001795697 0.990183234 57.165813446 0.099038668 0.995008945 0.012174686 -0.850341678 -0.985219717 0.099768005 -0.139242738 19.861694336
-0.138579607 0.001553449 0.990349889 58.711582184 0.099629469 0.994947374 0.012380490 -0.836679995 -0.985327184 0.100383736 -0.138034061 19.643201828
-0.137155414 0.000253899 0.990549326 60.261058807 0.098719679 0.995024681 0.013414081 -0.825330853 -0.985617936 0.099626549 -0.136497974 19.432197571
-0.136150107 0.000945988 0.990687549 61.842704773 0.099522687 0.994953692 0.012727341 -0.809330463 -0.985676527 0.100328743 -0.135557100 19.218996048
-0.135244504 0.001485142 0.990810931 63.432678223 0.099367008 0.994977415 0.012072098 -0.795649409 -0.985816896 0.100086629 -0.134712696 19.008495331
-0.134364843 0.002092732 0.990929544 65.053833008 0.100431517 0.994877100 0.011516926 -0.782736063 -0.985829294 0.101068050 -0.133886591 18.791984558
-0.133501694 0.001902136 0.991046607 66.682159424 0.099817656 0.994938672 0.011536618 -0.766926885 -0.986008823 0.100464135 -0.133015767 18.585430145
-0.132754609 0.000166298 0.991148710 68.323814392 0.101787023 0.994714856 0.013466481 -0.757303417 -0.985908389 0.102673844 -0.132069811 18.367233276
-0.132192165 -0.001850920 0.991222143 70.014099121 0.103378549 0.994518816 0.015643938 -0.743276179 -0.985818326 0.104539141 -0.131276160 18.138259888
-0.131330341 -0.000818205 0.991338074 71.679679871 0.105256416 0.994335234 0.014764831 -0.733258009 -0.985734820 0.106283806 -0.130500168 17.917175293
-0.130634069 0.000849413 0.991430044 73.382789612 0.107773460 0.994085550 0.013348904 -0.725011110 -0.985555351 0.108593702 -0.129952893 17.688503265
-0.130027726 0.000607527 0.991509974 75.089088440 0.107150450 0.994151592 0.013442694 -0.708240807 -0.985703409 0.107988693 -0.129332289 17.464729309
-0.129956856 0.000376282 0.991519392 76.814361572 0.107878812 0.994068503 0.013762265 -0.700978279 -0.985633254 0.108752467 -0.129226536 17.237888336
-0.129748642 -0.000896966 0.991546273 78.514266968 0.107649073 0.994075716 0.014985669 -0.690762162 -0.985685766 0.108683445 -0.128883347 17.021768570
-0.129688486 -0.000608000 0.991554379 80.246894836 0.109183080 0.993909836 0.014889850 -0.674890459 -0.985524952 0.110192038 -0.128832206 16.796937943
-0.129810750 -0.000850202 0.991538167 82.028587341 0.110429041 0.993765771 0.015309333 -0.658006072 -0.985370040 0.111481957 -0.128907517 16.570341110
-0.129954442 0.000092015 0.991519690 83.777275085 0.110947303 0.993720889 0.014449199 -0.641426325 -0.985292912 0.111884207 -0.129148573 16.348104477
-0.130657375 0.000968083 0.991426826 85.560409546 0.110175125 0.993819475 0.013549261 -0.622171223 -0.985286593 0.111000918 -0.129956424 16.127182007
-0.131831452 0.001603384 0.991270542 87.351676941 0.109218419 0.993933499 0.012917535 -0.606179595 -0.985236704 0.109967969 -0.131206736 15.896917343
-0.133593351 0.002237860 0.991033375 89.203056335 0.107868142 0.994088769 0.012296095 -0.586758554 -0.985148132 0.108543634 -0.133044973 15.667436600
-0.134597838 0.001229325 0.990899205 91.011466980 0.107059859 0.994163096 0.013309003 -0.586137176 -0.985099554 0.107876927 -0.133943722 15.421232224
-0.135401830 0.001174525 0.990789711 92.840255737 0.107156627 0.994150519 0.013465576 -0.572428405 -0.984978795 0.107992992 -0.134735569 15.161901474
-0.135838851 0.000216524 0.990730584 94.669204712 0.104779504 0.994394362 0.014148977 -0.555386901 -0.985174358 0.105730280 -0.135099992 14.917204857
-0.137563244 0.001188693 0.990491927 96.522270203 0.104860947 0.994396567 0.013370112 -0.543016195 -0.984926283 0.105703197 -0.136916980 14.670025826
-0.140109748 0.002083247 0.990133464 98.368736267 0.103557229 0.994543672 0.012561442 -0.523531973 -0.984705269 0.104295500 -0.139560908 14.421038628
-0.144280598 0.003117332 0.989531636 100.256317139 0.104321755 0.994469762 0.012077959 -0.508156538 -0.984022021 0.104972325 -0.143807814 14.155065536
-0.148912668 0.002378043 0.988847256 102.138977051 0.102439329 0.994653344 0.013034568 -0.494379103 -0.983529508 0.103237897 -0.148360014 13.894219398
-0.153965652 0.001645558 0.988074601 104.058532715 0.101109020 0.994774938 0.014098495 -0.487683117 -0.982888937 0.102073967 -0.153327465 13.609540939
-0.158248290 0.002653327 0.987395585 105.980720520 0.100433879 0.994852662 0.013423019 -0.484709948 -0.982277751 0.101292171 -0.157700136 13.305565834
-0.162501454 0.004484421 0.986697912 107.867332458 0.101156846 0.994795918 0.012138529 -0.471969873 -0.981508911 0.101783805 -0.162109345 12.985279083
-0.167031452 0.006461653 0.985930204 109.766822815 0.101082422 0.994821012 0.010604976 -0.468470901 -0.980755806 0.101431601 -0.166819498 12.669209480
-0.172038704 0.006795527 0.985066533 111.694816589 0.099538080 0.994977593 0.010520117 -0.460881114 -0.980047941 0.099861525 -0.171851009 12.350704193
-0.176901102 0.006486474 0.984207034 113.616088867 0.097743943 0.995150149 0.011009884 -0.457235754 -0.979362726 0.098147959 -0.176677108 12.019308090
-0.182279542 0.005928131 0.983228683 115.565612793 0.095962837 0.995314538 0.011789443 -0.448515803 -0.978552282 0.096502408 -0.181994319 11.669144630
-0.188027158 0.005483004 0.982148349 117.584556580 0.095131792 0.995383620 0.012655600 -0.437254906 -0.977545381 0.095813140 -0.187680721 11.288006783
-0.193503112 0.005060922 0.981086433 119.562759399 0.094761260 0.995407104 0.013555311 -0.432806134 -0.976512194 0.095591985 -0.193093926 10.907024384
-0.199068949 0.006673473 0.979962587 121.530029297 0.095281512 0.995370209 0.012577035 -0.425269246 -0.975342035 0.095876016 -0.198783159 10.516832352
-0.204687595 0.007737834 0.978796661 123.476455688 0.094762273 0.995427549 0.011947547 -0.416885555 -0.974229038 0.095198497 -0.204484940 10.119341850
-0.210494727 0.007915120 0.977562845 125.492218018 0.095316932 0.995368242 0.012464941 -0.402524322 -0.972936690 0.095802084 -0.210274220 9.673740387
-0.216169685 0.007949887 0.976323307 127.489021301 0.094288602 0.995462358 0.012770907 -0.386254400 -0.971791923 0.094816834 -0.215938359 9.250831604
-0.221541762 0.008962845 0.975109577 129.486968994 0.093660571 0.995529652 0.012128849 -0.369282186 -0.970642149 0.094016343 -0.221390843 8.813591957
-0.226365343 0.009587368 0.973995149 131.479980469 0.092668787 0.995627165 0.011736778 -0.347584844 -0.969623923 0.092915721 -0.226263925 8.342494965
-0.231374562 0.009379951 0.972819388 133.423110962 0.093958974 0.995493770 0.012748552 -0.331491083 -0.968316495 0.094354779 -0.231213257 7.879476547
-0.234393939 0.009617520 0.972093940 135.310333252 0.098147579 0.995075226 0.013820730 -0.327653974 -0.967174053 0.098648138 -0.234183535 7.373458385
-0.237804398 0.010441801 0.971256733 137.332290649 0.099377424 0.994955719 0.013635188 -0.312004536 -0.966215432 0.099763483 -0.237642527 6.874361992
-0.240896016 0.011162809 0.970486581 139.338043213 0.100184985 0.994877577 0.013424757 -0.302177548 -0.965365767 0.100462131 -0.240780398 6.379390717
-0.244136274 0.010920394 0.969679296 141.352249146 0.099343434 0.994956732 0.013806652 -0.291388214 -0.964638472 0.099701948 -0.243989885 5.872283936
-0.247923106 0.011452610 0.968711853 143.380676270 0.098253094 0.995070755 0.013381751 -0.288754255 -0.963783979 0.098496549 -0.247826278 5.353697777
-0.252196342 0.012011200 0.967601359 145.386672974 0.097107202 0.995188832 0.012956443 -0.285144210 -0.962790847 0.097228587 -0.252149343 4.835054398
-0.256077051 0.011223441 0.966591001 147.263107300 0.095722765 0.995311558 0.013802720 -0.297968924 -0.961904764 0.096059293 -0.255950749 4.299282074
-0.260380059 0.011498680 0.965437531 149.290435791 0.096144572 0.995267093 0.014076390 -0.289950997 -0.960706770 0.096486755 -0.260253221 3.763821363
-0.264688611 0.012089129 0.964257956 151.343383789 0.096005753 0.995283306 0.013875463 -0.276339471 -0.959542572 0.096246950 -0.264600754 3.209863901
-0.269353658 0.011844933 0.962968290 153.366394043 0.095143601 0.995359123 0.014369439 -0.277418017 -0.958329499 0.095490687 -0.269230515 2.657648325
-0.273703814 0.011026959 0.961750686 155.373321533 0.094842747 0.995369613 0.015578801 -0.268212348 -0.957125962 0.095478997 -0.273482233 2.115633726
-0.277940005 0.010930620 0.960536063 157.407287598 0.095177189 0.995327532 0.016213860 -0.266131401 -0.955871165 0.095927544 -0.277681589 1.554542899
-0.282061398 0.011811494 0.959323466 159.334854126 0.095837660 0.995268822 0.015924232 -0.240105927 -0.954597056 0.096430868 -0.281858802 1.043192267
-0.285773695 0.013104495 0.958207309 161.375595093 0.095847033 0.995282650 0.014973671 -0.224098951 -0.953491330 0.096120350 -0.285681576 0.464299798
-0.289207816 0.014674672 0.957153618 163.387481689 0.095739327 0.995311797 0.013668322 -0.207433656 -0.952466190 0.095590174 -0.289256811 -0.108682632
-0.292330444 0.015898209 0.956184983 165.405273438 0.096458726 0.995252013 0.012942154 -0.180350736 -0.951439798 0.096015714 -0.292475909 -0.734385312
-0.295611799 0.016617706 0.955163419 167.490936279 0.096296996 0.995273471 0.012487249 -0.175700232 -0.950441837 0.095670685 -0.295814753 -1.376006603
-0.298890978 0.016668260 0.954141498 169.539947510 0.096673153 0.995231748 0.012897407 -0.166117042 -0.949377477 0.096094720 -0.299077123 -2.014838457
-0.302930146 0.016796766 0.952864528 171.580032349 0.096088812 0.995286942 0.013003522 -0.160339996 -0.948155820 0.095498718 -0.303116381 -2.650327682
-0.306686699 0.017661795 0.951646388 173.655181885 0.098526098 0.995044887 0.013284728 -0.151828155 -0.946696937 0.097836204 -0.306907177 -3.312807322
-0.309973627 0.017757146 0.950579107 175.524627686 0.100347430 0.994851053 0.014138057 -0.155450180 -0.945434272 0.099770539 -0.310159504 -3.897904158
-0.312615544 0.017410425 0.949719906 177.649047852 0.101024471 0.994769692 0.015017538 -0.140267640 -0.944491863 0.100639611 -0.312739342 -4.608904362
-0.315507352 0.016835490 0.948773563 179.793701172 0.100557424 0.994805098 0.015787303 -0.126597852 -0.943579614 0.100387186 -0.315561265 -5.312765121
-0.318113536 0.017434295 0.947892129 181.825531006 0.099968553 0.994872808 0.015251148 -0.117143594 -0.942766845 0.099610955 -0.318225384 -5.989213467
-0.321032941 0.019549074 0.946866035 183.950912476 0.099034175 0.994997740 0.013034520 -0.097299293 -0.941875458 0.097956561 -0.321363032 -6.698068142
-0.324421823 0.021379212 0.945670724 186.096893311 0.098685279 0.995052934 0.011359353 -0.097350329 -0.940750182 0.097008951 -0.324926674 -7.419091702
-0.327514738 0.022377817 0.944580853 188.195495605 0.098247223 0.995105863 0.010490487 -0.100414217 -0.939723730 0.096238196 -0.328110337 -8.138727188
-0.330644786 0.023421273 0.943464398 190.272644043 0.096470475 0.995293379 0.009100948 -0.087887555 -0.938811243 0.094025604 -0.331347972 -8.855596542
-0.334473163 0.023500506 0.942111969 192.311157227 0.097050846 0.995232046 0.009629903 -0.087739028 -0.937394202 0.094653681 -0.335159063 -9.552151680
-0.338148147 0.022831680 0.940815687 194.384613037 0.097034901 0.995222449 0.010724286 -0.102797285 -0.936076403 0.094918318 -0.338748038 -10.266300201
-0.341694474 0.022304915 0.939546168 196.457839966 0.097003907 0.995214999 0.011651916 -0.100198485 -0.934791028 0.095121004 -0.342223048 -11.005808830
-0.345631063 0.022151427 0.938108802 198.574371338 0.097087130 0.995199442 0.012270689 -0.095746450 -0.933334053 0.095319383 -0.346122384 -11.779564857
-0.349006206 0.022443777 0.936851442 200.714492798 0.096446291 0.995264053 0.012086093 -0.082457364 -0.932143748 0.094573930 -0.349517882 -12.586152077
-0.352687091 0.023118015 0.935455561 202.740783691 0.095586345 0.995354652 0.011439830 -0.076753899 -0.930845976 0.093451418 -0.353258431 -13.335677147
-0.356134772 0.023502082 0.934138834 204.816970825 0.095576406 0.995356143 0.011395680 -0.101673543 -0.929533422 0.093339987 -0.356727123 -14.088477135
-0.359231293 0.024116883 0.932936728 206.826461792 0.096553192 0.995261312 0.011450227 -0.128940046 -0.928240001 0.094191253 -0.359857500 -14.823991776
-0.361693740 0.023912786 0.931990027 209.008361816 0.097478941 0.995160937 0.012296765 -0.124057502 -0.927186430 0.095297024 -0.362274408 -15.667676926
-0.363968730 0.023465538 0.931115329 211.080047607 0.098945417 0.994999170 0.013601813 -0.117179379 -0.926140189 0.097080186 -0.364470363 -16.480686188
-0.366962343 0.024101082 0.929923296 213.165588379 0.099899560 0.994903326 0.013636759 -0.108937718 -0.924855530 0.097903073 -0.367499709 -17.267560959
-0.369778365 0.025002655 0.928783298 215.306274414 0.099430621 0.994961441 0.012802370 -0.094927296 -0.923783779 0.097083516 -0.370401174 -18.093353271
-0.372457385 0.024967017 0.927713215 217.394500732 0.098840684 0.995018899 0.012904100 -0.116922528 -0.922770202 0.096502014 -0.373069853 -18.892982483
-0.375172228 0.026468977 0.926576972 219.565719604 0.098975539 0.995020986 0.011651170 -0.116991162 -0.921655297 0.096079640 -0.375923991 -19.767055511
-0.377876192 0.027708022 0.925441265 221.647216797 0.099116616 0.995017827 0.010680152 -0.123567149 -0.920534849 0.095762357 -0.378739864 -20.608627319
-0.380273104 0.027807953 0.924455881 223.733383179 0.097269349 0.995206416 0.010075425 -0.128042877 -0.919744551 0.093752608 -0.381155133 -21.447179794
-0.383391887 0.028848168 0.923134923 225.832763672 0.097998194 0.995139599 0.009601830 -0.129700363 -0.918371379 0.094146796 -0.384355575 -22.303356171
-0.385773093 0.028312111 0.922159016 227.807098389 0.099637337 0.994960845 0.011134725 -0.139751285 -0.917197049 0.096176915 -0.386650115 -23.114034653
-0.388406724 0.027453661 0.921078861 229.937042236 0.100483403 0.994856775 0.012719859 -0.146552667 -0.915992498 0.097493581 -0.389167726 -23.999660492
-0.391449630 0.026924267 0.919805408 231.868911743 0.099797964 0.994917512 0.013348992 -0.176413745 -0.914771259 0.097020134 -0.392147124 -24.782012939
-0.394239575 0.027267942 0.918602884 233.957046509 0.098722011 0.995031595 0.012832187 -0.174742863 -0.913689196 0.095745243 -0.394972861 -25.660806656
-0.397719413 0.026936442 0.917111397 236.064636230 0.097666457 0.995131910 0.013126599 -0.174758613 -0.912293494 0.094791688 -0.398414135 -26.558820724
-0.400723100 0.026367223 0.915819526 238.096206665 0.097417839 0.995144725 0.013974801 -0.181163236 -0.911004782 0.094817147 -0.401346207 -27.448165894
-0.404156804 0.026663404 0.914300799 240.179779053 0.097195134 0.995166898 0.013942409 -0.183606803 -0.909510493 0.094500467 -0.404795110 -28.345533371
-0.407824785 0.026481796 0.912675917 242.361679077 0.096817262 0.995197415 0.014386131 -0.166180015 -0.907912135 0.094229750 -0.408430129 -29.318506241
-0.412407041 0.025736658 0.910635889 244.425796509 0.095940523 0.995268404 0.015320806 -0.214351937 -0.905933201 0.093685240 -0.412924945 -30.132648468
-0.416332185 0.025725495 0.908848345 246.507461548 0.095046617 0.995353460 0.015365610 -0.208553642 -0.904230475 0.092780113 -0.416842818 -31.069169998
-0.420618743 0.026706044 0.906844139 248.665832520 0.095563404 0.995309412 0.015013587 -0.202346191 -0.902189910 0.092976063 -0.421197891 -31.970251083
-0.424086452 0.027260432 0.905211151 250.715606689 0.096140578 0.995253026 0.015069298 -0.199230909 -0.900503635 0.093418173 -0.424694121 -32.911052704
-0.428009778 0.027123503 0.903366804 252.777603149 0.096043274 0.995253861 0.015622334 -0.201759815 -0.898655951 0.093448788 -0.428583384 -33.833091736
-0.431691229 0.027554415 0.901600242 254.928359985 0.094882891 0.995374560 0.015010154 -0.211369887 -0.897016764 0.092026159 -0.432308912 -34.826858521
-0.435320646 0.027910583 0.899842501 257.034851074 0.095706619 0.995289266 0.015429336 -0.206297413 -0.895173371 0.092837565 -0.435941190 -35.835670471
-0.438783199 0.028365634 0.898144960 259.155059814 0.096344814 0.995224476 0.015637029 -0.197697714 -0.893412709 0.093392842 -0.439420611 -36.860095978
-0.442094803 0.029495347 0.896483064 261.257141113 0.097877398 0.995076597 0.015528421 -0.196414188 -0.891611755 0.094610438 -0.442805052 -37.891407013
-0.445401847 0.031674076 0.894770145 263.236907959 0.100139759 0.994865060 0.014630579 -0.190479502 -0.889712632 0.096118525 -0.446286500 -38.878303528
-0.448326498 0.032470461 0.893279731 265.276489258 0.101716444 0.994701207 0.014893175 -0.188254923 -0.888063371 0.097538210 -0.449253589 -39.852985382
-0.451670200 0.034585785 0.891514182 267.277404785 0.103334665 0.994550586 0.013769701 -0.172324076 -0.886180162 0.098343648 -0.452782691 -40.817802429
-0.454662949 0.037082594 0.889891088 269.287048340 0.105430938 0.994348168 0.012431344 -0.184274480 -0.884401023 0.099474087 -0.456002861 -41.768451691
-0.457788438 0.037931930 0.888251424 271.298126221 0.106529027 0.994230986 0.012445427 -0.163850695 -0.882655382 0.100321896 -0.459188223 -42.752643585
-0.461629897 0.038896829 0.886219263 273.319488525 0.107007965 0.994183719 0.012104782 -0.179376617 -0.880594373 0.100420415 -0.463107139 -43.684715271
-0.464956492 0.039160348 0.884466887 275.495422363 0.106439188 0.994246840 0.011933235 -0.163058907 -0.878911555 0.099690340 -0.466449678 -44.812507629
-0.468080074 0.040749501 0.882745862 277.596588135 0.107951671 0.994090557 0.011352473 -0.150578648 -0.877067149 0.100607730 -0.469712943 -45.925918579
-0.471058130 0.041182190 0.881140232 279.659057617 0.107391044 0.994155884 0.010947101 -0.142133877 -0.875540197 0.099783257 -0.472727776 -47.027141571
-0.473783821 0.040918443 0.879689991 281.760070801 0.105650991 0.994345546 0.010649978 -0.134576246 -0.874280274 0.097985871 -0.475427836 -48.148624420
-0.476384193 0.041451458 0.878259480 283.854858398 0.107247986 0.994167924 0.011251305 -0.131853491 -0.872671306 0.099551477 -0.478051454 -49.271541595
-0.478635788 0.041674517 0.877023876 285.918029785 0.108854495 0.993982434 0.012175206 -0.124935329 -0.871239185 0.101295449 -0.480291992 -50.377300262
-0.481042653 0.041956186 0.875692606 287.966888428 0.110275693 0.993815780 0.012961876 -0.136072099 -0.869733572 0.102802798 -0.482694536 -51.473030090
-0.482821167 0.041840769 0.874718785 289.980499268 0.110286720 0.993809581 0.013338036 -0.121774763 -0.868746161 0.102909729 -0.484446764 -52.561450958
-0.485273033 0.041485559 0.873377860 292.102600098 0.110833921 0.993734181 0.014379940 -0.124398284 -0.867309213 0.103778072 -0.486830384 -53.689449310
-0.487537414 0.042012800 0.872090638 294.295166016 0.112540819 0.993532360 0.015052117 -0.099468142 -0.865818202 0.105484255 -0.489112347 -54.896488190
-0.489619523 0.041835289 0.870931923 296.389892578 0.112756133 0.993498445 0.015666362 -0.080370657 -0.864614487 0.105873451 -0.491153419 -56.062873840
-0.491523027 0.042759363 0.869814157 298.533081055 0.112130940 0.993586600 0.014520158 -0.056875333 -0.863615215 0.104670055 -0.493165374 -57.259880066
-0.494114876 0.045254625 0.868217945 300.689422607 0.112379871 0.993590057 0.012167503 -0.057630170 -0.862102449 0.103582345 -0.496033370 -58.462890625
-0.498043120 0.044861197 0.865990996 302.788635254 0.111549646 0.993677199 0.012677968 -0.080247946 -0.859947205 0.102915145 -0.499898374 -59.598125458
-0.502434373 0.043167774 0.863536954 304.934875488 0.109726191 0.993860185 0.014159795 -0.076387376 -0.857624233 0.101866968 -0.504086256 -60.811954498
-0.507258952 0.040944725 0.860820413 307.062194824 0.108049400 0.994009554 0.016390882 -0.068680465 -0.854993045 0.101325534 -0.508644402 -62.027362823
-0.512147844 0.039819758 0.857973695 309.265716553 0.106977880 0.994102597 0.017720338 -0.041773465 -0.852208734 0.100859620 -0.513387442 -63.299171448
-0.516266167 0.040047623 0.855491281 311.497070312 0.107612915 0.994021535 0.018408988 -0.014689308 -0.849640012 0.101565823 -0.517489433 -64.635787964
-0.520363629 0.041494355 0.852935970 313.737060547 0.110064723 0.993745625 0.018804308 0.009770134 -0.846821606 0.103663214 -0.521676302 -65.993301392
-0.525263071 0.043013308 0.849851966 315.887420654 0.113350570 0.993357241 0.019781474 -0.000160499 -0.843356192 0.106721662 -0.526649714 -67.165657043
-0.529173076 0.042866077 0.847430348 318.065429688 0.114083633 0.993248343 0.020996837 0.023488527 -0.840809226 0.107788861 -0.530490875 -68.493911743
-0.532949984 0.041581683 0.845124304 320.246246338 0.114280373 0.993176699 0.023201071 0.054656904 -0.838393569 0.108946100 -0.534065723 -69.853195190
-0.536878407 0.040091518 0.842706382 322.462890625 0.112740010 0.993319809 0.024568463 0.103715897 -0.836092532 0.108196966 -0.537812173 -71.250000000
-0.541653037 0.040213559 0.839639544 324.530853271 0.112374820 0.993352473 0.024917776 0.135584444 -0.833056629 0.107851110 -0.542571723 -72.473739624
-0.545665622 0.040456172 0.837025702 326.695220947 0.113320477 0.993220687 0.025869230 0.161910266 -0.830305278 0.108968087 -0.546551347 -73.842056274
-0.549642920 0.040950496 0.834395230 328.919921875 0.115169622 0.992974162 0.027132712 0.200479239 -0.827422500 0.111010268 -0.550498009 -75.269165039
-0.553686976 0.040806249 0.831724226 331.180877686 0.115522638 0.992903709 0.028190514 0.256612331 -0.824672401 0.111691676 -0.554472446 -76.756614685
-0.557209373 0.039930299 0.829411149 333.383483887 0.114325017 0.993019044 0.028998230 0.303939879 -0.822463870 0.110980503 -0.557885110 -78.205474854
-0.560856283 0.039218906 0.826983452 335.593444824 0.113849044 0.993040383 0.030117918 0.356474429 -0.820047557 0.111043073 -0.561418533 -79.672164917
-0.563812971 0.038844407 0.824988246 337.768951416 0.113967262 0.992995501 0.031132469 0.416650325 -0.818001091 0.111574508 -0.564291298 -81.120086670
-0.566621065 0.037958365 0.823103487 339.957000732 0.111483715 0.993283391 0.030938540 0.468523920 -0.816401541 0.109293021 -0.567047596 -82.616004944
-0.569945395 0.037119869 0.820843458 342.094604492 0.107730947 0.993730366 0.029863952 0.531124055 -0.814589381 0.105451010 -0.570371568 -84.033424377
-0.573704958 0.036404356 0.818252325 344.198547363 0.104172036 0.994140863 0.028808922 0.576035500 -0.812410176 0.101766780 -0.574136376 -85.448051453
-0.576202869 0.033586822 0.816616058 346.321014404 0.101753622 0.994328439 0.030901181 0.629804730 -0.810947597 0.100898936 -0.576353014 -86.939064026
-0.579706609 0.033336669 0.814142883 348.488342285 0.102640204 0.994190395 0.032375410 0.695664883 -0.808334649 0.102331966 -0.579760969 -88.428726196
-0.582452595 0.033654820 0.812167466 350.730041504 0.102402821 0.994219303 0.032240305 0.752086043 -0.806388319 0.101946630 -0.582532585 -90.023277283
-0.585787475 0.032565087 0.809809983 352.832458496 0.100466147 0.994402349 0.032685470 0.798231602 -0.804213345 0.100505158 -0.585780740 -91.500152588
-0.589004219 0.028708320 0.807619631 354.907440186 0.098075144 0.994520187 0.036175054 0.841680110 -0.802156329 0.100514598 -0.588592827 -92.987075806
-0.591969073 0.026583536 0.805521905 357.016601562 0.095915191 0.994675636 0.037661105 0.907235742 -0.800232649 0.099555917 -0.591367662 -94.519226074
-0.594771326 0.026948912 0.803442836 357.055084229 0.096293114 0.994629204 0.037922073 0.907018423 -0.798106551 0.099920899 -0.594172597 -94.526527405
-0.595978975 0.028567713 0.802491426 357.056182861 0.097700723 0.994520903 0.037154794 0.908644140 -0.797033846 0.100547403 -0.595505297 -94.537193298
-0.598327279 0.028676094 0.800738215 357.095031738 0.098580383 0.994400263 0.038049679 0.905225992 -0.795163989 0.101703182 -0.597804308 -94.556404114
-0.600019395 0.027901383 0.799498498 357.123626709 0.097759672 0.994457603 0.038662944 0.908945858 -0.793989420 0.101357155 -0.599422038 -94.585975647
-0.602532923 0.026820915 0.797642946 357.198303223 0.094980225 0.994740963 0.038298909 0.912063777 -0.792421758 0.098836586 -0.601912200 -94.640586853
-0.604274631 0.023192804 0.796438217 357.255279541 0.084566817 0.995795906 0.035164416 0.919106662 -0.792275250 0.088601120 -0.603696108 -94.708923340
-0.607201636 0.026359405 0.794110119 357.279632568 0.077414751 0.996655762 0.026111126 0.898456752 -0.790767074 0.077330463 -0.607212186 -94.715103149
-0.609471083 0.036633659 0.791961193 357.308715820 0.087912999 0.995893002 0.021588467 0.859900594 -0.787918627 0.082781151 -0.610189080 -94.748626709
-0.609877944 0.037588142 0.791603148 357.321746826 0.095483527 0.995082021 0.026313704 0.819916546 -0.786721885 0.091633141 -0.610468090 -94.796363831
-0.611998558 0.028211322 0.790355325 357.364318848 0.094265640 0.994840086 0.037482738 0.819603503 -0.785220563 0.097442672 -0.611500502 -94.833122253
-0.616472185 0.017593900 0.787179887 357.420837402 0.088386238 0.994976640 0.046980545 0.820892155 -0.782399833 0.098538011 -0.614930868 -94.860321045
-0.621744812 0.011295282 0.783138275 357.505340576 0.082133971 0.995322049 0.050851725 0.841000915 -0.778901160 0.095938995 -0.619764388 -94.892646790
-0.624067008 0.010754243 0.781296670 357.548248291 0.081043512 0.995402098 0.051032849 0.865330219 -0.777156353 0.095166884 -0.622069597 -94.953720093
-0.628396690 0.015988339 0.777728617 357.601989746 0.086295880 0.995049298 0.049270239 0.874001861 -0.773091376 0.098075971 -0.626665890 -94.990447998
-0.632539511 0.022587670 0.774198532 357.622497559 0.091097973 0.994805098 0.045405347 0.881740808 -0.769151807 0.099248536 -0.631311655 -95.032150269
-0.637774706 0.024736006 0.769825518 357.692138672 0.090972297 0.994906127 0.043399233 0.882761955 -0.764831364 0.097711667 -0.636776686 -95.078620911
-0.645049632 0.024772653 0.763738871 357.750000000 0.090478316 0.994918346 0.044146311 0.878869832 -0.758764923 0.097578309 -0.644013524 -95.113304138
-0.647697508 0.024286460 0.761510253 357.741363525 0.091223232 0.994772673 0.045863561 0.881776154 -0.756416440 0.099173091 -0.646527648 -95.184089661
-0.653474331 0.022974147 0.756599724 357.777465820 0.090892687 0.994687557 0.048300255 0.880148709 -0.751471460 0.100332305 -0.652091444 -95.220588684
-0.655376375 0.023323936 0.754942000 359.895629883 0.091242395 0.994646788 0.048479300 0.987821460 -0.749770701 0.100654863 -0.653996646 -97.036254883
-0.656931877 0.023978123 0.753568351 359.865020752 0.092038594 0.994568110 0.048589125 0.988304377 -0.748310804 0.101277061 -0.655570865 -97.107093811
-0.658510268 0.024716213 0.752165556 359.852569580 0.092928983 0.994480908 0.048679311 0.989433467 -0.746812046 0.101953760 -0.657173157 -97.185310364
-0.663169980 0.023893747 0.748087108 359.868011475 0.094159424 0.994211853 0.051716261 0.983923137 -0.742522299 0.104736075 -0.661581695 -97.218849182
-0.664047778 0.023693368 0.747314453 359.846191406 0.096388511 0.993869245 0.054138493 0.996944308 -0.741450965 0.107983030 -0.662260830 -97.305877686
-0.665193021 0.023447705 0.746302962 359.810180664 0.098004997 0.993600249 0.056136195 1.016134262 -0.740211368 0.110482775 -0.663234413 -97.387443542
-0.669682920 0.023446413 0.742276728 359.821258545 0.096313834 0.993801177 0.055503123 1.024485111 -0.736374915 0.108660951 -0.667790353 -97.415245056
-0.674369574 0.023316083 0.738025546 359.834228516 0.091602601 0.994420886 0.052285481 1.029716492 -0.732689798 0.102864735 -0.672743499 -97.437232971
-0.679345906 0.021977721 0.733488739 359.863555908 0.086947903 0.994919777 0.050718773 1.028772235 -0.728648663 0.098230831 -0.677806199 -97.466430664
-0.683799386 0.020683795 0.729376554 359.869720459 0.084840320 0.995070815 0.051320452 1.023614168 -0.724720716 0.096973367 -0.682184279 -97.505935669
-0.689818323 0.018591274 0.723743498 359.869659424 0.081894577 0.995256543 0.052490022 0.988921523 -0.719335556 0.095479183 -0.688069463 -97.497795105
-0.690650344 0.017585136 0.722974718 359.825714111 0.079127669 0.995538533 0.051375091 0.978266299 -0.718846679 0.092689462 -0.688961267 -97.593635559
-0.696610093 0.016514314 0.717259586 359.810821533 0.078666784 0.995464087 0.053482287 0.933447897 -0.713123858 0.093680732 -0.694750190 -97.598037720
-0.696899414 0.015401408 0.717003286 359.756011963 0.079308823 0.995291173 0.055706020 0.918744326 -0.712769985 0.095686108 -0.694840014 -97.691139221
-0.696723461 0.014133929 0.717200398 361.630615234 0.081411280 0.994902968 0.059480272 1.028044462 -0.712704957 0.099829428 -0.694323599 -99.468353271
-0.695640326 0.013299729 0.718266904 363.535583496 0.085988522 0.994180739 0.064871095 1.154805183 -0.713225186 0.106889591 -0.692736566 -101.314247131
-0.694341242 0.012885172 0.719530344 365.446807861 0.090026371 0.993539393 0.069082715 1.297825694 -0.713992417 0.112743624 -0.691016078 -103.114784241
-0.692961037 0.009530155 0.720911860 367.077270508 0.083551489 0.994235992 0.067168705 1.387155414 -0.716117203 0.106778488 -0.689763784 -104.714591980
-0.692273498 0.007900009 0.721591830 368.979675293 0.075411603 0.995256007 0.061451551 1.536056757 -0.717683971 0.096957587 -0.689585805 -106.492485046
-0.690774381 0.005245864 0.723051250 370.811126709 0.070255645 0.995728076 0.059895281 1.645415783 -0.719649017 0.092172451 -0.688192725 -108.239952087
-0.688280880 0.004550051 0.725430012 372.685150146 0.068250194 0.995950043 0.058508329 1.752376437 -0.722226501 0.089780793 -0.685804605 -110.026359558
-0.685725689 0.005270071 0.727841020 374.541137695 0.070398152 0.995764732 0.059114683 1.875070453 -0.724447489 0.091775008 -0.683193088 -111.761459351
-0.683048666 0.005105050 0.730355084 376.430236816 0.070982948 0.995704710 0.059425488 1.999842644 -0.726915181 0.092433147 -0.680477798 -113.539657593
-0.680061340 0.005546371 0.733134270 378.298461914 0.068459123 0.996081710 0.055967640 2.113974333 -0.729951739 0.088251047 -0.677777052 -115.282379150
-0.678455353 0.001432611 0.734640300 378.654876709 0.062887855 0.996439517 0.056135125 2.147085190 -0.731944799 0.084285021 -0.676130533 -115.744705200
-0.678095639 -0.004736023 0.734958529 380.587249756 0.054580573 0.996892452 0.056781687 2.267058134 -0.732944131 0.078617752 -0.675730586 -117.473075867
-0.677918911 -0.008453037 0.735088110 382.487457275 0.047478043 0.997341752 0.055254411 2.371976614 -0.733601749 0.072358437 -0.675716162 -119.195281982
-0.677220762 -0.009161709 0.735722780 384.391418457 0.045802526 0.997457206 0.054581512 2.485002041 -0.734352708 0.070661582 -0.675079763 -120.930488586
-0.676020205 -0.008792530 0.736830533 384.752990723 0.048011117 0.997277558 0.055949237 2.507729530 -0.735317111 0.073198766 -0.673758268 -121.349388123
-0.674746990 -0.009597098 0.737986565 385.300903320 0.049915250 0.997031569 0.058603782 2.545891523 -0.736359000 0.076379411 -0.672265649 -121.830154419
-0.673506200 -0.011976347 0.739084423 387.220672607 0.048174731 0.997030735 0.060056459 2.668966532 -0.737609804 0.076053493 -0.670930028 -123.539947510
-0.672710359 -0.012117540 0.739806533 389.171661377 0.046196774 0.997226179 0.058340929 2.788742542 -0.738462090 0.073423117 -0.670285225 -125.288757324
-0.671393871 -0.010742273 0.741022646 389.522705078 0.045865502 0.997374892 0.056014370 2.818915606 -0.739679754 0.071594976 -0.669139385 -125.705917358
-0.670452416 -0.008695015 0.741901398 389.961151123 0.047516499 0.997374415 0.054629583 2.850281954 -0.740429103 0.071878985 -0.668279648 -126.142501831
-0.669163167 -0.007509410 0.743077397 390.315521240 0.050435625 0.997183204 0.055496160 2.874942780 -0.741401732 0.074613452 -0.666900158 -126.562026978
-0.668114841 -0.007439572 0.744020820 390.710662842 0.052088007 0.997027993 0.056743380 2.897519827 -0.742232502 0.076665550 -0.665742338 -126.932159424
