1.000000000 0.000000000 0.000000000 0.000000000 0.000000000 1.000000000 0.000000000 0.000000000 0.000000000 0.000000000 1.000000000 0.000000000
0.999053717 -0.000405098 0.043492042 0.058577444 0.000508677 0.999997079 -0.002370514 -0.002419841 -0.043490954 0.002390394 0.999050975 1.022243142
0.996063411 -0.004853427 0.088511124 0.159156948 0.005524141 0.999957860 -0.007334364 -0.010227276 -0.088471785 0.007794439 0.996048152 2.086496830
0.991029441 -0.004541718 0.133566797 0.331493020 0.006078547 0.999919951 -0.011100556 -0.021952514 -0.133505672 0.011812869 0.990977585 3.145257473
0.983758152 -0.002384342 0.179483637 0.521451712 0.004869431 0.999898255 -0.013406480 -0.036669753 -0.179433376 0.014062716 0.983669519 4.223901749
0.974317610 -0.004944157 0.225124314 0.760487020 0.008141769 0.999878705 -0.013277608 -0.050487731 -0.225031316 0.014769515 0.974239528 5.239380360
0.962748647 -0.005355530 0.270345241 1.040909052 0.009610500 0.999849916 -0.014417750 -0.065791927 -0.270227402 0.016478820 0.962655425 6.259096146
0.949370503 -0.007757415 0.314063132 1.362972617 0.013820428 0.999758601 -0.017083077 -0.082810186 -0.313854694 0.020558653 0.949248314 7.208210945
0.934386969 -0.009808292 0.356125057 1.743568897 0.017622219 0.999669790 -0.018703869 -0.101816818 -0.355823904 0.023752360 0.934251010 8.165308952
0.917211950 -0.009817101 0.398278981 2.157013178 0.019096905 0.999630630 -0.019339284 -0.121677615 -0.397941917 0.025344115 0.917060316 9.108813286
0.897639632 -0.009687612 0.440624028 2.603469133 0.019596117 0.999647021 -0.017942861 -0.140571460 -0.440294564 0.024740739 0.897512317 10.047033310
0.875795066 -0.008958161 0.482600361 3.077210426 0.019512236 0.999667645 -0.016853558 -0.157413110 -0.482288867 0.024176871 0.875678420 10.918936729
0.851973176 -0.009439932 0.523500741 3.599781990 0.020608792 0.999667346 -0.015513529 -0.173032939 -0.523180008 0.024005823 0.851883888 11.774882317
0.826376200 -0.009439110 0.563039780 4.159833431 0.021830665 0.999644995 -0.015282369 -0.188732088 -0.562695444 0.024920512 0.826288402 12.616757393
0.799012780 -0.011386026 0.601206779 4.749839783 0.025365524 0.999569118 -0.014780700 -0.203874499 -0.600779116 0.027059883 0.798956811 13.424362183
0.770465910 -0.010727040 0.637391508 5.389253616 0.026521236 0.999532282 -0.015236605 -0.219276115 -0.636929572 0.028643683 0.770389557 14.201267242
0.739821851 -0.013822170 0.672661304 6.058533669 0.031345610 0.999411583 -0.013938855 -0.233533055 -0.672072411 0.031397235 0.739819288 14.949722290
0.707740963 -0.012773684 0.706357062 6.750287533 0.031338695 0.999420226 -0.013326686 -0.247106403 -0.705776751 0.031568132 0.707730412 15.659352303
0.673623264 -0.011544132 0.738985240 7.497085571 0.032550339 0.999371469 -0.014059536 -0.261371762 -0.738357902 0.033525031 0.673575163 16.341753006
0.637924910 -0.012270723 0.770001352 8.257555008 0.036501236 0.999231339 -0.014316540 -0.275853693 -0.769233227 0.037238855 0.637881994 16.980932236
0.601588309 -0.010693495 0.798735321 9.071909904 0.036819734 0.999219120 -0.014354160 -0.290061176 -0.797957480 0.038044494 0.601511776 17.582981110
0.564024806 -0.009464053 0.825704217 9.998346329 0.039833914 0.999082327 -0.015758604 -0.307908833 -0.824796736 0.041779250 0.563883722 18.219638824
0.525641441 -0.007746876 0.850671530 10.937295914 0.044836611 0.998821259 -0.018609103 -0.327178210 -0.849524081 0.047922909 0.525368690 18.773038864
0.487342000 -0.006624100 0.873186588 11.882088661 0.046630103 0.998742163 -0.018448565 -0.345107645 -0.871965468 0.049707506 0.487037420 19.259187698
0.449247748 -0.008446611 0.893367767 12.895006180 0.051867813 0.998515546 -0.016641999 -0.362834752 -0.891900480 0.053813372 0.449018598 19.747104645
0.412463725 -0.009312053 0.910926878 13.900304794 0.055860680 0.998324811 -0.015087982 -0.378713697 -0.909259856 0.057108197 0.412292600 20.188611984
0.377307236 -0.007107474 0.926061273 14.828139305 0.057565492 0.998217046 -0.015792770 -0.394580305 -0.924297392 0.059267860 0.377043337 20.567111969
0.344019175 -0.007926237 0.938929498 15.801156044 0.058395818 0.998209476 -0.012969274 -0.408132523 -0.937145114 0.059291191 0.343865752 20.925348282
0.310983777 -0.009923733 0.950363755 16.791780472 0.061351974 0.998069704 -0.009654082 -0.416751713 -0.948433042 0.061308905 0.310992062 21.226009369
0.278345644 -0.009975623 0.960429549 17.820322037 0.062129114 0.998039067 -0.007639609 -0.423655480 -0.958469570 0.061797038 0.278419375 21.503540039
0.246319756 -0.007263561 0.969161749 18.816087723 0.059786860 0.998181522 -0.007714225 -0.431673259 -0.967342973 0.059843253 0.246305868 21.758138657
0.215529501 -0.005672702 0.976481199 19.844543457 0.060091577 0.998165071 -0.007464776 -0.439414352 -0.974646747 0.060287125 0.215474680 21.983078003
0.185408190 -0.005623793 0.982645810 20.901281357 0.062765174 0.998009622 -0.006130975 -0.445289791 -0.980655134 0.062812619 0.185391918 22.171043396
0.155190870 -0.006160909 0.987865567 21.988981247 0.065250307 0.997860909 -0.004027390 -0.449125737 -0.985727310 0.065083496 0.155260697 22.332818985
0.125041962 -0.006879549 0.992127836 23.075906754 0.064429983 0.997921646 -0.001200650 -0.450248748 -0.990057290 0.064072855 0.125225127 22.467014313
0.095848285 -0.007246957 0.995369852 24.174074173 0.065139785 0.997875810 0.000992624 -0.449095905 -0.993262291 0.064742975 0.096116550 22.572168350
0.068901137 -0.007188356 0.997597873 25.315587997 0.068163112 0.997671247 0.002481062 -0.445027679 -0.995292187 0.067828365 0.069230482 22.633304596
0.044020131 -0.006930007 0.999006867 26.527177811 0.072870456 0.997334659 0.003707452 -0.438793063 -0.996369481 0.072634816 0.044407621 22.663293839
0.021388564 -0.006578771 0.999749839 27.722190857 0.077282883 0.996997178 0.004907275 -0.432293177 -0.996779740 0.077158518 0.021832600 22.681196213
0.001256354 -0.006833381 0.999976099 28.888227463 0.083313614 0.996500909 0.006704960 -0.423373669 -0.996522486 0.083303124 0.001821114 22.670148849
-0.016242642 -0.007590074 0.999839485 30.120346069 0.087924801 0.996086657 0.008989947 -0.411042750 -0.995994627 0.088056624 -0.015511875 22.636865616
-0.031695254 -0.007634275 0.999468625 31.315416336 0.091158852 0.995781124 0.010496948 -0.397909760 -0.995331764 0.091443039 -0.030865747 22.593624115
-0.046052452 -0.008525045 0.998902798 32.515346527 0.093216553 0.995563745 0.012794114 -0.383698434 -0.994580150 0.093703404 -0.045053609 22.551801682
-0.059298031 -0.009771014 0.998192668 33.741577148 0.093428977 0.995508552 0.015294924 -0.364951640 -0.993858457 0.094167002 -0.058118928 22.480852127
-0.071405217 -0.009749411 0.997399867 34.931255341 0.093320504 0.995500922 0.016411791 -0.345538825 -0.993072271 0.094249673 -0.070174269 22.398870468
-0.082536712 -0.007042455 0.996563315 36.152957916 0.093561247 0.995503783 0.014783839 -0.327270240 -0.992186368 0.094459839 -0.081506848 22.297424316
-0.092778750 -0.003857297 0.995679438 37.404537201 0.093690649 0.995521784 0.012586910 -0.312638551 -0.991268873 0.094453581 -0.092002019 22.194320679
-0.102115124 -0.001519888 0.994771600 38.655120850 0.094793051 0.995433390 0.011251583 -0.298660636 -0.990245759 0.095446318 -0.101504885 22.068456650
-0.109603919 -0.000508820 0.993975401 39.950546265 0.094548292 0.995460212 0.010935256 -0.284578443 -0.989468277 0.095177144 -0.109058380 21.928094864
-0.115424648 0.000119763 0.993316412 41.256820679 0.094218843 0.995492578 0.010828327 -0.270841569 -0.988837659 0.094838895 -0.114915811 21.782253265
-0.120334618 0.001623101 0.992732227 42.577697754 0.095420703 0.995387316 0.009939034 -0.257221103 -0.988136828 0.095923126 -0.119934574 21.618564606
-0.124930628 0.003152016 0.992160618 43.923858643 0.094331361 0.995502591 0.008715359 -0.246299937 -0.987670898 0.094680585 -0.124666244 21.458921432
-0.128905892 0.003873263 0.991649389 45.324947357 0.095328093 0.995409429 0.008503882 -0.233630106 -0.987064183 0.095628157 -0.128683522 21.270290375
-0.131840453 0.002764619 0.991267264 46.690563202 0.095309436 0.995398283 0.009900197 -0.220332116 -0.986678362 0.095782273 -0.131497413 21.092676163
-0.134237319 0.000673412 0.990949154 48.088256836 0.095812336 0.995323241 0.012302677 -0.203824908 -0.986306429 0.096596532 -0.133674189 20.912843704
-0.136568323 -0.000586104 0.990630686 49.527229309 0.095428824 0.995341241 0.013744704 -0.184371412 -0.986023605 0.096411705 -0.135876283 20.720756531
-0.138617501 -0.000142183 0.990346193 50.985141754 0.098479986 0.995041430 0.013926973 -0.163461298 -0.985437453 0.099459693 -0.137916267 20.513645172
-0.139722258 -0.000568726 0.990190744 52.447189331 0.098134138 0.995068610 0.014418877 -0.142585918 -0.985315979 0.099186040 -0.138977513 20.312599182
-0.140305266 0.000803700 0.990108132 53.923553467 0.100270823 0.994869769 0.013401506 -0.122128263 -0.985017955 0.101159140 -0.139666155 20.099674225
-0.140309334 0.000910745 0.990107477 55.411773682 0.100207165 0.994877756 0.013285341 -0.101933688 -0.985023856 0.101079799 -0.139682010 19.887500763
-0.139819100 0.002234135 0.990174711 56.937202454 0.099937364 0.994922817 0.011866952 -0.084307626 -0.985120952 0.100614548 -0.139332607 19.679334641
-0.138642371 0.001995376 0.990340650 58.486019135 0.100526080 0.994861066 0.012068624 -0.065220252 -0.985227346 0.101228163 -0.138130620 19.461215973
-0.137168810 0.000728797 0.990547538 60.036495209 0.099731803 0.994928241 0.013078612 -0.044909924 -0.985514283 0.100582950 -0.136545926 19.249078751
-0.136190653 0.001465146 0.990681648 61.619628906 0.100519232 0.994858325 0.012347217 -0.025575679 -0.985569954 0.101264030 -0.135637790 19.036226273
-0.135307893 0.002250009 0.990801096 63.198268890 0.100045316 0.994917393 0.011403238 -0.008523954 -0.985739708 0.100667857 -0.134845376 18.832416534
-0.134384111 0.002845501 0.990925252 64.817588806 0.101061516 0.994820952 0.010848741 0.009112962 -0.985762417 0.101602219 -0.133975789 18.614376068
-0.133485302 0.002625001 0.991047323 66.458793640 0.100666121 0.994860232 0.010923726 0.026554953 -0.985924959 0.101222955 -0.133063540 18.400388718
-0.132690370 0.000886112 0.991157115 68.102027893 0.102728814 0.994626164 0.012863516 0.048005454 -0.985819519 0.103527166 -0.132068425 18.180240631
-0.132345483 -0.001040001 0.991203070 69.785278320 0.103858933 0.994480193 0.014910680 0.072146215 -0.985747457 0.104918554 -0.131507024 17.968105316
-0.131528944 -0.000000468 0.991312325 71.452674866 0.105594732 0.994310439 0.014010943 0.095334426 -0.985672295 0.106520094 -0.130780637 17.751663208
-0.130883634 0.001653674 0.991396368 73.151290894 0.107950538 0.994076431 0.012593420 0.117190875 -0.985503018 0.108669937 -0.130286917 17.525878906
-0.130273506 0.001378701 0.991477132 74.849861145 0.107391030 0.994135320 0.012728061 0.139214739 -0.985644937 0.108133771 -0.129657626 17.301744461
-0.130227715 0.001117792 0.991483510 76.562103271 0.108144708 0.994049013 0.013083718 0.161204174 -0.985568583 0.108927451 -0.129573688 17.083501816
-0.130099252 -0.000065547 0.991500974 78.279724121 0.107745349 0.994077027 0.014203459 0.184737369 -0.985629261 0.108677387 -0.129321694 16.869277954
-0.129959449 0.000263889 0.991519272 80.023773193 0.109214500 0.993918896 0.014050324 0.210028127 -0.985486031 0.110114165 -0.129198045 16.636817932
-0.130116701 0.000055590 0.991498709 81.809730530 0.110469423 0.993774533 0.014441439 0.235333398 -0.985325336 0.111409269 -0.129312873 16.410202026
-0.130435139 0.001164758 0.991456211 83.541389465 0.110540703 0.993781567 0.013375149 0.256507486 -0.985275209 0.111340761 -0.129752859 16.203096390
-0.131243691 0.001797216 0.991348505 85.326431274 0.110108823 0.993837416 0.012775471 0.277682185 -0.985216200 0.110832818 -0.130632848 15.984277725
-0.132529140 0.002276814 0.991176486 87.105087280 0.109547675 0.993904591 0.012364418 0.297776520 -0.985106647 0.110219635 -0.131970808 15.766335487
-0.134200841 0.002487369 0.990951002 88.954650879 0.108818412 0.993986249 0.012241886 0.318876714 -0.984961152 0.109476507 -0.133664533 15.532733917
-0.135218501 0.001561153 0.990814567 90.763740540 0.107945360 0.994069636 0.013165241 0.342576653 -0.984918058 0.108733930 -0.134585202 15.290089607
-0.135854393 0.001395787 0.990727842 92.565826416 0.108327672 0.994024158 0.013454090 0.368803293 -0.984788537 0.109150939 -0.135193825 15.028202057
-0.136272222 0.000497390 0.990671337 94.405555725 0.105929233 0.994274080 0.014071940 0.394495398 -0.984991729 0.106858559 -0.135544702 14.780584335
-0.137956351 0.001580948 0.990437031 96.260543823 0.106132016 0.994264483 0.013195896 0.418063104 -0.984735370 0.106937423 -0.137332991 14.534036636
-0.140474558 0.002419984 0.990081310 98.104019165 0.104882017 0.994406700 0.012450296 0.439970225 -0.984513223 0.105590567 -0.139942750 14.285474777
-0.144627541 0.003476012 0.989480078 99.988555908 0.105502374 0.994347453 0.011927663 0.462006688 -0.983845353 0.106117457 -0.144176856 14.017257690
-0.149422258 0.002771672 0.988769591 101.877685547 0.103361771 0.994561017 0.012832062 0.483276188 -0.983355999 0.104118265 -0.148896143 13.763796806
-0.154372975 0.001950487 0.988010705 103.796684265 0.102211937 0.994664013 0.014006609 0.509462118 -0.982711256 0.103148624 -0.153748706 13.474998474
-0.159233168 0.002882655 0.987236798 105.699356079 0.100421011 0.994856179 0.013292179 0.532359362 -0.982120216 0.101255767 -0.158703715 13.195861816
-0.163618013 0.004716704 0.986512482 107.596961975 0.101192385 0.994794130 0.012026962 0.555685997 -0.981319964 0.101795271 -0.163243681 12.879976273
-0.168328702 0.006599200 0.985708833 109.493370056 0.100767396 0.994854033 0.010547539 0.575153112 -0.980566740 0.101102643 -0.168127626 12.564636230
-0.173321724 0.007026079 0.984840214 111.411499023 0.099414721 0.994991660 0.010397462 0.593624175 -0.979834676 0.099709593 -0.173152313 12.245153427
-0.178296119 0.006847827 0.983953059 113.329048157 0.097999558 0.995127380 0.010832303 0.612774193 -0.979084432 0.098358192 -0.178098589 11.917902946
-0.184525624 0.006586384 0.982805610 115.284690857 0.096023373 0.995314121 0.011358553 0.631552279 -0.978125572 0.096468128 -0.184293568 11.590637207
-0.190210104 0.006142288 0.981724203 117.314552307 0.095039293 0.995398760 0.012186117 0.656306088 -0.977132320 0.095620163 -0.189918831 11.202561378
-0.195625156 0.005847564 0.980661333 119.295082092 0.095035173 0.995388567 0.013022509 0.681211770 -0.976063013 0.095744714 -0.195278957 10.822674751
-0.201125503 0.007526638 0.979536593 121.288131714 0.095733300 0.995334446 0.012008624 0.704949975 -0.974876165 0.096189380 -0.200907871 10.421088219
-0.206713855 0.008700252 0.978362799 123.271369934 0.095407531 0.995373905 0.011306701 0.726123452 -0.973738492 0.095680304 -0.206587836 10.020481110
-0.212501138 0.008891562 0.977120340 125.280319214 0.095990553 0.995311916 0.011818627 0.752025187 -0.972434580 0.096305668 -0.212358579 9.567310333
-0.218139559 0.008878410 0.975877166 127.271224976 0.094914071 0.995411038 0.012160179 0.775354445 -0.971291125 0.095276959 -0.217981353 9.138053894
-0.223499507 0.009865780 0.974654078 129.267105103 0.094197169 0.995486677 0.011523843 0.797421694 -0.970141709 0.094385095 -0.223420262 8.696686745
-0.228292167 0.010554653 0.973535419 131.252746582 0.093358316 0.995570540 0.011098790 0.820034802 -0.969106197 0.093421265 -0.228266478 8.231367111
-0.233159825 0.010361201 0.972383201 133.292907715 0.094368502 0.995464623 0.012020704 0.844336033 -0.967848599 0.094564967 -0.233080283 7.752018929
-0.236565381 0.010410167 0.971559763 135.185073853 0.097407699 0.995158732 0.013054796 0.873840749 -0.966720462 0.097725585 -0.236434311 7.250003815
-0.239951015 0.011240561 0.970719874 137.197265625 0.098691642 0.995034575 0.012873342 0.901078105 -0.965755284 0.098890789 -0.239869088 6.747224808
-0.243009761 0.011988709 0.969949782 139.201660156 0.099538684 0.994953215 0.012640518 0.926945150 -0.964903116 0.099619180 -0.242976859 6.247657776
-0.246110395 0.011667764 0.969171643 141.228302002 0.098660946 0.995035052 0.013074719 0.954783320 -0.964207172 0.098837085 -0.246039778 5.728154182
-0.249882400 0.012200945 0.968199372 143.254196167 0.097545609 0.995150685 0.012634948 0.981189251 -0.963350117 0.097600713 -0.249860942 5.205660820
-0.254157513 0.012787241 0.967078328 145.279586792 0.096278578 0.995280147 0.012142793 1.005463958 -0.962358654 0.096194975 -0.254189223 4.685267925
-0.258259207 0.011873960 0.966002703 147.171997070 0.096304215 0.995260000 0.013513179 1.028695107 -0.961263478 0.096519902 -0.258178741 4.212915421
-0.262782186 0.012097039 0.964779317 149.168365479 0.096366249 0.995250523 0.013768687 1.055779576 -0.960030675 0.096590206 -0.262699991 3.683815002
-0.267207056 0.012570895 0.963557124 151.144546509 0.095989741 0.995288730 0.013634334 1.083302498 -0.958846331 0.096134663 -0.267154992 3.140455723
-0.271765172 0.012318920 0.962284744 153.104919434 0.095307983 0.995346665 0.014174382 1.111308932 -0.957632482 0.095565408 -0.271674812 2.596056461
-0.276228815 0.011419127 0.961024046 155.149398804 0.094767690 0.995379865 0.015411886 1.140520215 -0.956408203 0.095331125 -0.276034921 2.046158075
-0.280435830 0.011345941 0.959805667 157.183471680 0.095221713 0.995326340 0.016056024 1.171757817 -0.955137908 0.095896922 -0.280205727 1.481280327
-0.283832729 0.012092966 0.958797514 159.204742432 0.096442886 0.995209694 0.015997751 1.206339359 -0.954011321 0.097009778 -0.283639520 0.874547005
-0.287165761 0.013534590 0.957785249 161.298736572 0.096976027 0.995173216 0.015012684 1.240573168 -0.952959239 0.097193234 -0.287092388 0.232425630
-0.290940523 0.014870853 0.956625521 163.319046021 0.096560404 0.995229840 0.013896151 1.265484810 -0.951855838 0.096414998 -0.290988803 -0.336330771
-0.293994904 0.015993983 0.955673158 165.395629883 0.097363137 0.995159864 0.013297111 1.296292305 -0.950835049 0.096956506 -0.294129312 -0.995090842
-0.297203183 0.016714543 0.954667866 167.447250366 0.097251609 0.995176613 0.012852180 1.323889017 -0.949848533 0.096662603 -0.297395349 -1.633966804
-0.300722748 0.016706122 0.953565240 169.506362915 0.097431287 0.995153308 0.013291853 1.350511074 -0.948721707 0.096904159 -0.300893068 -2.262348413
-0.304621071 0.016916502 0.952323377 171.546859741 0.097114459 0.995183051 0.013386308 1.377850771 -0.947509706 0.096562028 -0.304796696 -2.901586294
-0.308344901 0.017791774 0.951108158 173.640640259 0.099613637 0.994931936 0.013682723 1.407268047 -0.946044624 0.098962255 -0.308554649 -3.573763847
-0.311599970 0.017963532 0.950043499 175.521453857 0.101525009 0.994727314 0.014490258 1.433810949 -0.944774032 0.100968257 -0.311780900 -4.169881821
-0.314313799 0.017640892 0.949155152 177.579086304 0.102121644 0.994653642 0.015331177 1.465754032 -0.943810225 0.101748005 -0.314435005 -4.838896275
-0.317128807 0.017166002 0.948226988 179.709243774 0.101961106 0.994658053 0.016093723 1.501150489 -0.942885458 0.101785973 -0.317185134 -5.544039726
-0.319697917 0.017775940 0.947352588 181.745468140 0.101424605 0.994721353 0.015562451 1.533854723 -0.942075431 0.101060055 -0.319813401 -6.224102974
-0.322631776 0.019832410 0.946316600 183.860504150 0.100786343 0.994816184 0.013512680 1.562213063 -0.941143274 0.099735320 -0.322958291 -6.927541256
-0.326058924 0.021824636 0.945097268 185.983200073 0.100035734 0.994916737 0.011537274 1.585646272 -0.940041661 0.098305248 -0.326584876 -7.635959148
-0.329327852 0.022824811 0.943939447 188.052581787 0.099157937 0.995015740 0.010535019 1.606134415 -0.938994527 0.097068481 -0.329949796 -8.332571030
-0.332452267 0.023871314 0.942817628 190.133880615 0.097373530 0.995205760 0.009137697 1.625066400 -0.938079774 0.094843253 -0.333182991 -9.055075645
-0.336150050 0.023955207 0.941503406 192.193206787 0.098114759 0.995127559 0.009710845 1.644425988 -0.936683714 0.095639609 -0.336862683 -9.772316933
-0.339864463 0.023286941 0.940185785 194.266235352 0.098066166 0.995121121 0.010801990 1.664641738 -0.935347438 0.095871553 -0.340490073 -10.485683441
-0.343669802 0.022879617 0.938811481 196.332733154 0.097915687 0.995127082 0.011591826 1.686497569 -0.933971703 0.095908061 -0.344235510 -11.205434799
-0.347648054 0.022655988 0.937351048 198.477355957 0.097886257 0.995122015 0.012252076 1.713192701 -0.932501316 0.096013121 -0.348170102 -11.988174438
-0.351159513 0.022872750 0.936035931 200.630950928 0.097139969 0.995196700 0.012124259 1.741185904 -0.931262791 0.095183976 -0.351694793 -12.798364639
-0.355034620 0.023278164 0.934562981 202.645874023 0.096292108 0.995283067 0.011790184 1.763360620 -0.929880559 0.094176888 -0.355601609 -13.530748367
-0.358452439 0.023681775 0.933247209 204.728027344 0.096281305 0.995284915 0.011724819 1.785257936 -0.928569555 0.094056979 -0.359042585 -14.286705017
-0.361485749 0.024350580 0.932059228 206.764541626 0.097288333 0.995186925 0.011732046 1.806975007 -0.927287877 0.094919384 -0.362115055 -15.036842346
-0.363889515 0.024083963 0.931130290 208.930557251 0.098258041 0.995080292 0.012661591 1.835184336 -0.926244915 0.096098393 -0.364465863 -15.871786118
-0.366187692 0.023678018 0.930239260 211.014068604 0.099746004 0.994915068 0.013940647 1.866210580 -0.925179541 0.097892478 -0.366687596 -16.691070557
-0.369160414 0.024314463 0.929047108 213.097412109 0.100707270 0.994817674 0.013980645 1.894051313 -0.923893094 0.098722845 -0.369696081 -17.484724045
-0.371852368 0.025101330 0.927951992 215.175308228 0.100387231 0.994859159 0.013316356 1.921337008 -0.922847748 0.098106191 -0.372460693 -18.293064117
-0.374566734 0.024943987 0.926863909 217.260421753 0.099637821 0.994932175 0.013490046 1.947071195 -0.921830714 0.097403571 -0.375153959 -19.089899063
-0.377245456 0.026388800 0.925736785 219.416397095 0.099938214 0.994916677 0.012364834 1.975085020 -0.920705199 0.097181007 -0.377965152 -19.962137222
-0.380218387 0.027567340 0.924485326 221.513931274 0.099859484 0.994936109 0.011401668 1.996303797 -0.919489980 0.096653700 -0.381045997 -20.778812408
-0.382562339 0.027605390 0.923516691 223.570236206 0.097832859 0.995144367 0.010780346 2.018184185 -0.918735325 0.094474383 -0.383405626 -21.610137939
-0.385730565 0.028587097 0.922168016 225.653961182 0.098721825 0.995060146 0.010447292 2.038858891 -0.917314410 0.095067903 -0.386647433 -22.453119278
-0.388010651 0.028164849 0.921223998 227.716003418 0.100416675 0.994874477 0.011877961 2.063735485 -0.916168094 0.097114973 -0.388850302 -23.305984497
-0.390955418 0.027643755 0.919993877 229.845397949 0.101115048 0.994788706 0.013078121 2.090565205 -0.914838433 0.098138146 -0.391713381 -24.177759171
-0.394032270 0.027113134 0.918696105 231.789306641 0.100377470 0.994855106 0.013691505 2.115132093 -0.913598716 0.097611241 -0.394726723 -24.968097687
-0.396898866 0.027323369 0.917455077 233.663955688 0.099562243 0.994940400 0.013440468 2.137980223 -0.912446260 0.096678339 -0.397611260 -25.733047485
-0.400381416 0.026994064 0.915950418 235.774871826 0.098510556 0.995041013 0.013736119 2.167708158 -0.911037803 0.095730416 -0.401055336 -26.637279510
-0.403747112 0.026823457 0.914476812 237.812820435 0.098285347 0.995056748 0.014206562 2.196170568 -0.909575641 0.095615476 -0.404387802 -27.505197525
-0.407169461 0.027066343 0.912950993 239.979110718 0.098058075 0.995078862 0.014232003 2.228209972 -0.908073366 0.095317006 -0.407819957 -28.454820633
-0.410861164 0.026742179 0.911305130 242.037734985 0.097733796 0.995101571 0.014862034 2.260781288 -0.906444073 0.095171481 -0.411462367 -29.373830795
-0.415199816 0.026870281 0.909332871 244.039108276 0.097188421 0.995153368 0.014969844 2.284573555 -0.904523730 0.094592027 -0.415799171 -30.192657471
-0.419092447 0.026898477 0.907544553 246.089553833 0.096310757 0.995238602 0.014977459 2.316791296 -0.902820766 0.093683176 -0.419687748 -31.123645782
-0.423444152 0.027856464 0.905493319 248.219619751 0.096729338 0.995203316 0.014618145 2.341026068 -0.900743008 0.093777671 -0.424107730 -32.013565063
-0.426962763 0.028285077 0.903826237 250.317764282 0.097111762 0.995164394 0.014731601 2.372378588 -0.899039268 0.094061933 -0.427645117 -32.976196289
-0.430684924 0.028322974 0.902057290 252.305130005 0.097106755 0.995159090 0.015117170 2.402027845 -0.897262573 0.094106525 -0.431350559 -33.887866974
-0.434308022 0.028678089 0.900307238 254.473876953 0.095814891 0.995293200 0.014517345 2.433995008 -0.895653605 0.092567764 -0.435011834 -34.903469086
-0.438062787 0.029119683 0.898472071 256.544952393 0.096810192 0.995190561 0.014946834 2.463866472 -0.893715858 0.093528830 -0.438775212 -35.866134644
-0.441553354 0.029561745 0.896747291 258.652252197 0.097458906 0.995123625 0.015183458 2.497599840 -0.891925752 0.094100252 -0.442281455 -36.884880066
-0.445735991 0.031205494 0.894619763 260.709869385 0.099279918 0.994949996 0.014760164 2.518033266 -0.889641583 0.095396847 -0.446583331 -37.771064758
-0.449019253 0.033429660 0.892895877 262.691894531 0.101596028 0.994729221 0.013848328 2.548930883 -0.887726963 0.096932769 -0.450049132 -38.771690369
-0.451822698 0.034433383 0.891442358 264.673889160 0.103523284 0.994527638 0.014054997 2.576111794 -0.886080325 0.098635338 -0.452915043 -39.737655640
-0.455251127 0.036519106 0.889613211 266.723327637 0.105019234 0.994386137 0.012922509 2.599564075 -0.884147346 0.099309415 -0.456530869 -40.726127625
-0.457719624 0.038791467 0.888249278 268.669952393 0.106602512 0.994234979 0.011512800 2.624046564 -0.882682145 0.099959180 -0.459216386 -41.725074768
-0.460642576 0.039498098 0.886705816 270.720062256 0.107521787 0.994135261 0.011573925 2.648506165 -0.881048620 0.100671567 -0.462188214 -42.770969391
-0.464011610 0.040304285 0.884911120 272.773498535 0.107956879 0.994090855 0.011331230 2.668004513 -0.879225612 0.100790001 -0.465621144 -43.784416199
-0.467344522 0.040525582 0.883145392 274.936584473 0.107276700 0.994166613 0.011148795 2.693851948 -0.877542019 0.099951185 -0.468966037 -44.918544769
-0.470582694 0.042234812 0.881343961 277.070220947 0.108709149 0.994018972 0.010409619 2.716672897 -0.875633180 0.100708671 -0.472359747 -46.038589478
-0.473638266 0.042613644 0.879687369 279.139404297 0.108208992 0.994076669 0.010106666 2.738641262 -0.874046206 0.099976920 -0.475444257 -47.138973236
-0.476358116 0.042327307 0.878231406 281.228546143 0.106483161 0.994265735 0.009837436 2.760332346 -0.872779191 0.098202921 -0.478134036 -48.259052277
-0.479502201 0.042925097 0.876489639 283.305938721 0.108522147 0.994036436 0.010687543 2.777042627 -0.870804071 0.100243166 -0.481301367 -49.314315796
-0.482003689 0.043238264 0.875101149 285.482818604 0.110536329 0.993802071 0.011779970 2.798532248 -0.869168222 0.102408379 -0.483796090 -50.441970825
-0.484642386 0.043508004 0.873629153 287.484344482 0.112033539 0.993623495 0.012666294 2.821003437 -0.867507637 0.104014307 -0.486426830 -51.493850708
-0.487006724 0.043537389 0.872311831 289.596557617 0.112754844 0.993532777 0.013362840 2.843811989 -0.866088927 0.104865097 -0.488766640 -52.586887360
-0.489328831 0.043168195 0.871029735 291.724426270 0.113257065 0.993461311 0.014389901 2.874006510 -0.864713430 0.105691582 -0.491018802 -53.739795685
-0.491033107 0.043739118 0.870041609 293.896759033 0.115175053 0.993230641 0.015070260 2.913273335 -0.863493085 0.107607000 -0.492747277 -54.985229492
-0.493082851 0.043524764 0.868892372 295.962707520 0.115404010 0.993193746 0.015738703 2.949099541 -0.862293601 0.108034059 -0.494750261 -56.146919250
-0.495003849 0.044486199 0.867750645 298.121063232 0.114861436 0.993273973 0.014600836 2.983056068 -0.861264884 0.106898472 -0.496784717 -57.360649109
-0.497555166 0.046782348 0.866169274 300.267028809 0.114817694 0.993310094 0.012305650 3.010855436 -0.859799266 0.105574220 -0.499598563 -58.573123932
-0.501863301 0.046207976 0.863711178 302.363037109 0.114042521 0.993388951 0.013119287 3.031147957 -0.857395232 0.105083816 -0.503815711 -59.686618805
-0.506413043 0.044558730 0.861138403 304.489501953 0.112384968 0.993555963 0.014680140 3.061053514 -0.854935408 0.104213156 -0.508158028 -60.880950928
-0.511219859 0.042355184 0.858405054 306.616668701 0.110585921 0.993723750 0.016826991 3.097931862 -0.852305114 0.103529729 -0.512695849 -62.105175018
-0.515995920 0.041115720 0.855603039 308.805236816 0.109570630 0.993809760 0.018322531 3.140563011 -0.849553645 0.103203245 -0.517307520 -63.387615204
-0.520183086 0.041284792 0.853055656 311.069915771 0.110085338 0.993739486 0.019035364 3.188788891 -0.846929550 0.103810728 -0.521471977 -64.749908447
-0.523961306 0.042862218 0.850662231 313.294525146 0.112832196 0.993423462 0.019442962 3.238604784 -0.844234705 0.106169388 -0.525352299 -66.114151001
-0.528375626 0.044052757 0.847866416 315.477966309 0.114091389 0.993278682 0.019491829 3.278353691 -0.841309190 0.107033215 -0.529850900 -67.381683350
-0.532263100 0.043693807 0.845449984 317.681396484 0.114467233 0.993210316 0.020734027 3.328427076 -0.838803887 0.107812233 -0.533651412 -68.735977173
-0.536036432 0.042475056 0.843124986 319.852264404 0.114764459 0.993127704 0.022932325 3.384962082 -0.836356878 0.109053291 -0.537227929 -70.096351624
-0.540426552 0.041414883 0.840370655 322.049407959 0.114349745 0.993135810 0.024592800 3.439143658 -0.833583832 0.109386720 -0.541453362 -71.420135498
-0.544694066 0.041332819 0.837614954 324.256774902 0.113638915 0.993210018 0.024887690 3.499694824 -0.830899119 0.108741775 -0.545693278 -72.812210083
-0.548705995 0.041563101 0.834980845 326.408843994 0.114463478 0.993092418 0.025786012 3.560606956 -0.828141630 0.109723695 -0.549673915 -74.178718567
-0.552200258 0.041471843 0.832678676 328.609771729 0.115519874 0.992933631 0.027154947 3.634620905 -0.825668752 0.111185841 -0.553089619 -75.660621643
-0.555740952 0.041327886 0.830326915 330.814086914 0.116135828 0.992829382 0.028314061 3.711442709 -0.823203146 0.112165928 -0.556556225 -77.152793884
-0.559360385 0.040692560 0.827924430 333.000274658 0.115159012 0.992923379 0.029001238 3.782527685 -0.820885658 0.111565046 -0.560088754 -78.582847595
-0.562878251 0.039891101 0.825575888 335.211639404 0.114554554 0.992959857 0.030124471 3.859239578 -0.818562329 0.111529835 -0.563485801 -80.056762695
-0.565648317 0.039323930 0.823707700 337.376739502 0.114405289 0.992945135 0.031159939 3.939233303 -0.816671550 0.111862034 -0.566157162 -81.527938843
-0.568562984 0.038682397 0.821729004 339.544464111 0.112449236 0.993171930 0.031051870 4.017913342 -0.814917386 0.110057682 -0.569031119 -82.999855042
-0.572124362 0.037807908 0.819294274 341.686645508 0.108560354 0.993638158 0.029955862 4.087854862 -0.812949777 0.106081285 -0.572589576 -84.418464661
-0.575262547 0.037025664 0.817129672 343.783050537 0.104944989 0.994059563 0.028839026 4.159211159 -0.811208069 0.102343597 -0.575731397 -85.869979858
-0.577568412 0.034036092 0.815631688 345.891632080 0.102308199 0.994270742 0.030956263 4.239558697 -0.809905410 0.101325087 -0.577742040 -87.366691589
-0.580978751 0.033369169 0.813233674 348.090881348 0.102564335 0.994195819 0.032478031 4.323318481 -0.807430029 0.102277733 -0.581029654 -88.898406982
-0.583841681 0.033770986 0.811164141 350.294311523 0.102454975 0.994211257 0.032351036 4.408782959 -0.805376232 0.101995595 -0.583922446 -90.461044312
-0.587154746 0.032698527 0.808813334 352.407653809 0.100572750 0.994388342 0.032809474 4.489738941 -0.803201973 0.100608721 -0.587148905 -91.948043823
-0.590409398 0.028825469 0.806588352 354.457214355 0.098107010 0.994514465 0.036271244 4.578435898 -0.801118433 0.100546762 -0.589999139 -93.412933350
-0.593611598 0.026546238 0.804313064 356.566253662 0.095745362 0.994686306 0.037834004 4.674816132 -0.799035132 0.099467859 -0.592999578 -94.939605713
-0.596497416 0.026845315 0.802165210 356.622650146 0.096019626 0.994649172 0.038114090 4.675946712 -0.796850085 0.099758476 -0.595883906 -94.966056824
-0.598825514 0.028395871 0.800375283 356.669616699 0.097468086 0.994526327 0.037639771 4.678860188 -0.794925809 0.100550614 -0.598316014 -95.008132935
-0.600318611 0.028462945 0.799253643 356.680328369 0.098060317 0.994445264 0.038238931 4.679586887 -0.793725848 0.101330526 -0.599775672 -95.018264771
-0.601861596 0.027570207 0.798123717 356.686035156 0.097125836 0.994511783 0.038887993 4.680120468 -0.792671561 0.100923546 -0.601236820 -95.025085449
-0.604571700 0.026540071 0.796107769 356.750915527 0.094567910 0.994767368 0.038652919 4.680912971 -0.790916502 0.098654628 -0.603918672 -95.050529480
-0.606480718 0.022692055 0.794773579 356.805419922 0.084088720 0.995816886 0.035734769 4.685367107 -0.790638447 0.088503852 -0.605852544 -95.114624023
-0.609944999 0.025480952 0.792033255 356.832275391 0.076418474 0.996715605 0.026783966 4.684971809 -0.788749874 0.076862618 -0.609889567 -95.118400574
-0.612156093 0.036216140 0.789906442 356.853912354 0.087477900 0.995920181 0.022131402 4.686629295 -0.785882652 0.082647122 -0.612827420 -95.147850037
-0.614588737 0.036702506 0.787992716 356.886840820 0.093106084 0.995309472 0.026258601 4.686811447 -0.783333242 0.089505062 -0.615123868 -95.163375854
-0.616647065 0.027338527 0.786764205 356.916259766 0.091960713 0.995055854 0.037500337 4.688595295 -0.781849563 0.095475778 -0.616112947 -95.190391541
-0.619779170 0.017029434 0.784590781 356.933654785 0.086085804 0.995206177 0.046401735 4.690254211 -0.780039847 0.096300870 -0.618274629 -95.210609436
-0.623900712 0.010689156 0.781429768 356.959991455 0.080514424 0.995464504 0.050666511 4.692926407 -0.777344406 0.094527163 -0.621932209 -95.241729736
-0.630080044 0.010461336 0.776458979 357.059478760 0.079332747 0.995544195 0.050963745 4.694333553 -0.772466421 0.093709782 -0.628103077 -95.267784119
-0.634724617 0.015492694 0.772582352 357.114532471 0.084361859 0.995211899 0.049351420 4.696683407 -0.768118858 0.096500963 -0.632993102 -95.300857544
-0.639413178 0.021914080 0.768550217 357.130523682 0.089048475 0.994977236 0.045715626 4.698985100 -0.763688505 0.097669326 -0.638153553 -95.327896118
-0.641894579 0.024728002 0.766393304 357.125061035 0.090132341 0.994983852 0.043386985 4.705195427 -0.761476457 0.096926622 -0.640904188 -95.390251160
-0.649502039 0.024691924 0.759958088 357.185821533 0.088943988 0.995077729 0.043685183 4.705899239 -0.755139112 0.095967248 -0.648501873 -95.413185120
-0.652350008 0.023972159 0.757537842 357.219360352 0.089215234 0.994979382 0.045341298 4.712359428 -0.752648056 0.097162247 -0.651214182 -95.487609863
-0.657884598 0.022742761 0.752774477 357.230773926 0.088517889 0.994950414 0.047300525 4.712895393 -0.747897983 0.097752228 -0.656576395 -95.495719910
-0.664112687 0.023152694 0.747273028 357.240386963 0.088337637 0.994948328 0.047680583 4.713163376 -0.742394507 0.097677551 -0.662803829 -95.500724792
-0.668551505 0.023191717 0.743303239 357.246765137 0.087707184 0.994996369 0.047841970 4.713325977 -0.738474965 0.097177789 -0.667241037 -95.503913879
-0.670068800 0.023990972 0.741910279 357.235748291 0.088657729 0.994909286 0.047900584 4.721384048 -0.736984730 0.097872712 -0.668785334 -95.583122253
-0.674305797 0.023115059 0.738089442 357.235687256 0.089777030 0.994661570 0.050868500 4.724703789 -0.732973874 0.100564346 -0.672781885 -95.615936279
-0.675165892 0.022921756 0.737308800 357.208923340 0.091943376 0.994337261 0.053281698 4.734310627 -0.731912851 0.103764594 -0.673450708 -95.702079773
-0.679242492 0.022118315 0.733579636 357.251739502 0.092209168 0.994196713 0.055402882 4.736145973 -0.728097558 0.105274707 -0.677340806 -95.728408813
-0.683629334 0.022237454 0.729489684 357.258728027 0.091258384 0.994295061 0.055211637 4.737969398 -0.724100709 0.104316287 -0.681759238 -95.747276306
-0.688239276 0.022061916 0.725147367 357.264984131 0.086643040 0.994882822 0.051964782 4.740513802 -0.720290661 0.098593116 -0.686629534 -95.774345398
-0.693256617 0.020646494 0.720394135 357.298950195 0.082003377 0.995357156 0.050387342 4.743096352 -0.716009557 0.094006047 -0.691731513 -95.809150696
-0.694117785 0.019609204 0.719593465 357.259124756 0.081053697 0.995400667 0.051059097 4.752367496 -0.715283036 0.093766659 -0.692515194 -95.899238586
-0.699571967 0.017074879 0.714357316 357.259063721 0.077870861 0.995581806 0.052462287 4.753745079 -0.710305750 0.092328683 -0.697811127 -95.914085388
-0.700454116 0.015975054 0.713517785 357.219055176 0.075012863 0.995859504 0.051343009 4.762824535 -0.709743679 0.089486361 -0.698752642 -96.007987976
-0.700650871 0.015828164 0.713327765 357.157318115 0.074786432 0.995875716 0.051359683 4.772433281 -0.709573269 0.089332379 -0.698945343 -96.104164124
-0.700825632 0.014691882 0.713180304 357.099761963 0.075427629 0.995708823 0.053608838 4.781411171 -0.709332764 0.091363885 -0.698926866 -96.192749023
-0.700478494 0.014187186 0.713531554 357.039703369 0.078499705 0.995267212 0.057274695 4.790130615 -0.709342360 0.096131645 -0.698277295 -96.274154663
-0.699327588 0.013504362 0.714672804 358.931945801 0.083170474 0.994567454 0.062591441 4.956070900 -0.709945440 0.103211537 -0.696651936 -98.120773315
-0.698029280 0.012993295 0.715950370 360.836608887 0.087051682 0.993959129 0.066833973 5.129835606 -0.710757375 0.108976699 -0.694943905 -99.932746887
-0.696732402 0.010101741 0.717259049 362.370727539 0.081073374 0.994602740 0.064745389 5.273334026 -0.712734103 0.103260770 -0.693791211 -101.464996338
-0.695677519 0.008813500 0.718299210 364.380920410 0.073669747 0.995527685 0.059134539 5.439362049 -0.714565873 0.094055437 -0.693215787 -103.410682678
-0.694113910 0.006355986 0.719836235 366.512023926 0.068778396 0.995971799 0.057526492 5.593737125 -0.716571212 0.089439064 -0.691755295 -105.281211853
-0.691722870 0.005418340 0.722141802 368.404907227 0.066448472 0.996207118 0.056174744 5.741289139 -0.719098687 0.086842515 -0.689459562 -107.091941833
-0.689146817 0.006142005 0.724594772 370.253112793 0.068579569 0.996028244 0.056781765 5.885346413 -0.721368372 0.088823318 -0.686831176 -108.835136414
-0.686523259 0.006008658 0.727082133 372.105926514 0.069203228 0.995966196 0.057112109 6.030875206 -0.723806322 0.089525171 -0.684170008 -110.578498840
-0.683658838 0.006552321 0.729771495 373.980834961 0.066856153 0.996317089 0.053686131 6.169234276 -0.726732254 0.085492663 -0.681579232 -112.334602356
-0.682226896 0.002123024 0.731136560 374.480621338 0.060824268 0.996694088 0.053861272 6.209002495 -0.728605330 0.081216410 -0.680100858 -112.835700989
-0.681646347 -0.004051012 0.731669724 376.435607910 0.052641876 0.997121513 0.054563545 6.351832390 -0.729784846 0.075709470 -0.679471195 -114.612213135
-0.681281924 -0.007506801 0.731981695 378.241638184 0.045907609 0.997540772 0.052958108 6.482292175 -0.730579317 0.069682896 -0.679262102 -116.285232544
-0.680601180 -0.008120427 0.732608140 380.144317627 0.044374544 0.997645795 0.052282635 6.617595673 -0.731308162 0.068092741 -0.678638816 -118.040695190
-0.679512382 -0.007899350 0.733620584 380.164703369 0.046291392 0.997487843 0.053617749 6.619217873 -0.732201338 0.070394203 -0.677439868 -118.061393738
-0.678212106 -0.008710870 0.734813690 380.686157227 0.048164647 0.997252643 0.056276567 6.659428596 -0.733285248 0.073559448 -0.675929427 -118.544784546
-0.677000761 -0.011126343 0.735897303 382.621063232 0.046373785 0.997253835 0.057740234 6.808836460 -0.734519005 0.073216490 -0.674625814 -120.285774231
-0.676199973 -0.011399556 0.736629009 384.565704346 0.044210624 0.997450233 0.056019679 6.955221176 -0.735389531 0.070447303 -0.673972011 -122.043731689
-0.675063312 -0.010038831 0.737690628 384.918518066 0.043876860 0.997591078 0.053727549 6.987669945 -0.736453116 0.068637013 -0.672996700 -122.463745117
-0.673973560 -0.008041671 0.738710880 385.315826416 0.045438513 0.997596145 0.052316405 7.021120548 -0.737356007 0.068825759 -0.671988070 -122.902175903
-0.672739744 -0.007086638 0.739844501 385.752593994 0.048015758 0.997427881 0.053214587 7.055860043 -0.738318861 0.071323723 -0.670669079 -123.344596863
-0.671733856 -0.007009893 0.740758598 385.761016846 0.049666658 0.997278929 0.054476041 7.056396484 -0.739125073 0.073384359 -0.669557869 -123.351081848
-0.670930028 -0.007100641 0.741485894 386.407623291 0.049827732 0.997262120 0.054636411 7.097393513 -0.739843965 0.073603727 -0.668739319 -123.844169617
