1.000000000 0.000000000 0.000000000 0.000000000 0.000000000 1.000000000 0.000000000 0.000000000 0.000000000 0.000000000 1.000000000 0.000000000
1.000000000 -0.000006719 0.000238570 -0.003496810 0.000006630 0.999999940 0.000371121 -0.003845879 -0.000238572 -0.000371120 0.999999881 0.222790748
0.999999821 0.000625640 0.000236534 -0.012596582 -0.000625824 0.999999464 0.000777677 -0.010739800 -0.000236048 -0.000777825 0.999999642 0.526854694
0.999999046 0.001281323 0.000568952 -0.026941672 -0.001281531 0.999999046 0.000366595 -0.019445516 -0.000568482 -0.000367324 0.999999762 0.824178636
0.999998808 0.001069470 0.001166971 -0.042558350 -0.001069790 0.999999404 0.000274250 -0.018454090 -0.001166677 -0.000275498 0.999999285 1.058258891
0.999998331 0.000321061 0.001818186 -0.054822668 -0.000322021 0.999999821 0.000527728 -0.012614568 -0.001818016 -0.000528313 0.999998212 1.289001465
0.999997258 0.000098845 0.002353015 -0.060461525 -0.000098886 1.000000000 0.000017006 -0.009660380 -0.002353013 -0.000017238 0.999997199 1.511561871
0.999996722 0.000039419 0.002577385 -0.069029048 -0.000038926 1.000000000 -0.000191271 -0.006732233 -0.002577393 0.000191170 0.999996603 1.716146350
0.999997675 -0.000253077 0.002149935 -0.061998699 0.000253083 1.000000000 -0.000002207 -0.003974518 -0.002149935 0.000002752 0.999997616 1.910539627
0.999998271 -0.000201250 0.001847405 -0.079081759 0.000201247 1.000000000 0.000002011 0.000636693 -0.001847406 -0.000001639 0.999998212 2.150484085
0.999998152 -0.000482438 0.001849075 -0.088134021 0.000482693 0.999999881 -0.000137712 0.002927321 -0.001849008 0.000138604 0.999998212 2.338305473
0.999997437 -0.000124651 0.002255554 -0.129856914 0.000124746 1.000000000 -0.000041643 0.002983238 -0.002255549 0.000041925 0.999997437 2.598558664
0.999996901 -0.001089682 0.002240968 -0.130444452 0.001089372 0.999999404 0.000139527 0.012157212 -0.002241118 -0.000137085 0.999997497 2.758287430
0.999997258 -0.001544493 0.001759471 -0.135153428 0.001544867 0.999998808 -0.000210955 0.016956829 -0.001759143 0.000213672 0.999998450 3.046331406
0.999997616 -0.001221119 0.001781168 -0.162831962 0.001222574 0.999998927 -0.000816257 0.017777471 -0.001780169 0.000818433 0.999998093 3.282099962
0.999997616 -0.001559296 0.001475612 -0.153926820 0.001560355 0.999998510 -0.000717228 0.019425038 -0.001474491 0.000719528 0.999998629 3.437354088
0.999998212 -0.001423487 0.001194953 -0.153840244 0.001424155 0.999998868 -0.000558002 0.021435976 -0.001194157 0.000559703 0.999999106 3.548527479
0.999998152 -0.001446897 0.001213556 -0.158609718 0.001447459 0.999998868 -0.000462701 0.022141434 -0.001212885 0.000464457 0.999999166 3.615416050
0.999997318 -0.002151761 0.000758532 -0.135650307 0.002152185 0.999997556 -0.000558188 0.029731542 -0.000757329 0.000559820 0.999999583 3.797891140
0.999996662 -0.002478664 0.000623850 -0.128780380 0.002479148 0.999996662 -0.000777018 0.028980313 -0.000621922 0.000778562 0.999999523 3.908298492
0.999997199 -0.002273376 0.000612796 -0.132242486 0.002273928 0.999997079 -0.000902875 0.022512253 -0.000610742 0.000904266 0.999999404 4.165200233
0.999996066 -0.002801037 0.000016817 -0.099033616 0.002801054 0.999995530 -0.001089314 0.034408506 -0.000013766 0.001089357 0.999999404 4.347384453
0.999993920 -0.003473733 0.000018771 -0.093581885 0.003473753 0.999993265 -0.001190540 0.036246303 -0.000014635 0.001190598 0.999999285 4.400068760
0.999993622 -0.003555416 0.000187113 -0.092001460 0.003555647 0.999992907 -0.001250572 0.035952061 -0.000182666 0.001251230 0.999999225 4.439881325
0.999992907 -0.003760846 0.000204728 -0.088387281 0.003761021 0.999992549 -0.000862478 0.035333745 -0.000201483 0.000863242 0.999999642 4.486877918
0.999992609 -0.003834755 0.000154016 -0.077076070 0.003834802 0.999992549 -0.000303999 0.037796885 -0.000152849 0.000304587 0.999999940 4.519441605
0.999993503 -0.003605380 0.000188841 -0.072415113 0.003605440 0.999993443 -0.000314450 0.037044160 -0.000187706 0.000315129 0.999999940 4.541899681
0.999992490 -0.003784770 0.000898238 -0.070926793 0.003785098 0.999992788 -0.000363997 0.037986171 -0.000896854 0.000367395 0.999999523 4.550131798
0.999992073 -0.003851656 0.001091981 -0.066596106 0.003851454 0.999992549 0.000187063 0.038831711 -0.001092694 -0.000182856 0.999999344 4.571157455
0.999990582 -0.004168558 0.001316395 -0.061536297 0.004167822 0.999991179 0.000561799 0.039006677 -0.001318725 -0.000556307 0.999998927 4.589657307
0.999989033 -0.004457303 0.001546033 -0.056784231 0.004456958 0.999990046 0.000227120 0.038752872 -0.001547030 -0.000220227 0.999998748 4.624705791
0.999986351 -0.004950067 0.001766831 -0.041548140 0.004949541 0.999987721 0.000302094 0.038762257 -0.001768305 -0.000293345 0.999998391 4.626955509
0.999987721 -0.004538615 0.002068997 -0.049370028 0.004537392 0.999989569 0.000595714 0.037129901 -0.002071679 -0.000586319 0.999997735 4.686174870
0.999988377 -0.004294651 0.002273350 -0.050810799 0.004293494 0.999990702 0.000513778 0.036314923 -0.002275535 -0.000504012 0.999997377 4.739815235
0.999990463 -0.003822743 0.002189671 -0.052641310 0.003823466 0.999992669 -0.000325482 0.030884959 -0.002188410 0.000333851 0.999997616 4.982992649
0.999989808 -0.003969326 0.002230636 -0.043295790 0.003971918 0.999991417 -0.001158440 0.030955821 -0.002226018 0.001167288 0.999996901 5.006796360
0.999986649 -0.004726293 0.002183827 -0.021681901 0.004729509 0.999987721 -0.001469380 0.030191369 -0.002176855 0.001479689 0.999996603 4.999300480
0.999984562 -0.005327669 0.001706109 0.007154435 0.005330471 0.999984443 -0.001642255 0.029054111 -0.001697333 0.001651324 0.999997258 5.023855209
0.999987423 -0.004796093 0.001571917 -0.003608035 0.004798929 0.999986887 -0.001805087 0.021362454 -0.001563239 0.001812607 0.999997199 5.264544487
0.999986947 -0.004846854 0.001742449 -0.018492699 0.004850333 0.999986291 -0.001997691 0.020169640 -0.001732743 0.002006117 0.999996543 5.352822304
0.999987423 -0.004682126 0.001903205 -0.056323845 0.004686722 0.999986112 -0.002417445 0.021855773 -0.001891860 0.002426335 0.999995291 5.574352264
0.999985754 -0.005271057 0.001066006 -0.036932625 0.005273841 0.999982715 -0.002625308 0.020730555 -0.001052150 0.002630892 0.999996006 5.611501694
0.999982774 -0.005908321 -0.000079136 -0.006324532 0.005908080 0.999978781 -0.002764164 0.019166877 0.000095466 0.002763648 0.999996185 5.643404484
0.999987185 -0.005070970 -0.000593378 -0.016598847 0.005069165 0.999982715 -0.003006962 0.009812974 0.000608615 0.003003916 0.999995291 5.935105801
0.999982595 -0.005800806 -0.001247352 0.009367578 0.005796735 0.999978006 -0.003243754 0.002102202 0.001266140 0.003236467 0.999993980 6.011733055
0.999981999 -0.005766846 -0.001749197 -0.006834386 0.005760286 0.999976516 -0.003732442 0.000835898 0.001770680 0.003722298 0.999991536 6.224548340
0.999984026 -0.005205880 -0.002250820 -0.022611383 0.005196488 0.999977887 -0.004158560 -0.002751678 0.002272418 0.004146797 0.999988854 6.490444660
0.999985218 -0.004744787 -0.002694564 -0.034816734 0.004733012 0.999979317 -0.004359977 -0.003314647 0.002715195 0.004347160 0.999986887 6.668299198
0.999985158 -0.004569477 -0.003002260 -0.045911208 0.004556488 0.999980330 -0.004319591 -0.012477407 0.003021938 0.004305847 0.999986172 6.987520218
0.999986827 -0.004339848 -0.002783584 -0.066404723 0.004327085 0.999980211 -0.004575134 -0.014506727 0.002803384 0.004563029 0.999985635 7.246078491
0.999993205 -0.003039351 -0.002168106 -0.098457798 0.003029335 0.999984801 -0.004608294 -0.025163503 0.002182079 0.004601696 0.999987006 7.540568352
0.999994874 -0.002375449 -0.002219707 -0.096216984 0.002365279 0.999986768 -0.004573901 -0.029608702 0.002230542 0.004568628 0.999987066 7.763534546
0.999995530 -0.002092246 -0.002195568 -0.111695655 0.002081994 0.999986947 -0.004661815 -0.035669193 0.002205292 0.004657223 0.999986708 8.055285454
0.999999285 -0.000525034 -0.001227307 -0.147486836 0.000519138 0.999988317 -0.004800095 -0.045781218 0.001229813 0.004799454 0.999987721 8.385386467
0.999999940 -0.000370303 -0.000566705 -0.169198096 0.000367332 0.999986172 -0.005235847 -0.047730312 0.000568636 0.005235638 0.999986172 8.716298103
0.999999404 -0.000953722 -0.000797812 -0.132486194 0.000949723 0.999987006 -0.004999668 -0.051493876 0.000802569 0.004998907 0.999987245 8.911116600
0.999999762 0.000008523 -0.000883779 -0.147955209 -0.000013188 0.999985993 -0.005279872 -0.055701304 0.000883721 0.005279882 0.999985695 9.252425194
0.999998868 -0.001036669 -0.001212248 -0.104950547 0.001030185 0.999985158 -0.005337603 -0.066605985 0.001217763 0.005336349 0.999985039 9.509512901
0.999996066 -0.002294489 -0.001705887 -0.052133076 0.002284948 0.999981761 -0.005574744 -0.073547915 0.001718647 0.005570824 0.999983013 9.770578384
0.999997437 -0.001699144 -0.001592535 -0.068099730 0.001690561 0.999984086 -0.005376479 -0.080042832 0.001601645 0.005373773 0.999984324 10.156536102
0.999998510 -0.001236182 -0.001275454 -0.094743982 0.001230282 0.999988496 -0.004616953 -0.086126946 0.001281147 0.004615377 0.999988556 10.579233170
0.999997139 -0.001890373 -0.001524695 -0.057190754 0.001883598 0.999988258 -0.004433403 -0.087644532 0.001533058 0.004430519 0.999989033 10.827176094
0.999997854 -0.001932238 -0.000857509 -0.063673802 0.001928354 0.999987841 -0.004507774 -0.084699892 0.000866208 0.004506112 0.999989510 11.112236977
0.999998987 -0.001090455 -0.000986093 -0.076425210 0.001087457 0.999994636 -0.003037051 -0.090234198 0.000989400 0.003035976 0.999994934 11.527949333
0.999995589 -0.002718753 -0.001207064 -0.036619760 0.002717773 0.999995768 -0.000813569 -0.092753157 0.001209271 0.000810285 0.999998987 11.789672852
0.999995947 -0.002691310 -0.000981610 -0.050949000 0.002692579 0.999995351 0.001292546 -0.100951761 0.000978126 -0.001295184 0.999998689 12.233583450
0.999994755 -0.002921685 -0.001383183 -0.022961829 0.002926189 0.999990225 0.003264409 -0.107260160 0.001373632 -0.003268440 0.999993742 12.551810265
0.999995828 -0.002316327 -0.001728095 -0.021705870 0.002324093 0.999987006 0.004504957 -0.115978189 0.001717638 -0.004508956 0.999988377 12.920622826
0.999994695 -0.002939070 -0.001409207 0.003852569 0.002945956 0.999983490 0.004908582 -0.122442722 0.001394757 -0.004912708 0.999987006 13.205868721
0.999994755 -0.002633001 -0.001873669 0.023566749 0.002642614 0.999983132 0.005145899 -0.133926392 0.001860088 -0.005150824 0.999985039 13.536429405
0.999995828 -0.001823898 -0.002223928 0.010919529 0.001835778 0.999983847 0.005351021 -0.145164371 0.002214132 -0.005355083 0.999983251 13.940361977
0.999995828 -0.001739495 -0.002291328 0.007060247 0.001752189 0.999982953 0.005548853 -0.153008670 0.002281636 -0.005552846 0.999982059 14.333073616
0.999997079 -0.000579538 -0.002352232 -0.013925423 0.000593570 0.999981880 0.005968034 -0.161000460 0.002348731 -0.005969414 0.999979496 14.755144119
0.999996483 0.000433944 -0.002634234 -0.027723799 -0.000417185 0.999979556 0.006358588 -0.166872054 0.002636940 -0.006357468 0.999976397 15.164146423
0.999994874 0.002102739 -0.002422330 -0.055579133 -0.002087587 0.999978244 0.006239981 -0.183058739 0.002435399 -0.006234893 0.999977708 15.618890762
0.999994457 0.002310955 -0.002415053 -0.062698156 -0.002295374 0.999976575 0.006433510 -0.188500986 0.002429865 -0.006427931 0.999976516 16.009471893
0.999991775 0.002259651 -0.003365297 -0.027156398 -0.002235861 0.999972522 0.007055581 -0.198703393 0.003381148 -0.007048000 0.999969542 16.295635223
0.999990106 0.002559796 -0.003644863 -0.032527249 -0.002534156 0.999972045 0.007021250 -0.203468889 0.003662735 -0.007011945 0.999968767 16.683858871
0.999986947 0.004010339 -0.003191320 -0.062777534 -0.003988646 0.999969006 0.006774519 -0.212834448 0.003218390 -0.006761702 0.999972045 17.154779434
0.999983907 0.004435780 -0.003549283 -0.062129740 -0.004410512 0.999965072 0.007094846 -0.218793184 0.003580631 -0.007079078 0.999968588 17.530252457
0.999984324 0.003183430 -0.004601671 -0.012994621 -0.003148894 0.999966979 0.007492322 -0.227386206 0.004625371 -0.007477716 0.999961376 17.802434921
0.999984384 0.003073670 -0.004665277 -0.010148982 -0.003043018 0.999973893 0.006562395 -0.234760702 0.004685325 -0.006548098 0.999967635 18.175592422
0.999976993 0.005089625 -0.004494818 -0.039719641 -0.005062790 0.999969482 0.005960797 -0.243417487 0.004525020 -0.005937906 0.999972224 18.612115860
0.999973476 0.005432073 -0.004868574 -0.055224340 -0.005404527 0.999969482 0.005652517 -0.245397106 0.004899131 -0.005626056 0.999972284 19.019847870
0.999972880 0.005144432 -0.005284552 -0.041195873 -0.005116930 0.999973476 0.005204001 -0.254538029 0.005311183 -0.005176820 0.999972641 19.372264862
0.999965191 0.006612189 -0.005100770 -0.065553926 -0.006587399 0.999966621 0.004861045 -0.261078596 0.005132742 -0.004827277 0.999975324 19.796148300
0.999950826 0.008648776 -0.004863255 -0.094919726 -0.008623840 0.999949813 0.005124498 -0.274329692 0.004907331 -0.005082308 0.999975204 20.247905731
0.999948204 0.008912108 -0.004923847 -0.097067393 -0.008885376 0.999945939 0.005424056 -0.280929685 0.004971921 -0.005380027 0.999973297 20.638282776
0.999954522 0.008335116 -0.004645790 -0.096951544 -0.008311550 0.999952734 0.005068486 -0.286791325 0.004687818 -0.005029643 0.999976456 21.021844864
0.999952793 0.008593338 -0.004537548 -0.104727142 -0.008570645 0.999950886 0.004996385 -0.291787624 0.004580261 -0.004957261 0.999977350 21.420394897
0.999947906 0.009206720 -0.004404340 -0.114827573 -0.009185306 0.999946177 0.004857066 -0.297343969 0.004448820 -0.004816359 0.999978662 21.822546005
0.999947011 0.009349271 -0.004308745 -0.110993080 -0.009327682 0.999944150 0.005003015 -0.302554220 0.004355279 -0.004962561 0.999978364 22.201534271
0.999945700 0.009650284 -0.003935707 -0.117234260 -0.009629796 0.999940336 0.005191095 -0.309307337 0.003985568 -0.005152914 0.999978960 22.592102051
0.999941409 0.010176366 -0.003691104 -0.135798290 -0.010155300 0.999932468 0.005681163 -0.310589015 0.003748669 -0.005643347 0.999977171 23.001598358
0.999938071 0.010609311 -0.003361403 -0.155270442 -0.010589082 0.999926209 0.005979241 -0.312720209 0.003424592 -0.005943277 0.999976575 23.410770416
0.999942005 0.010331981 -0.003044510 -0.161303744 -0.010314405 0.999930501 0.005732613 -0.313324422 0.003103529 -0.005700879 0.999979079 23.791309357
0.999942541 0.010424439 -0.002517500 -0.187315568 -0.010409928 0.999929667 0.005709045 -0.312669307 0.002576838 -0.005682510 0.999980688 24.227090836
0.999928713 0.011662122 -0.002574954 -0.188251525 -0.011646695 0.999914765 0.005926063 -0.336050361 0.002643846 -0.005895651 0.999979317 24.632469177
0.999926448 0.011900639 -0.002355301 -0.195517629 -0.011887920 0.999915242 0.005341182 -0.334309280 0.002418666 -0.005312789 0.999983191 25.000019073
0.999922812 0.012313115 -0.001688466 -0.228586704 -0.012304077 0.999910653 0.005261199 -0.330850601 0.001753098 -0.005240018 0.999984980 25.421747208
0.999908566 0.013463620 -0.001269029 -0.257705122 -0.013456563 0.999895036 0.005412969 -0.333539575 0.001341775 -0.005395398 0.999984741 25.840049744
0.999908566 0.013461561 -0.001291948 -0.278263003 -0.013454048 0.999893785 0.005656150 -0.333197832 0.001367953 -0.005638252 0.999983311 26.226791382
0.999914110 0.013049438 -0.001175868 -0.292353600 -0.013042500 0.999898851 0.005723649 -0.334789336 0.001250440 -0.005707822 0.999983072 26.606029510
0.999910593 0.013303246 -0.001328052 -0.302444220 -0.013294790 0.999892831 0.006182809 -0.340388060 0.001410162 -0.006164601 0.999980152 26.969812393
0.999902487 0.013879007 -0.001562436 -0.319033206 -0.013868388 0.999882340 0.006611215 -0.340147227 0.001654010 -0.006588903 0.999977052 27.340929031
0.999888003 0.014841189 -0.001948678 -0.327074945 -0.014828249 0.999869347 0.006493169 -0.347496450 0.002044790 -0.006463547 0.999977171 27.702653885
0.999886334 0.014909543 -0.002250768 -0.338323772 -0.014895009 0.999869347 0.006339837 -0.351673990 0.002344998 -0.006305592 0.999977529 28.056043625
0.999885857 0.014849230 -0.002796306 -0.351590842 -0.014829168 0.999865472 0.007061603 -0.353304684 0.002900789 -0.007019330 0.999971330 28.414964676
0.999876738 0.015293350 -0.003558646 -0.373531729 -0.015265695 0.999854386 0.007671497 -0.357551545 0.003675451 -0.007616227 0.999964416 28.776334763
0.999866247 0.015807159 -0.004194564 -0.390284836 -0.015774943 0.999846995 0.007604745 -0.359251022 0.004314131 -0.007537560 0.999962509 29.123327255
0.999867857 0.015595179 -0.004583580 -0.422853649 -0.015561322 0.999852419 0.007331282 -0.357169896 0.004697236 -0.007258988 0.999962866 29.494041443
0.999867499 0.015341628 -0.005429603 -0.424656212 -0.015301269 0.999855876 0.007397950 -0.355653793 0.005542316 -0.007313892 0.999958158 29.800750732
0.999857068 0.015678661 -0.006308224 -0.437060684 -0.015629007 0.999847353 0.007844857 -0.354648560 0.006430257 -0.007745146 0.999949574 30.124149323
0.999847770 0.016080095 -0.006759104 -0.473134369 -0.016025219 0.999839067 0.008095786 -0.355383217 0.006888196 -0.007986239 0.999944627 30.487483978
0.999854326 0.015547826 -0.007025913 -0.520394444 -0.015493847 0.999850750 0.007672803 -0.346701443 0.007144160 -0.007562829 0.999946117 30.871936798
0.999845862 0.015781760 -0.007676847 -0.551900744 -0.015722783 0.999847114 0.007682805 -0.345347106 0.007796922 -0.007560922 0.999941230 31.223995209
0.999828517 0.016434776 -0.008522324 -0.567669630 -0.016367294 0.999834836 0.007928179 -0.347316772 0.008651216 -0.007787334 0.999932408 31.553951263
0.999812126 0.017050592 -0.009209531 -0.592678368 -0.016977848 0.999824762 0.007919910 -0.355410844 0.009342958 -0.007762067 0.999926388 31.876657486
0.999804258 0.017220085 -0.009731544 -0.607179224 -0.017144857 0.999823153 0.007761459 -0.362060249 0.009863477 -0.007593097 0.999922693 32.253585815
0.999783337 0.018134803 -0.010208076 -0.635719359 -0.018052854 0.999804795 0.008063249 -0.369129747 0.010352310 -0.007877220 0.999915540 32.643424988
0.999763727 0.018752795 -0.010985224 -0.668842137 -0.018665200 0.999793887 0.008022476 -0.370272070 0.011133404 -0.007815543 0.999907613 33.020072937
0.999746025 0.019425210 -0.011419826 -0.699841440 -0.019330865 0.999778867 0.008314312 -0.376054466 0.011578809 -0.008091448 0.999900401 33.363311768
0.999732614 0.019911297 -0.011752975 -0.730037808 -0.019812640 0.999768317 0.008451394 -0.380671382 0.011918532 -0.008216280 0.999895394 33.715358734
0.999722719 0.020061785 -0.012322957 -0.740318239 -0.019953713 0.999762237 0.008831015 -0.382271111 0.012497194 -0.008582681 0.999885261 34.159786224
0.999707043 0.021115707 -0.011824667 -0.798321128 -0.021003686 0.999734461 0.009518490 -0.382086843 0.012022518 -0.009267343 0.999884963 34.514827728
0.999686897 0.022153372 -0.011628018 -0.833922505 -0.022044463 0.999713063 0.009411881 -0.381787896 0.011833186 -0.009152603 0.999888301 34.738071442
0.999671459 0.022871876 -0.011563283 -0.853636146 -0.022768397 0.999700546 0.009002488 -0.392885298 0.011765726 -0.008736256 0.999892831 35.020618439
0.999676466 0.022761736 -0.011342270 -0.862458110 -0.022660751 0.999703467 0.008953362 -0.391166359 0.011542701 -0.008693444 0.999895811 35.271274567
0.999675214 0.023056820 -0.010844985 -0.901388943 -0.022955619 0.999692976 0.009364787 -0.389897734 0.011057578 -0.009112796 0.999897599 35.603111267
0.999646604 0.024385367 -0.010571082 -0.934268951 -0.024288619 0.999663115 0.009185262 -0.393292427 0.010791508 -0.008925263 0.999902189 35.916114807
0.999623537 0.025475733 -0.010177971 -0.967500508 -0.025385233 0.999638200 0.008923578 -0.398254156 0.010401625 -0.008661852 0.999908626 36.187431335
0.999626696 0.025675517 -0.009334628 -1.012981296 -0.025596507 0.999636590 0.008486988 -0.394396186 0.009549147 -0.008244890 0.999920607 36.483501434
0.999622881 0.026126493 -0.008449798 -1.059983850 -0.026054470 0.999624431 0.008524104 -0.393988371 0.008669334 -0.008300738 0.999928117 36.728683472
0.999614179 0.026528809 -0.008225658 -1.082056165 -0.026455887 0.999611020 0.008850722 -0.398528993 0.008457262 -0.008629695 0.999927163 36.967685699
0.999603152 0.027127035 -0.007597949 -1.139444232 -0.027059563 0.999594867 0.008846912 -0.397275627 0.007834867 -0.008637807 0.999932170 37.262825012
0.999556184 0.028893067 -0.007263048 -1.172244668 -0.028824169 0.999540329 0.009418810 -0.414256811 0.007531852 -0.009205282 0.999929428 37.516197205
0.999551356 0.029087830 -0.007150321 -1.183388948 -0.029019229 0.999533772 0.009518254 -0.413762659 0.007423858 -0.009306489 0.999929309 37.670207977
0.999531209 0.029782725 -0.007106810 -1.204166651 -0.029717704 0.999517262 0.009086421 -0.416601628 0.007374003 -0.008870966 0.999933600 37.869907379
0.999516904 0.030257050 -0.007111253 -1.242913604 -0.030195357 0.999507010 0.008629047 -0.416559160 0.007368841 -0.008410155 0.999937594 38.117984772
0.999507427 0.030411815 -0.007750406 -1.240476370 -0.030341050 0.999498487 0.009090832 -0.423688918 0.008022992 -0.008851202 0.999928772 38.279533386
0.999473035 0.031543661 -0.007661675 -1.277123690 -0.031472255 0.999461830 0.009268632 -0.432203442 0.007949921 -0.009022621 0.999927819 38.533481598
0.999474108 0.031427693 -0.007991737 -1.263844609 -0.031355262 0.999467611 0.009032641 -0.442198873 0.008271361 -0.008777311 0.999927402 38.662166595
0.999454558 0.032009285 -0.008128446 -1.281023264 -0.031936001 0.999449611 0.008991178 -0.442393661 0.008411776 -0.008726687 0.999926686 38.842613220
0.999434829 0.032613862 -0.008148346 -1.301464558 -0.032541666 0.999431431 0.008841299 -0.440589428 0.008432066 -0.008571145 0.999927878 39.028244019
0.999403596 0.033555552 -0.008151994 -1.328900218 -0.033487953 0.999404848 0.008291863 -0.442796677 0.008425386 -0.008013929 0.999932528 39.226379395
0.999403834 0.033592314 -0.007969460 -1.349719763 -0.033528116 0.999405444 0.008056573 -0.443842858 0.008235367 -0.007784575 0.999935925 39.384227753
0.999379456 0.034431130 -0.007421062 -1.381132364 -0.034373187 0.999378800 0.007798799 -0.449036121 0.007684979 -0.007538882 0.999942183 39.583896637
0.999330223 0.036007751 -0.006514380 -1.414437294 -0.035958774 0.999325395 0.007486031 -0.452858150 0.006779546 -0.007246776 0.999950886 39.768661499
0.999313891 0.036521714 -0.006149217 -1.425066590 -0.036475126 0.999306381 0.007525241 -0.454081804 0.006419792 -0.007295792 0.999952912 39.906364441
0.999301612 0.036867518 -0.006079274 -1.422938943 -0.036823180 0.999295592 0.007250263 -0.462005287 0.006342297 -0.007021348 0.999955356 40.050205231
0.999287724 0.037365947 -0.005263282 -1.456889629 -0.037328962 0.999278903 0.006957109 -0.460399806 0.005519453 -0.006755687 0.999962091 40.255657196
0.999224186 0.039120000 -0.004540328 -1.493953109 -0.039089520 0.999213874 0.006618040 -0.470870584 0.004795664 -0.006435432 0.999967933 40.470420837
0.999235749 0.038866688 -0.004143046 -1.505900979 -0.038840327 0.999225914 0.006263390 -0.472201765 0.004383283 -0.006097693 0.999971986 40.616920471
0.999215126 0.039490037 -0.003083506 -1.542959571 -0.039470747 0.999202311 0.006084524 -0.471687406 0.003321331 -0.005958047 0.999976873 40.832530975
0.999169767 0.040657252 -0.002579279 -1.570656300 -0.040641814 0.999157190 0.005779994 -0.473275840 0.002812110 -0.005670375 0.999980092 41.032550812
0.999173284 0.040580746 -0.002425650 -1.571501732 -0.040568851 0.999165416 0.004768676 -0.473828226 0.002617149 -0.004666334 0.999985814 41.166790009
0.999169946 0.040728599 -0.000746956 -1.621966481 -0.040726352 0.999166429 0.002812260 -0.473854482 0.000860879 -0.002779511 0.999995887 41.410812378
0.999165297 0.040844906 0.000601625 -1.642985106 -0.040845666 0.999164641 0.001312702 -0.476786822 -0.000547499 -0.001336185 0.999999106 41.613708496
0.999095321 0.042413618 0.003108750 -1.682375550 -0.042416651 0.999099612 0.000916569 -0.484901577 -0.003067070 -0.001047609 0.999994874 41.857311249
0.999039233 0.043498863 0.005334224 -1.684484601 -0.043508988 0.999051452 0.001797689 -0.488057345 -0.005250961 -0.002028054 0.999984264 42.047729492
0.998970568 0.044647962 0.008015121 -1.688100457 -0.044671297 0.998997986 0.002756183 -0.494123310 -0.007884026 -0.003111398 0.999964178 42.397491455
0.998904049 0.045296799 0.011782860 -1.685641050 -0.045329694 0.998968840 0.002539549 -0.497422665 -0.011655672 -0.003070885 0.999927461 42.593505859
0.998835087 0.045241263 0.016783565 -1.690343857 -0.045281958 0.998972118 0.002051968 -0.500850260 -0.016673477 -0.002809576 0.999857128 42.839160919
0.998757899 0.044224795 0.022952043 -1.714760423 -0.044291120 0.999015749 0.002388819 -0.499711603 -0.022823803 -0.003402429 0.999733806 43.120098114
0.998643696 0.043742642 0.028235761 -1.706327319 -0.043835435 0.999035120 0.002675140 -0.503857315 -0.028091496 -0.003909245 0.999597788 43.353130341
0.998455107 0.044098467 0.033801753 -1.693042397 -0.044195224 0.999020576 0.002119974 -0.505908728 -0.033675160 -0.003610580 0.999426365 43.615463257
0.998154759 0.045819066 0.039844338 -1.692940593 -0.045870300 0.998947203 0.000371644 -0.505961895 -0.039785367 -0.002198636 0.999205887 43.905864716
0.997892797 0.046258654 0.045497909 -1.674069166 -0.046231959 0.998929262 -0.001639802 -0.506793797 -0.045525052 -0.000467116 0.998963118 44.191776276
0.997571051 0.047236979 0.051191647 -1.661742330 -0.047196142 0.998883486 -0.002007211 -0.512707114 -0.051229313 -0.000413718 0.998686850 44.500679016
0.997313797 0.046103906 0.056917790 -1.638837457 -0.046131022 0.998934865 -0.000838356 -0.514199138 -0.056895826 -0.001789578 0.998378515 44.837696075
0.996959746 0.046049677 0.062854603 -1.604896307 -0.046112165 0.998935938 -0.000457113 -0.521862805 -0.062808789 -0.002442644 0.998022556 45.338230133
0.996531367 0.046666171 0.068902671 -1.577791214 -0.046723120 0.998907387 -0.000785946 -0.524740398 -0.068864077 -0.002436133 0.997623086 45.861099243
0.996112764 0.047028210 0.074483670 -1.535815477 -0.047074482 0.998890579 -0.001135353 -0.527996302 -0.074454442 -0.002375346 0.997221589 46.405815125
0.995673120 0.046303615 0.080568165 -1.488943219 -0.046316516 0.998925209 -0.001709928 -0.535604477 -0.080560751 -0.002029113 0.996747673 46.969760895
0.995178938 0.045979198 0.086630709 -1.443060875 -0.046022318 0.998939097 -0.001500628 -0.542382836 -0.086607799 -0.002493559 0.996239364 47.532299042
0.994639993 0.046611678 0.092296496 -1.398259878 -0.046694577 0.998908222 -0.001262411 -0.550766587 -0.092254579 -0.003054107 0.995730758 48.086929321
0.994052589 0.046586242 0.098433845 -1.339409947 -0.046641756 0.998910010 -0.001738456 -0.557742774 -0.098407544 -0.002863017 0.995142043 48.695991516
0.993468344 0.046208058 0.104333766 -1.273139119 -0.046254776 0.998927593 -0.001973086 -0.568907976 -0.104313046 -0.002865743 0.994540334 49.268234253
0.992894888 0.046325237 0.109607577 -1.211379766 -0.046411645 0.998920679 -0.001764144 -0.574235320 -0.109570995 -0.003335465 0.993973315 49.888755798
0.992278934 0.046090484 0.115144618 -1.137711287 -0.046216909 0.998930037 -0.001572919 -0.580023825 -0.115093917 -0.003760860 0.993347466 50.528648376
0.991589665 0.046200696 0.120894313 -1.060884953 -0.046348810 0.998923898 -0.001588065 -0.587290108 -0.120837584 -0.004028605 0.992664099 51.179058075
0.990900636 0.046599522 0.126271442 -0.980449200 -0.046814021 0.998902619 -0.001269935 -0.594897032 -0.126192048 -0.004652900 0.991994917 51.825958252
0.990264535 0.046223745 0.131299540 -0.892626345 -0.046434235 0.998920083 -0.001459731 -0.600341201 -0.131225228 -0.004651280 0.991341710 52.479919434
0.989786029 0.045085475 0.135244355 -0.796925783 -0.045299821 0.998972118 -0.001493721 -0.607577622 -0.135172710 -0.004648088 0.990811169 53.156982422
0.989522398 0.044525761 0.137342423 -0.703282297 -0.044826344 0.998994172 -0.000905173 -0.613457024 -0.137244612 -0.005260876 0.990523160 53.844978333
0.989336848 0.043597274 0.138966963 -0.613562465 -0.043899368 0.999035358 -0.000892034 -0.622039199 -0.138871834 -0.005218047 0.990296543 54.542255402
0.989262819 0.043625496 0.139484093 -0.516286969 -0.043837231 0.999037266 -0.001555464 -0.624798536 -0.139417693 -0.004575840 0.990222991 55.243251801
0.989303648 0.044201959 0.139011666 -0.416998148 -0.044316456 0.999014795 -0.002273047 -0.625548363 -0.138975203 -0.003911776 0.990288019 55.952808380
0.989416778 0.044353150 0.138155714 -0.318582445 -0.044418029 0.999009490 -0.002614968 -0.632758498 -0.138134882 -0.003549317 0.990406990 56.677635193
0.989560664 0.044585068 0.137046114 -0.223651052 -0.044584654 0.999000788 -0.003074119 -0.638575196 -0.137046263 -0.003068132 0.990559816 57.417881012
0.989787340 0.044328377 0.135483623 -0.129010826 -0.044264864 0.999013662 -0.003482732 -0.648947775 -0.135504395 -0.002550007 0.990773380 58.160591125
0.990035892 0.043908775 0.133793607 -0.034927815 -0.043880247 0.999031663 -0.003163384 -0.659804165 -0.133802980 -0.002739038 0.991004109 58.908889771
0.990383446 0.044300418 0.131064817 0.057634383 -0.044301987 0.999013782 -0.002905283 -0.666645408 -0.131064296 -0.002929094 0.991369545 59.682144165
0.990847707 0.044084374 0.127582595 0.146896154 -0.044085018 0.999023676 -0.002820122 -0.677709281 -0.127582386 -0.002830176 0.991823912 60.428356171
0.991294444 0.045034904 0.123721607 0.224773154 -0.045151412 0.998978257 -0.001863470 -0.689084053 -0.123679146 -0.003738964 0.992315173 61.188499451
0.991800368 0.045121085 0.119565800 0.300910443 -0.045401126 0.998968601 -0.000382205 -0.700952113 -0.119459748 -0.005049358 0.992826164 61.966136932
0.992319405 0.045182835 0.115154639 0.379911810 -0.045607995 0.998958707 0.001058612 -0.711168706 -0.114986926 -0.006302460 0.993346930 62.744312286
0.992852032 0.045467783 0.110351019 0.457106620 -0.045977652 0.998940170 0.002078911 -0.722047508 -0.110139564 -0.007137739 0.993890405 63.520694733
0.993405223 0.045241509 0.105351977 0.528705955 -0.045820635 0.998944819 0.003081939 -0.732721567 -0.105101399 -0.007888916 0.994430065 64.295013428
0.993918598 0.046019081 0.100039832 0.588504195 -0.046587110 0.998908520 0.003348023 -0.735391617 -0.099776581 -0.007988235 0.994977593 65.048110962
0.994460583 0.046145935 0.094438583 0.651960075 -0.046682630 0.998903632 0.003480412 -0.736436009 -0.094174445 -0.007869779 0.995524347 65.795715332
0.994952202 0.046737872 0.088801615 0.710219741 -0.047246743 0.998876572 0.003635938 -0.744117856 -0.088531926 -0.007813177 0.996042430 66.568534851
0.995423555 0.047529094 0.082903482 0.765718758 -0.047998656 0.998840570 0.003679005 -0.749899149 -0.082632512 -0.007641430 0.996550500 67.341880798
0.995860994 0.047627352 0.077410795 0.811320722 -0.048063658 0.998837054 0.003781919 -0.761613369 -0.077140652 -0.007486917 0.996991813 68.099258423
0.996277273 0.047915068 0.071663775 0.858040154 -0.048334699 0.998822570 0.004131919 -0.769553185 -0.071381420 -0.007580389 0.997419953 68.868362427
0.996628404 0.048186183 0.066407017 0.895797789 -0.048600804 0.998807430 0.004641394 -0.779557049 -0.066104181 -0.007853184 0.997781515 69.627853394
0.996910155 0.049276449 0.061171912 0.927849829 -0.049686279 0.998751283 0.005195821 -0.786423564 -0.060839504 -0.008219175 0.998113453 70.389564514
0.997149527 0.050171617 0.056354068 0.930103898 -0.050551489 0.998707116 0.005334763 -0.783867776 -0.056013569 -0.008168342 0.998396277 71.113876343
0.997452319 0.049553070 0.051319182 0.937199473 -0.049892940 0.998740077 0.005362156 -0.772723734 -0.050988823 -0.007908963 0.998667598 71.783004761
0.997693837 0.049635194 0.046298940 0.951756477 -0.049962100 0.998733401 0.005929801 -0.776488364 -0.045945983 -0.008229321 0.998909652 72.489860535
0.997873068 0.050254207 0.041520923 0.960672379 -0.050536357 0.998705447 0.005773395 -0.779057264 -0.041177049 -0.007859435 0.999120593 73.220481873
0.998042643 0.050582133 0.036775943 0.981124282 -0.050832074 0.998689771 0.005892957 -0.784361839 -0.036429696 -0.007750823 0.999305785 73.956512451
0.998149514 0.051352967 0.032564584 1.001999021 -0.051597092 0.998645484 0.006700918 -0.794713914 -0.032176375 -0.008368759 0.999446809 74.695007324
0.998268485 0.051029317 0.029258175 0.984295607 -0.051248204 0.998662889 0.006780707 -0.788674295 -0.028873051 -0.008268398 0.999548495 75.458885193
0.998366833 0.050910059 0.025918752 0.988226831 -0.051120766 0.998664021 0.007532923 -0.783933878 -0.025500635 -0.008845610 0.999635279 76.233581543
0.998449266 0.050760053 0.022857161 0.999503553 -0.050946660 0.998672009 0.007657406 -0.786726892 -0.022438131 -0.008810029 0.999709010 76.978645325
0.998447418 0.051549681 0.021105530 0.972968280 -0.051702023 0.998639882 0.006737632 -0.787391186 -0.020729514 -0.007818372 0.999754131 77.590164185
0.998377264 0.053443592 0.019662926 0.941263199 -0.053565618 0.998547912 0.005732920 -0.790305197 -0.019328000 -0.006776876 0.999789834 78.201202393
0.998335361 0.054321945 0.019381540 0.907400966 -0.054429818 0.998504698 0.005082808 -0.786481678 -0.019076465 -0.006129283 0.999798834 78.799377441
0.998343170 0.054460559 0.018571539 0.892242372 -0.054568734 0.998495579 0.005369049 -0.781487942 -0.018251212 -0.006373581 0.999812722 79.363609314
0.998372614 0.054332044 0.017321762 0.894418597 -0.054425560 0.998505473 0.004974236 -0.785373509 -0.017025625 -0.005908890 0.999837220 80.112136841
0.998358905 0.054747429 0.016798768 0.891251326 -0.054827549 0.998486400 0.004347136 -0.780869484 -0.016535359 -0.005261039 0.999849021 80.654785156
0.998328745 0.055423863 0.016372023 0.863582492 -0.055501219 0.998449326 0.004309390 -0.772323966 -0.016107803 -0.005210856 0.999856234 81.245597839
0.998334706 0.055273455 0.016517393 0.837165117 -0.055345103 0.998459637 0.003913112 -0.763969898 -0.016275670 -0.004820754 0.999855518 81.866500854
0.998335123 0.055210661 0.016699664 0.782813370 -0.055279799 0.998464048 0.003707955 -0.752874434 -0.016469307 -0.004624938 0.999853253 82.564865112
0.998314202 0.055628877 0.016561331 0.739593446 -0.055695776 0.998441279 0.003606752 -0.741046309 -0.016334888 -0.004523071 0.999855936 83.227684021
0.998283148 0.056021940 0.017099211 0.716553211 -0.056078725 0.998422205 0.002860348 -0.734389544 -0.016912002 -0.003814342 0.999849319 83.813293457
0.998237848 0.057205584 0.015776072 0.724119544 -0.057256427 0.998355567 0.002790384 -0.740509331 -0.015590518 -0.003688751 0.999871254 84.344512939
0.998204350 0.057784602 0.015783234 0.688649952 -0.057825349 0.998324394 0.002138103 -0.731455266 -0.015633252 -0.003046938 0.999872744 84.982109070
0.998194695 0.058021341 0.015519802 0.666033685 -0.058059137 0.998311102 0.001996360 -0.729682267 -0.015377773 -0.002893826 0.999877155 85.598495483
0.998225570 0.057912432 0.013852772 0.665962160 -0.057946257 0.998317540 0.002053526 -0.738160074 -0.013710556 -0.002852601 0.999901533 86.405494690
0.998261094 0.057407137 0.013386471 0.612525284 -0.057441715 0.998346329 0.002213746 -0.726497412 -0.013237265 -0.002978842 0.999907553 87.082939148
0.998284578 0.057399683 0.011537221 0.575131118 -0.057431944 0.998346269 0.002485606 -0.719924331 -0.011375484 -0.003143950 0.999929965 87.771049500
0.998328447 0.057020225 0.009432823 0.572697580 -0.057044253 0.998368979 0.002299099 -0.724953473 -0.009286358 -0.002833348 0.999952495 88.579353333
0.998262584 0.058234155 0.008977833 0.527796209 -0.058255140 0.998299479 0.002095059 -0.718555272 -0.008840578 -0.002614427 0.999957144 89.219154358
0.998301506 0.057712499 0.007960599 0.480082542 -0.057725880 0.998331368 0.001462730 -0.713698089 -0.007862912 -0.001919781 0.999966860 89.881767273
0.998292387 0.058129825 0.005767395 0.467638165 -0.058138311 0.998307645 0.001316089 -0.724552751 -0.005681146 -0.001649151 0.999982119 90.706726074
0.998301029 0.058135603 0.003913433 0.449809611 -0.058141563 0.998307288 0.001428880 -0.735157013 -0.003823756 -0.001653989 0.999990940 91.550849915
0.998262405 0.058895111 0.001888177 0.448552668 -0.058897961 0.998262823 0.001491991 -0.747721493 -0.001797043 -0.001600612 0.999996722 92.409172058
0.998255432 0.059042070 0.000260630 0.442720413 -0.059042472 0.998253405 0.001996750 -0.754341304 -0.000142300 -0.002008657 0.999997616 93.298797607
0.998253703 0.059054121 -0.001464058 0.438410729 -0.059050739 0.998252392 0.002252947 -0.755425870 0.001594527 -0.002162562 0.999996006 94.175880432
0.998212934 0.059672091 -0.003200115 0.429725111 -0.059663288 0.998214602 0.002779890 -0.757859886 0.003360265 -0.002583995 0.999990582 95.077827454
0.998220265 0.059420545 -0.005060167 0.420021176 -0.059406981 0.998229861 0.002790435 -0.762102067 0.005217000 -0.002484863 0.999982893 95.989799500
0.998173475 0.060044501 -0.006666679 0.399699152 -0.060023073 0.998191178 0.003369503 -0.774011374 0.006856921 -0.002963196 0.999971747 96.894386292
0.998188317 0.059540953 -0.008664445 0.383844465 -0.059518646 0.998223066 0.002810834 -0.774616361 0.008816388 -0.002290048 0.999958158 97.812194824
0.998089194 0.061077006 -0.009361455 0.287159443 -0.061054524 0.998130739 0.002669456 -0.788506389 0.009506976 -0.002092798 0.999952257 98.812538147
0.998096764 0.060662802 -0.011088430 0.269407749 -0.060635112 0.998155892 0.002817127 -0.795195580 0.011238853 -0.002139419 0.999934196 99.737258911
0.998041868 0.061222747 -0.012821311 0.252171665 -0.061179284 0.998119652 0.003755515 -0.801886857 0.013027102 -0.002963764 0.999910355 100.665527344
0.998053849 0.060650755 -0.014498522 0.232242629 -0.060604792 0.998155355 0.003588917 -0.807974100 0.014689423 -0.002703255 0.999888062 101.596405029
0.998021007 0.060872074 -0.015777878 0.204745874 -0.060812265 0.998140156 0.004243163 -0.813814759 0.016006799 -0.003275280 0.999866128 102.538635254
0.997980118 0.061378848 -0.016384671 0.165730625 -0.061304577 0.998106539 0.004997295 -0.816822171 0.016660349 -0.003982748 0.999852896 103.272109985
0.997889757 0.062872186 -0.016223241 0.092669576 -0.062789865 0.998011351 0.005534133 -0.820290804 0.016538898 -0.004503801 0.999852657 104.073776245
0.997881174 0.063031301 -0.016134087 0.017006382 -0.062939219 0.997998357 0.006152638 -0.819867551 0.016489578 -0.005124137 0.999850512 104.922851562
0.997772694 0.064727195 -0.016129587 -0.018512703 -0.064627148 0.997887313 0.006648638 -0.827541888 0.016525835 -0.005591422 0.999847412 105.652107239
0.997824371 0.063947506 -0.016046282 -0.030971373 -0.063844144 0.997936130 0.006872658 -0.832124889 0.016452631 -0.005833245 0.999847293 106.331855774
0.997758985 0.064985894 -0.015940849 -0.059739295 -0.064892188 0.997872114 0.006326723 -0.839224041 0.016318055 -0.005278110 0.999852538 107.030723572
0.997784495 0.064598963 -0.015918070 -0.067409493 -0.064511694 0.997899175 0.005936246 -0.840099692 0.016268084 -0.004896195 0.999855340 107.694961548
0.997652411 0.066593289 -0.015978945 -0.087256737 -0.066514239 0.997770607 0.005428949 -0.847727954 0.016304830 -0.004353379 0.999857247 108.372100830
0.997606695 0.067360029 -0.015616628 -0.118908629 -0.067285381 0.997719824 0.005257649 -0.851916611 0.015935153 -0.004194297 0.999863923 109.074729919
0.997325540 0.071418524 -0.015539823 -0.153151155 -0.071341239 0.997436881 0.005472305 -0.864151180 0.015890792 -0.004349042 0.999863982 109.774940491
0.997425675 0.070053175 -0.015327357 -0.177214444 -0.069969580 0.997531414 0.005923432 -0.863036394 0.015704451 -0.004835736 0.999864697 110.464729309
0.997473061 0.069564916 -0.014440170 -0.222678527 -0.069486402 0.997565508 0.005868757 -0.856587470 0.014813251 -0.004850534 0.999878228 111.177055359
0.997593760 0.067827567 -0.014363192 -0.226009801 -0.067743368 0.997682929 0.006268923 -0.858736515 0.014755093 -0.005280830 0.999876916 111.828376770
0.997551501 0.068575375 -0.013732880 -0.254515886 -0.068488717 0.997629344 0.006683175 -0.862188876 0.014158601 -0.005726267 0.999883056 112.509147644
0.997532606 0.068914533 -0.013402701 -0.266617954 -0.068822496 0.997602701 0.007210257 -0.871711314 0.013867438 -0.006270063 0.999883890 113.158958435
0.997445166 0.070220329 -0.013129832 -0.292599916 -0.070129678 0.997511446 0.007240775 -0.879775345 0.013605583 -0.006301488 0.999887288 113.848472595
0.997536004 0.068845063 -0.013506084 -0.280668676 -0.068760507 0.997611046 0.006627070 -0.882636607 0.013930035 -0.005682059 0.999886572 114.478897095
