1.000000000 0.000000000 0.000000000 0.000000000 0.000000000 1.000000000 0.000000000 0.000000000 0.000000000 0.000000000 1.000000000 0.000000000
0.999999821 0.000640677 -0.000018017 -0.003795526 -0.000640672 0.999999762 0.000289636 -0.002003555 0.000018202 -0.000289624 0.999999940 0.616446316
0.999999166 0.001311483 -0.000130655 -0.007387750 -0.001311354 0.999998689 0.000979035 -0.003708954 0.000131939 -0.000978863 0.999999523 1.255096197
0.999998033 0.001980231 -0.000124051 -0.012107844 -0.001979905 0.999994755 0.002571015 -0.005796332 0.000129142 -0.002570764 0.999996722 1.916721821
0.999995410 0.003022167 -0.000135655 -0.017092058 -0.003021473 0.999983609 0.004857954 -0.012510289 0.000150334 -0.004857522 0.999988198 2.582396746
0.999995410 0.003024813 -0.000085000 -0.019831102 -0.003024222 0.999975801 0.006260908 -0.018273205 0.000103936 -0.006260623 0.999980390 3.260539532
0.999998033 0.001952160 0.000036089 -0.021133354 -0.001952380 0.999968767 0.007654854 -0.021266047 -0.000021145 -0.007654910 0.999970734 3.948194742
0.999999344 0.001098735 -0.000144922 -0.018751673 -0.001097510 0.999965787 0.008194923 -0.028023602 0.000153921 -0.008194759 0.999966443 4.644574642
0.999999821 -0.000372143 0.000283361 -0.022870321 0.000369473 0.999956012 0.009362961 -0.029223446 -0.000286833 -0.009362854 0.999956131 5.369404793
0.999999702 -0.000644903 0.000132388 -0.022098826 0.000643482 0.999944866 0.010469504 -0.026961243 -0.000139132 -0.010469414 0.999945223 6.119331360
0.999998868 -0.001436049 -0.000011261 -0.021514969 0.001436090 0.999950528 0.009826589 -0.027821703 -0.000002851 -0.009826594 0.999951720 6.886459827
0.999999702 0.000626991 -0.000209384 -0.027473956 -0.000625582 0.999977469 0.006661800 -0.030460957 0.000213557 -0.006661666 0.999977827 7.657515526
0.999999523 0.000910137 0.000048786 -0.034899771 -0.000910237 0.999997258 0.002092144 -0.033132412 -0.000046882 -0.002092186 0.999997854 8.450638771
0.999984026 0.005639276 0.000061097 -0.049415372 -0.005639329 0.999983549 0.000894308 -0.035159830 -0.000056053 -0.000894636 0.999999642 9.222642899
0.999965489 0.008289636 0.000382730 -0.059352100 -0.008290755 0.999960899 0.003017785 -0.040421441 -0.000357699 -0.003020853 0.999995410 10.050850868
0.999917626 0.012805440 0.000795329 -0.072809070 -0.012810793 0.999892294 0.007132530 -0.045923274 -0.000703908 -0.007142131 0.999974310 10.889106750
0.999866247 0.016307227 0.001191319 -0.083699316 -0.016316256 0.999834657 0.008007078 -0.049472947 -0.001060549 -0.008025445 0.999967277 11.734724045
0.999847531 0.017410118 0.001330296 -0.093124196 -0.017421259 0.999808669 0.008877804 -0.049796678 -0.001175478 -0.008899625 0.999959707 12.592679024
0.999815226 0.019171055 0.001418862 -0.098682232 -0.019181397 0.999786437 0.007673463 -0.050505571 -0.001271451 -0.007699260 0.999969542 13.474129677
0.999796867 0.020103827 0.001453001 -0.104518093 -0.020113517 0.999773145 0.006991515 -0.054926384 -0.001312115 -0.007019320 0.999974489 14.339105606
0.999828041 0.018490015 0.001392332 -0.101547323 -0.018499305 0.999804378 0.006982103 -0.057620287 -0.001262960 -0.007006659 0.999974668 15.224453926
0.999787450 0.020564200 0.001454560 -0.107308246 -0.020575425 0.999754786 0.008174719 -0.060437769 -0.001286097 -0.008202910 0.999965549 16.112878799
0.999756455 0.022004560 0.001659383 -0.112009034 -0.022017231 0.999725103 0.008048141 -0.064936459 -0.001481832 -0.008082717 0.999966264 17.013151169
0.999795318 0.020169549 0.001569231 -0.116115145 -0.020178398 0.999779224 0.005841807 -0.067502417 -0.001451058 -0.005872275 0.999981701 17.931339264
0.999787986 0.020545654 0.001372662 -0.114757389 -0.020550471 0.999782264 0.003590243 -0.066944301 -0.001298600 -0.003617689 0.999992609 18.833381653
0.999728978 0.023248652 0.001232651 -0.119057789 -0.023253629 0.999720752 0.004189496 -0.072288156 -0.001134907 -0.004217023 0.999990463 19.740077972
0.999723971 0.023473309 0.001049204 -0.118151926 -0.023479361 0.999705076 0.006185843 -0.077539302 -0.000903693 -0.006208769 0.999980271 20.667594910
0.999702454 0.024380289 0.000875536 -0.120452441 -0.024386216 0.999673903 0.007556291 -0.079566449 -0.000691027 -0.007575393 0.999971032 21.592775345
0.999674022 0.025501383 0.001294276 -0.127927974 -0.025512565 0.999629021 0.009517848 -0.080164701 -0.001051078 -0.009547765 0.999953806 22.500871658
0.999671042 0.025607524 0.001488163 -0.137538195 -0.025621459 0.999618948 0.010251761 -0.079547696 -0.001225075 -0.010286517 0.999946296 23.417182922
0.999710739 0.024016069 0.001319612 -0.137119442 -0.024030177 0.999639213 0.011984309 -0.079535350 -0.001031321 -0.012012552 0.999927282 24.343124390
0.999736786 0.022908909 0.001304472 -0.137890711 -0.022923345 0.999660075 0.012403870 -0.077313855 -0.001019870 -0.012430507 0.999922216 25.274845123
0.999750197 0.022333352 0.000947839 -0.139043093 -0.022342434 0.999689698 0.011000851 -0.078145877 -0.000701859 -0.011019280 0.999939024 26.188629150
0.999768913 0.021492472 0.000545694 -0.136172295 -0.021495771 0.999744236 0.007009874 -0.082010448 -0.000394896 -0.007019984 0.999975264 27.104393005
0.999830008 0.018437296 0.000315635 -0.130411670 -0.018438581 0.999818742 0.004722050 -0.086036779 -0.000228516 -0.004727066 0.999988794 28.002500534
0.999867022 0.016306181 -0.000076084 -0.130242184 -0.016305307 0.999844611 0.006687435 -0.098935224 0.000185119 -0.006685305 0.999977589 28.916032791
0.999922693 0.012430578 0.000179796 -0.137616664 -0.012431874 0.999829233 0.013666438 -0.101320848 -0.000009884 -0.013667617 0.999906540 29.855791092
0.999975324 0.006892718 -0.001351338 -0.135603637 -0.006865622 0.999793470 0.019124048 -0.102509648 0.001482876 -0.019114299 0.999816120 30.746074677
0.999992311 0.000234887 -0.003907535 -0.132188722 -0.000156765 0.999800265 0.019981049 -0.099284828 0.003911448 -0.019980283 0.999792635 31.666961670
0.999971211 -0.002654641 -0.007098611 -0.141950384 0.002781647 0.999835134 0.017942142 -0.090672150 0.007049810 -0.017961374 0.999813735 32.575855255
0.999913514 -0.005882520 -0.011757122 -0.157155201 0.006088021 0.999827921 0.017520284 -0.085196696 0.011652036 -0.017590351 0.999777257 33.468486786
0.999815404 -0.006552652 -0.018056005 -0.178548336 0.006893106 0.999798357 0.018858185 -0.085850596 0.017928794 -0.018979171 0.999659002 34.362613678
0.999660790 -0.005441354 -0.025467575 -0.206703752 0.005989792 0.999750733 0.021508269 -0.076297656 0.025344191 -0.021653522 0.999444127 35.257297516
0.999384701 -0.005581241 -0.034624830 -0.241490737 0.006447451 0.999667764 0.024956064 -0.064248070 0.034474038 -0.025163954 0.999088585 36.178413391
0.998942614 -0.005126581 -0.045686070 -0.285057247 0.006402076 0.999592543 0.027816286 -0.060542598 0.045524850 -0.028079361 0.998568356 37.074714661
0.998290539 -0.005376940 -0.058197424 -0.342948467 0.007122857 0.999529481 0.029834189 -0.055373874 0.058009624 -0.030197721 0.997859120 37.977806091
0.997339547 -0.004880828 -0.072731175 -0.413687050 0.007183739 0.999479949 0.031435482 -0.038059991 0.072539918 -0.031874329 0.996855974 38.899452209
0.996148944 -0.004817943 -0.087543607 -0.503158331 0.007758622 0.999415874 0.033281889 -0.028204672 0.087332115 -0.033832937 0.995604515 39.807140350
0.994606137 -0.004322060 -0.103632040 -0.604603171 0.007738183 0.999439001 0.032584630 -0.015645344 0.103433065 -0.033210799 0.994081795 40.719379425
0.992768824 -0.003548449 -0.119987994 -0.726405621 0.007376390 0.999477327 0.031473625 0.004981883 0.119813591 -0.032131121 0.992276311 41.650165558
0.990603805 -0.003332755 -0.136721179 -0.857273221 0.007745328 0.999465644 0.031754993 0.025543455 0.136542290 -0.032515571 0.990100443 42.573017120
0.988087535 -0.003443850 -0.153853387 -1.004552364 0.008775910 0.999383628 0.033991080 0.044084966 0.153641477 -0.034936372 0.987508833 43.490383148
0.985339105 -0.005103193 -0.170530140 -1.170431495 0.011223892 0.999326169 0.034947414 0.067039542 0.170236856 -0.036349073 0.984732509 44.415981293
0.982288659 -0.006765235 -0.187250957 -1.347653508 0.013654703 0.999275506 0.035527341 0.087343112 0.186874911 -0.037454970 0.981669426 45.336658478
0.978892922 -0.007642863 -0.204230279 -1.541017771 0.015394637 0.999219000 0.036394261 0.106909133 0.203792587 -0.038770139 0.978246093 46.252422333
0.975234151 -0.008078991 -0.221026570 -1.750988245 0.016882988 0.999136209 0.037972160 0.131247669 0.220528841 -0.040763345 0.974528253 47.171993256
0.971360922 -0.006536088 -0.237518311 -1.982471108 0.016045464 0.999144197 0.038125250 0.152615830 0.237065822 -0.040844481 0.970634520 48.070411682
0.967011929 -0.007135267 -0.254630744 -2.222033501 0.017445661 0.999115705 0.038256202 0.172897667 0.254132569 -0.041436415 0.966281295 48.970527649
0.962287903 -0.007718191 -0.271923214 -2.481206417 0.018906970 0.999077797 0.038550869 0.198063672 0.271374851 -0.042238288 0.961546421 49.872306824
0.957260251 -0.006511841 -0.289154559 -2.753358364 0.019043554 0.998996139 0.040546946 0.217826381 0.288600206 -0.044320516 0.956423342 50.758415222
0.951950490 -0.005773389 -0.306197584 -3.044761181 0.018921480 0.999020934 0.039989129 0.237068415 0.305666864 -0.043861389 0.951127768 51.634548187
0.946335256 -0.004760426 -0.323151529 -3.343553782 0.017751455 0.999147713 0.037265673 0.256048054 0.322698653 -0.041002240 0.945613205 52.486053467
0.940558195 -0.004604599 -0.339601338 -3.662007332 0.017414542 0.999246657 0.034682609 0.276934206 0.339185715 -0.038535025 0.939929783 53.348178864
0.934677482 -0.001446175 -0.355493814 -3.999094725 0.015264954 0.999232650 0.036070235 0.295733005 0.355168790 -0.039140645 0.933982313 54.206340790
0.928720176 0.002175915 -0.370774806 -4.350870132 0.012863630 0.999191701 0.038084764 0.313723683 0.370557904 -0.040139612 0.927941501 55.056221008
0.922666967 0.004444196 -0.385571986 -4.716248512 0.011689456 0.999151587 0.039489131 0.335146308 0.385420263 -0.040942460 0.921832263 55.912853241
0.916513443 0.005395615 -0.399967313 -5.084848404 0.011458118 0.999144554 0.039734550 0.353931427 0.399839461 -0.041000135 0.915667593 56.734901428
0.910376847 0.008057920 -0.413701534 -5.473478794 0.008826384 0.999204695 0.038885158 0.378667653 0.413685769 -0.039051648 0.909581661 57.564758301
0.904319882 0.011215622 -0.426707953 -5.874741077 0.006504981 0.999176502 0.040048402 0.403105885 0.426805675 -0.038992308 0.903502226 58.386295319
0.898699462 0.013694061 -0.438351214 -6.284957409 0.005385742 0.999092340 0.042253327 0.427610457 0.438531905 -0.040333901 0.897809923 59.209323883
0.893628478 0.018719582 -0.448416948 -6.699062824 0.001434497 0.999005497 0.044563156 0.447150499 0.448805124 -0.040466167 0.892712772 59.999137878
0.889059305 0.024231117 -0.457150310 -7.119563103 -0.004420932 0.999006033 0.044354256 0.472416729 0.457770586 -0.037412547 0.888282597 60.774551392
0.885054708 0.025329852 -0.464797229 -7.539524555 -0.006638852 0.999103606 0.041806187 0.497466624 0.465439528 -0.033915054 0.884429395 61.538291931
0.881765902 0.028026162 -0.470853716 -7.968315125 -0.009957192 0.999116719 0.040822644 0.520403981 0.471581936 -0.031307649 0.881265998 62.306152344
0.878697813 0.032274291 -0.476286054 -8.395383835 -0.013937082 0.999020994 0.041983616 0.542608678 0.477174789 -0.030252883 0.878287256 63.064090729
0.876125157 0.035873163 -0.480746984 -8.823611259 -0.016058872 0.998845696 0.045267425 0.562844872 0.481815994 -0.031939685 0.875689864 63.819534302
0.873636484 0.038097069 -0.485085309 -9.246264458 -0.017437419 0.998740911 0.047033262 0.583250940 0.486266494 -0.032631345 0.873200774 64.559982300
0.871099830 0.039220210 -0.489537179 -9.660758018 -0.018947283 0.998747647 0.046301130 0.606065989 0.490740150 -0.031057518 0.870751977 65.267257690
0.868819475 0.038931664 -0.493595839 -10.075976372 -0.020002732 0.998849750 0.043574367 0.628451228 0.494724602 -0.027985003 0.868598819 65.975288391
0.866290808 0.038225792 -0.498075098 -10.481144905 -0.020443158 0.998945296 0.041109789 0.645469844 0.499121368 -0.025430815 0.866158545 66.668647766
0.863961399 0.038867474 -0.502055526 -10.900883675 -0.021743344 0.998966098 0.039919656 0.664889574 0.503088117 -0.023572685 0.863913298 67.369506836
0.861790597 0.039462980 -0.505726516 -11.313210487 -0.021941246 0.998935938 0.040559933 0.683309793 0.506789088 -0.023857910 0.861739576 68.052764893
0.859629214 0.038522199 -0.509463727 -11.715133667 -0.020344684 0.998943329 0.041205313 0.698608339 0.510512769 -0.025056427 0.859504700 68.718101501
0.857488215 0.039671563 -0.512971520 -12.128879547 -0.021895112 0.998933136 0.040654182 0.716624081 0.514037132 -0.023628928 0.857442141 69.393943787
0.855491042 0.039666608 -0.516295731 -12.537742615 -0.022059523 0.998948097 0.040196255 0.737677515 0.517347097 -0.022998314 0.855466306 70.059371948
0.853639185 0.038436584 -0.519444287 -12.948519707 -0.020297909 0.998970628 0.040562440 0.761230111 0.520468652 -0.024082070 0.853540897 70.720161438
0.851830721 0.039029811 -0.522360682 -13.345980644 -0.021042695 0.998964787 0.040325753 0.776119888 0.523393869 -0.023358855 0.851770401 71.358016968
0.850674033 0.042960778 -0.523934841 -13.766469002 -0.024228908 0.998799920 0.042559326 0.799035370 0.525134444 -0.023509758 0.850694239 72.021354675
0.849566698 0.044507388 -0.525599837 -14.174516678 -0.022024903 0.998557806 0.048956580 0.825786293 0.527020693 -0.030015608 0.849321961 72.668373108
0.848596692 0.044468097 -0.527167797 -14.581537247 -0.017858587 0.998300850 0.055462029 0.852468252 0.528738320 -0.037650436 0.847949207 73.328651428
0.847767949 0.045068391 -0.528448701 -14.989611626 -0.017995069 0.998253405 0.056266632 0.873537242 0.530061483 -0.038191590 0.847098529 73.977119446
0.846766710 0.042968351 -0.530225992 -15.387215614 -0.020409163 0.998622537 0.048332904 0.893885016 0.531572402 -0.030105235 0.846477509 74.590065002
0.845961571 0.037192483 -0.531944931 -15.785274506 -0.020093733 0.999079347 0.037898116 0.924383521 0.532864749 -0.021371599 0.845930278 75.216491699
0.845553577 0.033120137 -0.532862067 -16.178712845 -0.018343743 0.999286652 0.033002712 0.948488057 0.533574998 -0.018130885 0.845558167 75.835304260
0.845698953 0.032267820 -0.532683671 -16.574611664 -0.017625324 0.999314368 0.032552108 0.959660828 0.533368766 -0.018140571 0.845688045 76.453430176
0.845809937 0.034503102 -0.532367170 -16.975753784 -0.020536102 0.999272227 0.032136373 0.974220932 0.533088565 -0.016248528 0.845903158 77.069847107
0.846314728 0.034184951 -0.531584859 -17.370643616 -0.020822966 0.999298692 0.031111110 0.994866133 0.532275736 -0.015260624 0.846433282 77.688362122
0.846934676 0.035191458 -0.530530810 -17.764827728 -0.020570116 0.999228597 0.033443425 1.012306094 0.531298637 -0.017411323 0.847005486 78.310989380
0.847402215 0.037062425 -0.529656172 -18.155059814 -0.019528279 0.999061108 0.038665306 1.026675344 0.530592084 -0.022421796 0.847330511 78.934494019
0.847846866 0.039498031 -0.528767824 -18.543947220 -0.019511953 0.998870075 0.043327611 1.043274999 0.529881895 -0.026417892 0.847659707 79.545883179
0.847731650 0.041088283 -0.528831303 -18.933019638 -0.020821707 0.998804271 0.044225678 1.060865641 0.530016303 -0.026480343 0.847573698 80.161819458
0.847278535 0.040470850 -0.529604495 -19.328844070 -0.022210872 0.998920083 0.040800907 1.078742027 0.530683994 -0.022806762 0.847262681 80.785667419
0.846636057 0.037939321 -0.530817986 -19.731586456 -0.022439091 0.999113083 0.035620358 1.097008705 0.531698763 -0.018246412 0.846736789 81.418495178
0.845820785 0.034877893 -0.532325506 -20.137907028 -0.022337211 0.999300480 0.029982056 1.118314028 0.532998979 -0.013468780 0.846008480 82.051185608
0.844818234 0.035575651 -0.533869147 -20.555223465 -0.024564061 0.999313533 0.027720381 1.137231350 0.534488916 -0.010304688 0.845112443 82.691658020
0.843523026 0.041001912 -0.535525322 -20.985528946 -0.029446449 0.999112308 0.030113887 1.154633880 0.536284804 -0.009632440 0.843981922 83.342552185
0.842057586 0.047365084 -0.537303627 -21.426008224 -0.033565089 0.998807430 0.035445228 1.175887704 0.538341880 -0.011812285 0.842643559 84.005104065
0.840637386 0.050700519 -0.539219677 -21.869716644 -0.034439679 0.998597503 0.040202759 1.195279837 0.540501952 -0.015225397 0.841204822 84.681961060
0.839373708 0.051958799 -0.541065335 -22.319721222 -0.035884712 0.998545825 0.040221669 1.217251778 0.542368710 -0.014345046 0.840017974 85.360527039
0.838123083 0.051825915 -0.543013215 -22.781135559 -0.037537910 0.998595834 0.037368789 1.243487597 0.544187725 -0.010936069 0.838892043 86.054122925
0.836787164 0.051659841 -0.545085371 -23.241220474 -0.039424218 0.998639345 0.034122836 1.269118786 0.546106756 -0.007063993 0.837685645 86.738822937
0.835054874 0.051915709 -0.547711313 -23.715448380 -0.040856965 0.998640239 0.032366134 1.293860793 0.548647106 -0.004649682 0.836040914 87.448890686
0.833730698 0.049125314 -0.549981236 -24.191679001 -0.037834480 0.998775601 0.031858161 1.311691880 0.550873160 -0.005752883 0.834568918 88.160430908
0.832156003 0.046006959 -0.552629411 -24.673334122 -0.034799393 0.998920381 0.030759780 1.329856157 0.553448200 -0.006365777 0.832859039 88.883583069
0.830397487 0.042917561 -0.555515766 -25.161016464 -0.032415770 0.999061048 0.028728768 1.346469998 0.556227326 -0.005848834 0.831009388 89.609886169
0.828589499 0.039517283 -0.558459997 -25.659099579 -0.030210445 0.999207973 0.025881749 1.361360431 0.559040606 -0.004574027 0.829127491 90.342819214
0.826285362 0.038750660 -0.561916888 -26.172599792 -0.030369634 0.999244094 0.024251582 1.379948497 0.562431991 -0.002973523 0.826838017 91.086753845
0.824027836 0.038436439 -0.565243781 -26.688673019 -0.030435564 0.999258101 0.023579504 1.393781185 0.565730870 -0.002226661 0.824586749 91.822998047
0.821711898 0.038478434 -0.568602443 -27.222711563 -0.030361189 0.999256492 0.023745356 1.408413529 0.569093525 -0.002248403 0.822269559 92.575881958
0.819658816 0.040783290 -0.571398199 -27.762054443 -0.032683410 0.999166727 0.024431381 1.422863364 0.571918607 -0.001350163 0.820309103 93.322807312
0.818360388 0.042620253 -0.573122621 -28.307350159 -0.034940485 0.999090970 0.024405926 1.437270403 0.573641956 0.000052332 0.819106042 94.077171326
0.817866325 0.043571685 -0.573755920 -28.856487274 -0.037382618 0.999045432 0.022581201 1.448932409 0.574192286 0.002980087 0.818714917 94.841896057
0.817994118 0.043326709 -0.573592186 -29.416347504 -0.039235767 0.999039054 0.019509397 1.462263227 0.573886454 0.006546749 0.818908572 95.622657776
0.818211257 0.045238141 -0.573134661 -29.972229004 -0.042130500 0.998936594 0.018701322 1.471838355 0.573371410 0.008844810 0.819247663 96.397514343
0.818795621 0.046116397 -0.572229445 -30.536314011 -0.041717302 0.998912275 0.020810321 1.480907917 0.572566867 0.006832460 0.819829345 97.195579529
0.819640160 0.046700850 -0.570971608 -31.107851028 -0.041613325 0.998891830 0.021964559 1.487648964 0.571364760 0.005756982 0.820675790 98.006958008
0.820679367 0.045077160 -0.569607615 -31.674201965 -0.041022185 0.998958528 0.019950826 1.499833941 0.569913864 0.006993307 0.821674407 98.811477661
0.821582317 0.041164480 -0.568601310 -32.243671417 -0.038631473 0.999116600 0.016512748 1.516649604 0.568778813 0.008399313 0.822447300 99.626113892
0.822151959 0.039070554 -0.567925215 -32.813247681 -0.037264742 0.999195397 0.014793902 1.522692680 0.568046451 0.009000743 0.822946966 100.439842224
0.822959065 0.035202973 -0.567008495 -33.378204346 -0.034695216 0.999329090 0.011686963 1.525562644 0.567039669 0.010054581 0.823628783 101.260627747
0.823746145 0.029694481 -0.566180229 -33.939666748 -0.030956274 0.999493003 0.007381585 1.522812843 0.566112459 0.011446272 0.824248195 102.075965881
0.824192941 0.031993389 -0.565404296 -34.519607544 -0.034573399 0.999382734 0.006152207 1.524099708 0.565252185 0.014477339 0.824790776 102.907875061
0.824964821 0.037143871 -0.563961864 -35.101657867 -0.036828969 0.999249756 0.011939444 1.521019697 0.563982368 0.010920510 0.825714350 103.736114502
0.825210989 0.048336461 -0.562752128 -35.680038452 -0.041223884 0.998827934 0.025342237 1.523795485 0.563317657 0.002286125 0.826236963 104.564704895
0.826159298 0.055460516 -0.560699940 -36.267173767 -0.043715343 0.998452842 0.034347896 1.537963748 0.561737478 -0.003865663 0.827306211 105.407020569
0.826901376 0.061284810 -0.558997095 -36.844459534 -0.048476614 0.998111308 0.037716981 1.564642310 0.560252905 -0.004089961 0.828311205 106.235702515
0.827506900 0.061177809 -0.558112025 -37.420860291 -0.049492657 0.998123884 0.036027726 1.589829326 0.559269190 -0.002190766 0.828982949 107.077217102
0.828527570 0.052918993 -0.557441533 -37.991191864 -0.040956758 0.998584211 0.033923302 1.619843721 0.558447659 -0.005275414 0.829522669 107.933547974
0.828644335 0.050316449 -0.557509005 -38.567115784 -0.040971074 0.998731613 0.029241100 1.640602469 0.558273435 -0.001388744 0.829655528 108.784095764
0.829275668 0.047277223 -0.556835890 -39.139175415 -0.041712277 0.998871326 0.022686906 1.655017257 0.557280183 0.004413183 0.830312431 109.616302490
0.830292106 0.044275355 -0.555566549 -39.709877014 -0.042314917 0.998969376 0.016372446 1.665078759 0.555719018 0.009914833 0.831310689 110.464653015
0.830575705 0.048637036 -0.554777324 -40.286762238 -0.047022626 0.998745620 0.017160356 1.666230917 0.554916203 0.011834105 0.831821680 111.309600830
0.831084967 0.055082325 -0.553410470 -40.877513885 -0.051271852 0.998433113 0.022378966 1.672937155 0.553776205 0.009775545 0.832607806 112.168960571
0.832052767 0.056291327 -0.551832378 -41.459293365 -0.046247341 0.998412848 0.032114398 1.689690709 0.552764475 -0.001200114 0.833336353 113.040718079
0.832572460 0.059368763 -0.550724924 -42.033779144 -0.043629926 0.998178542 0.041646130 1.715090156 0.552194536 -0.010645362 0.833647072 113.896995544
0.832916200 0.057646021 -0.550388098 -42.603549957 -0.039778255 0.998222768 0.044353500 1.743512630 0.551966965 -0.015049301 0.833729863 114.754081726
0.833105981 0.052725766 -0.550594151 -43.177864075 -0.036499497 0.998516083 0.040392004 1.770491362 0.551907122 -0.013554440 0.833795130 115.610771179
0.833525896 0.046053354 -0.550557196 -43.755744934 -0.033288956 0.998894632 0.033157799 1.790139914 0.551475942 -0.009310434 0.834138572 116.467102051
0.832845569 0.046156768 -0.551577091 -44.333034515 -0.037193786 0.998930514 0.027431786 1.806151032 0.552253604 -0.002331221 0.833672583 117.325592041
0.833098114 0.045945760 -0.551213264 -44.907581329 -0.039740685 0.998939693 0.023201855 1.819438577 0.551695049 0.002576158 0.834041595 118.170913696
0.832704008 0.046566516 -0.551756442 -45.483867645 -0.042303115 0.998894393 0.020460254 1.832405329 0.552099407 0.006303671 0.833754182 119.028297424
0.832540751 0.049133338 -0.551780224 -46.061706543 -0.043902170 0.998777092 0.022695495 1.846753120 0.552220762 0.005329416 0.833680570 119.882461548
0.832520604 0.052411851 -0.551508904 -46.635837555 -0.042285480 0.998621404 0.031071275 1.858006001 0.552377284 -0.002546679 0.833590031 120.742904663
0.832485437 0.055333029 -0.551276624 -47.216537476 -0.042121675 0.998440623 0.036607914 1.875957608 0.552442849 -0.007254886 0.833518863 121.606407166
0.832436442 0.054146584 -0.551468372 -47.789928436 -0.038994536 0.998470247 0.039174139 1.900390387 0.552746177 -0.011105758 0.833275318 122.467758179
0.831946909 0.052230176 -0.552391231 -48.363094330 -0.038413819 0.998591721 0.036565363 1.923547626 0.553523362 -0.009201013 0.832782507 123.326599121
0.831889927 0.048177931 -0.552845120 -48.938926697 -0.035583630 0.998804212 0.033497050 1.947122335 0.553798079 -0.008193646 0.832610369 124.182426453
0.831433654 0.046060547 -0.553711236 -49.514541626 -0.034076534 0.998908222 0.031926211 1.970363736 0.554577470 -0.007675990 0.832096398 125.040359497
0.830904067 0.048815232 -0.554269910 -50.099617004 -0.035052605 0.998756886 0.035414536 1.994288445 0.555309892 -0.009997506 0.831583142 125.899589539
0.830506265 0.050959658 -0.554672956 -50.674011230 -0.034800466 0.998606920 0.039638989 2.016256094 0.555920482 -0.013617584 0.831123650 126.749198914
0.829809368 0.053376615 -0.555487990 -51.257808685 -0.037655845 0.998501182 0.039693829 2.041399479 0.556774318 -0.012020973 0.830576539 127.597686768
0.829217911 0.055018369 -0.556210577 -51.830940247 -0.042936359 0.998472214 0.034754325 2.065911531 0.557273149 -0.004937274 0.830314279 128.423385620
0.828959286 0.054334290 -0.556663156 -52.410667419 -0.044326726 0.998520911 0.031453282 2.094356775 0.557549000 -0.001398455 0.830142617 129.278427124
0.828731179 0.055918448 -0.556845844 -52.992809296 -0.045233168 0.998432219 0.032943852 2.113720179 0.557815254 -0.002113719 0.829962254 130.126556396
0.828385055 0.057652436 -0.557183921 -53.578598022 -0.044874366 0.998321831 0.036581147 2.134822130 0.558358073 -0.005300025 0.829582930 130.992385864
0.827820241 0.057091244 -0.558080435 -54.153198242 -0.044699501 0.998356998 0.035826903 2.156948566 0.559209168 -0.004712341 0.829012990 131.845321655
0.827930033 0.053371709 -0.558285654 -54.723560333 -0.040837564 0.998555303 0.034899622 2.176753998 0.559341967 -0.006095448 0.828914344 132.696945190
0.827604592 0.054172311 -0.558690846 -55.295021057 -0.041205268 0.998509049 0.035779830 2.198300362 0.559796393 -0.006590573 0.828603745 133.534149170
0.827411532 0.056205079 -0.558775961 -55.871936798 -0.043050323 0.998398542 0.036677901 2.216969490 0.559942901 -0.006292260 0.828507066 134.370391846
0.826607943 0.057031356 -0.559880555 -56.440780640 -0.044720508 0.998361588 0.035671156 2.236366987 0.560998023 -0.004447937 0.827804983 135.206817627
0.826098323 0.057732634 -0.560560465 -57.011577606 -0.045487251 0.998322964 0.035783596 2.257960558 0.561686695 -0.004062431 0.827339828 136.031280518
0.825871050 0.061242823 -0.560522854 -57.587223053 -0.046767805 0.998097956 0.040144932 2.279138327 0.561915755 -0.006940131 0.827165186 136.854675293
0.825724840 0.063551150 -0.560481250 -58.165523529 -0.048489146 0.997951269 0.041718166 2.297481060 0.561984718 -0.007270485 0.827115536 137.677276611
0.825439751 0.062024228 -0.561071873 -58.724864960 -0.048394639 0.998060584 0.039134141 2.321571112 0.562411487 -0.005150020 0.826841295 138.492202759
0.824963808 0.060249284 -0.561964571 -59.278564453 -0.048862778 0.998181224 0.035286330 2.348088264 0.563068986 -0.001650809 0.826408148 139.305740356
0.824922919 0.060827963 -0.561962247 -59.836467743 -0.049212065 0.998145759 0.035801336 2.369399548 0.563098431 -0.001878036 0.826387584 140.113525391
0.824516833 0.066322595 -0.561936498 -60.401649475 -0.053658508 0.997795403 0.039032914 2.391144037 0.563286901 -0.002030638 0.826258719 140.917327881
0.824654162 0.067269422 -0.561622381 -60.963939667 -0.054227985 0.997731090 0.039879914 2.414664268 0.563031316 -0.002431500 0.826431811 141.718032837
0.824407697 0.064227022 -0.562339962 -61.514698029 -0.052632224 0.997934163 0.036817450 2.436173677 0.563543499 -0.000755397 0.826085925 142.513549805
0.824309468 0.060335778 -0.562914610 -62.057468414 -0.050416127 0.998176694 0.033161826 2.459692955 0.563889682 0.001044360 0.825849354 143.307296753
0.824250340 0.058300264 -0.563215554 -62.600017548 -0.048862007 0.998297393 0.031828795 2.478449345 0.564112842 0.001284945 0.825696588 144.094421387
0.824298739 0.056087699 -0.563369453 -63.139999390 -0.045150138 0.998422861 0.033338748 2.493991137 0.564351439 -0.002044884 0.825531960 144.878479004
0.824341834 0.054887168 -0.563424706 -63.671485901 -0.042707354 0.998481035 0.034784298 2.508369684 0.564478695 -0.004611783 0.825434566 145.644805908
0.824594080 0.053775534 -0.563162744 -64.203323364 -0.040464181 0.998527825 0.036099397 2.525542498 0.564275563 -0.006979441 0.825556874 146.423660278
0.825369418 0.053196482 -0.562080801 -64.735260010 -0.038154520 0.998529971 0.038476139 2.547455072 0.563301921 -0.010311118 0.826186597 147.187957764
0.825575769 0.054234326 -0.561678410 -65.256752014 -0.038451791 0.998463035 0.039891317 2.565284729 0.562979281 -0.011335778 0.826393068 147.949844360
0.825998366 0.051946174 -0.561273277 -65.763381958 -0.037659571 0.998604536 0.036999688 2.583659172 0.562412739 -0.009424385 0.826802790 148.694000244
0.826663971 0.048483454 -0.560602784 -66.268272400 -0.036479283 0.998802006 0.032588601 2.601766825 0.561511934 -0.006489446 0.827443063 149.428909302
0.827780426 0.050076313 -0.558812499 -66.769416809 -0.038612101 0.998731136 0.032301415 2.622334242 0.559721649 -0.005161567 0.828664482 150.158660889
0.829218745 0.055478975 -0.556163430 -67.273963928 -0.042418439 0.998437405 0.036352843 2.641690254 0.557311893 -0.006552891 0.830277264 150.884994507
0.831320286 0.056589782 -0.552904725 -67.763870239 -0.042576838 0.998362958 0.038165994 2.657132864 0.554160118 -0.008187247 0.832369745 151.599868774
0.833861232 0.056207065 -0.549104393 -68.232604980 -0.043478690 0.998398304 0.036171358 2.671062708 0.550258696 -0.006287567 0.834970474 152.305038452
0.837275028 0.056487057 -0.543855786 -68.692337036 -0.044017553 0.998383403 0.035930388 2.692949772 0.545006931 -0.006144430 0.838408947 152.998138428
0.841038823 0.058179364 -0.537836611 -69.178138733 -0.043290585 0.998248816 0.040288124 2.713666916 0.539239526 -0.010600632 0.842085660 153.703918457
0.845109105 0.056833208 -0.531563759 -69.616569519 -0.040262382 0.998274386 0.042721190 2.729288101 0.533075273 -0.014702064 0.845940053 154.387496948
0.849589944 0.052614339 -0.524812400 -70.017929077 -0.036918536 0.998502731 0.040338133 2.740100622 0.526149869 -0.014895589 0.850261390 155.044616699
0.853886366 0.049036618 -0.518143713 -70.390396118 -0.035688091 0.998723865 0.035705302 2.753279209 0.519234300 -0.011996727 0.854547799 155.682693481
0.859048486 0.044448908 -0.509960175 -70.766197205 -0.031741716 0.998930156 0.033598106 2.766529799 0.510908961 -0.012675411 0.859541476 156.311828613
0.864010811 0.041133229 -0.501789689 -71.122375488 -0.028086705 0.999041736 0.033533201 2.778995514 0.502689123 -0.014879453 0.864339352 156.933151245
0.869187355 0.037364449 -0.493068784 -71.463714600 -0.023564011 0.999136925 0.034175113 2.787331581 0.493921071 -0.018085929 0.869318783 157.548156738
0.874483168 0.034930613 -0.483796000 -71.785812378 -0.020476380 0.999171853 0.035129391 2.796670675 0.484623402 -0.020813705 0.874475420 158.148895264
0.879383564 0.031665545 -0.475059420 -72.087142944 -0.017320676 0.999251962 0.034543809 2.803894043 0.475798875 -0.022148943 0.879275382 158.729141235
0.884337127 0.027871124 -0.466015756 -72.379760742 -0.015058052 0.999398708 0.031196350 2.804979563 0.466605991 -0.020570833 0.884226203 159.292373657
0.889512360 0.026041679 -0.456168026 -72.663688660 -0.014775574 0.999490678 0.028247001 2.813701153 0.456672221 -0.018385939 0.889445186 159.853393555
0.893972635 0.022896700 -0.447535783 -72.930404663 -0.013295874 0.999608278 0.024582617 2.817409992 0.447924286 -0.016025834 0.893928051 160.400146484
0.898000479 0.019773733 -0.439549476 -73.185302734 -0.011526592 0.999702930 0.021424191 2.819472075 0.439843476 -0.014172452 0.897962809 160.935974121
0.902153730 0.021445332 -0.430880755 -73.441215515 -0.014046066 0.999693215 0.020346837 2.819507122 0.431185812 -0.012303819 0.902179480 161.470062256
0.905477107 0.028023165 -0.423468292 -73.697319031 -0.022184528 0.999577641 0.018711586 2.819479942 0.423814714 -0.007548481 0.905717731 161.994094849
0.908194244 0.028274398 -0.417592198 -73.943885803 -0.023844406 0.999589324 0.015822740 2.818065166 0.417868972 -0.004412892 0.908496857 162.514755249
0.909731388 0.028161598 -0.414240599 -74.179351807 -0.023268452 0.999585986 0.016854743 2.819062233 0.414544642 -0.005694561 0.910011470 163.035034180
0.910396159 0.026910631 -0.412861139 -74.417289734 -0.020019498 0.999577641 0.021008551 2.820915461 0.413252980 -0.010860849 0.910551846 163.561691284
0.909522057 0.030528191 -0.414532691 -74.658645630 -0.022789165 0.999460399 0.023603670 2.821503162 0.415030509 -0.012021225 0.909728467 164.062728882
0.907442927 0.033818319 -0.418811798 -74.893013000 -0.025896307 0.999361038 0.024586963 2.821786165 0.419376612 -0.011465603 0.907740355 164.549514771
0.903361380 0.032654729 -0.427634895 -75.139427185 -0.025394760 0.999419153 0.022671537 2.823956490 0.428127795 -0.009620921 0.903667390 165.044540405
0.896713257 0.026944088 -0.441790760 -75.387100220 -0.020644899 0.999603868 0.019060802 2.830031872 0.442130357 -0.007971359 0.896915734 165.535018921
0.887301028 0.018034890 -0.460837513 -75.643089294 -0.011858753 0.999795616 0.016294133 2.838139057 0.461038232 -0.008992861 0.887335122 166.016113281
0.874927998 0.015119843 -0.484016508 -75.918251038 -0.008441706 0.999835491 0.015973626 2.839839458 0.484179497 -0.009889866 0.874913275 166.487197876
0.859408677 0.019292131 -0.510924757 -76.205024719 -0.011524731 0.999763608 0.018365026 2.840159178 0.511159480 -0.009894811 0.859429419 166.922760010
0.841475368 0.024647119 -0.539732635 -76.514930725 -0.015377015 0.999645412 0.021675605 2.843572855 0.540076792 -0.009940028 0.841557562 167.360260010
0.822305560 0.030688679 -0.568217754 -76.858818054 -0.019066053 0.999468565 0.026388269 2.856121063 0.568726957 -0.010865570 0.822455168 167.804946899
0.801156759 0.034433898 -0.597462773 -77.225845337 -0.017628940 0.999266624 0.033952132 2.874147415 0.598195076 -0.016668374 0.801177680 168.256744385
0.777732670 0.040649623 -0.627279103 -77.608985901 -0.016802201 0.998893321 0.043899193 2.885567904 0.628370821 -0.023602210 0.777556360 168.693923950
0.752611518 0.046145871 -0.656845510 -78.016967773 -0.020130998 0.998686135 0.047095481 2.897325277 0.658157229 -0.022221686 0.752553046 169.112411499
0.725996852 0.047051482 -0.686086178 -78.445831299 -0.022529164 0.998747051 0.044653948 2.912331581 0.687329113 -0.016961705 0.726148546 169.517791748
0.696833670 0.043076079 -0.715937674 -78.885520935 -0.022759048 0.999018788 0.037956614 2.932272196 0.716871798 -0.010155400 0.697131515 169.912216187
0.665991902 0.037469387 -0.745016992 -79.350631714 -0.020053321 0.999274611 0.032330655 2.957666159 0.745689690 -0.006591897 0.666261315 170.302185059
0.634174466 0.042068828 -0.772044301 -79.843612671 -0.024255961 0.999108255 0.034517229 2.985252380 0.772809744 -0.003163267 0.634630442 170.670730591
0.600738347 0.050341580 -0.797858715 -80.352416992 -0.026783409 0.998721004 0.042848941 3.002571583 0.798997223 -0.004371629 0.601319373 171.031356812
0.567260206 0.055181168 -0.821687400 -80.893234253 -0.026765270 0.998459399 0.048574805 3.021162271 0.823103845 -0.005561875 0.567864239 171.373107910
0.532555699 0.054877207 -0.844613612 -81.454902649 -0.026789501 0.998487353 0.047983259 3.037620783 0.845971167 -0.002926982 0.533221245 171.694335938
0.494948626 0.050027426 -0.867480516 -82.030418396 -0.023640268 0.998745501 0.044109311 3.075577736 0.868600905 -0.001324369 0.495511234 172.016479492
0.456200242 0.046687525 -0.888651192 -82.629142761 -0.020875478 0.998907983 0.041763470 3.112235069 0.889632523 -0.000501482 0.456677496 172.308914185
0.416332930 0.046683129 -0.908012629 -83.242187500 -0.019117674 0.998908281 0.042590659 3.140009165 0.909011483 -0.000372800 0.416771591 172.571517944
0.375445217 0.049517740 -0.925520539 -83.893661499 -0.017913736 0.998771548 0.046170011 3.168090582 0.926671684 -0.000754773 0.375871658 172.816680908
0.333157301 0.050644547 -0.941509783 -84.542518616 -0.016209139 0.998715043 0.047986001 3.201527834 0.942732155 -0.000725820 0.333550632 173.027282715
0.291163921 0.051602028 -0.955280125 -85.223861694 -0.016313221 0.998665392 0.048973437 3.236500978 0.956534326 0.001324406 0.291617602 173.220001221
0.250592351 0.054930504 -0.966532707 -85.919204712 -0.018144976 0.998478532 0.052041650 3.267009735 0.967922926 0.004496490 0.251208186 173.376892090
0.211989313 0.054148458 -0.975770354 -86.623168945 -0.019210810 0.998500288 0.051236216 3.297438860 0.977083445 0.007883832 0.212711945 173.508102417
0.174146011 0.052170102 -0.983336568 -87.342132568 -0.016603729 0.998607695 0.050039846 3.327164650 0.984580100 0.007612834 0.174770027 173.623748779
0.138831913 0.050771099 -0.989013314 -88.065238953 -0.015229079 0.998674810 0.049129322 3.360469341 0.990199089 0.008241065 0.139421314 173.706771851
0.106357455 0.048531264 -0.993142545 -88.796340942 -0.008883704 0.998813152 0.047857013 3.394764662 0.994288445 0.003732846 0.106662482 173.772201538
0.074841276 0.046262305 -0.996121407 -89.541999817 -0.007385264 0.998920023 0.045837428 3.425739050 0.997168243 0.003926100 0.075102165 173.814102173
0.045373540 0.041087329 -0.998124421 -90.300071716 0.000301920 0.999151587 0.041143361 3.450774193 0.998970151 -0.002168174 0.045322634 173.842742920
0.016195331 0.035532638 -0.999236941 -91.068687439 0.006039834 0.999345005 0.035634398 3.479579926 0.999850750 -0.006612347 0.015970046 173.850479126
-0.011695528 0.034653295 -0.999330580 -91.830802917 0.015008026 0.999291182 0.034476306 3.503527641 0.999819160 -0.014594788 -0.012207443 173.841873169
-0.037034065 0.035366017 -0.998687625 -92.605728149 0.018349428 0.999227524 0.034704711 3.523513079 0.999145746 -0.017040122 -0.037654582 173.801422119
-0.060019575 0.037979510 -0.997474074 -93.397865295 0.022977885 0.999062061 0.036657382 3.541368484 0.997932911 -0.020719724 -0.060836203 173.746093750
-0.079329267 0.039171580 -0.996078193 -94.201782227 0.027316289 0.998936176 0.037108488 3.565640688 0.996474326 -0.024265416 -0.080315180 173.675460815
-0.094408959 0.043648928 -0.994575799 -95.014686584 0.028744727 0.998739660 0.041103140 3.592774630 0.995118618 -0.024708353 -0.095544964 173.591232300
-0.107389666 0.046805073 -0.993114293 -95.832511902 0.028295048 0.998628795 0.044005334 3.615826607 0.993814528 -0.023374543 -0.108567104 173.491607666
-0.118906513 0.047770213 -0.991755307 -96.657646179 0.031356379 0.998522699 0.044336736 3.639851332 0.992410421 -0.025825977 -0.120229125 173.390213013
-0.129619375 0.042588938 -0.990648389 -97.468078613 0.033224903 0.998700976 0.038587905 3.666630983 0.991007268 -0.027912509 -0.130866408 173.281341553
-0.138426527 0.038150981 -0.989637136 -98.287132263 0.031301547 0.998925328 0.034130730 3.693456173 0.989878178 -0.026252626 -0.139472380 173.155746460
-0.146698684 0.038492601 -0.988431513 -99.115921021 0.026447587 0.999036193 0.034980368 3.718873978 0.988827825 -0.021010092 -0.147575781 173.020080566
-0.152951330 0.041037899 -0.987380862 -99.968955994 0.023948124 0.998996139 0.037810970 3.737476110 0.987943709 -0.017862711 -0.153781027 172.877273560
-0.157145679 0.041643102 -0.986696661 -100.831405640 0.023595853 0.998981953 0.038403641 3.760372877 0.987293780 -0.017247012 -0.157968760 172.732513428
-0.160358995 0.040849179 -0.986212671 -101.702186584 0.022318581 0.999036193 0.037751332 3.785684109 0.986806691 -0.015957130 -0.161116600 172.584457397
-0.163863108 0.037660941 -0.985763431 -102.579269409 0.019611940 0.999196112 0.034914069 3.809224367 0.986288369 -0.013611631 -0.164470464 172.430236816
-0.166025817 0.035201039 -0.985492349 -103.472885132 0.020719694 0.999264836 0.032202352 3.831052542 0.985903978 -0.015072708 -0.166633591 172.273834229
-0.168828622 0.033804305 -0.985064983 -104.373443604 0.020479789 0.999314547 0.030783320 3.856569290 0.985432923 -0.014976848 -0.169405669 172.114318848
-0.169351205 0.032053433 -0.985033751 -105.285171509 0.020669734 0.999364913 0.028966157 3.874233484 0.985339224 -0.015454965 -0.169906676 171.950302124
-0.170105770 0.028909510 -0.985001028 -106.198829651 0.018638238 0.999483407 0.026115824 3.892199755 0.985249817 -0.013916260 -0.170557201 171.784301758
-0.170215696 0.027414499 -0.985024750 -107.124145508 0.017302576 0.999540210 0.024828548 3.914880514 0.985255182 -0.012817283 -0.170612261 171.616546631
-0.170458034 0.033087447 -0.984808624 -108.055076599 0.019796873 0.999347568 0.030149346 3.930778027 0.985166311 -0.014356961 -0.171002343 171.459579468
-0.170549050 0.038284168 -0.984604537 -108.983955383 0.021908337 0.999143422 0.035054628 3.946932793 0.985105932 -0.015592545 -0.171242207 171.305252075
-0.169470564 0.040458731 -0.984703779 -109.923126221 0.022331199 0.999056280 0.037205186 3.970046759 0.985282481 -0.015684463 -0.170214623 171.140182495
