1.000000000 0.000000000 0.000000000 0.000000000 0.000000000 1.000000000 0.000000000 0.000000000 0.000000000 0.000000000 1.000000000 0.000000000
0.999984145 -0.000103915 -0.005629158 -0.011388226 -0.000047344 0.999639094 -0.026863912 -0.000517357 0.005629919 0.026863752 0.999623239 0.762834370
0.999956071 -0.002027305 -0.009153301 -0.018724702 0.001687118 0.999312997 -0.037021417 -0.009270877 0.009222067 0.037004348 0.999272525 1.549891472
0.999923110 -0.002166557 -0.012210043 -0.034558441 0.001839105 0.999639988 -0.026766000 -0.038737547 0.012263638 0.026741482 0.999567151 2.362892628
0.999878049 -0.000691364 -0.015603960 -0.056626797 0.000469105 0.999898374 -0.014242906 -0.072325662 0.015612222 0.014233844 0.999776781 3.176034451
0.999833465 0.000473468 -0.018243797 -0.079929464 -0.000660460 0.999947250 -0.010244910 -0.099326357 0.018237986 0.010255248 0.999781013 3.995871305
0.999824345 -0.000370973 -0.018739155 -0.098318256 0.000123316 0.999912620 -0.013215424 -0.119760439 0.018742420 0.013210788 0.999737024 4.816165447
0.999830723 -0.000563325 -0.018390866 -0.115118325 0.000264224 0.999867678 -0.016261937 -0.140474617 0.018397592 0.016254321 0.999698579 5.637318611
0.999841034 -0.000582082 -0.017820828 -0.135834247 0.000280479 0.999856710 -0.016921980 -0.163371310 0.017828124 0.016914288 0.999697983 6.463208675
0.999842405 -0.000587190 -0.017745219 -0.156432033 0.000303378 0.999872029 -0.015992140 -0.188461393 0.017752338 0.015984232 0.999714673 7.306055069
0.999845326 -0.001368719 -0.017534651 -0.177044317 0.001099318 0.999881268 -0.015364327 -0.212284252 0.017553600 0.015342668 0.999728203 8.150341988
0.999846458 -0.001822316 -0.017428488 -0.195432901 0.001544086 0.999871254 -0.015964180 -0.236225218 0.017455338 0.015934810 0.999720693 9.009354591
0.999840915 -0.002263634 -0.017694220 -0.218978405 0.001966730 0.999857187 -0.016779151 -0.261918366 0.017729677 0.016741673 0.999702692 9.869214058
0.999835908 -0.002406101 -0.017955029 -0.247115433 0.002095987 0.999848604 -0.017270533 -0.286628515 0.017993866 0.017230058 0.999689639 10.734636307
0.999833763 -0.002597502 -0.018050307 -0.276120603 0.002297055 0.999858737 -0.016645769 -0.314087361 0.018090995 0.016601529 0.999698520 11.609965324
0.999831438 -0.002138547 -0.018237958 -0.297584057 0.001853064 0.999875665 -0.015655799 -0.340740204 0.018269172 0.015619355 0.999711096 12.492447853
0.999836087 -0.001933827 -0.018003562 -0.315543056 0.001650129 0.999874413 -0.015759375 -0.367843777 0.018031780 0.015727077 0.999713719 13.400918007
0.999841392 -0.002469511 -0.017641185 -0.339085430 0.002176565 0.999859750 -0.016605671 -0.395262361 0.017679721 0.016564636 0.999706507 14.303256989
0.999846578 -0.002148756 -0.017384967 -0.363203347 0.001837595 0.999838233 -0.017894475 -0.419289023 0.017420609 0.017859777 0.999688804 15.215002060
0.999847829 -0.002467104 -0.017271314 -0.387869209 0.002149320 0.999828517 -0.018393932 -0.447306573 0.017313736 0.018354004 0.999681711 16.145259857
0.999835134 -0.003257094 -0.017867077 -0.408255666 0.002932518 0.999830723 -0.018162381 -0.476878732 0.017923215 0.018106980 0.999675512 17.089004517
0.999805152 -0.005815553 -0.018866960 -0.426854908 0.005474579 0.999821663 -0.018074054 -0.505623102 0.018968713 0.017967233 0.999658763 18.029027939
0.999777794 -0.006230028 -0.020140860 -0.453047276 0.005869343 0.999822259 -0.017917838 -0.535070240 0.020248916 0.017795634 0.999636710 18.978498459
0.999743938 -0.007892348 -0.021209989 -0.476167291 0.007512281 0.999810874 -0.017939458 -0.560598731 0.021347571 0.017775521 0.999614179 19.940946579
0.999704063 -0.009055557 -0.022580672 -0.503439248 0.008649986 0.999800682 -0.017994341 -0.590684056 0.022739131 0.017793685 0.999583185 20.918445587
0.999653459 -0.010704591 -0.024052117 -0.529387295 0.010286386 0.999794960 -0.017444344 -0.622275233 0.024233932 0.017190881 0.999558568 21.899164200
0.999596357 -0.011671931 -0.025904166 -0.563981593 0.011235187 0.999793410 -0.016941940 -0.650830448 0.026096569 0.016644053 0.999520898 22.892194748
0.999538898 -0.011071070 -0.028276432 -0.601079226 0.010640024 0.999825597 -0.015349229 -0.679105759 0.028441446 0.015041279 0.999482274 23.902210236
0.999455631 -0.009594293 -0.031568803 -0.644978821 0.009141760 0.999853849 -0.014448062 -0.706486881 0.031702820 0.014151591 0.999397099 24.925968170
0.999325871 -0.010040396 -0.035315003 -0.692457974 0.009491957 0.999832273 -0.015663447 -0.733742297 0.035466358 0.015317668 0.999253452 25.955379486
0.999155045 -0.008850312 -0.040137772 -0.743878543 0.008051139 0.999767005 -0.020028867 -0.760924160 0.040305689 0.019688778 0.998993337 27.003036499
0.998910546 -0.008659918 -0.045857452 -0.802634835 0.007641615 0.999721348 -0.022334762 -0.791442513 0.046038099 0.021959992 0.998698175 28.056991577
0.998587847 -0.009996861 -0.052178431 -0.862289965 0.008975063 0.999764085 -0.019780498 -0.823937953 0.052363869 0.019284248 0.998441815 29.105154037
0.998311818 -0.009631077 -0.057279669 -0.936112225 0.008718292 0.999831319 -0.016164217 -0.857314587 0.057425693 0.015637536 0.998227298 30.189393997
0.998073339 -0.009891642 -0.061252981 -1.011622787 0.008986597 0.999846578 -0.015033466 -0.887288392 0.061392300 0.014454032 0.998009026 31.283092499
0.997948170 -0.007508470 -0.063586615 -1.094017148 0.006556312 0.999863446 -0.015169665 -0.918213069 0.063691840 0.014721633 0.997860968 32.389080048
0.997908473 -0.006286283 -0.064337872 -1.172971487 0.005389190 0.999885917 -0.014107550 -0.950251997 0.064419225 0.013731303 0.997828424 33.505645752
0.997909904 -0.005216040 -0.064410821 -1.254259825 0.004408836 0.999910057 -0.012667922 -0.983449280 0.064471111 0.012357456 0.997843027 34.619449615
0.997954726 -0.004409384 -0.063773610 -1.332413554 0.003652979 0.999921620 -0.011972534 -1.015130639 0.063821420 0.011715071 0.997892559 35.725940704
0.998008668 -0.004818693 -0.062893048 -1.408674836 0.004064746 0.999918342 -0.012110228 -1.047679543 0.062946290 0.011830456 0.997946739 36.834609985
0.998076439 -0.005289647 -0.061769489 -1.485732317 0.004518014 0.999909997 -0.012625171 -1.080322146 0.061830740 0.012321798 0.998010516 37.945392609
0.998147488 -0.006483024 -0.060495164 -1.554783821 0.005697366 0.999897182 -0.013150624 -1.114099503 0.060574230 0.012781586 0.998081803 39.053142548
0.998217762 -0.007138099 -0.059249323 -1.617300630 0.006361732 0.999891400 -0.013281723 -1.147534847 0.059337724 0.012881109 0.998154819 40.153160095
0.998297930 -0.007512800 -0.057835095 -1.687526464 0.006772806 0.999892652 -0.012980331 -1.179299951 0.057926435 0.012566517 0.998241723 41.267688751
0.998374283 -0.007709195 -0.056475144 -1.757823706 0.007008831 0.999895990 -0.012588917 -1.211086154 0.056566358 0.012172612 0.998324573 42.379386902
0.998450339 -0.008062200 -0.055063456 -1.827648044 0.007367726 0.999890685 -0.012803657 -1.243671298 0.055160698 0.012378110 0.998400688 43.486072540
0.998490691 -0.008374300 -0.054279011 -1.894672394 0.007680081 0.999886036 -0.012985863 -1.275502205 0.054381602 0.012549383 0.998441339 44.591991425
0.998526752 -0.008725782 -0.053554598 -1.958211064 0.008049886 0.999885261 -0.012823502 -1.309381485 0.053660374 0.012373488 0.998482525 45.687717438
0.998547375 -0.009269582 -0.053076938 -2.021677971 0.008589356 0.999878109 -0.013029721 -1.342674851 0.053191278 0.012554884 0.998505354 46.783882141
0.998565555 -0.008949548 -0.052788388 -2.077657700 0.008252756 0.999876022 -0.013403048 -1.378583312 0.052901823 0.012948160 0.998515725 47.876106262
0.998599648 -0.009061450 -0.052119814 -2.141062021 0.008389070 0.999878824 -0.013105105 -1.409643173 0.052232284 0.012649504 0.998554766 48.978797913
0.998618007 -0.009535098 -0.051681593 -2.203150749 0.008877363 0.999876738 -0.012941407 -1.442265511 0.051798657 0.012464714 0.998579681 50.069526672
0.998648047 -0.009183024 -0.051162858 -2.265528440 0.008509276 0.999874294 -0.013371091 -1.477190256 0.051279251 0.012917643 0.998600721 51.162403107
0.998662174 -0.009713717 -0.050788380 -2.329100847 0.009001375 0.999858022 -0.014235758 -1.510769248 0.050919492 0.013759536 0.998607934 52.256153107
0.998649001 -0.010158371 -0.050959323 -2.391550303 0.009469539 0.999860644 -0.013740668 -1.542603135 0.051091842 0.013239531 0.998606205 53.339546204
0.998558402 -0.011298331 -0.052471597 -2.455919266 0.010650082 0.999863565 -0.012617583 -1.575011849 0.052607033 0.012040555 0.998542666 54.421432495
0.998371303 -0.013169541 -0.055508252 -2.521176100 0.012490550 0.999842942 -0.012561556 -1.610167027 0.055665005 0.011847757 0.998379111 55.498310089
0.998063385 -0.016319668 -0.060024984 -2.588358879 0.015516256 0.999783874 -0.013826533 -1.645018220 0.060237698 0.012868382 0.998100996 56.571971893
0.997631013 -0.018768407 -0.066181481 -2.662227154 0.017755814 0.999716461 -0.015855508 -1.678993940 0.066460341 0.014642829 0.997681499 57.643852234
0.997064888 -0.021678749 -0.073426522 -2.739789724 0.020475080 0.999643862 -0.017106229 -1.717051387 0.073771253 0.015552596 0.997153759 58.706005096
0.996513307 -0.021794362 -0.080535553 -2.831259727 0.020575639 0.999661207 -0.015931861 -1.754604816 0.080855526 0.014219232 0.996624231 59.771743774
0.996044338 -0.020121641 -0.086547606 -2.931103468 0.019008409 0.999725759 -0.013667688 -1.790039301 0.086798921 0.011968480 0.996153772 60.834621429
0.995737076 -0.016512837 -0.090745255 -3.041271925 0.015387529 0.999795794 -0.013086461 -1.823642015 0.090942860 0.011634319 0.995787978 61.889270782
0.995546401 -0.014743446 -0.093110695 -3.150655031 0.013480050 0.999808371 -0.014183193 -1.855903387 0.093301989 0.012864882 0.995554566 62.940902710
0.995492816 -0.012615292 -0.093991503 -3.258960009 0.011100457 0.999800086 -0.016622186 -1.889696360 0.094182432 0.015503912 0.995433986 63.992397308
0.995553017 -0.011464394 -0.093500003 -3.365012646 0.009827770 0.999790549 -0.017945725 -1.923359394 0.093686186 0.016947020 0.995457292 65.043045044
0.995727837 -0.011873444 -0.091567174 -3.466278076 0.010327938 0.999796271 -0.017333819 -1.961187005 0.091754362 0.016314061 0.995647788 66.093444824
0.996024489 -0.011211765 -0.088368304 -3.558619499 0.009862910 0.999828160 -0.015685922 -2.002132654 0.088529021 0.014751987 0.995964110 67.122055054
0.996477127 -0.011526935 -0.083066307 -3.652187109 0.010366718 0.999842584 -0.014385193 -2.036854029 0.083219089 0.013473382 0.996439934 68.165428162
0.996974528 -0.009261169 -0.077172071 -3.736364603 0.008182675 0.999864399 -0.014279717 -2.069818735 0.077293888 0.013605032 0.996915281 69.194824219
0.997555733 -0.009230385 -0.069259770 -3.816506147 0.008230980 0.999857843 -0.014701364 -2.102121592 0.069385663 0.014095346 0.997490108 70.227935791
0.998155236 -0.007230361 -0.060278386 -3.886754751 0.006363121 0.999873400 -0.014566828 -2.134321451 0.060376123 0.014156387 0.998075068 71.267227173
0.998757422 -0.004474611 -0.049631484 -3.949787378 0.003751671 0.999885440 -0.014649802 -2.166464567 0.049691394 0.014445388 0.998659909 72.298721313
0.999244153 -0.003527876 -0.038707651 -3.998575211 0.002984400 0.999896109 -0.014089359 -2.198878765 0.038753375 0.013963183 0.999150932 73.326690674
0.999617815 -0.002829687 -0.027492007 -4.032975674 0.002450407 0.999901354 -0.013819980 -2.229758739 0.027528439 0.013747323 0.999526203 74.360008240
0.999859095 -0.002282297 -0.016612995 -4.057688236 0.002043921 0.999894798 -0.014351685 -2.259357929 0.016644038 0.014315701 0.999758661 75.394828796
0.999975026 -0.002863246 -0.006414491 -4.073043823 0.002766146 0.999882102 -0.015095862 -2.293884516 0.006456991 0.015077735 0.999865174 76.435760498
0.999985158 -0.004837693 0.002381016 -4.080660343 0.004876468 0.999850929 -0.016557314 -2.325510263 -0.002300530 0.016568672 0.999859750 77.481971741
0.999936044 -0.006527747 0.009201197 -4.076748848 0.006684437 0.999831319 -0.017102469 -2.359038353 -0.009087974 0.017162874 0.999811053 78.529739380
0.999850988 -0.010648371 0.013567412 -4.061708927 0.010876763 0.999798357 -0.016872447 -2.393931389 -0.013384983 0.017017495 0.999765277 79.597740173
0.999790549 -0.013480996 0.015376438 -4.047260761 0.013731024 0.999773145 -0.016272182 -2.426445484 -0.015153555 0.016479902 0.999749064 80.659416199
0.999747753 -0.015981110 0.015758241 -4.038907051 0.016234944 0.999738157 -0.016113447 -2.456645250 -0.015496573 0.016365211 0.999745727 81.714416504
0.999754488 -0.016551690 0.014706755 -4.026784897 0.016771339 0.999747574 -0.014939125 -2.491244316 -0.014455745 0.015182105 0.999779999 82.783714294
0.999770045 -0.017010754 0.013031200 -4.013966084 0.017204639 0.999740601 -0.014913171 -2.522938490 -0.012774106 0.015133935 0.999803603 83.851181030
0.999804437 -0.016606783 0.010705866 -4.008259296 0.016774394 0.999734938 -0.015760336 -2.554752350 -0.010441270 0.015936835 0.999818206 84.925132751
0.999833047 -0.016565902 0.007670024 -4.006216049 0.016693819 0.999717295 -0.016924616 -2.588495016 -0.007387455 0.017049830 0.999827027 85.998741150
0.999852598 -0.016719364 0.003818531 -4.005173206 0.016784614 0.999701500 -0.017746396 -2.619367123 -0.003520652 0.017807869 0.999834895 87.076980591
0.999833941 -0.018206606 -0.000110522 -4.013009548 0.018201768 0.999676049 -0.017781636 -2.654021502 0.000434260 0.017776666 0.999841511 88.163406372
0.999807298 -0.019166872 -0.004158783 -4.023647785 0.019090695 0.999661922 -0.017644679 -2.686946392 0.004495601 0.017561881 0.999835253 89.250968933
0.999791443 -0.018570460 -0.008459896 -4.035831928 0.018424239 0.999684751 -0.017046796 -2.719691038 0.008773828 0.016887369 0.999818504 90.345130920
0.999757528 -0.018221259 -0.012337955 -4.056505680 0.018012144 0.999695480 -0.016853629 -2.753371954 0.012641325 0.016627304 0.999781489 91.450881958
0.999731362 -0.017083988 -0.015644269 -4.083259583 0.016833266 0.999729693 -0.016020775 -2.783183336 0.015913773 0.015753122 0.999748886 92.559387207
0.999710619 -0.015225698 -0.018606020 -4.110698700 0.014953437 0.999780118 -0.014685974 -2.814903259 0.018825570 0.014403498 0.999718606 93.663322449
0.999688625 -0.014486203 -0.020299954 -4.145925999 0.014199644 0.999798238 -0.014190452 -2.850846291 0.020501463 0.013897779 0.999692798 94.780982971
0.999669552 -0.013346904 -0.021955403 -4.173170567 0.013020159 0.999803066 -0.014958910 -2.885734081 0.022150774 0.014668101 0.999646604 95.888320923
0.999625325 -0.013840241 -0.023601862 -4.207397461 0.013467931 0.999783218 -0.015861645 -2.924488783 0.023816314 0.015537831 0.999595165 96.992439270
0.999576926 -0.015046540 -0.024878638 -4.242799759 0.014657099 0.999768078 -0.015762907 -2.958455086 0.025110085 0.015391585 0.999565721 98.085746765
0.999556005 -0.014927748 -0.025774175 -4.277982712 0.014542922 0.999780715 -0.015054385 -2.992622614 0.025993289 0.014672867 0.999553919 99.169189453
0.999529123 -0.015143605 -0.026675723 -4.310372353 0.014772096 0.999791682 -0.014069626 -3.027315855 0.026883269 0.013668941 0.999544621 100.248153687
0.999520302 -0.015413603 -0.026852379 -4.345039368 0.015054100 0.999794841 -0.013539527 -3.061031103 0.027055599 0.013128789 0.999547184 101.338661194
0.999544144 -0.013577784 -0.026956800 -4.381995201 0.013241123 0.999832392 -0.012628739 -3.093508720 0.027123788 0.012266040 0.999556303 102.423538208
0.999580026 -0.011603808 -0.026546083 -4.422461033 0.011306223 0.999871612 -0.011333282 -3.128904104 0.026674220 0.011028382 0.999582827 103.507965088
0.999582469 -0.011300957 -0.026584107 -4.458113670 0.010991344 0.999870181 -0.011764291 -3.161582708 0.026713639 0.011467179 0.999576807 104.583206177
0.999585629 -0.011686648 -0.026296014 -4.494460106 0.011329995 0.999842107 -0.013671746 -3.194174528 0.026451673 0.013368142 0.999560177 105.669654846
0.999572873 -0.012688867 -0.026317347 -4.528282642 0.012313982 0.999820888 -0.014358612 -3.228360176 0.026494861 0.014028402 0.999549985 106.745819092
0.999540746 -0.015074029 -0.026278475 -4.559677124 0.014697533 0.999787211 -0.014462257 -3.262303829 0.026490919 0.014069380 0.999549508 107.819534302
0.999508262 -0.017141975 -0.026247175 -4.592636108 0.016800478 0.999771893 -0.013176863 -3.295410156 0.026467096 0.012729412 0.999568105 108.879814148
0.999492049 -0.017931743 -0.026336575 -4.625698566 0.017629430 0.999776363 -0.011666870 -3.327464819 0.026539922 0.011196639 0.999584556 109.943405151
0.999469459 -0.019293638 -0.026232312 -4.659697056 0.019013833 0.999759972 -0.010874677 -3.359944820 0.026435852 0.010370125 0.999596238 110.998283386
0.999458373 -0.019698676 -0.026353668 -4.690935612 0.019445589 0.999762535 -0.009825917 -3.389816761 0.026540991 0.009308125 0.999603927 112.042434692
0.999444485 -0.020131189 -0.026553651 -4.723177910 0.019883582 0.999756515 -0.009556455 -3.418056011 0.026739594 0.009023157 0.999601245 113.074630737
0.999415219 -0.020719523 -0.027197149 -4.757456779 0.020476028 0.999747872 -0.009201503 -3.448238850 0.027380969 0.008639226 0.999587238 114.100677490
0.999373019 -0.021301785 -0.028276687 -4.789218426 0.021058859 0.999738812 -0.008861629 -3.476514578 0.028458098 0.008260591 0.999560356 115.118545532
0.999317646 -0.021956535 -0.029696556 -4.822581291 0.021716936 0.999728978 -0.008367345 -3.505969048 0.029872255 0.007716710 0.999523461 116.126838684
0.999287605 -0.021174284 -0.031235062 -4.860561848 0.020931451 0.999748111 -0.008081384 -3.535384893 0.031398341 0.007421825 0.999478877 117.108047485
0.999234438 -0.021071363 -0.032959230 -4.899098396 0.020801714 0.999747336 -0.008503351 -3.565092802 0.033130106 0.007811225 0.999420047 118.072868347
0.999152482 -0.021984773 -0.034797080 -4.934421539 0.021689331 0.999725461 -0.008845747 -3.592606544 0.034982022 0.008083517 0.999354780 119.024780273
0.999086797 -0.021667436 -0.036822572 -4.976222992 0.021374740 0.999736726 -0.008324493 -3.620843410 0.036993269 0.007529810 0.999286652 119.958557129
0.999033689 -0.020838775 -0.038694758 -5.015505791 0.020537879 0.999755681 -0.008157867 -3.649842739 0.038855325 0.007355267 0.999217272 120.878990173
0.998967290 -0.020056555 -0.040766366 -5.057797909 0.019758057 0.999774933 -0.007712369 -3.677042961 0.040911898 0.006898932 0.999138415 121.774925232
0.998895764 -0.019359607 -0.042806160 -5.101348877 0.019028986 0.999785900 -0.008118111 -3.703375578 0.042954180 0.007294580 0.999049902 122.649795532
0.998845458 -0.017838469 -0.044604085 -5.145451546 0.017495999 0.999814451 -0.008057002 -3.729580402 0.044739548 0.007267298 0.998971760 123.509170532
0.998808205 -0.016992582 -0.045753699 -5.193898678 0.016608698 0.999823749 -0.008757719 -3.758467913 0.045894463 0.007987363 0.998913884 124.345703125
0.998778343 -0.015560847 -0.046900354 -5.239251137 0.015095849 0.999833524 -0.010252860 -3.786175251 0.047052104 0.009532325 0.998846471 125.176849365
0.998771131 -0.014553937 -0.047375541 -5.286118031 0.014050151 0.999841392 -0.010949891 -3.811679840 0.047527410 0.010270792 0.998816669 126.001708984
0.998785079 -0.013385289 -0.047426160 -5.330421448 0.012900201 0.999861479 -0.010519962 -3.837127209 0.047560427 0.009895364 0.998818874 126.808601379
0.998787582 -0.013054959 -0.047466539 -5.373059273 0.012657028 0.999882340 -0.008674647 -3.861559153 0.047574222 0.008063336 0.998834670 127.604560852
0.998852789 -0.011070493 -0.046590243 -5.419438839 0.010761160 0.999918461 -0.006885371 -3.886237621 0.046662692 0.006376100 0.998889863 128.378921509
0.998978972 -0.008161565 -0.044435456 -5.464273930 0.007930951 0.999954224 -0.005364080 -3.906417131 0.044477224 0.005006181 0.998997390 129.128799438
0.999129951 -0.006496056 -0.041197937 -5.500961304 0.006385782 0.999975741 -0.002808133 -3.926156998 0.041215204 0.002542604 0.999146581 129.848678589
0.999296129 -0.005316839 -0.037135608 -5.534738064 0.005295893 0.999985814 -0.000662853 -3.945581675 0.037138630 0.000465717 0.999309540 130.519088745
0.999474764 -0.003267902 -0.032243099 -5.562028885 0.003297400 0.999994278 0.000861189 -3.964954376 0.032240126 -0.000967058 0.999479175 131.174041748
0.999652922 -0.001405422 -0.026308872 -5.586436272 0.001417835 0.999998987 0.000452513 -3.982735395 0.026308237 -0.000489661 0.999653220 131.811553955
0.999810696 -0.000340920 -0.019456510 -5.599919796 0.000325948 0.999999702 -0.000773561 -3.996256828 0.019456802 0.000767069 0.999809861 132.408142090
0.999931812 -0.001310478 -0.011609304 -5.604123116 0.001295114 0.999998391 -0.001332327 -4.009086132 0.011611070 0.001317197 0.999931216 132.972335815
0.999995291 -0.001290458 -0.002800007 -5.603934765 0.001282836 0.999995589 -0.002728288 -4.022029877 0.002803559 0.002724678 0.999991894 133.507568359
0.999976158 -0.000940120 0.006841800 -5.597691536 0.000964990 0.999993086 -0.003630112 -4.036553860 -0.006838291 0.003636623 0.999969542 134.010726929
0.999849796 -0.001810880 0.017236568 -5.583936214 0.001859760 0.999994397 -0.002819224 -4.048359871 -0.017231312 0.002850852 0.999846995 134.486450195
0.999616027 -0.000443785 0.027705560 -5.565197945 0.000503207 0.999997675 -0.002137209 -4.061364174 -0.027704488 0.002150326 0.999613345 134.936859131
0.999221027 -0.000687880 0.039456170 -5.542619228 0.000787403 0.999996603 -0.002506448 -4.072351933 -0.039454252 0.002535559 0.999217629 135.358444214
0.998657644 0.001425427 0.051776346 -5.517480850 -0.001256932 0.999993920 -0.003286371 -4.082533360 -0.051780649 0.003216875 0.998652756 135.755920410
0.997758210 -0.000280518 0.066921771 -5.481563091 0.000416125 0.999998033 -0.002012145 -4.090745926 -0.066920996 0.002035478 0.997755647 136.137573242
0.996452987 -0.000802988 0.084147900 -5.439038754 0.000803308 0.999999762 0.000030257 -4.097113132 -0.084147826 0.000037443 0.996452749 136.513153076
0.994595170 -0.001400105 0.103820220 -5.387366295 0.001336579 0.999998987 0.000681622 -4.106225967 -0.103820965 -0.000539177 0.994595349 136.875625610
0.991892159 0.000357049 0.127082720 -5.329933167 -0.000199800 0.999999285 -0.001249984 -4.114832401 -0.127082959 0.001214454 0.991890848 137.234725952
0.988070250 0.007625033 0.153815642 -5.272894382 -0.007247701 0.999969244 -0.003013633 -4.122093678 -0.153833747 0.001862867 0.988094509 137.578811646
0.983207047 0.013284216 0.182009950 -5.205248833 -0.011957352 0.999893427 -0.008385416 -4.137783527 -0.182101786 0.006068236 0.983260512 137.910736084
0.977297187 0.015674213 0.211292982 -5.115581036 -0.011675297 0.999728680 -0.020160187 -4.159709454 -0.211551473 0.017235573 0.977214396 138.231918335
0.969816148 0.013764216 0.243449271 -5.004782200 -0.005534183 0.999390960 -0.034457583 -4.184712410 -0.243775070 0.032070205 0.969300926 138.540924072
0.960802495 0.013357611 0.276912540 -4.889452457 0.000308843 0.998786509 -0.049250647 -4.196044445 -0.277234137 0.047405630 0.959631741 138.830612183
0.949953437 0.014280308 0.312065631 -4.767327785 0.003934377 0.998328567 -0.057660621 -4.201034069 -0.312367171 0.056002647 0.948308825 139.123184204
0.936752200 0.017584709 0.349551916 -4.634187698 0.003619604 0.998196959 -0.059915725 -4.204907894 -0.349974960 0.057391386 0.934998870 139.414306641
0.920645595 0.022999819 0.389721811 -4.494716167 0.000600787 0.998178482 -0.060327694 -4.211905003 -0.390399128 0.055774529 0.918954194 139.701553345
0.902382016 0.024972267 0.430213273 -4.342319489 0.002048015 0.998059809 -0.062229350 -4.222350121 -0.430932194 0.057035692 0.900579512 139.971527100
0.882162213 0.017835462 0.470608234 -4.156102180 0.011198073 0.998205721 -0.058821663 -4.243350983 -0.470812529 0.057160113 0.880379081 140.214065552
0.857603788 0.006886155 0.514265299 -3.953709364 0.021322459 0.998574674 -0.048929106 -4.279068470 -0.513868809 0.052927148 0.856233954 140.464508057
0.829631329 -0.000253743 0.558311939 -3.740539074 0.026425162 0.998897076 -0.038812824 -4.306764603 -0.557685852 0.046953782 0.828722477 140.701126099
0.796300292 -0.001342359 0.604900420 -3.525928020 0.025619393 0.999175072 -0.031508427 -4.328847408 -0.604358673 0.040587313 0.795677304 140.924713135
0.756209910 0.000332013 0.654329360 -3.300095797 0.021968804 0.999423146 -0.025896488 -4.349110603 -0.653960049 0.033957981 0.755765975 141.138214111
0.709906220 -0.001584647 0.704294682 -3.048193216 0.020259153 0.999629557 -0.018171404 -4.356795311 -0.704004467 0.027168378 0.709675014 141.332153320
0.658011377 -0.009295627 0.752950847 -2.779438496 0.020808442 0.999766290 -0.005841980 -4.363401890 -0.752720058 0.019511797 0.658050776 141.501693726
0.601453960 -0.020157278 0.798653364 -2.487059832 0.024388662 0.999678850 0.006864255 -4.362461567 -0.798534751 0.015349526 0.601752162 141.653411865
0.541838288 -0.029831501 0.839953423 -2.184067011 0.027980175 0.999456048 0.017446870 -4.364308834 -0.840016484 0.014048632 0.542378008 141.775497437
0.478476167 -0.033883888 0.877446711 -1.876312256 0.027626578 0.999341309 0.023526121 -4.364636898 -0.877665341 0.012984136 0.479096860 141.880615234
0.411732346 -0.037676305 0.910525799 -1.561277270 0.025622265 0.999228537 0.029760528 -4.363528728 -0.910943985 0.011076338 0.412379861 141.965759277
0.343173683 -0.041829392 0.938340187 -1.235366583 0.021967610 0.999091923 0.036503505 -4.361011505 -0.939014375 0.008086028 0.343780845 142.031295776
0.273703516 -0.046682272 0.960680664 -0.904869556 0.020515440 0.998877406 0.042693403 -4.356771946 -0.961594582 0.008023430 0.274353921 142.071319580
0.205664128 -0.048151214 0.977437377 -0.572929919 0.014966456 0.998826563 0.046055794 -4.346692085 -0.978507459 0.005156729 0.206143484 142.094314575
0.141248256 -0.047811013 0.988819063 -0.232884645 0.011839329 0.998843074 0.046604503 -4.331527233 -0.989902675 0.005124130 0.141650975 142.099517822
0.081953913 -0.046580937 0.995547056 0.109522700 0.008320998 0.998904109 0.046053033 -4.317852020 -0.996600628 0.004509700 0.082251832 142.085662842
0.025062077 -0.047037594 0.998578787 0.464278072 0.008075899 0.998869181 0.046848599 -4.302834988 -0.999652565 0.006890277 0.025413781 142.053207397
-0.028278444 -0.049331848 0.998382151 0.831138134 0.010410257 0.998712599 0.049643047 -4.282534599 -0.999545157 0.011797219 -0.027728269 141.999221802
-0.076513506 -0.054482944 0.995579004 1.208166361 0.012859182 0.998368800 0.055623896 -4.261360168 -0.996984959 0.017058283 -0.075687855 141.930648804
-0.119159959 -0.062075987 0.990932822 1.606437683 0.008914491 0.997936308 0.063586697 -4.234726906 -0.992834389 0.016410621 -0.118360408 141.857315063
-0.158184901 -0.070399210 0.984896958 2.004652739 0.003379141 0.997410536 0.071836412 -4.211573601 -0.987403035 0.014691512 -0.157537103 141.771224976
-0.192170560 -0.078202434 0.978240907 2.416580915 -0.005834934 0.996893167 0.078547306 -4.191590786 -0.981343567 0.009386482 -0.192029506 141.678939819
-0.221894607 -0.076740287 0.972046316 2.825304985 -0.007383612 0.997001708 0.077024966 -4.174933910 -0.975042105 0.009914186 -0.221795589 141.566452026
-0.247426689 -0.067894533 0.966525078 3.231856108 -0.005808983 0.997627735 0.068592317 -4.161699295 -0.968888640 0.011357015 -0.247233778 141.438873291
-0.268915832 -0.054309592 0.961631477 3.636317492 -0.000323674 0.998413980 0.056296445 -4.147287846 -0.963163078 0.014827723 -0.268506527 141.295074463
-0.286109537 -0.040282860 0.957350016 4.055020809 0.000436694 0.999110222 0.042170562 -4.123340607 -0.958196282 0.012483445 -0.285837024 141.156372070
-0.300891668 -0.028937127 0.953219414 4.495576382 -0.001448131 0.999552071 0.029886579 -4.090220928 -0.953656673 0.007612219 -0.300798476 141.008712769
-0.312746406 -0.023456678 0.949547172 4.943767548 -0.007475750 0.999724627 0.022234004 -4.062191486 -0.949806750 -0.000144983 -0.312835306 140.864746094
-0.322486371 -0.026296003 0.946209013 5.413002968 -0.009271719 0.999653637 0.024621330 -4.050503254 -0.946528196 -0.000832950 -0.322618157 140.703735352
-0.331193537 -0.032624442 0.942998827 5.899224758 -0.006656668 0.999457777 0.032239847 -4.047459126 -0.943538904 0.004400385 -0.331230789 140.525238037
-0.338874906 -0.035502009 0.940161526 6.385707855 -0.003307516 0.999326348 0.036544025 -4.047119617 -0.940825164 0.009274237 -0.338763684 140.341186523
-0.345246255 -0.033880003 0.937900543 6.876990795 -0.001089066 0.999361694 0.035699315 -4.036249638 -0.938511014 0.011303602 -0.345062435 140.157424927
-0.350074649 -0.030199073 0.936235011 7.373718262 -0.001671170 0.999498427 0.031614836 -4.020296097 -0.936719835 0.009502929 -0.349949151 139.973297119
-0.354291379 -0.028187921 0.934710324 7.889000416 -0.002965532 0.999574125 0.029019985 -4.007448673 -0.935129941 0.007509604 -0.354223758 139.783691406
-0.357212424 -0.028051559 0.933602035 8.406293869 -0.003991012 0.999585330 0.028507126 -3.994376183 -0.934014201 0.006457069 -0.357175887 139.588333130
-0.359379590 -0.027252389 0.932793617 8.935483932 -0.001698975 0.999590635 0.028549381 -3.982813120 -0.933189511 0.008675257 -0.359278381 139.384628296
-0.360596001 -0.026266830 0.932352304 9.481115341 0.001242396 0.999588728 0.028641589 -3.972332239 -0.932720900 0.011486379 -0.360414654 139.171569824
-0.360962570 -0.026318051 0.932208955 10.033216476 0.001548612 0.999583185 0.028819814 -3.964358568 -0.932578683 0.011846490 -0.360770911 138.961639404
-0.360672593 -0.027052581 0.932300150 10.588501930 0.000301482 0.999575615 0.029121365 -3.955019236 -0.932692111 0.010784335 -0.360510916 138.751617432
-0.360007614 -0.027619831 0.932540476 11.142702103 -0.000328009 0.999565125 0.029478345 -3.948020458 -0.932949007 0.010306533 -0.359859645 138.544647217
-0.358873904 -0.027715715 0.932974517 11.698985100 0.000069144 0.999557972 0.029720316 -3.936908484 -0.933385789 0.010730340 -0.358712882 138.334289551
-0.357717484 -0.027610563 0.933421612 12.261109352 0.001023894 0.999550283 0.029959058 -3.930141211 -0.933829010 0.011672588 -0.357527912 138.121963501
-0.356014460 -0.027974021 0.934061706 12.814001083 0.001093802 0.999538362 0.030351892 -3.920981884 -0.934479535 0.011827375 -0.355819106 137.913818359
-0.354319781 -0.029151466 0.934669912 13.368196487 0.001202932 0.999498606 0.031629454 -3.910869837 -0.935123265 0.012331268 -0.354106665 137.708572388
-0.352857888 -0.031940419 0.935131669 13.912778854 0.000556188 0.999409497 0.034345798 -3.901196241 -0.935676515 0.012639275 -0.352631390 137.510009766
-0.351443231 -0.034333318 0.935579538 14.441220284 0.001353618 0.999307275 0.037180468 -3.892228842 -0.936208010 0.014333219 -0.351152927 137.316513062
-0.349067718 -0.034739144 0.936453462 14.951799393 0.003315721 0.999260247 0.038305040 -3.884294033 -0.937091410 0.016476048 -0.348693907 137.128021240
-0.346356481 -0.034841206 0.937455833 15.442594528 0.003420763 0.999256134 0.038401943 -3.876486063 -0.938096523 0.016507553 -0.345979273 136.953384399
-0.343956500 -0.034483250 0.938352346 15.914421082 0.003229581 0.999275744 0.037905961 -3.867108822 -0.938979805 0.016068460 -0.343595624 136.786773682
-0.341649950 -0.033402029 0.939233661 16.366249084 0.002013624 0.999339581 0.036272082 -3.858627319 -0.939824939 0.014283592 -0.341356665 136.629684448
-0.339601338 -0.031548016 0.940040410 16.809867859 0.001682343 0.999415040 0.034148455 -3.851075411 -0.940567732 0.013178306 -0.339349210 136.478057861
-0.337408394 -0.030405231 0.940867364 17.245792389 0.003114799 0.999436378 0.033415012 -3.843670368 -0.941352963 0.014205093 -0.337123126 136.325866699
-0.334619224 -0.031920787 0.941812813 17.661561966 0.004897102 0.999353349 0.035610951 -3.837030172 -0.942340493 0.016528238 -0.334246129 136.178527832
-0.331786960 -0.033890411 0.942745566 18.066236496 0.005274581 0.999271810 0.037778817 -3.829821587 -0.943339348 0.017507080 -0.331366211 136.041000366
-0.328855127 -0.035088994 0.943728507 18.443813324 0.005042222 0.999229610 0.038909677 -3.823865891 -0.944366753 0.017554106 -0.328424454 135.916030884
-0.324969649 -0.035402607 0.945061803 18.798509598 0.005094776 0.999218643 0.039183307 -3.819874525 -0.945710599 0.017548233 -0.324534982 135.803436279
-0.320006430 -0.035120029 0.946764469 19.128637314 0.004784241 0.999239683 0.038683712 -3.813934565 -0.947403252 0.016908556 -0.319594681 135.700653076
-0.315401852 -0.034577630 0.948328316 19.429285049 0.004320710 0.999272883 0.037872221 -3.809478521 -0.948948324 0.016042389 -0.315022737 135.612869263
-0.311865777 -0.035057500 0.949479461 19.709621429 0.003435200 0.999270499 0.038024310 -3.807396650 -0.950119913 0.015120101 -0.311517477 135.528274536
-0.309404671 -0.035252731 0.950277090 19.970645905 0.003796445 0.999258459 0.038305968 -3.802271605 -0.950922847 0.015459688 -0.309041023 135.447586060
-0.307346761 -0.034588479 0.950969040 20.204216003 0.004726386 0.999270976 0.037872903 -3.797851086 -0.951585829 0.016134730 -0.306958824 135.372970581
-0.305496484 -0.033699177 0.951596916 20.422645569 0.004948001 0.999303401 0.036977164 -3.793717861 -0.952180386 0.016004866 -0.305116534 135.304214478
-0.303907454 -0.033269055 0.952120721 20.626512527 0.004096564 0.999334753 0.036226451 -3.791205406 -0.952692807 0.014909882 -0.303568631 135.243865967
-0.303536683 -0.031396341 0.952302575 20.816534042 0.001924664 0.999434233 0.033563744 -3.789913416 -0.952817798 0.012020661 -0.303304195 135.192276001
-0.305591166 -0.029322634 0.951711416 21.008052826 0.000704386 0.999517977 0.031021809 -3.789477587 -0.952162445 0.010150336 -0.305422902 135.133712769
-0.308904529 -0.028321620 0.950671494 21.200634003 0.001061008 0.999545157 0.030122440 -3.786846638 -0.951092362 0.010313600 -0.308733672 135.069885254
-0.312248617 -0.028408756 0.949575782 21.385639191 0.002813954 0.999520242 0.030828333 -3.785673618 -0.949996114 0.012298138 -0.312018543 135.004562378
-0.315262347 -0.028339721 0.948581517 21.576372147 0.004942569 0.999490976 0.031503413 -3.782749176 -0.948991537 0.014620243 -0.314961463 134.936920166
-0.316890955 -0.028160959 0.948044002 21.759836197 0.006295634 0.999474168 0.031793077 -3.781110048 -0.948440969 0.016043447 -0.316546679 134.873825073
-0.316375494 -0.028225761 0.948214233 21.945005417 0.006838295 0.999462962 0.032032978 -3.778694153 -0.948609293 0.016618587 -0.316012204 134.812866211
-0.314131290 -0.028367242 0.948955834 22.126739502 0.005907820 0.999475241 0.031833135 -3.776778936 -0.949361086 0.015606014 -0.313798517 134.758560181
-0.310703278 -0.027432121 0.950111210 22.308250427 0.004873398 0.999523759 0.030452531 -3.773065567 -0.950494409 0.014091942 -0.310421288 134.707046509
-0.306030244 -0.024423685 0.951708674 22.496736526 0.004390373 0.999623477 0.027065141 -3.769590855 -0.952011645 0.012461078 -0.305807441 134.653808594
-0.300372750 -0.018859364 0.953635693 22.703815460 0.004738459 0.999762118 0.021264134 -3.764896631 -0.953810096 0.010905904 -0.300211608 134.595932007
-0.293301165 -0.014447413 0.955911160 22.931205750 0.005655639 0.999841511 0.016846737 -3.762219191 -0.956003368 0.010347432 -0.293172657 134.535705566
-0.284287542 -0.012706729 0.958655119 23.184850693 0.006418467 0.999863923 0.015156386 -3.759372473 -0.958717585 0.010461843 -0.284166992 134.469512939
-0.274249375 -0.013360581 0.961566091 23.475584030 0.006456940 0.999854743 0.015734240 -3.755640030 -0.961636901 0.010523854 -0.274122953 134.397384644
-0.263642401 -0.014424345 0.964512944 23.785747528 0.005387075 0.999849975 0.016425392 -3.754208326 -0.964605391 0.009526306 -0.263524801 134.329757690
-0.252698779 -0.015252190 0.967425048 24.127021790 0.005178642 0.999839485 0.017115990 -3.750194550 -0.967531085 0.009335110 -0.252578914 134.253494263
-0.241829842 -0.015845528 0.970189512 24.498435974 0.005143704 0.999831021 0.017611830 -3.745035172 -0.970304906 0.009249406 -0.241707191 134.175033569
-0.231606618 -0.016218778 0.972674549 24.888618469 0.004918104 0.999828100 0.017842673 -3.741253138 -0.972797036 0.008916168 -0.231486753 134.094940186
-0.222521856 -0.016982820 0.974779963 25.295957565 0.004187761 0.999821723 0.018375142 -3.737020016 -0.974918604 0.008170988 -0.222410783 134.016387939
-0.215179577 -0.017961219 0.976409495 25.730138779 0.003953927 0.999805987 0.019263022 -3.729707003 -0.976566434 0.008005633 -0.215066522 133.932403564
-0.210077748 -0.018344672 0.977512717 26.193540573 0.003329173 0.999804080 0.019478541 -3.724049568 -0.977678895 0.007346288 -0.209975228 133.843048096
-0.206758156 -0.019491764 0.978198051 26.682382584 0.001682214 0.999792337 0.020277679 -3.715927362 -0.978390574 0.005838085 -0.206682146 133.748397827
-0.205468640 -0.020218782 0.978454947 27.194948196 -0.000203882 0.999786794 0.020616829 -3.706649303 -0.978663623 0.004036592 -0.205428660 133.646713257
-0.205907926 -0.021830287 0.978327990 27.729928970 -0.000375645 0.999752164 0.022229342 -3.699143410 -0.978571236 0.004209663 -0.205864802 133.538879395
-0.207136929 -0.023836428 0.978021681 28.276094437 -0.000582630 0.999705315 0.024241570 -3.691635847 -0.978311718 0.004451469 -0.207089484 133.423492432
-0.209372073 -0.023399023 0.977556229 28.841562271 -0.000093864 0.999713480 0.023909345 -3.682709932 -0.977835953 0.004914160 -0.209314004 133.305908203
-0.211535096 -0.022073537 0.977121234 29.426250458 -0.000492510 0.999746561 0.022478092 -3.672911644 -0.977370203 0.004273633 -0.211492077 133.183792114
-0.213570595 -0.020671239 0.976709008 30.028173447 0.000084089 0.999775112 0.021177862 -3.664625168 -0.976927578 0.004605069 -0.213520557 133.057937622
-0.215651050 -0.020499351 0.976255357 30.647254944 -0.000074210 0.999779344 0.020976972 -3.655292273 -0.976470470 0.004451228 -0.215604708 132.925201416
-0.217819974 -0.020232661 0.975779295 31.286231995 0.000437222 0.999782383 0.020828022 -3.647208452 -0.975988805 0.004963362 -0.217763439 132.787582397
-0.219637558 -0.020821722 0.975359440 31.943664551 0.000532927 0.999768853 0.021462880 -3.637626648 -0.975581408 0.005233819 -0.219575405 132.643936157
-0.221426591 -0.021320060 0.974944115 32.614017487 0.000168895 0.999759495 0.021901142 -3.628824234 -0.975177109 0.005014128 -0.221369445 132.498168945
-0.223088384 -0.020492706 0.974582970 33.301582336 0.000136996 0.999777675 0.021053901 -3.620059967 -0.974798381 0.004830365 -0.223035678 132.344085693
-0.224596262 -0.019795012 0.974251032 34.008228302 0.000081736 0.999792635 0.020332878 -3.610296249 -0.974452138 0.004646291 -0.224547774 132.185195923
-0.225838944 -0.019233562 0.973974943 34.729282379 -0.000123589 0.999805033 0.019715048 -3.598670244 -0.974164844 0.004332024 -0.225796983 132.024002075
-0.226765558 -0.020906243 0.973725140 35.471580505 0.000403610 0.999766886 0.021559428 -3.589139223 -0.973949432 0.005281911 -0.226703942 131.855270386
-0.227598578 -0.023756092 0.973465323 36.233352661 0.001808906 0.999689698 0.024819052 -3.575693607 -0.973753512 0.007409658 -0.227484673 131.681610107
-0.229008287 -0.028195195 0.973016143 37.011157990 0.000992785 0.999572456 0.029198445 -3.562160015 -0.973424137 0.007652651 -0.228882089 131.506286621
-0.229920715 -0.029295091 0.972768426 37.802265167 0.002720721 0.999522924 0.030743932 -3.546733618 -0.973205805 0.009715267 -0.229731008 131.320602417
-0.230085388 -0.029772684 0.972714961 38.602344513 0.003807438 0.999496043 0.031493068 -3.528869629 -0.973163247 0.010949615 -0.229855746 131.137451172
-0.229697466 -0.027012896 0.972887158 39.422191620 0.003308423 0.999586642 0.028535403 -3.509725332 -0.973256707 0.009773202 -0.229512811 130.953140259
-0.228963226 -0.026013456 0.973087430 40.267036438 0.003488457 0.999613881 0.027543467 -3.488931656 -0.973429084 0.009700985 -0.228783742 130.763031006
-0.227720469 -0.024865119 0.973409057 41.116230011 0.004047570 0.999640405 0.026482143 -3.470671654 -0.973718405 0.009970439 -0.227537632 130.567855835
-0.226457313 -0.027038686 0.973645806 41.987113953 0.002889377 0.999590874 0.028431296 -3.451813936 -0.974017084 0.009251674 -0.226286232 130.374465942
-0.224797562 -0.026846780 0.974035680 42.878776550 0.002901694 0.999596834 0.028221056 -3.434712648 -0.974401534 0.009170348 -0.224628717 130.176727295
-0.221992895 -0.025752503 0.974708259 43.775527954 0.003205051 0.999625802 0.027140874 -3.418250322 -0.975043416 0.009149040 -0.221826985 129.978576660
-0.218592852 -0.024352027 0.975512385 44.679637909 0.004764927 0.999649346 0.026022362 -3.401385307 -0.975804925 0.010336518 -0.218399853 129.783020020
-0.214774847 -0.024994029 0.976343870 45.597049713 0.006372608 0.999614716 0.026991660 -3.383466005 -0.976643205 0.012018958 -0.214532509 129.586807251
