1.000000000 0.000000000 0.000000000 0.000000000 0.000000000 1.000000000 0.000000000 0.000000000 0.000000000 0.000000000 1.000000000 0.000000000
0.999990046 -0.002839910 -0.003435260 -0.001398534 0.002832539 0.999993682 -0.002148747 -0.003865311 0.003441341 0.002138995 0.999991775 0.699883878
0.999971867 -0.002745501 -0.006976491 -0.030149238 0.002720727 0.999989986 -0.003558063 -0.009547846 0.006986190 0.003538982 0.999969304 1.373782992
0.999937892 -0.002846820 -0.010773445 -0.047742277 0.002793129 0.999983668 -0.004995469 -0.017461259 0.010787489 0.004965067 0.999929488 2.078150749
0.999874115 0.001059601 -0.015828039 -0.060087685 -0.001212696 0.999952555 -0.009665921 0.054701190 0.015817046 0.009683900 0.999828041 2.824921608
0.999798119 0.000447044 -0.020086486 -0.085219465 -0.000641238 0.999953091 -0.009662472 0.030496484 0.020081226 0.009673401 0.999751568 3.573713779
0.999694109 0.002518254 -0.024601342 -0.109770469 -0.002788125 0.999936223 -0.010941630 0.016252082 0.024572222 0.011006874 0.999637485 4.343968391
0.999553084 0.004692326 -0.029521171 -0.145414516 -0.005029349 0.999922872 -0.011352432 0.001895871 0.029465627 0.011495830 0.999499679 5.126255989
0.999410689 0.004824840 -0.033984374 -0.176090389 -0.005135327 0.999945760 -0.009054787 -0.027153257 0.033938847 0.009223972 0.999381304 5.910110950
0.999264061 0.003755890 -0.038172781 -0.219890133 -0.004002170 0.999971569 -0.006377326 -0.037596818 0.038147748 0.006525405 0.999250770 6.704804897
0.999163926 0.000846141 -0.040874321 -0.273026675 -0.000974557 0.999994576 -0.003121893 -0.063339755 0.040871464 0.003159115 0.999159396 7.516881943
0.999060333 -0.000803085 -0.043334823 -0.318281889 0.000695246 0.999996483 -0.002503508 -0.093843825 0.043336693 0.002471024 0.999057472 8.341087341
0.998956800 -0.001566121 -0.045639951 -0.360755622 0.001447953 0.999995351 -0.002622059 -0.105196759 0.045643859 0.002553236 0.998954475 9.168063164
0.998861253 -0.004985837 -0.047449045 -0.400759637 0.004855747 0.999983966 -0.002856494 -0.118080303 0.047462542 0.002622838 0.998869538 10.014336586
0.998750389 -0.005254461 -0.049700439 -0.447761416 0.005157545 0.999984384 -0.002078006 -0.127532989 0.049710598 0.001819074 0.998761952 10.853295326
0.998659551 -0.006810716 -0.051310986 -0.496104211 0.006709190 0.999975026 -0.002150551 -0.139142364 0.051324364 0.001803410 0.998680353 11.714581490
0.998575389 -0.004664283 -0.053156056 -0.550662696 0.004430804 0.999979854 -0.004509278 -0.147132590 0.053176031 0.004267327 0.998575985 12.572117805
0.998494148 -0.004489726 -0.054674488 -0.605720222 0.004104747 0.999965847 -0.007151503 -0.157877401 0.054704737 0.006916307 0.998478591 13.460817337
0.998402834 -0.000308242 -0.056495037 -0.668500364 -0.000186245 0.999961495 -0.008747234 -0.172501057 0.056495570 0.008743783 0.998364568 14.356090546
0.998369753 0.000887323 -0.057070207 -0.740850329 -0.001355537 0.999965489 -0.008165952 -0.196118757 0.057061002 0.008229998 0.998336732 15.267083168
0.998268783 0.000132967 -0.058815911 -0.793652892 -0.000532522 0.999976635 -0.006777653 -0.209974587 0.058813646 0.006797238 0.998245776 16.152339935
0.998167813 0.001341938 -0.060489733 -0.851754785 -0.001664738 0.999984384 -0.005286336 -0.227696925 0.060481708 0.005377348 0.998154759 17.046522141
0.998101354 0.001243154 -0.061578393 -0.913126886 -0.001563876 0.999985218 -0.005160397 -0.245683610 0.061571080 0.005246898 0.998088837 17.937282562
0.998005211 0.001376300 -0.063114688 -0.979246318 -0.001765215 0.999979556 -0.006106665 -0.259685218 0.063105009 0.006205893 0.997987568 18.835607529
0.997921944 -0.000123173 -0.064432688 -1.034979582 -0.000318582 0.999976277 -0.006845712 -0.274787843 0.064432025 0.006852012 0.997898579 19.740627289
0.997870445 0.000192407 -0.065224484 -1.092252612 -0.000531073 0.999986231 -0.005174976 -0.288969219 0.065222621 0.005198593 0.997857153 20.674665451
0.997852683 0.001462676 -0.065479867 -1.150652885 -0.001579060 0.999997020 -0.001725667 -0.304448307 0.065477185 0.001825355 0.997852385 21.595825195
0.997977018 0.003845622 -0.063456401 -1.255999207 -0.003726836 0.999990821 0.001990205 -0.316826612 0.063463517 -0.001749692 0.997982621 22.476058960
0.998086512 0.003071283 -0.061752889 -1.328063011 -0.002764710 0.999983191 0.005049372 -0.327773958 0.061767399 -0.004868987 0.998078644 23.413434982
0.998164058 0.003362827 -0.060471185 -1.379329443 -0.003014495 0.999978125 0.005850621 -0.339324623 0.060489573 -0.005657596 0.998152733 24.323379517
0.998236239 0.003184645 -0.059278000 -1.441316605 -0.002992168 0.999989748 0.003335525 -0.351997346 0.059288047 -0.003152277 0.998235881 25.262384415
0.998274684 0.003937611 -0.058580961 -1.501216412 -0.004041050 0.999990284 -0.001647345 -0.352559865 0.058573939 0.001881228 0.998281240 26.210979462
0.998337865 0.002745256 -0.057563014 -1.557287335 -0.003003331 0.999985635 -0.004397283 -0.369483232 0.057550147 0.004562853 0.998332143 27.150465012
0.998384476 0.000537398 -0.056811668 -1.618025064 -0.000736266 0.999993503 -0.003479585 -0.379430950 0.056809459 0.003515790 0.998378813 28.132179260
0.998373806 -0.001597846 -0.056978710 -1.682360649 0.001691033 0.999997139 0.001587326 -0.392480969 0.056976039 -0.001681102 0.998374045 29.090099335
0.998294592 -0.005556293 -0.058107041 -1.742790699 0.005865309 0.999969363 0.005148860 -0.404905140 0.058076683 -0.005480901 0.998296976 30.071901321
0.998180747 -0.012536470 -0.058970127 -1.797885656 0.012831155 0.999906838 0.004621169 -0.417829186 0.058906730 -0.005369422 0.998248935 31.027797699
0.998025417 -0.015214800 -0.060936145 -1.848853111 0.015298218 0.999882400 0.000902600 -0.427095592 0.060915280 -0.001833038 0.998141110 32.030456543
0.997962356 -0.014754310 -0.062071119 -1.923850417 0.014570281 0.999887824 -0.003416415 -0.428367376 0.062114596 0.002505056 0.998065710 33.024063110
0.997793913 -0.014018707 -0.064885870 -1.980941772 0.013792651 0.999896944 -0.003930567 -0.442054123 0.064934321 0.003026943 0.997884750 33.987186432
0.997763455 -0.013921947 -0.065372720 -2.051117659 0.013793351 0.999901772 -0.002418051 -0.458516508 0.065399997 0.001510930 0.997857809 34.972255707
0.997765958 -0.008572040 -0.066250145 -2.128782272 0.008633921 0.999962330 0.000647813 -0.489274830 0.066242129 -0.001218369 0.997802675 35.908584595
0.997798026 -0.005646866 -0.066080630 -2.260984898 0.005711133 0.999983191 0.000783734 -0.505012453 0.066075124 -0.001159408 0.997813821 37.061386108
0.997715056 -0.004171829 -0.067428626 -2.321158648 0.004443894 0.999982357 0.003885420 -0.534815729 0.067411259 -0.004176193 0.997716367 38.028862000
0.997739613 -0.004325225 -0.067054726 -2.391912937 0.004798481 0.999964476 0.006898343 -0.548393607 0.067022540 -0.007204518 0.997725308 39.042224884
0.997698069 0.001184678 -0.067798376 -2.472017765 -0.000554943 0.999956310 0.009306491 -0.557076156 0.067806467 -0.009247452 0.997655511 40.007572174
0.997713447 0.001493335 -0.067565583 -2.560457468 -0.000922936 0.999963462 0.008472634 -0.554567456 0.067575790 -0.008390910 0.997678757 41.003704071
0.997855663 0.005668066 -0.065202013 -2.687775135 -0.005246285 0.999963939 0.006638279 -0.562532246 0.065237306 -0.006281982 0.997849882 42.014190674
0.997837722 0.007429075 -0.065299541 -2.765330315 -0.007147281 0.999963880 0.004548028 -0.570370555 0.065330982 -0.004071484 0.997855186 43.015937805
0.997788072 0.007536467 -0.066041425 -2.840721607 -0.007252862 0.999963224 0.004533119 -0.578631282 0.066073172 -0.004044108 0.997806430 44.016056061
0.997709692 0.005536637 -0.067408770 -2.911766768 -0.005158131 0.999969721 0.005787896 -0.586844623 0.067438781 -0.005426942 0.997708499 45.020641327
0.997656226 0.006707385 -0.068090394 -2.991546869 -0.006243990 0.999955654 0.007016174 -0.604308844 0.068134442 -0.006574580 0.997654319 46.030143738
0.997622311 0.009209672 -0.068293951 -3.071386814 -0.008984775 0.999952912 0.003599582 -0.618531704 0.068323895 -0.002977423 0.997658610 47.002769470
0.997549355 0.009781937 -0.069272116 -3.143404961 -0.009832663 0.999951363 -0.000391248 -0.629252076 0.069264926 0.001071415 0.997597575 47.954730988
0.997476459 0.010383359 -0.070228294 -3.209311247 -0.010505396 0.999943674 -0.001368496 -0.649416566 0.070210136 0.002102816 0.997529864 48.923980713
0.997466981 0.008247573 -0.070644729 -3.285548925 -0.008152044 0.999965250 0.001640516 -0.650557756 0.070655800 -0.001060466 0.997500062 49.940017700
0.997466028 0.006053224 -0.070879921 -3.352520227 -0.005711027 0.999970913 0.005029538 -0.669815958 0.070908301 -0.004612002 0.997472048 50.912143707
0.997429550 0.003815337 -0.071545891 -3.417938948 -0.003414503 0.999977708 0.005723962 -0.684757113 0.071566127 -0.005464962 0.997420728 51.900173187
0.997394323 -0.000141182 -0.072135545 -3.479267359 0.000484631 0.999988556 0.004743674 -0.701403856 0.072134040 -0.004766279 0.997383416 52.857521057
0.997372508 -0.002379271 -0.072397999 -3.553056955 0.002626611 0.999991000 0.003321365 -0.711008608 0.072389431 -0.003502806 0.997370124 53.821369171
0.997289777 -0.003750793 -0.073471919 -3.625425100 0.004084639 0.999981999 0.004394111 -0.718779325 0.073454097 -0.004682315 0.997287452 54.777828217
0.997188330 -0.007040998 -0.074598946 -3.699907541 0.007698747 0.999933958 0.008533203 -0.727775812 0.074533917 -0.009083537 0.997176945 55.745506287
0.997142673 -0.007063208 -0.075204782 -3.775059700 0.008061450 0.999883294 0.012978332 -0.728144169 0.075104319 -0.013547517 0.997083426 56.724628448
0.997108877 -0.005222133 -0.075800225 -3.849556923 0.006402631 0.999861896 0.015339126 -0.737514794 0.075709626 -0.015780110 0.997004807 57.673919678
0.997044265 -0.003564897 -0.076740280 -3.943134308 0.004442814 0.999926686 0.011272406 -0.743264198 0.076694444 -0.011580041 0.996987164 58.634895325
0.996946990 -0.002192680 -0.078044794 -4.023090363 0.002483003 0.999990404 0.003623092 -0.749261022 0.078036070 -0.003805823 0.996943057 59.548912048
0.996885717 -0.000446155 -0.078852840 -4.100922108 0.000364112 0.999999404 -0.001054835 -0.762495220 0.078853235 0.001022832 0.996885538 60.440586090
0.996789217 0.004252600 -0.079951994 -4.187152386 -0.004289749 0.999990761 -0.000292847 -0.768794417 0.079949982 0.000634874 0.996798515 61.377422333
0.996672869 0.007109724 -0.081190035 -4.266691208 -0.006957964 0.999973476 0.002152025 -0.788569868 0.081203155 -0.001579955 0.996696174 62.259059906
0.996547818 0.009467186 -0.082474388 -4.352738380 -0.009213767 0.999951541 0.003452819 -0.798107207 0.082503058 -0.002681007 0.996587038 63.207138062
0.996449292 0.009983690 -0.083595820 -4.431396008 -0.009743470 0.999947131 0.003281127 -0.810569882 0.083624132 -0.002454970 0.996494174 64.064987183
0.996282339 0.011839112 -0.085325949 -4.509047508 -0.011524891 0.999924898 0.004174318 -0.829870939 0.085368931 -0.003175434 0.996344149 64.930427551
0.996155918 0.012762996 -0.086657822 -4.587580204 -0.012394303 0.999911785 0.004791386 -0.840012610 0.086711295 -0.003698912 0.996226430 65.750709534
0.996011913 0.013026845 -0.088259071 -4.661470413 -0.012640057 0.999907970 0.004939981 -0.851371706 0.088315271 -0.003804688 0.996085107 66.584945679
0.995878875 0.012586747 -0.089810431 -4.727839947 -0.012128217 0.999910593 0.005649513 -0.848916709 0.089873485 -0.004536998 0.995942652 67.375526428
0.995727420 0.015944595 -0.090948775 -4.824354172 -0.015266300 0.999850333 0.008148903 -0.857419908 0.091065064 -0.006725644 0.995822012 68.189590454
0.995590210 0.017926458 -0.092074752 -4.904954433 -0.016836373 0.999778926 0.012602425 -0.879081845 0.092280284 -0.010996656 0.995672166 68.953254700
0.995366931 0.020915464 -0.093841508 -4.984503269 -0.019656559 0.999704301 0.014319775 -0.884232879 0.094113246 -0.012408837 0.995483994 69.734931946
0.995186329 0.024119498 -0.094981655 -5.074526310 -0.023414155 0.999689519 0.008533878 -0.861970842 0.095157981 -0.006268891 0.995442271 70.521652222
0.995025158 0.023442710 -0.096822023 -5.146101475 -0.023496887 0.999723852 0.000580881 -0.856606781 0.096808881 0.001697020 0.995301425 71.299591064
0.994870067 0.022520294 -0.098617792 -5.208204746 -0.023144105 0.999718845 -0.005185849 -0.866286635 0.098473251 0.007441663 0.995111763 71.992889404
0.994808793 0.023771383 -0.098941043 -5.283368111 -0.024523029 0.999679029 -0.006387431 -0.874501646 0.098757416 0.008780603 0.995072663 72.694656372
0.994658887 0.026980428 -0.099622197 -5.361322403 -0.027389772 0.999621212 -0.002743182 -0.891279459 0.099510416 0.005457155 0.995021462 73.355934143
0.994489431 0.027261803 -0.101224132 -5.425719738 -0.027438607 0.999623597 -0.000354421 -0.911989510 0.101176336 0.003129912 0.994863451 74.020706177
0.994466186 0.024195701 -0.102226585 -5.488399506 -0.024678513 0.999689639 -0.003460662 -0.931260824 0.102111094 0.005964308 0.994754970 74.664184570
0.994626939 0.016628066 -0.102172993 -5.543566704 -0.017581509 0.999810040 -0.008438177 -0.952230513 0.102013230 0.010189194 0.994730711 75.257301331
0.994773626 0.013071809 -0.101257332 -5.599474907 -0.014487848 0.999807298 -0.013261837 -0.965165675 0.101064414 0.014659529 0.994771719 75.860870361
0.995064139 0.016116640 -0.097908862 -5.667862415 -0.017538831 0.999752760 -0.013682378 -0.979625702 0.097664095 0.015332051 0.995101213 76.449897766
0.995371401 0.021069353 -0.093757436 -5.730029583 -0.022163792 0.999697864 -0.010646984 -0.998279989 0.093504742 0.012675721 0.995538056 77.021423340
0.995799065 0.019761845 -0.089399487 -5.774157524 -0.020516574 0.999761403 -0.007531070 -1.014466286 0.089229286 0.009333600 0.995967329 77.585784912
0.996376276 0.016094722 -0.083509669 -5.815682411 -0.016445274 0.999858856 -0.003511540 -1.026649833 0.083441325 0.004872150 0.996500731 78.140731812
0.997083724 0.011930003 -0.075368233 -5.845828533 -0.011968010 0.999928653 -0.000052740 -1.048597932 0.075362176 0.000954588 0.997155726 78.680427551
0.997786641 0.015819499 -0.064576693 -5.885731220 -0.015872488 0.999874234 -0.000307602 -1.061843157 0.064563662 0.001331908 0.997912705 79.212463379
0.998559713 0.021087179 -0.049319193 -5.923303604 -0.021154804 0.999776125 -0.000849426 -1.074784994 0.049290191 0.001891534 0.998782694 79.730827332
0.999157429 0.026838357 -0.031025292 -5.944454670 -0.026865065 0.999639213 -0.000443810 -1.087706447 0.031002128 0.001276926 0.999518454 80.239967346
0.999636948 0.025322216 -0.009120269 -5.936478138 -0.025323724 0.999679506 -0.000048583 -1.103467464 0.009116044 0.000279518 0.999958396 80.729782104
0.999610662 0.021960748 0.017160684 -5.909710884 -0.021971025 0.999758780 0.000410036 -1.110366940 -0.017147623 -0.000786922 0.999852598 81.202133179
0.998653471 0.022117505 0.046906974 -5.885266304 -0.022174422 0.999754131 0.000693138 -1.130361438 -0.046880208 -0.001732348 0.998898923 81.658050537
0.996651351 0.021341832 0.078922406 -5.822092533 -0.021559648 0.999766052 0.001908604 -1.145720482 -0.078863323 -0.003603761 0.996878862 82.071189880
