1.000000000 0.000000000 0.000000000 0.000000000 0.000000000 1.000000000 0.000000000 0.000000000 0.000000000 0.000000000 1.000000000 0.000000000
0.999996126 0.001721422 0.002188063 -0.030071700 -0.001712304 0.999989867 -0.004162452 -0.022175094 -0.002195206 0.004158689 0.999988914 0.899783552
0.999994040 0.000311156 0.003435685 -0.045914665 -0.000294447 0.999988139 -0.004862721 -0.026236437 -0.003437157 0.004861680 0.999982238 1.812461019
0.999993145 -0.001461966 0.003389496 -0.042565856 0.001464521 0.999998629 -0.000751469 -0.031064877 -0.003388393 0.000756428 0.999993920 2.765067577
0.999969900 -0.000155467 0.007751081 -0.186770961 0.000108368 0.999981523 0.006076573 -0.038412672 -0.007751883 -0.006075551 0.999951422 3.274366856
0.999949574 -0.005567726 0.008351612 -0.274556786 0.005519923 0.999968290 0.005735935 -0.018373011 -0.008383283 -0.005689546 0.999948621 4.179949760
0.999929667 -0.007911799 0.008828107 -0.317443371 0.007886926 0.999964833 0.002848687 -0.008862055 -0.008850335 -0.002778861 0.999956906 5.050425529
0.999849141 -0.009983255 0.014210906 -0.502941847 0.010004146 0.999948978 -0.001399748 0.025084481 -0.014196207 0.001541705 0.999898016 5.878140450
0.999847949 -0.009324100 0.014734996 -0.532152593 0.009338273 0.999956012 -0.000893327 0.008559948 -0.014726019 0.001030790 0.999891043 6.652274609
0.999891520 -0.008232083 0.012211570 -0.459186673 0.008210976 0.999964654 0.001777584 -0.022547541 -0.012225773 -0.001677122 0.999923885 7.447137356
0.999884248 -0.008118284 0.012869388 -0.475420415 0.008137012 0.999965847 -0.001403522 0.044927582 -0.012857558 0.001508078 0.999916196 8.222881317
0.999917626 -0.009498048 0.008632900 -0.390808761 0.009479902 0.999952674 0.002140504 0.005718552 -0.008652827 -0.002058489 0.999960423 9.057567596
0.999911249 -0.009437270 0.009403877 -0.414853364 0.009395503 0.999945700 0.004475885 -0.025352085 -0.009445611 -0.004387134 0.999945700 9.765600204
0.999932766 -0.006831573 0.009372754 -0.431396723 0.006778036 0.999960482 0.005732145 -0.072196193 -0.009411548 -0.005668231 0.999939620 10.439242363
0.999938428 -0.007024581 0.008595964 -0.424846828 0.006986134 0.999965370 0.004494749 -0.075886212 -0.008627244 -0.004434421 0.999952912 11.342603683
0.999947965 -0.006542314 0.007830183 -0.434127301 0.006518984 0.999974132 0.003001576 -0.088634677 -0.007849622 -0.002950376 0.999964774 11.958130836
0.999946773 -0.007316992 0.007276695 -0.467422992 0.007302703 0.999971211 0.001988480 -0.094628118 -0.007291039 -0.001935235 0.999971509 12.729230881
0.999972820 -0.004727635 0.005664784 -0.472494751 0.004717749 0.999987125 0.001757622 -0.115571856 -0.005673024 -0.001730850 0.999982357 13.475993156
0.999980271 -0.004804520 0.004058088 -0.468170643 0.004804631 0.999988258 -0.000017037 -0.098972701 -0.004057962 0.000036534 0.999991715 14.361462593
0.999992788 -0.003166380 0.002123195 -0.467269629 0.003165624 0.999994695 0.000360423 -0.121152930 -0.002124329 -0.000353699 0.999997616 15.174088478
0.999993443 -0.003626103 0.000447447 -0.470533818 0.003625512 0.999992311 0.001320194 -0.119826712 -0.000452235 -0.001318563 0.999998987 16.069448471
0.999995112 -0.003080011 -0.000748005 -0.481416792 0.003082133 0.999990940 0.002848652 -0.122530907 0.000739221 -0.002850944 0.999995589 16.931585312
0.999988794 -0.004052788 -0.002519075 -0.480711371 0.004063550 0.999982357 0.004280719 -0.137102202 0.002501678 -0.004290908 0.999987543 17.753515244
0.999984980 -0.004110239 -0.003681882 -0.495127589 0.004126832 0.999981105 0.004509764 -0.148549154 0.003663273 -0.004524892 0.999982893 18.623069763
0.999982119 -0.003195221 -0.005089896 -0.500072896 0.003215925 0.999986291 0.004063956 -0.187746048 0.005076838 -0.004080253 0.999978662 19.564889908
0.999974132 -0.003496245 -0.006322011 -0.502290368 0.003526366 0.999982178 0.004759041 -0.189169481 0.006305257 -0.004781212 0.999968529 20.404088974
0.999974251 -0.003325040 -0.006392410 -0.540999174 0.003371091 0.999968112 0.007206356 -0.201734900 0.006368242 -0.007227719 0.999953449 21.255334854
0.999967635 -0.003598115 -0.007231633 -0.543255031 0.003670026 0.999943495 0.009954980 -0.198288113 0.007195401 -0.009981196 0.999924183 22.088253021
0.999964237 -0.003555684 -0.007710794 -0.555389166 0.003644342 0.999926865 0.011514125 -0.191557184 0.007669285 -0.011541812 0.999903858 22.922826767
0.999968767 -0.002563094 -0.007515458 -0.579524636 0.002637663 0.999946952 0.009928577 -0.178017467 0.007489608 -0.009948086 0.999922395 23.746097565
0.999965966 -0.000322438 -0.008279551 -0.592354238 0.000380377 0.999975145 0.006996810 -0.169297054 0.008277087 -0.006999717 0.999941170 24.563304901
0.999958217 -0.000085301 -0.009169035 -0.598925292 0.000133940 0.999985635 0.005303777 -0.165945783 0.009168448 -0.005304781 0.999943793 25.334980011
0.999949098 0.000748274 -0.010088885 -0.613261461 -0.000700462 0.999988198 0.004741281 -0.157287285 0.010092312 -0.004733969 0.999937773 26.145978928
0.999937713 0.001139810 -0.011131179 -0.631498516 -0.001094576 0.999990821 0.004068508 -0.150407404 0.011135711 -0.004056067 0.999929667 26.966039658
0.999910653 0.001583000 -0.013294494 -0.644825459 -0.001535071 0.999992013 0.003614217 -0.156314731 0.013300106 -0.003593483 0.999904990 27.716918945
0.999879837 0.001944763 -0.015396751 -0.657558501 -0.001894690 0.999992609 0.003265744 -0.149554148 0.015402985 -0.003236176 0.999876022 28.488170624
0.999847591 0.002263041 -0.017324688 -0.676338673 -0.002188421 0.999987960 0.004324647 -0.144864559 0.017334264 -0.004286071 0.999840438 29.241659164
0.999807715 0.003130913 -0.019370746 -0.688178420 -0.002995604 0.999970675 0.007010007 -0.156981230 0.019392122 -0.006950629 0.999787629 29.917045593
0.999756753 0.004068614 -0.021686696 -0.702126980 -0.003888246 0.999957263 0.008352390 -0.149135932 0.021719748 -0.008266032 0.999729753 30.674230576
0.999700248 0.004736230 -0.024030682 -0.713292718 -0.004531994 0.999952912 0.008546047 -0.141394809 0.024070021 -0.008434574 0.999674559 31.395158768
0.999628842 0.007636499 -0.026161512 -0.738134205 -0.007439316 0.999942958 0.007625842 -0.134584650 0.026218249 -0.007428383 0.999628544 32.096221924
0.999568999 0.008940090 -0.027973382 -0.757800579 -0.008758729 0.999939561 0.006598827 -0.122784711 0.028030679 -0.006350967 0.999586821 32.816108704
0.999515414 0.009324391 -0.029707253 -0.780965507 -0.009090984 0.999926507 0.007981985 -0.124213703 0.029779490 -0.007708044 0.999526739 33.523052216
0.999464512 0.011422947 -0.030670356 -0.807363927 -0.011119299 0.999887347 0.010052393 -0.124646425 0.030781724 -0.009705973 0.999478936 34.174900055
0.999448657 0.014725693 -0.029763939 -0.853861928 -0.014420002 0.999841034 0.010458753 -0.120849095 0.029913213 -0.010023787 0.999502182 34.835880280
0.999419868 0.018493477 -0.028605582 -0.881756127 -0.018258212 0.999797165 0.008463395 -0.119388893 0.028756293 -0.007936195 0.999554873 35.492683411
0.999424875 0.021507459 -0.026223386 -0.915632069 -0.021374809 0.999756992 0.005327732 -0.121722296 0.026331594 -0.004764144 0.999641836 36.095420837
0.999451637 0.022874173 -0.023947312 -0.936477005 -0.022802556 0.999734342 0.003258761 -0.113244340 0.024015484 -0.002710910 0.999707878 36.724056244
0.999547958 0.021875871 -0.020628275 -0.948944688 -0.021785779 0.999751866 0.004581320 -0.128230676 0.020723367 -0.004129842 0.999776661 37.325080872
0.999490559 0.026969582 -0.017074659 -0.975265324 -0.026847262 0.999612212 0.007351791 -0.128053069 0.017266301 -0.006889634 0.999827147 37.942497253
0.999427199 0.031215521 -0.013080601 -0.992904961 -0.031072924 0.999456644 0.010964879 -0.132203847 0.013415757 -0.010552144 0.999854326 38.540939331
0.999287128 0.036822900 -0.008334331 -1.013254881 -0.036722288 0.999254167 0.011916864 -0.133837476 0.008766918 -0.011602312 0.999894261 39.077068329
0.999165893 0.040740147 -0.002818582 -1.024983883 -0.040703598 0.999099076 0.011987368 -0.126785547 0.003304397 -0.011862642 0.999924183 39.657772064
0.999013007 0.044336874 0.002713158 -1.020015359 -0.044372212 0.998905540 0.014771994 -0.148291662 -0.002055257 -0.014877805 0.999887168 40.152084351
0.998704851 0.049969982 0.009576982 -1.028387904 -0.050121114 0.998610556 0.016253274 -0.151893362 -0.008751514 -0.016712235 0.999821961 40.671623230
0.998432755 0.053412538 0.016709682 -1.025350332 -0.053675450 0.998434603 0.015704399 -0.145440862 -0.015844729 -0.016576691 0.999736965 41.206623077
0.998074234 0.057170212 0.024073627 -1.018194318 -0.057555944 0.998219311 0.015648004 -0.143593341 -0.023136176 -0.017003454 0.999587655 41.688907623
0.997588217 0.062281784 0.030640446 -1.001353741 -0.062793031 0.997897685 0.016016191 -0.169377506 -0.029578533 -0.017901575 0.999402106 42.073154449
0.996955514 0.067852683 0.038416564 -0.995320678 -0.068406887 0.997568488 0.013299776 -0.167702600 -0.037420750 -0.015887249 0.999173224 42.526702881
0.996477723 0.069886714 0.046347339 -0.976748884 -0.070427202 0.997465074 0.010132045 -0.165691838 -0.045521785 -0.013360478 0.998873949 42.966266632
0.996060848 0.070273913 0.054078095 -0.953754425 -0.070917837 0.997430921 0.010080351 -0.170364290 -0.053230803 -0.013875751 0.998485804 43.345699310
0.995693326 0.069062866 0.061848018 -0.923426867 -0.069931462 0.997479439 0.011989433 -0.186295807 -0.060864128 -0.016262930 0.998013556 43.687290192
0.994660795 0.072492965 0.073448479 -1.024611473 -0.073905163 0.997125268 0.016692374 -0.281069428 -0.072027288 -0.022031484 0.997159302 43.695816040
0.993743300 0.075606331 0.082206227 -0.998505414 -0.077224731 0.996873736 0.016685085 -0.277351409 -0.080687769 -0.022929057 0.996475697 44.041942596
0.992242277 0.085108928 0.090618968 -0.988788068 -0.086931661 0.996079683 0.016354408 -0.268623143 -0.088871852 -0.024105204 0.995751381 44.115413666
0.990058303 0.084921136 0.112129830 -1.400906563 -0.087962404 0.995870352 0.022451442 -0.397177458 -0.109760225 -0.032091461 0.993439972 43.902442932
0.988807142 0.085650131 0.122166283 -1.367757440 -0.089003600 0.995782256 0.022252573 -0.382115453 -0.119745143 -0.032876756 0.992260277 44.205745697
0.987403095 0.084632322 0.133688301 -1.363945007 -0.088130713 0.995898366 0.020460704 -0.387381941 -0.131408378 -0.031985022 0.990812302 44.441509247
0.988034785 0.070251323 0.137302831 -1.109547615 -0.072736815 0.997263908 0.013163691 -0.310599148 -0.136002436 -0.022993166 0.990441799 44.368988037
0.985935450 0.069539018 0.151972502 -1.098678470 -0.071696170 0.997387707 0.008754585 -0.308643013 -0.150966778 -0.019527312 0.988346100 44.837715149
0.983262897 0.071358562 0.167636454 -1.057497263 -0.073471583 0.997276187 0.006428854 -0.307518899 -0.166721165 -0.018637778 0.985828042 45.087612152
0.981636941 0.067493491 0.178419411 -0.933341980 -0.069485746 0.997570336 0.004933877 -0.298799068 -0.177653000 -0.017240891 0.983942330 45.350559235
0.977319539 0.070799172 0.199584469 -0.944970548 -0.072500922 0.997367144 0.001221710 -0.246589065 -0.198972613 -0.015664069 0.979879975 45.770214081
0.973108828 0.072090678 0.218774080 -0.888782978 -0.073652044 0.997282982 -0.001020796 -0.219205379 -0.218253404 -0.015119821 0.975775123 46.127593994
0.968673170 0.070928626 0.237994447 -0.817556560 -0.072675221 0.997354090 -0.001438633 -0.224220648 -0.237466931 -0.015902743 0.971265554 46.353343964
0.963521242 0.071075007 0.258021176 -0.725490451 -0.072620146 0.997352779 -0.003549165 -0.205341518 -0.257590562 -0.015317851 0.966132820 46.662601471
0.957529902 0.073092580 0.278915167 -0.632716596 -0.074224502 0.997219741 -0.006515034 -0.190120921 -0.278616071 -0.014464010 0.960293710 46.953071594
0.950607061 0.074446514 0.301336497 -0.516519666 -0.075024478 0.997134209 -0.009671366 -0.163983047 -0.301193118 -0.013413954 0.953468859 47.289184570
0.942491591 0.075736001 0.325535834 -0.422168344 -0.076338053 0.997021317 -0.010943232 -0.170716763 -0.325395167 -0.014536876 0.945466399 47.516654968
0.933161616 0.078324310 0.350820005 -0.314894259 -0.079109132 0.996791661 -0.012118465 -0.175395161 -0.350643843 -0.016444588 0.936364532 47.756568909
0.922388196 0.080489844 0.377784848 -0.206479967 -0.081457257 0.996585488 -0.013446228 -0.183681756 -0.377577394 -0.018370686 0.925795853 47.980983734
0.910296619 0.081235230 0.405907512 -0.084420569 -0.082205169 0.996500731 -0.015076987 -0.192314431 -0.405712128 -0.019643174 0.913789868 48.207656860
0.896687150 0.079583406 0.435452223 0.051901512 -0.079929039 0.996645272 -0.017556619 -0.201954857 -0.435388863 -0.019062493 0.900040686 48.424266815
0.880824864 0.077000894 0.467138588 0.202694029 -0.076128058 0.996880889 -0.020775883 -0.209597021 -0.467281580 -0.017262449 0.883940041 48.641986847
0.862501860 0.076495290 0.500239015 0.360319853 -0.073622711 0.996959031 -0.025513679 -0.218569845 -0.500669777 -0.014823359 0.865511477 48.850646973
0.841814697 0.078869641 0.533973396 0.524944186 -0.073602140 0.996798933 -0.031195922 -0.228536963 -0.534724832 -0.013040403 0.844925642 49.058189392
0.819001198 0.080403961 0.568130434 0.678397417 -0.073052831 0.996686637 -0.035743870 -0.250961006 -0.569122255 -0.012229268 0.822162032 49.227539062
0.792981565 0.084355481 0.603377521 0.845318079 -0.075615481 0.996337116 -0.039916635 -0.264113992 -0.604534864 -0.013971529 0.796456158 49.415180206
0.764519751 0.087852858 0.638585508 1.055965662 -0.078353778 0.995987892 -0.043216374 -0.281821042 -0.639820337 -0.016995819 0.768336535 49.627937317
0.732851803 0.093048446 0.673995733 1.248449802 -0.084074803 0.995396376 -0.046002794 -0.311140031 -0.675173640 -0.022952836 0.737301648 49.825744629
0.698728621 0.094103985 0.709170520 1.500263929 -0.084008589 0.995244503 -0.049293116 -0.328383923 -0.710436881 -0.025133912 0.703311920 50.035144806
0.661359787 0.092143215 0.744387627 1.790109634 -0.081192605 0.995388269 -0.051076498 -0.347734451 -0.745661259 -0.026658846 0.665791631 50.247062683
0.621401787 0.091086820 0.778179348 2.092668533 -0.078585453 0.995455861 -0.053766184 -0.362664729 -0.779540837 -0.027743194 0.625736713 50.449962616
0.577126622 0.090326928 0.811644018 2.356957436 -0.076929398 0.995457411 -0.056081939 -0.393937349 -0.813023090 -0.030072933 0.581454277 50.638805389
0.530335426 0.090096332 0.842987001 2.700915813 -0.072988085 0.995496809 -0.060478278 -0.412786514 -0.844640136 -0.029454267 0.534523606 50.813964844
0.481682509 0.088327393 0.871883154 3.068964243 -0.069540776 0.995622158 -0.062444258 -0.446024895 -0.873582244 -0.030553158 0.485716552 50.976947784
0.432659864 0.086171657 0.897429645 3.456717730 -0.067499138 0.995723307 -0.063067816 -0.471072227 -0.899026811 -0.033288848 0.436626434 51.125194550
0.382306933 0.083493441 0.920255542 3.880151987 -0.067184582 0.995784461 -0.062435176 -0.501647532 -0.921589673 -0.037957616 0.386305183 51.273162842
0.331344873 0.082783021 0.939871013 4.288146973 -0.069355302 0.995584786 -0.063239507 -0.517659187 -0.940957129 -0.044230994 0.335623771 51.404949188
0.282590985 0.082899846 0.955651581 4.733320713 -0.065872237 0.995583117 -0.066885024 -0.537771583 -0.956975937 -0.044049848 0.286803961 51.499092102
0.235177770 0.079734169 0.968676329 5.159434795 -0.053418469 0.996182680 -0.069029212 -0.565600395 -0.970483243 -0.035511117 0.238539606 51.575939178
0.190438777 0.074759349 0.978848338 5.667533875 -0.040835384 0.996835649 -0.068188451 -0.598014951 -0.980849266 -0.026985966 0.192889273 51.641811371
0.148383945 0.074016348 0.986156106 6.197493553 -0.029490013 0.997082174 -0.070399143 -0.620407999 -0.988489866 -0.018635688 0.150133997 51.693317413
0.111544795 0.075297542 0.990902722 6.706283092 -0.024252171 0.997033834 -0.073033415 -0.647280693 -0.993463278 -0.015885077 0.113040313 51.719215393
0.079645321 0.075741701 0.993941665 7.263671875 -0.013368286 0.997099817 -0.074911177 -0.685304642 -0.996733546 -0.007320999 0.080427103 51.739444733
0.050763227 0.074258164 0.995946288 7.813446045 -0.006262391 0.997235239 -0.074035093 -0.730900109 -0.998690963 -0.002478770 0.051088125 51.747287750
0.026134601 0.072070740 0.997057199 8.320690155 0.001802636 0.997391939 -0.072142214 -0.770512760 -0.999656677 0.003682717 0.025936721 51.731632233
0.005673431 0.070007861 0.997530401 8.731063843 0.001117053 0.997544527 -0.070015229 -0.867020369 -0.999983132 0.001511497 0.005581485 51.724220276
-0.010023533 0.071473971 0.997392178 9.204821587 0.003525729 0.997437775 -0.071441829 -0.901453078 -0.999943376 0.002800412 -0.010249671 51.692535400
-0.024188448 0.070072077 0.997248709 9.627004623 0.000931729 0.997540891 -0.070070036 -0.961318493 -0.999706805 -0.000765744 -0.024194084 51.684085846
-0.035914812 0.070880033 0.996838152 10.170286179 0.001086791 0.997483015 -0.070886761 -1.001011372 -0.999354005 -0.001462555 -0.035901282 51.666599274
-0.045437209 0.073976479 0.996224463 10.764800072 0.004300052 0.997258723 -0.073857196 -1.037570000 -0.998957694 0.000927929 -0.045630600 51.640316010
-0.051784851 0.076392487 0.995732307 11.399226189 0.008584434 0.997066319 -0.076048419 -1.069803238 -0.998621166 0.004609621 -0.052288566 51.600036621
-0.055021293 0.075571850 0.995621324 11.964866638 0.009041640 0.997127652 -0.075186551 -1.085007071 -0.998444021 0.004865167 -0.055546399 51.523597717
-0.058845300 0.072579153 0.995625317 12.617739677 0.006269429 0.997359812 -0.072335087 -1.127589583 -0.998247206 0.001985398 -0.059144825 51.500354767
-0.061705541 0.065603085 0.995936215 13.298072815 0.003569735 0.997844815 -0.065507680 -1.169582844 -0.998087823 -0.000486985 -0.061806597 51.476100922
-0.064252183 0.058818515 0.996198952 13.792943001 0.003201570 0.998267651 -0.058734216 -1.234696627 -0.997928381 -0.000584428 -0.064329043 51.477626801
-0.065838553 0.057527587 0.996170759 14.416701317 0.002241345 0.998341799 -0.057504885 -1.272644520 -0.997827590 -0.001553305 -0.065858185 51.456367493
-0.066961527 0.056655686 0.996145904 14.894032478 0.005453744 0.998391509 -0.056416862 -1.401546240 -0.997740507 0.001654939 -0.067162670 51.457515717
-0.066285953 0.063511223 0.995777547 15.578679085 0.006219048 0.997978210 -0.063237667 -1.441983223 -0.997781157 0.002000993 -0.066546783 51.412754059
-0.064229593 0.071143985 0.995396137 16.283672333 0.006619860 0.997463048 -0.070864618 -1.480686069 -0.997913063 0.002037753 -0.064537480 51.366775513
-0.057729185 0.078736909 0.995222747 16.678688049 0.009532775 0.996882141 -0.078315295 -1.115758181 -0.998286664 0.004966134 -0.058299638 51.122550964
-0.053236268 0.075029306 0.995759487 17.336793900 0.013000559 0.997139931 -0.074438334 -1.135667086 -0.998497188 0.008982591 -0.054059297 51.010967255
-0.050762370 0.068458706 0.996361911 18.004756927 0.012425411 0.997613013 -0.067911677 -1.184090257 -0.998633385 0.008932827 -0.051491689 50.981796265
-0.049270499 0.065599814 0.996629059 18.574665070 0.008059665 0.997833490 -0.065280691 -1.254099131 -0.998752892 0.004816059 -0.049692318 50.983703613
-0.045935899 0.071053073 0.996414483 19.280576706 0.014848598 0.997404635 -0.070439197 -1.301324129 -0.998834014 0.011559651 -0.046871565 50.949512482
-0.042847604 0.076861553 0.996120930 19.989500046 0.016038423 0.996959865 -0.076236457 -1.343312144 -0.998952866 0.012709642 -0.043949928 50.917240143
-0.041356504 0.078126051 0.996085584 20.609077454 0.008917559 0.996926486 -0.077821814 -1.354607224 -0.999104619 0.005664191 -0.041925933 50.926040649
-0.038653146 0.073800005 0.996523976 21.285209656 0.003386939 0.997271955 -0.073724099 -1.425120592 -0.999246895 0.000525470 -0.038797498 50.930229187
-0.034599084 0.069967657 0.996949375 21.954437256 0.005284280 0.997544169 -0.069826081 -1.481474876 -0.999387264 0.002852214 -0.034883685 50.915348053
-0.030899851 0.071102165 0.996990621 22.618188858 0.010179738 0.997436285 -0.070818514 -1.537566543 -0.999470592 0.007960798 -0.031544272 50.877101898
-0.028280539 0.075863622 0.996717393 23.327730179 0.009686369 0.997088850 -0.075617135 -1.584810495 -0.999553025 0.007516058 -0.028932890 50.859573364
-0.023769015 0.076381527 0.996795654 24.009719849 0.006611053 0.997066140 -0.076244682 -1.638403654 -0.999695599 0.004777584 -0.024204075 50.830120087
-0.021060796 0.074972771 0.996963501 24.653469086 0.004924034 0.997178972 -0.074885026 -1.718648434 -0.999766052 0.003331919 -0.021370381 50.847187042
-0.018683016 0.072211862 0.997214675 25.354223251 0.007376391 0.997370183 -0.072084986 -1.761892915 -0.999798179 0.006009057 -0.019166375 50.863479614
-0.015045030 0.072323449 0.997268140 26.007980347 0.012419924 0.997316182 -0.072139636 -1.823813200 -0.999809623 0.011300630 -0.015902730 50.839336395
-0.012186569 0.073510215 0.997220397 26.701118469 0.013474672 0.997214556 -0.073345177 -1.861607552 -0.999834836 0.012543371 -0.013142974 50.849525452
-0.010927991 0.073407091 0.997242570 27.374052048 0.012707552 0.997230351 -0.073266998 -1.911459565 -0.999859452 0.011871830 -0.011830371 50.882026672
-0.007730869 0.071651116 0.997400165 27.996746063 0.013376264 0.997346699 -0.071543649 -1.970508695 -0.999880552 0.012788372 -0.008668600 50.885955811
-0.004153434 0.070677400 0.997490942 28.716642380 0.015087589 0.997389019 -0.070607409 -2.025177479 -0.999877453 0.014756450 -0.005208758 50.883899689
-0.001760052 0.071207538 0.997460306 29.470092773 0.012487929 0.997384191 -0.071180128 -2.070258856 -0.999920368 0.012330912 -0.002644498 50.901660919
0.001120718 0.073287256 0.997310579 30.182411194 0.009259497 0.997266173 -0.073294461 -2.098934174 -0.999956429 0.009316714 0.000439238 50.909923553
0.003747423 0.072884701 0.997333646 30.859319687 0.010962946 0.997276247 -0.072921745 -2.159633636 -0.999932826 0.011206964 0.002938373 50.914749146
0.006783081 0.072144091 0.997371495 31.559869766 0.009207241 0.997346163 -0.072204925 -2.219890594 -0.999934554 0.009672791 0.006101022 50.914630890
0.008849207 0.072686277 0.997315943 32.327568054 0.007535377 0.997320294 -0.072753519 -2.267262459 -0.999932408 0.008158940 0.008277969 50.931327820
0.011145309 0.072574005 0.997301102 33.025840759 0.004401398 0.997348249 -0.072626695 -2.323347569 -0.999928117 0.005198941 0.010796523 50.946441650
0.014084294 0.074717246 0.997105598 33.730674744 0.002845963 0.997195899 -0.074764282 -2.381153345 -0.999896705 0.003890701 0.013832357 50.959171295
0.016924908 0.078373708 0.996780694 34.458152771 0.000911949 0.996920228 -0.078400239 -2.432749987 -0.999856293 0.002235903 0.016801512 50.992698669
0.020423494 0.080903128 0.996513009 35.129478455 0.001196389 0.996716559 -0.080944248 -2.480502367 -0.999790668 0.002845355 0.020259850 51.006015778
0.023452342 0.083340548 0.996245444 35.827194214 -0.004682860 0.996516109 -0.083253026 -2.529413939 -0.999713957 -0.002712831 0.023761120 51.026416779
0.025481278 0.083188988 0.996208310 36.549293518 -0.008457621 0.996512473 -0.082998134 -2.572045803 -0.999639452 -0.006310687 0.026096208 51.055381775
0.029472653 0.084573403 0.995981693 37.294845581 -0.007281187 0.996404529 -0.084393933 -2.668149471 -0.999539018 -0.004764647 0.029982699 51.068157196
0.033757519 0.085997127 0.995723784 38.083839417 -0.008157972 0.996280313 -0.085768715 -2.728364944 -0.999396682 -0.005227779 0.034333739 51.093067169
0.037289627 0.086958438 0.995514274 38.811241150 -0.012651401 0.996166527 -0.086541630 -2.776978493 -0.999224365 -0.009367579 0.038247053 51.125186920
0.041017871 0.085466973 0.995496809 39.617637634 -0.014429286 0.996280193 -0.084939800 -2.831502914 -0.999054134 -0.010880293 0.042098749 51.164756775
0.046283036 0.085020363 0.995304167 40.385692596 -0.013176112 0.996335328 -0.084495842 -2.900215626 -0.998841405 -0.009203548 0.047233891 51.198482513
0.050815925 0.089122519 0.994724095 41.196380615 -0.017079365 0.995940864 -0.088359140 -2.955000877 -0.998561919 -0.012499238 0.052132048 51.264450073
0.057071138 0.097560883 0.993592381 41.953266144 -0.019172681 0.995136082 -0.096611314 -3.023320675 -0.998185992 -0.013536144 0.058664296 51.310028076
0.062004231 0.102363326 0.992813349 42.682834625 -0.023875132 0.994592845 -0.101055838 -3.084823847 -0.997790277 -0.017437693 0.064113148 51.417667389
0.069402874 0.106370419 0.991902053 43.487087250 -0.027267391 0.994128406 -0.104701400 -3.129146338 -0.997216046 -0.019780036 0.071896061 51.488773346
0.074679993 0.105236463 0.991639733 44.181632996 -0.034156367 0.994101048 -0.102925472 -3.187943220 -0.996622503 -0.026184373 0.077834211 51.584709167
0.081798278 0.102887236 0.991324544 44.950710297 -0.034776639 0.994344711 -0.100331232 -3.280109167 -0.996042073 -0.026268056 0.084914006 51.664043427
0.088509671 0.099220283 0.991121769 45.701816559 -0.036295824 0.994685531 -0.096335828 -3.362679005 -0.995413899 -0.027446972 0.091640830 51.750873566
0.095314786 0.093848310 0.991013944 46.471942902 -0.038672831 0.995142162 -0.090519823 -3.425596476 -0.994695783 -0.029697483 0.098481402 51.862636566
0.102857567 0.086498886 0.990928531 47.275085449 -0.041837912 0.995705128 -0.082573190 -3.492036104 -0.993815899 -0.032965153 0.106035009 51.932437897
0.110644676 0.083749950 0.990325630 48.066635132 -0.041625701 0.995958030 -0.079575710 -3.559416771 -0.992987990 -0.032418419 0.113683887 52.026275635
0.117034152 0.085349277 0.989454269 48.863746643 -0.043422334 0.995785952 -0.080759481 -3.633925200 -0.992178261 -0.033512842 0.120247327 52.126266479
0.123498566 0.091959879 0.988075256 49.580753326 -0.043624263 0.995236099 -0.087173879 -3.682802439 -0.991385520 -0.032338250 0.126922205 52.158828735
0.129069299 0.095418915 0.987034738 50.343761444 -0.045085169 0.994893670 -0.090283215 -3.748147964 -0.990610242 -0.032847878 0.132712513 52.248188019
0.135169655 0.097795464 0.985985041 51.061790466 -0.046210140 0.994655073 -0.092320524 -3.824817657 -0.989744365 -0.033083610 0.138966650 52.322586060
0.140700758 0.096952751 0.985294223 51.839202881 -0.048667870 0.994666338 -0.090925276 -3.894036293 -0.988855302 -0.035158958 0.144669130 52.437114716
0.146135002 0.094120570 0.984777689 52.575721741 -0.044717319 0.995073199 -0.088468909 -3.947067976 -0.988253474 -0.031108253 0.149624184 52.542076111
0.150882468 0.087305807 0.984689534 53.314605713 -0.043767784 0.995704174 -0.081576064 -4.009807587 -0.987582326 -0.030789318 0.154055819 52.652034760
0.153940484 0.080892809 0.984763861 54.045642853 -0.045388237 0.996168554 -0.074734576 -4.071166039 -0.987037063 -0.033192061 0.157022581 52.786605835
0.156562701 0.077493116 0.984623849 54.745822906 -0.051311940 0.996207714 -0.070245929 -4.141020775 -0.986334205 -0.039525118 0.159945622 52.920627594
0.159522548 0.077500343 0.984148085 55.497875214 -0.053002376 0.996146739 -0.069854081 -4.192300797 -0.985770404 -0.041018937 0.163015932 53.058841705
0.160256669 0.079868026 0.983839512 56.215732574 -0.057756580 0.995770752 -0.071428806 -4.244919777 -0.985384226 -0.045376312 0.164192155 53.199890137
0.161697403 0.084166996 0.983245194 56.903476715 -0.061868120 0.995259464 -0.075021170 -4.292891979 -0.984899163 -0.048700854 0.166138470 53.326637268
0.161898792 0.089605309 0.982731342 57.588264465 -0.066767521 0.994580090 -0.079686269 -4.319453239 -0.984546065 -0.052713476 0.167004377 53.465393066
0.162607044 0.095604546 0.982048869 58.287570953 -0.069667615 0.993921816 -0.085224994 -4.365285873 -0.984228313 -0.054558873 0.168279558 53.601009369
0.163327351 0.097520828 0.981740892 58.973937988 -0.069551736 0.993763506 -0.087144226 -4.422748566 -0.984117210 -0.054048806 0.169091821 53.731853485
0.164925843 0.097287878 0.981496751 59.645282745 -0.071563900 0.993679464 -0.086470336 -4.477700710 -0.983706236 -0.055978600 0.170846060 53.853126526
0.164565191 0.095953256 0.981688619 60.304721832 -0.071680903 0.993787646 -0.085119754 -4.503873825 -0.983758152 -0.056360647 0.170421198 53.979267120
0.164567247 0.093383253 0.981936097 60.946693420 -0.072701439 0.993947566 -0.082341306 -4.561334133 -0.983682871 -0.057837557 0.170360655 54.099964142
0.162999898 0.092582107 0.982273281 61.597042084 -0.073757611 0.993943810 -0.081442758 -4.613714695 -0.983865201 -0.059175037 0.168841720 54.228397369
0.161370948 0.091965854 0.982600033 62.234813690 -0.074430540 0.993945777 -0.080804236 -4.668110371 -0.984082997 -0.060096059 0.167239368 54.338562012
0.159923896 0.092319697 0.982803404 62.872154236 -0.075658582 0.993833482 -0.081044577 -4.734500885 -0.984225571 -0.061396617 0.165922821 54.445827484
0.157152385 0.095741458 0.982923090 63.489284515 -0.077020131 0.993445098 -0.084452264 -4.779846668 -0.984566331 -0.062433068 0.163496599 54.558296204
0.155163869 0.099564500 0.982859194 64.097755432 -0.074749701 0.993238032 -0.088815250 -4.832564354 -0.985056579 -0.059687588 0.161557376 54.655540466
0.153576449 0.100061014 0.983058095 64.697364807 -0.072606318 0.993311882 -0.089762017 -4.884382248 -0.985465586 -0.057590969 0.159814686 54.750453949
0.151686877 0.099158607 0.983442843 65.269706726 -0.072583765 0.993385136 -0.088965811 -4.916100502 -0.985759795 -0.057887111 0.157881111 54.838241577
0.149170727 0.096218526 0.984119475 65.870109558 -0.072613716 0.993631840 -0.086142033 -4.965167522 -0.986141503 -0.058610778 0.155207872 54.938934326
0.147097588 0.091686033 0.984863937 66.390991211 -0.072178930 0.994033754 -0.081759267 -5.030628681 -0.986484766 -0.059059910 0.152838081 55.016704559
0.145331874 0.090963207 0.985193074 66.987655640 -0.068279400 0.994311392 -0.081732877 -5.081470013 -0.987023950 -0.055390067 0.150716364 55.106445312
0.143815473 0.092726089 0.985251248 67.573959351 -0.064102456 0.994381130 -0.084228508 -5.124175072 -0.987526000 -0.051043727 0.148951679 55.184558868
0.141542524 0.094346426 0.985426605 68.083152771 -0.059259821 0.994469047 -0.086700439 -5.179517746 -0.988156676 -0.046124462 0.146350950 55.251880646
0.139539927 0.097365320 0.985418499 68.608963013 -0.060224898 0.994144976 -0.089699514 -5.201285362 -0.988383055 -0.046830121 0.144587085 55.330535889
0.138223782 0.099603683 0.985380292 69.116508484 -0.060442772 0.993922591 -0.091988660 -5.259033203 -0.988554657 -0.046844155 0.143404394 55.406097412
0.137120321 0.098451592 0.985650182 69.687171936 -0.058769215 0.994102955 -0.091120213 -5.304053307 -0.988809168 -0.045431513 0.142097965 55.487331390
0.138184398 0.096483089 0.985696256 70.197883606 -0.052819468 0.994543850 -0.089944474 -5.363986492 -0.988996744 -0.039635085 0.142526954 55.552097321
0.140567467 0.093941227 0.985604823 70.709831238 -0.047640596 0.994975686 -0.088039957 -5.430045605 -0.988923907 -0.034579303 0.144336969 55.622337341
0.142679662 0.092887767 0.985401154 71.199523926 -0.044610169 0.995176911 -0.087350093 -5.482048988 -0.988762736 -0.031495888 0.146135598 55.694522858
0.147564992 0.093896076 0.984585762 71.755752563 -0.046649687 0.995034814 -0.087901026 -5.498635769 -0.987951279 -0.032959562 0.151212916 55.765876770
0.153192565 0.094555140 0.983662724 72.318527222 -0.047350474 0.994969249 -0.088267863 -5.542802334 -0.987060964 -0.033054970 0.156899497 55.865478516
0.159950629 0.092972539 0.982737482 72.826156616 -0.045201879 0.995198727 -0.086794473 -5.594481468 -0.986089230 -0.030538799 0.163385585 55.964389801
0.166568458 0.093913935 0.981547892 73.364982605 -0.047522373 0.995060205 -0.087142356 -5.620107174 -0.984883726 -0.032130364 0.170209080 56.094226837
0.175301448 0.092057504 0.980202079 73.926063538 -0.047639839 0.995244086 -0.084950313 -5.666162014 -0.983361244 -0.031804807 0.178853765 56.209842682
0.184655070 0.091510460 0.978534400 74.509941101 -0.050850183 0.995210111 -0.083474338 -5.716486454 -0.981486738 -0.034344748 0.188424364 56.331935883
0.194131643 0.090268493 0.976814091 75.035530090 -0.050844122 0.995343149 -0.081876174 -5.775952339 -0.979656696 -0.033770546 0.197817683 56.456859589
0.204582259 0.092715964 0.974449158 75.562805176 -0.054487750 0.995037556 -0.083235502 -5.841056824 -0.977331400 -0.036067087 0.208619386 56.566299438
0.213736922 0.095370859 0.972225428 76.173858643 -0.057850718 0.994710505 -0.084858604 -5.877088070 -0.975176573 -0.038106576 0.218124121 56.734313965
0.224597022 0.097640052 0.969548345 76.756088257 -0.062500402 0.994360447 -0.085660636 -5.937772274 -0.972445130 -0.041358091 0.229433417 56.888446808
0.235116258 0.099259801 0.966886401 77.381385803 -0.063501723 0.994213581 -0.086623706 -5.987231255 -0.969890475 -0.041032363 0.240059406 57.050102234
0.245380938 0.099635884 0.964293659 78.007682800 -0.066130355 0.994106054 -0.085888378 -6.041443825 -0.967168331 -0.042693764 0.250524074 57.217414856
0.255155921 0.100322291 0.961682022 78.643989563 -0.066824079 0.994052708 -0.085969366 -6.080928326 -0.964587808 -0.042327978 0.260342807 57.421916962
0.265495956 0.100413084 0.958869457 79.250762939 -0.070830405 0.993903816 -0.084470175 -6.141572475 -0.961506426 -0.045490678 0.270990193 57.601509094
0.276144803 0.096518047 0.956258297 79.942802429 -0.070219457 0.994310439 -0.080081157 -6.175556660 -0.958547354 -0.045034003 0.281351566 57.808345795
0.287463099 0.089722060 0.953580856 80.590133667 -0.066170663 0.995082796 -0.073679492 -6.223298073 -0.955503047 -0.041919008 0.291987002 57.992584229
0.303026408 0.082136452 0.949436724 81.290504456 -0.055724554 0.996099770 -0.068388104 -6.276745796 -0.951351404 -0.032183595 0.306422025 58.176540375
0.313709527 0.078561604 0.946264207 81.972434998 -0.055869211 0.996370375 -0.064199656 -6.326617241 -0.947873831 -0.032727048 0.316960543 58.408115387
0.323580384 0.076063387 0.943139255 82.568466187 -0.050212972 0.996737897 -0.063158669 -6.383566856 -0.944867313 -0.026920974 0.326344728 58.585369110
0.332808375 0.070794046 0.940334201 83.295799255 -0.043310747 0.997271657 -0.059751954 -6.421948433 -0.941999197 -0.020840669 0.334967047 58.832794189
0.343810707 0.060527604 0.937087059 84.020912170 -0.032002054 0.998094499 -0.052726910 -6.462689400 -0.938493371 -0.011860676 0.345093101 59.031009674
0.358320862 0.050791409 0.932216704 84.835708618 -0.017118458 0.998707056 -0.047834288 -6.549190044 -0.933441401 0.001181875 0.358727574 59.247245789
0.366940528 0.047316674 0.929041088 85.425445557 -0.007141811 0.998817861 -0.048049763 -6.588896751 -0.930216908 0.010996337 0.366845191 59.594932556
0.375246584 0.053343631 0.925389647 86.179679871 -0.003714585 0.998419702 -0.056047227 -6.622229099 -0.926917493 0.017594066 0.374852210 59.900936127
0.382668972 0.056695741 0.922145128 86.879615784 0.002013059 0.998060226 -0.062198646 -6.659139633 -0.923883200 0.025657803 0.381813049 60.238571167
0.388700306 0.058056809 0.919534087 87.572578430 0.001485004 0.997970521 -0.063636877 -6.703353405 -0.921362877 0.026101166 0.387825727 60.510597229
0.393250585 0.059619870 0.917497098 88.275642395 -0.005578751 0.998030305 -0.062461950 -6.747713089 -0.919414222 0.019444689 0.392809063 60.826839447
0.397552937 0.062938638 0.915418923 88.943786621 -0.011480769 0.997906446 -0.063624121 -6.794243336 -0.917507231 0.014784221 0.397443712 61.131786346
0.400933981 0.064439431 0.913838625 89.577751160 -0.010381334 0.997777164 -0.065803774 -6.859931946 -0.916047931 0.016896084 0.400712222 61.421684265
0.405094385 0.068698384 0.911691070 90.261795044 -0.013439338 0.997511327 -0.069193698 -6.907296181 -0.914175868 0.015777435 0.405009985 61.734546661
0.408853829 0.071560808 0.909790695 90.966392517 -0.015872246 0.997326314 -0.071313225 -6.952744961 -0.912461638 0.014716246 0.408896983 62.063510895
0.412760079 0.069787331 0.908163190 91.629730225 -0.016917501 0.997474492 -0.068961471 -7.007950306 -0.910682440 0.013100673 0.412898749 62.378677368
0.416868865 0.066783041 0.906510830 92.340652466 -0.015407963 0.997671843 -0.066413440 -7.049230576 -0.908835888 0.013718194 0.416927755 62.719097137
0.420632750 0.063783281 0.904986918 92.948646545 -0.015526436 0.997884154 -0.063114107 -7.102128506 -0.907097995 0.012496621 0.420733541 62.991641998
0.424340636 0.062729128 0.903328121 93.522926331 -0.017207891 0.997974694 -0.061218198 -7.159197807 -0.905339003 0.010432983 0.424561143 63.269447327
0.428065568 0.064704962 0.901429296 94.160896301 -0.019237367 0.997858703 -0.062491424 -7.201004982 -0.903542757 0.009409289 0.428394198 63.582611084
0.430720270 0.065273352 0.900122821 94.762802124 -0.018565012 0.997809470 -0.063473657 -7.246234894 -0.902294338 0.010628586 0.430989027 63.879215240
0.433458716 0.062834240 0.898981154 95.355285645 -0.015157159 0.997932136 -0.062442191 -7.286828995 -0.901045799 0.013440096 0.433515221 64.146865845
0.435050040 0.061649065 0.898294270 95.941024780 -0.013271808 0.997982621 -0.062063005 -7.335125446 -0.900308311 0.015078509 0.434991032 64.431953430
0.436921924 0.061566412 0.897391021 96.533508301 -0.014967363 0.998013020 -0.061182432 -7.379160404 -0.899374723 0.013300354 0.436975718 64.727966309
0.438856393 0.061095010 0.896478832 97.106719971 -0.013452581 0.998019457 -0.061429568 -7.415061951 -0.898456275 0.014898791 0.438809574 65.007781982
0.441746682 0.062918060 0.894931853 97.689094543 -0.013535797 0.997890294 -0.063475192 -7.447799206 -0.897037506 0.015926328 0.441666812 65.293243408
0.445486844 0.063047037 0.893066883 98.246109009 -0.008969324 0.997780323 -0.065965295 -7.480352879 -0.895243406 0.021376455 0.445063919 65.549934387
0.449084848 0.061558746 0.891367018 98.784355164 -0.006348890 0.997817159 -0.065711677 -7.528950691 -0.893466353 0.023850918 0.448495835 65.801643372
0.452600688 0.059418283 0.889732420 99.333229065 -0.002611122 0.997860193 -0.065311082 -7.561644077 -0.891709208 0.027236627 0.451787829 66.074264526
0.456206679 0.058036506 0.887980223 99.864753723 -0.000517130 0.997886777 -0.064954139 -7.596552849 -0.889873385 0.029173298 0.455273092 66.343353271
0.459561408 0.057604920 0.886276841 100.356674194 0.000585510 0.997873187 -0.065161951 -7.627496243 -0.888145447 0.030464830 0.458550751 66.598083496
0.462064266 0.057955079 0.884951651 100.876876831 0.000802584 0.997833371 -0.065766752 -7.653910160 -0.886845648 0.031098707 0.461017102 66.891136169
0.465305418 0.056557119 0.883342385 101.355201721 0.003319249 0.997836769 -0.065636240 -7.701469421 -0.885143518 0.033472922 0.464111596 67.155319214
0.469661742 0.057806335 0.880952835 101.852821350 0.003202495 0.997734606 -0.067176700 -7.734587669 -0.882840157 0.034371566 0.468413144 67.411628723
0.473612279 0.059240941 0.878739774 102.340766907 0.005427179 0.997518718 -0.070173629 -7.741438866 -0.880716264 0.038004164 0.472116083 67.685188293
0.478167176 0.062496495 0.876043379 102.800773621 0.003907229 0.997302473 -0.073279753 -7.777040005 -0.878259659 0.038462874 0.476633579 67.959358215
0.483496726 0.068560041 0.872658074 103.274841309 0.000385006 0.996909976 -0.078535192 -7.818544865 -0.875345588 0.038307484 0.481976777 68.226531982
0.489312083 0.075385004 0.868845463 103.743331909 -0.004646650 0.996466994 -0.083841190 -7.864540577 -0.872095883 0.036987294 0.487934142 68.504386902
0.497090936 0.081442483 0.863868833 104.185211182 -0.009468409 0.996033907 -0.088454232 -7.900761604 -0.867646277 0.035790343 0.495891094 68.704383850
0.504375994 0.085555933 0.859236121 104.651535034 -0.012908348 0.995713830 -0.091568090 -7.947613239 -0.863387108 0.035093438 0.503319085 68.953475952
0.510092556 0.085517272 0.855858624 105.143859863 -0.016536474 0.995834887 -0.089647971 -7.991197586 -0.859960020 0.031575892 0.509382665 69.257415771
0.516864717 0.084054790 0.851931453 105.628318787 -0.022440495 0.996155024 -0.084669895 -8.043146133 -0.855772436 0.024645127 0.516764164 69.519729614
0.524126649 0.081231408 0.847758412 106.095245361 -0.027985267 0.996544659 -0.078186139 -8.083413124 -0.851179957 0.017254695 0.524589419 69.761940002
0.530809164 0.079058349 0.843796790 106.578628540 -0.033742554 0.996820271 -0.072169222 -8.124927521 -0.846818984 0.009836225 0.531789482 70.053131104
0.536936700 0.077155501 0.840087891 107.081382751 -0.036147274 0.996997356 -0.068463169 -8.161382675 -0.842847347 0.006393495 0.538113892 70.388198853
0.544141471 0.079860449 0.835184991 107.532974243 -0.040066622 0.996796012 -0.069209471 -8.208436966 -0.838035762 0.004196697 0.545598269 70.660148621
0.549284637 0.084011607 0.831402481 108.060317993 -0.044346962 0.996460855 -0.071391664 -8.248530388 -0.834457278 0.002344168 0.551066756 71.053077698
0.557958186 0.087693393 0.825223684 108.559883118 -0.047758698 0.996145010 -0.073565520 -8.279681206 -0.828493237 0.001634869 0.559995770 71.282165527
