1.000000000 0.000000000 0.000000000 0.000000000 0.000000000 1.000000000 0.000000000 0.000000000 0.000000000 0.000000000 1.000000000 0.000000000
0.999996305 0.001074274 0.002496903 -0.040160671 -0.001062945 0.999989152 -0.004534018 -0.008318662 -0.002501747 0.004531348 0.999986589 0.918767512
0.999995112 -0.000757923 0.003032584 -0.021384921 0.000774254 0.999985218 -0.005387504 -0.005553297 -0.003028456 0.005389826 0.999980867 1.895771742
0.999992907 -0.003514035 0.001335218 0.059489522 0.003512366 0.999993026 0.001250076 -0.069716252 -0.001339601 -0.001245377 0.999998271 2.791547537
