1.000000000 0.000000000 0.000000000 0.000000000 0.000000000 1.000000000 0.000000000 0.000000000 0.000000000 0.000000000 1.000000000 0.000000000
0.999998093 0.001029356 0.001676371 -0.005835746 -0.001023173 0.999992669 -0.003684956 -0.033088729 -0.001680152 0.003683233 0.999991834 0.949451864
0.999997139 -0.001335261 0.001980030 0.016197629 0.001343990 0.999989390 -0.004414439 -0.032184321 -0.001974115 0.004417088 0.999988317 1.943610430
0.999988437 -0.003596850 0.003174035 -0.007454867 0.003587065 0.999988854 0.003083339 -0.113539472 -0.003185089 -0.003071919 0.999990225 2.525953293
0.999700725 -0.024140529 0.003941704 0.005614018 0.024097564 0.999653399 0.010605923 -0.144205004 -0.004196370 -0.010507764 0.999935985 3.097499132
0.999658167 -0.026091283 0.001609014 0.046697572 0.026069589 0.999584734 0.012283192 -0.195631430 -0.001928829 -0.012237048 0.999923289 3.869364262
0.999540269 -0.030263815 0.001765599 -0.007486828 0.030244786 0.999493003 0.009958189 -0.179501235 -0.002066076 -0.009900212 0.999948859 4.481863499
0.999479651 -0.032212559 0.001607008 -0.027384300 0.032196075 0.999437451 0.009401282 -0.207365692 -0.001908943 -0.009344652 0.999954522 4.926498890
0.999398470 -0.034657720 0.001147926 -0.041712910 0.034638349 0.999302506 0.013959984 -0.295999497 -0.001630946 -0.013911827 0.999901891 5.525506496
0.999402881 -0.034547240 0.000443374 -0.054379895 0.034534868 0.999261439 0.016854983 -0.311038852 -0.001025339 -0.016829606 0.999857843 5.960706234
0.999386489 -0.034995019 0.001351702 -0.107990131 0.034960736 0.999185681 0.020146746 -0.311574876 -0.002055636 -0.020087129 0.999796093 6.711077690
0.999317944 -0.036926590 0.000043733 -0.098058090 0.036913071 0.998982906 0.025900647 -0.380419731 -0.001000110 -0.025881365 0.999664485 7.362948418
0.999173462 -0.040540460 0.002977408 -0.194189653 0.040429462 0.998705387 0.030874606 -0.441204071 -0.004225222 -0.030728709 0.999518812 8.025354385
0.999245286 -0.038714301 0.003168489 -0.205922976 0.038588192 0.998704731 0.033165853 -0.471066147 -0.004448376 -0.033018552 0.999444842 8.593987465
0.999189019 -0.040121555 0.003414132 -0.227404296 0.039981116 0.998611271 0.034312263 -0.478044271 -0.004786050 -0.034147933 0.999405324 9.101219177
0.999150515 -0.041101489 0.003001695 -0.252840340 0.040979993 0.998612463 0.033075556 -0.465166241 -0.004356984 -0.032924447 0.999448359 9.867163658
0.998973668 -0.045196429 0.002993754 -0.310126841 0.045071535 0.998425364 0.033399589 -0.480843574 -0.004498580 -0.033230375 0.999437571 10.497044563
0.998969793 -0.045358945 0.001420637 -0.317848384 0.045279432 0.998336494 0.035695460 -0.517989337 -0.003037381 -0.035594359 0.999361694 11.131570816
0.999111891 -0.042083424 -0.002125616 -0.263242334 0.042134248 0.998357534 0.038821079 -0.561443627 0.000488401 -0.038876161 0.999243855 11.956227303
0.999207139 -0.039469339 -0.005234341 -0.231663123 0.039644759 0.998442769 0.039248642 -0.533157408 0.003677072 -0.039425038 0.999215662 12.647962570
0.999157131 -0.040405344 -0.007248398 -0.228017226 0.040671986 0.998311818 0.041466493 -0.526802957 0.005560692 -0.041726351 0.999113500 13.484982491
0.999189734 -0.039047278 -0.009757724 -0.206401914 0.039435532 0.998279214 0.043400344 -0.506317854 0.008046266 -0.043749984 0.999010026 14.296159744
0.999120772 -0.040179834 -0.011972249 -0.203128919 0.040684737 0.998138726 0.045430910 -0.533131421 0.010124558 -0.045878060 0.998895645 14.981794357
0.999079347 -0.040467538 -0.014246188 -0.194792405 0.041097786 0.998042405 0.047143850 -0.550651789 0.012310501 -0.047685936 0.998786449 15.705677986
0.999063969 -0.040311050 -0.015695011 -0.214644492 0.041003525 0.998070359 0.046630505 -0.512645185 0.013784999 -0.047230408 0.998788834 16.571630478
0.998978198 -0.041190527 -0.018604411 -0.191938043 0.042052019 0.997934282 0.048568767 -0.515692294 0.016565405 -0.049301490 0.998646498 17.376455307
0.998921394 -0.042429183 -0.018870983 -0.243252516 0.043349359 0.997738659 0.051367000 -0.496624440 0.016648848 -0.052129634 0.998501480 18.233995438
0.998895824 -0.042253908 -0.020546313 -0.228556976 0.043318380 0.997575641 0.054465022 -0.464440525 0.018195141 -0.055294901 0.998304248 18.995052338
0.998888969 -0.041984554 -0.021413490 -0.238807246 0.043126974 0.997497976 0.056017183 -0.421733230 0.019008057 -0.056878433 0.998200119 19.798627853
0.998917758 -0.040933758 -0.022093682 -0.255647510 0.042164005 0.997400522 0.058432531 -0.488975167 0.019644385 -0.059300840 0.998046815 20.424470901
0.998882234 -0.041087519 -0.023377948 -0.262097299 0.042374104 0.997446060 0.057495210 -0.493363440 0.020955905 -0.058421552 0.998072028 21.089204788
0.998828292 -0.042651612 -0.022876501 -0.316535652 0.043939967 0.997282624 0.059132159 -0.537363768 0.020292256 -0.060068060 0.997987986 21.680351257
0.998948455 -0.039769880 -0.022818891 -0.350724548 0.041040741 0.997459233 0.058228996 -0.490092993 0.020445155 -0.059104264 0.998042405 22.313789368
0.998750448 -0.043989860 -0.023725199 -0.383786976 0.045359947 0.997125626 0.060687181 -0.529460132 0.020987382 -0.061687514 0.997874796 22.737043381
0.998481631 -0.048926644 -0.025318582 -0.425019443 0.050419819 0.996792555 0.062148552 -0.541718662 0.022196652 -0.063330740 0.997745693 23.219461441
0.998393416 -0.050718963 -0.025270330 -0.490182191 0.052238032 0.996607363 0.063599512 -0.535986304 0.021958895 -0.064817406 0.997655451 23.735336304
0.998250902 -0.053325318 -0.025535304 -0.563110471 0.054913312 0.996296883 0.066158280 -0.527695537 0.021912836 -0.067444779 0.997482240 24.150793076
0.998136461 -0.054755874 -0.026943430 -0.605564833 0.056518272 0.995965600 0.069699056 -0.527915955 0.023018302 -0.071091957 0.997204065 24.630701065
0.998002887 -0.056654550 -0.027948601 -0.661488473 0.058543187 0.995673180 0.072161153 -0.510949373 0.023739424 -0.073653221 0.997001231 25.190507889
0.997961164 -0.056804232 -0.029109571 -0.707745135 0.058792859 0.995615542 0.072751589 -0.467379928 0.024849351 -0.074314676 0.996925116 25.718502045
0.997944474 -0.056210529 -0.030784613 -0.733612835 0.058317885 0.995663464 0.072477788 -0.459539324 0.026577106 -0.074124090 0.996894717 26.064680099
0.997896373 -0.056566235 -0.031678915 -0.774912715 0.058743827 0.995626032 0.072647497 -0.428380370 0.027430963 -0.074355602 0.996854365 26.537435532
0.997621655 -0.060360931 -0.033285554 -0.817020893 0.062728293 0.995179713 0.075380675 -0.430785447 0.028575066 -0.077289328 0.996599019 26.926576614
0.997585356 -0.061016668 -0.033178180 -0.883606613 0.063441738 0.994951487 0.077758521 -0.417680711 0.028266124 -0.079675622 0.996419847 27.317184448
0.997722745 -0.059322923 -0.032101169 -0.923849463 0.061703119 0.994955897 0.079089835 -0.393997908 0.027247416 -0.080890454 0.996350288 27.669778824
0.998238444 -0.051834021 -0.028871277 -0.983625054 0.053955410 0.995466709 0.078322932 -0.389878362 0.024680614 -0.079742707 0.996509671 28.168010712
0.998373985 -0.050289571 -0.026845317 -1.003174901 0.052200895 0.995739043 0.076016553 -0.368697554 0.022908103 -0.077294283 0.996744871 28.735910416
0.998511434 -0.048958112 -0.024045758 -1.023031116 0.050646350 0.995858133 0.075505860 -0.376818657 0.020249551 -0.076611280 0.996855140 29.133193970
0.998657167 -0.047431219 -0.020837378 -1.032091737 0.048924472 0.995734990 0.078216285 -0.398400396 0.017038623 -0.079130694 0.996718347 29.564567566
0.998911262 -0.042889856 -0.018351806 -1.032395363 0.044249017 0.995689631 0.081508547 -0.376166195 0.014776824 -0.082231827 0.996503353 29.974241257
0.999147356 -0.038133208 -0.015827209 -1.023429632 0.039348502 0.995575786 0.085322842 -0.347238660 0.012503562 -0.085872836 0.996227324 30.518129349
0.999405980 -0.032617122 -0.011129200 -1.047757983 0.033462923 0.995649338 0.086960264 -0.319984913 0.008244395 -0.087280989 0.996149302 31.014383316
0.999553204 -0.029285401 -0.005977745 -1.048918009 0.029699119 0.995651960 0.088286459 -0.305748552 0.003366258 -0.088424511 0.996076882 31.452924728
0.999692917 -0.024775079 0.000389678 -1.072669387 0.024637301 0.995561004 0.090832740 -0.271162838 -0.002638329 -0.090795219 0.995865822 31.951610565
0.999770582 -0.020262532 0.006937391 -1.084066749 0.019519376 0.995359659 0.094219722 -0.271371424 -0.008814323 -0.094062664 0.995526969 32.272476196
0.999750853 -0.018143706 0.012996383 -1.061526179 0.016825378 0.995313585 0.095220461 -0.251207739 -0.014663124 -0.094978049 0.995371044 32.760486603
0.999678910 -0.014303536 0.020914275 -1.068421602 0.012200570 0.995166719 0.097434893 -0.263023108 -0.022206848 -0.097148426 0.995021820 33.003971100
0.999551177 -0.008834035 0.028624460 -1.068630219 0.005955851 0.995057344 0.099118873 -0.282977670 -0.029358596 -0.098903887 0.994663477 33.292919159
0.999343753 -0.005112749 0.035858989 -1.049989939 0.001581763 0.995202959 0.097814500 -0.273385346 -0.036187068 -0.097693563 0.994558096 33.659767151
0.999036729 -0.002671790 0.043798566 -1.031965852 -0.001550267 0.995371759 0.096081451 -0.265295744 -0.043852564 -0.096056774 0.994409084 34.009628296
0.998643160 -0.001256966 0.052058108 -1.024195552 -0.003837860 0.995212615 0.097653039 -0.271446437 -0.051931638 -0.097720310 0.993857682 34.294219971
0.998205483 -0.001329331 0.059864596 -1.006591320 -0.004738256 0.994864464 0.101099640 -0.293250829 -0.059691563 -0.101201847 0.993073225 34.491542816
0.997664869 0.000742757 0.068293169 -0.998034120 -0.007805794 0.994627953 0.103214286 -0.288425386 -0.067849644 -0.103506327 0.992311537 34.778453827
0.997006595 0.003741410 0.077224404 -0.987472832 -0.011848588 0.994422853 0.104793392 -0.284624130 -0.076401651 -0.105394676 0.991490781 35.012603760
0.996241629 0.008239607 0.086223438 -0.973502219 -0.017373536 0.994242907 0.105726458 -0.282789856 -0.084855922 -0.106827080 0.990649581 35.230007172
0.995359838 0.006962643 0.095968738 -1.033327818 -0.017337844 0.994031072 0.107705288 -0.305169493 -0.094646014 -0.108869389 0.989539683 35.047256470
0.994355798 0.009268657 0.105689496 -1.005035996 -0.020921640 0.993745267 0.109688289 -0.313903004 -0.104011796 -0.111280367 0.988330662 35.250785828
0.993095279 0.007575937 0.117063731 -0.993676543 -0.020451481 0.993810773 0.109182000 -0.314884752 -0.115512066 -0.110822238 0.987104177 35.412433624
0.991625845 0.006388654 0.128984094 -0.960703373 -0.020178279 0.994172692 0.105888315 -0.306330949 -0.127556011 -0.107604250 0.985976696 35.550327301
0.989724219 0.007903366 0.142769441 -0.935512245 -0.022849156 0.994381845 0.103351444 -0.304416001 -0.141150549 -0.105551563 0.984344780 35.688991547
0.987263560 0.009490019 0.158808485 -0.923187435 -0.026179567 0.994301677 0.103333406 -0.307692766 -0.156922936 -0.106174819 0.981886625 35.787914276
0.985096276 0.007315266 0.171846777 -0.860470474 -0.025468413 0.994285047 0.103670321 -0.307976723 -0.170106336 -0.106501885 0.979653239 35.960094452
0.981479406 0.002164946 0.191554055 -0.906376541 -0.022491841 0.994321823 0.104005411 -0.307694256 -0.190241247 -0.106387548 0.975955546 36.149650574
0.977706730 0.001087904 0.209971219 -0.881823957 -0.023606207 0.994215906 0.104768507 -0.308205545 -0.208642781 -0.107389472 0.972077727 36.255870819
0.973288894 -0.000163482 0.229582593 -0.852596045 -0.024769021 0.994087577 0.105713449 -0.300070286 -0.228242531 -0.108576246 0.967530847 36.360420227
0.968272328 0.000291272 0.249895945 -0.803778827 -0.027468184 0.994063437 0.105272539 -0.283427775 -0.248381823 -0.108796656 0.962532640 36.516700745
0.962557375 0.002382051 0.271066338 -0.755012155 -0.031775836 0.994058430 0.104100764 -0.273098677 -0.269207895 -0.108816303 0.956914544 36.655406952
0.955756783 0.003872383 0.294131398 -0.704047263 -0.035695247 0.994050264 0.102901891 -0.257604539 -0.291983008 -0.108848259 0.950209081 36.834377289
0.942869365 0.018191215 0.332664639 -0.814200759 -0.055396795 0.993167877 0.102701202 -0.245718583 -0.328523695 -0.115262352 0.937435925 37.079193115
0.933285773 0.021766726 0.358473420 -0.737087429 -0.062473189 0.992782414 0.102366753 -0.236100286 -0.353658080 -0.117932394 0.927910149 37.267902374
0.922196031 0.025482493 0.385881364 -0.641791105 -0.069786422 0.992410421 0.101242803 -0.217283592 -0.380372941 -0.120294973 0.916975915 37.478702545
0.909951806 0.026258588 0.413881004 -0.542060018 -0.074250735 0.992182314 0.100297719 -0.213915259 -0.408011973 -0.121997043 0.904788494 37.650871277
0.895670831 0.025633510 0.443977386 -0.468273818 -0.077220358 0.992135644 0.098500833 -0.219179034 -0.437961131 -0.122508407 0.890607178 37.789257050
0.879223228 0.024207486 0.475793779 -0.355054736 -0.079173923 0.992243886 0.095822752 -0.219319731 -0.469784141 -0.121920042 0.874321282 37.945529938
0.859756351 0.026701786 0.510005116 -0.233365506 -0.084745206 0.992245793 0.090911917 -0.202836037 -0.503623307 -0.121382579 0.855353236 38.141658783
0.838446736 0.030757414 0.544114351 -0.132831097 -0.091736540 0.992124259 0.085278161 -0.208018079 -0.537206471 -0.121416345 0.834665596 38.286392212
0.814633369 0.034614164 0.578941882 -0.035384133 -0.098892838 0.991888463 0.079849213 -0.204972774 -0.571482301 -0.122301020 0.811449230 38.414772034
0.788369060 0.037743632 0.614043117 0.094786435 -0.105830982 0.991556346 0.074927941 -0.199712023 -0.606030703 -0.124055639 0.785707593 38.558135986
0.759374917 0.042387031 0.649270594 0.277149856 -0.115306176 0.990847409 0.070173509 -0.192362428 -0.640354097 -0.128152892 0.757312953 38.745918274
0.727755070 0.046489511 0.684259176 0.445761293 -0.125162870 0.989947021 0.065860741 -0.196123794 -0.674318969 -0.133574322 0.726258397 38.917930603
0.692916632 0.046942908 0.719487488 0.636269033 -0.130730912 0.989517629 0.061342053 -0.207845539 -0.709066451 -0.136564165 0.691790700 39.077362061
0.653590798 0.046829194 0.755397499 0.888680935 -0.136454850 0.989018619 0.056752563 -0.192917824 -0.744445026 -0.140170589 0.652804077 39.281845093
0.612460136 0.045532305 0.789188623 1.102421522 -0.140186399 0.988771319 0.051746313 -0.187077925 -0.777971447 -0.142326042 0.611966610 39.417087555
0.567073882 0.044421133 0.822467864 1.250299811 -0.143331498 0.988630891 0.045428526 -0.172497198 -0.811099589 -0.143646851 0.566994190 39.534702301
0.519279957 0.044118680 0.853464246 1.547829032 -0.145739973 0.988608658 0.037568986 -0.175276950 -0.842085183 -0.143892631 0.519795001 39.688720703
0.468350559 0.041256774 0.882578552 1.776349902 -0.145510778 0.988870442 0.030991569 -0.154795274 -0.871477842 -0.142939568 0.469141781 39.816921234
0.417475164 0.037901338 0.907897115 2.077064991 -0.148216084 0.988588870 0.026883820 -0.162792727 -0.896518648 -0.145788252 0.418329298 39.953128815
0.365353942 0.032904111 0.930286527 2.372384310 -0.153746650 0.987782061 0.025443675 -0.193036988 -0.918083668 -0.152324364 0.365949333 40.072589874
0.314374030 0.031886153 0.948763132 2.765940189 -0.160154641 0.986890733 0.019899983 -0.174651831 -0.935691476 -0.158204839 0.315359861 40.184429169
0.264090389 0.031809997 0.963972867 3.137993813 -0.161976323 0.986723304 0.011814428 -0.160796210 -0.950799108 -0.159260854 0.265736908 40.254146576
0.214917600 0.028969917 0.976202071 3.571486712 -0.153586596 0.988124371 0.004489483 -0.151543766 -0.964479387 -0.150896430 0.216814965 40.348739624
0.168655053 0.023367025 0.985397756 3.999152422 -0.143297195 0.989678502 0.001057456 -0.157902345 -0.975202739 -0.141383082 0.170262933 40.419387817
0.124374598 0.022484150 0.991980255 4.385770321 -0.135097295 0.990816355 -0.005519193 -0.145331115 -0.982994735 -0.133327380 0.126270130 40.481224060
0.086159319 0.022017118 0.996037781 4.784583092 -0.133670852 0.990971148 -0.010342257 -0.177007765 -0.987272799 -0.132250115 0.088324636 40.508239746
0.051977113 0.023066780 0.998381555 5.162625790 -0.130443826 0.991324067 -0.016112579 -0.203046173 -0.990091801 -0.129395187 0.054535266 40.514080048
0.023203954 0.021934245 0.999489784 5.588850021 -0.124833204 0.991997540 -0.018871661 -0.212720424 -0.991905868 -0.124331564 0.025756560 40.492721558
-0.001405124 0.019953620 0.999799669 5.990362644 -0.119874261 0.992587388 -0.019978091 -0.233043432 -0.992787600 -0.119878255 0.000997381 40.426044464
-0.022368835 0.017546566 0.999595582 6.321846485 -0.118902914 0.992702007 -0.020086294 -0.288876355 -0.992653370 -0.119304068 -0.020119093 40.440177917
-0.038708307 0.019570909 0.999058664 6.624678612 -0.117719755 0.992755949 -0.024008408 -0.296303809 -0.992291689 -0.118538201 -0.036123868 40.426025391
-0.052142888 0.018602813 0.998466074 7.088451385 -0.119144835 0.992568552 -0.024714973 -0.342791677 -0.991506279 -0.120250724 -0.049538817 40.390754700
-0.063558288 0.019131778 0.997794449 7.451673508 -0.120439477 0.992360890 -0.026699379 -0.361944914 -0.990683436 -0.121870749 -0.060768396 40.336780548
-0.073651128 0.021087501 0.997060776 7.789003372 -0.119832538 0.992344916 -0.029839518 -0.406313002 -0.990057945 -0.121677995 -0.070560217 40.325244904
-0.081788883 0.021409400 0.996419370 8.206742287 -0.118098110 0.992516696 -0.031019302 -0.458010346 -0.989627481 -0.120212249 -0.078648284 40.315395355
-0.086395092 0.019568076 0.996068418 8.632837296 -0.117365770 0.992644489 -0.029680597 -0.506936073 -0.989323139 -0.119468562 -0.083462849 40.299568176
-0.089240745 0.015524684 0.995888770 9.046116829 -0.120528124 0.992361605 -0.026270058 -0.546975315 -0.988690138 -0.122376926 -0.086687788 40.230873108
-0.090865821 0.007215188 0.995836675 9.478916168 -0.122991644 0.992236257 -0.018411495 -0.611709237 -0.988238573 -0.124152526 -0.089272812 40.171127319
-0.093117192 0.000514972 0.995654702 10.013101578 -0.122599639 0.992383242 -0.011979170 -0.649402022 -0.988077760 -0.123182334 -0.092344664 40.167438507
-0.094547614 -0.002453742 0.995516956 10.336542130 -0.121715330 0.992522597 -0.009113288 -0.658094168 -0.988051176 -0.122031286 -0.094139159 40.147884369
-0.094200276 -0.001463328 0.995551825 10.718282700 -0.119604796 0.992772043 -0.009857837 -0.702744663 -0.988342047 -0.120001361 -0.093694277 40.076972961
-0.094623320 0.005409025 0.995498121 11.232677460 -0.119199261 0.992728889 -0.016723949 -0.705189526 -0.988350630 -0.120245084 -0.093290403 40.060813904
-0.093075722 0.013353402 0.995569170 11.543904305 -0.119220637 0.992565870 -0.024458988 -0.709030390 -0.988494992 -0.120968893 -0.090791643 40.052070618
-0.091164961 0.013523005 0.995743692 11.893784523 -0.119671501 0.992512167 -0.024435539 -0.726130188 -0.988618612 -0.121389762 -0.088863872 40.011573792
-0.088812970 0.008603569 0.996010900 12.467531204 -0.119879872 0.992600858 -0.019263584 -0.765963793 -0.988807440 -0.121112466 -0.087124288 39.958389282
-0.086038142 0.001434720 0.996290565 12.990801811 -0.120063625 0.992695451 -0.011797996 -0.806633055 -0.989030480 -0.120633274 -0.085237265 39.908351898
-0.083779790 -0.000267271 0.996483982 13.666820526 -0.122636177 0.992400229 -0.010044449 -0.795185149 -0.988908708 -0.123046450 -0.083175696 39.877696991
-0.081511073 0.005667162 0.996656001 14.243898392 -0.115798324 0.993157029 -0.015117720 -0.785631657 -0.989922166 -0.116643310 -0.080296889 39.862380981
-0.080406249 0.011260532 0.996698201 14.873204231 -0.116092175 0.993024468 -0.020584423 -0.799150825 -0.989978075 -0.117363937 -0.078537948 39.880580902
-0.079130366 0.011472748 0.996797860 15.493914604 -0.123953037 0.992059767 -0.021258108 -0.791849375 -0.989127457 -0.125238255 -0.077079795 39.886074066
-0.077690095 0.007044613 0.996952236 16.078859329 -0.129115611 0.991482139 -0.017067565 -0.803991795 -0.988581121 -0.130048051 -0.076118588 39.935882568
-0.073403642 0.003222190 0.997296691 16.573297501 -0.127307788 0.991783023 -0.012574495 -0.846744537 -0.989143014 -0.127886623 -0.072390087 39.882865906
-0.070920594 0.004961875 0.997469187 17.232954025 -0.125230148 0.992030680 -0.013838685 -0.859495223 -0.989589274 -0.125894636 -0.069733843 39.845848083
-0.067047112 0.007574851 0.997720599 17.769626617 -0.127037570 0.991767287 -0.016066547 -0.926677704 -0.989628971 -0.127825201 -0.065532647 39.754711151
-0.063926734 0.007507682 0.997925878 18.231609344 -0.133509040 0.990917861 -0.016007427 -0.932503104 -0.988983452 -0.134255424 -0.062343597 39.745223999
-0.060986426 0.006204759 0.998118818 18.839563370 -0.134889737 0.990755439 -0.014400866 -0.972314835 -0.988981783 -0.135514230 -0.059585474 39.746330261
-0.057366721 0.003268423 0.998347342 19.557079315 -0.130780607 0.991352439 -0.010760332 -0.981789410 -0.989749968 -0.131181747 -0.056442995 39.686290741
-0.054294385 0.002412572 0.998521566 20.066772461 -0.126207590 0.991960168 -0.009259164 -1.041138768 -0.990516663 -0.126523718 -0.053553190 39.672885895
-0.050443247 0.003503315 0.998720288 20.697280884 -0.124080539 0.992223799 -0.009747508 -1.047905207 -0.990988910 -0.124413446 -0.049616098 39.585777283
-0.048650790 0.004161034 0.998806655 21.246118546 -0.125974834 0.991979778 -0.010268627 -1.050725460 -0.990839541 -0.126324087 -0.047736216 39.574764252
-0.045610305 0.002720553 0.998955071 21.769239426 -0.125799999 0.992019176 -0.008445378 -1.058281541 -0.991006374 -0.126053736 -0.044903852 39.563556671
-0.042624593 0.002240286 0.999088109 22.239511490 -0.125535354 0.992059648 -0.007580239 -1.064717412 -0.991172850 -0.125743970 -0.042004704 39.551071167
-0.040706582 0.002257387 0.999168038 22.677362442 -0.128074512 0.991735995 -0.007458349 -1.071278453 -0.990928650 -0.128271550 -0.040080868 39.545772552
-0.037992686 0.003518477 0.999271274 23.192592621 -0.131988242 0.991214275 -0.008508288 -1.085545063 -0.990522742 -0.132215291 -0.037194289 39.540893555
-0.036453433 0.003498610 0.999328673 23.731029510 -0.132019445 0.991212010 -0.008285925 -1.094834805 -0.990576386 -0.132232845 -0.035670992 39.527824402
-0.034888763 0.001942173 0.999388754 24.186622620 -0.135800570 0.990713298 -0.006666061 -1.128995419 -0.990121484 -0.135950118 -0.034300804 39.550605774
-0.032522619 0.000603101 0.999470294 24.829730988 -0.137029678 0.990553558 -0.005056582 -1.191701412 -0.990032732 -0.137121528 -0.032132540 39.528850555
-0.029803872 -0.000102310 0.999555230 25.345214844 -0.140523821 0.990068376 -0.004088615 -1.212543964 -0.989628434 -0.140583158 -0.029522033 39.495185852
-0.026643071 0.000889737 0.999644101 26.005708694 -0.144785926 0.989451170 -0.004739517 -1.264495373 -0.989104092 -0.144860655 -0.026232980 39.469154358
-0.022562865 0.003739777 0.999737918 26.512090683 -0.146794602 0.989141643 -0.007013051 -1.285698652 -0.988909483 -0.146914363 -0.021768671 39.423301697
-0.020574911 0.006112027 0.999769092 27.103784561 -0.147123024 0.989076138 -0.009074335 -1.274302125 -0.988904059 -0.147275776 -0.019450711 39.474178314
-0.015639795 0.008456254 0.999841392 27.742456436 -0.153499618 0.988089740 -0.010757884 -1.279822826 -0.988024771 -0.153643578 -0.014155263 39.393043518
-0.013277119 0.008388130 0.999876142 28.442455292 -0.157770485 0.987420857 -0.010378575 -1.247340798 -0.987386405 -0.157888800 -0.011786479 39.402606964
-0.008131500 0.007358063 0.999939322 29.040704727 -0.159092233 0.987226129 -0.008558188 -1.326902628 -0.987230122 -0.159152225 -0.006856788 39.349170685
-0.010217760 0.007056269 0.999922335 29.705989838 -0.174285099 0.984656036 -0.008729417 -1.373901367 -0.984642088 -0.174360827 -0.008830948 39.414161682
-0.007653254 0.005434865 0.999955416 30.402126312 -0.180713117 0.983512342 -0.006728538 -1.429649115 -0.983505905 -0.180756643 -0.006544687 39.452850342
-0.003334673 0.003815101 0.999986589 31.047256470 -0.181943938 0.983298838 -0.004358104 -1.417171121 -0.983303070 -0.181956142 -0.002584611 39.428947449
0.001168905 0.004235236 0.999989748 31.806964874 -0.182345584 0.983226120 -0.003951028 -1.397941351 -0.983233571 -0.182339206 0.001921813 39.431068420
0.003982270 0.007928592 0.999960065 32.553306580 -0.186702237 0.982390940 -0.007045696 -1.374255896 -0.982408285 -0.186666816 0.005392672 39.510322571
0.011446506 0.016102979 0.999804258 33.199321747 -0.188691795 0.981941104 -0.013654925 -1.404887795 -0.981969476 -0.188498646 0.014278542 39.456054688
0.017792879 0.019302957 0.999654830 33.655754089 -0.191743255 0.981321871 -0.015536048 -1.458308458 -0.981283665 -0.191400707 0.021162003 39.496196747
0.023059402 0.023385771 0.999460042 34.285743713 -0.197706476 0.980088830 -0.018370995 -1.438665390 -0.979989827 -0.197176173 0.027224034 39.567298889
0.029195044 0.021395663 0.999344230 34.869464874 -0.200829700 0.979509413 -0.015103864 -1.417537570 -0.979190826 -0.200257123 0.032893963 39.643432617
0.037791602 0.019923890 0.999086499 35.585674286 -0.199980155 0.979726493 -0.011973268 -1.430706620 -0.979070663 -0.199345052 0.041010082 39.634601593
0.045164689 0.015251843 0.998862684 36.237285614 -0.200576514 0.979660034 -0.005889282 -1.475443721 -0.978636265 -0.200082466 0.047305476 39.670040131
0.052166305 0.009767285 0.998590231 36.676868439 -0.201894447 0.979406536 0.000967370 -1.477354288 -0.978016853 -0.201660350 0.053064257 39.720539093
0.058217425 0.002148785 0.998301208 37.343341827 -0.203236073 0.979081035 0.009744661 -1.461105943 -0.977397323 -0.203458190 0.057436563 39.819419861
0.065325163 -0.000650382 0.997863412 38.113132477 -0.202583149 0.979166150 0.013900368 -1.436953306 -0.977083623 -0.203058407 0.063832715 39.906173706
0.068924524 0.000545544 0.997621298 38.724750519 -0.203769431 0.978924990 0.013542939 -1.441388488 -0.976589501 -0.204218224 0.067583390 40.014083862
0.071921647 0.007320992 0.997382939 39.228183746 -0.207569093 0.978189111 0.007787836 -1.456809521 -0.975572646 -0.207586050 0.071872868 40.084449768
0.074206814 0.010334698 0.997188866 39.926181793 -0.210642219 0.977547228 0.005544077 -1.460704565 -0.974742472 -0.210461557 0.074717879 40.259845734
0.080463842 0.011649747 0.996689022 40.612941742 -0.212990433 0.977036893 0.005774975 -1.513488173 -0.973735273 -0.212749973 0.081097715 40.273197174
0.084938563 0.010549636 0.996329963 41.058574677 -0.216726422 0.976198077 0.008139829 -1.501205564 -0.972530127 -0.216622472 0.085203543 40.314598083
0.090686999 0.006959309 0.995854735 41.712223053 -0.215599716 0.976397455 0.012810200 -1.546392560 -0.972261488 -0.215867788 0.090047278 40.338630676
0.094113618 -0.000581121 0.995560944 42.287628174 -0.219475329 0.975384831 0.021317121 -1.598522544 -0.971067965 -0.220507368 0.091669746 40.400386810
0.097574107 -0.007070686 0.995202780 43.057643890 -0.219818428 0.975124657 0.028480072 -1.573228478 -0.970648706 -0.221542910 0.093592949 40.472091675
0.100662246 -0.010522597 0.994864643 43.719818115 -0.223797470 0.974078357 0.032947041 -1.545096636 -0.969423354 -0.225964800 0.095698275 40.549266815
0.103408299 -0.010577763 0.994582355 44.433250427 -0.228000104 0.973065138 0.034054507 -1.531134248 -0.968154192 -0.230286494 0.098211572 40.620391846
0.105472602 -0.008728756 0.994383514 45.026741028 -0.230238914 0.972575605 0.032958440 -1.509114742 -0.967401385 -0.232422099 0.100570679 40.692611694
0.106216542 -0.004465495 0.994332612 45.714702606 -0.236771122 0.971112549 0.029653624 -1.483457923 -0.965741873 -0.238579065 0.102091230 40.781826019
0.106319994 -0.000436536 0.994331539 46.363185883 -0.241553158 0.970032096 0.026254263 -1.466446996 -0.964545548 -0.242975384 0.103028670 40.892044067
0.107403688 0.004447291 0.994205177 46.854095459 -0.244703308 0.969345868 0.022099193 -1.469657063 -0.963631094 -0.245658949 0.105199903 40.971328735
0.105114967 0.006960565 0.994435370 47.417247772 -0.246078432 0.969058931 0.019228386 -1.431811690 -0.963533282 -0.246730417 0.103575759 41.129440308
0.106510296 0.005596682 0.994295478 47.625999451 -0.248975232 0.968277097 0.021220397 -1.431321025 -0.962635458 -0.249815285 0.104525231 41.159530640
0.106570937 0.003498599 0.994298577 48.082294464 -0.251014531 0.967697799 0.023499306 -1.416005969 -0.962099016 -0.252087891 0.104006976 41.197082520
0.108648710 0.000195120 0.994079828 48.618984222 -0.253204525 0.967022061 0.027484434 -1.448163986 -0.961292386 -0.254691839 0.105115414 41.185928345
0.105350129 -0.001420421 0.994433820 49.336273193 -0.253386527 0.966953099 0.028224949 -1.430752516 -0.961611569 -0.254949838 0.101509012 41.377624512
0.102019787 -0.002250601 0.994779527 49.909988403 -0.257605940 0.965826452 0.028603977 -1.423059106 -0.960849285 -0.259179473 0.097953923 41.470481873
0.095520593 -0.000589958 0.995426953 50.328529358 -0.270976335 0.962219059 0.026573066 -1.414594173 -0.957835019 -0.272275627 0.091752142 41.537281036
0.090534247 0.002580937 0.995889604 50.941688538 -0.275537938 0.961025357 0.022558052 -1.383720398 -0.957017601 -0.276447862 0.087717123 41.661193848
0.087700062 0.006179228 0.996127367 51.404731750 -0.276229382 0.960916221 0.018358760 -1.402560711 -0.957082212 -0.276769876 0.085979566 41.696025848
0.085015289 0.006464491 0.996358275 51.898536682 -0.276076615 0.960979402 0.017321620 -1.408752918 -0.957368493 -0.276544005 0.083482891 41.756752014
0.082098730 0.006113975 0.996604979 52.481021881 -0.278088003 0.960404694 0.017016601 -1.355705738 -0.957040906 -0.278541148 0.080548488 41.807510376
0.077495478 0.002474350 0.996989191 53.017482758 -0.282452345 0.959081411 0.019574657 -1.349174857 -0.956146240 -0.283119082 0.075023614 41.902645111
0.074579753 -0.001089828 0.997214019 53.503578186 -0.282976598 0.958869457 0.022211256 -1.322759986 -0.956223071 -0.283844948 0.071204096 41.949291229
0.071881786 -0.003482861 0.997406602 53.931102753 -0.280552566 0.959549129 0.023569770 -1.365731955 -0.957143545 -0.281519443 0.067997225 42.006561279
0.069836266 -0.001935481 0.997556090 54.443801880 -0.277269572 0.960556448 0.021274652 -1.365054131 -0.958250999 -0.278077930 0.066545278 42.033691406
0.066872455 -0.000230074 0.997761011 54.893753052 -0.273707658 0.961633503 0.018566370 -1.375630140 -0.959485650 -0.274336606 0.064244077 42.064098358
0.065136537 0.001130390 0.997875214 55.398269653 -0.274683803 0.961386919 0.016841043 -1.373570919 -0.959326088 -0.275197327 0.062932171 42.101581573
0.062772699 0.002769887 0.998023450 55.863998413 -0.276428491 0.960921526 0.014719661 -1.383996248 -0.958982527 -0.276806355 0.061085567 42.161388397
0.061000168 -0.000254415 0.998137116 56.292327881 -0.275548607 0.961135030 0.017084915 -1.415038109 -0.959350049 -0.276077777 0.058559548 42.206886292
0.061388705 -0.002078074 0.998111129 56.686668396 -0.269401371 0.962848544 0.018574206 -1.423922181 -0.961069703 -0.270033091 0.058548443 42.221923828
0.060866419 -0.003807124 0.998138011 57.097259521 -0.264899969 0.964071691 0.019830829 -1.407906651 -0.962353349 -0.265614063 0.057671335 42.303112030
0.059660167 -0.004691187 0.998207092 57.595798492 -0.264474899 0.964177787 0.020338273 -1.395573735 -0.962545812 -0.265214413 0.056282558 42.408477783
0.061098740 -0.005732426 0.998114645 58.076271057 -0.266844898 0.963491023 0.021868309 -1.386265874 -0.961801231 -0.267678231 0.057338670 42.526725769
0.066290006 -0.007936780 0.997768223 58.476547241 -0.268673748 0.962893069 0.025509641 -1.435505629 -0.960947931 -0.269765496 0.061698038 42.575801849
0.072030120 -0.009871370 0.997353017 58.838283539 -0.267317653 0.963176489 0.028839186 -1.434048176 -0.960913002 -0.268687695 0.066739187 42.616928101
0.078632765 -0.010279585 0.996850073 59.262226105 -0.269458264 0.962506831 0.031180691 -1.408684254 -0.959796786 -0.271061689 0.072914928 42.681053162
0.082797095 -0.013420748 0.996475518 59.723411560 -0.265255362 0.963541746 0.035017297 -1.392054439 -0.960617006 -0.267220140 0.076218814 42.774398804
0.092400730 -0.013860712 0.995624900 60.257579803 -0.267375648 0.962833762 0.038218532 -1.351676702 -0.959152341 -0.269737571 0.085260823 42.826786041
0.100060098 -0.015077951 0.994866610 60.652130127 -0.267586380 0.962639272 0.041502453 -1.322542787 -0.958324730 -0.270365804 0.092287436 42.938533783
0.110815510 -0.012439425 0.993762612 61.199443817 -0.271609694 0.961476028 0.042322818 -1.313835859 -0.956006765 -0.274605870 0.103168115 42.994029999
0.119384326 -0.010811654 0.992788732 61.719188690 -0.275058895 0.960440814 0.043535680 -1.279338121 -0.953986824 -0.278273106 0.111688077 43.103668213
0.129816264 -0.010582066 0.991481066 62.157123566 -0.278278410 0.959365368 0.046674807 -1.300723910 -0.951687813 -0.281967163 0.121596813 43.212688446
0.138277546 -0.008508422 0.990356386 62.737804413 -0.279283017 0.959046006 0.047234107 -1.230649114 -0.950200498 -0.283121437 0.130238622 43.365444183
0.146928832 -0.009327669 0.989102483 63.273292542 -0.280061305 0.958644986 0.050642949 -1.200325608 -0.948671818 -0.284450591 0.138240635 43.525005341
0.156934634 -0.010550499 0.987552047 63.806655884 -0.279478043 0.958594918 0.054653831 -1.196223497 -0.947240293 -0.284576565 0.147488475 43.644004822
0.168298155 -0.010429966 0.985680401 64.385337830 -0.280734479 0.958026707 0.058070898 -1.168434024 -0.944915056 -0.286488056 0.158306465 43.745559692
0.178629890 -0.016929291 0.983770132 64.855621338 -0.280308634 0.957542121 0.067375563 -1.193411589 -0.943143189 -0.287794858 0.166300595 43.859939575
0.188070282 -0.023494760 0.981873930 65.370254517 -0.278390437 0.957437396 0.076233603 -1.179738045 -0.941875219 -0.287681907 0.173525214 43.994487762
0.197970301 -0.028607178 0.979789853 65.897117615 -0.275970519 0.957512796 0.083717711 -1.163499117 -0.940557539 -0.286967069 0.181664795 44.168506622
0.210753888 -0.034387950 0.976933479 66.427902222 -0.269682527 0.958551586 0.091919579 -1.152345419 -0.939603448 -0.282834589 0.192745119 44.292446136
0.219204590 -0.036761113 0.974985480 66.865776062 -0.264748782 0.959556222 0.095702507 -1.141239762 -0.939072907 -0.279104978 0.200607151 44.406848907
0.227049589 -0.042728826 0.972944736 67.270538330 -0.256726027 0.961073756 0.102117963 -1.130887032 -0.939436376 -0.272966415 0.207242265 44.526638031
0.233521998 -0.052972294 0.970906854 67.885169983 -0.245266140 0.963018179 0.111533217 -1.109259129 -0.940910459 -0.264176339 0.211894080 44.679370880
0.240989581 -0.059939552 0.968674302 68.189239502 -0.235167980 0.964740157 0.118201919 -1.116123557 -0.941605330 -0.256286919 0.218396917 44.758205414
0.247939467 -0.060201418 0.966902554 68.564987183 -0.234447062 0.964671135 0.120180972 -1.117488027 -0.939979315 -0.256485343 0.225066468 44.866497040
0.254160851 -0.054932967 0.965599954 68.916732788 -0.228806749 0.966629088 0.115217015 -1.098839760 -0.939707577 -0.250219703 0.233110711 44.995403290
0.261246353 -0.051457692 0.963898957 69.469841003 -0.222331747 0.968520582 0.111963205 -1.053796887 -0.939318657 -0.243555546 0.241582274 45.177955627
0.265657902 -0.050499652 0.962743163 69.994514465 -0.224171951 0.968018532 0.112634055 -1.001680136 -0.937642515 -0.245742366 0.245841652 45.411735535
0.271094561 -0.051224146 0.961188078 70.509361267 -0.229759559 0.966273785 0.116296835 -0.972285628 -0.934729338 -0.252369851 0.250182807 45.574035645
0.275586993 -0.049541272 0.959998012 71.024284363 -0.235218197 0.964836240 0.117315143 -0.945905805 -0.932054102 -0.258139819 0.254243761 45.757125854
0.279376328 -0.047298834 0.959015369 71.321342468 -0.235461876 0.964913726 0.116183512 -0.920740008 -0.930863678 -0.258270741 0.258437425 45.856021881
0.282746017 -0.044423074 0.958164990 71.832313538 -0.236109123 0.964967191 0.114412151 -0.856483638 -0.929681599 -0.258581311 0.262352347 46.075366974
0.286379963 -0.041717339 0.957206905 72.517364502 -0.238531798 0.964490831 0.113399439 -0.769532263 -0.927949250 -0.260799855 0.266260356 46.291240692
0.290660948 -0.044189561 0.955804586 72.965209961 -0.240103036 0.963601708 0.117565580 -0.747344017 -0.926211357 -0.263663560 0.269471765 46.421405792
0.294474930 -0.047014736 0.954501510 73.664924622 -0.238606393 0.963539183 0.121072784 -0.655210853 -0.925393105 -0.263403267 0.272520572 46.633186340
0.298520476 -0.049858626 0.953099549 74.202690125 -0.239064515 0.962891698 0.125248328 -0.597745299 -0.923977613 -0.265241653 0.275523901 46.769897461
0.302357316 -0.051161703 0.951820195 74.623992920 -0.240088046 0.962276220 0.127990648 -0.553446293 -0.922463417 -0.267219722 0.278668404 46.899284363
0.305891365 -0.049776852 0.950763822 75.034088135 -0.242756486 0.961546063 0.128443956 -0.517368197 -0.920598030 -0.270094156 0.282045454 47.028331757
0.307352126 -0.049274176 0.950318813 75.557167053 -0.241063640 0.962051332 0.127847329 -0.437323660 -0.920556307 -0.268381625 0.283810794 47.230590820
0.306806624 -0.049699295 0.950472951 76.172256470 -0.236459225 0.963344932 0.126699895 -0.272547901 -0.921931505 -0.263620585 0.283809245 47.501758575
0.308408916 -0.050986152 0.949886024 76.671661377 -0.237501591 0.962810934 0.128791913 -0.267960042 -0.921128571 -0.265320152 0.284830689 47.667629242
0.310536742 -0.051533848 0.949162960 77.199546814 -0.238896400 0.962248743 0.130403817 -0.211921081 -0.920052350 -0.267246932 0.286502808 47.834514618
0.311877906 -0.052473679 0.948671579 77.744262695 -0.237631425 0.962432384 0.131356686 -0.150952667 -0.919926286 -0.266401589 0.287692457 48.033134460
0.314427197 -0.050536349 0.947934926 78.183212280 -0.238085940 0.962465942 0.130283415 -0.090961084 -0.918940425 -0.266654789 0.290593922 48.176952362
0.316613168 -0.049160238 0.947279453 78.689620972 -0.236516878 0.963021636 0.129029214 -0.024651945 -0.918594956 -0.264900118 0.293278545 48.353076935
0.318869025 -0.049852811 0.946486235 79.123023987 -0.235926971 0.963007867 0.130206257 0.019353308 -0.917966187 -0.264820546 0.295312166 48.516078949
0.321239352 -0.051373806 0.945602894 79.631828308 -0.233291462 0.963460743 0.131597549 0.077435479 -0.917813301 -0.262875587 0.297516853 48.701320648
0.325027585 -0.052773330 0.944230318 80.115989685 -0.234118432 0.962872446 0.134404615 0.092607304 -0.916267753 -0.264747113 0.300605327 48.858867645
0.330862701 -0.053657871 0.942151606 80.576332092 -0.231577888 0.963236749 0.136183724 0.119903892 -0.914823830 -0.263239741 0.306273550 48.925987244
0.335832834 -0.054655224 0.940334022 80.985900879 -0.232160941 0.962712646 0.138870358 0.126741618 -0.912862957 -0.264946193 0.310622126 49.029277802
0.339039505 -0.055545650 0.939130366 81.454757690 -0.231420010 0.962657034 0.140483066 0.158754289 -0.911865294 -0.264962971 0.313524783 49.190940857
0.343237042 -0.054875161 0.937643886 81.762069702 -0.230404541 0.962869704 0.140694112 0.184271157 -0.910551131 -0.264328927 0.317849457 49.307945251
0.347182423 -0.054716017 0.936199546 82.052474976 -0.228606045 0.963242888 0.141073331 0.205648422 -0.909508049 -0.262999147 0.321912974 49.416934967
0.353191435 -0.052093014 0.934099138 82.523513794 -0.228258178 0.963476419 0.140037820 0.267740667 -0.907279015 -0.262676001 0.328401387 49.566776276
0.359274775 -0.046157841 0.932089150 82.949119568 -0.231152207 0.963251770 0.136798888 0.320627242 -0.904152334 -0.264602929 0.335403025 49.725383759
0.366137773 -0.039449833 0.929723561 83.358993530 -0.235697553 0.962590039 0.133665293 0.371253997 -0.900217175 -0.268073589 0.343142807 49.878906250
0.374486804 -0.033269979 0.926634669 83.769012451 -0.239206657 0.962061524 0.131214023 0.426194012 -0.895846546 -0.270795196 0.352321446 49.993946075
0.383226097 -0.029428896 0.923185110 84.207069397 -0.241168097 0.961632669 0.130766466 0.462244958 -0.891614795 -0.272756010 0.361425936 50.119136810
0.390721470 -0.030920085 0.919988990 84.602592468 -0.243887454 0.960240722 0.135852441 0.480999202 -0.887612939 -0.277454346 0.367646188 50.251834869
0.397614181 -0.033305246 0.916947544 85.071037292 -0.248778641 0.957994103 0.142673492 0.542792499 -0.883183539 -0.284846127 0.372626960 50.455333710
0.405323565 -0.036926530 0.913426697 85.493644714 -0.253997892 0.955292761 0.151327878 0.595828354 -0.878179252 -0.293345362 0.377823949 50.608196259
0.412359208 -0.039934028 0.910145223 85.983268738 -0.258296520 0.952918172 0.158837020 0.682692170 -0.873638272 -0.300585389 0.382630289 50.829971313
0.419322670 -0.042632516 0.906835198 86.379562378 -0.259475708 0.951598287 0.164719045 0.743672788 -0.869966507 -0.304372311 0.387965202 51.006847382
0.426781505 -0.039705459 0.903482199 86.805564880 -0.262965888 0.950419247 0.165986389 0.811765313 -0.865278780 -0.308425099 0.395180732 51.204055786
0.433591902 -0.036271054 0.900378585 87.233352661 -0.265641361 0.949641109 0.166179404 0.882399142 -0.861065388 -0.311232001 0.402122200 51.413303375
