1.000000000 0.000000000 0.000000000 0.000000000 0.000000000 1.000000000 0.000000000 0.000000000 0.000000000 0.000000000 1.000000000 0.000000000
0.999996722 0.001443765 0.002116769 -0.027467806 -0.001433956 0.999988258 -0.004627810 -0.002530500 -0.002123426 0.004624759 0.999987066 0.932849884
0.999995470 -0.000748337 0.002914255 -0.022835193 0.000764269 0.999984801 -0.005469862 0.000155546 -0.002910117 0.005472065 0.999980807 1.916025877
0.999991357 -0.003997054 0.001146241 0.072012700 0.003995153 0.999990702 0.001655087 -0.079068467 -0.001152845 -0.001650493 0.999997973 2.770853281
0.999974132 -0.007148447 0.000802577 0.045478512 0.007142087 0.999945164 0.007664352 -0.083550774 -0.000857321 -0.007658420 0.999970317 3.710660934
0.999946475 -0.010154760 -0.001995934 0.091638088 0.010170225 0.999917150 0.007897386 -0.090844259 0.001915572 -0.007917261 0.999966860 4.690463066
0.999920189 -0.012409103 -0.002375662 0.071510591 0.012421145 0.999909759 0.005122992 -0.087502807 0.002311876 -0.005152090 0.999984086 5.610441208
0.999884248 -0.015136900 -0.001550581 0.014104154 0.015144008 0.999874413 0.004678658 -0.155458242 0.001479566 -0.004701598 0.999987900 6.332697392
0.999876201 -0.015636576 -0.001783032 -0.005253891 0.015651252 0.999841094 0.008536739 -0.245958328 0.001649263 -0.008563588 0.999962032 6.960983276
0.999873340 -0.015580348 -0.003280561 0.009861344 0.015619448 0.999803007 0.012250640 -0.298917085 0.003089046 -0.012300328 0.999919593 7.549913883
0.999856174 -0.016865455 -0.001838135 -0.063734233 0.016891927 0.999737382 0.015488709 -0.295714170 0.001576429 -0.015517528 0.999878407 8.252288818
0.999843955 -0.017154375 -0.004234854 -0.025653653 0.017227136 0.999693394 0.017787933 -0.300853729 0.003928415 -0.017858110 0.999832869 9.068311691
0.999793112 -0.020087790 -0.003225907 -0.072432697 0.020150838 0.999579072 0.020872047 -0.326796442 0.002805277 -0.020932730 0.999777019 9.672170639
0.999813735 -0.019065557 -0.003035690 -0.111195207 0.019130556 0.999551117 0.023055207 -0.391407609 0.002594768 -0.023108982 0.999729693 10.461908340
0.999804616 -0.019423304 -0.003688278 -0.113771372 0.019502202 0.999551594 0.022718325 -0.385581851 0.003245361 -0.022785814 0.999735177 11.129282951
0.999791980 -0.019872457 -0.004598625 -0.133844703 0.019967621 0.999565721 0.021666374 -0.392564595 0.004166066 -0.021753689 0.999754786 11.999799728
0.999710739 -0.023595296 -0.004668607 -0.193164200 0.023692310 0.999478221 0.021948103 -0.415236473 0.004148301 -0.022052366 0.999748290 12.673223495
0.999702692 -0.023443474 -0.006711680 -0.192628667 0.023599848 0.999427080 0.024253337 -0.460665405 0.006139254 -0.024404522 0.999683380 13.482090950
0.999743938 -0.020689579 -0.009167505 -0.173797712 0.020917477 0.999455750 0.025502592 -0.482162058 0.008634881 -0.025687829 0.999632776 14.339240074
0.999743462 -0.019752806 -0.011084742 -0.183888927 0.020032866 0.999467552 0.025749907 -0.462241113 0.010570209 -0.025965365 0.999607027 15.124140739
0.999679029 -0.021385802 -0.013586519 -0.182332814 0.021759093 0.999372423 0.027948361 -0.464495718 0.012980296 -0.028235026 0.999517083 15.963129044
0.999659181 -0.020921208 -0.015617412 -0.184268847 0.021383621 0.999319434 0.030053457 -0.459185869 0.014978030 -0.030377176 0.999426305 16.792287827
0.999619901 -0.021008680 -0.017852202 -0.179937273 0.021582166 0.999236524 0.032562688 -0.500208378 0.017154476 -0.032935608 0.999310255 17.561439514
0.999568522 -0.021236407 -0.020295313 -0.168718502 0.021922719 0.999173880 0.034214091 -0.531293035 0.019551966 -0.034644261 0.999208450 18.366559982
0.999552011 -0.020618321 -0.021698056 -0.192709714 0.021341953 0.999205112 0.033664264 -0.501583993 0.020986710 -0.034112263 0.999197662 19.217782974
0.999465585 -0.022815863 -0.023411803 -0.209987938 0.023588266 0.999168038 0.033263884 -0.444205105 0.022633381 -0.033798356 0.999172390 20.041908264
0.999427915 -0.022979617 -0.024817768 -0.230064273 0.023839684 0.999105036 0.034933906 -0.407351166 0.023992790 -0.035505567 0.999081433 20.906246185
0.999378085 -0.023626991 -0.026178716 -0.238247320 0.024611805 0.998975992 0.037957855 -0.386952043 0.025255078 -0.038578551 0.998936415 21.739343643
0.999362290 -0.023421476 -0.026952639 -0.256242365 0.024477404 0.998917997 0.039537728 -0.357673526 0.025997445 -0.040172242 0.998854518 22.527109146
0.999347627 -0.023120303 -0.027744997 -0.280615985 0.024242360 0.998872459 0.040810827 -0.398774058 0.026770158 -0.041456800 0.998781621 23.286712646
0.999320328 -0.022859251 -0.028917912 -0.298829496 0.024003983 0.998915851 0.039877854 -0.417148173 0.027974989 -0.040544886 0.998786032 23.979429245
0.999319136 -0.023729021 -0.028251853 -0.357077360 0.024887977 0.998832166 0.041402828 -0.470104575 0.027236415 -0.042077761 0.998743057 24.566249847
0.999319375 -0.022500889 -0.029228874 -0.383409590 0.023646992 0.998940349 0.039475974 -0.420046061 0.028309660 -0.040140271 0.998792946 25.366159439
0.999295175 -0.022910496 -0.029734215 -0.425499171 0.024106495 0.998888016 0.040507890 -0.427121669 0.028773095 -0.041196115 0.998736739 26.041053772
0.999253452 -0.022636319 -0.031305395 -0.461797953 0.023893824 0.998897672 0.040395729 -0.411547810 0.030356480 -0.041113567 0.998693228 26.727664948
0.999186099 -0.022655895 -0.033374358 -0.486196190 0.023994576 0.998900235 0.040271997 -0.382356375 0.032425258 -0.041040011 0.998631239 27.485952377
0.999243379 -0.020430142 -0.033094611 -0.561034918 0.021823660 0.998865843 0.042307742 -0.387864292 0.032192726 -0.042997964 0.998556376 27.990049362
0.999194980 -0.019221330 -0.035211749 -0.584875405 0.020839414 0.998715460 0.046177223 -0.401213080 0.034278933 -0.046873834 0.998312473 28.573194504
0.999142289 -0.020700274 -0.035862207 -0.647846818 0.022428371 0.998572171 0.048474442 -0.392524123 0.034807574 -0.049237188 0.998180389 29.091766357
0.999104142 -0.021128846 -0.036666185 -0.710698247 0.022914516 0.998536229 0.048983842 -0.366257995 0.035577547 -0.049780142 0.998126268 29.661258698
0.999059558 -0.019298606 -0.038826630 -0.740630090 0.021216111 0.998543561 0.049595889 -0.386452764 0.037812956 -0.050372988 0.998014331 30.269083023
0.999019980 -0.018534234 -0.040193539 -0.779088914 0.020504897 0.998578787 0.049184326 -0.358053952 0.039224826 -0.049960278 0.997980595 30.820795059
0.998980165 -0.017529756 -0.041607760 -0.811098456 0.019703666 0.998430014 0.052425798 -0.384354711 0.040623426 -0.053192154 0.997757614 31.335758209
0.998971820 -0.017820677 -0.041684404 -0.878564417 0.020082600 0.998311996 0.054488953 -0.369314373 0.040643014 -0.055270057 0.997643828 31.789520264
0.999018073 -0.016160995 -0.041249596 -0.924562633 0.018432034 0.998300254 0.055282857 -0.336607575 0.040286057 -0.055988889 0.997618198 32.345062256
0.999138474 -0.012976372 -0.039418157 -0.974248350 0.015084242 0.998445153 0.053656328 -0.311172426 0.038660608 -0.054204695 0.997780979 32.990196228
0.999257565 -0.010627643 -0.037030097 -1.013379455 0.012512613 0.998617351 0.051049210 -0.297937304 0.036436368 -0.051474646 0.998009205 33.566883087
0.999391973 -0.009732521 -0.033478186 -1.072219968 0.011458712 0.998593330 0.051761989 -0.326751322 0.032927316 -0.052114125 0.998097956 34.143478394
0.999508083 -0.009690960 -0.029823735 -1.099433422 0.011311259 0.998441219 0.054648623 -0.364630222 0.029247643 -0.054959081 0.998059928 34.620838165
0.999678254 -0.004238217 -0.025002578 -1.164099455 0.005677533 0.998312950 0.057779040 -0.348666430 0.024715509 -0.057902403 0.998016059 35.157032013
0.999735117 -0.000176841 -0.023009470 -1.153103113 0.001585718 0.998122394 0.061225832 -0.313548207 0.022955433 -0.061246101 0.997858465 35.763751984
0.999814212 0.005003368 -0.018607050 -1.176542878 -0.003833655 0.998045087 0.062375769 -0.286357760 0.018882755 -0.062292855 0.997879028 36.345413208
0.999867857 0.006523355 -0.014878436 -1.147618532 -0.005562050 0.997949481 0.063759945 -0.283399224 0.015263846 -0.063668780 0.997854054 36.845550537
0.999899864 0.011520902 -0.008194499 -1.181948543 -0.010953162 0.997743249 0.066241987 -0.261697114 0.008939161 -0.066145614 0.997769654 37.353054047
0.999876320 0.015561916 -0.002193411 -1.177734613 -0.015369393 0.997410238 0.070257917 -0.299592048 0.003281067 -0.070215531 0.997526169 37.759368896
0.999828160 0.018068433 0.004104095 -1.166060686 -0.018312328 0.997357786 0.070297413 -0.272972286 -0.002823099 -0.070360497 0.997517347 38.274215698
0.999691904 0.021810558 0.011833884 -1.172760844 -0.022612268 0.997113287 0.072480194 -0.301578939 -0.010218902 -0.072725467 0.997299314 38.641716003
0.999455392 0.026777729 0.019273764 -1.173149824 -0.028122026 0.996917903 0.073235922 -0.301287115 -0.017253280 -0.073738061 0.997128069 39.023998260
0.999145865 0.031522792 0.026707813 -1.166236758 -0.033377815 0.996836960 0.072122812 -0.316228986 -0.024349833 -0.072952673 0.997037768 39.367244720
0.998807609 0.034204304 0.034827918 -1.156933069 -0.036571410 0.996892631 0.069765948 -0.302129030 -0.032333411 -0.070956476 0.996954858 39.763237000
0.998415947 0.036036290 0.043204546 -1.154125452 -0.039058898 0.996690452 0.071289241 -0.318002939 -0.040492576 -0.072863854 0.996519148 40.067024231
0.998083174 0.035260901 0.050855830 -1.127913475 -0.038966734 0.996509731 0.073820934 -0.320540011 -0.048075356 -0.075661138 0.995973587 40.388713837
0.997574806 0.037069902 0.058906700 -1.108980656 -0.041446894 0.996328533 0.074908085 -0.302402228 -0.055913605 -0.077167936 0.995448649 40.732799530
0.996905804 0.038618159 0.068462625 -1.134533525 -0.043818664 0.996131897 0.076162897 -0.305523455 -0.065256551 -0.078927189 0.994741857 40.865127563
0.995917737 0.046868842 0.077142045 -1.113127470 -0.052684680 0.995777905 0.075168677 -0.253484249 -0.073293291 -0.078926042 0.994182050 40.945117950
0.994938254 0.050011169 0.087157890 -1.131688833 -0.056598362 0.995589256 0.074821748 -0.217479646 -0.083031558 -0.079376027 0.993380308 41.108139038
0.994022191 0.050184682 0.096958779 -1.106731653 -0.057650689 0.995454848 0.075800203 -0.208038867 -0.092714094 -0.080936849 0.992397368 41.360218048
0.993022859 0.048849810 0.107326716 -1.064926863 -0.057047397 0.995573759 0.074685901 -0.208595678 -0.103203289 -0.080287538 0.991414249 41.600116730
0.991737425 0.047499113 0.119166315 -1.026060104 -0.056161582 0.995935082 0.070418537 -0.193906009 -0.115337119 -0.076529272 0.990373552 41.854198456
0.989876688 0.049651854 0.132961631 -0.996553719 -0.058989588 0.995991647 0.067234360 -0.197268561 -0.129090369 -0.074397087 0.988837659 42.064609528
0.987505257 0.051189803 0.149040043 -0.983005941 -0.061619617 0.995900214 0.066222213 -0.197996631 -0.145039111 -0.074578591 0.986610770 42.194652557
0.985645175 0.049258318 0.161484048 -0.901439905 -0.060619593 0.995963156 0.066198148 -0.209758610 -0.157571346 -0.075037003 0.984652162 42.387004852
0.982384920 0.043951824 0.181626201 -0.947935700 -0.056738231 0.996217370 0.065812141 -0.218466878 -0.178046614 -0.074958026 0.981162488 42.699493408
0.978779495 0.044459455 0.200035125 -0.908341229 -0.058620695 0.996133268 0.065434448 -0.221720144 -0.196352452 -0.075772107 0.977600932 42.874530792
0.974615216 0.043404106 0.219638839 -0.863755345 -0.059120525 0.996099830 0.065493613 -0.214184225 -0.215939507 -0.076816246 0.973380089 43.042675018
0.969765842 0.042847980 0.240246251 -0.806733370 -0.059982490 0.996115386 0.064464845 -0.204014286 -0.236550793 -0.076926380 0.968568802 43.293766022
0.964074612 0.045219097 0.261754543 -0.753829777 -0.063689604 0.996009707 0.062512279 -0.192394406 -0.257883310 -0.076937549 0.963107586 43.495998383
0.957363188 0.048085697 0.284857333 -0.696215093 -0.068062380 0.995835960 0.060644221 -0.186386660 -0.280755043 -0.077446610 0.956649423 43.695854187
0.949802279 0.048875988 0.309009671 -0.594385624 -0.070570417 0.995735288 0.059416890 -0.172495604 -0.304787815 -0.078241237 0.949200869 43.945610046
0.940982461 0.051650017 0.334491462 -0.503690004 -0.075509071 0.995414615 0.058714610 -0.170332417 -0.329925090 -0.080506548 0.940567791 44.155845642
0.930750728 0.053880323 0.361663163 -0.396237701 -0.079897620 0.995150805 0.057361990 -0.157298446 -0.356818765 -0.082285732 0.930542350 44.391155243
0.919108927 0.055067964 0.390136689 -0.303184628 -0.083422199 0.994933724 0.056096010 -0.161886290 -0.385071129 -0.084104396 0.919046402 44.573921204
0.905637145 0.054964215 0.420476764 -0.219271183 -0.085528307 0.994861841 0.054166637 -0.178814232 -0.415339142 -0.085017972 0.905684769 44.737564087
0.889670968 0.052661765 0.453555554 -0.215470776 -0.085830785 0.994906902 0.052843813 -0.245483220 -0.448462814 -0.085942626 0.889659762 44.736518860
0.871712744 0.052634574 0.487182558 -0.070925698 -0.086770110 0.995082974 0.047749747 -0.238458902 -0.482273877 -0.083896935 0.871993601 44.939208984
0.850876510 0.057889182 0.522166908 0.030703343 -0.093536884 0.994723201 0.042140998 -0.253437638 -0.516972065 -0.084698640 0.851801395 45.096626282
0.828126431 0.060731422 0.557241976 0.143698901 -0.097534508 0.994560182 0.036554776 -0.252853513 -0.551990747 -0.084622294 0.829545021 45.242328644
0.802695632 0.064107828 0.592933536 0.291047901 -0.102664687 0.994217098 0.031489886 -0.250579745 -0.587485969 -0.086150132 0.804635346 45.416183472
0.774753213 0.067748591 0.628623784 0.482397676 -0.108879179 0.993685246 0.027096858 -0.254293293 -0.622818410 -0.089437418 0.777237236 45.614662170
0.744398236 0.071620330 0.663884044 0.675958753 -0.116065763 0.992974460 0.023019103 -0.268764317 -0.657571256 -0.094189592 0.747481108 45.796092987
0.710799336 0.072797358 0.699617803 0.903013825 -0.119543776 0.992662430 0.018164847 -0.271075010 -0.693161964 -0.096546523 0.714286327 45.988189697
0.673633218 0.070234396 0.735721111 1.150184870 -0.119827665 0.992681861 0.014950645 -0.283829123 -0.729286969 -0.098231003 0.677119553 46.172931671
0.634155571 0.069123633 0.770109534 1.455823421 -0.120615289 0.992646396 0.010223947 -0.277025223 -0.763739765 -0.099370569 0.637829721 46.371002197
0.591252506 0.068496831 0.803572416 1.761809468 -0.122277029 0.992481172 0.005369541 -0.287563443 -0.797162831 -0.101433225 0.595182717 46.558502197
0.543320775 0.078393929 0.835856974 1.846850038 -0.141388834 0.989953339 -0.000941331 -0.346967846 -0.827533364 -0.117669418 0.548946440 46.679676056
0.493271589 0.077376895 0.866427124 2.178858519 -0.140817836 0.990000904 -0.008242735 -0.335287988 -0.858401537 -0.117942505 0.499235600 46.871356964
0.443288952 0.075309053 0.893209636 2.526698112 -0.144644350 0.989414990 -0.011635164 -0.367473960 -0.884631395 -0.124039993 0.449490011 47.034816742
0.392259866 0.070065625 0.917182148 2.922537327 -0.147654071 0.988960981 -0.012400355 -0.424544007 -0.907926381 -0.130561531 0.398275435 47.200775146
0.341910303 0.069347687 0.937170327 3.344766140 -0.152260751 0.988183796 -0.017572824 -0.424580425 -0.927315414 -0.136685938 0.348429382 47.334720612
0.291362077 0.069034070 0.954118609 3.763591766 -0.152310759 0.988016665 -0.024975119 -0.435613930 -0.944409549 -0.138045743 0.298385412 47.453407288
0.243121997 0.066223793 0.967732370 4.293606281 -0.142954007 0.989218533 -0.031779997 -0.446020424 -0.959403813 -0.130614847 0.249967948 47.577106476
0.198429480 0.060781479 0.978228629 4.721261501 -0.130371794 0.990842521 -0.035119865 -0.455689043 -0.971405506 -0.120564632 0.204536736 47.640838623
0.156330228 0.060028858 0.985878944 5.208481312 -0.120238274 0.991883993 -0.041328378 -0.459624529 -0.980358779 -0.112079531 0.162279367 47.686374664
0.118420981 0.059741981 0.991164565 5.567407608 -0.116649665 0.992113233 -0.045862243 -0.498995513 -0.986087739 -0.110187992 0.124456033 47.716991425
0.085951999 0.059906568 0.994496465 5.972249985 -0.108810157 0.992783666 -0.050399173 -0.545042276 -0.990339458 -0.103879444 0.091850296 47.738254547
0.057027090 0.058653243 0.996648073 6.447630405 -0.101534240 0.993437171 -0.052654587 -0.567179978 -0.993196011 -0.098191217 0.062608242 47.760963440
0.032406680 0.056938872 0.997851431 6.881690025 -0.096009523 0.993935943 -0.053597379 -0.593211114 -0.994852543 -0.094066367 0.037676919 47.718975067
0.012557738 0.055822354 0.998361588 7.394063950 -0.091130562 0.994348764 -0.054451689 -0.615557253 -0.995759547 -0.090297498 0.017573968 47.710479736
-0.003280483 0.057722759 0.998327136 7.757627010 -0.089011699 0.994352579 -0.057785418 -0.628641248 -0.996024966 -0.089052394 0.001876112 47.702232361
-0.016961891 0.057058956 0.998226583 8.259643555 -0.089161217 0.994306266 -0.058349866 -0.668450892 -0.995872557 -0.089992866 -0.011777804 47.714832306
-0.028046459 0.057624295 0.997944176 8.747916222 -0.089436263 0.994188130 -0.059920911 -0.695290446 -0.995597363 -0.090933017 -0.022729693 47.649108887
-0.036857467 0.061149307 0.997447729 9.305537224 -0.085110053 0.994307101 -0.064101696 -0.697200954 -0.995689452 -0.087255500 -0.031443156 47.602489471
-0.043425117 0.063055284 0.997064710 9.840622902 -0.081396081 0.994464874 -0.066435866 -0.712040067 -0.995735168 -0.084042184 -0.038052239 47.564197540
-0.047853045 0.062352985 0.996906161 10.382343292 -0.080955938 0.994523883 -0.066089951 -0.741382658 -0.995568156 -0.083868116 -0.042543083 47.540302277
-0.051652141 0.059340928 0.996900439 11.022768021 -0.083911203 0.994444966 -0.063542396 -0.766990244 -0.995133519 -0.086933255 -0.046385776 47.515750885
-0.053640157 0.052154556 0.997197270 11.516415596 -0.086020797 0.994681180 -0.056650069 -0.802745819 -0.994848192 -0.088818461 -0.048868414 47.474815369
-0.054678902 0.046574470 0.997417033 12.237827301 -0.084659323 0.995098174 -0.051107220 -0.836564660 -0.994908392 -0.087235175 -0.050467845 47.428176880
-0.054476604 0.044135690 0.997538984 12.831061363 -0.082070403 0.995444298 -0.048524920 -0.862619460 -0.995136380 -0.084511936 -0.050606124 47.358566284
-0.053720053 0.045454852 0.997520804 13.303271294 -0.079535171 0.995594621 -0.049650293 -0.926953316 -0.995383322 -0.082005247 -0.049868066 47.280731201
-0.052381802 0.052874591 0.997226238 13.974792480 -0.078957573 0.995251596 -0.056917295 -0.944472671 -0.995500624 -0.081720032 -0.047958154 47.223911285
-0.051379349 0.060280666 0.996858120 14.401329041 -0.081223376 0.994617403 -0.064331487 -0.993457258 -0.995370507 -0.084273532 -0.046206534 47.228889465
-0.049575668 0.061081398 0.996900678 15.090579987 -0.081307851 0.994568229 -0.064981870 -1.018531799 -0.995455086 -0.084277414 -0.044339925 47.209255219
-0.048772369 0.056407109 0.997215688 15.719654083 -0.083446041 0.994683206 -0.060345046 -1.053112388 -0.995317817 -0.086156912 -0.043806046 47.243522644
-0.045572780 0.049547579 0.997731268 16.356840134 -0.083019942 0.995126009 -0.053210214 -1.107578874 -0.995505035 -0.085256577 -0.041237164 47.186138153
-0.042297088 0.048118275 0.997945428 17.066692352 -0.084990419 0.995045424 -0.051580653 -1.122475505 -0.995483339 -0.086997561 -0.037997879 47.139804840
-0.039641723 0.053812366 0.997763634 17.655578613 -0.077977903 0.995336533 -0.056779534 -1.132110715 -0.996166348 -0.080054410 -0.035260629 47.151950836
-0.035942763 0.060025942 0.997549295 18.371822357 -0.076399736 0.995107830 -0.062631764 -1.156922340 -0.996428967 -0.078463711 -0.031180905 47.104606628
-0.033715755 0.061284579 0.997550547 19.081602097 -0.083250567 0.994476855 -0.063909456 -1.169135571 -0.995957911 -0.085201457 -0.028427506 47.094425201
-0.030548027 0.057491720 0.997878313 19.810934067 -0.088006645 0.994312108 -0.059980363 -1.211101890 -0.995651126 -0.089652263 -0.025314562 47.088600159
-0.027142690 0.053265009 0.998211265 20.387817383 -0.088151097 0.994561255 -0.055467155 -1.295466304 -0.995736957 -0.089499012 -0.022299642 47.093410492
-0.024892282 0.054606564 0.998197377 21.054862976 -0.088178121 0.994494855 -0.056602903 -1.351613641 -0.995793283 -0.089428216 -0.019940084 47.087085724
-0.022325559 0.057915643 0.998071551 21.500694275 -0.089905903 0.994159043 -0.059699647 -1.412537336 -0.995699644 -0.091065422 -0.016988140 47.071605682
-0.017776528 0.058876477 0.998106718 22.134708405 -0.093820088 0.993761599 -0.060291085 -1.428684592 -0.995430052 -0.094714291 -0.012141775 47.033935547
-0.013776178 0.058524009 0.998190641 22.847724915 -0.094364844 0.993753731 -0.059566177 -1.469915152 -0.995441973 -0.095014766 -0.008167459 47.020378113
-0.010188965 0.055340916 0.998415172 23.575122833 -0.090470202 0.994320989 -0.056037202 -1.513949275 -0.995846629 -0.090897858 -0.005124337 47.008960724
-0.006965932 0.055508789 0.998433530 24.145977020 -0.086280823 0.994700789 -0.055903200 -1.554401159 -0.996246099 -0.086535163 -0.002139611 47.014648438
-0.004340165 0.056509092 0.998392284 24.789789200 -0.086150080 0.994668543 -0.056672804 -1.584097266 -0.996272326 -0.086257629 0.000551301 47.017673492
-0.002931045 0.057270486 0.998354018 25.382396698 -0.088680662 0.994409919 -0.057304557 -1.613873959 -0.996055424 -0.088702738 0.002164189 47.036872864
-0.000101922 0.055932108 0.998434186 25.991872787 -0.089331917 0.994441807 -0.055717546 -1.651684284 -0.996001482 -0.089197800 0.004895233 47.051780701
0.002572065 0.055619113 0.998448372 26.522127151 -0.090435170 0.994373202 -0.055159114 -1.680920243 -0.995898604 -0.090153053 0.007587584 47.066867828
0.004852543 0.055995390 0.998418868 27.098857880 -0.093950443 0.994039834 -0.055293150 -1.720593095 -0.995564640 -0.093533665 0.010084480 47.082599640
0.007649900 0.057576589 0.998311400 27.809423447 -0.097321071 0.993644118 -0.056561626 -1.765748978 -0.995223224 -0.096724123 0.013204764 47.102195740
0.010607033 0.057375163 0.998295963 28.468358994 -0.096010923 0.993797958 -0.056096494 -1.820106149 -0.995323360 -0.095252380 0.016049961 47.098526001
0.011323721 0.055845670 0.998374820 29.067155838 -0.102364503 0.993258059 -0.054398403 -1.891013265 -0.994682193 -0.101582229 0.016964063 47.152626038
0.013985024 0.056858022 0.998283923 29.803215027 -0.102920175 0.993160605 -0.055124383 -1.918322444 -0.994590998 -0.101972729 0.019741286 47.164260864
0.015996849 0.056735467 0.998260677 30.528274536 -0.106368601 0.992819548 -0.054721672 -1.956589699 -0.994197786 -0.105308309 0.021916930 47.195159912
0.019006271 0.058266725 0.998119712 31.244401932 -0.108970009 0.992473781 -0.055862103 -2.009859562 -0.993862987 -0.107703477 0.025212627 47.198371887
0.020061780 0.062042531 0.997871459 31.921039581 -0.111393563 0.991996884 -0.059437744 -2.038735867 -0.993573487 -0.109964125 0.026812440 47.286930084
0.023553757 0.064300217 0.997652173 32.574363708 -0.111505039 0.991871357 -0.061295073 -2.082845688 -0.993484378 -0.109799616 0.030532176 47.305713654
0.026035594 0.067271560 0.997394502 33.343582153 -0.118582495 0.990895987 -0.063737810 -2.108340740 -0.992602527 -0.116614170 0.033775877 47.341567993
0.028137907 0.066804051 0.997368813 34.115074158 -0.123047031 0.990407169 -0.062866323 -2.139084101 -0.992001593 -0.120954432 0.036088109 47.387649536
0.031839963 0.067460775 0.997213244 34.832477570 -0.122715160 0.990434527 -0.063084014 -2.204312325 -0.991930783 -0.120364681 0.039813939 47.408718109
0.035105359 0.068350062 0.997043073 35.588916779 -0.125466540 0.990066111 -0.063454136 -2.262863398 -0.991476238 -0.122868069 0.043332353 47.454177856
0.038047530 0.069483683 0.996856749 36.362831116 -0.130887583 0.989331245 -0.063963458 -2.296988010 -0.990666568 -0.128042623 0.046736248 47.509189606
0.041836381 0.068732873 0.996756971 37.130962372 -0.132623449 0.989184439 -0.062644139 -2.314978361 -0.990282834 -0.129572645 0.050499581 47.547031403
0.046150945 0.069358595 0.996523201 37.932659149 -0.133857936 0.989018559 -0.062637024 -2.336800337 -0.989925027 -0.130501851 0.054928437 47.593368530
0.050527774 0.073013112 0.996049762 38.760288239 -0.138280362 0.988229334 -0.065425128 -2.379580021 -0.989103079 -0.134428397 0.060029410 47.666690826
0.055728234 0.082850166 0.995002151 39.559108734 -0.140583277 0.987274110 -0.074332856 -2.394658327 -0.988498926 -0.135738283 0.066666491 47.740364075
0.061252899 0.087749764 0.994257033 40.276390076 -0.144401357 0.986426950 -0.078162588 -2.435171604 -0.987621248 -0.138784453 0.073092796 47.840629578
0.067777433 0.091954827 0.993453324 40.964523315 -0.149064332 0.985500038 -0.081048846 -2.463943005 -0.986501634 -0.142595276 0.080501944 47.917934418
0.075228423 0.090560719 0.993045032 41.740158081 -0.153078645 0.985111535 -0.078240655 -2.509993553 -0.985346198 -0.146128178 0.087971404 47.959403992
0.082983293 0.089094587 0.992559791 42.484580994 -0.152924344 0.985336959 -0.075660907 -2.552351236 -0.984747350 -0.145508066 0.095391348 48.016105652
0.090235673 0.085782804 0.992218614 43.299106598 -0.153304011 0.985605359 -0.071269020 -2.601404428 -0.984050214 -0.145680174 0.102087736 48.104911804
0.097333886 0.080844194 0.991962314 44.033222198 -0.154573038 0.985828817 -0.065177158 -2.622972012 -0.983174801 -0.146986783 0.108451016 48.219387054
0.103072353 0.073300906 0.991968811 44.710685730 -0.157621473 0.985883117 -0.056473210 -2.658540249 -0.982105315 -0.150534838 0.113171235 48.353305817
0.110822380 0.070606053 0.991328537 45.514305115 -0.157872483 0.986058176 -0.052581787 -2.705961466 -0.981220603 -0.150676325 0.120424211 48.444183350
0.116698444 0.072094813 0.990546763 46.201984406 -0.159450918 0.985783756 -0.052962840 -2.757425785 -0.980283618 -0.151763007 0.126535162 48.548027039
0.120497420 0.077942893 0.989648581 46.938766479 -0.161537871 0.985164881 -0.057921223 -2.818589211 -0.979481936 -0.152886465 0.131300718 48.681430817
0.122832455 0.081536554 0.989071727 47.609714508 -0.165457621 0.984352946 -0.060599364 -2.840638638 -0.978537142 -0.156206012 0.134401485 48.847084045
0.128585219 0.083566844 0.988170743 48.275501251 -0.170566902 0.983457446 -0.060973253 -2.933516502 -0.976919532 -0.160709068 0.140711963 48.887836456
0.134842619 0.082032792 0.987464964 48.946968079 -0.174409553 0.982972443 -0.057843130 -3.027181149 -0.975396156 -0.164423719 0.146854028 48.946037292
0.140454978 0.078566767 0.986964345 49.594833374 -0.174671680 0.983176887 -0.053407654 -3.115569592 -0.974556923 -0.164893478 0.151815623 49.000972748
0.143336207 0.072345756 0.987025738 50.351764679 -0.177846938 0.982971728 -0.046221547 -3.158059835 -0.973562598 -0.168914407 0.153762072 49.144657135
0.146707386 0.066140004 0.986965775 51.073673248 -0.179806784 0.982922614 -0.039141629 -3.182478905 -0.972700059 -0.171720907 0.156094581 49.258815765
0.149189204 0.062865198 0.986807764 51.745121002 -0.185236543 0.982085824 -0.034559570 -3.210863590 -0.971302748 -0.177637085 0.158161685 49.351531982
0.151738554 0.063098617 0.986404061 52.467658997 -0.188807681 0.981434166 -0.033736333 -3.238413572 -0.970219612 -0.181121722 0.160835057 49.474903107
0.152084887 0.064867415 0.986235976 53.128250122 -0.193860471 0.980418861 -0.034590021 -3.281884432 -0.969168425 -0.185931697 0.161682263 49.634086609
0.152933016 0.069369853 0.985798299 53.831356049 -0.199362561 0.979189396 -0.037976373 -3.301645994 -0.967917919 -0.190723568 0.163580269 49.762512207
0.152736738 0.074261472 0.985472322 54.532569885 -0.204553172 0.977954149 -0.041991509 -3.323222876 -0.966865361 -0.195167989 0.164560065 49.905696869
0.153735444 0.079904988 0.984875441 55.160358429 -0.206789404 0.977255285 -0.047007628 -3.346765041 -0.966231167 -0.196435213 0.166762412 50.040405273
0.154547542 0.082063861 0.984570801 55.703521729 -0.207116559 0.977091670 -0.048929442 -3.370466471 -0.966031492 -0.196359128 0.168004021 50.152481079
0.156552136 0.081828795 0.984273612 56.363735199 -0.210655704 0.976397097 -0.047668401 -3.414201021 -0.964942813 -0.199880376 0.170094877 50.238265991
0.154725716 0.077908315 0.984880328 56.984401703 -0.214343607 0.975788236 -0.043515440 -3.476442337 -0.964425147 -0.204369962 0.167678788 50.401245117
0.154445335 0.075258426 0.985130370 57.585086823 -0.216708750 0.975393891 -0.040539719 -3.518190145 -0.963941395 -0.207225323 0.166954309 50.502243042
0.153292850 0.074806549 0.985344768 58.213336945 -0.216851532 0.975371599 -0.040313143 -3.525194168 -0.964093208 -0.207493931 0.165739521 50.625022888
0.149827227 0.073888578 0.985946894 58.777477264 -0.221099421 0.974453628 -0.039428316 -3.561210155 -0.963673115 -0.212084964 0.162336528 50.748176575
0.143130243 0.074234232 0.986915350 59.307365417 -0.232929960 0.971698463 -0.039308246 -3.649397850 -0.961902440 -0.224256083 0.156370938 50.875419617
0.139583781 0.077438138 0.987177074 59.904457092 -0.235631704 0.970897317 -0.042843435 -3.666176558 -0.961765587 -0.226630107 0.153768539 50.995365143
0.137007177 0.081446171 0.987215519 60.447895050 -0.234575287 0.970934212 -0.047548190 -3.693838358 -0.962394178 -0.225062042 0.152130321 51.077140808
0.135333210 0.082030609 0.987397969 61.027156830 -0.232577473 0.971351564 -0.048820272 -3.723861217 -0.963115633 -0.223039642 0.150534719 51.162319183
0.132927641 0.081008106 0.987809062 61.624286652 -0.233587474 0.971139848 -0.048207585 -3.745126486 -0.963206232 -0.224331811 0.148013920 51.256347656
0.130028859 0.078010537 0.988435984 62.227550507 -0.234446019 0.971049666 -0.045796871 -3.770179749 -0.963393331 -0.225780085 0.144553855 51.355815887
0.127077058 0.075242348 0.989034355 62.783008575 -0.234577090 0.971112907 -0.043738995 -3.770535231 -0.963755250 -0.226446673 0.141056404 51.444087982
0.124920882 0.072554484 0.989509761 63.241798401 -0.231542945 0.971916080 -0.042033181 -3.851269722 -0.964770377 -0.223863274 0.138212204 51.524696350
0.122866906 0.074391998 0.989630520 63.805179596 -0.228242561 0.972574174 -0.044772472 -3.870604515 -0.965820014 -0.220374838 0.136476725 51.599494934
0.119440809 0.076290935 0.989905357 64.293403625 -0.225415036 0.973089576 -0.047796570 -3.900970936 -0.966913223 -0.217430785 0.133423865 51.681625366
0.117559969 0.078035690 0.989994526 64.800476074 -0.226431847 0.972753584 -0.049788255 -3.925585508 -0.966906190 -0.218313262 0.132026762 51.750282288
0.115044832 0.079937957 0.990138233 65.267471313 -0.228862330 0.972074866 -0.051887877 -3.968519211 -0.966636419 -0.220635980 0.130127087 51.832546234
0.111786276 0.076646216 0.990771592 65.743988037 -0.230295539 0.971876144 -0.049200717 -4.036919594 -0.966678381 -0.222670376 0.126293808 51.938663483
0.112569235 0.074636951 0.990836322 66.204521179 -0.224169582 0.973374546 -0.047853552 -4.076062679 -0.968026578 -0.216728598 0.126303479 51.991188049
0.115138717 0.072945878 0.990666926 66.739814758 -0.219106957 0.974601865 -0.046297509 -4.100781441 -0.968883097 -0.211731464 0.128197461 52.050086975
0.116635889 0.073119022 0.990478992 67.311820984 -0.217133030 0.975038171 -0.046410114 -4.113465786 -0.969148397 -0.209652707 0.129601106 52.130741119
0.119359337 0.072408430 0.990206718 67.792465210 -0.219932660 0.974488199 -0.044748288 -4.138960361 -0.968185008 -0.212437764 0.132239357 52.218372345
0.123781994 0.071172707 0.989753187 68.262939453 -0.222912624 0.973926485 -0.042156294 -4.206360340 -0.966947377 -0.215410382 0.136419982 52.317718506
0.129799441 0.068636768 0.989161253 68.698661804 -0.222255468 0.974230528 -0.038435902 -4.258787632 -0.966309369 -0.214857638 0.141709596 52.398132324
0.136828125 0.068431206 0.988227725 69.116012573 -0.223847136 0.973942399 -0.036448449 -4.263492584 -0.964971304 -0.216224879 0.148580968 52.479137421
0.144727826 0.066547133 0.987230599 69.651580811 -0.223348394 0.974182367 -0.032924648 -4.272026062 -0.963933825 -0.215731353 0.155854642 52.582530975
0.152791739 0.065221645 0.986103296 70.191612244 -0.226372674 0.973599315 -0.029319223 -4.290163040 -0.961981952 -0.218747213 0.163522482 52.725776672
0.163033694 0.064054586 0.984538496 70.704872131 -0.226417914 0.973686934 -0.025855031 -4.315642357 -0.960288525 -0.218702003 0.173247024 52.814891815
0.172331721 0.067449056 0.982726514 71.262153625 -0.231559008 0.972469568 -0.026138596 -4.326268673 -0.957434773 -0.223054752 0.183205932 52.946990967
0.180514008 0.069184810 0.981135666 71.798797607 -0.235976696 0.971434832 -0.025084544 -4.339321136 -0.954844892 -0.226997107 0.191683754 53.102443695
0.191491738 0.071721010 0.978869736 72.408065796 -0.239286959 0.970644474 -0.024307659 -4.342999935 -0.951877952 -0.229576156 0.203032464 53.246463776
0.202626586 0.074005216 0.976455152 73.022201538 -0.238302335 0.970891058 -0.024132717 -4.320063591 -0.949817538 -0.227801725 0.214364126 53.365596771
0.213412225 0.073922619 0.974161029 73.631477356 -0.239758447 0.970602572 -0.021127930 -4.336179256 -0.947084963 -0.229054481 0.224862203 53.512660980
0.224012867 0.074250162 0.971753180 74.263107300 -0.239765033 0.970646977 -0.018893842 -4.338932514 -0.944632113 -0.228760049 0.235240191 53.673988342
0.236325100 0.074487641 0.968814254 74.870635986 -0.241749927 0.970212698 -0.015624443 -4.368834496 -0.941119730 -0.230518401 0.247293189 53.797122955
0.249298736 0.068438187 0.966004848 75.462890625 -0.236662075 0.971560955 -0.007755885 -4.367871284 -0.939063370 -0.226683259 0.258405834 53.940559387
0.262381047 0.058541134 0.963186443 76.136093140 -0.225640669 0.974207819 0.002255736 -4.398467064 -0.938211679 -0.217925981 0.268823117 54.169193268
0.272219598 0.053815644 0.960728586 76.746795654 -0.224313527 0.974475563 0.008972977 -4.417641163 -0.935723543 -0.217947111 0.277343094 54.436939240
0.281709343 0.050536543 0.958167493 77.292816162 -0.227373645 0.973684132 0.015494923 -4.441709518 -0.932169318 -0.222227171 0.285786748 54.632854462
0.291115046 0.047642887 0.955500484 78.001907349 -0.221352354 0.975011945 0.018824367 -4.456397057 -0.930727482 -0.216982424 0.294386685 54.878204346
0.299837053 0.041632149 0.953081012 78.474220276 -0.213595137 0.976613820 0.024536503 -4.465781689 -0.929770529 -0.210930511 0.301717609 55.044101715
0.307274967 0.031066120 0.951112986 79.099220276 -0.202779338 0.978649378 0.033546228 -4.498671055 -0.929763913 -0.203174070 0.307014227 55.264160156
0.314436346 0.025603706 0.948932648 79.786926270 -0.194202706 0.980228543 0.037902568 -4.485595226 -0.929200411 -0.196203321 0.313192010 55.542106628
0.320797324 0.025860213 0.946794212 80.119812012 -0.195010155 0.980012894 0.039306827 -4.508754253 -0.926854074 -0.197244093 0.319428742 55.674758911
0.328539759 0.030614270 0.943993330 80.806091309 -0.187944189 0.981605232 0.033576604 -4.470575809 -0.925600827 -0.188449368 0.328250349 55.984508514
0.337458104 0.031948935 0.940797687 81.720184326 -0.176903710 0.983769059 0.030046096 -4.468256474 -0.924567640 -0.176569968 0.337632954 56.347820282
0.340824813 0.034646846 0.939487636 82.180831909 -0.183471963 0.982556701 0.030324377 -4.477896214 -0.922049224 -0.182705015 0.341236621 56.582866669
0.346233428 0.033891138 0.937535465 82.801239014 -0.188050330 0.981571496 0.033964373 -4.499849319 -0.919107020 -0.188063532 0.346226335 56.840927124
0.351469010 0.036218740 0.935498118 83.400451660 -0.194481745 0.980276942 0.035114963 -4.535374165 -0.915775418 -0.194279179 0.351581097 57.041786194
0.355395705 0.039305542 0.933888614 83.914466858 -0.195444047 0.980154812 0.033124432 -4.525169849 -0.914053440 -0.194295302 0.356025100 57.246913910
0.358498454 0.042407580 0.932566047 84.540275574 -0.197444335 0.979812384 0.031345859 -4.525022984 -0.912410438 -0.195367366 0.359634578 57.569961548
0.360946119 0.044824820 0.931508243 85.187507629 -0.200263783 0.979267478 0.030476404 -4.509369373 -0.910829544 -0.197547764 0.362439781 57.907260895
0.363600165 0.042370182 0.930590451 85.894271851 -0.199171275 0.979400754 0.033227716 -4.460879803 -0.910013139 -0.197428554 0.364549428 58.305763245
0.368785203 0.038619075 0.928711474 86.632911682 -0.194629982 0.980195999 0.036526378 -4.416206360 -0.908908606 -0.194225565 0.368998408 58.595733643
0.372227043 0.035867419 0.927447796 87.291442871 -0.194973364 0.979977667 0.040352851 -4.393547535 -0.907430768 -0.195848122 0.371767610 58.870101929
0.375299871 0.034578178 0.926257670 87.898857117 -0.195676476 0.979737639 0.042709369 -4.375901222 -0.906012654 -0.197275713 0.374461800 59.158287048
0.379166424 0.035922091 0.924630344 88.446304321 -0.197863370 0.979281545 0.043093309 -4.376205444 -0.903925359 -0.199290082 0.378418624 59.379558563
0.381252438 0.036392707 0.923753798 89.062850952 -0.197114542 0.979446828 0.042766538 -4.352789879 -0.903211296 -0.198390231 0.380590260 59.676540375
0.383160323 0.035026252 0.923016965 89.684783936 -0.195460588 0.979725420 0.043960959 -4.316789150 -0.902763247 -0.197257608 0.382238358 59.944946289
0.384551734 0.033729549 0.922486484 90.272796631 -0.193343803 0.980109096 0.044761781 -4.298912048 -0.902627409 -0.195570335 0.383424252 60.211341858
0.386403948 0.033472791 0.921721518 90.853485107 -0.194798499 0.979759812 0.046083003 -4.273736477 -0.901522934 -0.197356686 0.385103703 60.463642120
0.387749702 0.032528706 0.921190083 91.388809204 -0.193754658 0.979925454 0.046953041 -4.263515472 -0.901170015 -0.196690947 0.386268586 60.721801758
0.390047580 0.034516536 0.920147121 91.890563965 -0.195465162 0.979625762 0.046109468 -4.253446102 -0.899807930 -0.197841629 0.388847589 60.954109192
0.392568678 0.035178948 0.919049263 92.409294128 -0.193975568 0.979957461 0.045345698 -4.237078667 -0.899033606 -0.196074426 0.391524613 61.194087982
0.394886047 0.034445375 0.918083727 92.959167480 -0.192809418 0.980149686 0.046157226 -4.223175526 -0.898269236 -0.195242047 0.393688977 61.471027374
0.397443682 0.032710392 0.917042971 93.441932678 -0.190437689 0.980546236 0.047559686 -4.213175774 -0.897646964 -0.193541840 0.395941347 61.703395844
0.401005805 0.031804927 0.915522814 93.952751160 -0.189798146 0.980595887 0.049067542 -4.207509518 -0.896196961 -0.193440929 0.399261326 61.928989410
0.405089319 0.030874198 0.913755298 94.472755432 -0.185592487 0.981398046 0.049117897 -4.157283306 -0.895240784 -0.189483285 0.403284073 62.149227142
0.408351928 0.029956084 0.912332535 94.895050049 -0.185924828 0.981239140 0.050999776 -4.162113667 -0.893688262 -0.190451160 0.406260610 62.360507965
0.411042184 0.029183563 0.911148727 95.370185852 -0.186473578 0.981045067 0.052700713 -4.183450699 -0.892339587 -0.191567406 0.408692986 62.595394135
0.416408896 0.029263411 0.908706009 95.826164246 -0.188091025 0.980631709 0.054611970 -4.242302895 -0.889507413 -0.193660393 0.413848072 62.778636932
0.421281666 0.028903510 0.906468809 96.226684570 -0.186965808 0.980790257 0.055619184 -4.264742851 -0.887447774 -0.192910030 0.418593049 62.947463989
0.426934838 0.032059580 0.903713524 96.691719055 -0.188127354 0.980653822 0.054086659 -4.240716934 -0.884495795 -0.193104744 0.424706727 63.144947052
0.432557583 0.037813980 0.900812566 97.133872986 -0.191286743 0.980223238 0.050705850 -4.222917080 -0.881079674 -0.194246739 0.431236476 63.362957001
0.439064562 0.044126999 0.897370815 97.590469360 -0.194817662 0.979705453 0.047144547 -4.206374645 -0.877078414 -0.195523202 0.438750833 63.591770172
0.445338845 0.050609231 0.893930316 98.060386658 -0.199524432 0.978905082 0.043979287 -4.176691055 -0.872846842 -0.197946623 0.446042389 63.845680237
0.453405768 0.054575827 0.889631450 98.482833862 -0.202236325 0.978389740 0.043050140 -4.175966740 -0.868056476 -0.199434966 0.454644918 64.015518188
0.457642674 0.054521669 0.887462676 98.953453064 -0.205636740 0.977547050 0.045985848 -4.130916595 -0.865028977 -0.203539997 0.458579034 64.335411072
0.463203222 0.052867372 0.884673536 99.445983887 -0.211016834 0.976089716 0.052155353 -4.098558903 -0.860763073 -0.210839510 0.463283956 64.630355835
0.470590651 0.049728587 0.880948901 99.915260315 -0.216494709 0.974398136 0.060644872 -4.087309361 -0.855378747 -0.219259664 0.469308764 64.846321106
0.477111518 0.047102951 0.877579272 100.414146423 -0.221406534 0.972796500 0.068158060 -4.052819252 -0.850495219 -0.226820752 0.474561453 65.127288818
0.483476788 0.044935990 0.874202788 100.867286682 -0.223612770 0.971886456 0.073711723 -4.026695251 -0.846313179 -0.231120780 0.479932934 65.387130737
0.490319490 0.048081182 0.870215237 101.364410400 -0.227311701 0.970973194 0.074429743 -3.988222837 -0.841376662 -0.234304428 0.487016588 65.674171448
0.496463865 0.051774934 0.866511703 101.806068420 -0.230591267 0.970221460 0.074144602 -3.958653927 -0.836869121 -0.236620113 0.493618816 65.949935913
