1.000000000 0.000000000 0.000000000 0.000000000 0.000000000 1.000000000 0.000000000 0.000000000 0.000000000 0.000000000 1.000000000 0.000000000
0.999988973 -0.003026829 -0.003584817 0.001822494 0.003019478 0.999993324 -0.002054167 -0.003956333 0.003591011 0.002043320 0.999991477 0.681453288
0.999968350 -0.001728005 -0.007762766 -0.005806201 0.001701934 0.999992907 -0.003363881 -0.014983997 0.007768523 0.003350563 0.999964237 1.356259346
0.999937177 -0.000937858 -0.011169638 -0.030800018 0.000872387 0.999982417 -0.005864941 0.003091922 0.011174942 0.005854828 0.999920428 2.050773382
0.999873936 0.000778382 -0.015858546 -0.050932992 -0.000881189 0.999978602 -0.006476783 -0.006293849 0.015853167 0.006489942 0.999853253 2.768579483
0.999793172 -0.000252375 -0.020332243 -0.069348283 0.000111193 0.999975801 -0.006944594 -0.012032164 0.020333506 0.006940898 0.999769151 3.512473106
0.999692500 0.002605221 -0.024655052 -0.098678187 -0.002809987 0.999961734 -0.008274233 -0.022979677 0.024632555 0.008340970 0.999661744 4.255340099
0.999547899 0.005724480 -0.029512120 -0.130734891 -0.005980783 0.999944985 -0.008603727 -0.038527086 0.029461248 0.008776343 0.999527335 5.008522987
0.999409318 0.006040380 -0.033825353 -0.165805310 -0.006265481 0.999958754 -0.006552752 -0.055117905 0.033784378 0.006760815 0.999406219 5.773687840
0.999245346 0.005042593 -0.038508698 -0.193623990 -0.005192766 0.999979198 -0.003800694 -0.065614857 0.038488735 0.003997793 0.999250948 6.565021992
0.999116838 0.005421760 -0.041661456 -0.235680118 -0.005476102 0.999984205 -0.001190373 -0.080206215 0.041654348 0.001417464 0.999130964 7.341491222
0.999014497 0.004194982 -0.044181105 -0.276661992 -0.004230514 0.999990702 -0.000710768 -0.102824703 0.044177715 0.000896976 0.999023199 8.153204918
0.998918653 0.003729007 -0.046336580 -0.322683722 -0.003774293 0.999992430 -0.000889886 -0.110142380 0.046332911 0.001063812 0.998925447 8.976542473
0.998843133 0.000563985 -0.048079815 -0.363789618 -0.000631818 0.999998748 -0.001395673 -0.111431979 0.048078973 0.001424436 0.998842478 9.807840347
0.998726964 0.000658470 -0.050434511 -0.405918390 -0.000687612 0.999999523 -0.000560487 -0.121640421 0.050434120 0.000594453 0.998727202 10.636853218
0.998635232 -0.001142017 -0.052210554 -0.446762919 0.001114784 0.999999166 -0.000550731 -0.135573789 0.052211143 0.000491776 0.998635888 11.463375092
0.998589933 0.003475105 -0.052968428 -0.510256231 -0.003640232 0.999988735 -0.003021318 -0.143958509 0.052957337 0.003209875 0.998591542 12.280573845
0.998506188 0.003495276 -0.054523431 -0.554613233 -0.003798886 0.999977767 -0.005465792 -0.162154496 0.054503117 0.005664756 0.998497486 13.105508804
0.998389184 0.008851544 -0.056037601 -0.619158208 -0.009276676 0.999930084 -0.007330962 -0.168675810 0.055968795 0.007838997 0.998401701 13.961455345
0.998337030 0.009104588 -0.056919839 -0.674676716 -0.009500605 0.999932468 -0.006690708 -0.188220203 0.056855083 0.007220354 0.998356283 14.831248283
0.998252749 0.007579357 -0.058597308 -0.722468734 -0.007896817 0.999955356 -0.005187994 -0.202448219 0.058555372 0.005641662 0.998268127 15.652058601
0.998154879 0.009001791 -0.060045548 -0.781198144 -0.009234028 0.999950945 -0.003591341 -0.220608398 0.060010277 0.004139178 0.998189092 16.513523102
0.998009980 0.001577922 -0.063033052 -0.702393174 -0.001607601 0.999998689 -0.000420179 -0.350200355 0.063032307 0.000520675 0.998011291 16.739788055
