1.000000000 0.000000000 0.000000000 0.000000000 0.000000000 1.000000000 0.000000000 0.000000000 0.000000000 0.000000000 1.000000000 0.000000000
0.999989867 -0.002851036 -0.003489649 -0.000388759 0.002843477 0.999993622 -0.002169077 -0.003427268 0.003495811 0.002159132 0.999991536 0.701369762
0.999971390 -0.002767194 -0.007033776 -0.029195817 0.002742057 0.999989808 -0.003580761 -0.009062503 0.007043613 0.003561372 0.999968827 1.376098156
0.999937177 -0.002821554 -0.010841470 -0.046757728 0.002766651 0.999983251 -0.005075756 -0.016283114 0.010855610 0.005045443 0.999928355 2.080965519
0.999873042 0.001214312 -0.015884861 -0.059230093 -0.001368160 0.999952257 -0.009677904 0.054242391 0.015872348 0.009698409 0.999827027 2.829799891
0.999796867 0.000600576 -0.020145001 -0.084370419 -0.000795555 0.999952912 -0.009672178 0.029972246 0.020138241 0.009686239 0.999750316 3.578075171
0.999692261 0.002628634 -0.024666050 -0.108786389 -0.002899560 0.999935865 -0.010954455 0.015766192 0.024635669 0.011022605 0.999635756 4.347853184
0.999550700 0.004805759 -0.029583676 -0.144529551 -0.005143940 0.999922276 -0.011365842 0.001482870 0.029526748 0.011512913 0.999497712 5.130641937
0.999407768 0.004922301 -0.034055561 -0.174911022 -0.005234256 0.999945223 -0.009077092 -0.027136847 0.034009010 0.009249972 0.999378741 5.915525436
0.999260187 0.003962202 -0.038254250 -0.217909366 -0.004209731 0.999970794 -0.006392249 -0.038121376 0.038227800 0.006548560 0.999247611 6.709271908
0.999158323 0.001058415 -0.041007392 -0.265654057 -0.001186191 0.999994636 -0.003091716 -0.065910429 0.041003894 0.003137757 0.999154091 7.506961346
0.999056339 -0.000348714 -0.043431152 -0.312890112 0.000240913 0.999997020 -0.002487320 -0.096781693 0.043431878 0.002474511 0.999053359 8.335754395
0.998961270 -0.001000269 -0.045556039 -0.358386278 0.000885230 0.999996483 -0.002545342 -0.109304704 0.045558419 0.002502371 0.998958588 9.157146454
0.998865724 -0.004434718 -0.047408272 -0.397504270 0.004308729 0.999987006 -0.002759414 -0.122469462 0.047419887 0.002552016 0.998871863 10.003950119
0.998755157 -0.004666857 -0.049662717 -0.445251077 0.004574916 0.999987662 -0.001964834 -0.132612318 0.049671266 0.001735186 0.998764217 10.848434448
0.998665690 -0.006087420 -0.051280797 -0.490558326 0.005998392 0.999980330 -0.001889819 -0.149985850 0.051291283 0.001579695 0.998682618 11.689380646
0.998580277 -0.003982174 -0.053117581 -0.548422277 0.003760984 0.999983907 -0.004263449 -0.157259792 0.053133700 0.004057623 0.998579264 12.564619064
0.998506725 -0.003479817 -0.054516979 -0.605019748 0.003105559 0.999971092 -0.006948190 -0.167558685 0.054539576 0.006768510 0.998488784 13.454831123
0.998407960 0.000715189 -0.056400672 -0.666275382 -0.001199600 0.999962687 -0.008555336 -0.182878867 0.056392446 0.008609374 0.998371661 14.365710258
0.998370409 0.001816032 -0.057037219 -0.735293269 -0.002274251 0.999965668 -0.007969774 -0.205690205 0.057020783 0.008086503 0.998340368 15.269258499
0.998273075 0.001081192 -0.058734272 -0.787971854 -0.001470574 0.999977231 -0.006586725 -0.219285712 0.058725812 0.006661722 0.998252034 16.157094955
0.998170078 0.002506148 -0.060417585 -0.846336365 -0.002830073 0.999982059 -0.005276439 -0.235113636 0.060403280 0.005437769 0.998159349 17.058364868
0.998103797 0.002432421 -0.061505310 -0.907803893 -0.002755050 0.999982893 -0.005161266 -0.252646208 0.061491705 0.005320928 0.998093545 17.953361511
0.998007417 0.002569545 -0.063044690 -0.973789692 -0.002960161 0.999976993 -0.006103224 -0.266691238 0.063027561 0.006277684 0.997992218 18.850770950
0.997926295 0.001074775 -0.064358994 -1.029488683 -0.001517814 0.999975502 -0.006835364 -0.281995207 0.064350083 0.006918873 0.997903585 19.754703522
0.997876346 0.001417954 -0.065122537 -1.087133884 -0.001757346 0.999985218 -0.005154593 -0.296361268 0.065114275 0.005258088 0.997864127 20.688703537
0.997860193 0.002687010 -0.065329485 -1.147865295 -0.002807294 0.999994576 -0.001749461 -0.309910804 0.065324441 0.001929116 0.997862339 21.620021820
0.997982323 0.005082872 -0.063289247 -1.253211975 -0.004968589 0.999985754 0.001963004 -0.322241187 0.063298330 -0.001644586 0.997993410 22.500650406
0.998091459 0.004299595 -0.061603621 -1.324326158 -0.003998788 0.999979556 0.005005411 -0.332898706 0.061623886 -0.004749520 0.998088241 23.438753128
0.998162866 0.004595547 -0.060413737 -1.372263312 -0.004250731 0.999974072 0.005834859 -0.346501589 0.060438991 -0.005567339 0.998156428 24.362594604
0.998235226 0.004412143 -0.059220962 -1.433820248 -0.004223392 0.999985695 0.003312026 -0.359336048 0.059234738 -0.003056069 0.998239458 25.301519394
0.998270512 0.005199865 -0.058557667 -1.493601561 -0.005304544 0.999984682 -0.001632313 -0.360046476 0.058548294 0.001940110 0.998282731 26.252496719
0.998335123 0.003949254 -0.057545263 -1.549566746 -0.004207211 0.999981701 -0.004362209 -0.377000660 0.057526998 0.004597049 0.998333395 27.192743301
0.998384416 0.001689838 -0.056796413 -1.609215617 -0.001887213 0.999992490 -0.003421677 -0.387542576 0.056790214 0.003523333 0.998379946 28.168008804
0.998374462 -0.000498531 -0.056993313 -1.673550010 0.000592568 0.999998629 0.001633060 -0.400503397 0.056992430 -0.001664180 0.998373210 29.135761261
0.998299837 -0.004456952 -0.058117729 -1.734009862 0.004766917 0.999975264 0.005195835 -0.412877709 0.058093145 -0.005464044 0.998296201 30.117563248
0.998195946 -0.011372168 -0.058954209 -1.790679812 0.011667041 0.999921203 0.004659899 -0.425498247 0.058896579 -0.005339314 0.998249829 31.075702667
0.998043120 -0.013917235 -0.060961943 -1.839290738 0.014003769 0.999901533 0.000992405 -0.436441302 0.060942143 -0.001844162 0.998139560 32.071754456
0.997979939 -0.013463023 -0.062087994 -1.915184021 0.013282287 0.999906421 -0.003322822 -0.437792748 0.062126927 0.002491436 0.998065114 33.066322327
0.997802019 -0.012800114 -0.065017812 -1.969829321 0.012580933 0.999913931 -0.003779429 -0.453970045 0.065060593 0.002953134 0.997876883 34.042598724
0.997770846 -0.012680183 -0.065518372 -2.039905787 0.012556922 0.999918759 -0.002292791 -0.469909281 0.065542124 0.001464968 0.997848630 35.028491974
0.997747779 -0.007777019 -0.066625014 -2.115648508 0.007843644 0.999969184 0.000738498 -0.498715162 0.066617228 -0.001259419 0.997777700 35.974376678
0.997776985 -0.005100948 -0.066445783 -2.247891426 0.005178757 0.999986351 0.000998853 -0.515465796 0.066439785 -0.001340740 0.997789443 37.127864838
0.997691035 -0.003672075 -0.067815937 -2.307791471 0.003960124 0.999983966 0.004113602 -0.545294166 0.067799754 -0.004372663 0.997689247 38.093418121
0.997714221 -0.003862114 -0.067464121 -2.378871918 0.004352321 0.999965489 0.007120775 -0.558519959 0.067434303 -0.007398124 0.997696161 39.107933044
0.997661829 0.001661467 -0.068323836 -2.453312397 -0.001014262 0.999954581 0.009506290 -0.565615177 0.068336539 -0.009414762 0.997617781 40.070182800
0.997639060 0.001364549 -0.068660870 -2.528694630 -0.000743992 0.999958992 0.009062830 -0.571764350 0.068670437 -0.008990350 0.997598767 41.062847137
0.997673213 0.000556640 -0.068174347 -2.620532513 -0.000041510 0.999971807 0.007557306 -0.576799452 0.068176657 -0.007536892 0.997644663 42.049354553
0.997661233 0.002259006 -0.068314731 -2.699700832 -0.001888438 0.999983490 0.005488596 -0.584333956 0.068326026 -0.005346751 0.997648597 43.048889160
0.997609973 0.002314114 -0.069057629 -2.778169155 -0.001942565 0.999983609 0.005447005 -0.591036618 0.069069132 -0.005299838 0.997597635 44.051971436
0.997516513 0.000318433 -0.070431225 -2.852183819 0.000153450 0.999977887 0.006694478 -0.598353565 0.070431828 -0.006688660 0.997493982 45.056346893
0.997469604 0.001386918 -0.071079522 -2.935863495 -0.000821837 0.999968171 0.007978682 -0.614809334 0.071088344 -0.007900077 0.997438550 46.064521790
0.997454464 0.003846139 -0.071200885 -3.019629478 -0.003530567 0.999983728 0.004557540 -0.627901793 0.071217276 -0.004294559 0.997451425 47.035339355
0.997383416 0.004398854 -0.072158523 -3.094317198 -0.004369851 0.999990642 0.000559889 -0.637692869 0.072160341 -0.000243104 0.997392833 47.987770081
0.997309268 0.004972240 -0.073139071 -3.162364960 -0.005016562 0.999987662 -0.000422211 -0.656947792 0.073136099 0.000787980 0.997321486 48.956283569
0.997285962 0.002831245 -0.073569939 -3.241599321 -0.002648382 0.999993443 0.002583079 -0.657121122 0.073576793 -0.002381228 0.997286558 49.972293854
0.997270405 0.002277772 -0.073799342 -3.327533960 -0.001862851 0.999982357 0.005690699 -0.704396486 0.073811024 -0.005537688 0.997256756 51.118324280
0.997225404 0.000049369 -0.074439958 -3.392712116 0.000436783 0.999978960 0.006514569 -0.720549643 0.074438728 -0.006529008 0.997204125 52.085289001
0.997177422 -0.003454757 -0.075000532 -3.458803177 0.003879259 0.999977529 0.005515087 -0.736303091 0.074979804 -0.005790467 0.997168124 53.046184540
0.997149229 -0.005668773 -0.075239673 -3.534297705 0.005994559 0.999973834 0.004104887 -0.746037006 0.075214446 -0.004544214 0.997156918 54.002574921
0.997051895 -0.007054070 -0.076403178 -3.606189966 0.007473754 0.999958694 0.005208510 -0.755825698 0.076363295 -0.005764174 0.997063279 54.969947815
0.996935666 -0.010327018 -0.077538930 -3.683567047 0.011084461 0.999895096 0.009344531 -0.764035940 0.077434301 -0.010175373 0.996945381 55.937641144
0.996890306 -0.010212198 -0.078134857 -3.763890028 0.011321504 0.999841332 0.013767532 -0.762506247 0.077981867 -0.014609323 0.996847630 56.923961639
0.996860266 -0.008313654 -0.078740023 -3.840632915 0.009611196 0.999824226 0.016114190 -0.771490812 0.078592218 -0.016820380 0.996764839 57.874099731
0.996799469 -0.006641004 -0.079662621 -3.937664509 0.007623943 0.999898672 0.012040978 -0.776510119 0.079574585 -0.012609782 0.996749043 58.836387634
0.996710241 -0.004743338 -0.080905229 -4.019021034 0.005120962 0.999977171 0.004460657 -0.786861539 0.080882214 -0.004860293 0.996711731 59.737171173
0.996650159 -0.002996942 -0.081724480 -4.101099968 0.002987399 0.999995768 -0.000239009 -0.797999978 0.081724845 -0.000005933 0.996654868 60.640544891
0.996565223 0.001737024 -0.082789928 -4.190498829 -0.001701015 0.999998689 0.000505545 -0.803117514 0.082790688 -0.000362980 0.996566832 61.579006195
0.996452808 0.004536086 -0.084027775 -4.272120476 -0.004306229 0.999986768 0.002916623 -0.822144270 0.084039889 -0.002544432 0.996459067 62.463478088
0.996330678 0.006890779 -0.085306183 -4.360998154 -0.006555073 0.999969900 0.004214892 -0.830943763 0.085332654 -0.003640235 0.996345758 63.411762238
0.996230423 0.007411542 -0.086425878 -4.442059040 -0.007088798 0.999966979 0.004040761 -0.842747390 0.086452968 -0.003412871 0.996249974 64.269409180
0.996062815 0.009265292 -0.088161051 -4.522043705 -0.008864406 0.999948800 0.004937744 -0.861538529 0.088202290 -0.004136806 0.996093869 65.135208130
0.995912373 0.010531744 -0.089704737 -4.605796337 -0.010149213 0.999937654 0.004719538 -0.855021656 0.089748852 -0.003789812 0.995957077 65.996459961
0.995757282 0.010988549 -0.091355950 -4.681352139 -0.010598656 0.999932826 0.004752028 -0.864592791 0.091402039 -0.003763614 0.995806813 66.829689026
0.995617092 0.010500884 -0.092927195 -4.749914646 -0.010037131 0.999934971 0.005456592 -0.862247407 0.092978455 -0.004499952 0.995657802 67.619758606
0.995467961 0.013902053 -0.094070509 -4.849221230 -0.013212245 0.999881327 0.007951918 -0.870851994 0.094169900 -0.006672996 0.995533645 68.434822083
0.995330215 0.015867520 -0.095209956 -4.932151794 -0.014752240 0.999814451 0.012406562 -0.892631292 0.095389158 -0.010944067 0.995379746 69.199867249
0.995106399 0.018856842 -0.096987553 -5.014143944 -0.017568288 0.999746144 0.014122871 -0.897894323 0.097229257 -0.012349854 0.995185196 69.982360840
0.994923174 0.021909127 -0.098218210 -5.095013618 -0.021016149 0.999728143 0.010117492 -0.908897638 0.098413184 -0.008001957 0.995113313 70.704788208
0.994777381 0.021668948 -0.099735849 -5.167531013 -0.021504633 0.999765217 0.002722591 -0.915937126 0.099771447 -0.000563587 0.995010078 71.436332703
0.994616985 0.020738821 -0.101517513 -5.231873512 -0.021157319 0.999771655 -0.003047156 -0.924167037 0.101431161 0.005178596 0.994828999 72.129753113
0.994554281 0.022143675 -0.101835065 -5.311061382 -0.022690266 0.999733806 -0.004211876 -0.932799041 0.101714715 0.006499608 0.994792283 72.834999084
0.994409680 0.025365543 -0.102492839 -5.391171455 -0.025558852 0.999673307 -0.000572845 -0.948128641 0.102444857 0.003189245 0.994733512 73.495010376
0.994233847 0.025631113 -0.104119554 -5.457640648 -0.025586916 0.999671221 0.001760543 -0.965434492 0.104130469 0.000913710 0.994563162 74.166404724
0.994202375 0.022530684 -0.105132163 -5.521985054 -0.022798633 0.999739289 -0.001347307 -0.983174503 0.105074428 0.003736369 0.994457245 74.811668396
0.994351745 0.014948108 -0.105070621 -5.578843117 -0.015699197 0.999856889 -0.006324856 -1.002882719 0.104961067 0.007938662 0.994444549 75.404739380
0.994495869 0.011374767 -0.104150146 -5.636476994 -0.012603343 0.999858618 -0.011145603 -1.014567852 0.104008667 0.012396905 0.994499028 76.007835388
0.994795740 0.014399214 -0.100859992 -5.705530643 -0.015634617 0.999812126 -0.011468808 -1.029316783 0.100675926 0.012986038 0.994834423 76.595359802
0.995119512 0.019310391 -0.096762121 -5.768194675 -0.020218126 0.999760389 -0.008409170 -1.046982527 0.096576571 0.010324486 0.995271921 77.166198730
0.995561123 0.018053627 -0.092362404 -5.815289497 -0.018620463 0.999812841 -0.005278790 -1.062040448 0.092249833 0.006975195 0.995711386 77.730514526
0.996147275 0.014785148 -0.086433358 -5.862697601 -0.014918521 0.999888480 -0.000897184 -1.088376403 0.086410463 0.002183190 0.996257186 78.298591614
0.996872604 0.010619441 -0.078300819 -5.894292355 -0.010449958 0.999942303 0.002574040 -1.108882904 0.078323640 -0.001747746 0.996926367 78.838378906
0.997611880 0.014503972 -0.067519955 -5.935639381 -0.014379810 0.999894142 0.002324736 -1.120543003 0.067546539 -0.001348257 0.997715116 79.370872498
0.998435736 0.019744510 -0.052296892 -5.972492218 -0.019679103 0.999804974 0.001765667 -1.129370928 0.052321564 -0.000733746 0.998629868 79.885070801
0.999095678 0.025497921 -0.034005597 -5.995184422 -0.025437942 0.999674141 0.002195983 -1.140862226 0.034050513 -0.001328962 0.999419093 80.394599915
0.999638617 0.023973439 -0.012109121 -5.988368988 -0.023943394 0.999710023 0.002621634 -1.155277729 0.012168460 -0.002330751 0.999923050 80.884170532
0.999685585 0.020681778 0.014131936 -5.961752415 -0.020728402 0.999780297 0.003159652 -1.167163253 -0.014063492 -0.003451589 0.999894917 81.371131897
0.998817921 0.020942334 0.043850400 -5.943555355 -0.021117762 0.999770880 0.003540799 -1.188736320 -0.043766215 -0.004462634 0.999031603 81.798355103
0.996808350 0.020554673 0.077131554 -5.918913841 -0.020999441 0.999767363 0.004959457 -1.210390687 -0.077011690 -0.006563346 0.997008324 82.134017944
0.993067622 0.022218501 0.115419663 -5.885176659 -0.022918772 0.999726236 0.004743327 -1.222180963 -0.115282699 -0.007355721 0.993305206 82.455192566
0.987036049 0.019968780 0.159247667 -5.920125961 -0.021358140 0.999747336 0.007017478 -1.275979757 -0.159067348 -0.010327737 0.987213433 82.517601013
0.979016066 0.019063650 0.202886447 -5.797843933 -0.020891471 0.999758244 0.006871041 -1.291358352 -0.202706471 -0.010965454 0.979177833 82.879234314
0.967551589 0.021792188 0.251729488 -5.666561604 -0.023487635 0.999717295 0.003732059 -1.293948174 -0.251577049 -0.009523489 0.967790067 83.285362244
0.951845765 0.023206666 0.305695593 -5.528403282 -0.024373127 0.999703050 -0.000001047 -1.299390435 -0.305604935 -0.007449760 0.952128887 83.680580139
0.932655096 0.023335749 0.360011965 -5.340494156 -0.023967359 0.999709189 -0.002710147 -1.308328867 -0.359970629 -0.006100903 0.932943344 84.022682190
0.908687830 0.024727097 0.416741699 -5.137413979 -0.025125070 0.999674141 -0.004530854 -1.321638823 -0.416718036 -0.006353533 0.909013212 84.364082336
0.881552935 0.031459838 0.471034259 -4.842586040 -0.027944602 0.999505043 -0.014456745 -1.233849287 -0.471256047 -0.000418475 0.881995916 84.690757751
0.848447859 0.030798141 0.528380811 -4.563097477 -0.024999222 0.999523401 -0.018117478 -1.243808031 -0.528687060 0.002162631 0.848813593 85.046257019
0.806557655 0.029785089 0.590403378 -4.355951309 -0.021431295 0.999546707 -0.021148276 -1.259402037 -0.590765774 0.004404199 0.806830585 85.472496033
0.764082015 0.026215855 0.644585073 -4.089087963 -0.019095782 0.999655306 -0.018021014 -1.320102215 -0.644835532 0.001460680 0.764319479 85.807723999
0.720896423 0.025746979 0.692563355 -3.800731421 -0.020420928 0.999664962 -0.015907541 -1.343131900 -0.692741096 -0.002675095 0.721180916 86.058959961
0.657147050 0.026688477 0.753288805 -3.969489098 -0.031010415 0.999484181 -0.008358422 -1.438043475 -0.753123462 -0.017867090 0.657635927 86.336532593
0.606265724 0.027606152 0.794781923 -3.605370283 -0.026010314 0.999550998 -0.014877783 -1.406152844 -0.794835925 -0.011652640 0.606711805 86.639877319
0.563181698 0.011799509 0.826247871 -3.297688961 -0.019591782 0.999807656 -0.000924064 -1.649127722 -0.826100111 -0.015667256 0.563304782 86.696723938
0.516842008 0.001309712 0.856078863 -2.926373720 -0.014810336 0.999862850 0.007411784 -1.807252526 -0.855952024 -0.016509540 0.516790748 86.868705750
0.467215180 0.004913697 0.884129047 -2.571456671 -0.019531494 0.999797881 0.004764811 -1.802178144 -0.883927226 -0.019494558 0.467216969 87.050003052
0.419433415 0.007377706 0.907755196 -2.208608866 -0.019926814 0.999800861 0.001081497 -1.799619198 -0.907566786 -0.018542290 0.419497132 87.214225769
0.377853364 -0.002433311 0.925861299 -1.839767218 -0.012247310 0.999895930 0.007626138 -1.908890367 -0.925783873 -0.014220878 0.377784491 87.307304382
0.342652917 -0.032251406 0.938907385 -1.462488055 -0.005652949 0.999321699 0.036389671 -2.255521059 -0.939444542 -0.017776631 0.342238396 87.305595398
0.305435717 -0.035001874 0.951568246 -1.036975503 -0.003865894 0.999270320 0.037997402 -2.244651556 -0.952204347 -0.015284434 0.305077761 87.426658630
0.271480054 -0.031305525 0.961933851 -0.651179790 -0.008456873 0.999354661 0.034910094 -2.245594740 -0.962406337 -0.017612357 0.271040320 87.524436951
0.239526629 -0.024488423 0.970579982 -0.249408364 -0.019923393 0.999347329 0.030131090 -2.244969845 -0.970684767 -0.026554458 0.238882646 87.638366699
0.210598290 -0.019731469 0.977372587 0.204361379 -0.025721390 0.999338269 0.025717217 -2.238809109 -0.977233708 -0.030555397 0.209951654 87.735115051
0.184857190 -0.017512208 0.982608438 0.658626676 -0.025778586 0.999410808 0.022661377 -2.225182295 -0.982426703 -0.029519388 0.184297070 87.798706055
0.161206812 -0.015809540 0.986793101 1.070026875 -0.019532576 0.999624789 0.019206056 -2.219981909 -0.986726880 -0.022370769 0.160837725 87.839530945
0.140929386 -0.009117424 0.989976764 1.491314530 -0.013331180 0.999849498 0.011106138 -2.202339172 -0.989929438 -0.014762744 0.140786812 87.869766235
0.120960630 -0.002155824 0.992654085 1.923575401 -0.012083272 0.999920368 0.003644033 -2.185637236 -0.992583334 -0.012435296 0.120925136 87.911720276
0.103082649 -0.001371736 0.994670987 2.385212898 -0.015558048 0.999874532 0.002991282 -2.180609703 -0.994550705 -0.015783491 0.103048556 87.967758179
0.087429844 -0.005830524 0.996152759 2.872407436 -0.018701265 0.999797046 0.007493230 -2.189117670 -0.995994687 -0.019284455 0.087303244 88.015281677
0.072658539 -0.008949783 0.997315824 3.401487112 -0.018891694 0.999768019 0.010348137 -2.186467648 -0.997177541 -0.019592872 0.072472781 88.058059692
0.059342764 -0.011238359 0.998173475 3.909669161 -0.017013090 0.999779999 0.012267908 -2.183036089 -0.998092234 -0.017710034 0.059138685 88.077629089
0.047464684 -0.011881376 0.998801291 4.441972733 -0.014017799 0.999822855 0.012559687 -2.178719521 -0.998774052 -0.014597146 0.047289897 88.098083496
0.037100680 -0.011991049 0.999238670 5.141238213 -0.012973599 0.999837935 0.012479949 -2.232846260 -0.999226749 -0.013426744 0.036939271 88.124687195
0.029092904 -0.011253927 0.999512434 5.698791027 -0.011455196 0.999867201 0.011591362 -2.224300861 -0.999510467 -0.011786845 0.028960291 88.139518738
0.023428954 -0.010799306 0.999666214 6.255356312 -0.009947837 0.999889612 0.011034878 -2.219927073 -0.999675393 -0.010203060 0.023319103 88.149711609
0.017556457 -0.009415256 0.999800622 6.830640316 -0.009694578 0.999907076 0.009586509 -2.207588196 -0.999798238 -0.009860957 0.017463708 88.164352417
0.011471814 -0.008728057 0.999895215 7.387660980 -0.009182566 0.999918818 0.008833629 -2.204998970 -0.999891341 -0.009282948 0.011390897 88.177772522
0.007026537 -0.008363981 0.999939442 8.013503075 -0.006987685 0.999940217 0.008413103 -2.196913958 -0.999950230 -0.007046382 0.006967831 88.177352905
0.003874313 -0.008211011 0.999957919 8.671548843 -0.005967696 0.999948382 0.008234069 -2.189627647 -0.999974012 -0.005999351 0.003825269 88.181777954
0.000766156 -0.008627019 0.999961615 9.319953918 -0.005231183 0.999949157 0.008630933 -2.188560724 -0.999985337 -0.005237600 0.000721145 88.179985046
-0.001633456 -0.009080159 0.999956608 9.975313187 -0.003297095 0.999953508 0.009074759 -2.185605288 -0.999992549 -0.003282133 -0.001663161 88.177551270
-0.002351159 -0.006980613 0.999972045 10.699733734 -0.000278916 0.999975741 0.006979997 -2.125133753 -0.999996543 -0.000262502 -0.002352892 88.165657043
-0.001346052 -0.007140193 0.999972761 11.398696899 0.003254048 0.999969244 0.007144563 -2.125456810 -0.999993205 0.003263572 -0.001322619 88.159706116
0.000938346 -0.007535599 0.999970376 12.152777672 0.004342835 0.999962270 0.007531478 -2.149826288 -0.999989510 0.004335635 0.000971194 88.161674500
0.004317074 -0.006655478 0.999967754 12.899650574 0.006148218 0.999959171 0.006628892 -2.133292913 -0.999971211 0.006119398 0.004357975 88.178047180
0.008381342 -0.006952331 0.999939919 13.681928635 0.005817162 0.999959290 0.006903723 -2.141482115 -0.999947429 0.005758945 0.008421602 88.195785522
0.011813575 -0.008162824 0.999896109 14.512495995 0.004185305 0.999958336 0.008113899 -2.173271894 -0.999920964 0.004089010 0.011847407 88.228218079
0.016272377 -0.009726717 0.999819517 15.231863976 0.003600239 0.999946773 0.009669377 -2.175435305 -0.999860644 0.003442239 0.016306691 88.222839355
0.020052589 -0.011343875 0.999733806 16.080686569 -0.000287758 0.999935508 0.011351952 -2.176245213 -0.999798417 -0.000515325 0.020048194 88.271324158
0.023081301 -0.012894504 0.999649644 17.112693787 -0.005873404 0.999897778 0.013033336 -2.255721807 -0.999715805 -0.006172183 0.023003371 88.345916748
0.026710600 -0.009097468 0.999601007 17.947107315 -0.007976620 0.999924779 0.009313579 -2.190958500 -0.999610782 -0.008222219 0.026636189 88.394027710
0.029025596 -0.005065460 0.999565005 18.725248337 -0.010440256 0.999931097 0.005370500 -2.196206093 -0.999523520 -0.010591608 0.028970875 88.446792603
0.030384572 0.000178657 0.999537408 19.533554077 -0.016352667 0.999866247 0.000318402 -2.198353767 -0.999403894 -0.016354790 0.030383594 88.492370605
0.029533606 0.003475271 0.999556899 20.387145996 -0.018878633 0.999817491 -0.002918357 -2.196314335 -0.999384880 -0.018784091 0.029593989 88.561683655
0.029639743 0.002994229 0.999555290 21.197143555 -0.021009382 0.999776423 -0.002371882 -2.204237461 -0.999339223 -0.020929748 0.029696189 88.601295471
0.029390588 0.001392327 0.999566138 22.026762009 -0.024107592 0.999709070 -0.000683663 -2.211684465 -0.999276638 -0.024077050 0.029415768 88.647079468
0.028713766 0.000310514 0.999586761 22.868913651 -0.023302710 0.999728322 0.000358846 -2.218840122 -0.999315441 -0.023303393 0.028713366 88.695404053
0.028920295 -0.000283196 0.999580801 23.677583694 -0.025715500 0.999668658 0.001027252 -2.229291916 -0.999250293 -0.025734439 0.028903594 88.736114502
0.028821303 0.000241136 0.999583662 24.506387711 -0.027376700 0.999624908 0.000548234 -2.235709906 -0.999209046 -0.027381113 0.028817257 88.781570435
0.029684572 0.001099726 0.999557793 25.335760117 -0.029271005 0.999571323 -0.000230440 -2.239308119 -0.999130070 -0.029251229 0.029704200 88.800750732
0.028335750 0.001926599 0.999595642 26.119266510 -0.032669198 0.999465585 -0.001000249 -2.267711401 -0.999063909 -0.032627653 0.028383706 88.836715698
0.024736665 0.001727058 0.999691546 26.975513458 -0.036183111 0.999344647 -0.000831114 -2.272507191 -0.999038398 -0.036151402 0.024783103 88.885719299
0.020705126 0.000714050 0.999784410 27.809988022 -0.038135901 0.999272406 0.000076113 -2.277444363 -0.999057472 -0.038129266 0.020717446 88.923301697
0.014865224 0.001302877 0.999887705 28.761791229 -0.040327605 0.999186099 -0.000702397 -2.247378111 -0.999075413 -0.040312648 0.014905818 88.977401733
0.008094185 -0.000576831 0.999966145 29.602563858 -0.042612206 0.999091148 0.000921267 -2.253180981 -0.999058425 -0.042618234 0.008062394 89.008491516
-0.000454020 0.000132775 0.999998987 30.450637817 -0.043288417 0.999062479 -0.000152286 -2.256605387 -0.999062061 -0.043288458 -0.000447705 89.039619446
-0.011836869 0.000845458 0.999928713 31.226602554 -0.043441810 0.999054909 -0.001358952 -2.277777433 -0.998985410 -0.043454811 -0.011788819 89.116142273
-0.021897938 0.000919925 0.999758959 32.049846649 -0.043132648 0.999067426 -0.001864014 -2.305958271 -0.998828948 -0.043163080 -0.021837709 89.104629517
-0.032599237 -0.001115340 0.999467075 32.789222717 -0.042939458 0.999077439 -0.000285616 -2.358452559 -0.998545289 -0.042925898 -0.032616932 89.086585999
-0.044350550 -0.000061773 0.999015212 33.609657288 -0.043311100 0.999059677 -0.001860970 -2.318722963 -0.998076439 -0.043350995 -0.044311404 89.080947876
-0.056786790 -0.001114729 0.998384893 34.490875244 -0.043253142 0.999063015 -0.001344675 -2.351907253 -0.997448683 -0.043259654 -0.056781687 89.072578430
-0.067422159 -0.001773359 0.997722149 35.229282379 -0.043898553 0.999035060 -0.001190781 -2.400081396 -0.996758044 -0.043878857 -0.067434847 89.011894226
-0.079130545 -0.002368178 0.996860683 35.964633942 -0.043123130 0.999069035 -0.001049660 -2.452696085 -0.995930791 -0.043070819 -0.079158910 88.964088440
-0.089695275 -0.001576848 0.995967269 36.713485718 -0.044196304 0.999019742 -0.002398551 -2.471778631 -0.994987905 -0.044233214 -0.089676954 88.898483276
-0.101656333 -0.001726108 0.994817376 37.485599518 -0.047193423 0.998880744 -0.003089327 -2.510049343 -0.993699312 -0.047262896 -0.101623937 88.869438171
-0.111349002 -0.001389710 0.993779659 38.229755402 -0.047168475 0.998879135 -0.003888178 -2.534427404 -0.992661119 -0.047308024 -0.111289680 88.791603088
-0.122986555 -0.000281067 0.992407560 39.002857208 -0.044570599 0.998992264 -0.005240572 -2.543250322 -0.991406739 -0.044876728 -0.122875087 88.729583740
-0.131927952 -0.000575702 0.991258442 39.699111938 -0.044559140 0.998992205 -0.005350227 -2.590665579 -0.990257084 -0.044875473 -0.131820604 88.628448486
-0.140527621 -0.001950913 0.990074158 40.358154297 -0.043826096 0.999029934 -0.004251944 -2.638345242 -0.989106059 -0.043988600 -0.140476763 88.533638000
-0.152384192 -0.002814657 0.988316655 41.041683197 -0.039515831 0.999213457 -0.003247065 -2.663530111 -0.987530828 -0.039548956 -0.152375519 88.519660950
-0.157638729 -0.004172457 0.987487376 41.769458771 -0.036912512 0.999316931 -0.001670115 -2.677368164 -0.986806512 -0.036713909 -0.157685041 88.402893066
-0.161731854 -0.005934034 0.986816227 42.450393677 -0.034602754 0.999400854 0.000338592 -2.699052334 -0.986227632 -0.034091793 -0.161840290 88.297698975
-0.164751381 -0.007038527 0.986309290 43.130882263 -0.034108352 0.999416888 0.001434683 -2.717645168 -0.985744953 -0.033405013 -0.164895386 88.191802979
-0.173507452 -0.011108745 0.984769225 43.722232819 -0.045383435 0.998964071 0.003272736 -2.770931244 -0.983786106 -0.044124365 -0.173831850 88.268974304
-0.176386878 -0.009430019 0.984275103 44.390232086 -0.039084751 0.999232411 0.002569160 -2.765385866 -0.983544469 -0.038016979 -0.176620051 88.194160461
-0.175459832 -0.008780740 0.984446824 45.025299072 -0.039742932 0.999208093 0.001828961 -2.782685041 -0.983683884 -0.038803890 -0.175669864 88.065933228
-0.172988594 -0.009230964 0.984879971 45.588687897 -0.042126343 0.999110162 0.001965103 -2.859436989 -0.984022379 -0.041149449 -0.173223525 87.975769043
-0.167837456 -0.008593428 0.985776663 46.223739624 -0.042266015 0.999105036 0.001513461 -2.865073919 -0.984908104 -0.041410830 -0.168050438 87.867584229
-0.160392165 -0.007838896 0.987021685 46.849613190 -0.043312110 0.999060988 0.000896262 -2.869307756 -0.986102521 -0.042606235 -0.160581037 87.782714844
-0.149652302 -0.007800447 0.988707364 47.450366974 -0.044323087 0.999016345 0.001172987 -2.876394272 -0.987744629 -0.043647017 -0.149850801 87.711456299
-0.136466116 -0.007479985 0.990615964 48.022628784 -0.045370132 0.998969257 0.001292941 -2.884792328 -0.989605129 -0.044767931 -0.136664763 87.653205872
-0.120350271 -0.005854612 0.992713690 48.576137543 -0.044981569 0.998987556 0.000438354 -2.887809753 -0.991711795 -0.044601060 -0.120491698 87.620040894
-0.099051945 -0.003809582 0.995074391 49.117115021 -0.046576988 0.998914242 -0.000812076 -2.904373884 -0.993991494 -0.046428002 -0.099121734 87.582092285
-0.074954644 -0.000904619 0.997186005 49.679065704 -0.048027258 0.998842239 -0.002703884 -2.911421299 -0.996029615 -0.048094779 -0.074911192 87.568000793
-0.046825055 0.000598293 0.998902380 50.172359467 -0.049556371 0.998766959 -0.002921222 -2.923991442 -0.997673035 -0.049638767 -0.046737529 87.562019348
-0.015268657 -0.000308538 0.999882817 50.691574097 -0.051428311 0.998676479 -0.000477149 -2.933757544 -0.998559952 -0.051429577 -0.015264153 87.595466614
0.021731779 -0.002898152 0.999759018 51.216026306 -0.051548008 0.998662353 0.004015492 -2.938428164 -0.998434007 -0.051622864 0.021553503 87.645164490
0.063840248 -0.006911318 0.997935653 51.728141785 -0.052476648 0.998569191 0.010272779 -2.945240259 -0.996579409 -0.053024143 0.063386440 87.705345154
0.109802559 -0.010889660 0.993893206 52.220375061 -0.052968331 0.998454869 0.016791454 -2.936481476 -0.992540956 -0.054488618 0.109056324 87.777709961
0.156886369 -0.010664643 0.987558544 52.736972809 -0.054604549 0.998318315 0.019455492 -2.874991894 -0.986105859 -0.056977496 0.156040460 87.916213989
0.209019631 -0.003897639 0.977903128 53.339202881 -0.051797234 0.998544037 0.015051208 -2.746967077 -0.976538539 -0.053798679 0.208513707 88.079162598
0.256099880 -0.003260729 0.966644228 53.806491852 -0.051876571 0.998506725 0.017112255 -2.726247787 -0.965257108 -0.054528639 0.255548626 88.375564575
0.312842667 -0.003836777 0.949796677 54.303165436 -0.048764136 0.998607993 0.020095835 -2.739972830 -0.948552191 -0.052602842 0.312220454 88.615676880
0.375861764 -0.001653904 0.926673651 54.782890320 -0.046005692 0.998731852 0.020442581 -2.756453991 -0.925532877 -0.050315838 0.375309378 88.830497742
0.438092649 0.002682347 0.898925245 55.205734253 -0.042174734 0.998955488 0.017573111 -2.745923996 -0.897939682 -0.045610569 0.437748641 89.081031799
0.500798285 0.008574162 0.865520954 55.623828888 -0.043622199 0.998930037 0.015344459 -2.713577271 -0.864463866 -0.045440394 0.500636935 89.361885071
0.559104860 0.012287757 0.829005241 55.958145142 -0.044626907 0.998886466 0.015291892 -2.692388535 -0.827894747 -0.045545701 0.559031129 89.680953979
0.614867151 0.023962259 0.788265824 56.181873322 -0.052366033 0.998572648 0.010491524 -2.597491980 -0.786889791 -0.047729243 0.615244806 89.737670898
0.668655157 0.023575094 0.743198037 56.574932098 -0.049952749 0.998663247 0.013263747 -2.558617353 -0.741892397 -0.045993648 0.668939531 90.121093750
0.718145549 0.021306630 0.695565820 56.907379150 -0.049197420 0.998584390 0.020205781 -2.528429508 -0.694151103 -0.048730731 0.718177855 90.546463013
0.763671637 0.014130167 0.645449281 57.171836853 -0.044522811 0.998532653 0.030817894 -2.528693199 -0.644067049 -0.052271970 0.763180912 90.911811829
0.802665532 0.011371076 0.596319973 57.381519318 -0.042969763 0.998322308 0.038801920 -2.502850294 -0.594878554 -0.056768697 0.801808298 91.351280212
0.838070691 0.010615358 0.545457244 57.747146606 -0.043281745 0.997952759 0.047078937 -2.456298828 -0.543841004 -0.063063830 0.836815178 91.968612671
0.867465794 0.011455463 0.497363746 57.953090668 -0.044354379 0.997534215 0.054384138 -2.441825628 -0.495514482 -0.069236651 0.865835667 92.457244873
0.891185105 0.012953991 0.453453600 58.128330231 -0.044823486 0.997214913 0.059605040 -2.428822517 -0.451418608 -0.073444508 0.889284432 92.881614685
0.909621119 0.018438557 0.415028125 58.287872314 -0.049151253 0.996774256 0.063441351 -2.408329010 -0.412519604 -0.078106768 0.907593787 93.330429077
0.924324930 0.022500621 0.380940974 58.447582245 -0.050344687 0.996724606 0.063285217 -2.376532078 -0.378269315 -0.077674478 0.922430754 93.797714233
0.936139524 0.024924323 0.350742519 58.613880157 -0.050558761 0.996660531 0.064118199 -2.351696253 -0.347973108 -0.077756718 0.934274137 94.221183777
0.944066226 0.019471899 0.329178572 58.768787384 -0.043227095 0.996948302 0.065000512 -2.334361792 -0.326908290 -0.075594254 0.942027569 94.642936707
0.949273825 0.017184751 0.313978612 58.917953491 -0.039948627 0.997005403 0.066211224 -2.319723368 -0.311900467 -0.075395629 0.947118282 95.087982178
0.953186572 0.020758502 0.301667273 59.033123016 -0.042695645 0.996885061 0.066308446 -2.300971031 -0.299351037 -0.076084226 0.951104403 95.519523621
0.955309808 0.033121780 0.293742806 59.132289886 -0.055119656 0.996233940 0.066926986 -2.280219555 -0.290419698 -0.080127038 0.953538358 95.982307434
0.956750214 0.040868282 0.288023442 59.262344360 -0.062328920 0.995888352 0.065734170 -2.248055220 -0.284152597 -0.080843396 0.955364347 96.505287170
0.957318485 0.046228092 0.285312027 59.393966675 -0.066597916 0.995844901 0.062105443 -2.217813253 -0.281255364 -0.078455888 0.956420183 97.051834106
0.957480252 0.047127299 0.284621269 59.534732819 -0.066736922 0.995989203 0.059591554 -2.186686754 -0.280671179 -0.076052494 0.956785917 97.601646423
0.956714332 0.045630012 0.287427098 59.676582336 -0.064383157 0.996345222 0.056129254 -2.169006109 -0.283815324 -0.072205134 0.956156254 98.165428162
0.955530941 0.045440432 0.291366637 59.867607117 -0.062445134 0.996828437 0.049326070 -2.131852865 -0.288201064 -0.065327026 0.955338717 98.759445190
0.954453588 0.047624551 0.294531763 60.111763000 -0.063463971 0.996993423 0.044450466 -2.097324848 -0.291529208 -0.061118063 0.954607189 99.339340210
0.952869415 0.051856808 0.298913598 60.294033051 -0.068377092 0.996640801 0.045069434 -2.087361813 -0.295572251 -0.063384131 0.953215122 99.934791565
0.951065481 0.053804982 0.304266423 60.509063721 -0.072019942 0.996200860 0.048954275 -2.066010714 -0.300476432 -0.068471968 0.951328099 100.583961487
0.949738860 0.050753765 0.308899194 60.701732635 -0.070669755 0.996057212 0.053623311 -2.050432444 -0.304959595 -0.072757974 0.949581802 101.146049500
0.948840261 0.045741636 0.312423557 60.915771484 -0.067462184 0.995971739 0.059065647 -2.020885944 -0.308463186 -0.077120647 0.948104739 101.746017456
0.947858453 0.042529311 0.315838873 61.137126923 -0.065849252 0.995805025 0.063528933 -1.988278151 -0.311812013 -0.081014201 0.946683526 102.393791199
0.947112501 0.038056385 0.318634927 61.363391876 -0.061537243 0.996053934 0.063949436 -1.950352192 -0.314943761 -0.080175228 0.945717752 103.045997620
0.947192371 0.034657337 0.318785399 61.564342499 -0.057109438 0.996480942 0.061352521 -1.942784548 -0.315537125 -0.076318294 0.945839047 103.622360229
0.947242260 0.035216544 0.318575740 61.775081635 -0.055393554 0.996976197 0.054495975 -1.918093443 -0.315693170 -0.069267929 0.946329474 104.278182983
0.947628319 0.037122454 0.317208350 62.015048981 -0.054982226 0.997355103 0.047534958 -1.874134421 -0.314604640 -0.062486283 0.947163701 104.979873657
0.948075175 0.040875267 0.315406770 62.201759338 -0.057584718 0.997377574 0.043837368 -1.846658826 -0.312787682 -0.059723713 0.947943389 105.613403320
0.948911011 0.038731169 0.313155770 62.427902222 -0.056497864 0.997254908 0.047856800 -1.802639008 -0.310442477 -0.063104458 0.948495090 106.325752258
0.949387193 0.034500126 0.312205851 62.662162781 -0.054394886 0.996990263 0.055237763 -1.766476035 -0.309360385 -0.069424413 0.948407114 107.053283691
0.950194716 0.034510981 0.309738338 62.908363342 -0.055967003 0.996588469 0.060652278 -1.721639872 -0.306588382 -0.074966595 0.948885202 107.822158813
0.950603426 0.037708100 0.308107197 63.117008209 -0.058976449 0.996453941 0.060007893 -1.685333133 -0.304751754 -0.075214773 0.949456990 108.518692017
0.951110184 0.043271944 0.305803388 63.339149475 -0.063136466 0.996467829 0.055364568 -1.647285342 -0.302327394 -0.071965151 0.950483382 109.253349304
0.952249706 0.044582609 0.302045703 63.567378998 -0.062509939 0.996793747 0.049944248 -1.602498770 -0.298850477 -0.066440254 0.951983988 110.016319275
0.953462243 0.044049155 0.298275411 63.800552368 -0.060833935 0.997030139 0.047220014 -1.567352176 -0.295309424 -0.063167766 0.953310847 110.783477783
0.954669178 0.041919138 0.294700384 64.019065857 -0.058809888 0.997081161 0.048684187 -1.537346482 -0.291799247 -0.063808590 0.954348505 111.505859375
0.955689788 0.038539961 0.291839927 64.208068848 -0.055738755 0.997149646 0.050845999 -1.507867932 -0.289048344 -0.064859793 0.955114484 112.209938049
0.956263006 0.037251361 0.290124506 64.434883118 -0.055145830 0.997030437 0.053746644 -1.482236505 -0.287260681 -0.067395084 0.955478191 112.957824707
0.956160009 0.037828542 0.290389210 64.627380371 -0.056469567 0.996827722 0.056081433 -1.447508335 -0.287346393 -0.070020974 0.955263555 113.745170593
0.956185043 0.034857847 0.290678442 64.854560852 -0.053746723 0.996911764 0.057251092 -1.410161257 -0.287784934 -0.070365645 0.955106258 114.530334473
0.956295490 0.035737380 0.290207982 65.078094482 -0.055132180 0.996738255 0.058929745 -1.382152438 -0.287155181 -0.072354041 0.955147207 115.298797607
0.955845356 0.041743003 0.290888429 65.294502258 -0.060869038 0.996515989 0.057011057 -1.347108126 -0.287494928 -0.072199851 0.955056667 116.082344055
0.955411673 0.047691323 0.291398436 65.528434753 -0.066096082 0.996370077 0.053640660 -1.305978179 -0.287782222 -0.070509195 0.955096483 116.896629333
0.953993976 0.059863050 0.293787211 65.712760925 -0.078482673 0.995558441 0.051992986 -1.270661116 -0.289369613 -0.072658181 0.954455554 117.750740051
0.952664971 0.065958671 0.296779305 65.954002380 -0.085288621 0.994964063 0.052648578 -1.238504052 -0.291811824 -0.075468332 0.953493476 118.586547852
0.951471448 0.068826094 0.299940199 66.193504333 -0.089171678 0.994514883 0.054663468 -1.210906625 -0.294532418 -0.078756876 0.952390373 119.415229797
0.950674057 0.069414817 0.302323431 66.469284058 -0.089578994 0.994550467 0.053333372 -1.169245362 -0.296973467 -0.077784456 0.951712012 120.294548035
0.950180411 0.068504632 0.304077655 66.744194031 -0.087799877 0.994870901 0.050225656 -1.133444190 -0.299077004 -0.074421383 0.951322138 121.173225403
0.950190663 0.062315732 0.305373996 67.008811951 -0.081848912 0.995309412 0.051571801 -1.101774693 -0.300727546 -0.073997550 0.950834811 121.968795776
0.950571895 0.056043919 0.305403054 67.273094177 -0.074863963 0.995926499 0.050254907 -1.079152107 -0.301342189 -0.070634559 0.950895965 122.738327026
0.950081646 0.055859964 0.306958467 67.523063660 -0.074689716 0.995955765 0.049932864 -1.046306372 -0.302927524 -0.070366904 0.950411975 123.534591675
0.948832154 0.059194561 0.310181618 67.724281311 -0.079313785 0.995458424 0.052645870 -1.006663442 -0.305656284 -0.074553743 0.949218333 124.400878906
0.948128581 0.060577638 0.312060297 67.969398499 -0.082690120 0.994879603 0.058108788 -0.970703721 -0.306942046 -0.080898874 0.948283434 125.218124390
0.947571516 0.063971892 0.313073277 68.205833435 -0.087788999 0.994172275 0.062564611 -0.950794458 -0.307246089 -0.086768799 0.947665811 125.985740662
0.947356045 0.063437030 0.313833386 68.459205627 -0.085233778 0.994773865 0.056212172 -0.927976131 -0.308627009 -0.080002107 0.947812438 126.753723145
