1.000000000 0.000000000 0.000000000 0.000000000 0.000000000 1.000000000 0.000000000 0.000000000 0.000000000 0.000000000 1.000000000 0.000000000
0.999997318 0.001413473 0.001819289 -0.013020332 -0.001404784 0.999987662 -0.004768698 0.000251792 -0.001826007 0.004766129 0.999986947 0.960565090
0.999995768 -0.000678217 0.002834768 -0.015716391 0.000693910 0.999984384 -0.005538393 -0.000401458 -0.002830967 0.005540336 0.999980569 1.922383308
0.999992609 -0.002442057 0.002966575 -0.019429436 0.002446735 0.999995708 -0.001574063 -0.000253011 -0.002962718 0.001581310 0.999994278 2.860620737
0.999985456 -0.004879506 0.002322506 -0.017404918 0.004869250 0.999978423 0.004401089 -0.003015951 -0.002343931 -0.004389715 0.999987543 3.816087246
0.999965608 -0.008249753 0.000921854 -0.015714884 0.008245754 0.999956965 0.004259288 0.002399910 -0.000956953 -0.004251540 0.999990404 4.750877857
0.999942899 -0.010694467 0.000111865 -0.022113953 0.010694291 0.999941826 0.001443953 0.003412483 -0.000127302 -0.001442675 0.999998868 5.670067787
0.999935746 -0.011323826 -0.000710183 -0.026185926 0.011322246 0.999933600 -0.002185750 0.004543437 0.000734886 0.002177567 0.999997258 6.592778683
0.999937952 -0.011031499 -0.001625772 -0.031225093 0.011026788 0.999935150 -0.002876684 0.004979960 0.001657399 0.002858577 0.999994457 7.512671471
0.999942005 -0.010481316 -0.002538780 -0.041648060 0.010478609 0.999944568 -0.001075476 0.004804280 0.002549910 0.001048809 0.999996126 8.444638252
0.999942243 -0.010237637 -0.003311102 -0.047939267 0.010243468 0.999946058 0.001749715 0.002678451 0.003293009 -0.001783533 0.999992907 9.359856606
0.999939322 -0.010230780 -0.004116504 -0.056645557 0.010244278 0.999942183 0.003271811 0.003015278 0.004082792 -0.003313784 0.999986112 10.270146370
0.999921024 -0.011628921 -0.004797528 -0.062749609 0.011649176 0.999923289 0.004215671 0.000635796 0.004748134 -0.004271226 0.999979556 11.165748596
0.999921322 -0.011272040 -0.005526912 -0.071331494 0.011294776 0.999927878 0.004099669 0.003216567 0.005480300 -0.004161773 0.999976218 12.071765900
0.999911904 -0.011746828 -0.006206409 -0.081027284 0.011764132 0.999927044 0.002758961 0.000784233 0.006173544 -0.002831732 0.999976814 12.980619431
0.999897242 -0.012099588 -0.007710404 -0.090243921 0.012105515 0.999926507 0.000722406 0.004147378 0.007701092 -0.000815673 0.999969900 13.884446144
0.999865532 -0.013633136 -0.009134904 -0.103973247 0.013628896 0.999907017 -0.000526086 0.002444914 0.009141223 0.000401513 0.999958038 14.784372330
0.999855340 -0.013111605 -0.010851729 -0.117482968 0.013098424 0.999913454 -0.001284822 0.003957492 0.010867631 0.001142492 0.999940157 15.692033768
0.999854267 -0.011839109 -0.012312050 -0.137466699 0.011812997 0.999927938 -0.002191367 0.003756826 0.012337101 0.002045602 0.999921679 16.597911835
0.999852777 -0.010282013 -0.013744229 -0.161585405 0.010253631 0.999945283 -0.002133822 0.002336753 0.013765411 0.001992576 0.999903142 17.485929489
0.999827266 -0.010627885 -0.015254141 -0.180134773 0.010609882 0.999943018 -0.001260607 0.000994420 0.015266662 0.001098541 0.999882698 18.377651215
0.999814570 -0.009990285 -0.016471572 -0.205187470 0.009990956 0.999950171 -0.000041536 0.002331457 0.016471159 -0.000123041 0.999864161 19.253509521
0.999795318 -0.009603117 -0.017814672 -0.227372274 0.009614831 0.999953687 0.000572047 0.002667956 0.017808346 -0.000743218 0.999840975 20.140840530
0.999755442 -0.010677453 -0.019371718 -0.246714115 0.010686331 0.999942899 0.000354879 0.004126863 0.019366816 -0.000561808 0.999812126 21.015609741
0.999728560 -0.010307274 -0.020900683 -0.268515587 0.010303789 0.999947011 -0.000274392 0.007663655 0.020902395 0.000058959 0.999781370 21.885797501
0.999708414 -0.009979156 -0.021994662 -0.291238695 0.009967344 0.999950230 -0.000646607 0.013349542 0.022000009 0.000427187 0.999757767 22.746263504
0.999684572 -0.009772675 -0.023139004 -0.312740386 0.009802691 0.999951363 0.001184040 0.017909354 0.023126293 -0.001410494 0.999731421 23.603193283
0.999650836 -0.010992061 -0.024032174 -0.334441125 0.011089442 0.999930918 0.003922592 0.019318346 0.023987381 -0.004187727 0.999703348 24.451795578
0.999638855 -0.010758728 -0.024629697 -0.359077066 0.010898751 0.999925256 0.005558000 0.019891452 0.024568044 -0.005824426 0.999681056 25.285223007
0.999624074 -0.010283601 -0.025419455 -0.383112878 0.010399412 0.999936223 0.004428024 0.021982765 0.025372282 -0.004690708 0.999666929 26.105503082
0.999608040 -0.009053719 -0.026497340 -0.407263428 0.009101118 0.999957263 0.001668758 0.023837440 0.026481085 -0.001909261 0.999647319 26.930683136
0.999588966 -0.008848964 -0.027274337 -0.432226509 0.008849925 0.999960899 -0.000085479 0.025813803 0.027274011 -0.000155934 0.999627829 27.727190018
0.999572694 -0.007864198 -0.028158396 -0.461557418 0.007852638 0.999969065 -0.000521113 0.026468074 0.028161608 0.000299769 0.999603212 28.517639160
0.999533236 -0.008035125 -0.029480860 -0.486777306 0.008006665 0.999967396 -0.001083324 0.024114724 0.029488584 0.000846772 0.999564648 29.297628403
0.999471307 -0.007716220 -0.031588607 -0.514492631 0.007660140 0.999968946 -0.001895961 0.021986898 0.031602234 0.001652983 0.999499023 30.072389603
0.999402285 -0.007778106 -0.033688188 -0.539382756 0.007712736 0.999968231 -0.002069973 0.021557210 0.033703193 0.001808904 0.999430120 30.833520889
0.999347270 -0.007268333 -0.035391349 -0.574342549 0.007217960 0.999972880 -0.001550911 0.027275780 0.035401635 0.001294443 0.999372184 31.581308365
0.999264479 -0.007729281 -0.037563968 -0.603510916 0.007763823 0.999969721 0.000773761 0.025175897 0.037556820 -0.001064834 0.999293804 32.321311951
0.999189079 -0.007249903 -0.039608609 -0.635948658 0.007354294 0.999970019 0.002490482 0.016678024 0.039589334 -0.002779757 0.999212027 33.047584534
0.999113858 -0.005261951 -0.041761708 -0.665557921 0.005373895 0.999982417 0.002568739 0.019943392 0.041747425 -0.002790887 0.999124169 33.778888702
0.999036908 -0.002663516 -0.043799847 -0.702993751 0.002739697 0.999994993 0.001679334 0.022084132 0.043795124 -0.001797717 0.999038756 34.490196228
0.998963296 -0.001043024 -0.045513790 -0.741748095 0.001081244 0.999999225 0.000815119 0.026683284 0.045512874 -0.000863488 0.998963237 35.208408356
0.998895466 -0.000512368 -0.046987981 -0.780246079 0.000598958 0.999998271 0.001828755 0.032155268 0.046986930 -0.001854880 0.998893619 35.901973724
0.998834789 0.001090399 -0.048250925 -0.814755619 -0.000921722 0.999993503 0.003517925 0.036969453 0.048254412 -0.003469353 0.998828888 36.593078613
0.998828530 0.004201882 -0.048210118 -0.856693506 -0.004014686 0.999984145 0.003979080 0.038064290 0.048226040 -0.003780872 0.998829126 37.270439148
0.998867214 0.007517650 -0.046989728 -0.896777451 -0.007434672 0.999970555 0.001940381 0.036527071 0.047002897 -0.001588832 0.998893321 37.928089142
0.998944581 0.009083594 -0.045027971 -0.938799918 -0.009133239 0.999957979 -0.000896923 0.031687424 0.045017898 0.001307225 0.998985171 38.577190399
0.999031246 0.010119149 -0.042830635 -0.969820321 -0.010253085 0.999943256 -0.002908542 0.035980947 0.042798743 0.003344866 0.999077916 39.208202362
0.999157190 0.011479668 -0.039412934 -1.000502706 -0.011572822 0.999930859 -0.002136134 0.035991937 0.039385658 0.002590449 0.999220550 39.846302032
0.999210596 0.016380275 -0.036196209 -1.032571554 -0.016370846 0.999865949 0.000556950 0.033692360 0.036200453 0.000036049 0.999344349 40.469005585
0.999258637 0.021045340 -0.032242093 -1.063931108 -0.020929364 0.999773383 0.003930429 0.032466777 0.032317478 -0.003252710 0.999472141 41.082435608
0.999269307 0.026104260 -0.027923010 -1.088157058 -0.025974736 0.999650359 0.004991469 0.030456908 0.028043520 -0.004262530 0.999597371 41.683551788
0.999300063 0.029922359 -0.022457127 -1.110545039 -0.029809352 0.999541461 0.005350426 0.030957714 0.022606904 -0.004677250 0.999733210 42.269660950
0.999282777 0.034055173 -0.016565114 -1.126855016 -0.033939496 0.999398053 0.007215501 0.034751646 0.016800847 -0.006648114 0.999836504 42.834941864
0.999197304 0.038780544 -0.010045379 -1.137914300 -0.038696770 0.999215901 0.008404531 0.034244280 0.010363417 -0.008009060 0.999913990 43.387256622
0.999107182 0.042142794 -0.002957290 -1.144492984 -0.042118013 0.999080956 0.007993840 0.035929438 0.003291438 -0.007862148 0.999963462 43.922744751
0.998937070 0.045886565 0.004372539 -1.146847367 -0.045919511 0.998915315 0.007757582 0.041496094 -0.004011840 -0.007950122 0.999960124 44.430713654
0.998667479 0.050258826 0.011718931 -1.144232631 -0.050346393 0.998705387 0.007300071 0.045690723 -0.011336876 -0.007880350 0.999904454 44.915142059
0.998311639 0.054768771 0.019345066 -1.141311526 -0.054866485 0.998483539 0.004556139 0.046332665 -0.019066202 -0.005609844 0.999802232 45.376529694
0.998028398 0.056574393 0.027177807 -1.129372478 -0.056632131 0.998394430 0.001358576 0.047362462 -0.027057316 -0.002895037 0.999629438 45.818313599
0.997746944 0.057230651 0.035009168 -1.114670277 -0.057303775 0.998356462 0.001087841 0.046709985 -0.034889374 -0.003091550 0.999386132 46.238689423
0.997474134 0.056590684 0.042928003 -1.092530608 -0.056745134 0.998386145 0.002386844 0.046992801 -0.042723648 -0.004816772 0.999075055 46.642665863
0.997000635 0.058302920 0.050895780 -1.072949767 -0.058534626 0.998280942 0.003072482 0.046237972 -0.050629154 -0.006042434 0.998698950 47.009387970
0.996338665 0.061293054 0.059601374 -1.051404953 -0.061591070 0.998096645 0.003174081 0.045491051 -0.059293386 -0.006833374 0.998216927 47.364711761
0.995472074 0.066061497 0.068345971 -1.028698921 -0.066389568 0.997790754 0.002537186 0.043557182 -0.068027370 -0.007063158 0.997658193 47.686916351
0.994570553 0.069743976 0.077234693 -1.004989982 -0.070149742 0.997533381 0.002549625 0.041186430 -0.076866366 -0.007953776 0.997009456 47.985347748
0.993828177 0.069160841 0.086731538 -0.977664530 -0.069699481 0.997563124 0.003193832 0.038268976 -0.086299293 -0.009219265 0.996226370 48.264728546
0.992897451 0.067837566 0.097738221 -0.957906127 -0.068313435 0.997662961 0.001526641 0.031643249 -0.097406231 -0.008192633 0.995210767 48.518398285
0.991770625 0.066422865 0.109448858 -0.918978572 -0.066497728 0.997782350 -0.002969994 0.029387148 -0.109403402 -0.004332552 0.993987739 48.778720856
0.990114093 0.067351200 0.123036474 -0.887544394 -0.066957831 0.997729003 -0.007334029 0.033417135 -0.123250999 -0.000976735 0.992374778 49.046634674
0.987943769 0.069308251 0.138432324 -0.845114708 -0.068672799 0.997595429 -0.009367299 0.025857341 -0.138748661 -0.000252175 0.990327358 49.293376923
0.985423148 0.070968486 0.154612005 -0.798208654 -0.070170127 0.997478664 -0.010622025 0.019408077 -0.154975981 -0.000381961 0.987917960 49.537437439
0.982599080 0.071496911 0.171427816 -0.743047714 -0.070511125 0.997440934 -0.011840512 0.013315852 -0.171835631 -0.000453096 0.985125363 49.780193329
0.979323685 0.070789091 0.189510658 -0.687024772 -0.069607221 0.997491360 -0.012893838 0.005624902 -0.189947933 -0.000564073 0.981793821 50.008914948
0.975460231 0.069830380 0.208809271 -0.620914519 -0.068556413 0.997558236 -0.013341499 0.001007319 -0.209230989 -0.001301115 0.977865219 50.246444702
0.970938921 0.069896817 0.228893697 -0.548297346 -0.068328589 0.997553587 -0.014779573 -0.001696507 -0.229366720 -0.001289924 0.973339081 50.486778259
0.965569615 0.071942106 0.249999732 -0.474218756 -0.069885455 0.997408509 -0.017105659 -0.005656824 -0.250582397 -0.000954642 0.968094647 50.725242615
0.959324419 0.073287167 0.272627681 -0.389429182 -0.070679590 0.997310817 -0.019387022 -0.009494023 -0.273315251 -0.000670772 0.961924136 50.967655182
0.951977551 0.074401356 0.296990544 -0.298659146 -0.071485855 0.997227311 -0.020681271 -0.016074019 -0.297705650 -0.001542521 0.954656303 51.203720093
0.943415582 0.077114247 0.322522283 -0.198607326 -0.074068472 0.997016609 -0.021725139 -0.023085561 -0.323235244 -0.003392902 0.946312428 51.447566986
0.933454394 0.079354197 0.349808395 -0.093671434 -0.076118812 0.996833265 -0.023011081 -0.030453768 -0.350526541 -0.005147211 0.936538517 51.685764313
0.922222257 0.080114253 0.378269613 0.022724651 -0.076538429 0.996765554 -0.024505520 -0.040588465 -0.379009217 -0.006352630 0.925370991 51.918514252
0.909556508 0.078289382 0.408139437 0.154921860 -0.073782273 0.996914327 -0.026801296 -0.051299728 -0.408978134 -0.005736166 0.912526011 52.142478943
0.894658923 0.075665206 0.440295488 0.299827039 -0.069668300 0.997125268 -0.029794367 -0.060868472 -0.441284001 -0.004018843 0.897358358 52.365753174
0.877296031 0.075275764 0.474009603 0.451773614 -0.067000546 0.997161508 -0.034351192 -0.069541328 -0.475249797 -0.001622736 0.879849255 52.583980560
0.857786715 0.077247493 0.508167922 0.611828506 -0.066292025 0.997011900 -0.039656714 -0.081832141 -0.509712696 0.000329521 0.860344470 52.795509338
0.835920691 0.079318747 0.543088496 0.784680963 -0.065796226 0.996848464 -0.044317570 -0.093812630 -0.544892013 0.001312798 0.838505089 53.011459351
0.811180413 0.082475513 0.578950882 0.965007722 -0.066989474 0.996593058 -0.048111156 -0.107859872 -0.580946267 0.000243211 0.813941717 53.227645874
0.783780873 0.086352572 0.615004778 1.173106909 -0.069608770 0.996261001 -0.051173106 -0.124303550 -0.617124021 -0.002701227 0.786861062 53.454502106
0.753962696 0.090366445 0.650672138 1.401970387 -0.072716191 0.995886981 -0.054051019 -0.142834544 -0.652880132 -0.006561954 0.757432580 53.681854248
0.720924199 0.091739617 0.686914980 1.648826480 -0.072511807 0.995744169 -0.056882862 -0.160563678 -0.689209819 -0.008801222 0.724508166 53.903205872
0.684514701 0.089391135 0.723497689 1.931043625 -0.068705395 0.995946705 -0.058049910 -0.182820857 -0.725754142 -0.009972182 0.687881708 54.122817993
0.645301580 0.088329278 0.758804142 2.240200996 -0.065804422 0.996028066 -0.059982225 -0.203262329 -0.761088312 -0.011226045 0.648550928 54.344253540
0.602835655 0.088196799 0.792975664 2.574803352 -0.063585088 0.996021152 -0.062441424 -0.220153838 -0.795327544 -0.012779515 0.606045008 54.563129425
0.557085991 0.087981589 0.825781047 2.932844877 -0.059440996 0.996046185 -0.066022322 -0.239248008 -0.828324616 -0.012305136 0.560113072 54.764297485
0.509114563 0.086875513 0.856303036 3.311511040 -0.055926073 0.996129572 -0.067810677 -0.265975416 -0.858879685 -0.013366265 0.512002647 54.951461792
0.460685730 0.084957488 0.883487761 3.713453293 -0.053815968 0.996250689 -0.067739137 -0.294340312 -0.885930061 -0.016339295 0.463530600 55.126380920
0.411138803 0.082761437 0.907807946 4.145683765 -0.053087808 0.996353805 -0.066790789 -0.320499003 -0.910025358 -0.020733247 0.414033353 55.293220520
0.360995740 0.082311556 0.928927720 4.583559990 -0.055661965 0.996223152 -0.066643447 -0.345661342 -0.930904627 -0.027647939 0.364214003 55.444141388
0.311884701 0.082641147 0.946518958 5.041240692 -0.052854549 0.996176600 -0.069560833 -0.369541049 -0.948648453 -0.028332872 0.315060288 55.571117401
0.265020281 0.079481617 0.960961342 5.527235031 -0.041385580 0.996616244 -0.071017057 -0.404401273 -0.963354051 -0.020948982 0.267413020 55.666427612
0.221081629 0.073956333 0.972446978 6.030405045 -0.028146289 0.997189045 -0.069439076 -0.437252045 -0.974848866 -0.012019074 0.222541898 55.740596771
0.178834170 0.073168159 0.981154680 6.535061359 -0.018816713 0.997302890 -0.070942678 -0.466988236 -0.983699024 -0.005775136 0.179728761 55.801544189
0.140422016 0.074913256 0.987253428 7.062053680 -0.015068231 0.997179687 -0.073523216 -0.492869824 -0.989976764 -0.004551890 0.141154930 55.855331421
0.107682906 0.075718321 0.991297543 7.618613243 -0.005995539 0.997126818 -0.075512283 -0.534344971 -0.994166911 0.002188013 0.107827626 55.898582458
0.078832850 0.074024357 0.994135499 8.176491737 0.001161147 0.997231722 -0.074346960 -0.580326378 -0.996886849 0.007015314 0.078528814 55.920509338
0.053995822 0.072277717 0.995921671 8.744348526 0.008311899 0.997309744 -0.072829068 -0.619508684 -0.998506248 0.012210460 0.053249948 55.934120178
0.034020703 0.071446531 0.996863842 9.324262619 0.013010069 0.997325182 -0.071923569 -0.653641880 -0.999336123 0.015416153 0.033000335 55.941921234
0.018235890 0.073303960 0.997142673 9.908751488 0.015774816 0.997163415 -0.073593944 -0.688179731 -0.999708951 0.017071789 0.017027959 55.941413879
0.004906027 0.072995715 0.997319937 10.503644943 0.016516253 0.997190118 -0.073067427 -0.728329778 -0.999851286 0.016830457 0.003686778 55.936843872
-0.006633945 0.073926896 0.997241378 11.104932785 0.017500039 0.997119308 -0.073801391 -0.768627822 -0.999824584 0.016962167 -0.007908407 55.930526733
-0.015726775 0.076773793 0.996924281 11.728002548 0.022205707 0.996828675 -0.076416083 -0.812522590 -0.999629438 0.020935629 -0.017381564 55.917896271
-0.022097886 0.078633733 0.996658385 12.350799561 0.026384102 0.996600628 -0.078044146 -0.854579270 -0.999407351 0.024571326 -0.024097294 55.893314362
-0.026681934 0.078097351 0.996588349 12.997889519 0.026684998 0.996643841 -0.077387206 -0.895314872 -0.999287486 0.024529118 -0.028676258 55.873943329
-0.030428987 0.075330533 0.996693969 13.650212288 0.024287883 0.996917188 -0.074605852 -0.937493026 -0.999241531 0.021937408 -0.032164648 55.862125397
-0.033007771 0.068654351 0.997094035 14.316652298 0.022078216 0.997444451 -0.067947559 -0.978515625 -0.999210894 0.019771259 -0.034439031 55.848621368
-0.034330070 0.062991239 0.997423172 14.994766235 0.023068262 0.997795641 -0.062220734 -1.017389297 -0.999143958 0.020872774 -0.035707340 55.828170776
-0.034737427 0.060429148 0.997567534 15.682687759 0.025644310 0.997895360 -0.059555963 -1.060491204 -0.999067068 0.023513108 -0.036213830 55.798065186
-0.034362704 0.062582448 0.997447789 16.369932175 0.028847957 0.997683585 -0.061603364 -1.104486227 -0.998992682 0.026657471 -0.036088333 55.766502380
-0.033837453 0.069958717 0.996975541 17.074602127 0.029502846 0.997182131 -0.068971828 -1.145272493 -0.998991489 0.027079787 -0.035805937 55.748390198
-0.031591903 0.077966899 0.996454954 17.791091919 0.030250415 0.996570706 -0.077016816 -1.185713887 -0.999042690 0.027710073 -0.033841942 55.725112915
-0.029562598 0.078682110 0.996460974 18.502302170 0.030799020 0.996495306 -0.077771008 -1.228764892 -0.999088049 0.028390916 -0.031882167 55.707557678
-0.027307702 0.074485078 0.996847868 19.240169525 0.030145910 0.996827781 -0.073657677 -1.274526119 -0.999172151 0.028039468 -0.029466342 55.690494537
-0.024815964 0.067981876 0.997377574 19.978466034 0.029634193 0.997296631 -0.067238949 -1.327405691 -0.999252498 0.027887885 -0.026763309 55.675758362
-0.021945007 0.066463746 0.997547209 20.720584869 0.027807305 0.997442245 -0.065844946 -1.375168562 -0.999372184 0.026294135 -0.023736898 55.670978546
-0.018325195 0.071842663 0.997247338 21.443367004 0.035763230 0.996823847 -0.071154907 -1.422937155 -0.999192059 0.034360863 -0.020836160 55.650096893
-0.015120007 0.077620335 0.996868014 22.173723221 0.037224803 0.996334791 -0.077014126 -1.468545675 -0.999192297 0.035943769 -0.017953832 55.638130188
-0.012833791 0.078510106 0.996830404 22.904565811 0.031009559 0.996464491 -0.078081973 -1.515084267 -0.999436498 0.029909190 -0.015222821 55.644142151
-0.009754171 0.074969336 0.997137845 23.632497787 0.026455468 0.996855795 -0.074689262 -1.566820383 -0.999602139 0.025651220 -0.011706691 55.651466370
-0.004804925 0.070990294 0.997465193 24.362304688 0.030488344 0.997023523 -0.070811920 -1.626750708 -0.999523282 0.030070819 -0.006954839 55.642879486
-0.001076179 0.071975365 0.997405589 25.106849670 0.035310697 0.996787071 -0.071892560 -1.681358457 -0.999375522 0.035141714 -0.003614061 55.635669708
0.001518294 0.076922134 0.997035742 25.844718933 0.034882512 0.996426225 -0.076928154 -1.727780104 -0.999390006 0.034895908 -0.001170209 55.638744354
0.005467990 0.077771947 0.996955931 26.571578979 0.031106304 0.996475339 -0.077904984 -1.776226282 -0.999500811 0.031437602 0.003029680 55.650856018
0.008945888 0.077366985 0.996962249 27.318201065 0.030075479 0.996530533 -0.077603266 -1.831220627 -0.999507308 0.030678352 0.006588162 55.667510986
0.012594182 0.074228644 0.997161448 28.062982559 0.034038797 0.996630967 -0.074618980 -1.886697531 -0.999340832 0.034881946 0.010025259 55.674533844
0.016419893 0.074657187 0.997073770 28.803567886 0.038681295 0.996414542 -0.075244747 -1.941867948 -0.999116302 0.039803620 0.013473344 55.679256439
0.019985270 0.075595789 0.996937931 29.552591324 0.041337665 0.996222198 -0.076370113 -1.996666312 -0.998944938 0.042737368 0.016784977 55.695289612
0.022691015 0.075821891 0.996862829 30.298793793 0.041689802 0.996180713 -0.076718882 -2.045110226 -0.998872578 0.043299846 0.019443514 55.714256287
0.026002919 0.074464560 0.996884227 31.053174973 0.042628005 0.996232033 -0.075527668 -2.097946882 -0.998752236 0.044459134 0.022730827 55.742111206
0.029764723 0.073515370 0.996849477 31.821296692 0.044650577 0.996198297 -0.074800476 -2.154653311 -0.998558819 0.046736326 0.026369223 55.762836456
0.032721024 0.073964007 0.996723652 32.561683655 0.043078359 0.996226788 -0.075341262 -2.207056046 -0.998535395 0.045402467 0.029411474 55.789749146
0.035795018 0.075587898 0.996496081 33.301311493 0.040390544 0.996211290 -0.077017076 -2.261827230 -0.998542249 0.043005854 0.032606523 55.825111389
0.038499054 0.075595081 0.996394694 34.052719116 0.042034771 0.996129155 -0.077199005 -2.314943552 -0.998373747 0.044855319 0.035172567 55.854057312
0.041097526 0.075586759 0.996291518 34.808856964 0.039604597 0.996227443 -0.077215523 -2.365149736 -0.998369515 0.042631093 0.037949055 55.890201569
0.043191846 0.075972572 0.996173561 35.561599731 0.037707452 0.996270061 -0.077614747 -2.417949915 -0.998354554 0.040915493 0.040166166 55.931507111
0.045921195 0.076200217 0.996034086 36.315151215 0.034649163 0.996364832 -0.077822901 -2.471018553 -0.998343587 0.038085468 0.043114144 55.973072052
0.049183611 0.078071959 0.995733321 37.074714661 0.033251218 0.996259570 -0.079755567 -2.526488304 -0.998235703 0.037032016 0.046403814 56.014492035
0.052565206 0.081696413 0.995269656 37.829116821 0.032118775 0.995993853 -0.083452150 -2.584990978 -0.998100400 0.036353525 0.049730796 56.057209015
0.055931196 0.083820663 0.994909525 38.589065552 0.032104302 0.995803356 -0.085700721 -2.645168781 -0.997917891 0.036734220 0.053005632 56.105232239
0.058692928 0.086212724 0.994545996 39.362907410 0.025884110 0.995797217 -0.087848686 -2.703991652 -0.997940004 0.030899035 0.056214884 56.159999847
0.061080378 0.085551187 0.994459331 40.126449585 0.021686787 0.995970845 -0.087013185 -2.758960724 -0.997896731 0.026881425 0.058979113 56.222175598
0.064924970 0.086438023 0.994139016 40.903385162 0.023461923 0.995833516 -0.088117540 -2.819477081 -0.997613788 0.029045442 0.062626630 56.277168274
0.068689652 0.087683000 0.993776977 41.686759949 0.022034096 0.995753527 -0.089380339 -2.884682417 -0.997394204 0.028036481 0.066466130 56.330780029
0.072075896 0.088980615 0.993421733 42.462116241 0.017438367 0.995747626 -0.090454116 -2.944206715 -0.997246146 0.023843214 0.070217915 56.401096344
0.076308049 0.087631278 0.993225574 43.257320404 0.015993951 0.995894313 -0.089095503 -3.001758814 -0.996955454 0.022684302 0.074593373 56.457683563
0.081087418 0.087423056 0.992865145 44.045322418 0.016044622 0.995902002 -0.089000791 -3.072522163 -0.996577322 0.023146991 0.079352647 56.525726318
0.086207844 0.091064215 0.992106199 44.843528748 0.012490770 0.995636463 -0.092473596 -3.139886856 -0.996198356 0.020364121 0.084694415 56.602695465
0.092154726 0.099618927 0.990748584 45.628311157 0.010590300 0.994828343 -0.101014175 -3.209074497 -0.995687842 0.019801261 0.090623334 56.686508179
0.099448837 0.104211509 0.989570141 46.414569855 0.009205958 0.994361401 -0.105641231 -3.281739235 -0.994999588 0.019615842 0.097928911 56.773200989
0.106763639 0.107006878 0.988509119 47.208587646 0.004896469 0.994122922 -0.108143404 -3.362876892 -0.994271874 0.016385989 0.105612427 56.866641998
0.113730237 0.105532676 0.987890482 48.020507812 0.000995770 0.994329572 -0.106335163 -3.441879749 -0.993510664 0.013077235 0.112980455 56.966888428
0.121490903 0.104256019 0.987101793 48.828033447 0.001264777 0.994451284 -0.105187915 -3.512404442 -0.992591202 0.014027839 0.120685130 57.069465637
0.128540084 0.100895502 0.986558139 49.642562866 0.000833773 0.994799495 -0.101846971 -3.588357925 -0.991703391 0.013913983 0.127787694 57.194282532
0.136033878 0.095464617 0.986093640 50.448936462 -0.000955702 0.995358467 -0.096229702 -3.663615704 -0.990703166 0.012148085 0.135493904 57.318538666
0.143067583 0.088266924 0.985768735 51.262798309 -0.003440639 0.996053219 -0.088688441 -3.733072758 -0.989706397 0.009296764 0.142806828 57.450531006
0.150745064 0.085532531 0.984865248 52.070163727 -0.003373669 0.996288419 -0.086008206 -3.806183577 -0.988566339 0.009642701 0.150474340 57.579349518
0.158149660 0.087145805 0.983561814 52.842777252 -0.004755765 0.996153116 -0.087496728 -3.885336161 -0.987403154 0.009159985 0.157955945 57.691825867
0.164315030 0.093692966 0.981947958 53.620792389 -0.004137680 0.995535195 -0.094297007 -3.952499151 -0.986398637 0.011431427 0.163969293 57.822071075
0.169474885 0.097237587 0.980725586 54.395298004 -0.005476441 0.995197892 -0.097726136 -4.020088673 -0.985518694 0.011191238 0.169193804 57.960231781
0.174553886 0.099982724 0.979558110 55.156543732 -0.007950758 0.994941533 -0.100136124 -4.105764866 -0.984614909 0.009690919 0.174466118 58.094932556
0.179737017 0.099659950 0.978653193 55.917461395 -0.010413251 0.994991481 -0.099411286 -4.178205013 -0.983658969 0.007676924 0.179874867 58.246368408
0.185069233 0.096557602 0.977970123 56.671798706 -0.006134005 0.995254934 -0.097103402 -4.249197483 -0.982705712 0.011971976 0.184783623 58.394290924
0.189836472 0.089760132 0.977703810 57.433074951 -0.004743765 0.995883942 -0.090508126 -4.316658974 -0.981803596 0.012543739 0.189481154 58.541839600
0.193163484 0.083447270 0.977611363 58.174118042 -0.006359711 0.996461809 -0.083799727 -4.384912014 -0.981145322 0.009969711 0.193011001 58.696022034
0.196031138 0.080245107 0.977308571 58.922645569 -0.010023746 0.996757448 -0.079831444 -4.450266361 -0.980545759 0.005853145 0.196200147 58.865226746
0.199280828 0.080265716 0.976649404 59.639934540 -0.011216471 0.996760845 -0.079629906 -4.505234718 -0.979877591 0.004914143 0.199535936 59.019390106
0.201406494 0.082351886 0.976039529 60.340099335 -0.013037809 0.996596038 -0.081395954 -4.556936741 -0.979420304 0.003668247 0.201794907 59.167835236
0.202857047 0.086781360 0.975355089 61.035060883 -0.016810093 0.996226490 -0.085142165 -4.613535404 -0.979063392 0.000875869 0.203550652 59.325862885
0.204814941 0.091001540 0.974560916 61.719802856 -0.018032121 0.995850027 -0.089199796 -4.671499252 -0.978633940 0.000696042 0.205606177 59.478729248
0.207191214 0.096192844 0.973559499 62.399486542 -0.018205795 0.995360494 -0.094472364 -4.730681896 -0.978130341 0.001849410 0.207981467 59.625553131
0.208774075 0.098504618 0.972990036 63.071063995 -0.017306315 0.995130181 -0.097032659 -4.785758495 -0.977810025 0.003419024 0.209462404 59.775047302
0.210296422 0.098441541 0.972668529 63.743999481 -0.019540947 0.995141447 -0.096491106 -4.848294258 -0.977441609 0.001284866 0.211198613 59.927860260
0.210896686 0.095338114 0.972847700 64.409294128 -0.019168001 0.995443821 -0.093397230 -4.911696911 -0.977319658 0.001049615 0.211763531 60.074447632
0.211571559 0.092813157 0.972945333 65.049095154 -0.019166831 0.995682836 -0.090814270 -4.973054886 -0.977173805 0.000565433 0.212437376 60.216659546
0.211525753 0.091516808 0.973078072 65.697914124 -0.017798839 0.995801628 -0.089784861 -5.029260635 -0.977209568 0.001672145 0.212266862 60.360160828
0.209964350 0.090742700 0.973488688 66.317474365 -0.018411821 0.995873630 -0.088858195 -5.091028690 -0.977534950 0.000733349 0.210768968 60.496696472
0.208200648 0.091502562 0.973796368 66.929611206 -0.019738225 0.995804191 -0.089350447 -5.149564266 -0.977886200 -0.000618194 0.209133446 60.637096405
0.206164539 0.094307162 0.973962009 67.529426575 -0.020324148 0.995542288 -0.092094630 -5.206495285 -0.978305519 -0.000808306 0.207162499 60.764549255
0.204185650 0.098129719 0.974001229 68.127182007 -0.018356614 0.995171487 -0.096414417 -5.262980938 -0.978759289 0.001807070 0.205001324 60.885700226
0.202586427 0.098551176 0.974292576 68.717338562 -0.015993882 0.995122850 -0.097332574 -5.316828728 -0.979132950 0.004135532 0.203174844 61.006328583
0.200344622 0.097560257 0.974855661 69.303253174 -0.016701497 0.995224595 -0.096166372 -5.368146896 -0.979582310 0.002984859 0.201017544 61.130363464
0.198002696 0.094837941 0.975602508 69.882629395 -0.016736835 0.995489836 -0.093374394 -5.417572975 -0.980057716 0.002159870 0.198697209 61.248016357
0.195618629 0.090992019 0.976449311 70.454505920 -0.016696686 0.995850384 -0.089454994 -5.475851536 -0.980537057 0.001195581 0.196326405 61.369712830
0.194169551 0.089831702 0.976845920 71.017898560 -0.012352788 0.995942652 -0.089132488 -5.530773163 -0.980889320 0.005240027 0.194491655 61.476768494
0.192563593 0.091165259 0.977040291 71.564476013 -0.008462040 0.995791793 -0.091247171 -5.578007221 -0.981247127 0.009303112 0.192524970 61.577281952
0.190235659 0.093181223 0.977306128 72.112884521 -0.004039166 0.995550692 -0.094134547 -5.625874519 -0.981729209 0.013960228 0.189765915 61.677742004
0.188671723 0.095035031 0.977430761 72.660186768 -0.004341929 0.995376885 -0.095941842 -5.672265053 -0.982029676 0.013857560 0.188212410 61.782142639
0.187551320 0.097598813 0.977393687 73.196540833 -0.004506829 0.995125771 -0.098504692 -5.721579552 -0.982243538 0.014069722 0.187077314 61.885753632
0.186117083 0.095989183 0.977827191 73.739364624 -0.002851534 0.995264292 -0.097158194 -5.775852203 -0.982522488 0.015294475 0.185509697 61.991939545
0.186920494 0.094582424 0.977811038 74.287231445 0.003279669 0.995288193 -0.096899942 -5.821148396 -0.982368648 0.021319464 0.185729846 62.091243744
0.189779475 0.092572145 0.977452636 74.842124939 0.008722379 0.995346367 -0.095960356 -5.867884159 -0.981787086 0.026737001 0.188089147 62.183959961
0.191678628 0.092182882 0.977118790 75.388442993 0.011246447 0.995307088 -0.096105009 -5.915440083 -0.981392384 0.029410375 0.189742669 62.292461395
0.195303425 0.091702700 0.976445913 75.937469482 0.008951241 0.995410264 -0.095274135 -5.969632626 -0.980701089 0.027347751 0.193586454 62.402423859
0.200653687 0.092475370 0.975287557 76.492607117 0.007789176 0.995352209 -0.095980421 -6.018036842 -0.979630351 0.026855495 0.199001059 62.526527405
0.207297444 0.091263771 0.974011362 77.053573608 0.009242598 0.995411277 -0.095236033 -6.064846039 -0.978233337 0.028744563 0.205502957 62.648181915
0.214992628 0.091671981 0.972303331 77.618774414 0.007554390 0.995398283 -0.095519885 -6.108489513 -0.976585507 0.027881211 0.213311031 62.780597687
0.223336279 0.089727841 0.970602512 78.175704956 0.007865250 0.995555222 -0.093844444 -6.156567574 -0.974708796 0.028592879 0.221638128 62.918228149
0.232197762 0.089353591 0.968555391 78.755744934 0.004412646 0.995663941 -0.092912383 -6.212670326 -0.972657621 0.025847919 0.230796918 63.070980072
0.241745993 0.089125834 0.966237485 79.342903137 0.003415673 0.995687902 -0.092696965 -6.262926102 -0.970332563 0.025709448 0.240399405 63.232177734
0.251279891 0.093059123 0.963430285 79.931549072 -0.002040307 0.995415509 -0.095616527 -6.313412666 -0.967911303 0.022060797 0.250318021 63.402004242
0.260862142 0.095351174 0.960655332 80.517555237 -0.005716383 0.995244682 -0.097232185 -6.363528728 -0.965358138 0.019872699 0.260166943 63.569366455
0.271752864 0.098023877 0.957361639 81.114768982 -0.009764029 0.995028019 -0.099109009 -6.421238422 -0.962316573 0.017585428 0.271359056 63.753730774
0.282026470 0.099562474 0.954226375 81.726539612 -0.010966601 0.994869649 -0.100561954 -6.480729580 -0.959342957 0.017896490 0.281671673 63.945320129
0.291749686 0.100196756 0.951232016 82.337005615 -0.014187242 0.994841337 -0.100439012 -6.541595936 -0.956388533 0.015807668 0.291666418 64.150650024
0.302181035 0.100647673 0.947922051 82.970275879 -0.015077790 0.994789958 -0.100817487 -6.598646164 -0.953130364 0.016172538 0.302124411 64.361816406
0.312364429 0.101408593 0.944533944 83.613487244 -0.019352712 0.994758129 -0.100400805 -6.656578541 -0.949764252 0.013082324 0.312689781 64.588188171
0.323052615 0.096603066 0.941437423 84.280616760 -0.018732555 0.995233655 -0.095695220 -6.711624146 -0.946194649 0.013279038 0.323322654 64.819938660
0.333886981 0.089434206 0.938360572 84.937614441 -0.015270630 0.995870590 -0.089481883 -6.771429062 -0.942488492 0.015547454 0.333874136 65.054748535
0.344972759 0.084981203 0.934757531 85.605834961 -0.013739789 0.996242583 -0.085500337 -6.831355572 -0.938511252 0.016651889 0.344844371 65.302665710
0.355380058 0.081738614 0.931140959 86.281425476 -0.014463229 0.996529937 -0.081958674 -6.888006687 -0.934609115 0.015659146 0.355329275 65.564758301
0.364764601 0.079536885 0.927696228 86.952522278 -0.009241235 0.996604145 -0.081811219 -6.944958210 -0.931053042 0.021268750 0.364261150 65.828613281
0.373413593 0.074355133 0.924680054 87.635437012 -0.003329699 0.996882737 -0.078816488 -6.990314007 -0.927658141 0.026352212 0.372497350 66.096443176
0.380633086 0.064368814 0.922482908 88.332969666 0.006433639 0.997365057 -0.072248600 -7.045924664 -0.924702942 0.033435095 0.379216194 66.377166748
0.387635589 0.060183302 0.919845700 89.069664001 0.011417270 0.997475624 -0.070073873 -7.100745678 -0.921741128 0.037665222 0.385970116 66.681129456
0.395247042 0.060741622 0.916564107 89.793022156 0.012783899 0.997350037 -0.071608186 -7.151658535 -0.918485045 0.040020157 0.393423319 66.979766846
0.402560681 0.067153826 0.912926495 90.503669739 0.014717679 0.996700943 -0.079806075 -7.203047276 -0.915274084 0.045562916 0.400244445 67.292892456
0.410087794 0.070640586 0.909305990 91.196235657 0.019142499 0.996108949 -0.086017095 -7.256894112 -0.911844313 0.052680921 0.407140076 67.590904236
0.415293008 0.072504602 0.906793416 91.886329651 0.017732944 0.995983243 -0.087757334 -7.314957142 -0.909513950 0.052525103 0.412339389 67.922187805
0.419874668 0.073969871 0.904562473 92.570320129 0.011058399 0.996181428 -0.086594999 -7.377613068 -0.907513857 0.046362035 0.417453587 68.247680664
0.423858017 0.077734426 0.902386427 93.251274109 0.004686903 0.996107757 -0.088009402 -7.437075138 -0.905715585 0.041532867 0.421844214 68.579872131
0.427812666 0.080866270 0.900242448 93.940193176 0.003889892 0.995814979 -0.091299877 -7.503990173 -0.903858185 0.042561073 0.425707996 68.919273376
0.431582689 0.085248969 0.898035884 94.610992432 0.000629986 0.995494962 -0.094803385 -7.569711685 -0.902072310 0.041481234 0.429584980 69.258422852
0.434849262 0.088304922 0.896162808 95.268974304 -0.002505271 0.995294213 -0.096857399 -7.637185097 -0.900498927 0.039873227 0.433024526 69.593643188
0.438758522 0.086674862 0.894414842 95.924751282 -0.003553228 0.995495975 -0.094727300 -7.708122730 -0.898597121 0.038384344 0.437090695 69.925949097
0.442655861 0.083769351 0.892769814 96.578903198 -0.002717238 0.995746493 -0.092084512 -7.774164677 -0.896686614 0.038335875 0.441001028 70.259880066
0.445944428 0.081106484 0.891378045 97.209747314 -0.003434550 0.996032596 -0.088910788 -7.845421314 -0.895053208 0.036587782 0.444454163 70.584815979
0.449523836 0.080041997 0.889674723 97.836486816 -0.004227811 0.996155739 -0.087485723 -7.909846306 -0.893257439 0.035565533 0.448134542 70.911979675
0.452959090 0.081799529 0.887770474 98.442649841 -0.006416408 0.996054173 -0.088503093 -7.971224308 -0.891507387 0.034391969 0.451697022 71.225616455
0.455742687 0.082260355 0.886302054 99.050254822 -0.005616836 0.995965421 -0.089550354 -8.035005569 -0.890092969 0.035833701 0.454366356 71.544662476
0.457874119 0.080454037 0.885368764 99.644004822 -0.003527651 0.996052206 -0.088687584 -8.091570854 -0.889009118 0.037484478 0.456350684 71.855110168
0.459650546 0.079400010 0.884543061 100.229934692 -0.001928910 0.996081293 -0.088409774 -8.152251244 -0.888096809 0.038931403 0.458002836 72.156127930
0.461392581 0.079299964 0.883644640 100.810424805 -0.003600158 0.996155500 -0.087517098 -8.214893341 -0.887187779 0.037198484 0.459904611 72.466392517
0.463369697 0.078714244 0.882661879 101.376693726 -0.002230775 0.996146619 -0.087663531 -8.268785477 -0.886161268 0.038651608 0.461760104 72.762725830
0.466225028 0.080599792 0.880986512 101.931945801 -0.002883384 0.995973170 -0.089593798 -8.321365356 -0.884660423 0.039230656 0.464580357 73.056427002
0.469167352 0.080802716 0.879404485 102.484992981 -0.000064345 0.995807350 -0.091463901 -8.372989655 -0.883108258 0.042855293 0.467205822 73.347526550
0.472296715 0.080056950 0.877796173 103.024482727 0.001648055 0.995783865 -0.091704443 -8.429815292 -0.881437063 0.044758365 0.470173836 73.635757446
0.475701720 0.078241356 0.876119554 103.556808472 0.004715966 0.995793819 -0.091489427 -8.484945297 -0.879592955 0.047653433 0.473332196 73.916526794
0.479314446 0.077212699 0.874239743 104.080039978 0.006100344 0.995804250 -0.091293886 -8.536092758 -0.877620995 0.049091645 0.476832658 74.198791504
0.482493579 0.076741830 0.872530699 104.592750549 0.007016577 0.995782793 -0.091462292 -8.591530800 -0.875870347 0.050252158 0.479920655 74.485694885
0.486183882 0.075892314 0.870554268 105.094558716 0.007894084 0.995798528 -0.091219403 -8.643627167 -0.873819828 0.051221643 0.483542413 74.763877869
0.489685625 0.075486511 0.868624747 105.602714539 0.009528015 0.995721400 -0.091903068 -8.692880630 -0.871846020 0.053279892 0.486871511 75.051010132
0.493620753 0.076904684 0.866269827 106.098960876 0.009110374 0.995569646 -0.093574829 -8.742064476 -0.869628549 0.054082531 0.490733504 75.339096069
0.497853249 0.077060372 0.863830447 106.594276428 0.011198739 0.995389342 -0.095250666 -8.794404030 -0.867187977 0.057094671 0.494695157 75.627487183
0.502614975 0.080461726 0.860757411 107.073554993 0.009080392 0.995112121 -0.098323174 -8.842350006 -0.864461720 0.057234719 0.499427944 75.912597656
0.507784903 0.086366251 0.857143342 107.551910400 0.005379738 0.994623661 -0.103405915 -8.900631905 -0.861466169 0.057119172 0.504590571 76.208663940
0.513406932 0.093504585 0.853035510 108.026863098 0.000123381 0.994036913 -0.109034590 -8.953421593 -0.858144403 0.056084368 0.510334253 76.512474060
0.519273460 0.100072563 0.848728418 108.500572205 -0.005334298 0.993479550 -0.113876365 -9.008236885 -0.854590595 0.054605603 0.516421735 76.819114685
0.525649965 0.104384027 0.844272137 108.978988647 -0.009022471 0.993070543 -0.117163718 -9.070522308 -0.850652218 0.053969681 0.522949636 77.127281189
0.531059206 0.104549840 0.840859532 109.462699890 -0.013075256 0.993250608 -0.115239769 -9.130142212 -0.847232997 0.050204679 0.528842151 77.442665100
0.536414802 0.103683725 0.837560833 109.944480896 -0.019513134 0.993682027 -0.110513188 -9.189290047 -0.843728065 0.042937461 0.535049200 77.770553589
0.541847169 0.101493225 0.834326148 110.437705994 -0.026024131 0.994231105 -0.104043998 -9.251461029 -0.840073228 0.034663323 0.541362882 78.119415283
0.547537625 0.099723123 0.830817223 110.938591003 -0.032162011 0.994646609 -0.098191708 -9.309873581 -0.836161971 0.027042888 0.547814012 78.473640442
0.553614557 0.097829901 0.827006400 111.440567017 -0.034845587 0.994926393 -0.094367497 -9.365167618 -0.832042873 0.023425685 0.554214954 78.819114685
0.559511900 0.101604387 0.822570562 111.942222595 -0.040434282 0.994620919 -0.095352784 -9.423092842 -0.827834606 0.020090960 0.560610890 79.182800293
0.565268874 0.105778903 0.818096101 112.453964233 -0.044762146 0.994215310 -0.097622223 -9.477770805 -0.823690593 0.018563058 0.566734195 79.559463501
0.571199119 0.109133169 0.813523710 112.972785950 -0.047582816 0.993856490 -0.099915281 -9.529717445 -0.819430411 0.018361764 0.572883189 79.949249268
0.577425897 0.111302488 0.808820367 113.501579285 -0.050027348 0.993624866 -0.101018518 -9.585658073 -0.814908206 0.017867567 0.579313278 80.341636658
