1.000000000 0.000000000 0.000000000 0.000000000 0.000000000 1.000000000 0.000000000 0.000000000 0.000000000 0.000000000 1.000000000 0.000000000
0.999998271 0.001368980 0.001238853 -0.008004709 -0.001363321 0.999988675 -0.004557439 -0.001212925 -0.001245078 0.004555742 0.999988854 0.966720700
0.999997795 -0.000913190 0.001887418 0.002348329 0.000923488 0.999984622 -0.005462145 0.001578676 -0.001882401 0.005463876 0.999983311 1.966397524
0.999986172 -0.004490489 0.002711896 -0.028893191 0.004495038 0.999988496 -0.001673982 0.022595266 -0.002704348 0.001686148 0.999994934 2.662662983
0.999973476 -0.007138554 0.001421865 0.059236128 0.007132342 0.999965250 0.004327761 0.026628885 -0.001452709 -0.004317506 0.999989629 2.879451036
0.999928415 -0.011952602 0.000382658 0.037409481 0.011950903 0.999919891 0.004173039 0.038347743 -0.000432506 -0.004168168 0.999991238 3.820024967
0.999913454 -0.013152120 -0.000292455 0.024369527 0.013152690 0.999911427 0.002037263 0.018800735 0.000265635 -0.002040934 0.999997914 4.615552902
0.999939084 -0.010981330 -0.001158430 0.024457855 0.010980491 0.999939442 -0.000729734 -0.016851459 0.001166373 0.000716969 0.999999046 5.369679928
0.999939978 -0.010810528 -0.001833637 0.012930502 0.010807898 0.999940574 -0.001439236 -0.009978337 0.001849087 0.001419331 0.999997258 6.270052910
0.999962151 -0.008438904 -0.002133122 -0.007809467 0.008441037 0.999963880 0.000991818 -0.040673047 0.002124675 -0.001009787 0.999997199 6.846293926
0.999974132 -0.006884184 -0.002087298 -0.046752300 0.006893371 0.999966443 0.004425641 -0.061920360 0.002056762 -0.004439915 0.999988019 7.475914955
0.999974012 -0.006638119 -0.002810308 -0.067786649 0.006654365 0.999960959 0.005810385 -0.053703338 0.002771628 -0.005828935 0.999979198 8.440738678
0.999971151 -0.006797620 -0.003405016 -0.068165168 0.006823815 0.999946713 0.007740903 -0.091679603 0.003352216 -0.007763914 0.999964297 9.102061272
0.999965191 -0.007192601 -0.004236762 -0.077520832 0.007225232 0.999943972 0.007736783 -0.085197836 0.004180877 -0.007767125 0.999961138 10.008541107
0.999957502 -0.007525646 -0.005336448 -0.077028707 0.007558392 0.999952555 0.006142418 -0.075138442 0.005289969 -0.006182492 0.999966979 10.913683891
0.999944806 -0.008130447 -0.006665410 -0.093208835 0.008157599 0.999958515 0.004055987 -0.064824834 0.006632157 -0.004110136 0.999969661 11.831626892
0.999916911 -0.010006077 -0.008134795 -0.104610160 0.010029113 0.999945819 0.002795493 -0.059824377 0.008106382 -0.002876845 0.999963105 12.767045975
0.999907136 -0.009912015 -0.009356266 -0.130628765 0.009931872 0.999948561 0.002077769 -0.051253036 0.009335189 -0.002170501 0.999954164 13.677873611
0.999896049 -0.009002964 -0.011264554 -0.150737703 0.009018075 0.999958575 0.001291024 -0.052834786 0.011252464 -0.001392473 0.999935806 14.610713959
0.999885619 -0.007974325 -0.012855763 -0.172879010 0.007994466 0.999966979 0.001515857 -0.053096287 0.012843250 -0.001618457 0.999916255 15.504703522
0.999867141 -0.008561206 -0.013873031 -0.202819005 0.008592996 0.999960721 0.002233267 -0.045488965 0.013853366 -0.002352180 0.999901295 16.396287918
0.999847889 -0.008695349 -0.015120468 -0.229768500 0.008749584 0.999955654 0.003524163 -0.039356913 0.015089151 -0.003655924 0.999879479 17.281732559
0.999826431 -0.008289951 -0.016687442 -0.251976013 0.008352754 0.999958396 0.003697040 -0.029776111 0.016656097 -0.003835784 0.999853909 18.162246704
0.999756813 -0.010927011 -0.019156981 -0.249604791 0.011017788 0.999928653 0.004639275 -0.048023611 0.019104918 -0.004849213 0.999805689 18.937397003
0.999713540 -0.010768425 -0.021377068 -0.261275977 0.010860969 0.999932230 0.004217671 -0.042654447 0.021330198 -0.004448637 0.999762535 19.803577423
0.999692321 -0.010632448 -0.022412306 -0.284152091 0.010741168 0.999931276 0.004736039 -0.044631749 0.022360407 -0.004975315 0.999737561 20.658840179
0.999678254 -0.010279244 -0.023190489 -0.312397152 0.010436241 0.999923587 0.006658957 -0.041406758 0.023120264 -0.006898834 0.999708831 21.525224686
0.999647439 -0.011621696 -0.023874626 -0.337270290 0.011848033 0.999886215 0.009360741 -0.036145229 0.023763116 -0.009640305 0.999671102 22.377441406
0.999638498 -0.011326387 -0.024384648 -0.365104526 0.011596880 0.999872684 0.010980058 -0.034470938 0.024257174 -0.011258871 0.999642313 23.218973160
0.999635577 -0.010200558 -0.024996303 -0.390252858 0.010447624 0.999897897 0.009773470 -0.030377110 0.024894051 -0.010031058 0.999639750 24.053398132
0.999631107 -0.008216556 -0.025889780 -0.414407969 0.008403945 0.999939442 0.007137424 -0.027157627 0.025829565 -0.007352365 0.999639332 24.868246078
0.999617398 -0.007553617 -0.026609216 -0.440914482 0.007697982 0.999956369 0.005327047 -0.017869905 0.026567815 -0.005529844 0.999631703 25.673427582
0.999588907 -0.007269755 -0.027736381 -0.461717665 0.007412011 0.999960124 0.005029425 -0.016536454 0.027698709 -0.005232938 0.999602616 26.491123199
0.999543786 -0.007903979 -0.029153287 -0.484534889 0.008046807 0.999956429 0.004785031 -0.018113853 0.029114192 -0.005017437 0.999563515 27.285171509
0.999480546 -0.007843166 -0.031261485 -0.509776354 0.007969869 0.999960780 0.003930407 -0.013572715 0.031229427 -0.004177513 0.999503553 28.092788696
0.999416232 -0.007632944 -0.033303931 -0.536007464 0.007760151 0.999963343 0.003691919 -0.006745191 0.033274524 -0.003948205 0.999438465 28.868535995
0.999354780 -0.007890129 -0.035042986 -0.569458663 0.008065354 0.999955952 0.004861646 -0.004413025 0.035003074 -0.005141140 0.999373972 29.644819260
0.999312997 -0.007790673 -0.036235873 -0.612186790 0.008051654 0.999942958 0.007061864 -0.002643710 0.036178779 -0.007348767 0.999318302 30.379867554
0.999236286 -0.006483792 -0.038536310 -0.636383176 0.006808621 0.999942601 0.008303822 0.007591505 0.038480248 -0.008559855 0.999222696 31.138618469
0.999163508 -0.004805184 -0.040613789 -0.665171564 0.005135206 0.999954820 0.008025330 0.020666283 0.040573385 -0.008227171 0.999142706 31.877330780
0.999100566 -0.001625578 -0.042374630 -0.702526629 0.001898006 0.999978006 0.006389490 0.036067024 0.042363301 -0.006464167 0.999081433 32.596466064
0.999023318 -0.000506667 -0.044185366 -0.739395976 0.000752703 0.999984562 0.005551710 0.047863379 0.044181854 -0.005579542 0.999008000 33.319263458
0.998956144 -0.000071419 -0.045681190 -0.777999997 0.000379409 0.999977529 0.006733437 0.053528063 0.045679666 -0.006743737 0.998933434 34.010940552
0.998900533 0.001319754 -0.046863437 -0.815111101 -0.000934461 0.999965847 0.008242474 0.061682295 0.046872701 -0.008189615 0.998867333 34.733200073
0.998885334 0.004168228 -0.047020137 -0.851358831 -0.003762060 0.999955177 0.008723310 0.065300308 0.047054373 -0.008536690 0.998855889 35.416664124
0.998924077 0.007277874 -0.045801640 -0.894293070 -0.006971607 0.999952614 0.006842947 0.064549156 0.045849252 -0.006516270 0.998927176 36.079975128
0.998989761 0.008840814 -0.044060368 -0.933307171 -0.008676634 0.999954998 0.003916054 0.062804908 0.044092987 -0.003529800 0.999021292 36.723583221
0.999057591 0.009516263 -0.042348117 -0.953511596 -0.009440051 0.999953747 0.001999195 0.069186568 0.042365164 -0.001597541 0.999101043 37.385898590
0.999168634 0.010798244 -0.039311685 -0.974644780 -0.010698041 0.999939263 0.002758333 0.073134236 0.039339066 -0.002335481 0.999223351 38.041748047
0.999213755 0.015688587 -0.036409050 -1.001352072 -0.015502525 0.999865592 0.005386969 0.073196366 0.036488652 -0.004818300 0.999322593 38.676605225
0.999245584 0.020410065 -0.033038318 -1.021502972 -0.020124137 0.999757588 0.008963922 0.073816597 0.033213247 -0.008292290 0.999414027 39.294631958
0.999263167 0.025568141 -0.028619109 -1.047466755 -0.025297763 0.999632478 0.009770071 0.080463812 0.028858373 -0.009038872 0.999542773 39.895027161
0.999293506 0.029619494 -0.023125481 -1.069721699 -0.029397570 0.999519229 0.009878490 0.087645829 0.023406940 -0.009191677 0.999683917 40.469318390
0.999278188 0.033874959 -0.017181993 -1.085986376 -0.033675466 0.999363720 0.011770335 0.093486987 0.017569762 -0.011183226 0.999783278 41.036052704
0.999181688 0.039064791 -0.010459809 -1.100069284 -0.038928770 0.999158800 0.012907289 0.098539338 0.010955210 -0.012489540 0.999862134 41.586811066
0.999078274 0.042788181 -0.003350662 -1.107590795 -0.042742439 0.999005497 0.012706369 0.099617168 0.003890989 -0.012551441 0.999913812 42.105514526
0.998845160 0.047823790 0.004557936 -1.125058055 -0.047883321 0.998755038 0.013992816 0.062420581 -0.003883097 -0.014194905 0.999891818 42.463665009
0.998493493 0.053714659 0.011184909 -1.118470907 -0.053886849 0.998423576 0.015707538 -0.001272421 -0.010323578 -0.016286593 0.999814212 42.676574707
0.998123765 0.058287375 0.018738143 -1.114557147 -0.058532745 0.998203158 0.012823215 0.005003721 -0.017957071 -0.013895947 0.999742329 43.140769958
0.997825146 0.060225841 0.026785150 -1.106790662 -0.060497593 0.998123646 0.009452440 0.012506098 -0.026165640 -0.011052315 0.999596655 43.586154938
0.997568130 0.060550839 0.034510612 -1.089311600 -0.060900062 0.998101950 0.009158384 0.013312462 -0.033890594 -0.011237807 0.999362469 44.004825592
0.997166991 0.060986832 0.044025891 -1.126591682 -0.061786793 0.997943878 0.017042527 -0.164300352 -0.042896032 -0.019714460 0.998885095 43.778171539
0.996550739 0.064609781 0.052075561 -1.101617932 -0.065567218 0.997705221 0.016889898 -0.137648508 -0.050864842 -0.020246085 0.998500407 44.213020325
0.995846987 0.067604400 0.060976911 -1.085773349 -0.068759233 0.997487724 0.017041106 -0.136339352 -0.059671707 -0.021163052 0.997993767 44.559230804
0.994975924 0.072264813 0.069284797 -1.053384781 -0.073558711 0.997157574 0.016305761 -0.135171562 -0.067909576 -0.021320336 0.997463703 44.890190125
0.994000494 0.076028265 0.078627422 -1.042011619 -0.077350438 0.996906996 0.013904510 -0.054122768 -0.077327147 -0.019902952 0.996807158 45.191257477
0.993285239 0.075280413 0.087845296 -1.008414865 -0.077009760 0.996894419 0.016461315 -0.122420885 -0.086333334 -0.023115724 0.995998144 45.487403870
0.992294073 0.074321881 0.099137239 -0.970375180 -0.075835265 0.997053087 0.011580360 -0.050987162 -0.097984493 -0.019009221 0.995006382 45.956439972
0.988853395 0.075727738 0.128194153 -1.457759142 -0.077346034 0.996974707 0.007685732 -0.075500146 -0.127224386 -0.017515369 0.991719306 46.876205444
0.985816896 0.075290546 0.149986193 -1.689969301 -0.075672559 0.997127771 -0.003166827 0.188637897 -0.149793893 -0.008227922 0.988683045 48.077846527
0.983217061 0.077237681 0.165281639 -1.639495134 -0.077391773 0.996985555 -0.005517329 0.186197847 -0.165209621 -0.007366702 0.986231029 48.340148926
0.982202888 0.074916638 0.172233656 -1.433747053 -0.074742325 0.997174621 -0.007506246 0.209061325 -0.172309458 -0.005500480 0.985027552 48.696643829
0.979054391 0.075665861 0.189015284 -1.373144507 -0.075344235 0.997117817 -0.008897012 0.204390094 -0.189143807 -0.005530546 0.981933892 48.942375183
0.975473762 0.074933983 0.206967279 -1.306168675 -0.074431553 0.997173607 -0.010224614 0.201887220 -0.207148582 -0.005431047 0.978294492 49.198722839
0.971167266 0.074359387 0.226504609 -1.251634955 -0.073840670 0.997211754 -0.010774177 0.199526727 -0.226674318 -0.006261716 0.973950565 49.426136017
0.965573370 0.074300118 0.249292970 -1.214229822 -0.073096544 0.997225165 -0.014095323 0.263744175 -0.249648601 -0.004612375 0.968325615 49.979110718
0.959841847 0.075991437 0.270052552 -1.129309535 -0.074255832 0.997100055 -0.016653100 0.262988806 -0.270535022 -0.004068622 0.962701678 50.227870941
0.953143656 0.077203475 0.292500079 -1.038782120 -0.074928388 0.997007966 -0.018991312 0.259078771 -0.293091238 -0.003815101 0.956076980 50.473758698
0.945169330 0.078310132 0.317051947 -0.950289071 -0.075755179 0.996917725 -0.020398123 0.252400637 -0.317672223 -0.004738641 0.948188901 50.741703033
0.936020136 0.081089772 0.342476577 -0.845894933 -0.078493610 0.996683538 -0.021459032 0.241234154 -0.343081027 -0.006796134 0.939281344 50.988697052
0.925601006 0.083215378 0.369239032 -0.725672305 -0.080522291 0.996493578 -0.022727953 0.227751195 -0.369835794 -0.008694956 0.929056525 51.211929321
0.913852751 0.084068663 0.397246957 -0.594358146 -0.081031024 0.996411383 -0.024459630 0.219540045 -0.397877842 -0.009836827 0.917385757 51.449726105
0.900622189 0.082155049 0.426766485 -0.454833031 -0.078164883 0.996577680 -0.026892513 0.209830999 -0.427515477 -0.009138158 0.903961957 51.674522400
0.885103583 0.079645954 0.458527684 -0.303553283 -0.074193582 0.996794760 -0.029925412 0.198243320 -0.459441632 -0.007532722 0.888176143 51.895652771
0.867138863 0.079191014 0.491730064 -0.143871039 -0.071414717 0.996846318 -0.034601834 0.186444700 -0.492919683 -0.005112165 0.870059907 52.112270355
0.846966028 0.081195325 0.525409758 0.036390871 -0.070520014 0.996693969 -0.040347196 0.183391392 -0.526948988 -0.002879194 0.849892199 52.343105316
0.824319541 0.083164990 0.559982419 0.212303087 -0.069852315 0.996533930 -0.045172971 0.168580040 -0.561798513 -0.001879103 0.827272117 52.554718018
0.799001157 0.086074151 0.595136762 0.421388865 -0.070678972 0.996284842 -0.049201727 0.154687971 -0.597161055 -0.002751415 0.802116871 52.786666870
0.770741880 0.090001330 0.630758405 0.642483115 -0.073261738 0.995925426 -0.052585404 0.142776847 -0.632921338 -0.005680683 0.774195433 53.027599335
0.739974141 0.094057493 0.666026175 0.876471460 -0.076341696 0.995520711 -0.055771466 0.127572149 -0.668288767 -0.009576124 0.743840456 53.256172180
0.705745637 0.095032096 0.702062368 1.113070488 -0.075685360 0.995405018 -0.058656849 0.108862028 -0.704410791 -0.011739023 0.709695578 53.483581543
0.668841183 0.092382237 0.737642646 1.479302883 -0.070603348 0.995657265 -0.060677871 0.103772640 -0.740044951 -0.011496176 0.672459304 53.770694733
0.628281653 0.090925030 0.772654176 1.801258922 -0.066428639 0.995789766 -0.063167043 0.094854966 -0.775144696 -0.011639664 0.631676674 54.042076111
0.584730506 0.090104721 0.806207836 2.092284441 -0.062842458 0.995857179 -0.065721884 0.083985828 -0.808789849 -0.012234479 0.587970734 54.258712769
0.538516223 0.089432314 0.837855518 2.465898037 -0.057536818 0.995933592 -0.069324732 0.062920079 -0.840648532 -0.010875038 0.541472197 54.458431244
0.489714384 0.090466492 0.867176712 2.876029730 -0.057404742 0.995789886 -0.071466014 0.043869037 -0.869991302 -0.014782114 0.492845923 54.658260345
0.440658540 0.088238530 0.893327355 3.294463873 -0.054300919 0.995955050 -0.071590118 0.015883762 -0.896031141 -0.016961692 0.443667591 54.833503723
0.390574366 0.086054236 0.916540265 3.737166166 -0.053528715 0.996059716 -0.070709579 -0.010226928 -0.919013977 -0.021443868 0.393641829 54.995647430
0.340190470 0.084792770 0.936525643 4.188211441 -0.053854827 0.996048570 -0.070619278 -0.038183376 -0.938813329 -0.026412416 0.343412757 55.140529633
0.290658593 0.085101590 0.953034639 4.654346466 -0.050671712 0.996008337 -0.073484913 -0.064280055 -0.955484331 -0.026932867 0.293810606 55.262092590
0.243989646 0.081723072 0.966328204 5.162818909 -0.036469925 0.996511519 -0.075067297 -0.092419267 -0.969092011 -0.016926263 0.246118933 55.348552704
0.199873641 0.076262332 0.976849198 5.678431034 -0.021537956 0.997067690 -0.073433831 -0.116341956 -0.979585111 -0.006361836 0.200930074 55.419624329
0.157953635 0.075553551 0.984551728 6.164775848 -0.010986953 0.997141421 -0.074756965 -0.134880781 -0.987385571 0.000990925 0.158332199 55.452583313
0.118897200 0.076319851 0.989968956 6.688226700 -0.006548109 0.997080266 -0.076081611 -0.172036320 -0.992885172 0.002563478 0.119049765 55.502449036
0.086521305 0.077069841 0.993264377 7.195962906 0.003795529 0.996970713 -0.077688009 -0.190967843 -0.996243000 0.010491646 0.085966647 55.502372742
0.058235921 0.075694628 0.995428920 7.657149792 0.015523897 0.996932209 -0.076717116 -0.177396029 -0.998182356 0.019920642 0.056882154 55.490623474
0.033883899 0.074194789 0.996667862 8.119094849 0.024819894 0.996870756 -0.075053670 -0.162566572 -0.999117732 0.027280316 0.031936325 55.480739594
0.007182306 0.071922131 0.997384310 8.346455574 0.014355054 0.997300088 -0.072019406 -0.219501212 -0.999871373 0.014834784 0.006130429 55.661636353
-0.008028028 0.073906668 0.997232795 8.939937592 0.017868772 0.997116566 -0.073754184 -0.204821512 -0.999808311 0.017227236 -0.009325541 55.608764648
-0.021075951 0.073647931 0.997061551 9.436829567 0.019848738 0.997117579 -0.073232487 -0.192289114 -0.999581039 0.018246980 -0.022477061 55.547248840
-0.033975236 0.073531792 0.996713996 9.987032890 0.018131297 0.997171164 -0.072947457 -0.235398829 -0.999258459 0.015593324 -0.035212390 55.544307709
-0.043811634 0.076209977 0.996128798 10.573549271 0.019794505 0.996956885 -0.075402714 -0.248632550 -0.998844028 0.016414374 -0.045186885 55.508182526
-0.051807109 0.077450827 0.995649219 11.168269157 0.020371290 0.996862829 -0.076485224 -0.269135475 -0.998449743 0.016320195 -0.053222392 55.478378296
-0.057605810 0.076410599 0.995410979 11.835382462 0.017478889 0.996991277 -0.075520366 -0.294705957 -0.998186827 0.013048277 -0.058768101 55.454273224
-0.061607223 0.073154569 0.995415986 12.535839081 0.014465040 0.997271359 -0.072395653 -0.319900483 -0.997996032 0.009938646 -0.062497340 55.409881592
-0.064878896 0.065163307 0.995763242 13.231075287 0.012112550 0.997843802 -0.064510256 -0.366550505 -0.997820020 0.007875889 -0.065528326 55.377746582
-0.066339806 0.059398364 0.996027470 13.936267853 0.012400503 0.998198807 -0.058701914 -0.395328879 -0.997720420 0.008456979 -0.066956908 55.336105347
-0.067459323 0.056411799 0.996125877 14.665172577 0.013023387 0.998365283 -0.055656642 -0.423990548 -0.997637391 0.009218385 -0.068083733 55.282112122
-0.067898050 0.057813548 0.996015668 15.361251831 0.015490186 0.998260617 -0.056887884 -0.470416337 -0.997572362 0.011565904 -0.068675511 55.244606018
-0.067786105 0.064136438 0.995636165 16.063276291 0.016724892 0.997864723 -0.063141301 -0.511511564 -0.997560084 0.012371818 -0.068714052 55.205280304
-0.065968052 0.071825214 0.995233178 16.802034378 0.016949950 0.997343004 -0.070853956 -0.535931766 -0.997678161 0.012195069 -0.067010209 55.152557373
-0.068199947 0.072492920 0.995034277 17.253173828 0.016542645 0.997301996 -0.071524270 -0.537782431 -0.997534931 0.011582561 -0.069215171 55.230785370
-0.066054761 0.068419337 0.995467365 17.985168457 0.015677659 0.997594655 -0.067525223 -0.570857048 -0.997693241 0.011146247 -0.066968538 55.181110382
-0.064375177 0.060873225 0.996067226 18.708475113 0.014804390 0.998086512 -0.060039803 -0.625338793 -0.997816384 0.010881107 -0.065153196 55.147560120
-0.063015759 0.059876196 0.996214569 19.416654587 0.010275686 0.998184979 -0.059344605 -0.643116891 -0.997960031 0.006497154 -0.063516662 55.138893127
-0.059835769 0.065147720 0.996079862 20.143142700 0.017840181 0.997778654 -0.064187124 -0.686615407 -0.998049200 0.013929572 -0.060865115 55.090003967
-0.057553068 0.069941260 0.995889306 20.865306854 0.018420450 0.997447789 -0.068986163 -0.736810029 -0.998172820 0.014374378 -0.058694545 55.059753418
-0.055513322 0.070367344 0.995975077 21.578210831 0.011258836 0.997494400 -0.069847122 -0.762699008 -0.998394787 0.007336087 -0.056166504 55.028671265
-0.052686602 0.066530496 0.996392250 22.307552338 0.006333597 0.997780681 -0.066288285 -0.809727490 -0.998591304 0.002818254 -0.052991074 55.002929688
-0.048471831 0.062741600 0.996851861 23.020460129 0.008739631 0.998013854 -0.062389754 -0.850412607 -0.998786569 0.005687985 -0.048923921 54.960815430
-0.045825321 0.063750818 0.996913016 23.755769730 0.012275555 0.997922421 -0.063251078 -0.897582352 -0.998874247 0.009339173 -0.046512716 54.931926727
-0.043040082 0.068363823 0.996731460 24.498870850 0.011533294 0.997623920 -0.067926995 -0.939005554 -0.999006927 0.008572027 -0.043726295 54.907413483
-0.040042266 0.068811648 0.996825576 25.226373672 0.007384402 0.997619271 -0.068569794 -0.975381136 -0.999170840 0.004615284 -0.040455092 54.902080536
-0.036397655 0.066610590 0.997114837 25.855375290 0.004596096 0.997776985 -0.066487044 -1.104036450 -0.999326944 0.002162877 -0.036622912 54.868759155
-0.034706838 0.063382171 0.997385502 26.573276520 0.007404483 0.997976065 -0.063162036 -1.156028867 -0.999370217 0.005192983 -0.035105929 54.895656586
-0.031358980 0.064163491 0.997446418 27.327312469 0.011011122 0.997899175 -0.063846432 -1.199719787 -0.999447644 0.008980858 -0.031999636 54.872253418
-0.026915437 0.064803466 0.997534871 27.749156952 0.014242414 0.997820258 -0.064437710 -1.224752545 -0.999536335 0.012472948 -0.027779751 54.755439758
-0.025287991 0.064253941 0.997613013 28.379467010 0.014047131 0.997856736 -0.063913561 -1.286587358 -0.999581575 0.012397368 -0.026136402 54.782608032
-0.023003953 0.062529922 0.997777820 29.076564789 0.012218026 0.997985244 -0.062261235 -1.340573668 -0.999660730 0.010758634 -0.023721624 54.793712616
-0.020001529 0.061888848 0.997882485 29.858583450 0.011532870 0.998030305 -0.061666857 -1.379101515 -0.999733448 0.010275032 -0.020675916 54.785667419
-0.017292453 0.062235538 0.997911513 30.604272842 0.009337779 0.998027503 -0.062080968 -1.417900205 -0.999806881 0.008244758 -0.017839516 54.780853271
-0.015015925 0.064090386 0.997830927 31.372049332 0.003658930 0.997940540 -0.064042374 -1.455019832 -0.999880552 0.002689352 -0.015219535 54.787166595
-0.012890912 0.063925013 0.997871220 32.133529663 0.004550637 0.997947872 -0.063871145 -1.502288103 -0.999906540 0.003717606 -0.013155389 54.787151337
-0.010786172 0.063602656 0.997916818 32.911575317 0.001764373 0.997974813 -0.063587293 -1.543923616 -0.999940276 0.001074848 -0.010876577 54.792926788
-0.009112678 0.064063691 0.997904062 33.666213989 -0.000424562 0.997945368 -0.064070232 -1.580428123 -0.999958336 -0.001007510 -0.009066788 54.807826996
-0.006719293 0.063522130 0.997957647 34.421783447 -0.003737167 0.997971833 -0.063548207 -1.630659938 -0.999970436 -0.004156521 -0.006468304 54.816741943
-0.004335801 0.064917699 0.997881055 35.185764313 -0.005690294 0.997872889 -0.064941905 -1.678609490 -0.999974430 -0.005959799 -0.003957209 54.829132080
-0.002246055 0.068239354 0.997666299 35.902572632 -0.010681663 0.997610509 -0.068259597 -1.732056141 -0.999940455 -0.010810037 -0.001511809 54.852405548
0.000897769 0.070476815 0.997512817 36.671951294 -0.011720787 0.997445703 -0.070461541 -1.778868318 -0.999930918 -0.011628365 0.001721488 54.860702515
0.002976864 0.072644897 0.997353196 37.455692291 -0.018977517 0.997182369 -0.072575830 -1.823047280 -0.999815464 -0.018711230 0.004347065 54.889400482
0.003304726 0.071307562 0.997448683 38.193317413 -0.022882206 0.997198582 -0.071213894 -1.872360110 -0.999732673 -0.022588475 0.004927111 54.927204132
0.006748600 0.072120138 0.997372925 38.969554901 -0.021542881 0.997174799 -0.071960077 -1.922438979 -0.999745071 -0.021000644 0.008283179 54.941265106
0.010650867 0.073515370 0.997236967 39.750816345 -0.022261223 0.997063994 -0.073264889 -1.973858714 -0.999695361 -0.021419369 0.012256108 54.952976227
0.013892628 0.074416377 0.997130215 40.533489227 -0.027330682 0.996882379 -0.074017122 -2.020759821 -0.999529779 -0.026223948 0.015883137 54.978546143
0.017207116 0.072472237 0.997221649 41.329338074 -0.029509977 0.996971905 -0.071944922 -2.074953794 -0.999416232 -0.028190013 0.019293636 55.004554749
0.021890424 0.072375588 0.997136891 42.116844177 -0.029354917 0.996992648 -0.071720704 -2.130154133 -0.999329150 -0.027700862 0.023949144 55.032234192
0.026166571 0.076280586 0.996742725 42.914169312 -0.033696275 0.996585011 -0.075383939 -2.181934357 -0.999089301 -0.031613968 0.028647561 55.068817139
0.032195464 0.085840367 0.995788336 43.748203278 -0.036171664 0.995752394 -0.084667802 -2.235999346 -0.998826563 -0.033293393 0.035163678 55.104618073
0.039698098 0.090426087 0.995111406 44.537792206 -0.037501827 0.995329797 -0.088949896 -2.297113895 -0.998507440 -0.033787344 0.042903822 55.141403198
0.047086895 0.092898034 0.994561374 45.340015411 -0.041500960 0.994988203 -0.090973079 -2.362168789 -0.998028040 -0.036991596 0.050706238 55.194393158
0.054724067 0.090349913 0.994405210 46.111660004 -0.044444893 0.995131075 -0.087969996 -2.457923412 -0.997511625 -0.039382141 0.058473185 55.227687836
0.062362581 0.088668764 0.994106829 46.923622131 -0.044737287 0.995292902 -0.085968107 -2.517382383 -0.997050166 -0.039112434 0.066035807 55.281066895
0.068573989 0.085318029 0.993991017 47.661148071 -0.046347402 0.995533168 -0.082252979 -2.566328764 -0.996568620 -0.040428467 0.072221920 55.375625610
0.076068096 0.079569362 0.993922591 48.474567413 -0.048247073 0.995936930 -0.076038137 -2.624687433 -0.995934427 -0.042169753 0.079597987 55.458770752
0.082798146 0.071370870 0.994007289 49.275615692 -0.050695289 0.996442437 -0.067322962 -2.685214281 -0.995275795 -0.044817243 0.086121723 55.535381317
0.089951731 0.068352789 0.993597686 50.080410004 -0.051377829 0.996632159 -0.063910268 -2.743900537 -0.994619727 -0.045300025 0.093160577 55.617988586
0.096253045 0.070054345 0.992888451 50.875282288 -0.052795324 0.996475279 -0.065189324 -2.795687437 -0.993955433 -0.046145175 0.099612288 55.708011627
0.101739436 0.076831751 0.991839588 51.671661377 -0.052441735 0.996041000 -0.071777940 -2.847195387 -0.993427575 -0.044711117 0.105365813 55.803768158
0.105905361 0.080293648 0.991129041 52.428962708 -0.054897092 0.995686531 -0.074796945 -2.899511814 -0.992859304 -0.046488684 0.109856397 55.920951843
0.110451475 0.082992196 0.990410268 53.219829559 -0.056614116 0.995414793 -0.077097915 -2.958681345 -0.992267370 -0.047555607 0.114643529 56.028152466
0.115394868 0.082361497 0.989899158 54.017002106 -0.059534825 0.995338440 -0.075873971 -3.015630722 -0.991533577 -0.050177995 0.119760290 56.140064240
0.119575270 0.079500772 0.989636838 54.789070129 -0.056749620 0.995706320 -0.073131472 -3.072123528 -0.991201520 -0.047416788 0.123573460 56.245460510
0.123820901 0.072918400 0.989621639 55.536582947 -0.056576096 0.996192813 -0.066323847 -3.118583202 -0.990689993 -0.047776643 0.127474904 56.342338562
0.127055123 0.066455111 0.989666820 56.289993286 -0.058110520 0.996537983 -0.059456203 -3.166605473 -0.990191519 -0.049955837 0.130476967 56.453876495
0.128767833 0.062529534 0.989701271 56.937416077 -0.058635958 0.996743917 -0.055345528 -3.170163870 -0.989939272 -0.050905347 0.132015005 56.591644287
0.131316364 0.062706746 0.989355206 57.592269897 -0.060825903 0.996626616 -0.055094279 -3.203325510 -0.989472270 -0.052943625 0.134687558 56.710552216
0.132264286 0.064847238 0.989090919 58.316558838 -0.063974075 0.996335506 -0.056767438 -3.242023706 -0.989147425 -0.055767853 0.135928139 56.830589294
0.133507580 0.068989240 0.988643527 59.029663086 -0.068373144 0.995838225 -0.060258150 -3.283066988 -0.988686025 -0.059551727 0.137668967 56.940296173
0.133122981 0.073443040 0.988374531 59.713729858 -0.071798377 0.995344877 -0.064290591 -3.324163914 -0.988495052 -0.062405109 0.137776390 57.061351776
0.133832291 0.079181127 0.987835586 60.388362885 -0.074934110 0.994757652 -0.069583923 -3.369710684 -0.988166451 -0.064709984 0.139064088 57.167335510
0.134389430 0.081013143 0.987611353 61.073207855 -0.076033533 0.994557202 -0.071236677 -3.426864147 -0.988006830 -0.065518104 0.139817715 57.280799866
0.135688305 0.080841236 0.987447858 61.729354858 -0.079450205 0.994343460 -0.070488319 -3.474445820 -0.987560332 -0.068888471 0.141343653 57.383335114
0.136248171 0.077892050 0.987607777 62.435604095 -0.080772832 0.994458556 -0.067289166 -3.523308992 -0.987375915 -0.070603833 0.141784742 57.466880798
0.135853276 0.075345270 0.987859726 62.987796783 -0.081551656 0.994570553 -0.064641938 -3.554076672 -0.987366319 -0.071779758 0.141260222 57.553604126
0.134970173 0.074171655 0.988069594 63.636459351 -0.081450462 0.994649887 -0.063539542 -3.595346689 -0.987495720 -0.071902767 0.140289426 57.651359558
0.131973401 0.073415212 0.988530755 64.288246155 -0.084268488 0.994474232 -0.062606424 -3.638674259 -0.987664282 -0.075039595 0.137430787 57.757419586
0.130301371 0.074154913 0.988697350 64.916893005 -0.085696287 0.994309425 -0.063281871 -3.677473545 -0.987763405 -0.076481961 0.135914743 57.846679688
0.127927676 0.076882318 0.988798976 65.530242920 -0.086933471 0.994022489 -0.066041321 -3.720445395 -0.987965643 -0.077511199 0.133846700 57.933338165
0.125432506 0.080951676 0.988793850 66.135101318 -0.086146325 0.993789554 -0.070432700 -3.766471863 -0.988354445 -0.076346382 0.131627262 58.013462067
0.123545446 0.081649140 0.988974035 66.731231689 -0.084324419 0.993868232 -0.071519196 -3.807331085 -0.988749206 -0.074558765 0.129672974 58.088233948
0.121507905 0.080439657 0.989325523 67.325103760 -0.084922165 0.993898571 -0.070381470 -3.844986439 -0.988950551 -0.075463735 0.127597705 58.158096313
0.118777514 0.077597886 0.989883840 67.930969238 -0.085803717 0.994014204 -0.067625992 -3.881712914 -0.989206135 -0.076903254 0.124724783 58.237777710
0.115841843 0.073711947 0.990528524 68.509513855 -0.086926386 0.994168520 -0.063816853 -3.928169966 -0.989456236 -0.078710385 0.121573880 58.317169189
0.113957152 0.072487578 0.990837455 69.065956116 -0.082321510 0.994593859 -0.063294537 -3.979524136 -0.990068734 -0.074354358 0.119308420 58.376571655
0.111703411 0.074217170 0.990966022 69.632507324 -0.078940190 0.994718611 -0.065599956 -4.016523361 -0.990600765 -0.070899308 0.116972223 58.446826935
0.108519070 0.076922074 0.991113544 70.187133789 -0.075375110 0.994768381 -0.068952762 -4.044341564 -0.991232216 -0.067222603 0.113749392 58.513118744
0.106852226 0.078663304 0.991157949 70.734680176 -0.075766072 0.994611084 -0.070769370 -4.079284668 -0.991383433 -0.067534283 0.112236463 58.577121735
0.105786353 0.081301570 0.991059363 71.283721924 -0.075938754 0.994401991 -0.073470034 -4.114762783 -0.991484523 -0.067487687 0.111368157 58.639583588
0.104695581 0.079588689 0.991314173 71.846588135 -0.074242011 0.994636536 -0.072014518 -4.153824806 -0.991728783 -0.066057548 0.110042937 58.701881409
0.104536057 0.078805260 0.991393626 72.404319763 -0.068619750 0.995051324 -0.071860507 -4.184927940 -0.992150426 -0.060517158 0.109426409 58.765361786
0.106773645 0.077577673 0.991251945 72.957733154 -0.063777082 0.995432675 -0.071035065 -4.213950634 -0.992235243 -0.055634473 0.111233726 58.820152283
0.108701319 0.077268139 0.991066575 73.512763977 -0.060959965 0.995616198 -0.070936695 -4.247589111 -0.992202997 -0.052704461 0.112935126 58.882804871
0.111795299 0.076669045 0.990768850 74.084503174 -0.063299179 0.995543778 -0.069896072 -4.287617683 -0.991712630 -0.054900791 0.116150267 58.969585419
0.117524058 0.077137485 0.990069270 74.604858398 -0.064673327 0.995456576 -0.069880314 -4.329803467 -0.990961254 -0.055818446 0.121978894 59.050716400
0.122261047 0.075902760 0.989591002 75.182617188 -0.062750757 0.995667517 -0.068616174 -4.365294456 -0.990511656 -0.053708483 0.126494363 59.182338715
0.129171759 0.075942896 0.988709629 75.744163513 -0.064109243 0.995616496 -0.068097763 -4.401248932 -0.989547074 -0.054589100 0.133474246 59.295673370
0.137258694 0.073945470 0.987771034 76.345451355 -0.063807927 0.995798230 -0.065679796 -4.440879345 -0.988477290 -0.054012477 0.141400367 59.413356781
0.145969987 0.073150136 0.986580610 76.932769775 -0.066924021 0.995707810 -0.063925125 -4.481796265 -0.987022102 -0.056694776 0.150239065 59.532608032
0.155792654 0.072971702 0.985090494 77.491569519 -0.068354301 0.995673060 -0.062945373 -4.517704487 -0.985421300 -0.057528734 0.160106584 59.626750946
0.165696844 0.076743536 0.983185947 78.079406738 -0.073840119 0.995133996 -0.065231875 -4.546474934 -0.983407855 -0.061789833 0.170557424 59.746349335
0.178817809 0.077653326 0.980812848 78.297889709 -0.080438331 0.994696796 -0.064087406 -4.597270489 -0.980587900 -0.067434959 0.184115902 59.570499420
0.189955622 0.080120236 0.978517890 78.911521912 -0.083838277 0.994347513 -0.065141208 -4.629709721 -0.978205919 -0.069663301 0.195599139 59.714378357
0.202519298 0.076729991 0.976267397 79.088531494 -0.085891545 0.994475067 -0.060343500 -4.762712479 -0.975503623 -0.071632378 0.207990944 59.660366058
0.212725148 0.077226333 0.974055290 79.711784363 -0.088045366 0.994331181 -0.059605565 -4.787567139 -0.973136544 -0.073081441 0.218318775 59.814701080
0.223946974 0.077337161 0.971527815 80.281944275 -0.089551114 0.994262099 -0.058504485 -4.823834419 -0.970477700 -0.073899478 0.229587734 59.926345825
0.234950513 0.077706240 0.968896091 80.934814453 -0.092562012 0.994057655 -0.057278611 -4.851403236 -0.967589319 -0.076225303 0.240747139 60.093238831
0.245141536 0.073100731 0.966727257 81.601203918 -0.093673684 0.994273305 -0.051430035 -4.908983231 -0.964950442 -0.077949233 0.250585437 60.296787262
0.255066812 0.065622583 0.964693844 82.434852600 -0.086273044 0.995259285 -0.044891044 -4.907033920 -0.963066101 -0.071776837 0.259519190 60.687637329
0.275126874 0.060299329 0.959514856 83.236984253 -0.080697380 0.995957255 -0.039450720 -4.918243408 -0.958014309 -0.066576369 0.278880745 60.846633911
0.287893444 0.055304158 0.956064045 83.934631348 -0.077267274 0.996417403 -0.034371447 -4.940179825 -0.954539359 -0.063977130 0.291135371 61.069042206
0.297526389 0.053228967 0.953228414 84.641616821 -0.070506096 0.996942759 -0.033663318 -4.956939220 -0.952105641 -0.057192661 0.300369918 61.292350769
0.307232022 0.046475213 0.950498939 85.371253967 -0.058959570 0.997817099 -0.029731248 -4.957948208 -0.949805498 -0.046906594 0.309301704 61.555038452
0.316101700 0.035444167 0.948062837 86.156723022 -0.043966595 0.998775065 -0.022680838 -4.966547012 -0.947705030 -0.034513626 0.317273021 61.830482483
0.327196181 0.026449198 0.944586039 86.830665588 -0.028164182 0.999436677 -0.018229265 -5.009541512 -0.944535613 -0.020638943 0.327756941 62.065166473
0.337220281 0.021042915 0.941190422 87.365440369 -0.013859559 0.999752402 -0.017386498 -5.050381184 -0.941322744 -0.007181406 0.337428629 62.377689362
0.348537207 0.025779903 0.936940193 88.178367615 -0.007418743 0.999665856 -0.024746090 -5.054263592 -0.937264621 0.001674011 0.348612189 62.670604706
0.354283780 0.030926511 0.934626281 89.051521301 -0.005603863 0.999504864 -0.030949127 -5.092878342 -0.935120285 0.005727251 0.354281873 63.115455627
0.359908164 0.032784469 0.932411373 89.783515930 -0.006989277 0.999448717 -0.032443754 -5.120418072 -0.932960629 0.005159886 0.359939098 63.401409149
0.363560140 0.033390764 0.930971980 90.453468323 -0.012508142 0.999441862 -0.030961936 -5.141412258 -0.931485772 -0.000388204 0.363775134 63.770320892
0.367389470 0.036788449 0.929339230 91.169029236 -0.019015322 0.999305189 -0.032040928 -5.168261051 -0.929871738 -0.005900182 0.367834002 64.089935303
0.368194699 0.040275723 0.928875864 91.652351379 -0.020645907 0.999168694 -0.035139848 -5.181924820 -0.929518342 -0.006239175 0.368720382 64.492782593
0.370051146 0.045338430 0.927904308 92.199661255 -0.024052171 0.998940706 -0.039217301 -5.157296181 -0.928698838 -0.007805700 0.370749891 64.849060059
0.373170376 0.047954645 0.926522553 92.900299072 -0.025580252 0.998814940 -0.041393548 -5.174821854 -0.927408993 -0.008253829 0.373955071 65.185791016
0.370764256 0.043059759 0.927728176 93.837303162 -0.020618090 0.999059498 -0.038130619 -5.251532078 -0.928497016 -0.004990513 0.371303618 65.926101685
0.373749197 0.039475422 0.926689267 94.549560547 -0.017990522 0.999213994 -0.035309017 -5.276351452 -0.927354157 -0.003474910 0.374165863 66.286926270
0.377270103 0.036617015 0.925378978 95.218574524 -0.017985776 0.999318779 -0.032210167 -5.301781654 -0.925927460 -0.004491729 0.377671927 66.572052002
0.381241798 0.035612725 0.923789084 95.856712341 -0.019035388 0.999347806 -0.030669831 -5.327218533 -0.924278200 -0.005892064 0.381671309 66.834526062
0.386130065 0.031545598 0.921904683 96.002540588 -0.012537060 0.999501705 -0.028949834 -5.466068268 -0.922357917 -0.000379580 0.386333436 66.852020264
0.390706241 0.030482430 0.920010507 96.318962097 -0.011030465 0.999534249 -0.028432949 -5.520026684 -0.920448124 0.000960780 0.390860826 66.887382507
0.392784894 0.028603269 0.919185340 96.943290710 -0.008800054 0.999586701 -0.027344834 -5.539226532 -0.919587076 0.002651749 0.392874599 67.160667419
0.395130545 0.027738441 0.918205976 97.523033142 -0.007079270 0.999605656 -0.027151119 -5.554243565 -0.918596506 0.004227999 0.395171404 67.375183105
0.396900564 0.027565408 0.917447448 98.125999451 -0.008363033 0.999615431 -0.026416300 -5.576861382 -0.917822301 0.002811993 0.396978796 67.654762268
0.398729652 0.027020413 0.916670263 98.719566345 -0.007125077 0.999626338 -0.026366504 -5.601345062 -0.917039633 0.003981752 0.398773551 67.920173645
0.401581675 0.028838990 0.915368915 99.296768188 -0.007503302 0.999573469 -0.028200166 -5.614760876 -0.915791273 0.004456373 0.401627153 68.174949646
0.403800994 0.028726757 0.914395630 99.885749817 -0.003556560 0.999547958 -0.029831382 -5.635476112 -0.914838731 0.008793831 0.403721005 68.461318970
0.408152163 0.028270178 0.912476003 100.362983704 -0.001231141 0.999535859 -0.030416822 -5.637307644 -0.912911892 0.011291296 0.407997906 68.621704102
0.410075516 0.026765883 0.911658645 100.917022705 0.002218261 0.999536395 -0.030343797 -5.651487350 -0.912047684 0.014465535 0.409826398 68.933807373
0.413433075 0.025992686 0.910163343 101.462257385 0.003909386 0.999531925 -0.030320760 -5.666366100 -0.910524964 0.016093774 0.413138300 69.186340332
0.416647106 0.025604952 0.908707500 101.999710083 0.005029962 0.999522328 -0.030470196 -5.685468197 -0.909053266 0.017266072 0.416319668 69.437995911
0.420178831 0.024875995 0.907100141 102.528320312 0.005766849 0.999530077 -0.030082090 -5.702140331 -0.907421827 0.017870955 0.419838309 69.691558838
0.423242599 0.024668543 0.905680358 103.066116333 0.007437087 0.999500275 -0.030699529 -5.718434334 -0.905984759 0.019728957 0.422847986 69.955986023
0.427334428 0.025960684 0.903720677 103.581253052 0.007267328 0.999455988 -0.032147318 -5.736760616 -0.904063225 0.020305276 0.426913708 70.209915161
0.431977481 0.026680252 0.901489496 104.093673706 0.009027426 0.999383569 -0.033903342 -5.754763126 -0.901838064 0.022783594 0.431470722 70.443435669
0.438316911 0.029822184 0.898325503 104.582771301 0.005774630 0.999334574 -0.035993095 -5.805759907 -0.898800731 0.020963864 0.437853426 70.635993958
0.443967730 0.035727870 0.895330071 105.090599060 0.002468608 0.999151409 -0.041095003 -5.827919006 -0.896038115 0.020455062 0.443503201 70.904106140
0.450063944 0.042812198 0.891969323 105.591705322 -0.002636388 0.998908699 -0.046614818 -5.849470615 -0.892991185 0.018628065 0.449686080 71.178222656
0.456436008 0.049165078 0.888396740 106.099159241 -0.007455037 0.998647630 -0.051436368 -5.870099068 -0.889723778 0.016854376 0.456185728 71.465980530
0.463372678 0.053511422 0.884546280 106.600379944 -0.011004625 0.998444796 -0.054637071 -5.898835182 -0.886093915 0.015583224 0.463241369 71.748245239
0.469222307 0.053626172 0.881450236 107.117668152 -0.014739739 0.998490155 -0.052900378 -5.920444489 -0.882955730 0.011829690 0.469304740 72.048332214
0.475899279 0.053025298 0.877899766 107.524780273 -0.021912673 0.998585045 -0.048436169 -5.930143833 -0.879225492 0.003813607 0.476388276 72.229133606
0.483793259 0.050026204 0.873751283 107.986320496 -0.027961764 0.998737991 -0.041699987 -5.952979088 -0.874734282 -0.004257456 0.484581947 72.409187317
0.491818398 0.048147812 0.869365454 108.487663269 -0.032010779 0.998793840 -0.037206806 -5.918663502 -0.870107889 -0.009530075 0.492766887 72.640213013
0.498168617 0.046029143 0.865857482 109.014564514 -0.034407116 0.998851895 -0.033303190 -5.939283371 -0.866395950 -0.013201053 0.499180883 72.955886841
0.504484057 0.049629800 0.861993372 109.552627563 -0.039223902 0.998632312 -0.034541048 -5.949291229 -0.862528324 -0.016385330 0.505741239 73.310852051
0.511028945 0.053515505 0.857895911 110.085624695 -0.042867970 0.998403788 -0.036744989 -5.965010166 -0.858492613 -0.017998494 0.512507856 73.642395020
0.517609775 0.056589585 0.853743255 110.633674622 -0.044916112 0.998230696 -0.038935017 -5.978909969 -0.854435742 -0.018193675 0.519236207 73.985847473
