1.000000000 0.000000000 0.000000000 0.000000000 0.000000000 1.000000000 0.000000000 0.000000000 0.000000000 0.000000000 1.000000000 0.000000000
0.999999523 -0.000049924 0.000966656 0.006156364 0.000056281 0.999978364 -0.006577352 -0.002650105 -0.000966307 0.006577403 0.999977887 1.031219125
0.999994099 -0.002263940 0.002589771 -0.031526320 0.002281513 0.999974251 -0.006802574 -0.029573500 -0.002574303 0.006808442 0.999973476 1.899241090
0.999992073 -0.003976746 -0.000352049 0.069613568 0.003975880 0.999989152 -0.002428745 -0.041325439 0.000361704 0.002427326 0.999996960 2.863419771
0.999976397 -0.006757091 -0.001317616 0.074381500 0.006761671 0.999970973 0.003503157 -0.043561861 0.001293906 -0.003511983 0.999992967 3.834006071
0.999948144 -0.009962291 -0.002163115 0.044444110 0.009969864 0.999944091 0.003519127 -0.047280252 0.002127935 -0.003540510 0.999991417 4.815907001
0.999924242 -0.012265062 -0.001156078 -0.019978132 0.012265563 0.999924660 0.000427396 -0.035930172 0.001150748 -0.000441543 0.999999166 5.687673569
0.999895334 -0.014214094 0.002731514 -0.175882846 0.014224876 0.999890924 -0.003969483 -0.002675030 -0.002674793 0.004007922 0.999988317 6.539680481
0.999899209 -0.014094143 0.001765920 -0.173658639 0.014101118 0.999892592 -0.004001550 -0.014879795 -0.001709331 0.004026047 0.999990344 7.406946659
0.999897957 -0.014238507 -0.001239289 -0.108593643 0.014237624 0.999898374 -0.000718766 -0.054922231 0.001249397 0.000701049 0.999998868 8.176824570
0.999926329 -0.012041193 -0.001631984 -0.113233477 0.012045941 0.999923170 0.002931101 -0.096795484 0.001596564 -0.002950542 0.999994278 8.843671799
0.999921262 -0.012321754 -0.002425678 -0.119351469 0.012333161 0.999912679 0.004745257 -0.099679187 0.002366996 -0.004774798 0.999985695 9.722936630
0.999925494 -0.011974490 -0.002429417 -0.136850819 0.011989852 0.999907553 0.006411199 -0.121293493 0.002352421 -0.006439847 0.999976397 10.500760078
0.999924600 -0.012070959 -0.002337235 -0.169458732 0.012085618 0.999906719 0.006364015 -0.108293489 0.002260197 -0.006391780 0.999976933 11.179641724
0.999916196 -0.012608808 -0.002998379 -0.177095935 0.012623679 0.999907851 0.004994767 -0.106577814 0.002935124 -0.005032196 0.999982953 12.109491348
0.999877512 -0.014968120 -0.004609994 -0.179574370 0.014980084 0.999884486 0.002572459 -0.086690947 0.004570956 -0.002641200 0.999985993 13.029847145
0.999851108 -0.016126454 -0.006166380 -0.186195254 0.016134098 0.999869049 0.001192513 -0.089865118 0.006146341 -0.001291822 0.999980211 13.937545776
0.999848843 -0.015524158 -0.007852831 -0.196889013 0.015527039 0.999879301 0.000306393 -0.084039845 0.007847126 -0.000428276 0.999969065 14.851099014
0.999860466 -0.013769158 -0.009481809 -0.210732549 0.013759293 0.999904633 -0.001104595 -0.078280658 0.009496113 0.000973979 0.999954402 15.758304596
0.999888837 -0.010516010 -0.010594735 -0.237394661 0.010489433 0.999941587 -0.002560825 -0.078528278 0.010621045 0.002449409 0.999940574 16.557714462
0.999873161 -0.009595086 -0.012734370 -0.258520603 0.009525074 0.999939203 -0.005547109 -0.052120626 0.012786819 0.005425110 0.999903500 17.384702682
0.999854147 -0.009229503 -0.014386701 -0.273830086 0.009168508 0.999948680 -0.004299779 -0.056257632 0.014425644 0.004167249 0.999887228 18.250574112
0.999827385 -0.009187319 -0.016166162 -0.292181164 0.009123826 0.999950349 -0.003996950 -0.053961705 0.016202075 0.003848764 0.999861300 19.148513794
0.999811471 -0.008703744 -0.017375823 -0.320188344 0.008633658 0.999954224 -0.004104517 -0.062021747 0.017410746 0.003953727 0.999840617 20.016414642
0.999784112 -0.008495151 -0.018978398 -0.339803725 0.008404500 0.999952853 -0.004851291 -0.062388532 0.019018708 0.004690740 0.999808133 20.888692856
0.999777138 -0.006745725 -0.020018023 -0.363832086 0.006679575 0.999971986 -0.003369661 -0.110261083 0.020040182 0.003235199 0.999794006 21.772542953
0.999758542 -0.019240053 -0.010639021 -0.599770069 0.019258650 0.999813139 0.001648488 -0.164237931 0.010605308 -0.001852981 0.999942124 22.468109131
0.999728441 -0.020552073 -0.011007442 -0.621070981 0.020599775 0.999778748 0.004238168 -0.160667226 0.010917895 -0.004463766 0.999930561 23.324348450
0.999721706 -0.020486036 -0.011718470 -0.632574081 0.020555301 0.999771714 0.005821376 -0.159187302 0.011596529 -0.006060631 0.999914527 24.164060593
0.999762774 -0.018982559 -0.010702057 -0.672691524 0.019025076 0.999811411 0.003885140 -0.144413143 0.010626280 -0.004087824 0.999935329 24.990293503
0.999785781 -0.017204251 -0.011526506 -0.683123291 0.017217891 0.999851108 0.001085216 -0.146060348 0.011506111 -0.001283445 0.999933124 25.771278381
0.999776542 -0.017099347 -0.012443223 -0.690565884 0.017093435 0.999853671 -0.000581451 -0.149194852 0.012451335 0.000368625 0.999922574 26.531621933
0.999781311 -0.016108645 -0.013352056 -0.709627867 0.016092822 0.999869645 -0.001291995 -0.142709672 0.013371118 0.001076841 0.999910176 27.350185394
0.999778926 -0.015211555 -0.014528563 -0.730496526 0.015176615 0.999881685 -0.002512455 -0.126665413 0.014565052 0.002291407 0.999891460 28.214366913
0.999740303 -0.015647158 -0.016578095 -0.745840609 0.015593869 0.999872863 -0.003339115 -0.130631745 0.016628224 0.003079732 0.999857187 29.004865646
0.999708652 -0.015347064 -0.018637992 -0.761453450 0.015281116 0.999876499 -0.003675870 -0.130007192 0.018692093 0.003389991 0.999819696 29.775167465
0.999672592 -0.014913874 -0.020798167 -0.778767824 0.014864808 0.999886394 -0.002511962 -0.133339554 0.020833256 0.002201980 0.999780655 30.530040741
0.999627173 -0.015055150 -0.022784363 -0.798246384 0.015055006 0.999886692 -0.000178041 -0.137063533 0.022784453 -0.000165042 0.999740481 31.267887115
0.999580145 -0.014301311 -0.025205443 -0.816090405 0.014334530 0.999896646 0.001137507 -0.134424716 0.025186561 -0.001498336 0.999681711 32.026889801
0.999520838 -0.013906981 -0.027657457 -0.827126682 0.013948605 0.999901891 0.001312436 -0.132052973 0.027636483 -0.001697588 0.999616623 32.748008728
0.999492586 -0.010830185 -0.029958736 -0.849595666 0.010844647 0.999941170 0.000320058 -0.130404726 0.029953502 -0.000644786 0.999551117 33.443069458
0.999440372 -0.009131000 -0.032183968 -0.868100941 0.009120027 0.999958336 -0.000487964 -0.128930166 0.032187074 0.000194174 0.999481857 34.146812439
0.999399006 -0.009159246 -0.033436075 -0.904271305 0.009180802 0.999957800 0.000491033 -0.125339657 0.033430155 -0.000797707 0.999440789 34.838321686
0.999369860 -0.007452167 -0.034705695 -0.928749740 0.007540386 0.999968708 0.002411563 -0.126815185 0.034686629 -0.002671736 0.999394774 35.510238647
0.999403775 -0.003308332 -0.034369405 -0.969237208 0.003415085 0.999989569 0.003047639 -0.130545497 0.034358952 -0.003163195 0.999404669 36.163681030
0.999452353 0.000366451 -0.033090997 -1.001076341 -0.000334501 0.999999523 0.000970902 -0.132084638 0.033091325 -0.000959300 0.999451995 36.825771332
0.999521971 0.002600813 -0.030808806 -1.037235856 -0.002666393 0.999994338 -0.002087897 -0.135610506 0.030803189 0.002169049 0.999523222 37.477062225
0.999587178 0.003549679 -0.028513333 -1.059598684 -0.003669308 0.999984741 -0.004144504 -0.131103203 0.028498175 0.004247419 0.999584913 38.111038208
0.999681592 0.004566878 -0.024818320 -1.086969137 -0.004645999 0.999984384 -0.003131526 -0.136047468 0.024803618 0.003245836 0.999687195 38.758560181
0.999736786 0.009115377 -0.021055153 -1.123681784 -0.009119859 0.999958456 -0.000117079 -0.145925805 0.021053199 0.000309070 0.999778450 39.385135651
0.999754488 0.014009746 -0.017168965 -1.144628644 -0.013953901 0.999897003 0.003367852 -0.149328455 0.017214367 -0.003127450 0.999847054 39.993762970
0.999736369 0.019052822 -0.012813336 -1.159530401 -0.018998951 0.999810219 0.004312735 -0.151789561 0.012893064 -0.004068157 0.999908686 40.552661896
0.999702215 0.023387613 -0.006962820 -1.182195544 -0.023358768 0.999718368 0.004195004 -0.142156899 0.007058959 -0.004031111 0.999967039 41.127555847
0.999613822 0.027779311 -0.000756159 -1.197873235 -0.027774252 0.999596059 0.006030558 -0.136679843 0.000923367 -0.006007225 0.999981642 41.700096130
0.999448776 0.032696310 0.005749650 -1.200475454 -0.032738369 0.999436736 0.007380370 -0.136632279 -0.005505112 -0.007564535 0.999956369 42.258174896
0.999265313 0.036103923 0.012852235 -1.199409604 -0.036196530 0.999319792 0.007047700 -0.135995448 -0.012589056 -0.007507728 0.999892712 42.793262482
0.998987794 0.040145509 0.020285960 -1.196199059 -0.040298294 0.999161839 0.007179698 -0.139673442 -0.019980742 -0.007989920 0.999768555 43.266971588
0.998614430 0.045202862 0.026939046 -1.182012200 -0.045414463 0.998941541 0.007295167 -0.161060184 -0.026580788 -0.008508481 0.999610543 43.674724579
0.998175681 0.049487788 0.034585908 -1.171549320 -0.049679715 0.998753965 0.004711720 -0.163135663 -0.034309663 -0.006421342 0.999390662 44.138881683
0.997759104 0.051631689 0.042553354 -1.154685020 -0.051751859 0.998658359 0.001726629 -0.165357769 -0.042407133 -0.003924974 0.999092698 44.577480316
0.997375965 0.052131511 0.050231960 -1.133666396 -0.052298214 0.998629391 0.002009334 -0.179204985 -0.050058380 -0.004631103 0.998735547 44.935241699
0.996893287 0.052207656 0.058975194 -1.154868841 -0.052698459 0.998587251 0.006796831 -0.269817650 -0.058537055 -0.009883617 0.998236299 45.015441895
0.996302485 0.053906884 0.066898242 -1.128428578 -0.054527752 0.998484075 0.007488557 -0.268018961 -0.066393174 -0.011108680 0.997731686 45.388778687
0.994220078 0.063057847 0.086891167 -1.618829012 -0.064800121 0.997746825 0.017376050 -0.556297541 -0.085599728 -0.022906179 0.996066272 44.410690308
0.993075848 0.067852549 0.095897257 -1.602479458 -0.069775976 0.997420311 0.016844401 -0.558557808 -0.094506979 -0.023419095 0.995248735 44.713024139
0.990743220 0.069611669 0.116542079 -1.963331223 -0.072532170 0.997144759 0.021003939 -0.647385359 -0.114747249 -0.029262563 0.992963672 44.610496521
0.989467025 0.070201479 0.126596645 -1.929438114 -0.073428951 0.997079074 0.021004492 -0.636330307 -0.124752387 -0.030079117 0.991731882 44.908760071
0.988145292 0.069130644 0.137075782 -1.880496860 -0.072409585 0.997192383 0.019074440 -0.633927047 -0.135372370 -0.028773924 0.990376890 45.176704407
0.988700807 0.052853938 0.140275657 -1.618234873 -0.055069480 0.998410761 0.011957163 -0.554986835 -0.139420837 -0.019546967 0.990040243 45.074325562
0.985493898 0.044671897 0.163726240 -1.810098171 -0.044931874 0.998987675 -0.002116857 -0.336024821 -0.163655162 -0.005270380 0.986503482 46.026576996
0.982647777 0.046356108 0.179595530 -1.773227572 -0.046373032 0.998915613 -0.004106343 -0.334536523 -0.179591224 -0.004293302 0.983731925 46.265899658
0.980903625 0.045577679 0.189078957 -1.621032715 -0.045428425 0.998954296 -0.005125398 -0.327338248 -0.189114943 -0.003562041 0.981948495 46.553596497
0.977507293 0.046010353 0.205821931 -1.557541966 -0.045731202 0.998934865 -0.006115775 -0.326798439 -0.205884218 -0.003434273 0.978570282 46.804317474
0.973580956 0.044930525 0.223878279 -1.492609620 -0.044517625 0.998984635 -0.006893887 -0.330683440 -0.223960832 -0.003254775 0.974592686 47.025474548
0.969039977 0.043778781 0.242991835 -1.420692325 -0.043526810 0.999031484 -0.006408290 -0.342987150 -0.243037164 -0.004366772 0.970007122 47.234916687
0.963905692 0.043563012 0.262655854 -1.341720581 -0.043209024 0.999040425 -0.007126368 -0.351931930 -0.262714386 -0.004479960 0.964863181 47.427860260
0.957756758 0.045781799 0.283912003 -1.238533139 -0.044843934 0.998945713 -0.009805666 -0.324978232 -0.284061730 -0.003340289 0.958800077 47.768188477
0.950706363 0.046733703 0.306550771 -1.137819409 -0.045242433 0.998904109 -0.011972622 -0.309947878 -0.306774467 -0.002486655 0.951778889 48.065574646
0.942495704 0.048131801 0.330734193 -1.043083310 -0.046659537 0.998833716 -0.012394390 -0.317735642 -0.330945164 -0.003750244 0.943642378 48.290615082
0.933113575 0.050835818 0.355970085 -0.933432341 -0.049506750 0.998690903 -0.012848952 -0.320860744 -0.356157422 -0.005633391 0.934408844 48.530727386
0.922296226 0.052881319 0.382848740 -0.817718089 -0.051695462 0.998572826 -0.013392533 -0.326334089 -0.383010685 -0.007439660 0.923713863 48.763584137
0.910074890 0.053667024 0.410954326 -0.695545673 -0.052531980 0.998519957 -0.014063738 -0.335718811 -0.411100984 -0.008789191 0.911547363 48.987632751
0.896261454 0.051984087 0.440469056 -0.557250082 -0.050208729 0.998615265 -0.015692238 -0.339230239 -0.440674961 -0.008051044 0.897630572 49.208992004
0.880152941 0.049238555 0.472129464 -0.398162872 -0.046235323 0.998768747 -0.017969146 -0.341909260 -0.472433031 -0.006013464 0.881345987 49.438339233
0.861596525 0.048820753 0.505240440 -0.240452722 -0.043933425 0.998800874 -0.021592321 -0.349083751 -0.505688846 -0.003593078 0.862708390 49.644378662
0.840617955 0.051491737 0.539175391 -0.082244873 -0.044329353 0.998671532 -0.026260983 -0.356176853 -0.539811432 -0.001825847 0.841783941 49.844635010
0.817532539 0.052884791 0.573449075 0.059434161 -0.043837123 0.998599946 -0.029597174 -0.377925873 -0.574211597 -0.000941710 0.818706393 50.000411987
0.791678667 0.055666190 0.608396351 0.252975225 -0.045327753 0.998447239 -0.032371551 -0.389162064 -0.609253883 -0.001949378 0.792972803 50.207038879
0.763038874 0.059257783 0.643630445 0.450865895 -0.048694480 0.998228550 -0.034176487 -0.407517880 -0.644515693 -0.005263270 0.764572859 50.404621124
0.731864631 0.063453905 0.678489208 0.674796999 -0.053078216 0.997938275 -0.036075737 -0.421714395 -0.679379702 -0.009610449 0.733723819 50.614860535
0.697643399 0.064551324 0.713531137 0.935571492 -0.053428229 0.997846901 -0.038034052 -0.431331456 -0.714450181 -0.011588509 0.699590266 50.829113007
0.660321772 0.061314527 0.748475432 1.212647915 -0.049678151 0.998044491 -0.037931841 -0.452469498 -0.749337852 -0.012135668 0.662076592 51.013042450
0.619829297 0.060239524 0.782421052 1.509274364 -0.047886260 0.998094440 -0.038909256 -0.462127626 -0.783274174 -0.013350132 0.621532977 51.222961426
0.576388717 0.059808385 0.814983964 1.845732927 -0.046585348 0.998100877 -0.040299594 -0.472046256 -0.815846682 -0.014738092 0.578080356 51.422012329
0.529523253 0.059770301 0.846186996 2.260199547 -0.043296900 0.998118579 -0.043407809 -0.472674727 -0.847189724 -0.013651840 0.531114936 51.640644073
0.480017006 0.051840000 0.875726044 2.599268436 -0.039405528 0.998518825 -0.037509315 -0.584467351 -0.876373649 -0.016503349 0.481348813 51.802307129
0.431044787 0.049519941 0.900970638 3.006123781 -0.037678830 0.998609602 -0.036860052 -0.593696356 -0.901543379 -0.018059196 0.432311356 51.959621429
0.379918903 0.047262933 0.923811555 3.386502266 -0.042545799 0.998529494 -0.033588540 -0.631333470 -0.924040675 -0.026543392 0.381371051 52.103771210
0.329288274 0.046460371 0.943085670 3.838972807 -0.046394598 0.998378158 -0.032985151 -0.639219820 -0.943088770 -0.032892469 0.330909729 52.240295410
0.280075312 0.046919305 0.958830714 4.249851227 -0.044650413 0.998360336 -0.035811219 -0.637469769 -0.958938956 -0.032782361 0.281710982 52.325336456
0.230443060 0.044607710 0.972062826 4.642950058 -0.032403871 0.998746157 -0.038150351 -0.610817850 -0.972546041 -0.022707121 0.231599525 52.457798004
0.185720071 0.039457325 0.981810153 5.139609337 -0.021096624 0.999122858 -0.036162443 -0.629564226 -0.982376039 -0.013996795 0.186389521 52.508350372
0.143190324 0.038833350 0.988933027 5.682829857 -0.011194465 0.999229193 -0.037616782 -0.629278183 -0.989631712 -0.005684221 0.143514574 52.564853668
0.106218398 0.039339844 0.993564308 6.221077919 -0.006363883 0.999223173 -0.038883563 -0.637421429 -0.994322300 -0.002192781 0.106386140 52.593074799
0.073954672 0.039847430 0.996465206 6.787419796 0.003759235 0.999182880 -0.040235102 -0.654224992 -0.997254372 0.006721519 0.073744342 52.610729218
0.044839088 0.038470905 0.998253226 7.336083412 0.009949557 0.999191165 -0.038953960 -0.680208027 -0.998944521 0.011678836 0.044419941 52.614242554
0.020240758 0.036741193 0.999119878 7.823462486 0.017322352 0.999161363 -0.037093643 -0.673976243 -0.999644935 0.018057909 0.019587226 52.577243805
-0.000601180 0.034901489 0.999390602 8.278773308 0.016451845 0.999255538 -0.034886871 -0.773094654 -0.999864340 0.016420847 -0.001175039 52.574531555
-0.016639069 0.036241964 0.999204516 8.779113770 0.017618226 0.999198020 -0.035948340 -0.792972863 -0.999706149 0.017006068 -0.017264359 52.546787262
-0.031216159 0.032891672 0.998971283 9.107467651 0.012226614 0.999395907 -0.032523584 -0.876323879 -0.999437749 0.011198780 -0.031599570 52.540702820
-0.042722639 0.033724595 0.998517573 9.652976036 0.012910238 0.999365032 -0.033200830 -0.896044791 -0.999003470 0.011472678 -0.043131020 52.511013031
-0.052375283 0.036369406 0.997964919 10.251522064 0.015810957 0.999241233 -0.035586119 -0.914930522 -0.998502254 0.013914954 -0.052910693 52.480445862
-0.059302885 0.038674481 0.997490525 10.892153740 0.019495662 0.999103189 -0.037577942 -0.924009562 -0.998049617 0.017218266 -0.060003806 52.442722321
-0.063042596 0.037459813 0.997307479 11.458880424 0.019698281 0.999146998 -0.036283717 -0.928127170 -0.997816384 0.017357832 -0.063726842 52.370143890
-0.066754498 0.034505691 0.997172475 12.121628761 0.016703997 0.999300003 -0.033461079 -0.943467438 -0.997629583 0.014423097 -0.067284286 52.339527130
-0.069556676 0.027435392 0.997200549 12.801235199 0.013641626 0.999553978 -0.026548611 -0.958849430 -0.997484624 0.011756813 -0.069900051 52.313377380
-0.073239349 0.020333501 0.997106969 13.344776154 0.011956473 0.999737680 -0.019508928 -1.005136728 -0.997242630 0.010493070 -0.073463395 52.351188660
-0.074695379 0.017132085 0.997059107 13.855613708 0.011936984 0.999795675 -0.016284844 -1.030022621 -0.997134805 0.010685486 -0.074884765 52.329532623
-0.076163135 0.016638644 0.996956408 14.296200752 0.011997176 0.999803245 -0.015769631 -1.129838705 -0.997023106 0.010759607 -0.076347910 52.321166992
-0.075420193 0.023696542 0.996870100 14.996075630 0.012426986 0.999661863 -0.022822727 -1.135637522 -0.997074306 0.010666806 -0.075689308 52.265537262
-0.073266931 0.031327758 0.996820092 15.701279640 0.012990910 0.999451280 -0.030455619 -1.143994093 -0.997227609 0.010718218 -0.073633842 52.214672089
-0.072720453 0.031325504 0.996860206 16.250593185 0.011401923 0.999467015 -0.030575667 -1.182591319 -0.997287035 0.009142655 -0.073039003 52.244251251
-0.069005318 0.030386111 0.997153342 16.990505219 0.006223241 0.999529302 -0.030027861 -1.039868355 -0.997596741 0.004133449 -0.069162086 52.097724915
-0.067060739 0.023772631 0.997465551 17.683982849 0.004383507 0.999713063 -0.023531497 -1.057480574 -0.997739077 0.002794364 -0.067145854 52.077922821
-0.065401450 0.021121828 0.997635365 18.286907196 -0.000722316 0.999774218 -0.021214476 -1.099021077 -0.997858584 -0.002108060 -0.065371573 52.076267242
-0.062282890 0.026795460 0.997698665 19.022430420 0.006607763 0.999628186 -0.026434796 -1.110241175 -0.998036444 0.004946128 -0.062436942 52.024795532
-0.061196204 0.034136720 0.997541726 19.699342728 0.006215204 0.999408066 -0.033819322 -1.083091021 -0.998106182 0.004130317 -0.061372299 52.021526337
-0.057753224 0.034449663 0.997736216 20.309410095 0.000075014 0.999403954 -0.034502923 -1.098362923 -0.998330653 -0.001917808 -0.057721537 51.950706482
-0.054598164 0.030264810 0.998049557 21.008039474 -0.004913354 0.999519646 -0.030578192 -1.131176472 -0.998496056 -0.006573283 -0.054423388 51.937583923
-0.050236225 0.025787681 0.998404324 21.656093597 -0.001568692 0.999662638 -0.025899135 -1.176171422 -0.998735845 -0.002867260 -0.050178979 51.899581909
-0.045703012 0.026711216 0.998597801 22.272142410 0.004419672 0.999637365 -0.026536768 -1.215139866 -0.998945057 0.003200671 -0.045804650 51.813793182
-0.043364890 0.030959867 0.998579383 22.955009460 0.003298580 0.999517977 -0.030845745 -1.244882822 -0.999053597 0.001956277 -0.043446273 51.798160553
-0.041517213 0.030368024 0.998676062 23.604194641 -0.002682900 0.999530256 -0.030505555 -1.307008743 -0.999133885 -0.003945852 -0.041416399 51.867938995
-0.038033314 0.029751930 0.998833358 24.284482956 -0.003587221 0.999545455 -0.029909758 -1.330979109 -0.999269724 -0.004720602 -0.037909459 51.855216980
-0.035863161 0.026510611 0.999004900 24.989400864 -0.001042038 0.999645829 -0.026565051 -1.358803272 -0.999355853 -0.001993704 -0.035822995 51.861354828
-0.033225212 0.027652565 0.999065161 25.643762589 0.002644245 0.999615431 -0.027579879 -1.364131927 -0.999444127 0.001725431 -0.033285715 51.855068207
-0.030801004 0.029126907 0.999100924 26.340543747 0.002916043 0.999572992 -0.029050792 -1.362318993 -0.999521017 0.002018633 -0.030872945 51.864608765
-0.028339466 0.029246612 0.999170303 27.075216293 0.003396622 0.999568224 -0.029161945 -1.378815889 -0.999592304 0.002567376 -0.028426727 51.850868225
-0.024624242 0.027560597 0.999316692 27.735462189 0.005379634 0.999608338 -0.027436106 -1.409064412 -0.999682009 0.004700372 -0.024763020 51.823745728
-0.021869306 0.026559493 0.999407887 28.439594269 0.005802521 0.999632835 -0.026438525 -1.434446216 -0.999743760 0.005220901 -0.022015544 51.830543518
-0.018916812 0.026901988 0.999458969 29.178218842 0.003810312 0.999631822 -0.026834551 -1.453155756 -0.999813616 0.003300632 -0.019012505 51.817054749
-0.015892202 0.028368920 0.999471068 29.893220901 0.000652143 0.999596655 -0.028362144 -1.473459244 -0.999873340 0.000201065 -0.015904443 51.814929962
-0.013267728 0.028457444 0.999506831 30.636707306 0.002218346 0.999592423 -0.028430464 -1.490090370 -0.999909341 0.001840049 -0.013325597 51.809131622
-0.010966102 0.028269639 0.999540091 31.382007599 -0.000938987 0.999598682 -0.028281627 -1.505600572 -0.999939203 -0.001248692 -0.010935303 51.818462372
-0.008720175 0.028359555 0.999559641 32.081172943 -0.002558750 0.999592960 -0.028382851 -1.531531692 -0.999958456 -0.002805125 -0.008644206 51.818702698
-0.006206422 0.028369572 0.999578118 32.797485352 -0.005820482 0.999578655 -0.028405754 -1.551159501 -0.999963582 -0.005994326 -0.006038825 51.824024200
-0.002878373 0.030151233 0.999541104 33.513607025 -0.006786098 0.999520898 -0.030170191 -1.579305887 -0.999972582 -0.006869827 -0.002672525 51.823032379
-0.000620202 0.033784349 0.999428868 34.230491638 -0.009486117 0.999383092 -0.033788711 -1.596795321 -0.999954581 -0.009501660 -0.000299476 51.863666534
0.003193943 0.035855222 0.999351799 34.881984711 -0.008255249 0.999323010 -0.035827827 -1.637471676 -0.999960601 -0.008135469 0.003487638 51.858070374
0.005563900 0.037687350 0.999274015 35.631317139 -0.015414189 0.999173164 -0.037597746 -1.664471865 -0.999865472 -0.015193816 0.006140085 51.895774841
0.007260400 0.037377674 0.999274790 36.385269165 -0.020141711 0.999103010 -0.037224930 -1.678921461 -0.999770522 -0.019856848 0.008006605 51.926586151
0.010645484 0.038265660 0.999210835 37.153236389 -0.018359596 0.999105632 -0.038066052 -1.704757333 -0.999774516 -0.017939886 0.011338375 51.947628021
0.014868045 0.039401557 0.999112725 37.935508728 -0.019320464 0.999047101 -0.039111480 -1.734074712 -0.999702513 -0.018721821 0.015615007 51.963035583
0.018702794 0.040232994 0.999015152 38.716106415 -0.023890644 0.998921812 -0.039781991 -1.759189367 -0.999539316 -0.023123095 0.019643698 51.980575562
0.022343850 0.038683191 0.999001563 39.515155792 -0.025712810 0.998941898 -0.038105804 -1.776189327 -0.999419391 -0.024835721 0.023314741 52.007350922
0.027241802 0.038480498 0.998887777 40.282730103 -0.025145806 0.998968065 -0.037797827 -1.804977179 -0.999312341 -0.024088170 0.028181193 52.025398254
0.032033425 0.042463172 0.998584151 41.084632874 -0.028614724 0.998725653 -0.041551277 -1.821897864 -0.999076903 -0.027243197 0.033207562 52.072364807
0.038366154 0.050922725 0.997965157 41.855537415 -0.030541569 0.998292983 -0.049765319 -1.854755878 -0.998796701 -0.028570136 0.039855815 52.103713989
0.045792762 0.055577569 0.997403502 42.648426056 -0.031815413 0.998024881 -0.054151502 -1.885001540 -0.998444021 -0.029253079 0.047470436 52.147594452
0.053459831 0.058906738 0.996830821 43.409458160 -0.034616210 0.997766912 -0.057105616 -1.901447535 -0.997969627 -0.031453673 0.055379488 52.199237823
0.060981125 0.056724727 0.996525586 44.076717377 -0.039294671 0.997745395 -0.054389589 -1.950344682 -0.997364938 -0.035841439 0.063072532 52.195877075
0.068093523 0.054591380 0.996184111 44.884109497 -0.039146177 0.997878134 -0.052008424 -1.992903829 -0.996910453 -0.035455387 0.070086010 52.265808105
0.074525841 0.050908461 0.995918691 45.622756958 -0.040537920 0.998024225 -0.047982614 -2.036045074 -0.996394575 -0.036796551 0.076442264 52.349025726
0.081899539 0.045487557 0.995601892 46.408512115 -0.042152822 0.998221159 -0.042139709 -2.060495377 -0.995748580 -0.038516227 0.083671227 52.435947418
0.089529209 0.038216423 0.995250642 47.209629059 -0.045158252 0.998390794 -0.034274757 -2.084870338 -0.994959712 -0.041875210 0.091110870 52.493953705
0.097450852 0.035307009 0.994613767 48.012245178 -0.044931922 0.998506725 -0.031042866 -2.117918968 -0.994225383 -0.041664772 0.098891690 52.571571350
0.103605233 0.036375429 0.993953049 48.797649384 -0.046163350 0.998429000 -0.031727407 -2.159981966 -0.993546486 -0.042597093 0.105121635 52.661293030
0.107880749 0.042712949 0.993245840 49.569137573 -0.046241656 0.998210013 -0.037903953 -2.187168837 -0.993087709 -0.041840240 0.109662712 52.763797760
0.112241179 0.046426009 0.992595851 50.335479736 -0.049208488 0.997941196 -0.041111641 -2.216623068 -0.992461681 -0.044229738 0.114294603 52.874553680
0.118341692 0.048503902 0.991787612 51.058799744 -0.049817689 0.997837603 -0.042855490 -2.266633034 -0.991722345 -0.044336990 0.120502092 52.937507629
0.123683900 0.047998346 0.991160214 51.828495026 -0.052375875 0.997752130 -0.041781783 -2.291425228 -0.990938365 -0.046745159 0.125919774 53.039863586
0.128401846 0.044940688 0.990703464 52.582153320 -0.048987888 0.998039663 -0.038924359 -2.327177048 -0.990511477 -0.043534517 0.130351663 53.152084351
0.133497447 0.037806805 0.990327835 53.321895599 -0.047313631 0.998374820 -0.031736117 -2.354732513 -0.989919007 -0.042619314 0.135069251 53.242218018
0.136824146 0.031382836 0.990098178 54.091060638 -0.048394859 0.998515368 -0.024961870 -2.377707481 -0.989412427 -0.044500276 0.138139755 53.361499786
0.140028685 0.027493451 0.989765704 54.776493073 -0.052802175 0.998398423 -0.020263016 -2.406222582 -0.988738477 -0.049424388 0.141256109 53.474311829
0.143338054 0.027397249 0.989294529 55.514331818 -0.054017298 0.998342216 -0.019821336 -2.422085524 -0.988198400 -0.050597876 0.144580364 53.592967987
0.144327581 0.029828757 0.989080310 56.237121582 -0.059006762 0.998025179 -0.021488238 -2.436019659 -0.987768948 -0.055261094 0.145802692 53.719497681
0.146058038 0.034067914 0.988689303 56.933628082 -0.063228890 0.997683883 -0.025037155 -2.449076176 -0.987253189 -0.058856867 0.147873864 53.833198547
0.146557853 0.039107684 0.988428771 57.606723785 -0.066975109 0.997316539 -0.029528737 -2.447053909 -0.986931980 -0.061872486 0.148783848 53.954853058
0.146969527 0.045204293 0.988107562 58.295539856 -0.070472509 0.996894062 -0.035124339 -2.457467079 -0.986627102 -0.064472243 0.149698749 54.081363678
0.147516981 0.047037434 0.987940371 58.985660553 -0.070071168 0.996854544 -0.036999024 -2.478089571 -0.986573994 -0.063768186 0.150348976 54.199005127
0.149416313 0.046962667 0.987658441 59.666057587 -0.072150148 0.996725380 -0.036478713 -2.495767593 -0.986138284 -0.065809228 0.152315438 54.300724030
0.148727208 0.046244811 0.987796307 60.338542938 -0.072041847 0.996757209 -0.035817407 -2.490339994 -0.986250401 -0.065835677 0.151576519 54.417102814
0.148473337 0.043635957 0.987953186 60.983238220 -0.072833665 0.996794224 -0.033080764 -2.514906645 -0.986230493 -0.067044675 0.151175588 54.527797699
0.146626741 0.043109536 0.988252044 61.632492065 -0.074672230 0.996680558 -0.032398138 -2.529552460 -0.986369252 -0.069044590 0.149359167 54.649387360
0.145018354 0.042460483 0.988517404 62.274536133 -0.075099155 0.996667981 -0.031793352 -2.551405668 -0.986574531 -0.069626249 0.147723958 54.747062683
0.143477544 0.043113999 0.988713920 62.901885986 -0.076412767 0.996549666 -0.032367054 -2.573427200 -0.986698866 -0.070906483 0.146277010 54.844558716
0.140653223 0.046762917 0.988953888 63.530765533 -0.078337841 0.996276736 -0.035967670 -2.583694220 -0.986954451 -0.072413616 0.143792912 54.945686340
0.138714835 0.050657082 0.989035904 64.149917603 -0.075963952 0.996291697 -0.040374607 -2.607847691 -0.987414241 -0.069530591 0.142048642 55.025970459
0.136913136 0.051241517 0.989256799 64.755485535 -0.074034572 0.996396303 -0.041364975 -2.629627466 -0.987812161 -0.067575864 0.140213475 55.111053467
0.135675594 0.050208606 0.989480257 65.350090027 -0.073022552 0.996504366 -0.040552348 -2.640410185 -0.988058209 -0.066752478 0.138867766 55.169227600
0.133072123 0.047294006 0.989977300 65.955085754 -0.073487349 0.996581018 -0.037731394 -2.660526514 -0.988377750 -0.067729883 0.136092752 55.257545471
0.130660310 0.042907070 0.990498304 66.487678528 -0.073779218 0.996712565 -0.033443809 -2.698897362 -0.988677800 -0.068708472 0.133396536 55.333114624
0.127968386 0.042062551 0.990885913 67.025093079 -0.071443826 0.996894479 -0.033091005 -2.723155260 -0.989201248 -0.066558138 0.130576193 55.420085907
0.125660732 0.043839481 0.991104186 67.617187500 -0.067970261 0.997054994 -0.035484888 -2.739373922 -0.989741802 -0.062906615 0.128270552 55.496921539
0.123032317 0.045909699 0.991340160 68.145042419 -0.063732065 0.997231841 -0.038272981 -2.761382341 -0.990353823 -0.058471404 0.125617772 55.556991577
0.120960414 0.048585773 0.991467595 68.710845947 -0.064908557 0.997049928 -0.040940434 -2.767122507 -0.990532577 -0.059402611 0.123757310 55.632682800
0.119666219 0.051291086 0.991488397 69.267074585 -0.065424621 0.996900141 -0.043674756 -2.786684275 -0.990655839 -0.059641410 0.122651078 55.705097198
0.118366092 0.049665190 0.991727173 69.786941528 -0.063335322 0.997091115 -0.042374566 -2.817481518 -0.990947723 -0.057795696 0.121167459 55.766296387
0.119590104 0.047886435 0.991667807 70.327148438 -0.055989772 0.997570693 -0.041419432 -2.847297430 -0.991242945 -0.050569948 0.121980846 55.816810608
0.122417152 0.044968199 0.991459489 70.865188599 -0.050564837 0.997957110 -0.039019614 -2.902670860 -0.991189420 -0.045356356 0.124440990 55.861968994
0.124329686 0.043784101 0.991274476 71.351051331 -0.047659215 0.998135269 -0.038109560 -2.932959080 -0.991095304 -0.042505257 0.126184672 55.924053192
0.128085881 0.043576818 0.990805268 71.903656006 -0.049358606 0.998075187 -0.037515782 -2.950476885 -0.990533650 -0.044099573 0.129990339 56.018051147
0.133735776 0.044239949 0.990029156 72.469894409 -0.049789529 0.998040318 -0.037872270 -2.965899229 -0.989765108 -0.044228248 0.135676488 56.105770111
0.139375776 0.042666089 0.989320099 72.960594177 -0.047250107 0.998218775 -0.036393292 -2.993936777 -0.989111185 -0.041673176 0.141143620 56.206531525
0.147538006 0.042907964 0.988125384 73.529884338 -0.047745019 0.998201609 -0.036216702 -3.007867813 -0.987902880 -0.041834760 0.149321452 56.302066803
0.156178594 0.041822553 0.986843228 74.120063782 -0.047261473 0.998274088 -0.034827407 -3.008622408 -0.986597061 -0.041200403 0.157885775 56.404434204
0.165377051 0.041423164 0.985360324 74.708930969 -0.050400276 0.998165905 -0.033502661 -3.024935246 -0.984941363 -0.044121895 0.167161599 56.518470764
0.174810365 0.039842434 0.983795822 75.227943420 -0.049532089 0.998270571 -0.031627350 -3.059013367 -0.983355045 -0.043200709 0.176481649 56.628810883
0.185741946 0.042264506 0.981689334 75.742118835 -0.052776989 0.998060405 -0.032983623 -3.098798513 -0.981179833 -0.045684200 0.187612399 56.714214325
0.196214810 0.044268709 0.979561269 76.322204590 -0.055268470 0.997890592 -0.034026328 -3.115548611 -0.979001760 -0.047462422 0.198247701 56.828193665
0.207539678 0.046907138 0.977101445 76.927482605 -0.058496214 0.997656286 -0.035469148 -3.129503489 -0.976475716 -0.049795520 0.209797308 56.969818115
0.218460962 0.048469692 0.974641323 77.552238464 -0.058725543 0.997607470 -0.036448825 -3.147789955 -0.974076748 -0.049273733 0.220784858 57.111843109
0.228641808 0.049082994 0.972272635 78.186996460 -0.061337434 0.997469068 -0.035930779 -3.163581610 -0.971576035 -0.051421471 0.231073916 57.274726868
0.239049181 0.049624145 0.969738722 78.829246521 -0.061952844 0.997436821 -0.035769656 -3.177269220 -0.969028711 -0.051527411 0.241510972 57.447055817
0.249868676 0.049831424 0.966996789 79.473175049 -0.065165378 0.997274935 -0.034553267 -3.203787327 -0.966084063 -0.054380976 0.252435207 57.616874695
0.260495156 0.045413136 0.964406669 80.165229797 -0.064146318 0.997498930 -0.029644972 -3.208698988 -0.963341534 -0.054140806 0.262756884 57.809928894
0.271348238 0.039007645 0.961690605 80.846488953 -0.060089339 0.997914672 -0.023522349 -3.213169336 -0.960603416 -0.051404648 0.273126483 58.004405975
0.285127282 0.031756360 0.957963586 81.517799377 -0.049844682 0.998588741 -0.018267417 -3.233510494 -0.957192421 -0.042540889 0.286307931 58.219772339
0.295631260 0.028243951 0.954884648 82.222488403 -0.049680103 0.998663604 -0.014158018 -3.244912386 -0.954009116 -0.043253247 0.296639532 58.452232361
0.305389225 0.026084855 0.951870382 82.918083191 -0.042778172 0.998990178 -0.013651624 -3.246842623 -0.951265931 -0.036550242 0.306196868 58.651844025
0.313330710 0.021270948 0.949405968 83.555274963 -0.036260765 0.999286830 -0.010421490 -3.243390083 -0.948951244 -0.031160833 0.313878745 58.891212463
0.322846591 0.011712167 0.946378946 84.415534973 -0.025120204 0.999676049 -0.003802343 -3.234568596 -0.946117580 -0.022545675 0.323036432 59.179908752
0.336673230 0.001779035 0.941619992 85.220588684 -0.007712157 0.999968708 0.000868122 -3.276133299 -0.941589653 -0.007554200 0.336676627 59.380226135
0.345748335 -0.002346821 0.938324451 85.799911499 0.004628728 0.999987781 0.000795419 -3.291681051 -0.938315570 0.004068236 0.345755219 59.685592651
0.353198797 0.004121980 0.935539365 86.544197083 0.007803679 0.999941349 -0.007351958 -3.289416075 -0.935515463 0.009897358 0.353146166 59.975803375
0.360873997 0.007821680 0.932581961 87.286842346 0.013557486 0.999813974 -0.013631862 -3.287721872 -0.932515740 0.017562862 0.360701084 60.281047821
0.367505848 0.008346167 0.929983914 87.998916626 0.015833322 0.999757469 -0.015229337 -3.291131735 -0.929886222 0.020321619 0.367284805 60.541263580
0.372378677 0.009844860 0.928028822 88.716400146 0.008872203 0.999859154 -0.014166960 -3.298091412 -0.928038239 0.013509142 0.372239113 60.844890594
0.377096564 0.013075214 0.926081836 89.399375916 0.003164930 0.999875188 -0.015405897 -3.310123205 -0.926168323 0.008740500 0.377008319 61.134777069
0.381980032 0.016329341 0.924026489 90.140731812 0.003001498 0.999815524 -0.018909520 -3.314693451 -0.924165487 0.009996528 0.381860763 61.440429688
0.386402249 0.020533849 0.922101915 90.848304749 0.000506432 0.999746084 -0.022475148 -3.323299646 -0.922330022 0.009151434 0.386293948 61.742137909
0.389487565 0.024334054 0.920710325 91.549583435 -0.003076670 0.999678552 -0.025119692 -3.326566696 -0.921026349 0.006951087 0.389437407 62.063209534
0.393746465 0.022459580 0.918944776 92.236038208 -0.003712833 0.999731064 -0.022843238 -3.345578432 -0.919211328 0.005582558 0.393724144 62.364135742
0.397744894 0.019475430 0.917289495 92.945182800 -0.002158992 0.999790668 -0.020290950 -3.352513075 -0.917493224 0.006090203 0.397703886 62.683868408
0.401289135 0.016310444 0.915806353 93.562126160 -0.001931031 0.999853194 -0.016961224 -3.378931522 -0.915949106 0.005037907 0.401261926 62.958000183
0.404885709 0.015459903 0.914236784 94.214935303 -0.003219688 0.999873817 -0.015482199 -3.396028996 -0.914361298 0.003324966 0.404884636 63.264152527
0.408364892 0.017373383 0.912653565 94.811065674 -0.005979043 0.999847174 -0.016357955 -3.417235374 -0.912798882 0.001223221 0.408406615 63.543880463
0.411032051 0.017967051 0.911444008 95.423362732 -0.005093172 0.999834239 -0.017412661 -3.430871964 -0.911606371 0.002515024 0.411055714 63.827560425
0.413352340 0.015279407 0.910443127 96.027801514 -0.000857319 0.999864101 -0.016390923 -3.445888042 -0.910570383 0.005994692 0.413309604 64.096099854
0.416153044 0.013832706 0.909189522 96.591171265 0.002024530 0.999866486 -0.016139012 -3.455591917 -0.909291923 0.008556988 0.416069835 64.300186157
0.418256938 0.013883929 0.908222795 97.190902710 0.000775760 0.999876142 -0.015642332 -3.464048862 -0.908327997 0.007247083 0.418194681 64.580665588
0.420156658 0.013574533 0.907350183 97.775291443 0.002219556 0.999868572 -0.015986500 -3.469344854 -0.907448411 0.008730757 0.420071602 64.852409363
0.423081011 0.015493107 0.905959547 98.352279663 0.002210126 0.999832034 -0.018130621 -3.472600460 -0.906088710 0.009673014 0.422975957 65.119415283
0.426090956 0.015145800 0.904553711 98.907432556 0.006779492 0.999777138 -0.019933751 -3.483681917 -0.904654503 0.014626016 0.425893605 65.366806030
0.429024696 0.014568713 0.903175414 99.462944031 0.008705068 0.999755681 -0.020261718 -3.492060184 -0.903250396 0.016554993 0.428793341 65.634338379
0.432383686 0.012774213 0.901599348 100.014862061 0.012534882 0.999716759 -0.020175830 -3.498545170 -0.901602149 0.020025156 0.432101369 65.892364502
0.435020030 0.016613631 0.900267661 100.595634460 0.014804428 0.999561548 -0.025599733 -3.418517828 -0.900298595 0.024464361 0.434583634 66.189971924
0.437147558 0.023380794 0.899085999 101.114471436 0.017778985 0.999240935 -0.034629758 -3.314355612 -0.899213552 0.031123171 0.436400384 66.465972900
0.439138412 0.023745632 0.898105741 101.646987915 0.018721225 0.999190569 -0.035572279 -3.320441723 -0.898223817 0.032434810 0.438338786 66.756248474
0.441897929 0.023535937 0.896756649 102.166969299 0.020852225 0.999115050 -0.036497865 -3.329016447 -0.896822453 0.034827724 0.441016406 67.046554565
0.446498245 0.024742881 0.894442499 102.664978027 0.021038059 0.999049902 -0.038138695 -3.345871210 -0.894536674 0.035846215 0.445553780 67.281929016
0.453801066 0.025036091 0.890751362 103.176422119 0.023216048 0.998932719 -0.039904371 -3.366649628 -0.890800118 0.038788393 0.452735752 67.462486267
0.458399773 0.028099142 0.888301909 103.646484375 0.021738650 0.998845458 -0.042813968 -3.388736486 -0.888479769 0.038936418 0.457259983 67.731323242
0.464504987 0.034176726 0.884910882 104.097503662 0.018285180 0.998670757 -0.048168570 -3.408404350 -0.885381281 0.038555317 0.463262945 67.955101013
0.470767647 0.041269232 0.881291568 104.594650269 0.013649411 0.998444140 -0.054046534 -3.431326628 -0.882151186 0.037472494 0.469472200 68.233093262
0.477040112 0.047953859 0.877572358 105.100784302 0.008482317 0.998211682 -0.059156988 -3.452592611 -0.878840148 0.035664123 0.475780547 68.525138855
0.483710766 0.052495535 0.873652220 105.587623596 0.004977688 0.998017490 -0.062724337 -3.480144024 -0.875213265 0.034689225 0.482490838 68.807861328
0.489893466 0.052640673 0.870191634 106.083290100 0.001635479 0.998117030 -0.061300058 -3.498854637 -0.871780276 0.031453695 0.488885283 69.090370178
0.496193826 0.050626192 0.866734624 106.572532654 -0.003631003 0.998409748 -0.056238711 -3.538619518 -0.868203700 0.024758197 0.495588899 69.370895386
0.502209067 0.048012607 0.863412440 107.090164185 -0.009426990 0.998701155 -0.050052505 -3.560379028 -0.864694357 0.016997451 0.502009690 69.696174622
0.509008050 0.045358021 0.859565973 107.563690186 -0.014796986 0.998923302 -0.043949418 -3.591032267 -0.860634089 0.009651626 0.509131372 69.969070435
0.515218556 0.043465406 0.855956078 108.071891785 -0.017307321 0.999036312 -0.040313389 -3.612794161 -0.856883645 0.005955901 0.515474498 70.289215088
0.521745503 0.046979900 0.851806760 108.594497681 -0.021944756 0.998890400 -0.041650541 -3.629482985 -0.852818489 0.003038292 0.522197664 70.629409790
0.528137505 0.050938290 0.847629845 109.127578735 -0.025223712 0.998698890 -0.044300523 -3.642170429 -0.848783791 0.002016398 0.528735280 70.978073120
