0.999990523 -0.002731961 -0.003390492 -0.001660462 0.002724704 0.999993980 -0.002143350 -0.004236277 0.003396327 0.002134092 0.999991953 0.694572210
0.999972701 -0.002745233 -0.006862934 -0.032618832 0.002721055 0.999990046 -0.003529761 -0.010410759 0.006872556 0.003510989 0.999970257 1.368049502
0.999939024 -0.002823979 -0.010679290 -0.049904101 0.002770429 0.999983490 -0.005025811 -0.017606286 0.010693307 0.004995917 0.999930382 2.073589802
0.999882579 -0.001216520 -0.015279486 -0.072376624 0.001130259 0.999983370 -0.005652946 -0.025850160 0.015286109 0.005635012 0.999867320 2.796096325
0.999808192 -0.001651299 -0.019519595 -0.097510725 0.001541274 0.999982834 -0.005650342 -0.048122510 0.019528592 0.005619172 0.999793530 3.541936874
0.999711096 0.000386511 -0.024034278 -0.121515930 -0.000553326 0.999975741 -0.006934434 -0.059447967 0.024031019 0.006945728 0.999687076 4.312257290
0.999585330 0.002907084 -0.028648792 -0.161661536 -0.003129769 0.999965131 -0.007731194 -0.064764298 0.028625324 0.007817651 0.999559641 5.098052979
0.999446929 0.002995393 -0.033119209 -0.191584677 -0.003177581 0.999980032 -0.005449733 -0.090565339 0.033102229 0.005551956 0.999436557 5.882178783
0.999301016 0.002032738 -0.037326839 -0.233771980 -0.002137805 0.999993801 -0.002775083 -0.098670848 0.037320975 0.002852940 0.999299228 6.676508427
0.999197841 -0.000894540 -0.040034577 -0.284154922 0.000915940 0.999999344 0.000516200 -0.123611756 0.040034097 -0.000552456 0.999198139 7.476630211
0.999095857 -0.002245439 -0.042452909 -0.330754548 0.002294941 0.999996662 0.001117342 -0.151678652 0.042450260 -0.001213760 0.999097824 8.306238174
0.998988867 -0.003121909 -0.044847164 -0.370400369 0.003171310 0.999994338 0.001030430 -0.160897881 0.044843696 -0.001171613 0.998993337 9.124258995
0.998887300 -0.006560507 -0.046699475 -0.408891201 0.006605614 0.999977767 0.000811629 -0.171023384 0.046693113 -0.001119206 0.998908699 9.971290588
0.998777866 -0.006789024 -0.048952963 -0.456064045 0.006875589 0.999974966 0.001600125 -0.178133905 0.048940878 -0.001934751 0.998799860 10.815975189
0.998686373 -0.008232765 -0.050570544 -0.500799656 0.008327961 0.999963820 0.001671987 -0.192526221 0.050554954 -0.002090941 0.998719156 11.657486916
0.998611867 -0.006020637 -0.052323375 -0.556471944 0.005992640 0.999981701 -0.000691975 -0.197232157 0.052326586 0.000377459 0.998629987 12.522565842
0.998531818 -0.005846423 -0.053848773 -0.610579371 0.005674998 0.999978185 -0.003335819 -0.204648048 0.053867102 0.003025330 0.998543561 13.411452293
0.998447180 -0.001545963 -0.055680715 -0.671917200 0.001271010 0.999986649 -0.004973088 -0.216326132 0.055687658 0.004894597 0.998436272 14.323674202
0.998416007 -0.000354858 -0.056256711 -0.743501186 0.000107862 0.999990165 -0.004393490 -0.236493543 0.056257721 0.004380465 0.998406649 15.234849930
0.998315990 -0.001178972 -0.057994317 -0.793862402 0.001017921 0.999995351 -0.002806475 -0.250380665 0.057997361 0.002742716 0.998312891 16.111093521
0.998213053 0.000131973 -0.059750609 -0.848813891 -0.000216817 0.999998808 -0.001413490 -0.263391197 0.059750356 0.001423919 0.998212278 17.002159119
0.998147428 0.000060487 -0.060837295 -0.909704208 -0.000139950 0.999998987 -0.001301880 -0.277447999 0.060837161 0.001307983 0.998146772 17.897562027
0.998052239 0.000162468 -0.062379967 -0.974991798 -0.000303318 0.999997258 -0.002248483 -0.288101435 0.062379438 0.002263025 0.998049855 18.796726227
0.997966826 -0.001450577 -0.063715376 -1.030391574 0.001263494 0.999994636 -0.002976436 -0.299037874 0.063719355 0.002889881 0.997963607 19.707315445
0.997928500 -0.000806736 -0.064323530 -1.090073586 0.000719440 0.999998689 -0.001380291 -0.308748841 0.064324558 0.001331155 0.997928083 20.640428543
0.997915149 0.000521299 -0.064533122 -1.149244547 -0.000389377 0.999997735 0.002056818 -0.320223451 0.064534038 -0.002027404 0.997913420 21.565338135
0.998039246 0.002899689 -0.062518872 -1.253760934 -0.002543425 0.999979973 0.005777342 -0.329219073 0.062534355 -0.005607005 0.998027027 22.445827484
0.998145401 0.002102839 -0.060833536 -1.324410200 -0.001568731 0.999959707 0.008826274 -0.336341619 0.060849626 -0.008714478 0.998108864 23.382530212
0.998216033 0.002389578 -0.059653476 -1.371449232 -0.001816400 0.999951601 0.009660835 -0.346417964 0.059673656 -0.009535250 0.998172343 24.305692673
0.998287976 0.002099951 -0.058448326 -1.432205796 -0.001686493 0.999973118 0.007122340 -0.354826510 0.058461692 -0.007011577 0.998264968 25.244915009
0.998325288 0.002891577 -0.057773579 -1.491242170 -0.002770266 0.999993622 0.002179754 -0.351914734 0.057779498 -0.002016057 0.998327255 26.195934296
0.998386621 0.001709389 -0.056752060 -1.546504974 -0.001744222 0.999998152 -0.000564230 -0.365392536 0.056750976 0.000662307 0.998388052 27.133512497
0.998429596 -0.000547823 -0.056013796 -1.606161714 0.000570098 0.999999642 0.000381685 -0.372068852 0.056013547 -0.000413020 0.998429835 28.115327835
0.998418391 -0.002632371 -0.056154363 -1.669331551 0.002943491 0.999980628 0.005458431 -0.381811023 0.056138892 -0.005615090 0.998407066 29.065952301
0.998331428 -0.006629542 -0.057357620 -1.727738142 0.007160861 0.999933124 0.009062683 -0.391404659 0.057293694 -0.009458296 0.998312473 30.049329758
0.998211741 -0.013543537 -0.058219194 -1.782601714 0.014063166 0.999864638 0.008524927 -0.400474489 0.058095850 -0.009328433 0.998267293 31.006774902
0.998054683 -0.016111899 -0.060223259 -1.830568552 0.016433148 0.999853134 0.004842817 -0.407096475 0.060136385 -0.005823057 0.998173058 32.006355286
0.997994781 -0.015611148 -0.061337523 -1.905630469 0.015673373 0.999876976 0.000533479 -0.405017078 0.061321646 -0.001493778 0.998116791 32.999755859
0.997826040 -0.014674035 -0.064245261 -1.963231444 0.014705737 0.999891818 0.000020632 -0.416532487 0.064238004 -0.000965363 0.997933984 33.977901459
0.997790217 -0.014704704 -0.064792804 -2.032255888 0.014835022 0.999888718 0.001530679 -0.429175854 0.064763084 -0.002488502 0.997897387 34.971374512
0.997790992 -0.009492815 -0.065745883 -2.108077288 0.009813879 0.999941409 0.004562233 -0.455429077 0.065698721 -0.005197381 0.997825742 35.910301208
0.997802138 -0.008201524 -0.065751322 -2.211770296 0.008596194 0.999946594 0.005721873 -0.466958374 0.065700889 -0.006274511 0.997819424 36.909626007
0.997717679 -0.006845030 -0.067172311 -2.270638704 0.007454711 0.999933124 0.008829978 -0.491988450 0.067107379 -0.009310580 0.997702122 37.877128601
0.997741401 -0.006994322 -0.066803850 -2.341141701 0.007802297 0.999899328 0.011841558 -0.500488877 0.066714302 -0.012336042 0.997695684 38.890995026
0.997704566 -0.001132379 -0.067705475 -2.419430256 0.002106071 0.999895215 0.014311710 -0.504753828 0.067682184 -0.014421456 0.997602522 39.859012604
0.997723222 -0.001101654 -0.067430317 -2.507608175 0.002017696 0.999906480 0.013518481 -0.497726142 0.067409121 -0.013623760 0.997632205 40.854984283
0.997892737 0.003444579 -0.064790778 -2.642666340 -0.002696497 0.999928653 0.011630089 -0.500986099 0.064826213 -0.011430877 0.997830868 41.874435425
0.997876287 0.005148311 -0.064931065 -2.718525171 -0.004536248 0.999943852 0.009570331 -0.504575014 0.064976685 -0.009255467 0.997843623 42.874496460
0.997827232 0.005252076 -0.065671928 -2.793539047 -0.004634373 0.999943554 0.009554772 -0.507876694 0.065718397 -0.009229667 0.997795284 43.874439240
0.997744322 0.003235929 -0.067047305 -2.864262819 -0.002517924 0.999938488 0.010790736 -0.510517836 0.067078099 -0.010597580 0.997691214 44.877948761
0.997690678 0.004361117 -0.067777716 -2.940932274 -0.003556776 0.999921799 0.011983547 -0.520501435 0.067824669 -0.011714808 0.997628272 45.882820129
0.997671604 0.006868361 -0.067849942 -3.025542974 -0.006313204 0.999944746 0.008393261 -0.526946187 0.067903832 -0.007945372 0.997660041 46.858886719
0.997601330 0.007440986 -0.068815939 -3.097149134 -0.007154679 0.999964535 0.004406098 -0.533156753 0.068846285 -0.003903177 0.997619450 47.811706543
0.997529685 0.008018810 -0.069783077 -3.162423849 -0.007798735 0.999963522 0.003425661 -0.548601210 0.069808006 -0.002872982 0.997556090 48.779998779
0.997515619 0.005890151 -0.070195228 -3.238510132 -0.005451811 0.999964237 0.006434617 -0.544870615 0.070230618 -0.006035944 0.997512341 49.797618866
0.997502983 0.005352774 -0.070417367 -3.320611238 -0.004691885 0.999943197 0.009547444 -0.587922513 0.070464477 -0.009193219 0.997471690 50.941642761
0.997466028 0.003106342 -0.071072690 -3.385843754 -0.002383681 0.999944389 0.010250565 -0.598020911 0.071100593 -0.010055181 0.997418225 51.923133850
0.997432113 -0.000381249 -0.071613632 -3.449227571 0.001047379 0.999956250 0.009264465 -0.609980464 0.071606994 -0.009315686 0.997389138 52.874515533
0.997409761 -0.002635437 -0.071876518 -3.522525787 0.003207213 0.999963820 0.007840815 -0.615154028 0.071853273 -0.008051034 0.997382402 53.838977814
0.997320533 -0.004022593 -0.073040597 -3.591131210 0.004688486 0.999948680 0.008947662 -0.621328115 0.073000878 -0.009266142 0.997288465 54.806541443
0.997217596 -0.007244399 -0.074188061 -3.665459394 0.008237180 0.999880195 0.013084814 -0.625746787 0.074084409 -0.013659514 0.997157991 55.776844025
0.997172117 -0.007268446 -0.074794829 -3.740206242 0.008602482 0.999809086 0.017529346 -0.621646225 0.074653164 -0.018123206 0.997044384 56.755989075
0.997140825 -0.005445899 -0.075365290 -3.814539909 0.006963577 0.999777675 0.019889582 -0.626518130 0.075240247 -0.020357534 0.996957123 57.695457458
0.997077525 -0.003758535 -0.076300189 -3.908383608 0.004979497 0.999862254 0.015818229 -0.627807796 0.076230250 -0.016151946 0.996958911 58.658161163
0.996965945 -0.001967510 -0.077810138 -3.980891705 0.002617817 0.999962211 0.008256585 -0.634942293 0.077790983 -0.008435237 0.996933520 59.560680389
0.996913433 0.000187930 -0.078503683 -4.067759037 0.000097185 0.999993145 0.003628117 -0.647581398 0.078503855 -0.003624558 0.996906757 60.463214874
0.996815205 0.004823790 -0.079595610 -4.151587009 -0.004485783 0.999979854 0.004424910 -0.651512206 0.079615377 -0.004053778 0.996816993 61.384426117
0.996709287 0.007429959 -0.080713011 -4.239029408 -0.006914217 0.999953568 0.006667534 -0.657437921 0.080758825 -0.006087536 0.996714652 62.326362610
0.996582925 0.009752104 -0.082015887 -4.322336674 -0.009129470 0.999926329 0.007963316 -0.662194371 0.082087517 -0.007187353 0.996598780 63.270595551
0.996485829 0.010272502 -0.083124124 -4.401415825 -0.009658259 0.999922752 0.007788298 -0.670595527 0.083197720 -0.006958106 0.996508300 64.129707336
0.996318817 0.012121718 -0.084859125 -4.478548050 -0.011425061 0.999896705 0.008690508 -0.686145425 0.084955715 -0.007689008 0.996354580 64.995597839
0.996172845 0.013388365 -0.086369514 -4.559704304 -0.012706663 0.999883413 0.008437917 -0.675560057 0.086472429 -0.007308167 0.996226966 65.860382080
0.996029198 0.013665417 -0.087968305 -4.633346558 -0.012959442 0.999878824 0.008591583 -0.684047699 0.088075072 -0.007417460 0.996085763 66.692642212
0.995895863 0.013176862 -0.089538626 -4.699173927 -0.012393375 0.999879658 0.009300719 -0.678713858 0.089650422 -0.008152874 0.995939434 67.482513428
0.995715916 0.017918453 -0.090709329 -4.811692715 -0.016905257 0.999785721 0.011925877 -0.710661471 0.090903595 -0.010341333 0.995805502 68.446624756
0.995576441 0.019893253 -0.091821760 -4.892270088 -0.018464055 0.999694943 0.016388435 -0.729541898 0.092119776 -0.014620551 0.995640099 69.210357666
0.995348394 0.022888375 -0.093579553 -4.971735477 -0.021283720 0.999609172 0.018109987 -0.731744885 0.093957491 -0.016034039 0.995446563 69.991912842
0.995159149 0.026210297 -0.094713792 -5.061712265 -0.025156479 0.999607503 0.012303585 -0.706376851 0.094999112 -0.009861373 0.995427966 70.777114868
0.995000422 0.025586318 -0.096534185 -5.133662224 -0.025283236 0.999670506 0.004361854 -0.698338032 0.096613988 -0.001899364 0.995319605 71.553863525
0.994855821 0.024897145 -0.098190181 -5.197867870 -0.025131507 0.999683142 -0.001150420 -0.711581647 0.098130442 0.003612156 0.995166481 72.237358093
0.994790435 0.026332598 -0.098477706 -5.275595665 -0.026692996 0.999640584 -0.002343600 -0.718217075 0.098380618 0.004960042 0.995135963 72.944244385
0.994632661 0.029547889 -0.099157207 -5.352671146 -0.029562706 0.999561727 0.001320309 -0.732836902 0.099152781 0.001618119 0.995070338 73.601333618
0.994462371 0.029845504 -0.100762837 -5.416471004 -0.029620672 0.999553919 0.003727160 -0.751235187 0.100829154 -0.000721872 0.994902909 74.264465332
0.994446158 0.026718458 -0.101794764 -5.478414059 -0.026792943 0.999640465 0.000635804 -0.767918468 0.101775184 0.002095095 0.994804621 74.908432007
0.994624734 0.019162482 -0.101752512 -5.533291340 -0.019706091 0.999796033 -0.004339772 -0.786546588 0.101648621 0.006321577 0.994799674 75.500946045
0.994778693 0.015606076 -0.100850992 -5.589069366 -0.016614605 0.999819577 -0.009167820 -0.796894372 0.100689732 0.010795540 0.994858742 76.105308533
0.995059490 0.018652052 -0.097507775 -5.657118320 -0.019680133 0.999759912 -0.009592288 -0.809049368 0.097305447 0.011463852 0.995187938 76.693534851
0.995352447 0.023587624 -0.093360931 -5.718614578 -0.024305951 0.999682546 -0.006564218 -0.825402021 0.093176469 0.008802923 0.995610058 77.264274597
0.995782554 0.022273678 -0.088995315 -5.762565613 -0.022671055 0.999736547 -0.003456583 -0.839335620 0.088894881 0.005459609 0.996025443 77.828498840
0.996364772 0.018992517 -0.083040625 -5.808375359 -0.018983752 0.999818921 0.000895351 -0.864559293 0.083042599 0.000684311 0.996545136 78.397186279
0.997081399 0.014806121 -0.074891351 -5.838186264 -0.014522292 0.999884725 0.004333218 -0.884163558 0.074946873 -0.003232994 0.997181594 78.937347412
0.997768760 0.018706076 -0.064083613 -5.878246307 -0.018483700 0.999820471 0.004061446 -0.895219564 0.064148068 -0.002867899 0.997935593 79.469825745
0.998517811 0.023964208 -0.048858039 -5.913987160 -0.023822863 0.999709666 0.003473554 -0.905490637 0.048927091 -0.002304484 0.998799026 79.986610413
0.999091089 0.029699685 -0.030564392 -5.934908867 -0.029596347 0.999554157 0.003828251 -0.916131139 0.030664455 -0.002920193 0.999524772 80.495582581
0.999564588 0.028197939 -0.008653484 -5.926747799 -0.028162861 0.999594331 0.004150311 -0.929754615 0.008766994 -0.003904814 0.999953210 80.985534668
0.999534667 0.024907622 0.017592330 -5.898591995 -0.024991736 0.999676824 0.004577071 -0.941032052 -0.017472649 -0.005014621 0.999834001 81.472335815
0.998622119 0.024515387 0.046394005 -5.843046665 -0.024755420 0.999682546 0.004606037 -0.953699529 -0.046266370 -0.005748210 0.998911798 81.982894897
0.996571004 0.024061970 0.079163037 -5.795093536 -0.024579424 0.999682009 0.005568401 -0.966519117 -0.079003878 -0.007495105 0.996845365 82.384971619
0.992839575 0.025684742 0.116659209 -5.719964504 -0.026369859 0.999642551 0.004332868 -0.955775619 -0.116506211 -0.007378147 0.993161798 82.843360901
0.986999154 0.021651190 0.159258515 -5.751691818 -0.023127707 0.999704659 0.007423308 -1.026194096 -0.159050733 -0.011010099 0.987208307 82.823341370
0.978990614 0.020312065 0.202889517 -5.644193172 -0.022407234 0.999716282 0.008034726 -1.055094600 -0.202668741 -0.012412130 0.979167938 83.121406555
0.967523217 0.023040542 0.251728654 -5.512916565 -0.025059801 0.999673963 0.004818282 -1.057260633 -0.251535565 -0.010970087 0.967785120 83.527542114
0.951816201 0.024448697 0.305692077 -5.374814034 -0.025997451 0.999661148 0.000995684 -1.062328815 -0.305564135 -0.008894941 0.952129126 83.923011780
0.931910038 0.025395690 0.361798495 -5.244174480 -0.025900265 0.999658167 -0.003455799 -1.027403712 -0.361762553 -0.006150202 0.932249188 84.282478333
0.907384574 0.026117152 0.419488400 -5.047616959 -0.025848605 0.999645412 -0.006325033 -1.032304049 -0.419504821 -0.005103971 0.907737970 84.643356323
0.878290713 0.032347307 0.477030873 -4.788882732 -0.027810629 0.999475420 -0.016570278 -0.944115758 -0.477316618 0.001286973 0.878729641 85.010299683
0.844892025 0.032890514 0.533924222 -4.519480228 -0.024496831 0.999439359 -0.022802696 -0.922373056 -0.534374833 0.006186347 0.845224082 85.344146729
0.802505076 0.031747412 0.595799625 -4.310020447 -0.020441592 0.999459624 -0.025723062 -0.942027867 -0.596294284 0.008463778 0.802720368 85.772933960
0.759669721 0.028158588 0.649698853 -4.041016102 -0.017793966 0.999587595 -0.022517286 -1.004669309 -0.650064945 0.005544960 0.759857416 86.106086731
0.741236687 0.335609019 0.581321239 -6.648589611 -0.287741393 0.941296697 -0.176534444 -1.435185790 -0.606442273 -0.036416396 0.794292152 87.075958252
0.681319773 0.337314993 0.649631917 -6.917274952 -0.281988800 0.939945102 -0.192313597 -1.444937110 -0.675488532 -0.052161872 0.735522151 87.340698242
0.637331188 0.338022858 0.692494929 -6.635294437 -0.265146583 0.939977348 -0.214799657 -1.490337133 -0.723536611 -0.046714146 0.688702404 87.656768799
0.601371706 0.323493540 0.730550289 -6.426276684 -0.248114496 0.944772303 -0.214110896 -1.811642170 -0.759467185 -0.052499868 0.648422658 87.754554749
0.556487858 0.325285345 0.764532804 -6.132865429 -0.236479297 0.944126487 -0.229568601 -1.903245807 -0.796490967 -0.053044025 0.602318048 87.992835999
0.515193105 0.299789190 0.802933514 -5.996187210 -0.242816880 0.949501157 -0.198712200 -2.561316729 -0.821958065 -0.092590615 0.561970174 88.065483093
0.474425554 0.296836138 0.828739047 -5.656722069 -0.225144088 0.951036155 -0.211752921 -2.679671288 -0.851016760 -0.086124666 0.518026650 88.290153503
0.438681245 0.287063867 0.851559043 -5.345141888 -0.207791552 0.954327524 -0.214663684 -2.877533913 -0.874288499 -0.082777806 0.478294939 88.431137085
0.410302997 0.260466576 0.873961329 -5.072091103 -0.194407344 0.961296797 -0.195225939 -3.299947500 -0.890986085 -0.089802667 0.445059478 88.457946777
0.376215786 0.257771164 0.889952540 -4.667818546 -0.183404431 0.962231934 -0.201174945 -3.397973061 -0.908197880 -0.087535992 0.409283131 88.633338928
0.343830913 0.261369228 0.901923656 -4.315133095 -0.179130360 0.961100578 -0.210230380 -3.497002840 -0.921787143 -0.089278132 0.377275169 88.768020630
0.310770631 0.268681914 0.911718965 -3.943103790 -0.181946188 0.958291948 -0.220388472 -3.597975492 -0.932907343 -0.097393461 0.346694499 88.927642822
0.282124758 0.273575604 0.919544339 -3.517790794 -0.179998934 0.956552625 -0.229360834 -3.710050821 -0.942340076 -0.100808568 0.319110364 89.075469971
0.258039951 0.275623918 0.925984085 -3.086928844 -0.173361585 0.956095159 -0.236276865 -3.818439722 -0.950452447 -0.099561140 0.294493228 89.190063477
0.237708241 0.276657730 0.931104183 -2.697172403 -0.161177844 0.956525505 -0.243063033 -3.925038576 -0.957870126 -0.092295215 0.271964937 89.277648926
0.220477328 0.282406569 0.933614433 -2.293426752 -0.149876177 0.955609560 -0.253666013 -4.023580551 -0.963807821 -0.083998911 0.253016114 89.355033875
0.202137411 0.288814574 0.935802460 -1.882063866 -0.143179908 0.953975022 -0.263495773 -4.124277592 -0.968833566 -0.080725715 0.234186336 89.444572449
0.184245050 0.289856821 0.939167976 -1.447916389 -0.141694963 0.953377485 -0.266444862 -4.242575645 -0.972612321 -0.083984189 0.216726184 89.554107666
0.168552354 0.285904914 0.943317652 -0.990528584 -0.140440300 0.954211593 -0.264112920 -4.382893085 -0.975635707 -0.087962925 0.200987056 89.658020020
0.154396832 0.282991856 0.946613431 -0.491670310 -0.136872217 0.954989791 -0.263171703 -4.524754047 -0.978481412 -0.088932171 0.186181009 89.761993408
0.142191917 0.280636072 0.949223161 -0.016621709 -0.131612226 0.955812216 -0.262869030 -4.661175251 -0.981049359 -0.087551482 0.172843799 89.842117310
0.131800443 0.279749483 0.950982988 0.489612758 -0.125469089 0.956343830 -0.263937384 -4.804533958 -0.983302772 -0.084531866 0.161146343 89.923667908
0.122297272 0.279554397 0.952309012 1.140549421 -0.121547267 0.956507266 -0.265177578 -5.050043106 -0.985021770 -0.083320029 0.150957182 90.034278870
0.115133502 0.280116320 0.953036666 1.672899604 -0.117875978 0.956490159 -0.266891211 -5.197067261 -0.986330450 -0.081611983 0.143142924 90.112670898
0.110188879 0.280412197 0.953534067 2.203521252 -0.114862002 0.956540346 -0.268023103 -5.348254681 -0.987250447 -0.079991646 0.137608677 90.186637878
0.104743049 0.281588674 0.953801095 2.733391285 -0.112913921 0.956241846 -0.269909531 -5.494529724 -0.988067687 -0.079426259 0.131954804 90.264152527
0.099121414 0.282202542 0.954220295 3.265924931 -0.110718079 0.956115782 -0.271262139 -5.647428989 -0.988895774 -0.078761540 0.126016319 90.341056824
0.095526636 0.282320321 0.954552054 3.858762503 -0.107366711 0.956264973 -0.272082299 -5.814908028 -0.989618838 -0.076495998 0.121660419 90.411941528
0.092820801 0.282373279 0.954803348 4.487460613 -0.105510101 0.956333101 -0.272568673 -5.992306709 -0.990075946 -0.075441346 0.118560672 90.491729736
0.090220101 0.282008201 0.955160439 5.131202221 -0.103885248 0.956504107 -0.272592515 -6.177272797 -0.990488112 -0.074633755 0.115592234 90.564331055
0.088469230 0.281383693 0.955508292 5.754345894 -0.101397932 0.956830084 -0.272384793 -6.358716965 -0.990903735 -0.072788902 0.113181598 90.637229919
0.088669881 0.283107042 0.954980493 6.462324142 -0.098277070 0.956565022 -0.274451911 -6.505857944 -0.991200209 -0.069517069 0.112641290 90.704528809
0.090654075 0.282627761 0.954936147 7.127418995 -0.095182583 0.956953287 -0.274188995 -6.702844620 -0.991322696 -0.066036940 0.113652796 90.779029846
0.093153581 0.282147497 0.954837620 7.838180065 -0.094765224 0.957166016 -0.273590356 -6.937650204 -0.991130888 -0.064999476 0.115901053 90.869537354
0.096916571 0.282780230 0.954275787 8.552453995 -0.093977034 0.957105219 -0.274074465 -7.130897999 -0.990845025 -0.063117646 0.119334050 90.970306396
0.100512415 0.282871068 0.953876793 9.306012154 -0.095532529 0.957045674 -0.273744404 -7.349663258 -0.990337849 -0.063611545 0.123218209 91.082405090
0.103283644 0.281863987 0.953878820 10.082177162 -0.098102897 0.957218051 -0.272228450 -7.609981537 -0.989801288 -0.065461516 0.126516491 91.212471008
0.107433543 0.280447543 0.953837931 10.767853737 -0.099884555 0.957580864 -0.270297796 -7.814372540 -0.989181221 -0.066234618 0.130888522 91.288986206
0.109914750 0.279247880 0.953907251 11.572235107 -0.104592189 0.957642913 -0.268289834 -8.049324989 -0.988421798 -0.070282228 0.134466067 91.435165405
0.111231096 0.278274596 0.954039097 12.524180412 -0.110666960 0.957493365 -0.266379595 -8.407029152 -0.987612724 -0.075950906 0.137298673 91.632034302
0.114037335 0.282146752 0.952569425 13.335637093 -0.113721825 0.956228614 -0.269616395 -8.574297905 -0.986945391 -0.077581577 0.141131833 91.772224426
0.115536913 0.286212116 0.951174915 14.071395874 -0.116757914 0.954861939 -0.273139328 -8.793105125 -0.986416280 -0.079499513 0.143739164 91.914009094
0.115099497 0.291713536 0.949555218 14.836599350 -0.122776516 0.952755928 -0.277814627 -9.017951012 -0.985736430 -0.084606752 0.145477131 92.052764893
0.113543406 0.295058131 0.948708832 15.643773079 -0.124932937 0.951544285 -0.280987829 -9.249133110 -0.985645950 -0.086620659 0.144903898 92.220245361
0.113011301 0.294788092 0.948856294 16.409749985 -0.127005801 0.951425731 -0.280459672 -9.480537415 -0.985442162 -0.088815130 0.144961476 92.353683472
0.111945927 0.293549001 0.949366629 17.199132919 -0.129617497 0.951522708 -0.278931648 -9.716378212 -0.985223711 -0.091829255 0.144568011 92.498725891
0.111525320 0.292476416 0.949747145 17.999061584 -0.128695816 0.951911449 -0.278030634 -9.955968857 -0.985392213 -0.091221020 0.143802539 92.645576477
0.111078940 0.292191476 0.949887156 18.763332367 -0.130993783 0.951766968 -0.277451456 -10.187806129 -0.985139787 -0.093610287 0.143996358 92.778945923
0.110647738 0.292722166 0.949774086 19.547281265 -0.132537737 0.951451838 -0.277798742 -10.427513123 -0.984981775 -0.095143110 0.144072548 92.916908264
0.110341720 0.293612778 0.949534714 20.332695007 -0.134998843 0.950941622 -0.278360128 -10.664674759 -0.984681904 -0.097471371 0.144565731 93.040695190
0.108086206 0.294671685 0.949466109 21.068393707 -0.137845859 0.950277567 -0.279231280 -10.908738136 -0.984537661 -0.100698940 0.143330991 93.168289185
0.103598982 0.294735968 0.949946284 21.873620987 -0.140258133 0.949870110 -0.279416144 -11.149109840 -0.984679282 -0.104290470 0.139744520 93.315292358
0.099180944 0.293919623 0.950670481 22.664344788 -0.140975863 0.949894369 -0.278972059 -11.385006905 -0.985031664 -0.106352881 0.135646820 93.449455261
0.093317226 0.291690171 0.951949954 23.458532333 -0.141466409 0.950305462 -0.277318746 -11.630799294 -0.985534132 -0.108790323 0.129944056 93.591514587
0.086309977 0.290101558 0.953095853 24.263050079 -0.141944692 0.950486302 -0.276453197 -11.869938850 -0.986103773 -0.111426219 0.123214670 93.714897156
0.077879548 0.290740967 0.953627050 25.068077087 -0.140136033 0.950227439 -0.278260082 -12.108134270 -0.987063885 -0.111966729 0.114746407 93.842185974
0.066973530 0.291433543 0.954243779 25.795036316 -0.137109771 0.950005591 -0.280516148 -12.336560249 -0.988288343 -0.112048961 0.103583448 94.008857727
0.057464756 0.291532427 0.954833388 26.572267532 -0.133983225 0.950013220 -0.281997234 -12.592835426 -0.989315331 -0.111726731 0.093652569 94.093986511
0.047262594 0.289562851 0.955991507 27.260871887 -0.130893186 0.950603187 -0.281459659 -12.850190163 -0.990268469 -0.111830235 0.082829624 94.164199829
0.036047205 0.290157974 0.956299722 28.042392731 -0.128134593 0.950364590 -0.283527225 -13.049832344 -0.991100669 -0.112314694 0.071437120 94.245010376
0.024324764 0.289158881 0.956972182 28.862989426 -0.124493472 0.950679541 -0.284093082 -13.323050499 -0.991921365 -0.112226270 0.059123311 94.334175110
0.014303251 0.288652480 0.957327247 29.563764572 -0.121895671 0.950786889 -0.284859270 -13.581212997 -0.992438972 -0.112619601 0.048784699 94.351371765
0.003259172 0.288009018 0.957622349 30.254177094 -0.117895856 0.951058805 -0.285633832 -13.840790749 -0.993019760 -0.111968741 0.037054610 94.392631531
-0.007162495 0.288854986 0.957346261 30.967910767 -0.115865774 0.950682044 -0.287711203 -14.073210716 -0.993238211 -0.112984367 0.026659038 94.415016174
-0.019502012 0.288964063 0.957141519 31.693618774 -0.115208685 0.950296402 -0.289245039 -14.325924873 -0.993149042 -0.115911841 0.014758367 94.477523804
-0.028837122 0.289289117 0.956807554 32.403495789 -0.112395480 0.950196087 -0.290677786 -14.563562393 -0.993244231 -0.115923122 0.005113766 94.488327026
-0.038853761 0.289052606 0.956524611 33.055263519 -0.107457943 0.950486779 -0.291593105 -14.800742149 -0.993449271 -0.114115626 -0.005869088 94.506294250
-0.047529288 0.288755924 0.956222415 33.715602875 -0.104906783 0.950566173 -0.292262465 -15.048567772 -0.993344784 -0.114205211 -0.014887374 94.490959167
-0.055630334 0.287309080 0.956221282 34.334167480 -0.101688169 0.951093316 -0.291684419 -15.287554741 -0.993258834 -0.113462858 -0.023693796 94.477882385
-0.063410431 0.285351127 0.956323266 35.000156403 -0.098977111 0.951728404 -0.290543050 -15.529403687 -0.993066490 -0.113077544 -0.032106370 94.475349426
-0.067739233 0.283813179 0.956484079 35.703830719 -0.094982356 0.952496469 -0.289356858 -15.755411148 -0.993170798 -0.110449888 -0.037564229 94.448059082
-0.071017087 0.281884611 0.956816554 36.355381012 -0.091550358 0.953346848 -0.287657619 -15.974356651 -0.993264079 -0.108025469 -0.041897364 94.426841736
-0.073887929 0.280744940 0.956934273 37.013568878 -0.090326965 0.953728259 -0.286778897 -16.191934586 -0.993166685 -0.107626431 -0.045110255 94.406410217
-0.085815430 0.277708381 0.956825018 37.561260223 -0.098572470 0.953288436 -0.285522759 -16.400180817 -0.991422057 -0.118818827 -0.054432534 94.562759399
-0.086785533 0.278843522 0.956407249 38.207290649 -0.091539294 0.953735173 -0.286370963 -16.585035324 -0.992011786 -0.112401664 -0.057245351 94.568565369
-0.086092860 0.279529870 0.956269503 38.820575714 -0.092458904 0.953448415 -0.287029445 -16.789428711 -0.991986871 -0.113126777 -0.056240156 94.519126892
-0.084227271 0.279461354 0.956455648 39.313259125 -0.095405407 0.953194022 -0.286910087 -17.002357483 -0.991868019 -0.115416646 -0.053622887 94.495986938
-0.078864224 0.280066371 0.956735849 39.906101227 -0.096805021 0.953036785 -0.286963373 -17.191984177 -0.992173314 -0.115247928 -0.048048764 94.457839966
-0.071960539 0.281001151 0.957005858 40.516983032 -0.099896878 0.952637315 -0.287230134 -17.376718521 -0.992391586 -0.116271086 -0.040481243 94.449829102
-0.061964747 0.281035334 0.957694948 41.088260651 -0.104080945 0.952486992 -0.286241412 -17.555870056 -0.992636025 -0.117414638 -0.029770274 94.453506470
-0.049507402 0.281461358 0.958294630 41.637531281 -0.108878039 0.952231526 -0.285305500 -17.726854324 -0.992820859 -0.118461944 -0.016497623 94.465164185
-0.033828821 0.283002168 0.958522499 42.167732239 -0.113151841 0.951819718 -0.285016626 -17.885293961 -0.993000984 -0.118100338 -0.000176802 94.499084473
-0.013678260 0.285154253 0.958384037 42.682811737 -0.120399654 0.951029599 -0.284684420 -18.052642822 -0.992630601 -0.119283065 0.021323962 94.527626038
0.009076597 0.288061500 0.957568884 43.218227386 -0.128637224 0.949987352 -0.284561455 -18.215332031 -0.991649508 -0.120596133 0.045678008 94.581741333
0.035483383 0.289557427 0.956502676 43.682209015 -0.138263732 0.949322939 -0.282254785 -18.364248276 -0.989758909 -0.122234263 0.073720403 94.635231018
0.065117136 0.288826555 0.955164373 44.173271179 -0.148855582 0.949297011 -0.276904285 -18.513628006 -0.986711919 -0.124150321 0.104808867 94.731575012
0.100313857 0.286323100 0.952867329 44.664089203 -0.159109399 0.949989021 -0.268707782 -18.656692505 -0.982150733 -0.124655001 0.140853673 94.843948364
0.139426351 0.281732112 0.949308813 45.142364502 -0.171987608 0.950991571 -0.256971359 -18.813972473 -0.975181699 -0.127440751 0.181047618 94.976371765
0.183146641 0.278392702 0.942843974 45.619346619 -0.184521452 0.951754808 -0.245180577 -18.930452347 -0.965612769 -0.129070893 0.225680023 95.103187561
0.222090065 0.278991431 0.934258878 46.085498810 -0.197289139 0.951226354 -0.237159058 -18.978624344 -0.954857051 -0.131648436 0.266299784 95.368057251
0.271649450 0.285274774 0.919143498 46.679073334 -0.208598107 0.949805796 -0.233140990 -19.010639191 -0.939517200 -0.128398955 0.317521900 95.591659546
0.320677489 0.284333527 0.903504491 47.128074646 -0.220567331 0.950073123 -0.220703512 -19.123741150 -0.921148837 -0.128508896 0.367381692 95.869636536
0.374149472 0.283630967 0.882930160 47.575695038 -0.231328532 0.950528800 -0.207318678 -19.247283936 -0.898052692 -0.126678735 0.421251714 96.167800903
0.432643414 0.285473645 0.855175138 47.986438751 -0.243255600 0.950327873 -0.194171458 -19.367458344 -0.868127823 -0.124019101 0.480596066 96.430564880
0.490962207 0.289550871 0.821654737 48.364864349 -0.253840566 0.949771941 -0.183022320 -19.430364609 -0.833379149 -0.118712217 0.539801776 96.701416016
0.548116148 0.295386583 0.782505989 48.813079834 -0.268820614 0.948138237 -0.169612005 -19.480342865 -0.792025268 -0.117386624 0.599095762 97.069709778
0.598545909 0.303011984 0.741570413 49.122722626 -0.284398973 0.945778430 -0.156905353 -19.477420807 -0.748905778 -0.116986774 0.652268052 97.438407898
0.645341337 0.304821402 0.700441718 49.343738556 -0.292619735 0.945637107 -0.141925931 -19.466224670 -0.705626070 -0.113372348 0.699455500 97.816749573
0.691840529 0.303569585 0.655135274 49.658363342 -0.298770249 0.946363866 -0.123006538 -19.479286194 -0.657337785 -0.110633962 0.745430529 98.253234863
0.735146880 0.301621169 0.607111037 49.946918488 -0.306777686 0.946635962 -0.098826654 -19.498973846 -0.604521692 -0.113595948 0.788447201 98.710098267
0.775601745 0.294873476 0.558114409 50.166362762 -0.309576690 0.948236167 -0.070776656 -19.536643982 -0.550094724 -0.117884636 0.826739669 99.100822449
0.809906423 0.293094486 0.508081973 50.370868683 -0.314846307 0.948073268 -0.045030147 -19.547086716 -0.494897306 -0.123497464 0.860130489 99.546401978
0.839638948 0.290361762 0.459016889 50.572940826 -0.317563653 0.948049486 -0.018819576 -19.560035706 -0.440635473 -0.129965365 0.888227880 100.032417297
0.863050342 0.291607291 0.412443072 50.727359772 -0.321690649 0.946836889 0.003711371 -19.551877975 -0.389434278 -0.135882109 0.910975516 100.537712097
0.881629527 0.293333381 0.369709104 50.859485626 -0.324185163 0.945720077 0.022720588 -19.546421051 -0.342976809 -0.139885291 0.928869486 100.971870422
0.894601405 0.298798084 0.332276881 50.980812073 -0.329352498 0.943426967 0.038357042 -19.523740768 -0.302018106 -0.143750429 0.942401350 101.438034058
0.905274570 0.302552670 0.298227668 51.100940704 -0.331005365 0.942368805 0.048736770 -19.490180969 -0.266295135 -0.142835036 0.953249454 101.918556213
0.913728416 0.304941386 0.268534958 51.226547241 -0.331499338 0.941627800 0.058685828 -19.466804504 -0.234964371 -0.142642006 0.961480319 102.363128662
0.921504974 0.299550474 0.247180119 51.351829529 -0.324470609 0.943578959 0.066153690 -19.458538055 -0.213417724 -0.141163573 0.966708362 102.772277832
0.926032364 0.297351569 0.232478201 51.458637238 -0.321245044 0.944265485 0.071854435 -19.440994263 -0.198155239 -0.141221941 0.969943345 103.229652405
0.927877247 0.300809264 0.220357910 51.535095215 -0.323709697 0.943129957 0.075607479 -19.411527634 -0.185082868 -0.141486406 0.972483993 103.670532227
0.925640523 0.312929273 0.212755412 51.593063354 -0.335426807 0.938785255 0.078547075 -19.373104095 -0.175152108 -0.144070163 0.973942876 104.139411926
0.924463630 0.320322096 0.206786573 51.678768158 -0.342124164 0.936318219 0.079105794 -19.326158524 -0.168278843 -0.143877044 0.975182474 104.670288086
0.923539996 0.325295985 0.203116551 51.762451172 -0.346166551 0.935051382 0.076460078 -19.280176163 -0.165052399 -0.140926048 0.976164281 105.220909119
0.923602045 0.325980783 0.201731712 51.855667114 -0.346289575 0.935182512 0.074268781 -19.234449387 -0.164445907 -0.138452321 0.976620495 105.779556274
0.923780262 0.324352026 0.203532919 51.943988800 -0.344192952 0.936274529 0.070142165 -19.200735092 -0.167812049 -0.134850472 0.976551890 106.351104736
0.923650205 0.323446959 0.205553532 52.078350067 -0.342219979 0.937538028 0.062503718 -19.159826279 -0.172497720 -0.128076032 0.976647377 106.958625793
0.922627032 0.325237423 0.207315773 52.269897461 -0.343268722 0.937511742 0.056894783 -19.133718491 -0.175856754 -0.123657621 0.976617754 107.567802429
0.919879258 0.330170363 0.211682722 52.393917084 -0.348684132 0.935565948 0.055985872 -19.103490829 -0.179558367 -0.125310570 0.975733161 108.137985229
0.917595208 0.332378685 0.218044534 52.547222137 -0.352172613 0.934129655 0.058094464 -19.077058792 -0.184372604 -0.130096436 0.974207819 108.806121826
0.917105258 0.329812586 0.223923087 52.684898376 -0.350962162 0.934389234 0.061163880 -19.058933258 -0.189058781 -0.134682164 0.972685337 109.384544373
0.917433202 0.325428247 0.228938296 52.843490601 -0.348025501 0.935208142 0.065288387 -19.028924942 -0.192858353 -0.139574006 0.971248686 110.004615784
0.917251110 0.322643787 0.233562455 53.005458832 -0.346522927 0.935534716 0.068521537 -18.993890762 -0.196397811 -0.143786103 0.969924033 110.669784546
0.917803943 0.318759471 0.236702755 53.148857117 -0.342949897 0.936880589 0.068107404 -18.953363419 -0.200052410 -0.143686339 0.969191670 111.322776794
0.919145226 0.315281391 0.236155793 53.287986755 -0.338799894 0.938567400 0.065607153 -18.945363998 -0.200963482 -0.140311986 0.969497502 111.910507202
0.919656515 0.315285474 0.234151199 53.430240631 -0.337126017 0.939613819 0.058908913 -18.904359818 -0.201438636 -0.133114353 0.970413446 112.573822021
0.920006812 0.316673845 0.230878502 53.606613159 -0.336811066 0.940096021 0.052688707 -18.858865738 -0.200362861 -0.126236320 0.971554637 113.289787292
0.919547319 0.320026964 0.228068605 53.735054016 -0.339256823 0.939378858 0.049705032 -18.821182251 -0.198335916 -0.123079874 0.972375154 113.936477661
0.920448780 0.318205684 0.226977810 53.897121429 -0.338173956 0.939518273 0.054242212 -18.771854401 -0.195989668 -0.126685083 0.972387850 114.655471802
0.921385288 0.314663857 0.228112936 54.065910339 -0.336186588 0.939780533 0.061559021 -18.728885651 -0.195005745 -0.133407995 0.971686304 115.402168274
0.921466470 0.315084338 0.227202743 54.244258881 -0.337658495 0.938848078 0.067449287 -18.676952362 -0.192056686 -0.138869107 0.971508503 116.189125061
0.920818090 0.318270743 0.225383148 54.394512177 -0.340609938 0.937792122 0.067298636 -18.629129410 -0.189943403 -0.138737455 0.971942663 116.908737183
0.919914663 0.323352069 0.221811533 54.551158905 -0.344548255 0.936613262 0.063563436 -18.581066132 -0.187198326 -0.134897649 0.973015189 117.658607483
0.920841098 0.324234039 0.216619074 54.711059570 -0.343962491 0.937092900 0.059539188 -18.526201248 -0.183687642 -0.129334897 0.974438548 118.432510376
0.922255337 0.323239535 0.212040395 54.881797791 -0.342057705 0.937884927 0.058022082 -18.476976395 -0.180114552 -0.126041144 0.975536525 119.228126526
0.923607826 0.321387142 0.208946601 55.033969879 -0.340211093 0.938403070 0.060450487 -18.435142517 -0.176648214 -0.126918420 0.976056457 119.970153809
0.925160587 0.318314016 0.206769988 55.158187866 -0.337321639 0.939254522 0.063349389 -18.388925552 -0.174044743 -0.128356278 0.976336122 120.686515808
0.925714612 0.317267865 0.205896184 55.314990997 -0.336721390 0.939243853 0.066615954 -18.353349686 -0.172251716 -0.130996943 0.976303339 121.454498291
0.925169408 0.318207085 0.206894830 55.435253143 -0.338184386 0.938565850 0.068728015 -18.294712067 -0.172314778 -0.133553594 0.975945771 122.252616882
0.925987899 0.315423936 0.207493976 55.592155457 -0.335626811 0.939407468 0.069759719 -18.243486404 -0.172917590 -0.134237140 0.975745320 123.054603577
0.925650716 0.316394508 0.207520664 55.742832184 -0.336922377 0.938812852 0.071497396 -18.201761246 -0.172201768 -0.136099920 0.975613892 123.836975098
0.923584461 0.322242677 0.207728192 55.886840820 -0.342525721 0.936935604 0.069469392 -18.150110245 -0.172242016 -0.135313049 0.975716233 124.634353638
0.921729743 0.327784836 0.207294628 56.047073364 -0.347498536 0.935344994 0.066127017 -18.094270706 -0.172216639 -0.132985771 0.976040602 125.465042114
0.917068839 0.339428633 0.209219053 56.155181885 -0.359175712 0.931084454 0.063818328 -18.026197433 -0.173138931 -0.133672148 0.975783646 126.330078125
0.914073884 0.345404208 0.212519363 56.315479279 -0.365657687 0.928577065 0.063540585 -17.977979660 -0.175393492 -0.135790065 0.975088298 127.190505981
0.912098825 0.348327577 0.216201797 56.477443695 -0.369332135 0.927054286 0.064517051 -17.935279846 -0.177957803 -0.138696119 0.974214256 128.036849976
0.911499262 0.348683476 0.218148023 56.672637939 -0.369629294 0.927064717 0.062638953 -17.887237549 -0.180396229 -0.137729183 0.973902941 128.923461914
0.911697447 0.347605884 0.219037756 56.865455627 -0.368013054 0.927935064 0.059171446 -17.841297150 -0.182684556 -0.134555131 0.973920047 129.824462891
0.913519084 0.341734082 0.220681652 57.063796997 -0.362419277 0.930082500 0.059977639 -17.800216675 -0.184755802 -0.134769917 0.973499537 130.673843384
0.915846646 0.335620493 0.220416382 57.253162384 -0.355927289 0.932663083 0.058770180 -17.778841019 -0.185849801 -0.132276580 0.973633230 131.453598022
0.915605247 0.335387021 0.221770331 57.436058044 -0.355735540 0.932782352 0.058033682 -17.736665726 -0.187399760 -0.132027447 0.973369896 132.285720825
0.913429499 0.338716120 0.225649178 57.564464569 -0.359990299 0.931044757 0.059675813 -17.669284821 -0.189876378 -0.135741070 0.972378612 133.165390015
0.911942244 0.340437204 0.229048952 57.734519958 -0.363151342 0.929506063 0.064329192 -17.621612549 -0.191002399 -0.141843855 0.971286356 134.000167847
0.910039067 0.343993336 0.231294289 57.896881104 -0.367892921 0.927357376 0.068277106 -17.591562271 -0.191005647 -0.147226274 0.970484436 134.783401489
0.910544872 0.343297452 0.230335489 58.073211670 -0.365804911 0.928621173 0.062033016 -17.561904907 -0.192598701 -0.140741602 0.971131504 135.549957275
