1.000000000 0.000000000 0.000000000 0.000000000 0.000000000 1.000000000 0.000000000 0.000000000 0.000000000 0.000000000 1.000000000 0.000000000
0.999997318 0.001413473 0.001819289 -0.013020331 -0.001404784 0.999987662 -0.004768698 0.000251792 -0.001826007 0.004766129 0.999986947 0.960565090
0.999995768 -0.000678217 0.002834768 -0.015716389 0.000693909 0.999984384 -0.005538393 -0.000401460 -0.002830967 0.005540336 0.999980569 1.922383308
0.999992609 -0.002442057 0.002966575 -0.019429434 0.002446734 0.999995708 -0.001574063 -0.000253014 -0.002962718 0.001581309 0.999994278 2.860620737
0.999985039 -0.004922790 0.002372842 -0.017813435 0.004912213 0.999978006 0.004442828 -0.003458564 -0.002394661 -0.004431105 0.999987185 3.813933849
0.999961972 -0.008711178 0.000235863 0.001179386 0.008710141 0.999953687 0.004084466 0.008199097 -0.000271433 -0.004082256 0.999991536 4.745782852
0.999938786 -0.011045597 -0.000621801 -0.003545504 0.011046344 0.999938250 0.001214236 0.011312711 0.000608350 -0.001221030 0.999998987 5.658275127
0.999930859 -0.011665083 -0.001474895 -0.008227238 0.011661733 0.999929488 -0.002259779 0.011698496 0.001501151 0.002242423 0.999996305 6.584831238
0.999932408 -0.011373279 -0.002390246 -0.013970686 0.011366208 0.999931037 -0.002951024 0.012065438 0.002423644 0.002923657 0.999992728 7.504719734
0.999938965 -0.010603776 -0.003075430 -0.031299837 0.010600646 0.999943256 -0.001032276 0.010031726 0.003086200 0.000999611 0.999994695 8.420472145
0.999942541 -0.010103875 -0.003556876 -0.041610312 0.010110438 0.999947190 0.001832179 0.008951937 0.003538176 -0.001868036 0.999991953 9.340313911
0.999939620 -0.010076506 -0.004370761 -0.050826829 0.010091101 0.999943554 0.003330159 0.009732641 0.004336956 -0.003374063 0.999984860 10.251253128
0.999920189 -0.011573286 -0.005048692 -0.056999657 0.011594946 0.999923587 0.004282286 0.007497149 0.004998744 -0.004340484 0.999978065 11.147379875
0.999920249 -0.011216432 -0.005778082 -0.065809175 0.011240594 0.999928176 0.004166324 0.010138507 0.005730934 -0.004230941 0.999974608 12.053394318
0.999910891 -0.011663278 -0.006475343 -0.075733274 0.011681604 0.999927878 0.002799723 0.010454960 0.006442221 -0.002875117 0.999975085 12.969603539
0.999895811 -0.012016581 -0.007979504 -0.085192911 0.012023050 0.999927461 0.000763293 0.013855249 0.007969752 -0.000859152 0.999967813 13.873428345
0.999863803 -0.013550458 -0.009404104 -0.099164605 0.013546493 0.999908209 -0.000485082 0.012190139 0.009409813 0.000357623 0.999955595 14.773350716
0.999853253 -0.013031437 -0.011103080 -0.112938292 0.013018495 0.999914587 -0.001237036 0.014007756 0.011118251 0.001092309 0.999937534 15.682271957
0.999851763 -0.011757642 -0.012563586 -0.133140311 0.011731612 0.999929011 -0.002143407 0.013845947 0.012587896 0.001995697 0.999918699 16.588151932
0.999850571 -0.010128735 -0.013994629 -0.157241732 0.010096195 0.999946296 -0.002393688 0.015855508 0.014018122 0.002252038 0.999899089 17.473749161
0.999822199 -0.010591839 -0.015589099 -0.173277751 0.010569787 0.999943137 -0.001496215 0.012777526 0.015604059 0.001331176 0.999877274 18.369318008
0.999809146 -0.009948101 -0.016804710 -0.198615536 0.009944883 0.999950647 -0.000274869 0.013865943 0.016806614 0.000107696 0.999858677 19.244943619
0.999789476 -0.009560726 -0.018147774 -0.221095964 0.009568446 0.999954343 0.000338776 0.013995689 0.018143704 -0.000512351 0.999835193 20.132266998
0.999750137 -0.010516128 -0.019720027 -0.240818024 0.010517977 0.999944925 -0.000009827 0.015468874 0.019719042 -0.000197590 0.999805450 21.005161285
0.999725103 -0.009954082 -0.021225139 -0.263206065 0.009941405 0.999950588 -0.000702634 0.021087240 0.021231081 0.000491433 0.999774396 21.874019623
0.999700546 -0.009937565 -0.022358907 -0.285998344 0.009940654 0.999950826 0.000027039 0.017327618 0.022357535 -0.000249293 0.999749959 22.734909058
0.999676347 -0.009830751 -0.023461491 -0.309390664 0.009876800 0.999949753 0.001847629 0.021817446 0.023442144 -0.002078755 0.999722958 23.584375381
0.999642134 -0.011054308 -0.024358703 -0.331249118 0.011169228 0.999927342 0.004586798 0.023775825 0.024306225 -0.004857223 0.999692678 24.432811737
0.999629974 -0.010820440 -0.024956323 -0.356157124 0.010978923 0.999920607 0.006222153 0.024902366 0.024887010 -0.006493842 0.999669135 25.266229630
0.999612808 -0.010393424 -0.025811126 -0.378712595 0.010527966 0.999931931 0.005082146 0.027735185 0.025756545 -0.005351915 0.999653876 26.093139648
0.999596417 -0.009164632 -0.026888695 -0.403186262 0.009230398 0.999954939 0.002322747 0.030129453 0.026866194 -0.002570002 0.999635696 26.918308258
0.999581814 -0.008789535 -0.027549814 -0.431149036 0.008807176 0.999961317 0.000519058 0.034214392 0.027544186 -0.000761476 0.999620259 27.709297180
0.999570787 -0.007625066 -0.028286781 -0.463008523 0.007631912 0.999971092 0.000134090 0.034577370 0.028284941 -0.000349914 0.999599814 28.499362946
0.999531150 -0.007796064 -0.029609373 -0.488329053 0.007786810 0.999969780 -0.000427831 0.032736052 0.029611813 0.000197068 0.999561429 29.279350281
0.999468863 -0.007477262 -0.031717308 -0.516144276 0.007441671 0.999971747 -0.001240007 0.031117463 0.031725682 0.001003318 0.999496102 30.054109573
0.999398172 -0.007516509 -0.033863179 -0.540703475 0.007473642 0.999971330 -0.001392243 0.031479675 0.033872671 0.001138324 0.999425471 30.824651718
0.999335647 -0.007377799 -0.035688773 -0.574097097 0.007368330 0.999972999 -0.000396801 0.033385452 0.035690736 0.000133571 0.999362826 31.572877884
0.999252141 -0.007838044 -0.037861619 -0.603485584 0.007916682 0.999967098 0.001927541 0.032139830 0.037845261 -0.002225838 0.999281108 32.312877655
0.999172688 -0.007040682 -0.040052969 -0.633892059 0.007185256 0.999968469 0.003466761 0.029484456 0.040027291 -0.003751682 0.999191523 33.050678253
0.999099731 -0.005487068 -0.042065691 -0.669115961 0.005644659 0.999977827 0.003628474 0.031480223 0.042044841 -0.003862652 0.999108255 33.773838043
0.999022782 -0.002883091 -0.044103324 -0.706777692 0.003006726 0.999992073 0.002737276 0.034410071 0.044095077 -0.002867206 0.999023199 34.485240936
0.998950541 -0.001409805 -0.045779221 -0.747169614 0.001497355 0.999997437 0.001878291 0.039677333 0.045776449 -0.001944867 0.998949766 35.203105927
0.998877227 -0.000902037 -0.047364272 -0.782455444 0.001043692 0.999995410 0.002966194 0.042848136 0.047361366 -0.003012297 0.998873234 35.908054352
0.998816669 0.000701338 -0.048627853 -0.817226708 -0.000475545 0.999989450 0.004654794 0.048448503 0.048630588 -0.004626160 0.998806119 36.599140167
0.998811662 0.003812941 -0.048587225 -0.859419703 -0.003568543 0.999980927 0.005115966 0.050310712 0.048605796 -0.004936500 0.998805821 37.276481628
0.998844445 0.007228355 -0.047513153 -0.898065388 -0.007085887 0.999970317 0.003166429 0.047279920 0.047534622 -0.002826096 0.998865545 37.937072754
0.998920858 0.009071402 -0.045549475 -0.938079238 -0.009081847 0.999959171 -0.000022152 0.048785273 0.045547407 0.000435801 0.998961985 38.586238861
0.999014854 0.010144072 -0.043202396 -0.972956181 -0.010240057 0.999945998 -0.002000809 0.052994255 0.043179762 0.002441230 0.999064267 39.217960358
0.999142110 0.011504871 -0.039784733 -1.003875852 -0.011562894 0.999932826 -0.001228359 0.053585090 0.039767928 0.001687330 0.999207437 39.856048584
0.999197483 0.016356587 -0.036564447 -1.035795569 -0.016312288 0.999866307 0.001509920 0.050719600 0.036584254 -0.000912259 0.999330044 40.475372314
0.999244511 0.021054745 -0.032668304 -1.066645741 -0.020905927 0.999769986 0.004890808 0.049705345 0.032763764 -0.004204150 0.999454200 41.089828491
0.999256909 0.026114095 -0.028349267 -1.091127992 -0.025955403 0.999645889 0.005951935 0.048273120 0.028494664 -0.005211693 0.999580264 41.690933228
0.999285042 0.029982757 -0.023031024 -1.110212088 -0.029851802 0.999536753 0.006009710 0.054165177 0.023200553 -0.005317893 0.999716640 42.277515411
0.999273002 0.034084339 -0.017078608 -1.127499700 -0.033953890 0.999392867 0.007871850 0.058383550 0.017336559 -0.007286239 0.999823153 42.843063354
0.999190748 0.038810398 -0.010558885 -1.138842702 -0.038715385 0.999209702 0.009060767 0.058238801 0.010902205 -0.008644639 0.999903202 43.395374298
0.999104381 0.042169653 -0.003468409 -1.145708203 -0.042138353 0.999074757 0.008655605 0.060202274 0.003830221 -0.008501695 0.999956548 43.930709839
0.998948038 0.045693081 0.003850297 -1.148179054 -0.045724832 0.998917520 0.008599442 0.061607040 -0.003453175 -0.008766444 0.999955654 44.439765930
0.998665631 0.050375033 0.011365628 -1.147921205 -0.050467532 0.998694062 0.008001857 0.067895144 -0.010947670 -0.008564768 0.999903440 44.925251007
0.998311996 0.054884151 0.018991485 -1.145163417 -0.054993019 0.998473346 0.005256989 0.068861194 -0.018673941 -0.006292510 0.999805868 45.386638641
0.998031378 0.056688800 0.026823923 -1.133380651 -0.056764256 0.998385906 0.002058416 0.070200294 -0.026663912 -0.003577000 0.999638081 45.828426361
0.997752845 0.057343230 0.034652662 -1.118787289 -0.057439413 0.998347819 0.001784981 0.069871247 -0.034493022 -0.003771395 0.999397874 46.248874664
0.997475386 0.056797694 0.042621013 -1.097486258 -0.056980342 0.998370945 0.003081244 0.070594817 -0.042376544 -0.005502021 0.999086559 46.653549194
0.997009814 0.058446199 0.050548039 -1.076757312 -0.058708280 0.998268664 0.003713944 0.071131930 -0.050243430 -0.006670423 0.998714685 47.025093079
0.996349633 0.061452139 0.059251193 -1.055326462 -0.061786138 0.998082519 0.003819263 0.070551179 -0.058902849 -0.007466219 0.998235822 47.380302429
0.995492101 0.066171646 0.067944601 -1.031920075 -0.066539623 0.997779191 0.003164094 0.069349580 -0.067584306 -0.007670835 0.997684121 47.704738617
0.994590878 0.069871627 0.076854751 -1.008596420 -0.070324294 0.997519493 0.003195569 0.066541970 -0.076440804 -0.008583035 0.997037292 48.001319885
0.993852973 0.069280885 0.086348496 -0.981343329 -0.069871932 0.997549057 0.003837323 0.063801631 -0.085870974 -0.009847066 0.996257663 48.280681610
0.992926240 0.067960002 0.097357854 -0.961870193 -0.068495914 0.997649431 0.002168617 0.057308588 -0.096981600 -0.008821887 0.995247126 48.534069061
0.991806686 0.066521302 0.109059617 -0.922902405 -0.066665486 0.997773111 -0.002327925 0.055192962 -0.108971566 -0.004961658 0.994032502 48.794502258
0.990179002 0.067706324 0.122315407 -0.881269813 -0.067427292 0.997703969 -0.006424138 0.052502051 -0.122469462 -0.001886347 0.992470562 49.052181244
0.988019288 0.069662809 0.137712002 -0.839021444 -0.069156386 0.997570336 -0.008464834 0.045164295 -0.137967035 -0.001160241 0.990436196 49.298961639
0.985509813 0.071323104 0.153892964 -0.792294383 -0.070668414 0.997452855 -0.009727611 0.038932908 -0.154194713 -0.001288712 0.988039732 49.543064117
0.982697845 0.071851566 0.170710340 -0.737311423 -0.071024604 0.997414827 -0.010954745 0.033054382 -0.171056092 -0.001359428 0.985260427 49.785865784
0.979435802 0.071143843 0.188795209 -0.681456864 -0.070136935 0.997465432 -0.012017682 0.025563335 -0.189171642 -0.001470966 0.981943011 50.014636993
0.975591063 0.070257612 0.208052009 -0.616246819 -0.069201007 0.997526586 -0.012361982 0.018666377 -0.208405882 -0.002337168 0.978039682 50.244331360
0.971079111 0.070486471 0.228115618 -0.547131658 -0.069180392 0.997510135 -0.013726970 0.013017043 -0.228515163 -0.002451152 0.973537326 50.473529816
0.965725720 0.072531410 0.249224395 -0.473243892 -0.070759967 0.997364342 -0.016071888 0.009304005 -0.249733180 -0.002114075 0.968312442 50.712055206
0.959498048 0.073876195 0.271855831 -0.388648212 -0.071578160 0.997266233 -0.018374106 0.005712593 -0.272469968 -0.001829022 0.962162614 50.954540253
0.952169955 0.074991018 0.296223640 -0.298068672 -0.072409861 0.997180998 -0.019691573 -0.000632882 -0.296865225 -0.002699788 0.954915702 51.190685272
0.943626702 0.077705234 0.321761340 -0.198213771 -0.075018570 0.996966422 -0.020760661 -0.007405877 -0.322398454 -0.004547764 0.946593285 51.434619904
0.933684289 0.079950698 0.349057734 -0.093274385 -0.077099420 0.996779323 -0.022078501 -0.014397319 -0.349698693 -0.006297802 0.936841190 51.673538208
0.922474742 0.080656432 0.377537817 0.020486534 -0.077495895 0.996714115 -0.023582775 -0.025806604 -0.378199339 -0.007503118 0.925693929 51.899833679
0.909822524 0.078878470 0.407432199 0.154733986 -0.074786991 0.996861219 -0.025987118 -0.033630468 -0.408203185 -0.006826965 0.912865698 52.130985260
0.894927263 0.076370120 0.439627767 0.294773787 -0.070870206 0.997066021 -0.028938951 -0.045154408 -0.440547973 -0.005258253 0.897713840 52.347572327
0.877590775 0.075978987 0.473351270 0.446556956 -0.068234339 0.997105658 -0.033542208 -0.053650789 -0.474529743 -0.002862476 0.880234957 52.565921783
0.858114302 0.077973165 0.507503450 0.606627703 -0.067579910 0.996955395 -0.038905118 -0.065673113 -0.508991897 -0.000911996 0.860770941 52.777530670
0.836291194 0.079998426 0.542417645 0.780016899 -0.067061245 0.996795356 -0.043618280 -0.077462435 -0.544168830 0.000102381 0.838975787 52.994075775
0.811577618 0.083155833 0.578296185 0.960168898 -0.068283617 0.996536374 -0.047467653 -0.091356866 -0.580240488 -0.000964467 0.814444721 53.210418701
0.784203887 0.087034911 0.614368618 1.168083549 -0.070930377 0.996197879 -0.050588727 -0.107653052 -0.616435826 -0.003905516 0.787395537 53.437458038
0.754475832 0.090933464 0.649997652 1.397438049 -0.073959403 0.995827198 -0.053467032 -0.126811847 -0.652147412 -0.007733844 0.758052826 53.664192200
0.721468329 0.092308462 0.686266899 1.644095898 -0.073781997 0.995680749 -0.056360565 -0.144402221 -0.688505411 -0.009971766 0.725162745 53.885772705
0.685092032 0.089961089 0.722880006 1.926113725 -0.070000932 0.995883107 -0.057594143 -0.166542724 -0.725085318 -0.011144975 0.688568890 54.105655670
0.645910621 0.088900343 0.758218825 2.235071182 -0.067122214 0.995963454 -0.059595659 -0.186880395 -0.760456443 -0.012399842 0.649270594 54.327377319
0.603447497 0.088753417 0.792447805 2.567520618 -0.064916857 0.995955884 -0.062112082 -0.204436049 -0.794755876 -0.013961822 0.606768727 54.546409607
0.557756782 0.088513553 0.825271010 2.926448584 -0.060761593 0.995984018 -0.065757677 -0.223608851 -0.827777326 -0.013467968 0.560895145 54.748062134
0.509813130 0.087408423 0.855832875 3.304941893 -0.057259582 0.996066630 -0.067621782 -0.250301510 -0.858377397 -0.014530140 0.512812912 54.935577393
0.461409956 0.085492045 0.883058071 3.706734419 -0.055160824 0.996185064 -0.067621998 -0.278692722 -0.885470510 -0.017508728 0.464365631 55.110862732
0.411897749 0.083232865 0.907420576 4.137783527 -0.054329548 0.996291339 -0.066723160 -0.305181503 -0.909608960 -0.021816613 0.414892286 55.277721405
0.361771554 0.082788877 0.928583324 4.575518131 -0.056905132 0.996152878 -0.066643164 -0.330367804 -0.930528402 -0.028731536 0.365090996 55.429046631
0.312677085 0.083119042 0.946215570 5.033078671 -0.054095980 0.996105373 -0.069625527 -0.354308218 -0.948317766 -0.029416131 0.315955848 55.556442261
0.265830576 0.079953358 0.960698247 5.518974781 -0.042622782 0.996555030 -0.071143553 -0.389278710 -0.963077009 -0.022035478 0.268322766 55.652210236
0.221906722 0.074496008 0.972217679 6.021436691 -0.029329337 0.997135997 -0.069711007 -0.420771986 -0.974626660 -0.013045134 0.223456219 55.726669312
0.179671869 0.073702514 0.980961442 6.526024342 -0.019987058 0.997257113 -0.071266040 -0.450708926 -0.983523488 -0.006802006 0.180652261 55.788085938
0.141265228 0.075513721 0.987087190 7.049928188 -0.016107643 0.997129917 -0.073976770 -0.474100918 -0.989840627 -0.005449278 0.142076224 55.842117310
0.108535171 0.076312952 0.991158783 7.606425285 -0.007019441 0.997083068 -0.076000422 -0.515866816 -0.994067788 0.001291365 0.108754344 55.885887146
0.079691768 0.074614890 0.994022667 8.164257050 0.000151852 0.997193694 -0.074865080 -0.562160313 -0.996819496 0.006117103 0.079456873 55.908336639
0.054860428 0.072863825 0.995831490 8.732077599 0.007315876 0.997277796 -0.073372662 -0.601668715 -0.998467147 0.011310667 0.054178096 55.922473907
0.034872584 0.072016411 0.996793151 9.308720589 0.012026876 0.997297883 -0.072473608 -0.636325359 -0.999319315 0.014515683 0.033912290 55.930385590
0.019112227 0.073849984 0.997085750 9.892007828 0.014792265 0.997138441 -0.074137390 -0.672846377 -0.999707818 0.016166121 0.017965188 55.931518555
0.005776112 0.073542714 0.997274876 10.486565590 0.015521973 0.997165322 -0.073624499 -0.713345826 -0.999862671 0.015904969 0.004618269 55.927574158
-0.005763321 0.074473739 0.997205853 11.087835312 0.016512275 0.997094154 -0.074369915 -0.753988206 -0.999846876 0.016037552 -0.006976246 55.921813965
-0.014853661 0.077317052 0.996895432 11.710890770 0.021223247 0.996805847 -0.076993823 -0.798245847 -0.999664187 0.020013751 -0.016447078 55.909763336
-0.021275580 0.079204030 0.996630907 12.332122803 0.025537673 0.996574938 -0.078654364 -0.838395059 -0.999447227 0.023778252 -0.023225341 55.890762329
-0.025859542 0.078667708 0.996564984 12.979204178 0.025841383 0.996618509 -0.078001320 -0.879530072 -0.999331295 0.023735574 -0.027804922 55.871948242
-0.029606543 0.075849041 0.996679246 13.631449699 0.023351878 0.996897340 -0.075171910 -0.921914160 -0.999288559 0.021048786 -0.031285845 55.861057281
-0.032185599 0.069169171 0.997085154 14.297590256 0.021191573 0.997425675 -0.068508670 -0.963079810 -0.999256909 0.018924845 -0.033568487 55.848854065
-0.033507422 0.063505359 0.997418344 14.975700378 0.022182379 0.997780919 -0.062783174 -1.002332449 -0.999191940 0.020021446 -0.034841705 55.828987122
-0.033913467 0.060941171 0.997564554 15.663622856 0.024758713 0.997884393 -0.060118940 -1.045827270 -0.999117732 0.022659607 -0.035350483 55.799476624
-0.033537101 0.063091807 0.997443616 16.350870132 0.027962228 0.997674346 -0.062166162 -1.090216160 -0.999045908 0.025805905 -0.035223227 55.768512726
-0.032839861 0.070572615 0.996965468 17.052814484 0.028740659 0.997158468 -0.069639504 -1.131641746 -0.999046981 0.026366526 -0.034774780 55.750854492
-0.030593779 0.078579776 0.996437788 17.769300461 0.029486747 0.996542394 -0.077682614 -1.172561049 -0.999096513 0.027005140 -0.032804988 55.728309631
-0.028605733 0.079401225 0.996431708 18.481115341 0.030069623 0.996457756 -0.078539982 -1.213999987 -0.999138057 0.027715668 -0.030891899 55.712406158
-0.026386429 0.075231388 0.996816456 19.218559265 0.029292937 0.996794462 -0.074454255 -1.259783745 -0.999222219 0.027235132 -0.028505523 55.696666718
-0.023890885 0.068716429 0.997349620 19.952856064 0.028799592 0.997268498 -0.068020895 -1.313654065 -0.999299347 0.027098214 -0.025804559 55.682193756
-0.020974457 0.067446448 0.997501910 20.696945190 0.026953317 0.997397721 -0.066872597 -1.358241081 -0.999416292 0.025483401 -0.022737710 55.677272797
-0.017346783 0.072817124 0.997193933 21.419698715 0.034905743 0.996780932 -0.072179705 -1.406757593 -0.999239683 0.033555742 -0.019832607 55.657115936
-0.014140121 0.078592792 0.996806026 22.150018692 0.036364082 0.996287405 -0.078036010 -1.453113794 -0.999238193 0.035144530 -0.016945507 55.645877838
-0.011907353 0.079393931 0.996771693 22.880685806 0.030128689 0.996419072 -0.079005875 -1.500607252 -0.999474704 0.029090708 -0.014256678 55.652709961
-0.008831750 0.075857341 0.997079074 23.608564377 0.025571639 0.996809781 -0.075610310 -1.553001523 -0.999633551 0.024829211 -0.010743302 55.660736084
-0.003924890 0.071994163 0.997396886 24.339399338 0.029716089 0.996973276 -0.071846604 -1.612677336 -0.999550223 0.029356780 -0.006052329 55.653072357
-0.000461352 0.072946601 0.997335315 25.085731506 0.034290891 0.996750832 -0.072887935 -1.667762518 -0.999411345 0.034165919 -0.002961191 55.647430420
0.002132701 0.077893153 0.996959031 25.823553085 0.033860113 0.996384799 -0.077920668 -1.714914680 -0.999423862 0.033923358 -0.000512415 55.650981903
0.006078701 0.078745015 0.996875823 26.550357819 0.030079868 0.996429563 -0.078893133 -1.764071226 -0.999528527 0.030465493 0.003688422 55.663566589
0.009555575 0.078340545 0.996880412 27.296915054 0.029045576 0.996484399 -0.078587778 -1.819790959 -0.999531925 0.029705949 0.007246596 55.680713654
0.013207712 0.075199865 0.997080624 28.041637421 0.033005431 0.996592224 -0.075600185 -1.876001120 -0.999367356 0.033907611 0.010680759 55.688224792
0.017037909 0.075625345 0.996990323 28.782163620 0.037644353 0.996380389 -0.076222345 -1.931903124 -0.999145389 0.038829751 0.014129430 55.693435669
0.020539369 0.076552659 0.996853530 29.534109116 0.040305585 0.996190727 -0.077332176 -1.988992810 -0.998975754 0.041767143 0.017375685 55.715412140
0.023245851 0.076777406 0.996776819 30.279853821 0.040653560 0.996149778 -0.077677146 -2.038187981 -0.998902321 0.042328224 0.020035129 55.734851837
0.026606165 0.075342841 0.996802211 31.037525177 0.041623555 0.996207833 -0.076408871 -2.093327284 -0.998778522 0.043523427 0.023369286 55.760829926
0.030369690 0.074392334 0.996766031 31.805582047 0.043642905 0.996177197 -0.075678073 -2.150709629 -0.998584986 0.045800108 0.027006947 55.782043457
0.033324555 0.074841760 0.996637940 32.545906067 0.042068031 0.996203959 -0.076215759 -2.203757048 -0.998558342 0.044466481 0.030049656 55.809425354
0.036392443 0.076465376 0.996407390 33.284137726 0.039367553 0.996185064 -0.077886134 -2.259243011 -0.998561382 0.042060610 0.033243407 55.844898224
0.039097872 0.076471440 0.996304393 34.035480499 0.041009497 0.996104777 -0.078065425 -2.313010216 -0.998393059 0.043910153 0.035809569 55.874317169
0.041679822 0.076465577 0.996200144 34.790935516 0.038570285 0.996201098 -0.078079358 -2.363947153 -0.998385787 0.041678075 0.038572229 55.910987854
0.043803204 0.076882623 0.996076941 35.550338745 0.036727659 0.996236920 -0.078510068 -2.416659594 -0.998364329 0.040022589 0.040814690 55.952369690
0.046529677 0.077111989 0.995935559 36.303817749 0.033666827 0.996328831 -0.078715317 -2.470395088 -0.998348832 0.037192609 0.043762784 55.994419098
0.049743131 0.079025127 0.995630205 37.061950684 0.032092642 0.996223986 -0.080675624 -2.526913404 -0.998245776 0.035965484 0.047019217 56.036613464
0.053123545 0.082649685 0.995161176 37.816272736 0.030957051 0.995953977 -0.084368050 -2.586104870 -0.998107433 0.035289209 0.050350059 56.079792023
0.056390572 0.084746934 0.994804978 38.568042755 0.030870395 0.995766938 -0.086578757 -2.647625923 -0.997930884 0.035592273 0.053535741 56.131942749
0.059146427 0.087141499 0.994438052 39.341804504 0.024647571 0.995751679 -0.088722579 -2.707115650 -0.997944415 0.029758131 0.056747373 56.187114716
0.061745420 0.086412929 0.994343638 40.117275238 0.020847809 0.995916307 -0.087844178 -2.769356728 -0.997873604 0.026153885 0.059691798 56.244655609
0.065492757 0.087020054 0.994050920 40.892215729 0.022689587 0.995802999 -0.088668324 -2.834902048 -0.997594476 0.028361760 0.063243479 56.301780701
0.069273539 0.088277362 0.993683755 41.677909851 0.021273937 0.995720029 -0.089941353 -2.900294542 -0.997370243 0.027370140 0.067099094 56.355537415
0.072656885 0.089577384 0.993325710 42.453189850 0.016676240 0.995710373 -0.091012210 -2.960243225 -0.997216940 0.023177622 0.070851453 56.426338196
0.076698326 0.087831788 0.993177772 43.246753693 0.015081109 0.995896459 -0.089236856 -3.023644209 -0.996939600 0.021822562 0.075059049 56.485763550
0.081538290 0.087635115 0.992809474 44.040779114 0.015199022 0.995901883 -0.089156352 -3.094457388 -0.996553600 0.022359412 0.079872213 56.552421570
0.086680628 0.091277465 0.992045343 44.832752228 0.011661406 0.995632887 -0.092626475 -3.162326336 -0.996167183 0.019597586 0.085237697 56.629802704
0.092691734 0.099832796 0.990676880 45.617298126 0.009961042 0.994818330 -0.101182126 -3.231675386 -0.995644271 0.019246945 0.091217034 56.713256836
0.099828154 0.104482070 0.989503384 46.398334503 0.008459596 0.994346738 -0.105846949 -3.302053452 -0.994967997 0.018937331 0.098379955 56.804641724
0.107179247 0.107362725 0.988425493 47.192123413 0.004416646 0.994091630 -0.108457103 -3.378373146 -0.994229198 0.015989903 0.106071830 56.900226593
0.114310533 0.105806604 0.987794042 48.012313843 0.000511060 0.994306147 -0.106563270 -3.458842516 -0.993444204 0.012686156 0.113605596 56.998249054
0.121948808 0.104530863 0.987016082 48.819503784 0.000518495 0.994432211 -0.105380319 -3.529889822 -0.992535532 0.013362796 0.121215627 57.102642059
0.128991231 0.101315506 0.986455977 49.634708405 0.000127296 0.994765639 -0.102185600 -3.603987455 -0.991645038 0.013306648 0.128303140 57.228118896
0.136483803 0.095885664 0.985990345 50.440990448 -0.001664732 0.995325744 -0.096563071 -3.679508924 -0.990640223 0.011537914 0.136005446 57.352790833
0.143516004 0.088689566 0.985665321 51.254760742 -0.004152027 0.996021688 -0.089016870 -3.749228001 -0.989638567 0.008682866 0.143313274 57.485198975
0.151303738 0.085800573 0.984755933 52.067501068 -0.004313668 0.996273756 -0.086141333 -3.830564022 -0.988477170 0.008785623 0.151110038 57.610633850
0.158899873 0.087702096 0.983391047 52.848854065 -0.005278678 0.996108055 -0.087983303 -3.905506134 -0.987279832 0.008789560 0.158744395 57.725093842
0.164849341 0.094217643 0.981807768 53.632034302 -0.004796127 0.995491982 -0.094725542 -3.975116730 -0.986306310 0.010906599 0.164558083 57.863105774
0.170007989 0.097762212 0.980580747 54.406429291 -0.006137129 0.995152712 -0.098150991 -4.043039322 -0.985422790 0.010668533 0.169783905 58.001728058
0.174900711 0.100654416 0.979426980 55.174793243 -0.007934454 0.994872630 -0.100824863 -4.123664379 -0.984553337 0.009863153 0.174802586 58.147880554
0.179970041 0.100368381 0.978537500 55.942733765 -0.010362528 0.994919121 -0.100142799 -4.196179390 -0.983616769 0.007882612 0.180095732 58.306243896
0.185305074 0.097265176 0.977854848 56.696983337 -0.006087263 0.995184004 -0.097835325 -4.267737389 -0.982661486 0.012176953 0.185004741 58.454334259
0.190081820 0.090455383 0.977591574 57.457859039 -0.004725842 0.995819271 -0.091223076 -4.336145401 -0.981756151 0.012719935 0.189714655 58.601676941
0.193411469 0.084332056 0.977485895 58.200447083 -0.006498254 0.996387303 -0.084676974 -4.405192375 -0.981095493 0.010025577 0.193260789 58.756557465
0.196275711 0.081131227 0.977185845 58.948871613 -0.010164863 0.996685922 -0.080708526 -4.471219540 -0.980495274 0.005908193 0.196449980 58.925952911
0.199466154 0.081272088 0.976527870 59.672027588 -0.011473439 0.996680021 -0.080605686 -4.526952267 -0.979836762 0.004874005 0.199736476 59.082435608
0.201524973 0.083247393 0.975938618 60.375160217 -0.013365269 0.996522605 -0.082243361 -4.587085724 -0.979391396 0.003530441 0.201936871 59.234127045
0.202972069 0.087676898 0.975250602 61.070049286 -0.017138803 0.996148705 -0.085988693 -4.644285679 -0.979033768 0.000738707 0.203693077 59.392253876
0.204939410 0.091890067 0.974450946 61.755115509 -0.018363163 0.995769024 -0.090038329 -4.703177452 -0.978601635 0.000558432 0.205759734 59.544948578
0.207258090 0.097151943 0.973449588 62.433212280 -0.018802164 0.995268524 -0.095326312 -4.765308380 -0.978104830 0.001454221 0.208104134 59.692337036
0.208834291 0.099439807 0.972881556 63.099620819 -0.017895384 0.995038986 -0.097863212 -4.820867538 -0.977786481 0.003027137 0.209577814 59.841522217
0.210354507 0.099376909 0.972560406 63.772483826 -0.020131299 0.995049477 -0.097320661 -4.883974552 -0.977417052 0.000892970 0.211313769 59.994415283
0.210882172 0.096443072 0.972741485 64.430603027 -0.019746451 0.995338261 -0.094402567 -4.942878246 -0.977311134 0.000699662 0.211803541 60.141216278
0.211547717 0.093816318 0.972853899 65.073593140 -0.019846562 0.995589495 -0.091693163 -5.009288788 -0.977165222 0.000089707 0.212476656 60.284343719
0.211576387 0.092500597 0.972973645 65.717254639 -0.018582795 0.995712042 -0.090621449 -5.066632748 -0.977183878 0.001092824 0.212388113 60.423252106
0.210014403 0.091726623 0.973385274 66.336746216 -0.019194426 0.995784223 -0.089696065 -5.128932476 -0.977509022 0.000153931 0.210889697 60.559867859
0.208249420 0.092486516 0.973692536 66.948814392 -0.020519292 0.995713234 -0.090189584 -5.187990189 -0.977859676 -0.001197517 0.209254488 60.700344086
0.206212759 0.095290862 0.973855615 67.548561096 -0.021103451 0.995448470 -0.092935093 -5.245439053 -0.978278816 -0.001387277 0.207285181 60.827873230
0.204235852 0.099112868 0.973890722 68.146255493 -0.019134231 0.995075405 -0.097256184 -5.302444458 -0.978733897 0.001228586 0.205126539 60.949096680
0.202638984 0.099534117 0.974181294 68.736351013 -0.016770141 0.995027781 -0.098175704 -5.356804371 -0.979109108 0.003557105 0.203300625 61.069797516
0.200364366 0.098428980 0.974763870 69.319152832 -0.017542640 0.995141387 -0.096880727 -5.409215927 -0.979563534 0.002311552 0.201117575 61.193225861
0.198148802 0.095658585 0.975492299 69.898834229 -0.017358085 0.995412707 -0.094086133 -5.459124088 -0.980017364 0.001710413 0.198900282 61.310134888
0.195728615 0.091574542 0.976372421 70.471832275 -0.017623371 0.995798111 -0.089863621 -5.526004314 -0.980498850 0.000381947 0.196520045 61.432151794
0.194191933 0.090430483 0.976785779 71.032066345 -0.013587348 0.995894253 -0.089498281 -5.581080437 -0.980868518 0.004107955 0.194623366 61.538528442
0.192645505 0.091773346 0.976966739 71.584861755 -0.009598872 0.995745480 -0.091644585 -5.628222466 -0.981220543 0.008277177 0.192706838 61.638961792
0.190320313 0.093788743 0.977231026 72.133232117 -0.005175077 0.995508015 -0.094534993 -5.676320553 -0.981707394 0.012934720 0.189950809 61.739521027
0.188756213 0.095642455 0.977354705 72.680496216 -0.005477196 0.995332956 -0.096343979 -5.722937107 -0.982007682 0.012832399 0.188399196 61.844017029
0.187635735 0.098206066 0.977316201 73.216812134 -0.005641632 0.995080531 -0.098907985 -5.772471905 -0.982221484 0.013045050 0.187266752 61.947727203
0.186202541 0.096596412 0.977750659 73.759597778 -0.003985750 0.995221257 -0.097563379 -5.826966286 -0.982502282 0.014269515 0.185697779 62.054019928
0.187012896 0.095187284 0.977734208 74.307594299 0.002161357 0.995252073 -0.097306162 -5.872476578 -0.982354045 0.020310774 0.185919285 62.153392792
0.189909533 0.093193233 0.977367878 74.865165710 0.007602727 0.995315313 -0.096381821 -5.920495033 -0.981771111 0.025734520 0.188311398 62.245178223
0.191911295 0.092587993 0.977034330 75.411956787 0.010263694 0.995296001 -0.096334584 -5.969855309 -0.981357574 0.028515706 0.190058291 62.352909088
0.195469871 0.091790140 0.976403952 75.962471008 0.008129087 0.995424390 -0.095205627 -6.031507492 -0.980674982 0.026547134 0.193829343 62.465728760
0.200818017 0.092568219 0.975244522 76.517662048 0.006952149 0.995365679 -0.095909648 -6.079778671 -0.979602814 0.026040459 0.199243858 62.590026855
0.207461670 0.091356315 0.973967314 77.078598022 0.008406087 0.995426476 -0.095159709 -6.126541138 -0.978205919 0.027929273 0.205744922 62.711814880
0.215175599 0.091882341 0.972242594 77.642539978 0.006721524 0.995401084 -0.095558546 -6.168871880 -0.976551116 0.027096847 0.213568464 62.843769073
0.223536387 0.089834012 0.970546246 78.198547363 0.007121894 0.995566428 -0.093790211 -6.217007160 -0.974668384 0.027877675 0.221905574 62.980499268
0.232397065 0.089460336 0.968497396 78.778549194 0.003669805 0.995673180 -0.092851169 -6.273062706 -0.972612858 0.025132561 0.231063247 63.133407593
0.241956711 0.089247562 0.966173172 79.365219116 0.002691471 0.995695233 -0.092648596 -6.322555065 -0.970282078 0.025017403 0.240674928 63.294364929
0.251513958 0.093137003 0.963361323 79.954246521 -0.002819167 0.995425344 -0.095500901 -6.374981403 -0.967848301 0.021303959 0.250625908 63.463481903
0.261095256 0.095429562 0.960583806 80.540206909 -0.006494045 0.995252609 -0.097108610 -6.425015450 -0.965289950 0.019116553 0.260475427 63.631027222
0.272026062 0.098148964 0.957270801 81.131362915 -0.010890658 0.995035172 -0.098926164 -6.479601383 -0.962226987 0.016485218 0.271744370 63.807048798
0.282312304 0.099676184 0.954129517 81.742187500 -0.012072956 0.994877815 -0.100360870 -6.537867546 -0.959245324 0.016813980 0.282069623 63.997539520
0.292034239 0.100311086 0.951132178 82.352584839 -0.015291454 0.994847119 -0.100226402 -6.598577499 -0.956284404 0.014725382 0.292063296 64.203117371
0.302460998 0.100615010 0.947835803 82.976715088 -0.016068950 0.994809926 -0.100473702 -6.657322884 -0.953025103 0.015158681 0.302507937 64.413368225
0.312647998 0.101343751 0.944446623 83.616661072 -0.020341877 0.994778335 -0.100010641 -6.715610504 -0.949650049 0.012056344 0.313076943 64.639007568
0.323343188 0.096545652 0.941343129 84.286628723 -0.019684935 0.995252669 -0.095313080 -6.769887447 -0.946075857 0.012288587 0.323708594 64.871902466
0.334176242 0.089376062 0.938262701 84.943557739 -0.016218625 0.995891571 -0.089089096 -6.829416275 -0.942369998 0.014554154 0.334252775 65.106979370
0.345260710 0.084922701 0.934656084 85.611709595 -0.014683111 0.996264458 -0.085096501 -6.889052391 -0.938390911 0.015656844 0.345217824 65.355163574
0.355662555 0.081681438 0.931037664 86.287490845 -0.015404163 0.996550560 -0.081544504 -6.945377350 -0.934486449 0.014660493 0.355693907 65.617675781
0.365105420 0.079223871 0.927588522 86.948822021 -0.009059698 0.996627569 -0.081554443 -6.987795353 -0.930921078 0.021372315 0.364591837 65.888237000
0.373927712 0.073849313 0.924512446 87.639167786 -0.002791596 0.996909797 -0.078503296 -7.038063049 -0.927452683 0.026773704 0.372978330 66.159805298
0.381003261 0.064445280 0.922324359 88.347038269 0.006376997 0.997360706 -0.072322570 -7.087578297 -0.924550772 0.033436805 0.379586697 66.445281982
0.387823999 0.060374413 0.919753432 89.094856262 0.011364283 0.997463286 -0.070267335 -7.140657425 -0.921662450 0.037703708 0.386154026 66.763748169
0.394838542 0.060279671 0.916770279 89.777320862 0.013257652 0.997367382 -0.071288995 -7.205457687 -0.918653965 0.040301878 0.392999887 67.075012207
0.402155787 0.066685893 0.913138866 90.486885071 0.015187589 0.996720731 -0.079478607 -7.256847858 -0.915444374 0.045831174 0.399824172 67.387138367
0.409553856 0.070958480 0.909521520 91.183982849 0.018819889 0.996101081 -0.086187713 -7.305555820 -0.912090898 0.052415617 0.406621516 67.689277649
0.415080935 0.072619341 0.906880975 91.864189148 0.017522784 0.995986164 -0.087774724 -7.367121220 -0.909614742 0.052324712 0.412142336 67.996078491
0.419662356 0.074083172 0.904651344 92.548248291 0.010848130 0.996183038 -0.086611219 -7.429787636 -0.907614529 0.046161264 0.417256832 68.321426392
0.423362285 0.077886723 0.902605653 93.244346619 0.004036532 0.996125460 -0.087849967 -7.500677109 -0.905950546 0.040835779 0.421407521 68.673995972
0.427509010 0.081013247 0.900373161 93.925224304 0.003253984 0.995832026 -0.091147438 -7.564831257 -0.904004276 0.041896168 0.425463498 68.997993469
0.431346625 0.085391425 0.898135483 94.601318359 0.000048071 0.995508432 -0.094672389 -7.630237103 -0.902185321 0.040879808 0.429405004 69.336990356
0.434613228 0.088446938 0.896263063 95.259376526 -0.003086706 0.995306373 -0.096724160 -7.697602749 -0.900610924 0.039271120 0.432846248 69.672073364
0.438522846 0.086816505 0.894516408 95.915229797 -0.004134074 0.995507479 -0.094591469 -7.768433571 -0.898709536 0.037782542 0.436911643 70.004249573
0.442516088 0.083787434 0.892837167 96.570617676 -0.003114412 0.995762944 -0.091902852 -7.834780216 -0.896754146 0.037887845 0.440902054 70.337173462
0.445813417 0.081101730 0.891443729 97.201271057 -0.003759646 0.996047676 -0.088738233 -7.904716969 -0.895116985 0.036209196 0.444356352 70.662071228
0.449393094 0.080037102 0.889740944 97.828056335 -0.004552211 0.996170402 -0.087311827 -7.969015598 -0.893321514 0.035187062 0.448036462 70.989166260
0.452780068 0.081814818 0.887860119 98.439727783 -0.006813293 0.996069372 -0.088311613 -8.033021927 -0.891595185 0.033936504 0.451557815 71.308860779
0.455671072 0.082317561 0.886333346 99.045478821 -0.006027391 0.995977163 -0.089401983 -8.093922615 -0.890126824 0.035395633 0.454334140 71.620674133
0.457874835 0.080553830 0.885359228 99.645416260 -0.003990125 0.996062398 -0.088562615 -8.150092125 -0.889006734 0.037017912 0.456393301 71.930282593
0.459662288 0.079479061 0.884529769 100.230361938 -0.002259178 0.996088505 -0.088329181 -8.208053589 -0.888089955 0.038603298 0.458043903 72.231010437
0.461443216 0.079566419 0.883594155 100.813087463 -0.003909283 0.996142507 -0.087659761 -8.267405510 -0.887160182 0.036995795 0.459974289 72.541732788
0.463464916 0.079038449 0.882582903 101.380157471 -0.002491186 0.996126056 -0.087898545 -8.320375443 -0.886110842 0.038539223 0.461866349 72.837982178
0.466108680 0.081065007 0.881005406 101.933113098 -0.003371882 0.995948672 -0.089857563 -8.372987747 -0.884720087 0.038912751 0.464493573 73.133041382
0.469052523 0.081268333 0.879422903 102.486175537 -0.000553721 0.995783806 -0.091726117 -8.424777985 -0.883169115 0.042537417 0.467119843 73.424079895
0.472182900 0.080522798 0.877814829 103.025680542 0.001157750 0.995761275 -0.091964997 -8.481764793 -0.881498814 0.044440590 0.470088124 73.712257385
0.475639701 0.078629322 0.876118600 103.560020447 0.004323363 0.995775580 -0.091715440 -8.536897659 -0.879628479 0.047411285 0.473290354 73.993743896
0.479231685 0.077683985 0.874243498 104.082290649 0.005666903 0.995780349 -0.091590092 -8.589303017 -0.877669036 0.048847124 0.476769179 74.275276184
0.482458234 0.077142619 0.872515082 104.595359802 0.006620108 0.995764315 -0.091700301 -8.645270348 -0.875892937 0.050017703 0.479903877 74.561882019
0.486039400 0.076300047 0.870599508 105.103584290 0.007577673 0.995775759 -0.091501191 -8.697103500 -0.873903096 0.051070295 0.483407944 74.848968506
0.489542127 0.075894557 0.868670285 105.611770630 0.009210477 0.995699048 -0.092183612 -8.746520042 -0.871930063 0.053128622 0.486737460 75.136016846
0.493807852 0.077309795 0.866127312 106.109138489 0.008690195 0.995551169 -0.093816750 -8.793554306 -0.869526684 0.053854261 0.490938991 75.408767700
0.498040706 0.077464767 0.863686383 106.604370117 0.010777389 0.995371580 -0.095490590 -8.846030235 -0.867085755 0.056866482 0.494900554 75.697273254
0.502800941 0.080865964 0.860611081 107.083572388 0.008657720 0.995092988 -0.098560654 -8.894106865 -0.864357948 0.057007316 0.499633461 75.982490540
0.507963240 0.086770482 0.856997013 107.561073303 0.004950307 0.994602382 -0.103637286 -8.952524185 -0.861363590 0.056886323 0.504791796 76.278526306
0.513711512 0.093870074 0.852812171 108.037055969 -0.000152595 0.994006157 -0.109319724 -9.004782677 -0.857962012 0.056028660 0.510646641 76.581588745
0.519574642 0.100438349 0.848501086 108.510635376 -0.005612233 0.993446112 -0.114159286 -9.059754372 -0.854405701 0.054552276 0.516732991 76.888404846
0.525759637 0.104777083 0.844155371 108.982894897 -0.009209671 0.993027389 -0.117519364 -9.119049072 -0.850582361 0.054012533 0.523058593 77.203125000
0.531166792 0.104943462 0.840742767 109.466545105 -0.013264739 0.993207514 -0.115594216 -9.178873062 -0.847162485 0.050247561 0.528950751 77.518569946
0.536518514 0.104073673 0.837446272 109.948303223 -0.019681979 0.993638992 -0.110875249 -9.238026619 -0.843658030 0.043004014 0.535153925 77.846672058
0.541951001 0.101870939 0.834212840 110.441261292 -0.026175439 0.994190276 -0.104401931 -9.300528526 -0.840001404 0.034744844 0.541468799 78.195442200
0.547638535 0.100102022 0.830705285 110.942077637 -0.032315776 0.994607031 -0.098548725 -9.359158516 -0.836089849 0.027124200 0.547919869 78.549728394
0.553614080 0.098148227 0.826969206 111.442840576 -0.034951683 0.994893670 -0.094679996 -9.417947769 -0.832038701 0.023512214 0.554217398 78.902359009
0.559509575 0.101922654 0.822532952 111.944473267 -0.040542629 0.994587302 -0.095664412 -9.476064682 -0.827830851 0.020177510 0.560613215 79.266044617
0.565265119 0.106097057 0.818057656 112.456192017 -0.044872694 0.994180501 -0.097932942 -9.530938148 -0.823687077 0.018649627 0.566736281 79.642707825
0.571115375 0.109658979 0.813511968 112.976409912 -0.047571607 0.993792355 -0.100563385 -9.577913284 -0.819489360 0.018733224 0.572786629 80.035728455
0.577356756 0.111818179 0.808798790 113.501632690 -0.050026059 0.993561089 -0.101651311 -9.634396553 -0.814957142 0.018228050 0.579232931 80.425430298
