1.000000000 0.000000000 0.000000000 0.000000000 0.000000000 1.000000000 0.000000000 0.000000000 0.000000000 0.000000000 1.000000000 0.000000000
0.999996722 0.001443759 0.002116767 -0.027467733 -0.001433950 0.999988258 -0.004627812 -0.002530443 -0.002123423 0.004624761 0.999987066 0.932850182
0.999995530 -0.000739293 0.002895227 -0.022261191 0.000755045 0.999984920 -0.005443350 -0.000894862 -0.002891159 0.005445512 0.999980986 1.915951967
0.999987781 -0.004597996 0.001799038 0.034731708 0.004595592 0.999988556 0.001338522 -0.065994300 -0.001805172 -0.001330237 0.999997497 2.804989815
0.999980927 -0.006168127 -0.000264516 0.090155542 0.006170141 0.999945343 0.008439281 -0.119593874 0.000212447 -0.008440752 0.999964356 3.668281794
0.999953389 -0.009164241 -0.003051245 0.134590656 0.009190402 0.999920130 0.008672930 -0.126186401 0.002971520 -0.008700567 0.999957740 4.645667553
0.999926805 -0.010982170 -0.005082053 0.173545003 0.011014939 0.999918401 0.006465442 -0.130080551 0.005010634 -0.006520947 0.999966204 5.437945843
0.999896944 -0.013711228 -0.004257613 0.114082851 0.013736732 0.999887526 0.006019952 -0.196987748 0.004174593 -0.006077816 0.999972880 6.160133362
0.999889135 -0.014200469 -0.004484542 0.092892051 0.014244213 0.999849737 0.009878319 -0.286619037 0.004343591 -0.009941101 0.999941230 6.788484573
0.999889076 -0.013494066 -0.006306737 0.120414220 0.013579994 0.999812722 0.013786880 -0.346196413 0.006119515 -0.013870996 0.999885142 7.386662006
0.999889612 -0.013875294 -0.005323962 0.063979290 0.013964592 0.999755859 0.017119404 -0.347862691 0.005085126 -0.017191861 0.999839365 8.124129295
0.999824703 -0.017565928 -0.006489472 0.066846177 0.017711710 0.999575377 0.023135517 -0.422841519 0.006080321 -0.023246400 0.999711394 8.778873444
0.999761879 -0.021405891 -0.004258789 -0.010972865 0.021515220 0.999389052 0.027539592 -0.478681386 0.003666678 -0.027624663 0.999611735 9.388571739
0.999795735 -0.019602809 -0.004940775 -0.012779706 0.019739006 0.999378026 0.029217640 -0.517358243 0.004364955 -0.029309198 0.999560952 10.061696053
0.999790072 -0.019595297 -0.005992192 -0.003759389 0.019757580 0.999402821 0.028343527 -0.485064030 0.005433214 -0.028455971 0.999580324 10.670822144
0.999775231 -0.020046826 -0.006902346 -0.025832783 0.020228172 0.999422669 0.027291486 -0.487152219 0.006351254 -0.027424976 0.999603748 11.541315079
0.999688327 -0.023992669 -0.006901301 -0.089428768 0.024174048 0.999328613 0.027524525 -0.502192378 0.006236281 -0.027682783 0.999597371 12.174271584
0.999675691 -0.023861418 -0.008901061 -0.088772386 0.024116507 0.999266326 0.029746788 -0.538046598 0.008184732 -0.029951807 0.999517918 12.848709106
0.999707580 -0.021357633 -0.011349026 -0.073255554 0.021700602 0.999283314 0.031009877 -0.555713058 0.010678596 -0.031247092 0.999454737 13.709358215
0.999690652 -0.020373367 -0.014270649 -0.054493427 0.020816380 0.999283135 0.031616036 -0.538387477 0.013616295 -0.031903323 0.999398291 14.440282822
0.999623954 -0.021849161 -0.016573502 -0.058531955 0.022399710 0.999177575 0.033794791 -0.535551310 0.015821485 -0.034153327 0.999291480 15.278303146
0.999597371 -0.021417245 -0.018614955 -0.062987804 0.022075191 0.999111712 0.035889689 -0.525215209 0.017829761 -0.036286172 0.999182463 16.108642578
0.999557018 -0.021387946 -0.020698508 -0.063878007 0.022165915 0.999027252 0.038116839 -0.552626252 0.019863132 -0.038558763 0.999059021 16.854133606
0.999498665 -0.021610802 -0.023142103 -0.054925431 0.022519784 0.998955011 0.039766453 -0.579222620 0.022258535 -0.040267680 0.998941123 17.659442902
0.999478459 -0.020990480 -0.024543479 -0.081372835 0.021943217 0.998989582 0.039216343 -0.544809341 0.023695510 -0.039734460 0.998929441 18.510515213
0.999384344 -0.022672253 -0.026778830 -0.082392052 0.023747126 0.998896003 0.040527802 -0.522336245 0.025830409 -0.041138776 0.998819709 19.256244659
0.999330878 -0.021993529 -0.029227052 -0.075482294 0.023224888 0.998827100 0.042481907 -0.485664457 0.028258443 -0.043132283 0.998669863 20.103641510
0.999293387 -0.022568498 -0.030057719 -0.101320505 0.023921348 0.998680592 0.045436978 -0.456827283 0.028992616 -0.046123903 0.998515129 20.950445175
0.999274611 -0.022356791 -0.030829879 -0.122375250 0.023792503 0.998610556 0.047016874 -0.421653003 0.029735895 -0.047716301 0.998418450 21.737894058
0.999261677 -0.021831928 -0.031615242 -0.149668127 0.023344757 0.998559892 0.048300847 -0.457328677 0.030515211 -0.049003251 0.998332620 22.503194809
0.999231517 -0.021247270 -0.032939844 -0.166653290 0.022791490 0.998623610 0.047236331 -0.466357529 0.031890862 -0.047950797 0.998340726 23.215965271
0.999236584 -0.021962369 -0.032308660 -0.226421714 0.023523502 0.998533368 0.048760802 -0.515085876 0.031190369 -0.049483612 0.998288035 23.801427841
0.999231160 -0.020691337 -0.033300079 -0.255497307 0.022242375 0.998651743 0.046902217 -0.461288154 0.032284707 -0.047606852 0.998344541 24.596467972
0.999245346 -0.020940833 -0.032714538 -0.322743058 0.022508372 0.998578846 0.048306540 -0.471574903 0.031656459 -0.049006455 0.998296976 25.197284698
0.999197483 -0.020402249 -0.034470577 -0.352207541 0.022061206 0.998581707 0.048452869 -0.451220274 0.033433132 -0.049174462 0.998230815 25.803628922
0.999123573 -0.020422058 -0.036539581 -0.379012167 0.022178654 0.998584926 0.048332937 -0.415909857 0.035500810 -0.049100991 0.998163044 26.561574936
0.999102592 -0.019042017 -0.037835665 -0.405738413 0.020939607 0.998509109 0.050407398 -0.407213330 0.036819391 -0.051154446 0.998012185 26.920412064
0.999041915 -0.017871110 -0.039949935 -0.432855994 0.020028453 0.998325288 0.054270238 -0.415462941 0.038913157 -0.055018399 0.997727156 27.505813599
0.998989105 -0.019351514 -0.040576637 -0.498406947 0.021632750 0.998164892 0.056556847 -0.402306318 0.039407708 -0.057377480 0.997574866 28.021690369
0.998947799 -0.019777529 -0.041379780 -0.563949168 0.022125125 0.998125076 0.057066660 -0.371383280 0.040173553 -0.057922170 0.997512817 28.590644836
0.998891532 -0.017845863 -0.043557491 -0.590699315 0.020329237 0.998152554 0.057253476 -0.375695795 0.042455275 -0.058075529 0.997409403 29.130231857
0.998847783 -0.016850125 -0.044936001 -0.630720437 0.019399099 0.998190999 0.056905653 -0.345279604 0.043895837 -0.057711832 0.997368157 29.698661804
0.998795688 -0.015906816 -0.046413530 -0.660527110 0.018689601 0.998014092 0.060152102 -0.370265394 0.045364529 -0.060947131 0.997109950 30.183284760
0.998799503 -0.016164159 -0.046242710 -0.731911063 0.019030103 0.997880697 0.062223043 -0.353886992 0.045138925 -0.063028365 0.996990800 30.597970963
0.998845696 -0.014428372 -0.045816340 -0.780033290 0.017305208 0.997861564 0.063028246 -0.317396909 0.044808969 -0.063748375 0.996959925 31.157659531
0.999070227 -0.008184042 -0.042329628 -0.861404121 0.010769144 0.998066843 0.061208121 -0.289682984 0.041746866 -0.061607085 0.997227430 31.758300781
0.999231219 -0.004667039 -0.038926169 -0.927536786 0.006957406 0.998238802 0.058912683 -0.289814293 0.038582660 -0.059138235 0.997504294 32.259162903
0.999356508 -0.003772302 -0.035670403 -0.978532314 0.005885335 0.998221576 0.059319843 -0.310271144 0.035383187 -0.059491619 0.997601926 32.802417755
0.999476075 -0.003334668 -0.032195508 -1.000407934 0.005323308 0.998069227 0.061881229 -0.338199675 0.031926986 -0.062020212 0.997564554 33.242794037
0.999653161 0.002840359 -0.026181940 -1.090010881 -0.001135140 0.997889996 0.064916052 -0.317840636 0.026311070 -0.064863838 0.997547626 33.751953125
0.999683917 0.006905072 -0.024174556 -1.079704762 -0.005238266 0.997647822 0.068345733 -0.278405458 0.024589613 -0.068197526 0.997369170 34.359901428
0.999731719 0.012068087 -0.019767968 -1.103899598 -0.010668042 0.997527599 0.069459714 -0.246781766 0.020557325 -0.069230229 0.997389257 34.942424774
0.999778450 0.013637209 -0.016031232 -1.075232387 -0.012469186 0.997410357 0.070829205 -0.241439357 0.016955614 -0.070613660 0.997359991 35.434860229
0.999784350 0.018475965 -0.009472439 -1.107022047 -0.017734269 0.997161746 0.073168829 -0.212949783 0.010797399 -0.072985113 0.997274935 35.951293945
0.999741256 0.022475876 -0.003470012 -1.103118539 -0.022142325 0.996787488 0.076968990 -0.241450280 0.005188787 -0.076872297 0.997027755 36.383659363
0.999715567 0.023770325 0.001877603 -1.072766542 -0.023844359 0.996687949 0.077745683 -0.229799286 -0.000023370 -0.077768393 0.996971786 36.879154205
0.999577940 0.027409937 0.009607753 -1.080796480 -0.028091075 0.996405840 0.079914123 -0.255901784 -0.007382809 -0.080150336 0.996755779 37.251411438
0.999303401 0.033081789 0.017261202 -1.085930705 -0.034383651 0.996075571 0.081555068 -0.284529686 -0.014495506 -0.082091816 0.996519744 37.559547424
0.999057710 0.036013678 0.024215955 -1.065807343 -0.037833173 0.996122122 0.079431102 -0.263528943 -0.021261480 -0.080272481 0.996546566 37.994686127
0.998697758 0.039091345 0.032778870 -1.075260401 -0.041564249 0.996046782 0.078505091 -0.288122535 -0.029580465 -0.079765342 0.996375024 38.263298035
0.998337030 0.040625818 0.040897045 -1.067679048 -0.043802161 0.995829642 0.080028206 -0.302089423 -0.037475329 -0.081686549 0.995953619 38.569309235
0.998024464 0.039858349 0.048562273 -1.042344093 -0.043777946 0.995627284 0.082520828 -0.301851600 -0.045060836 -0.084483817 0.995405734 38.891082764
0.997451544 0.042566355 0.057256471 -1.040933132 -0.047312792 0.995318830 0.084272027 -0.299729139 -0.053401351 -0.086766288 0.994796693 39.190601349
0.996776521 0.045411561 0.066137441 -1.029902101 -0.051001593 0.995036662 0.085443541 -0.300569624 -0.061929122 -0.088541292 0.994145751 39.460838318
0.995767057 0.054623727 0.073918730 -0.967578650 -0.060660601 0.994780064 0.082052745 -0.192809999 -0.069050923 -0.086189441 0.993883252 39.707691193
0.994816720 0.057468168 0.083886847 -0.990776241 -0.064373545 0.994544625 0.082077347 -0.166323096 -0.078712463 -0.087052070 0.993089557 39.836009979
0.993930280 0.057646692 0.093698204 -0.966717839 -0.065496095 0.994396567 0.082977816 -0.155060947 -0.088389866 -0.088611081 0.992137074 40.088100433
0.992940724 0.056414578 0.104335576 -0.930474877 -0.065163381 0.994463325 0.082437247 -0.172024980 -0.099107347 -0.088654213 0.991120040 40.370063782
0.991705000 0.055053174 0.116147287 -0.892407656 -0.064372756 0.994866788 0.078074977 -0.155431226 -0.111252919 -0.084904112 0.990158975 40.624149323
0.989922762 0.056802087 0.129716530 -0.863755643 -0.066904813 0.994943857 0.074899390 -0.158949599 -0.124806352 -0.082823321 0.988718510 40.793087006
0.987587214 0.058366291 0.145824626 -0.851863325 -0.069710180 0.994823754 0.073929057 -0.161145702 -0.140754983 -0.083176903 0.986544609 40.917331696
0.985766768 0.056035299 0.158505440 -0.784181476 -0.068398848 0.994935572 0.073648959 -0.167289943 -0.153575912 -0.083442338 0.984607816 41.070705414
0.982775033 0.056917548 0.175822914 -0.754454494 -0.070692793 0.994815767 0.073099665 -0.170611039 -0.170750901 -0.084269993 0.981704354 41.213848114
0.979277074 0.057121199 0.194303304 -0.723596931 -0.072435111 0.994724095 0.072639860 -0.175718665 -0.189129084 -0.085208982 0.978248596 41.355972290
0.975256145 0.056258168 0.213800654 -0.679302871 -0.073283888 0.994668126 0.072554991 -0.170431286 -0.208579093 -0.086427890 0.974179447 41.506423950
0.970583618 0.056518737 0.234036863 -0.630343437 -0.075139470 0.994611800 0.071419880 -0.168340638 -0.228739485 -0.086904421 0.969601214 41.659847260
0.965028644 0.058610324 0.255509019 -0.588165402 -0.078763567 0.994477093 0.069361210 -0.161862671 -0.250032842 -0.087060399 0.964315653 41.821193695
0.958507657 0.060611933 0.278549016 -0.542385519 -0.082394674 0.994333923 0.067160055 -0.157729268 -0.272900313 -0.087324426 0.958071232 41.979587555
0.951071262 0.061406914 0.302808166 -0.456213653 -0.085132502 0.994195998 0.065772697 -0.153300092 -0.297012061 -0.088333383 0.950779498 42.186923981
0.942109764 0.065653183 0.328814685 -0.378548503 -0.091814071 0.993674278 0.064659491 -0.149864137 -0.322489887 -0.091106191 0.942178607 42.396942139
0.932001948 0.067899674 0.356036991 -0.272214413 -0.096369117 0.993360698 0.062822893 -0.135323569 -0.349407852 -0.092862070 0.932357967 42.633853912
0.920506895 0.069096670 0.384568691 -0.180483401 -0.100050330 0.993107498 0.061046395 -0.139132679 -0.377700299 -0.094669893 0.921075821 42.817302704
0.907208622 0.069002859 0.414983779 -0.101715349 -0.102317445 0.993026197 0.058560226 -0.155234739 -0.408049315 -0.095586464 0.907942474 42.974308014
0.891890883 0.066934749 0.447270453 0.023923241 -0.102033287 0.993269026 0.054817531 -0.155920550 -0.440591097 -0.094527766 0.892717540 43.164367676
0.874185622 0.066899307 0.480961978 0.166948766 -0.103044145 0.993463516 0.049104944 -0.149007455 -0.474533498 -0.092487194 0.875365436 43.368125916
0.854250968 0.069506034 0.515193760 0.317184031 -0.106362611 0.993425310 0.042335995 -0.145190254 -0.508864343 -0.090962961 0.856027722 43.566059113
0.831760049 0.072347000 0.550401330 0.429375619 -0.110353567 0.993232131 0.036210388 -0.144680589 -0.544056952 -0.090857141 0.834114850 43.713497162
0.806344926 0.076138943 0.586524665 0.545017362 -0.116210967 0.992743552 0.030893151 -0.151193574 -0.579916835 -0.093071170 0.809342206 43.859493256
0.778629124 0.079800703 0.622389793 0.734651208 -0.122377232 0.992145479 0.025888087 -0.155563712 -0.615435779 -0.096323587 0.782279491 44.059600830
0.748474896 0.083702594 0.657859921 0.927220464 -0.129466340 0.991357446 0.021164143 -0.170277297 -0.650403261 -0.101011582 0.752843201 44.244300842
0.715135872 0.084895566 0.693811178 1.152628064 -0.132833302 0.991014302 0.015654199 -0.173703030 -0.686248183 -0.103356130 0.719987214 44.438308716
0.678161860 0.082615890 0.730254471 1.381559849 -0.133265108 0.991011560 0.011642416 -0.186492145 -0.722729146 -0.105212905 0.683076441 44.612091064
0.638931692 0.081369489 0.764948249 1.666706324 -0.134174168 0.990934849 0.006662125 -0.192807540 -0.757472157 -0.106892951 0.644057751 44.795417786
0.596318245 0.080790609 0.798672557 1.973907709 -0.135657459 0.990754664 0.001065842 -0.204970583 -0.791202903 -0.108981490 0.601765335 44.986293793
0.548904836 0.090734556 0.830945969 2.021037817 -0.153243750 0.988165319 -0.006672629 -0.263977885 -0.821717918 -0.123674668 0.556313634 45.091129303
0.499138057 0.089720562 0.861865342 2.351464510 -0.152315855 0.988222539 -0.014662762 -0.254756868 -0.853030801 -0.123957053 0.506925762 45.285659790
0.449363321 0.086541548 0.889147699 2.718790054 -0.153419599 0.987985075 -0.018625362 -0.295260400 -0.880077004 -0.128043175 0.457241774 45.474231720
0.398464561 0.080837928 0.913614631 3.143566132 -0.155305684 0.987670362 -0.019655438 -0.365158409 -0.903939486 -0.134057596 0.406106591 45.665676117
0.348100543 0.080271676 0.934014380 3.554053307 -0.159720033 0.986837924 -0.025285039 -0.367055148 -0.923751056 -0.140379116 0.356340140 45.800918579
0.297698498 0.079967760 0.951304972 3.971745491 -0.159346506 0.986667871 -0.033075094 -0.381698519 -0.941267669 -0.141740754 0.306472450 45.923156738
0.248318821 0.077792965 0.965549767 4.497134686 -0.148469850 0.988048434 -0.041422468 -0.358736426 -0.957232952 -0.133069083 0.256901234 46.097961426
0.203483239 0.071967304 0.976430058 4.911576271 -0.136426717 0.989649177 -0.044511050 -0.386196017 -0.969527066 -0.124153905 0.211195558 46.171077728
0.162050560 0.071136199 0.984215200 5.326939583 -0.125345632 0.990802169 -0.050974287 -0.385532588 -0.978789330 -0.115106665 0.169476926 46.188583374
0.124222428 0.070838250 0.989722669 5.685210228 -0.121384412 0.991041064 -0.055697471 -0.428515285 -0.984802008 -0.113218039 0.131708443 46.221904755
0.091867805 0.070964858 0.993239403 6.089390278 -0.113223724 0.991732240 -0.060384866 -0.478682965 -0.989313483 -0.106910847 0.099143416 46.246227264
0.063041188 0.069677904 0.995575666 6.564341068 -0.105658382 0.992419004 -0.062766649 -0.505669594 -0.992402434 -0.101234049 0.069925554 46.272415161
0.038491972 0.067939475 0.996946692 6.998394489 -0.099884503 0.992950201 -0.063810699 -0.536351323 -0.994254470 -0.097123347 0.045006916 46.233623505
0.017062768 0.065290965 0.997720480 7.414500713 -0.101739720 0.992799044 -0.063229084 -0.631712079 -0.994664967 -0.100428961 0.023582773 46.272911072
0.001776874 0.067095876 0.997745037 7.751158714 -0.099513844 0.992805123 -0.066586562 -0.649902284 -0.995034814 -0.099171147 0.008441235 46.248722076
-0.011905986 0.066437222 0.997719646 8.252718925 -0.099540778 0.992754698 -0.067294545 -0.694013298 -0.994962454 -0.100115024 -0.005206345 46.264732361
-0.022993991 0.067006998 0.997487545 8.741110802 -0.099714883 0.992621660 -0.068978839 -0.725862741 -0.994750559 -0.101050489 -0.016142579 46.202209473
-0.031765439 0.070511274 0.997005105 9.298956871 -0.095312148 0.992748380 -0.073247038 -0.733196497 -0.994940698 -0.097353458 -0.024814352 46.158939362
-0.038302816 0.072401442 0.996639788 9.832565308 -0.091577105 0.992919743 -0.075650759 -0.752650380 -0.995061278 -0.094167061 -0.031401154 46.124202728
-0.042727549 0.071698695 0.996510744 10.374134064 -0.091096073 0.992986798 -0.075351156 -0.787034452 -0.994925261 -0.093997814 -0.035896275 46.103847504
-0.045371201 0.067641236 0.996677577 10.866868019 -0.093623936 0.993025243 -0.071655422 -0.862756968 -0.994573534 -0.096563995 -0.038721759 46.035404205
-0.046821315 0.059395533 0.997135878 11.315455437 -0.096458271 0.993296325 -0.063696176 -0.947126091 -0.994235396 -0.099164374 -0.040778100 45.972751617
-0.047850545 0.053806730 0.997404218 12.036952972 -0.095090769 0.993766904 -0.058172565 -0.986165404 -0.994318128 -0.097627558 -0.042435616 45.931888580
-0.047629427 0.051350147 0.997544289 12.630501747 -0.092505857 0.994158447 -0.055592772 -1.016852498 -0.994572580 -0.094926581 -0.042600863 45.867012024
-0.046845216 0.052633349 0.997514546 13.147056580 -0.090008304 0.994325578 -0.056692120 -1.091578364 -0.994838953 -0.092440374 -0.041841812 45.794178009
-0.045503084 0.060056359 0.997157276 13.818973541 -0.089469574 0.993934214 -0.063945055 -1.113941073 -0.994949818 -0.092124969 -0.039853700 45.742557526
-0.044580519 0.067547858 0.996719480 14.244793892 -0.091853350 0.993207633 -0.071418270 -1.164787054 -0.994774342 -0.094735920 -0.038073055 45.751724243
-0.041736729 0.067924701 0.996816993 14.789607048 -0.091136016 0.993267894 -0.071498789 -1.207958460 -0.994963646 -0.093830086 -0.035265204 45.690547943
-0.040969469 0.063246787 0.997156560 15.419996262 -0.093330875 0.993388295 -0.066842452 -1.246957183 -0.994792044 -0.095804043 -0.034795556 45.731178284
-0.037849873 0.056370489 0.997692108 16.067970276 -0.092860542 0.993888438 -0.059678517 -1.307240605 -0.994959593 -0.094905108 -0.032383803 45.685436249
-0.034611993 0.054976858 0.997887433 16.776760101 -0.094930910 0.993789613 -0.058043852 -1.325925827 -0.994882166 -0.096739426 -0.029177882 45.645660400
-0.031907834 0.060615201 0.997650981 17.365455627 -0.087942071 0.994117200 -0.063213199 -1.339022160 -0.995614588 -0.089752533 -0.026389347 45.662796021
-0.027964972 0.066841453 0.997371554 18.084501266 -0.086318001 0.993872762 -0.069027275 -1.365131497 -0.995875239 -0.088021502 -0.022023847 45.610702515
-0.025974410 0.068060219 0.997342944 18.806980133 -0.093443416 0.993145466 -0.070207432 -1.386306405 -0.995285928 -0.095018774 -0.019436426 45.613624573
-0.022835508 0.064309619 0.997668624 19.535846710 -0.098201498 0.992957950 -0.066253744 -1.432362556 -0.994904697 -0.099485546 -0.016359236 45.614273071
-0.019430522 0.060083386 0.998004198 20.112144470 -0.098367356 0.993234158 -0.061711431 -1.520147324 -0.994960606 -0.099370174 -0.013388650 45.624771118
-0.017517602 0.061744891 0.997938156 20.811252594 -0.097450674 0.993233144 -0.063164480 -1.573289871 -0.995086312 -0.098356292 -0.011381818 45.649997711
-0.015382838 0.064923666 0.997771561 21.251880646 -0.100446679 0.992740512 -0.066144980 -1.636318207 -0.994823635 -0.101240389 -0.008749633 45.638080597
-0.010860960 0.065909460 0.997766376 21.886045456 -0.104386233 0.992297888 -0.066684574 -1.656849980 -0.994477630 -0.104877390 -0.003897096 45.605411530
-0.006864180 0.065559231 0.997824907 22.598867416 -0.104956202 0.992289007 -0.065917589 -1.702700377 -0.994453251 -0.105180442 0.000069772 45.597724915
-0.003249316 0.062348835 0.998048902 23.326034546 -0.101088740 0.992920399 -0.062357627 -1.751421452 -0.994872153 -0.101094179 0.003076631 45.592319489
0.000003223 0.062486198 0.998045564 23.896560669 -0.096924216 0.993345976 -0.062191710 -1.795393944 -0.995291770 -0.096734643 0.006059809 45.602787018
0.002655198 0.063473552 0.997979701 24.535881042 -0.096849874 0.993307412 -0.062918767 -1.829667330 -0.995295405 -0.096487202 0.008785017 45.608684540
0.004098945 0.064249158 0.997925162 25.133533478 -0.099190645 0.993037641 -0.063527122 -1.863251686 -0.995059967 -0.098724499 0.010443507 45.632949829
0.006925345 0.062909551 0.997994900 25.730552673 -0.099853501 0.993073583 -0.061906472 -1.903777480 -0.994977951 -0.099224612 0.013159303 45.653018951
0.009591428 0.062603414 0.997992098 26.260480881 -0.100972302 0.992996812 -0.061319709 -1.936168194 -0.994842887 -0.100181468 0.015845658 45.672492981
0.011846976 0.063003331 0.997942746 26.836811066 -0.104498036 0.992625356 -0.061427154 -1.979278922 -0.994454384 -0.103555381 0.018343527 45.693077087
0.014620240 0.064606272 0.997803450 27.546907425 -0.107882299 0.992186069 -0.062661879 -2.028668642 -0.994056046 -0.106729254 0.021476068 45.718612671
0.017531391 0.064426243 0.997768164 28.208183289 -0.106468245 0.992367387 -0.062206857 -2.085645199 -0.994161427 -0.105140105 0.024257129 45.723392487
0.018189859 0.062945925 0.997850835 28.805686951 -0.112809576 0.991771758 -0.060506087 -2.159668446 -0.993449986 -0.111466601 0.025141291 45.782863617
0.020851217 0.063939847 0.997735560 29.537521362 -0.113353640 0.991668284 -0.061182149 -2.192011833 -0.993335724 -0.111821301 0.027925508 45.799949646
0.023322955 0.063496232 0.997709155 30.202541351 -0.115831189 0.991430521 -0.060388971 -2.242366314 -0.992994905 -0.114157461 0.030478140 45.822032928
0.026314033 0.065044530 0.997534990 30.918291092 -0.118446998 0.991053224 -0.061497420 -2.299818993 -0.992611468 -0.116536856 0.033783153 45.831520081
0.027352719 0.068835407 0.997252643 31.594015121 -0.120873891 0.990532815 -0.065056287 -2.331842184 -0.992290795 -0.118762411 0.035414387 45.925796509
0.029019840 0.071252629 0.997035742 32.189983368 -0.122455306 0.990195453 -0.067199640 -2.360654354 -0.992049456 -0.120142266 0.037460793 46.012287140
0.031444598 0.074261539 0.996742547 32.959331512 -0.129545107 0.989126384 -0.069607340 -2.390550852 -0.991074622 -0.126934424 0.040723123 46.053508759
0.033101868 0.073597871 0.996738136 33.704174042 -0.134612575 0.988525391 -0.068520986 -2.430529118 -0.990345001 -0.131905392 0.042629462 46.116031647
0.036805425 0.074251339 0.996559739 34.421028137 -0.134302467 0.988555491 -0.068694882 -2.499879122 -0.990256369 -0.131312162 0.046356574 46.142036438
0.040090173 0.075196475 0.996362150 35.175300598 -0.136875629 0.988176286 -0.069071315 -2.560590744 -0.989776313 -0.133608699 0.049908958 46.191574097
0.042992610 0.076369628 0.996151865 35.950965881 -0.142255500 0.987381995 -0.069557764 -2.598440647 -0.988895535 -0.138717696 0.053314365 46.251873016
0.046839945 0.075517550 0.996043384 36.711097717 -0.143590748 0.987290144 -0.068101451 -2.616739988 -0.988527775 -0.139832839 0.057088479 46.293922424
0.051144734 0.076147690 0.995783627 37.512363434 -0.144847274 0.987110436 -0.068044960 -2.642891645 -0.988131046 -0.140756503 0.061515532 46.345249176
0.055690888 0.080406278 0.995204806 38.343101501 -0.149093658 0.986245215 -0.071339287 -2.679531574 -0.987253308 -0.144405887 0.066913188 46.417762756
0.060872115 0.090244643 0.994057238 39.141334534 -0.151424214 0.985211313 -0.080169015 -2.699084997 -0.986592472 -0.145644382 0.073637374 46.496562958
0.066463985 0.095157281 0.993240654 39.863658905 -0.155051976 0.984333575 -0.083928496 -2.743520260 -0.985667706 -0.148425803 0.080177315 46.599155426
0.072950318 0.099379823 0.992371559 40.551090240 -0.159745842 0.983339429 -0.086732283 -2.776006699 -0.984458745 -0.152200192 0.087610699 46.681098938
0.080342107 0.098011158 0.991936684 41.330024719 -0.163820192 0.982918799 -0.083851553 -2.826976061 -0.983212829 -0.155762553 0.095026255 46.729610443
0.087110892 0.096993297 0.991465271 42.143875122 -0.164077535 0.983052492 -0.081754386 -2.862313271 -0.982593358 -0.155555576 0.101549290 46.831611633
0.094356522 0.093684509 0.991120338 42.957538605 -0.164501727 0.983342826 -0.077288538 -2.916254997 -0.981853068 -0.155748427 0.108196378 46.925331116
0.101182163 0.088163272 0.990953565 43.455635071 -0.166307524 0.983547509 -0.070523463 -2.946624279 -0.980868697 -0.157667398 0.114179991 47.019332886
0.106894732 0.080638245 0.990994751 44.132171631 -0.169381663 0.983611822 -0.061767012 -2.985168695 -0.979736090 -0.161253840 0.118801884 47.157058716
0.114335954 0.077824004 0.990388989 44.945415497 -0.169901788 0.983769715 -0.057689533 -3.042511225 -0.978805482 -0.161672950 0.125703022 47.265537262
0.121090181 0.078628816 0.989522278 45.506118774 -0.173139617 0.983248591 -0.056942854 -3.123598337 -0.977424800 -0.164430365 0.132675841 47.312099457
0.124872595 0.084479235 0.988569498 46.241798401 -0.175237432 0.982581377 -0.061832190 -3.187197208 -0.976574719 -0.165513322 0.137501746 47.450355530
0.126241013 0.088251889 0.988065958 46.863986969 -0.179666176 0.981595159 -0.064718790 -3.199826002 -0.975593507 -0.169351965 0.139773801 47.640869141
0.132637337 0.089972548 0.987072349 47.488349915 -0.185945436 0.980447233 -0.064382389 -3.319303989 -0.973566175 -0.175002187 0.146774262 47.650753021
0.136905849 0.089842208 0.986501276 47.992092133 -0.189120084 0.979929745 -0.062997855 -3.327544451 -0.972363055 -0.177942529 0.151149467 47.738391876
0.141846448 0.086629122 0.986090541 48.639171600 -0.190796107 0.979875445 -0.058637667 -3.419048071 -0.971326947 -0.179824784 0.155520752 47.803730011
0.144807860 0.080481775 0.986180961 49.394744873 -0.193931356 0.979662418 -0.051473554 -3.463667631 -0.970268488 -0.183797732 0.157471165 47.946922302
0.148165151 0.074253745 0.986170888 50.117115021 -0.195831910 0.979633272 -0.044339195 -3.492846012 -0.969379544 -0.186554313 0.159689158 48.064144135
0.150915265 0.070929959 0.985998511 50.769416809 -0.202983037 0.978391409 -0.039314531 -3.548223972 -0.967482388 -0.194207937 0.162052184 48.135948181
0.153443694 0.071154624 0.985592008 51.490962982 -0.206525028 0.977685034 -0.038430598 -3.579536915 -0.966334462 -0.197652608 0.164715245 48.262050629
0.154617384 0.072906442 0.985280454 52.120040894 -0.210458428 0.976813197 -0.039253272 -3.619665146 -0.965298176 -0.201291487 0.166376501 48.391059875
0.155419514 0.077417262 0.984810054 52.822296143 -0.215953678 0.975472510 -0.042602159 -3.642659426 -0.963954687 -0.206052303 0.168326437 48.522689819
0.155186415 0.082378983 0.984444201 53.526260376 -0.221251875 0.974099755 -0.046635557 -3.666125059 -0.962790012 -0.210573062 0.169393986 48.668613434
0.156165734 0.088022284 0.983800709 54.153293610 -0.223484933 0.973338783 -0.051610924 -3.692144156 -0.962115645 -0.211804911 0.171674266 48.806343079
0.156600088 0.090288185 0.983526289 54.724491119 -0.223530009 0.973212600 -0.053750295 -3.712189674 -0.962034523 -0.211430475 0.172587752 48.944938660
0.158310518 0.090069622 0.983272433 55.354450226 -0.227365538 0.972393811 -0.052466467 -3.757711411 -0.960855007 -0.215256438 0.174419343 49.029064178
0.156747952 0.086335130 0.983857632 55.964626312 -0.230024502 0.971967101 -0.048644315 -3.811701536 -0.960478187 -0.218686625 0.172213480 49.183849335
0.157029629 0.083835192 0.984028876 56.606864929 -0.231452614 0.971763611 -0.045855485 -3.851463318 -0.960089028 -0.220555544 0.171999976 49.279361725
0.155875146 0.083386190 0.984250546 57.228683472 -0.231725410 0.971709430 -0.045625541 -3.862015724 -0.960211337 -0.220964119 0.170788467 49.403667450
0.152442798 0.082570978 0.984856725 57.794570923 -0.235427514 0.970850348 -0.044955656 -3.894615412 -0.959861815 -0.225009337 0.167439058 49.530158997
0.144727245 0.083340168 0.985955358 58.290931702 -0.249873698 0.967227280 -0.045078509 -3.985721827 -0.957400978 -0.239840388 0.160809070 49.658782959
0.141154453 0.086543597 0.986197293 58.886905670 -0.252548546 0.966358840 -0.048655439 -4.005625248 -0.957232535 -0.242194951 0.158262730 49.781299591
0.138582677 0.090548545 0.986202478 59.429267883 -0.251462996 0.966391683 -0.053393696 -4.036382675 -0.957893908 -0.240594164 0.156695172 49.865489960
0.136944726 0.091136418 0.986377060 60.011142731 -0.249448746 0.966840625 -0.054698907 -4.069921970 -0.958655894 -0.238559976 0.155138001 49.953426361
0.134500682 0.090056255 0.986812472 60.611068726 -0.250485957 0.966607690 -0.054071661 -4.096933365 -0.958731472 -0.239910170 0.152567625 50.051898956
0.131596386 0.087064527 0.987472355 61.213859558 -0.251322925 0.966518879 -0.051724356 -4.125401020 -0.958915412 -0.241367906 0.149072096 50.154064178
0.127995849 0.084159546 0.988197148 61.725658417 -0.252288759 0.966377378 -0.049623713 -4.130364895 -0.959149122 -0.242959619 0.144925192 50.249565125
0.125629842 0.081544802 0.988719881 62.162868500 -0.249696746 0.967130423 -0.048037004 -4.210882187 -0.960139751 -0.240845487 0.141862303 50.334095001
0.123607315 0.083378121 0.988821924 62.725849152 -0.246398062 0.967834592 -0.050807606 -4.233705044 -0.961253822 -0.237363845 0.140176028 50.410892487
0.120208763 0.085273154 0.989079237 63.213558197 -0.243561193 0.968385875 -0.053887669 -4.266784191 -0.962407112 -0.234423786 0.137178093 50.494991302
0.118321069 0.087017320 0.989154935 63.720020294 -0.244565979 0.968018293 -0.055903375 -4.294540882 -0.962386250 -0.235299334 0.135818839 50.565525055
0.115784362 0.088920183 0.989285946 64.186401367 -0.246969655 0.967282236 -0.058037553 -4.340000153 -0.962080896 -0.237604007 0.133957133 50.649921417
0.112513721 0.085632578 0.989953160 64.662010193 -0.248375461 0.967075467 -0.055424415 -4.410579205 -0.962107062 -0.239644289 0.130078688 50.758644104
0.113353156 0.083619609 0.990029454 65.122039795 -0.242281348 0.968696296 -0.054077897 -4.452721596 -0.963561356 -0.233735994 0.130064651 50.813220978
0.115968503 0.081925139 0.989868224 65.656936646 -0.237256914 0.970026553 -0.052487075 -4.480968952 -0.964499891 -0.228766441 0.131930217 50.874130249
0.117178075 0.081950925 0.989723623 66.207702637 -0.235399008 0.970479071 -0.052487493 -4.496858120 -0.964808881 -0.226829797 0.133010417 50.961681366
0.119875163 0.081242569 0.989459038 66.687889099 -0.238203973 0.969885468 -0.050776538 -4.524858952 -0.963788569 -0.229606465 0.135617867 51.051013947
0.124284193 0.080011569 0.989015222 67.155807495 -0.241188645 0.969283760 -0.048106477 -4.594387054 -0.962486863 -0.232560620 0.139764920 51.152317047
0.130305424 0.077476941 0.988441885 67.590866089 -0.240571260 0.969619155 -0.044287328 -4.649063587 -0.961844802 -0.232020095 0.144985750 51.234806061
0.137316927 0.077272326 0.987508237 68.007957458 -0.242198348 0.969308496 -0.042169619 -4.655860424 -0.960460007 -0.233382523 0.151818097 51.316986084
0.135970071 0.075813189 0.987807631 68.538002014 -0.241120994 0.969617605 -0.041227285 -4.617310047 -0.960922539 -0.232575744 0.150119528 51.589466095
0.144013017 0.074467786 0.986769557 69.078201294 -0.244257346 0.968984544 -0.037477806 -4.639238834 -0.958956659 -0.235628694 0.157736108 51.729030609
0.154523820 0.073256835 0.985269070 69.604797363 -0.243907392 0.969207585 -0.033809684 -4.670073986 -0.957408428 -0.235090271 0.167633981 51.812732697
0.163920164 0.076596394 0.983494997 70.157737732 -0.249111742 0.967881203 -0.033860695 -4.685930252 -0.954501331 -0.239449978 0.177736759 51.936111450
0.172067136 0.078302734 0.981967807 70.697807312 -0.253557622 0.966767371 -0.032660581 -4.702087879 -0.951893151 -0.243365914 0.186203599 52.089073181
0.182066545 0.078517914 0.980145872 71.180061340 -0.257433772 0.965842545 -0.029552650 -4.772387505 -0.948988259 -0.246942416 0.196061254 52.243400574
0.193226442 0.080847502 0.977817178 71.791671753 -0.256658435 0.966060817 -0.029157251 -4.753282547 -0.946989477 -0.245331377 0.207419217 52.355426788
0.204019397 0.080752760 0.975630224 72.401893616 -0.258163452 0.965751171 -0.025949160 -4.772301197 -0.944312871 -0.246578231 0.217879936 52.498172760
0.214577153 0.081158847 0.973328888 73.033691406 -0.258111149 0.965824604 -0.023630776 -4.773453236 -0.941984236 -0.246156737 0.228192493 52.656204224
0.226012707 0.081286967 0.970726550 73.557723999 -0.259773612 0.965453267 -0.020362785 -4.789214134 -0.938847661 -0.247567207 0.239321530 52.785232544
0.239137232 0.075221747 0.968067348 74.146049500 -0.254572600 0.966974497 -0.012251001 -4.791323185 -0.937019289 -0.243514061 0.250389636 52.921634674
0.252324760 0.065423988 0.965427995 74.820877075 -0.243658319 0.969857395 -0.002041559 -4.824236393 -0.936462343 -0.234719738 0.260660827 53.145095825
0.262195677 0.060701087 0.963103354 75.433647156 -0.242379606 0.970167816 0.004839136 -4.844506741 -0.934079409 -0.234705716 0.269087255 53.407997131
0.271623373 0.057572920 0.960679650 75.978721619 -0.245734841 0.969268560 0.011391573 -4.869354725 -0.930501938 -0.239166975 0.277424425 53.599056244
0.280483186 0.055081587 0.958276808 76.584838867 -0.241709784 0.970231473 0.014978550 -4.897046566 -0.928926408 -0.235826418 0.285448164 53.813587189
0.289267272 0.048584230 0.956014276 77.116577148 -0.232360512 0.972403884 0.020889599 -4.914036274 -0.928618193 -0.228182942 0.292574495 54.012081146
0.296998888 0.037744828 0.954131186 77.766754150 -0.220554382 0.974909127 0.030086616 -4.949269772 -0.929056585 -0.219373792 0.297872484 54.234901428
0.304239631 0.032360222 0.952045381 78.457054138 -0.212033600 0.976649642 0.034561776 -4.937785625 -0.928697288 -0.212380946 0.303997755 54.506412506
0.310638905 0.032616280 0.949967861 78.777175903 -0.212989971 0.976384938 0.036124244 -4.963281631 -0.926357031 -0.213555500 0.310250878 54.628105164
0.318583727 0.038446318 0.947114348 79.527137756 -0.206343994 0.978027046 0.029707341 -4.890063286 -0.925162256 -0.204895899 0.319517463 54.934719086
0.327065974 0.040499080 0.944132924 80.434219360 -0.197057679 0.980039656 0.026225232 -4.890102386 -0.924226582 -0.194626272 0.328519076 55.290573120
0.330714077 0.042590346 0.942769110 80.896591187 -0.202059805 0.979009032 0.026653007 -4.896185875 -0.921845317 -0.199310511 0.332378656 55.522220612
0.336104006 0.041776914 0.940897524 81.519050598 -0.206642270 0.977942944 0.030394167 -4.920014858 -0.918875337 -0.204645038 0.337324202 55.775123596
0.341467470 0.044010732 0.938862264 82.151504517 -0.213310570 0.976465046 0.031808309 -4.967982769 -0.915367305 -0.211130992 0.342819810 55.975109100
0.344569057 0.046735819 0.937596500 82.547325134 -0.215316892 0.976067126 0.030475998 -4.975844383 -0.913733840 -0.212381691 0.346386373 56.150672913
0.347652704 0.049827773 0.936298072 83.176506042 -0.217341080 0.975669980 0.028776834 -4.976034164 -0.912085116 -0.213500634 0.350024760 56.468055725
0.350461125 0.052677128 0.935094297 83.778030396 -0.221972272 0.974641085 0.028287308 -4.977647305 -0.909892380 -0.217478886 0.353267521 56.740936279
0.355576038 0.049363293 0.933342457 84.330818176 -0.220221519 0.974912286 0.032336004 -4.982491493 -0.908331990 -0.217040285 0.357527167 56.940361023
0.360807151 0.045641381 0.931522548 85.071800232 -0.215704486 0.975803018 0.035737921 -4.938518047 -0.907352507 -0.213828385 0.361922622 57.224395752
0.364377618 0.042829189 0.930265486 85.762046814 -0.215610534 0.975677431 0.039532952 -4.909057617 -0.905946851 -0.214980245 0.364750326 57.508705139
0.367204487 0.042040389 0.929189265 86.346511841 -0.217618152 0.975133598 0.041880950 -4.894046783 -0.904323995 -0.217587620 0.367223084 57.776168823
0.371067613 0.043368589 0.927592158 86.898780823 -0.219816074 0.974619448 0.042366371 -4.895180225 -0.902213037 -0.219620764 0.371183723 57.995067596
0.373165220 0.043846931 0.926727772 87.517562866 -0.219071925 0.974798799 0.042092226 -4.871332645 -0.901528656 -0.218727708 0.373367518 58.287326813
0.375091016 0.042490959 0.926013231 88.141647339 -0.217426702 0.975113034 0.043326881 -4.835537910 -0.901127636 -0.217591822 0.374995679 58.550720215
0.376502365 0.041209538 0.925498188 88.731636047 -0.215320408 0.975543082 0.044156667 -4.817593098 -0.901044786 -0.215904057 0.376168400 58.812705994
0.378359407 0.040962581 0.924751520 89.328506470 -0.216895327 0.975130200 0.045547906 -4.793067932 -0.899888456 -0.217808083 0.377835125 59.066234589
0.379709214 0.040047493 0.924238205 89.867362976 -0.215911478 0.975306273 0.046443615 -4.782403469 -0.899556458 -0.217189029 0.378980339 59.321289062
0.382898718 0.047726605 0.922556162 90.397575378 -0.220737398 0.974461079 0.041203246 -4.735851765 -0.897029698 -0.219419628 0.383655816 59.541839600
0.385433823 0.048437703 0.921462774 90.918251038 -0.219370484 0.974798501 0.040517934 -4.721989155 -0.896279097 -0.217759013 0.386346936 59.779582977
0.387516320 0.047716908 0.920626581 91.409019470 -0.218740538 0.974896848 0.041543908 -4.714755535 -0.895534813 -0.217477590 0.388226897 60.030853271
0.390111297 0.045996450 0.919617653 91.893043518 -0.216393143 0.975356936 0.043011799 -4.706605911 -0.894978285 -0.215778634 0.390451908 60.260665894
0.393689603 0.045092322 0.918136358 92.405021667 -0.215773419 0.975422144 0.044616103 -4.703351974 -0.893559813 -0.215674609 0.393744141 60.483673096
0.399262816 0.044041231 0.915777624 92.859840393 -0.213219523 0.975918055 0.046026409 -4.704741478 -0.891698062 -0.213638604 0.399039119 60.609672546
0.403231174 0.043209691 0.914076924 93.224136353 -0.213886902 0.975665450 0.048231859 -4.718944073 -0.889750421 -0.214957982 0.402661592 60.763092041
0.405917168 0.042431440 0.912923813 93.699577332 -0.214439780 0.975454569 0.050009433 -4.741122246 -0.888395011 -0.216067180 0.405053616 60.997291565
0.409779727 0.042912640 0.911174059 94.028015137 -0.213944972 0.975549698 0.050272349 -4.749296188 -0.886739552 -0.215542018 0.408942312 61.166881561
0.413638204 0.042968914 0.909426272 94.343154907 -0.212599576 0.975827336 0.050591253 -4.754023552 -0.885270476 -0.214270443 0.412775487 61.325588226
0.419288427 0.046121433 0.906680226 94.809547424 -0.213784575 0.975637853 0.049234040 -4.732948303 -0.882322073 -0.214477837 0.418934554 61.520191193
0.424884617 0.051853701 0.903760672 95.251922607 -0.216939986 0.975097001 0.046043184 -4.717354298 -0.878867984 -0.215625167 0.425553709 61.735015869
0.431351334 0.058177948 0.900305748 95.711395264 -0.220532209 0.974443495 0.042691819 -4.702741146 -0.874814510 -0.216961890 0.433158487 61.961803436
0.437574714 0.064634129 0.896855593 96.183052063 -0.225243151 0.973490357 0.039738782 -4.674868584 -0.870512903 -0.219399557 0.440534055 62.212669373
0.445624232 0.068584360 0.892588615 96.606361389 -0.227975652 0.972881436 0.039062738 -4.677026749 -0.865704954 -0.220896050 0.449176013 62.380352020
0.449788362 0.068467826 0.890506446 97.082382202 -0.231276482 0.971975923 0.042084262 -4.631488800 -0.862670600 -0.224882483 0.453019351 62.701293945
0.455288231 0.066752262 0.887837768 97.576927185 -0.236649051 0.970387638 0.048396088 -4.600428104 -0.858317435 -0.232140422 0.457603842 62.992992401
0.462624341 0.063515693 0.884275794 98.049842834 -0.242058143 0.968580723 0.057065703 -4.591458797 -0.852868974 -0.240446433 0.463464409 63.208606720
0.469094038 0.060809277 0.881051779 98.552986145 -0.246924683 0.966868401 0.064736538 -4.558377743 -0.847925603 -0.247921258 0.468568474 63.487876892
0.475481451 0.058581173 0.877772629 99.013183594 -0.249064371 0.965919614 0.070451826 -4.533049107 -0.843731701 -0.252120733 0.473868251 63.748825073
0.482266814 0.061702695 0.873848200 99.512298584 -0.252806962 0.964877844 0.071390823 -4.496258736 -0.838752687 -0.255344629 0.480928332 64.033172607
0.488384247 0.065372042 0.870176196 99.955825806 -0.256083786 0.964019775 0.071304232 -4.467617512 -0.834206581 -0.257662147 0.487553686 64.306015015
