1.000000000 0.000000000 0.000000000 0.000000000 0.000000000 1.000000000 0.000000000 0.000000000 0.000000000 0.000000000 1.000000000 0.000000000
0.999998629 0.000642632 0.001520905 -0.007783772 -0.000635509 0.999988854 -0.004679221 0.001283560 -0.001523895 0.004678247 0.999987900 0.951215804
0.999994993 -0.001290765 0.002881579 -0.030574480 0.001304817 0.999987245 -0.004879810 -0.020639665 -0.002875243 0.004883545 0.999983966 1.815285563
0.999990582 -0.002675293 0.003412257 -0.040909894 0.002678723 0.999995887 -0.001000999 -0.019798411 -0.003409566 0.001010130 0.999993682 2.794896841
0.999982238 -0.005396688 0.002534787 -0.037732325 0.005383557 0.999972224 0.005158919 -0.027778216 -0.002562558 -0.005145181 0.999983490 3.762942314
0.999959826 -0.008857555 0.001378324 -0.043109782 0.008850690 0.999948800 0.004909629 -0.019830722 -0.001421741 -0.004897232 0.999987006 4.704671860
0.999929309 -0.011895184 0.000063922 -0.069577321 0.011895326 0.999924362 -0.003138117 0.063106865 -0.000026589 0.003138656 0.999995053 5.752645493
0.999925137 -0.012207204 -0.000869440 -0.068618603 0.012201624 0.999906659 -0.006155901 0.042524464 0.000944505 0.006144832 0.999980628 6.604698658
0.999937057 -0.011170419 -0.001065971 -0.086854503 0.011165309 0.999926746 -0.004684257 -0.030371368 0.001118217 0.004672062 0.999988437 7.364643097
0.999969721 -0.007790248 0.000127948 -0.139138013 0.007790501 0.999967515 -0.002122350 -0.059343066 -0.000111411 0.002123284 0.999997735 8.107499123
0.999970973 -0.007558051 -0.001005950 -0.138942763 0.007559062 0.999971032 0.001005993 -0.065225869 0.000998317 -0.001013565 0.999998987 9.032332420
0.999969482 -0.007555245 -0.002016361 -0.144090667 0.007560400 0.999968231 0.002562080 -0.068855748 0.001996939 -0.002577243 0.999994695 9.959309578
0.999959230 -0.008610324 -0.002727067 -0.145800620 0.008619692 0.999957025 0.003443464 -0.068797365 0.002697300 -0.003466827 0.999990344 10.872089386
0.999956727 -0.008624118 -0.003489800 -0.152725652 0.008635907 0.999957085 0.003378580 -0.068993546 0.003460511 -0.003408569 0.999988198 11.772675514
0.999941409 -0.010141998 -0.003785434 -0.176959574 0.010148210 0.999947250 0.001626551 -0.051896308 0.003768736 -0.001664868 0.999991536 12.611385345
0.999947131 -0.009170769 -0.004651225 -0.201116353 0.009173852 0.999957800 0.000642731 -0.078024812 0.004645133 -0.000685364 0.999989033 13.328698158
0.999955773 -0.007363763 -0.005857686 -0.212860495 0.007370927 0.999972224 0.001202711 -0.132200420 0.005848666 -0.001245832 0.999982178 13.989719391
0.999945760 -0.006992641 -0.007722597 -0.221743643 0.006996713 0.999975502 0.000500741 -0.129205704 0.007718905 -0.000554744 0.999970138 14.892416000
0.999940336 -0.005550879 -0.009414662 -0.234155133 0.005544075 0.999984384 -0.000748215 -0.126027212 0.009418668 0.000695977 0.999955475 15.777000427
0.999942183 -0.003494567 -0.010176061 -0.268727958 0.003491679 0.999993920 -0.000301217 -0.138344854 0.010177052 0.000265671 0.999948204 16.584714890
0.999927044 -0.003841586 -0.011455029 -0.284853250 0.003843900 0.999992609 0.000180265 -0.133596301 0.011454253 -0.000224281 0.999934375 17.461847305
0.999920487 -0.002891539 -0.012273571 -0.306776553 0.002875622 0.999994993 -0.001314075 -0.108323768 0.012277309 0.001278679 0.999923825 18.401199341
0.999906957 -0.002645771 -0.013380243 -0.328840494 0.002636328 0.999996305 -0.000723045 -0.107867353 0.013382104 0.000687706 0.999910235 19.282979965
0.999881029 -0.003816436 -0.014942311 -0.345888704 0.003803657 0.999992371 -0.000883296 -0.108095661 0.014945568 0.000826358 0.999887943 20.155035019
0.999859035 -0.003832789 -0.016344076 -0.367045492 0.003809423 0.999991715 -0.001460242 -0.110169560 0.016349535 0.001397777 0.999865353 21.026348114
0.999849796 -0.003029327 -0.017064018 -0.387919009 0.003006078 0.999994576 -0.001387686 -0.110617056 0.017068127 0.001336184 0.999853432 21.883558273
0.999839962 0.015755046 -0.008471772 -0.557838142 -0.015896775 0.999730349 -0.016930278 0.090436026 0.008202749 0.017062245 0.999820769 22.966444016
0.999850154 0.014252920 -0.009824958 -0.548472762 -0.014393408 0.999793053 -0.014379296 0.083240584 0.009617976 0.014518560 0.999848306 23.791130066
0.999841273 0.014460764 -0.010410953 -0.561900735 -0.014594292 0.999810755 -0.012865618 0.069102027 0.010222935 0.013015519 0.999863029 24.635656357
0.999818385 0.015536979 -0.011039909 -0.576008976 -0.015691474 0.999778211 -0.014047661 0.054506034 0.010819200 0.014218344 0.999840379 25.467357635
0.999774277 0.017621351 -0.011868530 -0.592264891 -0.017818350 0.999701738 -0.016702009 0.040370241 0.011570675 0.016909720 0.999790072 26.285102844
0.999754012 0.018146867 -0.012748855 -0.605024874 -0.018381963 0.999658585 -0.018571628 0.032357320 0.012407482 0.018801412 0.999746263 27.087009430
0.999720335 0.019281635 -0.013693592 -0.620924115 -0.019539548 0.999629378 -0.018957369 0.018044148 0.013322984 0.019219637 0.999726534 27.886577606
0.999709308 0.018813459 -0.015078380 -0.634300232 -0.019102661 0.999631822 -0.019270979 0.000872616 0.014710272 0.019553417 0.999700606 28.672149658
0.999661982 0.019679980 -0.016988076 -0.656622171 -0.020021087 0.999596536 -0.020148214 -0.017289322 0.016584704 0.020481527 0.999652684 29.445617676
0.999626577 0.020064007 -0.018550618 -0.680560112 -0.020441378 0.999583244 -0.020382050 -0.028645366 0.018133938 0.020753644 0.999620140 30.213863373
0.999586701 0.020538408 -0.020116245 -0.706155837 -0.020929379 0.999592245 -0.019421883 -0.041319344 0.019709148 0.019834880 0.999608994 30.979900360
0.999540746 0.021014359 -0.021834914 -0.725409210 -0.021390945 0.999623895 -0.017159017 -0.055521943 0.021466114 0.017618209 0.999614298 31.723569870
0.999466717 0.022249628 -0.023903463 -0.746495426 -0.022626543 0.999621987 -0.015615301 -0.069104232 0.023546990 0.016147831 0.999592245 32.468772888
0.999397397 0.023001317 -0.025998168 -0.762894809 -0.023409054 0.999605894 -0.015489267 -0.074484013 0.025631644 0.016088530 0.999541938 33.215034485
0.999262154 0.026087681 -0.028190462 -0.783299685 -0.026549134 0.999517441 -0.016120747 -0.089117587 0.027756302 0.016857289 0.999472499 33.914951324
0.999159694 0.027982501 -0.029949816 -0.811396539 -0.028492991 0.999453485 -0.016756028 -0.100772642 0.029464567 0.017595310 0.999410927 34.618865967
0.999101579 0.028422559 -0.031435169 -0.836150050 -0.028924033 0.999459565 -0.015614672 -0.110183924 0.030974364 0.016509879 0.999383807 35.305824280
0.999031842 0.029580923 -0.032562323 -0.863258302 -0.030050654 0.999449849 -0.014032060 -0.115087524 0.032129318 0.014996999 0.999371171 36.015735626
0.998948336 0.032480527 -0.032359518 -0.900224924 -0.032928988 0.999367535 -0.013423419 -0.125983134 0.031903040 0.014474872 0.999386132 36.694385529
0.998859465 0.036108129 -0.031236799 -0.928260803 -0.036605678 0.999209464 -0.015505715 -0.139255688 0.030652206 0.016631480 0.999391735 37.355392456
0.998842359 0.038139742 -0.029309679 -0.960262597 -0.038693480 0.999078572 -0.018563520 -0.153750375 0.028574649 0.019676130 0.999397933 38.005428314
0.998862922 0.039150938 -0.027198950 -0.980827928 -0.039716523 0.998999000 -0.020574991 -0.158323750 0.026366178 0.021631848 0.999418259 38.649139404
0.998903096 0.040397327 -0.023672495 -1.008090854 -0.040867638 0.998969555 -0.019732364 -0.174760431 0.022850949 0.020678159 0.999525011 39.299884796
0.998774171 0.045045093 -0.020513568 -1.028065324 -0.045398489 0.998822391 -0.017100601 -0.187857002 0.019719098 0.018010924 0.999643326 39.928524017
0.998639703 0.049373779 -0.016750459 -1.038714051 -0.049606360 0.998673737 -0.013765741 -0.202187255 0.016048560 0.014577945 0.999764979 40.556228638
0.998423100 0.054787625 -0.012220054 -1.058714151 -0.054946225 0.998403847 -0.013043986 -0.209933788 0.011485882 0.013694861 0.999840260 41.151165009
0.998242795 0.058893442 -0.006527075 -1.077700853 -0.058975477 0.998172104 -0.013182561 -0.211913109 0.005738758 0.013544332 0.999891818 41.754703522
0.998013377 0.062996462 -0.000672799 -1.080335736 -0.063000038 0.997948825 -0.011338626 -0.223185584 -0.000042897 0.011358485 0.999935508 42.312824249
0.997649610 0.068241172 0.006168092 -1.086036801 -0.068175577 0.997620106 -0.010283458 -0.233681694 -0.006855193 0.009838773 0.999928117 42.867496490
0.997332573 0.071777813 0.013240675 -1.084556937 -0.071638167 0.997372687 -0.010736293 -0.246527135 -0.013976543 0.009759116 0.999854743 43.396633148
0.996926904 0.075584002 0.020578083 -1.079622507 -0.075363375 0.997091949 -0.011294697 -0.249622241 -0.021371970 0.009709153 0.999724507 43.904766083
0.996429086 0.080009878 0.026966888 -1.060286880 -0.079731740 0.996752739 -0.011237502 -0.278774083 -0.027778467 0.009047256 0.999573171 44.293582916
0.995847583 0.084295891 0.034373593 -1.049032688 -0.083842769 0.996374369 -0.014419502 -0.282064050 -0.035464510 0.011477648 0.999305010 44.767078400
0.995337903 0.086675696 0.042302731 -1.033422351 -0.085988335 0.996136665 -0.017809708 -0.289563149 -0.043683015 0.014089137 0.998946071 45.211677551
0.994768143 0.088614829 0.050827995 -1.047611356 -0.087940894 0.996007144 -0.015349994 -0.359196335 -0.051985331 0.010799827 0.998589396 45.417304993
0.994400144 0.087845609 0.058748052 -1.017736435 -0.087150417 0.996092260 -0.014297614 -0.365481555 -0.059774518 0.009097633 0.998170376 45.826026917
0.993624687 0.087268382 0.071371876 -1.163125396 -0.086876281 0.996181846 -0.008585437 -0.473944366 -0.071848661 0.002330179 0.997412801 45.786521912
0.992694974 0.090217270 0.080108032 -1.134825110 -0.089809552 0.995920837 -0.008685367 -0.479607671 -0.080564894 0.001427453 0.996748328 46.145503998
0.991151571 0.096296594 0.091352291 -1.357645512 -0.096101329 0.995349824 -0.006544123 -0.580370188 -0.091557734 -0.002292861 0.995797098 45.918651581
0.989920259 0.100057043 0.100231230 -1.326795936 -0.099880591 0.994976103 -0.006789782 -0.585478604 -0.100407116 -0.003289815 0.994940996 46.218578339
0.988996446 0.098962396 0.109965071 -1.301677942 -0.098923050 0.995077848 -0.005826712 -0.610466003 -0.110000506 -0.005115487 0.993918359 46.503540039
0.987863719 0.097900532 0.120584242 -1.262371659 -0.097649641 0.995188475 -0.008002233 -0.617165864 -0.120787561 -0.003869895 0.992670834 46.771194458
0.986482620 0.096753590 0.132251829 -1.217376113 -0.095879115 0.995308161 -0.012979550 -0.619886756 -0.132887244 0.000123912 0.991131127 47.039710999
0.981690884 0.117218591 0.150141433 -1.217571378 -0.118886821 0.992905319 0.002152317 -1.144733191 -0.148824051 -0.019962754 0.988662124 47.460029602
0.979048967 0.118951082 0.165267602 -1.166125178 -0.120449580 0.992718816 -0.000961691 -1.145963907 -0.164178759 -0.018964875 0.986248195 47.716857910
0.978408158 0.115856901 0.171156168 -0.977587700 -0.117105633 0.993115366 -0.002817059 -1.138150573 -0.170304283 -0.017287122 0.985239804 48.005390167
0.975265443 0.116303883 0.187964022 -0.919549584 -0.117444560 0.993066251 -0.005095907 -1.136990666 -0.187253490 -0.017105494 0.982162595 48.264591217
0.971564174 0.116321646 0.206233039 -0.867172539 -0.117432736 0.993056834 -0.006888165 -1.148432970 -0.205602482 -0.017526219 0.978478491 48.476482391
0.967094541 0.117019653 0.225907773 -0.816128969 -0.118337400 0.992943048 -0.007748346 -1.166445613 -0.225220382 -0.019239958 0.974117696 48.663787842
0.952952623 0.141546935 0.268040001 -2.966747522 -0.152398333 0.988116443 0.020010224 -2.223602772 -0.262022436 -0.059917659 0.963199794 44.196960449
0.946577013 0.143656522 0.288711667 -2.879436731 -0.154682726 0.987840533 0.015618890 -2.214963913 -0.282957435 -0.059443202 0.957288563 44.446537018
0.939351678 0.144853041 0.310862899 -2.786423922 -0.156042293 0.987685680 0.011288890 -2.210886240 -0.305399716 -0.059112009 0.950387597 44.685291290
0.930958927 0.145869702 0.334719688 -2.684006453 -0.157524139 0.987484276 0.007780927 -2.209688663 -0.329395592 -0.059970167 0.942285478 44.924602509
0.921168745 0.148453623 0.359735221 -2.573485613 -0.160769433 0.986982107 0.004377350 -2.211202145 -0.354402542 -0.061866723 0.933044016 45.165863037
0.909994900 0.150517061 0.386333764 -2.456599236 -0.163449720 0.986551285 0.000635725 -2.216474533 -0.381042510 -0.063724674 0.922358692 45.397899628
0.897605062 0.151175112 0.414066464 -2.329571247 -0.164482325 0.986373365 -0.003562148 -2.223545790 -0.408962816 -0.064909235 0.910239518 45.627220154
0.883875191 0.149485871 0.443191350 -2.196391821 -0.162516460 0.986667335 -0.008683870 -2.233178854 -0.438580751 -0.064350449 0.896384835 45.837516785
0.867960811 0.146864697 0.474420428 -2.049362421 -0.158995420 0.987169445 -0.014709716 -2.243705273 -0.470493883 -0.062663242 0.880175352 46.046836853
0.849417746 0.146423042 0.507000685 -1.888215303 -0.156731457 0.987383008 -0.022574252 -2.253257751 -0.503909469 -0.060288012 0.861649871 46.261978149
0.828610480 0.148184597 0.539857328 -1.713712096 -0.156092554 0.987242877 -0.031405106 -2.264934778 -0.537624240 -0.058245141 0.841170371 46.477188110
0.805366278 0.150275916 0.573412716 -1.527531743 -0.155771285 0.986987650 -0.039879687 -2.276404858 -0.571944416 -0.057203524 0.818295360 46.693935394
0.779282987 0.153108612 0.607680559 -1.317656875 -0.156618997 0.986505926 -0.047709327 -2.288693190 -0.606785357 -0.057995297 0.792747140 46.921836853
0.750252366 0.156820878 0.642283738 -1.098251581 -0.159081981 0.985740006 -0.054855756 -2.307088375 -0.641727507 -0.061020166 0.764501333 47.145702362
0.718668699 0.160587162 0.676555157 -0.866529405 -0.161875278 0.984872878 -0.061817907 -2.332059860 -0.676248193 -0.065091014 0.733792543 47.366130829
0.684201598 0.161767632 0.711125255 -0.605483890 -0.161064640 0.984529078 -0.068995208 -2.355964184 -0.711284935 -0.067330554 0.699671566 47.584354401
0.646757066 0.159100980 0.745916903 -0.308883399 -0.156091437 0.984910965 -0.074736282 -2.386073828 -0.746552587 -0.068095066 0.661832571 47.799972534
0.607022941 0.157566354 0.778906822 0.016469479 -0.151511237 0.985114217 -0.081203625 -2.417608500 -0.780107379 -0.068720721 0.621860147 48.010562897
0.563932598 0.156938538 0.810771346 0.359610945 -0.147705898 0.985113025 -0.087948397 -2.452387094 -0.812504172 -0.070158795 0.578718245 48.209510803
0.517098308 0.156924441 0.841417849 0.726402283 -0.142079979 0.985148311 -0.096414104 -2.488471985 -0.844051301 -0.069693111 0.531714499 48.402072906
0.467478544 0.156656504 0.870012999 1.106225491 -0.137379780 0.985089660 -0.103560098 -2.522394419 -0.873264313 -0.071110122 0.482029915 48.585762024
0.417559832 0.155311376 0.895277739 1.494588614 -0.137128979 0.984769940 -0.106879100 -2.583851814 -0.898242354 -0.078140154 0.432498306 48.742561340
0.366753250 0.152872249 0.917672157 1.927058220 -0.134207651 0.984782219 -0.110415086 -2.631967783 -0.920586944 -0.082663588 0.381688952 48.899658203
0.315808773 0.152001157 0.936568439 2.384549856 -0.132834464 0.984445930 -0.114980064 -2.674924612 -0.939478457 -0.088096902 0.331087887 49.042976379
0.266506493 0.152334809 0.951718628 2.800080299 -0.126509458 0.984416485 -0.122142576 -2.713460684 -0.955494404 -0.087849669 0.281625390 49.140098572
0.220137283 0.149508387 0.963943362 3.277627945 -0.112156056 0.985510111 -0.127240226 -2.777280331 -0.968999743 -0.080101818 0.233716011 49.213127136
0.177181289 0.144414693 0.973525107 3.781197548 -0.095515110 0.987029016 -0.129034236 -2.840220213 -0.979532421 -0.070123948 0.188677043 49.264381409
0.137506187 0.146050394 0.979674101 4.333461761 -0.071992777 0.987926662 -0.137175933 -2.817608118 -0.987881184 -0.051666956 0.146360785 49.324928284
0.099329211 0.147718474 0.984028935 4.847147465 -0.065955304 0.987721741 -0.141615286 -2.882755280 -0.992866397 -0.050835427 0.107852593 49.354236603
0.066118829 0.149246007 0.986586988 5.415721416 -0.057735261 0.987665951 -0.145539999 -2.975061417 -0.996140122 -0.047337957 0.073920213 49.387222290
0.036652572 0.145491287 0.988680363 5.883711815 -0.052071709 0.988278866 -0.143501848 -3.131293297 -0.997970581 -0.046222601 0.043799065 49.383777618
0.012469081 0.143794298 0.989529073 6.427174091 -0.042994712 0.988767445 -0.143141925 -3.208439589 -0.998997569 -0.040759701 0.018511530 49.361648560
-0.008021610 0.143456802 0.989624083 6.955487251 -0.040651500 0.988790631 -0.143665552 -3.293656111 -0.999141276 -0.041382164 -0.002099855 49.346336365
-0.023222946 0.144435242 0.989241719 7.486326694 -0.035244033 0.988774836 -0.145194501 -3.375797987 -0.999108970 -0.038236745 -0.017871685 49.319084167
-0.036429364 0.144041389 0.988900900 8.063130379 -0.033405300 0.988828838 -0.145261541 -3.458915472 -0.998777866 -0.038326345 -0.031210568 49.294334412
-0.048033934 0.145015761 0.988262713 8.656617165 -0.031785175 0.988681436 -0.146622151 -3.539686441 -0.998340011 -0.038454968 -0.042880818 49.272056580
-0.057136163 0.148044780 0.987328827 9.296208382 -0.027649192 0.988330066 -0.149794996 -3.632210732 -0.997983575 -0.035857581 -0.052375987 49.241306305
-0.063518755 0.150175363 0.986616850 9.917984962 -0.023618644 0.988109767 -0.151923224 -3.709311724 -0.997701228 -0.032952547 -0.059216481 49.190864563
-0.067889027 0.149661183 0.986403883 10.493000031 -0.021777619 0.988226771 -0.151436627 -3.781576872 -0.997455239 -0.031762436 -0.063830413 49.151065826
-0.072133966 0.146624595 0.986558616 11.183098793 -0.024598002 0.988572717 -0.148722470 -3.870610952 -0.997091651 -0.034995340 -0.067702927 49.120140076
-0.074748516 0.139704600 0.987367868 11.854156494 -0.026367785 0.989514470 -0.142004490 -3.958217144 -0.996853828 -0.036649358 -0.070280962 49.076877594
-0.075963654 0.134147957 0.988045514 12.535341263 -0.025530810 0.990321755 -0.136419877 -4.047168255 -0.996783733 -0.035588581 -0.071803480 49.034915924
-0.077424012 0.131502256 0.988287747 13.243007660 -0.025312185 0.990684211 -0.133804098 -4.134438038 -0.996676981 -0.035375405 -0.073374063 48.995979309
-0.079065733 0.131567910 0.988149047 13.730414391 -0.027610753 0.990582585 -0.134101167 -4.298598766 -0.996487021 -0.037886377 -0.074688375 48.988426208
-0.078270935 0.138646886 0.987244010 14.442411423 -0.026493551 0.989642680 -0.141084194 -4.390947819 -0.996580064 -0.037198421 -0.073786929 48.934074402
-0.074424759 0.148326695 0.986133933 15.015838623 -0.023713619 0.988333225 -0.150447145 -4.350857258 -0.996944666 -0.034581821 -0.070039019 48.809127808
-0.075640768 0.148979828 0.985942900 15.287836075 -0.026283460 0.988133788 -0.151327297 -4.381440639 -0.996788681 -0.037360530 -0.070827410 48.840103149
-0.077156186 0.145041227 0.986412644 15.766002655 -0.029396242 0.988600433 -0.147662237 -4.431135178 -0.996585548 -0.040389907 -0.072012894 48.878810883
-0.077463485 0.137341112 0.987490118 16.280687332 -0.034847192 0.989487708 -0.140352488 -4.566898823 -0.996386051 -0.045283478 -0.071863130 48.886688232
-0.075093500 0.135419697 0.987938404 17.001298904 -0.037357889 0.989657819 -0.138494939 -4.670151234 -0.996476471 -0.047307391 -0.069257788 48.848636627
-0.071150191 0.140917525 0.987461269 17.743413925 -0.030269155 0.989208937 -0.143347904 -4.781237602 -0.997006297 -0.040088870 -0.066116862 48.792003632
-0.068159766 0.146447077 0.986867428 18.471141815 -0.029186929 0.988451421 -0.148697942 -4.882079124 -0.997247458 -0.038938865 -0.063098185 48.748004913
-0.066247776 0.146452546 0.986996770 19.173295975 -0.035544083 0.988195360 -0.149016067 -4.982430935 -0.997169971 -0.044953909 -0.060260125 48.719902039
-0.063388288 0.142524093 0.987759411 19.889633179 -0.040439676 0.988569856 -0.145236135 -5.087072849 -0.997169316 -0.049150977 -0.056900024 48.693260193
-0.059073631 0.138531432 0.988594532 20.553703308 -0.038766928 0.989258349 -0.140940890 -5.204032421 -0.997500658 -0.046650700 -0.053068548 48.664844513
-0.056207556 0.139454141 0.988631904 21.233377457 -0.038340632 0.989165246 -0.141709089 -5.340993881 -0.997682691 -0.045869932 -0.050251700 48.619991302
-0.055151843 0.143309787 0.988139868 21.867885590 -0.042154204 0.988429368 -0.145704478 -5.450709343 -0.997587800 -0.049690153 -0.048472490 48.621498108
-0.048955139 0.144195944 0.988337338 22.357728958 -0.039453212 0.988472104 -0.146169752 -5.513628960 -0.998021543 -0.046148878 -0.042701695 48.533329010
-0.046772648 0.142228737 0.988728046 22.934179306 -0.045621011 0.988474131 -0.144350260 -5.667883873 -0.997863352 -0.051858455 -0.039744828 48.512180328
-0.042699151 0.139187604 0.989344954 23.659919739 -0.041583482 0.989142179 -0.140953705 -5.781193256 -0.998222411 -0.047159046 -0.036447521 48.471164703
-0.039313354 0.139695525 0.989413679 24.358411789 -0.039007820 0.989209652 -0.141216561 -5.892200947 -0.998465478 -0.044146601 -0.033439819 48.450340271
-0.035568103 0.140590534 0.989428639 25.072048187 -0.036424465 0.989214718 -0.141869426 -5.992679596 -0.998703480 -0.041085470 -0.030063443 48.425838470
-0.034927964 0.145701557 0.988711774 25.810462952 -0.039638102 0.988334715 -0.147046208 -6.030329227 -0.998603702 -0.044326715 -0.028745076 48.445781708
-0.032015208 0.143980861 0.989062369 26.488485336 -0.040467810 0.988571167 -0.145219207 -6.144153118 -0.998668075 -0.044674445 -0.025822610 48.439369202
-0.028213613 0.143203661 0.989290893 27.244649887 -0.039086167 0.988769650 -0.144242838 -6.252966404 -0.998837769 -0.042737238 -0.022299368 48.421077728
-0.024205120 0.143805102 0.989309847 27.899854660 -0.038616445 0.988726437 -0.144665033 -6.328971386 -0.998961151 -0.041705307 -0.018378884 48.375598907
-0.021847181 0.145274416 0.989150047 28.626304626 -0.042804364 0.988342822 -0.146101192 -6.436175346 -0.998844802 -0.045531880 -0.015374004 48.379562378
-0.019627642 0.145775199 0.989122868 29.402667999 -0.041918624 0.988323390 -0.146489099 -6.537966728 -0.998928428 -0.044337947 -0.013287639 48.379547119
-0.017604515 0.145637438 0.989181280 30.160875320 -0.044632785 0.988233745 -0.146292195 -6.639918327 -0.998848557 -0.046725355 -0.010897046 48.383590698
-0.015738944 0.145721197 0.989200413 30.880113602 -0.047008477 0.988120973 -0.146310076 -6.746963978 -0.998770714 -0.048803609 -0.008701722 48.388706207
-0.013357136 0.145581856 0.989255965 31.614889145 -0.050506536 0.987982869 -0.146076426 -6.855892181 -0.998634696 -0.051915091 -0.005843659 48.394046783
-0.010870175 0.146690607 0.989122570 32.241298676 -0.054548010 0.987620890 -0.147067323 -6.988642693 -0.998452246 -0.055553358 -0.002733802 48.387542725
-0.008323766 0.150238544 0.988614619 32.995704651 -0.057091370 0.986964643 -0.150468424 -7.097049713 -0.998334527 -0.057693865 0.000362193 48.398521423
-0.005750867 0.152333423 0.988312304 33.715110779 -0.058797471 0.986567080 -0.152406469 -7.202250481 -0.998253644 -0.058986776 0.003283337 48.411777496
-0.003884580 0.154463187 0.987990737 34.489677429 -0.065701827 0.985823870 -0.154382646 -7.306490898 -0.997832000 -0.065512553 0.006319137 48.435894012
-0.001343810 0.153695121 0.988117218 35.260345459 -0.068947427 0.985752344 -0.153420940 -7.410783768 -0.997619629 -0.068334356 0.009272356 48.454650879
0.003060010 0.154470012 0.987992525 36.020286560 -0.066874586 0.985816896 -0.153922632 -7.523423195 -0.997756898 -0.065600641 0.013346869 48.464790344
0.006771130 0.155783102 0.987767875 36.767314911 -0.068676323 0.985530555 -0.154959396 -7.641695499 -0.997616172 -0.066787072 0.017371912 48.482063293
0.009838545 0.156604707 0.987612188 37.555259705 -0.073653132 0.985090494 -0.155471027 -7.755122662 -0.997235537 -0.071211182 0.021226430 48.510692596
0.013007238 0.154624566 0.987887502 38.337863922 -0.075900100 0.985273182 -0.153215930 -7.874101639 -0.997030735 -0.072987907 0.024551854 48.542469025
0.017988585 0.154195994 0.987876296 39.121063232 -0.075758249 0.985405862 -0.152430788 -7.999081612 -0.996964097 -0.072097823 0.029407831 48.566188812
0.022359468 0.157544225 0.987258554 39.877563477 -0.080659762 0.984570324 -0.155288368 -8.119242668 -0.996491015 -0.076159939 0.034722105 48.598369598
0.026818277 0.166947380 0.985600770 40.653926849 -0.086108625 0.982676327 -0.164108902 -8.230841637 -0.995924830 -0.080467671 0.040729459 48.647613525
0.033280462 0.171876177 0.984555960 41.428005219 -0.090240106 0.981594682 -0.168308765 -8.357275963 -0.995363951 -0.083245113 0.048178218 48.692913055
0.038142081 0.174510002 0.983916104 42.120639801 -0.098573476 0.980487168 -0.170080483 -8.481245041 -0.994398654 -0.090500891 0.054600053 48.789203644
0.044940643 0.172318414 0.984015286 42.851238251 -0.102437183 0.980613053 -0.167044163 -8.616721153 -0.993723929 -0.093292773 0.061721381 48.844173431
0.051306866 0.170413300 0.984035730 43.637359619 -0.104752794 0.980816305 -0.164393947 -8.748176575 -0.993174076 -0.094646044 0.068174072 48.917137146
0.057825990 0.167119920 0.984239101 44.462562561 -0.106782362 0.981268167 -0.160341710 -8.871131897 -0.992599607 -0.095827550 0.074588463 48.998569489
0.064481370 0.161367670 0.984785318 45.236808777 -0.110096328 0.981965005 -0.153696612 -8.991704941 -0.991827190 -0.098510779 0.081084646 49.085693359
0.072176270 0.153768897 0.985467017 46.011940002 -0.112096079 0.983034372 -0.145179227 -9.109620094 -0.991072774 -0.099988587 0.088188849 49.139923096
0.080049068 0.151170641 0.985260904 46.833927155 -0.112465642 0.983490825 -0.141761541 -9.229187012 -0.990426064 -0.099460222 0.095729239 49.220996857
0.086366415 0.156873986 0.983834743 47.656246185 -0.114680290 0.982525587 -0.146597907 -9.300883293 -0.989641130 -0.100165427 0.102847777 49.311737061
0.091881149 0.167101279 0.981648803 48.498771667 -0.114835925 0.981019437 -0.156245559 -9.365489960 -0.989126265 -0.098372638 0.109326631 49.418254852
0.096282482 0.175400585 0.979777336 49.347389221 -0.117069118 0.979513884 -0.163848966 -9.419059753 -0.988445640 -0.098925993 0.114844233 49.540565491
0.101261631 0.181978583 0.978074193 50.215972900 -0.118875526 0.978297174 -0.169712588 -9.497035027 -0.987732232 -0.099083826 0.120696992 49.649139404
0.106041491 0.188481659 0.976334572 51.035598755 -0.123446129 0.976770163 -0.175157934 -9.542012215 -0.986669481 -0.101950824 0.126845732 49.752098083
0.111747295 0.185861930 0.976200402 51.807361603 -0.119990222 0.977689385 -0.172409818 -9.675994873 -0.986466050 -0.097868279 0.131555989 49.856014252
0.116106063 0.179069266 0.976961076 52.560359955 -0.119412966 0.978995442 -0.165250540 -9.803853035 -0.986032546 -0.097475328 0.135050744 49.967983246
0.119454354 0.172621295 0.977717698 53.304519653 -0.120810702 0.979978442 -0.158260092 -9.926441193 -0.985462189 -0.099214002 0.137917444 50.082309723
0.120766364 0.168930426 0.978201091 53.965339661 -0.128133118 0.979822576 -0.153391361 -10.049318314 -0.984376788 -0.106815547 0.139975443 50.205177307
0.123828419 0.168946460 0.977815449 54.698150635 -0.129767880 0.979693949 -0.152837425 -10.162413597 -0.983782053 -0.107963517 0.143238023 50.322944641
0.125469953 0.170821145 0.977280319 55.401748657 -0.132545635 0.979120135 -0.154125527 -10.284152031 -0.983203530 -0.110196210 0.145492002 50.432647705
0.126884207 0.174827889 0.976388752 56.097194672 -0.136013120 0.978113294 -0.157461330 -10.399198532 -0.982548237 -0.112822421 0.147886276 50.545242310
0.126591206 0.179263577 0.975622177 56.783119202 -0.140326098 0.976879954 -0.161286667 -10.506294250 -0.981979370 -0.116487883 0.148820028 50.675224304
0.125420257 0.188968077 0.973940611 57.495849609 -0.142969251 0.974887967 -0.170740783 -10.550639153 -0.981748283 -0.117829308 0.149287611 50.821929932
0.127503172 0.191432849 0.973188519 58.012516022 -0.144716725 0.974286854 -0.172688633 -10.650683403 -0.981223822 -0.118818425 0.151928470 50.793949127
0.128431201 0.191402778 0.973072469 58.679592133 -0.147863090 0.973926485 -0.172054946 -10.764215469 -0.980633497 -0.121784404 0.153384209 50.908943176
0.128842041 0.188370258 0.973609746 59.341552734 -0.148036301 0.974445105 -0.168941498 -10.878134727 -0.980553448 -0.122362949 0.153435379 51.019515991
0.129499659 0.186652467 0.973853290 59.982761383 -0.148323119 0.974719882 -0.167094946 -10.980014801 -0.980423510 -0.122806355 0.153911009 51.122612000
0.129044190 0.185951665 0.974047780 60.634483337 -0.147187844 0.974971831 -0.166628137 -11.084289551 -0.980654597 -0.121865749 0.153184518 51.240135193
0.127040148 0.185265869 0.974441826 61.278602600 -0.148091882 0.974933207 -0.166052088 -11.194189072 -0.980780125 -0.123211786 0.151292279 51.347118378
0.124560088 0.186131194 0.974597096 61.901569366 -0.150089964 0.974478364 -0.166925862 -11.300149918 -0.980794549 -0.125485078 0.149317771 51.454700470
0.122081771 0.189297453 0.974300802 62.513725281 -0.150978595 0.973761380 -0.170274600 -11.403081894 -0.980969787 -0.126311287 0.147458628 51.549667358
0.119875759 0.193240792 0.973800421 63.109031677 -0.149415433 0.973212898 -0.174730867 -11.510749817 -0.981481016 -0.124554969 0.145538047 51.640575409
0.118297137 0.194010660 0.973840415 63.707889557 -0.147222579 0.973314404 -0.176021889 -11.614498138 -0.982003748 -0.122548558 0.143703327 51.729480743
0.116740353 0.192667887 0.974294782 64.267898560 -0.146582589 0.973601103 -0.174967006 -11.715665817 -0.982285738 -0.122389078 0.141900569 51.801002502
0.114449441 0.189772516 0.975134492 64.848434448 -0.146234259 0.974109590 -0.172409728 -11.814641953 -0.982607186 -0.122866012 0.139237821 51.880985260
0.112137362 0.185892060 0.976150036 65.393371582 -0.146085650 0.974756122 -0.168844581 -11.917788506 -0.982895851 -0.123667866 0.136463031 51.960323334
0.111308374 0.185167134 0.976382673 65.939079285 -0.141389593 0.975443840 -0.168870449 -12.018464088 -0.983676493 -0.119253799 0.134756058 52.025947571
0.110099718 0.186867684 0.976195753 66.505783081 -0.137235448 0.975617230 -0.171278805 -12.116823196 -0.984400630 -0.115111053 0.133060321 52.096260071
0.106858671 0.190236598 0.975905180 67.058265686 -0.133827642 0.975345194 -0.175473586 -12.196171761 -0.985226631 -0.111852348 0.129683256 52.178363800
0.105071746 0.192076251 0.975738883 67.604103088 -0.134345025 0.974916875 -0.177447468 -12.289653778 -0.985348403 -0.112441078 0.128240958 52.250923157
0.103924669 0.194551364 0.975371301 68.126640320 -0.134316623 0.974442601 -0.180054739 -12.385202408 -0.985473931 -0.112296581 0.127400354 52.318801880
0.102996320 0.193247423 0.975728989 68.679496765 -0.132428348 0.974877000 -0.179099664 -12.483850479 -0.985826910 -0.110767692 0.126000419 52.390239716
0.104471460 0.192208946 0.975777268 69.226463318 -0.126496077 0.975745261 -0.178659245 -12.578537941 -0.986450493 -0.104767330 0.126251444 52.454143524
0.107328214 0.190854132 0.975733161 69.772361755 -0.122035019 0.976509631 -0.177582353 -12.671932220 -0.986705720 -0.100014135 0.128098175 52.517223358
0.110413000 0.190572694 0.975443900 70.320480347 -0.118397370 0.976977646 -0.177470535 -12.765262604 -0.986808598 -0.095895045 0.130434602 52.584766388
0.116872177 0.192183465 0.974374712 70.817214966 -0.118595190 0.976778448 -0.178432450 -12.846657753 -0.986040711 -0.094702467 0.136950523 52.624855042
0.123222902 0.193517014 0.973327816 71.397789001 -0.120288365 0.976482928 -0.178915754 -12.933732986 -0.985061944 -0.095033586 0.143603176 52.709987640
0.131467476 0.190806672 0.972784102 71.927627563 -0.117999800 0.977336347 -0.175752297 -13.060864449 -0.984272599 -0.091682702 0.151003346 52.774509430
0.137478262 0.190669641 0.971979737 72.437316895 -0.120029777 0.977272332 -0.174730554 -13.148303032 -0.983205318 -0.092644945 0.157240003 52.900142670
0.146416083 0.190096706 0.970785975 73.026893616 -0.120995514 0.977434635 -0.173149705 -13.230054855 -0.981795549 -0.092108928 0.166113272 53.000385284
0.155670732 0.189754397 0.969412029 73.598266602 -0.125543877 0.977218091 -0.171122089 -13.327516556 -0.979798675 -0.095065124 0.175947025 53.114265442
0.165812865 0.190199852 0.967641413 74.196891785 -0.127942368 0.977080047 -0.170131058 -13.418948174 -0.977822542 -0.095592499 0.186347336 53.238536835
0.174906448 0.194078043 0.965267420 74.777275085 -0.134466499 0.975902259 -0.171850830 -13.509838104 -0.975359678 -0.099738397 0.196788877 53.370933533
0.184163421 0.196266294 0.963100791 75.369506836 -0.138827294 0.975231290 -0.172191769 -13.602907181 -0.973042071 -0.101993322 0.206849337 53.512184143
0.194176689 0.200257376 0.960308373 75.976722717 -0.144809261 0.974067271 -0.173845693 -13.689116478 -0.970219493 -0.105304845 0.218140572 53.675514221
0.204452232 0.201998785 0.957807660 76.602119446 -0.147369236 0.973675787 -0.173887983 -13.795568466 -0.967719913 -0.105599672 0.228838876 53.833396912
0.214166105 0.202510893 0.955574095 77.230392456 -0.150963321 0.973380864 -0.172450140 -13.900124550 -0.965061247 -0.107323751 0.239037171 54.004493713
0.224619314 0.202941775 0.953079402 77.878265381 -0.152883962 0.973298967 -0.171215743 -14.006981850 -0.962378740 -0.107252285 0.249648571 54.181396484
0.233522728 0.205401942 0.950408697 78.511177063 -0.159987301 0.972228408 -0.170807347 -14.097270012 -0.959099293 -0.112166017 0.259899408 54.365093231
0.243359387 0.202556208 0.948549747 79.158523560 -0.163279131 0.972549558 -0.165790245 -14.202500343 -0.956094325 -0.114531875 0.269752562 54.568737030
0.254470497 0.196788713 0.946846545 79.851295471 -0.161216721 0.974008977 -0.159105986 -14.297853470 -0.953548133 -0.112159833 0.279582471 54.774593353
0.273150712 0.189466566 0.943128049 80.604309082 -0.150972933 0.976705670 -0.152486816 -14.410584450 -0.950050533 -0.100735031 0.295392483 54.950504303
0.283784568 0.186127156 0.940650046 81.301887512 -0.152294978 0.977276862 -0.147428572 -14.518983841 -0.946716845 -0.101418436 0.305682629 55.176296234
0.294127494 0.184149444 0.937857866 82.002120972 -0.147371680 0.978265762 -0.145865306 -14.628773689 -0.944336236 -0.095310800 0.314873576 55.405769348
0.304165095 0.179201305 0.935612023 82.725326538 -0.141276434 0.979771614 -0.141730621 -14.727482796 -0.942085385 -0.089070521 0.323329538 55.643188477
0.313900888 0.169595078 0.934185803 83.530570984 -0.130704507 0.982268095 -0.134405226 -14.830853462 -0.940416396 -0.079912454 0.330501974 55.915115356
0.325851560 0.163910002 0.931103468 84.311569214 -0.121484272 0.983950496 -0.130698010 -14.925327301 -0.937583447 -0.070526347 0.340534627 56.178947449
0.335363358 0.161523372 0.928138494 85.028648376 -0.112897545 0.984982669 -0.130622655 -15.007719994 -0.935299933 -0.060978573 0.348563045 56.530731201
0.346832544 0.166302130 0.923065662 85.799377441 -0.108294450 0.984673262 -0.136710882 -15.113550186 -0.931654334 -0.052547164 0.359526724 56.806648254
0.354663372 0.170420289 0.919331431 86.516387939 -0.104984149 0.984288812 -0.141960412 -15.218382835 -0.929081559 -0.046167124 0.366983026 57.091884613
0.359968007 0.172382832 0.916900575 87.188621521 -0.107229590 0.983913004 -0.142883986 -15.317544937 -0.926782131 -0.046885263 0.372662187 57.353160858
0.363666862 0.173735559 0.915184081 87.901878357 -0.114309810 0.983351290 -0.141252816 -15.423963547 -0.924489021 -0.053245608 0.377472371 57.668430328
0.367181510 0.177305236 0.913093746 88.612648010 -0.121295579 0.982408047 -0.141988188 -15.529799461 -0.922206759 -0.058618851 0.382228851 57.976608276
0.371486872 0.180149376 0.910792708 89.305389404 -0.122177325 0.981948435 -0.144390777 -15.639046669 -0.920364320 -0.057638977 0.386791617 58.242401123
0.371327072 0.186122775 0.909656107 89.859680176 -0.127030730 0.980673730 -0.148798749 -15.699458122 -0.919771492 -0.060301315 0.387794465 58.568675995
0.372245818 0.189632401 0.908555090 90.310226440 -0.133112669 0.979692340 -0.149942175 -15.785009384 -0.918539226 -0.065124899 0.389929324 58.823883057
0.377755135 0.187479913 0.906726003 90.927421570 -0.132580996 0.980146229 -0.147425503 -15.866786957 -0.916364312 -0.064523943 0.395112038 59.035663605
0.381371886 0.184594750 0.905803502 91.514945984 -0.133273005 0.980601728 -0.143725783 -15.976408958 -0.914764464 -0.065906234 0.398575932 59.309646606
0.385713845 0.180428475 0.904803932 92.038452148 -0.131762281 0.981410801 -0.139535084 -16.090608597 -0.913161397 -0.065398462 0.402317911 59.531955719
0.389601856 0.179340467 0.903353274 92.617553711 -0.131788343 0.981618702 -0.138040036 -16.175519943 -0.911505580 -0.065270819 0.406075954 59.788616180
0.392726362 0.181130067 0.901641667 93.244705200 -0.134250060 0.981200814 -0.138637543 -16.271249771 -0.909803927 -0.066598892 0.409660637 60.086364746
0.395834595 0.181590065 0.900188684 93.865417480 -0.133600533 0.981211662 -0.139186963 -16.369812012 -0.908551633 -0.065170750 0.412658572 60.376201630
0.398463666 0.179699779 0.899407744 94.497825623 -0.131256506 0.981696904 -0.137990475 -16.460458755 -0.907743692 -0.063069016 0.414757818 60.667491913
0.389702737 0.181631878 0.902851701 94.926628113 -0.150086090 0.979776859 -0.132324830 -16.788448334 -0.908628643 -0.083938234 0.409082651 61.155788422
0.391214877 0.181747928 0.902174115 95.519554138 -0.151824057 0.979618371 -0.131513089 -16.873180389 -0.907689631 -0.085521959 0.410835505 61.438594818
0.393386990 0.181131288 0.901353300 96.095397949 -0.150620967 0.979850292 -0.131168514 -16.959955215 -0.906951010 -0.084162816 0.412743032 61.706233978
0.396237701 0.183218151 0.899681270 96.662925720 -0.151571795 0.979495108 -0.132716775 -17.037893295 -0.905550599 -0.083779015 0.415884078 61.964103699
0.400826395 0.183238998 0.897642016 97.358718872 -0.146814719 0.979977846 -0.134488925 -17.120498657 -0.904314041 -0.077880457 0.419703633 62.248722076
0.404377043 0.182695717 0.896159053 97.909751892 -0.145106152 0.980249703 -0.134362102 -17.199735641 -0.903008103 -0.075705349 0.422901213 62.503582001
0.408071369 0.181109652 0.894805312 98.455215454 -0.142530054 0.980744839 -0.133503780 -17.279861450 -0.901755631 -0.073057689 0.426027894 62.761035919
0.411315173 0.185244381 0.892470658 99.047584534 -0.139756948 0.980369151 -0.139078736 -17.298257828 -0.900715292 -0.067523874 0.429130346 63.041687012
0.414160430 0.189957500 0.890161097 99.639846802 -0.137640595 0.979803443 -0.145047545 -17.322690964 -0.899736822 -0.062449440 0.431942165 63.328338623
0.418233961 0.189241469 0.888407290 100.160987854 -0.136916518 0.980015337 -0.144299090 -17.403835297 -0.897961199 -0.061286945 0.435786515 63.581829071
0.421760976 0.188815221 0.886829138 100.677009583 -0.135485128 0.980219305 -0.144264489 -17.484859467 -0.896527469 -0.059307113 0.439000458 63.844181061
0.425372601 0.190286040 0.884787440 101.145118713 -0.136625677 0.979942679 -0.145065978 -17.558198929 -0.894646108 -0.059177659 0.442839295 64.092697144
0.430511206 0.190635473 0.882223129 101.570274353 -0.132804781 0.980180323 -0.146995857 -17.592889786 -0.892761469 -0.053880140 0.447296500 64.279418945
0.435624421 0.193069100 0.879178643 102.016426086 -0.133994564 0.979751825 -0.148762092 -17.673915863 -0.890099287 -0.053000823 0.452674657 64.509834290
0.440720767 0.198930949 0.875323415 102.520309448 -0.137813807 0.978567719 -0.153006256 -17.755159378 -0.887001932 -0.053198673 0.458691210 64.793388367
0.446193099 0.205870107 0.870935500 103.001945496 -0.143251687 0.977061987 -0.157566100 -17.831676483 -0.883397162 -0.054458126 0.465450257 65.060935974
0.452081531 0.212025523 0.866410375 103.488922119 -0.148627892 0.975663543 -0.161209568 -17.911712646 -0.879506648 -0.055892929 0.472593099 65.335212708
0.458749950 0.216039330 0.861901939 103.969139099 -0.151997820 0.974774539 -0.163429990 -17.993110657 -0.875468493 -0.056033771 0.480016053 65.601455688
0.464080572 0.216069877 0.859035790 104.465957642 -0.156428069 0.974541545 -0.160614759 -18.083057404 -0.871871173 -0.059839178 0.486066043 65.889991760
0.468407989 0.215267122 0.856885910 104.987411499 -0.163656592 0.974218667 -0.155282259 -18.161985397 -0.868222535 -0.067499638 0.491562545 66.213226318
0.473036379 0.212448433 0.855044842 105.487297058 -0.170254722 0.974240482 -0.147874355 -18.245838165 -0.864436150 -0.075625539 0.497022390 66.527801514
0.478616536 0.209792390 0.852591813 105.992607117 -0.175956950 0.974253297 -0.140952632 -18.323873520 -0.860212326 -0.082557276 0.503209054 66.836791992
0.484621346 0.207268566 0.849812567 106.492019653 -0.178436339 0.974516511 -0.135927141 -18.411905289 -0.856330872 -0.085764341 0.509256601 67.149810791
0.490457684 0.210750088 0.845597565 107.014671326 -0.183796436 0.973506153 -0.136024714 -18.484914780 -0.851862729 -0.088703535 0.516199529 67.479873657
