1.000000000 0.000000000 0.000000000 0.000000000 0.000000000 1.000000000 0.000000000 0.000000000 0.000000000 0.000000000 1.000000000 0.000000000
0.999996185 0.001671111 0.002187886 -0.030167159 -0.001661973 0.999989927 -0.004171360 -0.021842342 -0.002194835 0.004167708 0.999988914 0.901755869
0.999994040 0.000260848 0.003435542 -0.046010260 -0.000244110 0.999988079 -0.004871568 -0.025912683 -0.003436772 0.004870700 0.999982238 1.814433336
0.999996126 -0.001050522 0.002587088 -0.005513314 0.001052349 0.999999166 -0.000705071 -0.031920105 -0.002586345 0.000707790 0.999996364 2.739765644
0.999975860 0.000261453 0.006951521 -0.150129914 -0.000304007 0.999981165 0.006121174 -0.039184183 -0.006949789 -0.006123140 0.999957025 3.248949051
0.999965429 -0.004387585 0.007064735 -0.215005994 0.004346131 0.999973297 0.005872311 -0.024140097 -0.007090311 -0.005841404 0.999957681 4.159605980
0.999940574 -0.007279246 0.008117322 -0.281999707 0.007256184 0.999969602 0.002866767 -0.008305468 -0.008137941 -0.002807696 0.999962807 5.016684055
0.999865532 -0.009318882 0.013494343 -0.468011737 0.009338509 0.999955416 -0.001392236 0.026062164 -0.013480765 0.001518064 0.999907851 5.842931747
0.999864221 -0.008659357 0.014018776 -0.497787535 0.008672629 0.999961972 -0.000886165 0.009570232 -0.014010567 0.001007623 0.999901235 6.617044926
0.999908149 -0.007310735 0.011408377 -0.420687854 0.007290708 0.999971807 0.001796039 -0.022419533 -0.011421185 -0.001712700 0.999933183 7.413514137
0.999901831 -0.006710522 0.012295481 -0.449624479 0.006729187 0.999976277 -0.001477299 0.046732649 -0.012285274 0.001559892 0.999923229 8.144139290
0.999934733 -0.008088264 0.008063965 -0.365545571 0.008071795 0.999965250 0.002072689 0.007358015 -0.008080449 -0.002007464 0.999965250 8.978871346
0.999928176 -0.008061546 0.008858914 -0.390173644 0.008022995 0.999958217 0.004378604 -0.022764007 -0.008893841 -0.004307215 0.999951065 9.691745758
0.999946058 -0.005455126 0.008829520 -0.407152563 0.005405498 0.999969482 0.005634907 -0.069642194 -0.008859989 -0.005586876 0.999945045 10.365374565
0.999949336 -0.005944150 0.008117740 -0.403843075 0.005909171 0.999973178 0.004326354 -0.070960946 -0.008143239 -0.004278167 0.999957561 11.268132210
0.999958038 -0.005462592 0.007350344 -0.413434654 0.005441887 0.999981225 0.002834005 -0.083797351 -0.007365686 -0.002793888 0.999968827 11.883652687
0.999957383 -0.006237762 0.006795761 -0.447109282 0.006225518 0.999979019 0.001821505 -0.089877591 -0.006806979 -0.001779121 0.999975145 12.654735565
0.999979854 -0.003648488 0.005183597 -0.452564359 0.003640279 0.999992132 0.001592384 -0.110934690 -0.005189364 -0.001573484 0.999985218 13.401492119
0.999986470 -0.003774031 0.003568710 -0.448768049 0.003774830 0.999992907 -0.000217067 -0.093068451 -0.003567864 0.000230535 0.999993563 14.293679237
0.999994993 -0.002686125 0.001643378 -0.450031996 0.002686239 0.999996483 -0.000066914 -0.097517274 -0.001643190 0.000071327 0.999998629 15.102999687
0.999994993 -0.003145386 -0.000031909 -0.453725308 0.003145413 0.999994695 0.000893661 -0.096571185 0.000029099 -0.000893758 0.999999583 15.998357773
0.999995708 -0.002612208 -0.001245425 -0.464993864 0.002615203 0.999993682 0.002408430 -0.099282295 0.001239128 -0.002411678 0.999996305 16.862125397
0.999988914 -0.003584271 -0.003015822 -0.464705169 0.003595846 0.999986172 0.003841328 -0.114216030 0.003002014 -0.003852131 0.999988019 17.684049606
0.999984503 -0.003641607 -0.004178519 -0.479560405 0.003658619 0.999985039 0.004070918 -0.126039386 0.004163634 -0.004086144 0.999982893 18.553590775
0.999980509 -0.002726809 -0.005586739 -0.484993756 0.002747090 0.999989629 0.003625769 -0.165648907 0.005576796 -0.003641047 0.999977767 19.495389938
0.999972045 -0.003027486 -0.006818525 -0.487630427 0.003056995 0.999985933 0.004321433 -0.167441025 0.006805348 -0.004342157 0.999967337 20.334587097
0.999971926 -0.002906648 -0.006889936 -0.526872814 0.002953360 0.999972582 0.006779337 -0.180561095 0.006870045 -0.006799497 0.999953210 21.183290482
0.999965012 -0.003178355 -0.007728003 -0.529544115 0.003251943 0.999949276 0.009528322 -0.177471280 0.007697330 -0.009553122 0.999924660 22.016208649
0.999961376 -0.003135150 -0.008206506 -0.542093158 0.003226057 0.999933302 0.011087676 -0.171093926 0.008171201 -0.011113725 0.999904811 22.850778580
