1.000000000 0.000000000 0.000000000 0.000000000 0.000000000 1.000000000 0.000000000 0.000000000 0.000000000 0.000000000 1.000000000 0.000000000
0.999998510 0.000808846 0.001540788 -0.010115088 -0.000801571 0.999988556 -0.004716795 0.000082387 -0.001544586 0.004715553 0.999987662 0.974256277
0.999996364 -0.000490410 0.002678861 -0.014844858 0.000505514 0.999983966 -0.005640396 0.003966900 -0.002676052 0.005641729 0.999980450 1.922100902
0.999990344 -0.000196363 0.004422751 -0.066476107 0.000197623 1.000000000 -0.000284444 -0.031393453 -0.004422695 0.000285315 0.999990106 2.675630331
0.999989748 -0.001631524 0.004257205 -0.071273960 0.001607054 0.999982238 0.005745002 -0.037818853 -0.004266502 -0.005738100 0.999974370 3.624349833
0.999980628 -0.005233301 0.003400884 -0.083217852 0.005214615 0.999971449 0.005480354 -0.026015291 -0.003429467 -0.005462513 0.999979138 4.537516117
0.999983370 -0.005340992 0.002227118 -0.080875479 0.005332734 0.999978960 0.003697781 -0.056290701 -0.002246820 -0.003685842 0.999990642 5.326683521
0.999992132 -0.003890344 0.000901250 -0.077453755 0.003889692 0.999992192 0.000723793 -0.078111775 -0.000904058 -0.000720281 0.999999285 6.156988621
0.999993622 -0.003606172 0.000244105 -0.085377455 0.003606135 0.999993563 0.000150060 -0.075504936 -0.000244644 -0.000149178 0.999999940 7.078967094
0.999997675 -0.002172086 -0.000513841 -0.102186918 0.002173282 0.999994934 0.002338618 -0.085575610 0.000508759 -0.002339728 0.999997139 7.925561905
0.999997854 -0.001863386 -0.001065159 -0.110749289 0.001868939 0.999984562 0.005235725 -0.082682751 0.001055386 -0.005237703 0.999985754 8.851363182
0.999996245 -0.001788745 -0.002148387 -0.116233103 0.001803092 0.999975979 0.006695010 -0.076027960 0.002136360 -0.006698857 0.999975264 9.801193237
0.999988735 -0.003505738 -0.003226314 -0.112377450 0.003530570 0.999963939 0.007723415 -0.075976171 0.003199121 -0.007734718 0.999964952 10.677351952
0.999983370 -0.003906894 -0.004256481 -0.115443207 0.003939603 0.999962568 0.007703329 -0.069953479 0.004226225 -0.007719968 0.999961257 11.588834763
0.999979794 -0.004277039 -0.004709390 -0.129404277 0.004306363 0.999971330 0.006234339 -0.064528085 0.004682590 -0.006254493 0.999969482 12.486886024
0.999970913 -0.004631413 -0.006060034 -0.144177958 0.004655979 0.999980986 0.004046039 -0.053301677 0.006041178 -0.004074137 0.999973476 13.401242256
0.999952495 -0.005845752 -0.007792241 -0.148138672 0.005867152 0.999979079 0.002726359 -0.046423264 0.007776140 -0.002771948 0.999965906 14.319970131
0.999935627 -0.005766861 -0.009764636 -0.158027560 0.005787297 0.999981105 0.002065977 -0.041185193 0.009752536 -0.002122355 0.999950171 15.233791351
0.999918401 -0.004429532 -0.011976551 -0.169505119 0.004445235 0.999989331 0.001284854 -0.041703682 0.011970731 -0.001337988 0.999927461 16.145919800
0.999909580 -0.002910644 -0.013124143 -0.200018257 0.002928593 0.999994874 0.001348643 -0.037900295 0.013120149 -0.001386956 0.999912977 17.026412964
0.999894321 -0.002436022 -0.014331807 -0.231026635 0.002467592 0.999994636 0.002185526 -0.033618912 0.014326406 -0.002220660 0.999894917 17.936044693
0.999871969 -0.002067891 -0.015866287 -0.247598365 0.002126288 0.999991119 0.003664565 -0.033332724 0.015858566 -0.003697831 0.999867439 18.804039001
0.999843061 -0.001426889 -0.017656853 -0.264644116 0.001496832 0.999991179 0.003948639 -0.026190486 0.017651062 -0.003974448 0.999836326 19.692695618
0.999810815 -0.002797996 -0.019246589 -0.276415080 0.002883235 0.999986231 0.004402446 -0.032150034 0.019234005 -0.004457105 0.999805093 20.490238190
0.999775231 -0.002547105 -0.021044029 -0.295114875 0.002629093 0.999989152 0.003869256 -0.025704008 0.021033943 -0.003923711 0.999771118 21.365196228
0.999749482 -0.002279353 -0.022262786 -0.315116704 0.002374525 0.999988198 0.004249427 -0.024159703 0.022252833 -0.004301224 0.999743164 22.223249435
0.999706745 0.012095529 -0.020975234 -0.361734718 -0.012112197 0.999926448 -0.000667775 0.038443517 0.020965612 0.000921636 0.999779820 23.153696060
0.999699950 0.011019509 -0.021872766 -0.383302629 -0.010979158 0.999937832 0.001964021 0.037871480 0.021893047 -0.001723286 0.999758899 24.009033203
0.999675691 0.011764755 -0.022581505 -0.409326553 -0.011685255 0.999925077 0.003649360 0.033423550 0.022622745 -0.003384305 0.999738395 24.841487885
0.999654770 0.013548060 -0.022507232 -0.456181049 -0.013505185 0.999906659 0.002055933 0.041168630 0.022532983 -0.001751258 0.999744654 25.639387131
0.999626637 0.015378867 -0.022580160 -0.503807545 -0.015391356 0.999881446 -0.000379330 0.032358821 0.022571648 0.000726729 0.999745011 26.385240555
0.999604344 0.016471600 -0.022796359 -0.536776066 -0.016516840 0.999861896 -0.001797479 0.029704032 0.022763601 0.002173293 0.999738574 27.162755966
0.999564707 0.017652187 -0.023633974 -0.564510882 -0.017708998 0.999840736 -0.002196470 0.029001445 0.023591435 0.002614050 0.999718368 27.961118698
0.999529183 0.018145114 -0.024737967 -0.589974701 -0.018220445 0.999829948 -0.002823025 0.028223764 0.024682535 0.003272435 0.999690056 28.751834869
0.999483585 0.017755870 -0.026779322 -0.614075899 -0.017848384 0.999835491 -0.003219406 0.016537745 0.026717752 0.003695713 0.999636292 29.512865067
0.999431729 0.017827008 -0.028605105 -0.639905810 -0.017929846 0.999833643 -0.003342422 0.017997066 0.028540760 0.003853409 0.999585330 30.274375916
0.999395788 0.017143751 -0.030234374 -0.668212116 -0.017211275 0.999849916 -0.001974259 0.013057489 0.030195991 0.002493439 0.999540985 31.052431107
0.999347985 0.016480703 -0.032123037 -0.696134150 -0.016469432 0.999864161 0.000615772 0.004576222 0.032128818 -0.000086321 0.999483824 31.788852692
0.999266207 0.017525516 -0.034055904 -0.724995017 -0.017467661 0.999845386 0.001995943 0.004940077 0.034085613 -0.001399601 0.999418020 32.549861908
0.999167085 0.018873785 -0.036177367 -0.752481699 -0.018813917 0.999820948 0.001994788 0.007371907 0.036208536 -0.001312488 0.999343455 33.289821625
0.999041021 0.021852177 -0.037939157 -0.788711548 -0.021824649 0.999761105 0.001139834 0.010267792 0.037955001 -0.000310731 0.999279499 34.012920380
0.998937368 0.022990761 -0.039942920 -0.817641854 -0.022992620 0.999735534 0.000413063 0.011532789 0.039941855 0.000505770 0.999202013 34.719230652
0.998873055 0.023684110 -0.041129332 -0.853237808 -0.023643319 0.999719322 0.001478166 0.013388533 0.041152801 -0.000504065 0.999152899 35.428527832
0.998780727 0.025621301 -0.042197168 -0.887901425 -0.025499057 0.999668896 0.003432814 0.011377981 0.042271152 -0.002352640 0.999103546 36.107830048
0.998701096 0.028212575 -0.042427391 -0.918682218 -0.028060300 0.999597371 0.004180471 0.006914198 0.042528253 -0.002984515 0.999090970 36.777881622
0.998646379 0.031563099 -0.041340627 -0.954341531 -0.031504318 0.999501348 0.002072796 0.006725431 0.041385438 -0.000767581 0.999143124 37.444988251
0.998661578 0.033305101 -0.039568130 -0.991554320 -0.033374026 0.999442220 -0.001082451 0.005622947 0.039510015 0.002401553 0.999216437 38.095336914
0.998718083 0.034000587 -0.037496593 -1.020876288 -0.034131613 0.999413133 -0.002859608 0.006209831 0.037377365 0.004135765 0.999292791 38.725730896
0.998787761 0.035271697 -0.034333624 -1.042807341 -0.035359722 0.999372661 -0.001960022 0.003133089 0.034242958 0.003171677 0.999408603 39.368560791
0.998755217 0.039828300 -0.030023947 -1.089609981 -0.039827142 0.999206305 0.000636655 -0.004794206 0.030025482 0.000559908 0.999549031 39.994483948
0.998672187 0.044102583 -0.026618585 -1.107423782 -0.044005897 0.999022305 0.004207433 -0.007822696 0.026778124 -0.003030470 0.999636889 40.616916656
0.998537064 0.049053460 -0.022742473 -1.117092609 -0.048955388 0.998789072 0.004849249 -0.001219967 0.022952814 -0.003728787 0.999729633 41.229213715
0.998436868 0.053120282 -0.017373456 -1.134120226 -0.053045034 0.998580635 0.004763470 0.003935112 0.017601840 -0.003834447 0.999837756 41.810241699
0.998296142 0.057214800 -0.011452580 -1.146188378 -0.057144046 0.998345196 0.006412661 0.008555660 0.011800533 -0.005747286 0.999913871 42.370777130
0.998065174 0.062011428 -0.004523427 -1.192078590 -0.061974216 0.998045921 0.007947347 -0.004173172 0.005007419 -0.007651633 0.999958158 42.816722870
0.997864425 0.065269887 0.002512048 -1.194679499 -0.065286845 0.997838855 0.007402443 -0.003465652 -0.002023458 -0.007550637 0.999969423 43.344383240
0.997443736 0.071029305 0.007785542 -1.151229620 -0.071162820 0.997293293 0.018478885 -0.305119902 -0.006451923 -0.018985692 0.999798894 42.863433838
0.996900499 0.077363789 0.014283743 -1.140069366 -0.077634104 0.996791840 0.019454924 -0.362636685 -0.012732809 -0.020503530 0.999708652 43.071155548
0.995728076 0.089456379 0.022870881 -1.166392922 -0.089965060 0.995695591 0.022273289 -0.578215063 -0.020779949 -0.024235722 0.999490201 42.625995636
0.995332778 0.092457287 0.027646679 -1.122460604 -0.093133561 0.995357752 0.024263617 -0.718173206 -0.025274990 -0.026725210 0.999323130 42.634796143
0.995042264 0.092969716 0.035321590 -1.104185104 -0.093832500 0.995307922 0.023606360 -0.706694067 -0.032961186 -0.026803643 0.999097049 43.059860229
0.993177950 0.102684766 0.055259205 -1.382562518 -0.104788005 0.993820369 0.036607753 -1.126257181 -0.051158674 -0.042148519 0.997800589 41.887729645
0.991406024 0.108358830 0.073297828 -1.738854885 -0.112516932 0.992115498 0.055192348 -1.700914741 -0.066739343 -0.062965274 0.995781541 40.507602692
0.986727417 0.128843039 0.098835975 -2.442273140 -0.137468100 0.986759603 0.086066008 -2.801574469 -0.086438358 -0.098510474 0.991374612 37.903465271
0.970393360 0.206809714 0.124766052 -2.602479219 -0.225528166 0.960743248 0.161582366 -3.142606974 -0.086451359 -0.184936702 0.978940248 38.636802673
0.968441427 0.210478336 0.133492395 -2.560926676 -0.230316028 0.960444808 0.156523883 -3.002161980 -0.095267199 -0.182329640 0.978611052 38.928527832
0.967195570 0.210079476 0.142827228 -2.521108866 -0.231822476 0.959828019 0.158075482 -3.033053637 -0.103881180 -0.186000437 0.977042556 39.230403900
0.966182828 0.209208518 0.150741369 -2.387403727 -0.231345907 0.961484611 0.148410767 -2.796429157 -0.113886736 -0.178265288 0.977369368 39.871189117
0.964668989 0.208183184 0.161473900 -2.329077244 -0.231451392 0.962445438 0.141874492 -2.755760908 -0.125873953 -0.174235240 0.976625562 40.143070221
0.970398307 0.170328811 0.171217844 -2.085572243 -0.194930300 0.970931470 0.138901561 -2.868645668 -0.142581865 -0.168165341 0.975392520 41.170593262
0.967327833 0.172212869 0.186064452 -2.027573347 -0.198735267 0.970749319 0.134720191 -2.835175753 -0.157421380 -0.167296112 0.973257542 41.430511475
0.977312922 0.159727752 0.139093369 -1.305503130 -0.178225875 0.975011826 0.132616043 -2.246616364 -0.114435211 -0.154397354 0.981359184 43.236469269
0.974710345 0.160146609 0.155862451 -1.254712701 -0.180867001 0.974969208 0.129312515 -2.211281776 -0.131252110 -0.154232576 0.979277790 43.493106842
0.971812785 0.159415871 0.173685908 -1.198114872 -0.182482570 0.975095272 0.126050860 -2.182509899 -0.149265796 -0.154192433 0.976700664 43.734626770
0.968367815 0.158403993 0.192801237 -1.131554604 -0.184062898 0.975149512 0.123303309 -2.152595520 -0.168478295 -0.154890448 0.973459661 43.981548309
0.964185178 0.158420876 0.212720752 -1.063360214 -0.186564550 0.975161016 0.119390979 -2.120154381 -0.188522935 -0.154801115 0.969791412 44.229682922
0.959042609 0.160357028 0.233502150 -0.989664495 -0.190877110 0.974918842 0.114449456 -2.088151455 -0.209292859 -0.154332072 0.965597093 44.479797363
0.953141153 0.161398828 0.255876303 -0.907776892 -0.194400474 0.974818230 0.109258145 -2.057234287 -0.231798723 -0.153880849 0.960515320 44.729595184
0.946109176 0.162523896 0.280113786 -0.816783667 -0.198408410 0.974508107 0.104725853 -2.030329704 -0.255952656 -0.154658973 0.954237103 44.985015869
0.937613666 0.165603206 0.305706620 -0.729641080 -0.204616964 0.973709762 0.100103103 -2.005711555 -0.281092107 -0.156410724 0.946848750 45.229877472
0.927946627 0.167660728 0.332874268 -0.624465346 -0.209873363 0.973109126 0.094927981 -1.983978152 -0.308007240 -0.157949477 0.938180804 45.480434418
0.917131543 0.168479353 0.361226648 -0.508427918 -0.213837743 0.972787499 0.089203551 -1.964947343 -0.336367786 -0.159055218 0.928201437 45.724334717
0.905168056 0.166921839 0.390907019 -0.373774111 -0.214962870 0.973155618 0.082210205 -1.944987297 -0.366690695 -0.158444464 0.916751325 45.962539673
0.891097546 0.164375767 0.422996730 -0.247881010 -0.214886859 0.973810852 0.074265793 -1.936189651 -0.399711341 -0.157074407 0.903082609 46.173706055
0.874039054 0.164158732 0.457283437 -0.145975441 -0.216500297 0.974175870 0.064096294 -1.924846530 -0.434952587 -0.155024573 0.887008071 46.394046783
0.855182052 0.165939078 0.491048247 0.019083530 -0.219302312 0.974232078 0.052703910 -1.910635591 -0.469649345 -0.152759358 0.869536519 46.622566223
0.833825946 0.167705536 0.525936842 0.180832997 -0.222239047 0.974098504 0.041729216 -1.907181740 -0.505316019 -0.151678517 0.849499226 46.835250854
0.809554756 0.170632511 0.561699331 0.360911250 -0.226698428 0.973470867 0.031011162 -1.900438070 -0.541506410 -0.152441502 0.826759934 47.064357758
0.782378614 0.174585044 0.597832918 0.568954766 -0.232649758 0.972343862 0.020513119 -1.893692851 -0.577717900 -0.155134633 0.801358104 47.305160522
0.752692282 0.178836063 0.633618534 0.776412368 -0.238885492 0.970998764 0.009718138 -1.888113379 -0.613504827 -0.158676967 0.773584425 47.530860901
0.720211208 0.180185810 0.669947267 1.015198469 -0.241519421 0.970394731 -0.001353035 -1.893101811 -0.650357068 -0.160830736 0.742407322 47.755954742
0.685164213 0.177808166 0.706353188 1.210836411 -0.240915596 0.970487773 -0.010609426 -1.929815531 -0.687393486 -0.162902236 0.707780004 47.896427155
0.646686614 0.176759958 0.741992533 1.516219378 -0.240127057 0.970493853 -0.021910720 -1.935880065 -0.723971963 -0.164003059 0.670049965 48.141696930
0.605269134 0.176902324 0.776115596 1.836978316 -0.240569815 0.970053494 -0.033494111 -1.952025294 -0.758798599 -0.166437000 0.629700541 48.362144470
0.560411215 0.176432014 0.809204340 2.254622936 -0.236863047 0.970379233 -0.047534753 -1.950883985 -0.793621480 -0.165031552 0.585601270 48.643829346
0.513543487 0.175197691 0.839987755 2.629170656 -0.233806893 0.970462441 -0.059468545 -1.979901791 -0.825595140 -0.165855184 0.539336741 48.844665527
0.465758264 0.172991440 0.867838562 3.033036232 -0.230835646 0.970502138 -0.069569439 -2.010380983 -0.854273975 -0.167925477 0.491951644 49.046913147
0.416681588 0.170901880 0.892843485 3.450705528 -0.229631364 0.970104516 -0.078523964 -2.043568611 -0.879571259 -0.172305331 0.443468809 49.230098724
0.366813540 0.170121253 0.914607584 3.612275600 -0.227866530 0.969619155 -0.088965356 -2.026256800 -0.901955903 -0.175774723 0.394434035 49.303241730
0.318250477 0.170331717 0.932579339 4.079737186 -0.222720757 0.969626188 -0.101092950 -2.064518452 -0.921472609 -0.175531864 0.346520066 49.459827423
0.271857321 0.166536644 0.947818339 4.656211853 -0.203641966 0.972562969 -0.112475015 -2.091572523 -0.940544009 -0.162438408 0.298311889 49.667568207
0.229679734 0.160959899 0.959864378 5.162865639 -0.187562585 0.975062609 -0.118627936 -2.144463778 -0.955021977 -0.152788177 0.254141867 49.757827759
0.188678771 0.158481374 0.969166875 5.744900703 -0.171206430 0.977087021 -0.126445889 -2.198055029 -0.966999471 -0.142069906 0.211488336 49.914916992
0.152942002 0.160856232 0.975056171 6.193007946 -0.163822517 0.977138758 -0.135503605 -2.218868017 -0.974561512 -0.139011919 0.175797164 49.901607513
0.122508250 0.161144570 0.979298055 6.642741680 -0.149380088 0.978482902 -0.142323405 -2.257952929 -0.981160760 -0.128851801 0.143943757 49.904262543
0.097167477 0.161688149 0.982046783 7.094970226 -0.137124777 0.979480028 -0.147698030 -2.240939140 -0.985776067 -0.120311469 0.117344812 49.833160400
0.077783093 0.163514599 0.983469963 7.527963161 -0.124910779 0.980283082 -0.153105631 -2.187175989 -0.989113867 -0.110936955 0.096673951 49.691696167
0.060577929 0.162595704 0.984831691 7.961826324 -0.114455916 0.981266618 -0.154966950 -2.210563183 -0.991579235 -0.103332222 0.078052893 49.621452332
0.048873343 0.167202041 0.984710813 8.463016510 -0.108679391 0.980924845 -0.161165342 -2.177676439 -0.992874265 -0.099141076 0.066112250 49.495990753
0.038406134 0.168315321 0.984985054 8.885890961 -0.105142444 0.980920494 -0.163521230 -2.175241709 -0.993714750 -0.097283505 0.055370208 49.398639679
0.026814159 0.168852672 0.985276818 9.325843811 -0.102642015 0.980886042 -0.165306926 -2.231107712 -0.994356394 -0.096698225 0.043632779 49.389926910
0.021822099 0.174166605 0.984474719 9.827728271 -0.094358191 0.980671704 -0.171402350 -2.202652454 -0.995298624 -0.089152887 0.037834130 49.260047913
0.012273567 0.174311146 0.984614432 10.490869522 -0.094879247 0.980448186 -0.172390968 -2.301946402 -0.995412648 -0.091303617 0.028571878 49.301475525
0.009585408 0.173146546 0.984849691 10.994651794 -0.093083903 0.980772376 -0.171523824 -2.359161139 -0.995611608 -0.090029523 0.025518032 49.228229523
0.007282331 0.171592727 0.985141277 11.549071312 -0.091518693 0.981146693 -0.170220509 -2.368320704 -0.995776236 -0.088919237 0.022848750 49.161251068
0.003622858 0.163741648 0.986496866 12.210575104 -0.094391502 0.982154131 -0.162674293 -2.475040913 -0.995528042 -0.092527553 0.019013800 49.182758331
0.001178829 0.156518891 0.987674534 12.905605316 -0.099004075 0.982840538 -0.155634761 -2.584541559 -0.995085835 -0.097600318 0.016654383 49.192886353
-0.001317160 0.151756793 0.988417268 13.626029015 -0.102249473 0.983216584 -0.151094660 -2.706115246 -0.994757414 -0.101264141 0.014221773 49.219474792
0.000391499 0.153313905 0.988177717 14.256566048 -0.095896035 0.983628809 -0.152570248 -2.782007217 -0.995390773 -0.094702572 0.015087057 49.178394318
0.000033026 0.157602906 0.987502873 14.920476913 -0.094281569 0.983103991 -0.156897798 -2.913833141 -0.995545089 -0.093098126 0.014891290 49.200839996
0.000721840 0.165226430 0.986255705 15.636280060 -0.097024873 0.981613696 -0.164377838 -2.998306274 -0.995281219 -0.095572665 0.016739413 49.223155975
0.000348091 0.161703587 0.986839592 16.300697327 -0.098438241 0.982051611 -0.160884410 -3.179046869 -0.995142639 -0.097086735 0.016259434 49.294769287
0.007461261 0.160200581 0.987056553 16.949129105 -0.094488882 0.982779741 -0.158792302 -3.184744596 -0.995497525 -0.092081062 0.022469722 49.152565002
0.007606527 0.149794996 0.988688052 17.575403214 -0.097827919 0.984084666 -0.148344994 -3.387963772 -0.995173752 -0.095592894 0.022139372 49.217769623
0.009619024 0.147329539 0.989040911 18.277353287 -0.099499665 0.984318376 -0.145658463 -3.499869347 -0.994990528 -0.097008139 0.024127193 49.248729706
