1.000000000 0.000000000 0.000000000 0.000000000 0.000000000 1.000000000 0.000000000 0.000000000 0.000000000 0.000000000 1.000000000 0.000000000
0.999998629 0.000642632 0.001520905 -0.007783771 -0.000635509 0.999988854 -0.004679221 0.001283559 -0.001523895 0.004678247 0.999987900 0.951215804
0.999995172 -0.001214879 0.002865602 -0.030673373 0.001228880 0.999987304 -0.004889431 -0.020950299 -0.002859625 0.004892929 0.999983907 1.812903047
0.999990880 -0.002599346 0.003396575 -0.041024014 0.002602793 0.999996126 -0.001010661 -0.020117469 -0.003393935 0.001019493 0.999993682 2.792514324
0.999982715 -0.005320647 0.002519573 -0.037862167 0.005307620 0.999972701 0.005149325 -0.028106626 -0.002546902 -0.005135861 0.999983490 3.760559797
0.999960661 -0.008771331 0.001370438 -0.043398146 0.008764518 0.999949694 0.004900453 -0.020088907 -0.001413353 -0.004888247 0.999986947 4.702690125
0.999926388 -0.012134885 0.000056662 -0.069227330 0.012135003 0.999921679 -0.003107573 0.062945202 -0.000018948 0.003108033 0.999995112 5.749910355
0.999922156 -0.012446928 -0.000875978 -0.068270519 0.012441333 0.999903917 -0.006125584 0.042389140 0.000952138 0.006114209 0.999980807 6.601964474
0.999934316 -0.011410136 -0.001072861 -0.086495034 0.011405027 0.999924183 -0.004653988 -0.030487873 0.001125881 0.004641446 0.999988556 7.361911297
0.999967754 -0.008029953 0.000120444 -0.138777569 0.008030187 0.999965608 -0.002091794 -0.059449442 -0.000103644 0.002092693 0.999997795 8.104767799
0.999969065 -0.007797731 -0.001014205 -0.138588309 0.007798782 0.999969065 0.001036276 -0.065303944 0.001006092 -0.001044153 0.999998927 9.029602051
0.999967575 -0.007793801 -0.002025611 -0.143739387 0.007799046 0.999966204 0.002593426 -0.068955436 0.002005329 -0.002609139 0.999994576 9.956409454
0.999956667 -0.008909331 -0.002724879 -0.145176515 0.008918850 0.999954104 0.003500760 -0.069865361 0.002693564 -0.003524910 0.999990165 10.865173340
0.999954164 -0.008923125 -0.003487592 -0.152098596 0.008935110 0.999954164 0.003435648 -0.070011280 0.003456775 -0.003466652 0.999988019 11.765759468
0.999938428 -0.010440996 -0.003782703 -0.176334932 0.010447426 0.999943972 0.001683530 -0.052872550 0.003764912 -0.001722946 0.999991477 12.604468346
0.999944448 -0.009469763 -0.004648200 -0.200481594 0.009473117 0.999954879 0.000699454 -0.078966655 0.004641366 -0.000743447 0.999989033 13.321782112
0.999926209 -0.010373678 -0.006332423 -0.207068428 0.010373799 0.999946177 -0.000014165 -0.092336886 0.006332229 -0.000051527 0.999980032 14.144055367
0.999916434 -0.010002893 -0.008195207 -0.216385871 0.009997315 0.999949753 -0.000721730 -0.090451486 0.008202014 0.000639741 0.999966264 15.046750069
0.999914527 -0.008561753 -0.009883497 -0.229223654 0.008542630 0.999961495 -0.001975755 -0.088371217 0.009900033 0.001891155 0.999949336 15.931331635
0.999921679 -0.006541076 -0.010676035 -0.264642715 0.006524737 0.999977410 -0.001564983 -0.100648738 0.010686032 0.001495203 0.999941885 16.744834900
0.999904871 -0.006877071 -0.011960879 -0.281251162 0.006864375 0.999975741 -0.001102578 -0.096716754 0.011968173 0.001020370 0.999927938 17.623172760
0.999913931 -0.003830439 -0.012553592 -0.309848338 0.003811775 0.999991417 -0.001510644 -0.106103763 0.012559274 0.001462663 0.999920189 18.433670044
0.999900222 -0.003601298 -0.013661034 -0.332042754 0.003589116 0.999992967 -0.000916510 -0.105910987 0.013664242 0.000867388 0.999906421 19.314725876
0.999872744 -0.004771999 -0.015222943 -0.349336237 0.004756137 0.999987960 -0.001078249 -0.106313169 0.015227908 0.001005710 0.999883652 20.186777115
0.999851048 -0.004672013 -0.016616633 -0.371130615 0.004645108 0.999987721 -0.001657624 -0.108589552 0.016624177 0.001580192 0.999860704 21.059627533
0.999842227 -0.003868537 -0.017336633 -0.392238468 0.003841623 0.999991298 -0.001585670 -0.109212026 0.017342618 0.001518819 0.999848604 21.916831970
0.999850750 0.014911743 -0.008731343 -0.562622666 -0.015059601 0.999739945 -0.017121043 0.091499493 0.008473768 0.017249981 0.999815404 22.999708176
0.999859214 0.013410261 -0.010086676 -0.553477108 -0.013556485 0.999801874 -0.014571204 0.084160410 0.009889273 0.014705895 0.999843061 23.824394226
0.999850333 0.013618502 -0.010673946 -0.567124486 -0.013757488 0.999820054 -0.013058020 0.069855452 0.010494193 0.013202915 0.999857903 24.668914795
0.999828219 0.014694415 -0.011301904 -0.581448257 -0.014854797 0.999788225 -0.014240584 0.055094846 0.011090252 0.014406028 0.999834836 25.500608444
0.999785721 0.016778113 -0.012128284 -0.597916245 -0.016981849 0.999713004 -0.016895616 0.040795188 0.011841325 0.017097959 0.999783814 26.318346024
0.999765694 0.017303146 -0.013007029 -0.610889077 -0.017545631 0.999669909 -0.018765965 0.032624260 0.012678023 0.018989787 0.999739408 27.120248795
0.999732673 0.018437821 -0.013951437 -0.626995265 -0.018703414 0.999641597 -0.019152496 0.018150877 0.013593303 0.019408317 0.999719322 27.919809341
0.999720871 0.017969552 -0.015335954 -0.640572071 -0.018266791 0.999643564 -0.019467263 0.000823822 0.014980666 0.019741967 0.999692976 28.705375671
0.999673784 0.018835848 -0.017244902 -0.663090527 -0.019185601 0.999608815 -0.020346090 -0.017498914 0.016854918 0.020670306 0.999644399 29.478834152
0.999638259 0.019219812 -0.018807236 -0.687229276 -0.019606207 0.999595821 -0.020581232 -0.029016156 0.018404067 0.020942526 0.999611437 30.247072220
0.999598503 0.019668756 -0.020388193 -0.712687552 -0.020068862 0.999606192 -0.019609321 -0.042152785 0.019994471 0.020010617 0.999599993 31.011972427
0.999552429 0.020145321 -0.022108819 -0.732143462 -0.020530768 0.999638617 -0.017347939 -0.056498528 0.021751348 0.017794088 0.999605179 31.755634308
0.999478817 0.021381017 -0.024178695 -0.753433228 -0.021766786 0.999638081 -0.015806008 -0.070225827 0.023831995 0.016324064 0.999582827 32.500831604
0.999409556 0.022132738 -0.026273491 -0.770043492 -0.022549709 0.999622643 -0.015681775 -0.075746745 0.025916498 0.016264975 0.999531925 33.247089386
0.999554098 0.004439105 -0.029520957 -0.823674917 -0.004277996 0.999975502 0.005518179 -0.505590796 0.029544733 -0.005389437 0.999549031 34.261054993
0.999490798 0.006333617 -0.031266056 -0.852700353 -0.006185120 0.999969006 0.004843732 -0.502184212 0.031295769 -0.004647890 0.999499500 34.965023041
0.999439538 0.006775271 -0.032775693 -0.878403127 -0.006583614 0.999960482 0.005951766 -0.496839911 0.032814723 -0.005732656 0.999445200 35.651988983
0.999391913 0.007994824 -0.033932827 -0.906858683 -0.007745149 0.999941885 0.007482897 -0.485810757 0.033990677 -0.007215542 0.999396265 36.364299774
0.999370873 0.010896406 -0.033743221 -0.944723010 -0.010628930 0.999910593 0.008095958 -0.482416213 0.033828419 -0.007732221 0.999397933 37.042980194
0.999363422 0.014522938 -0.032575868 -0.973577738 -0.014333572 0.999878883 0.006039036 -0.481596738 0.032659620 -0.005568272 0.999451220 37.704082489
0.999395192 0.016530147 -0.030582778 -1.006259084 -0.016444989 0.999860048 0.003033956 -0.482604802 0.030628640 -0.002529195 0.999527812 38.353321075
0.999441564 0.017539533 -0.028429158 -1.027803421 -0.017516201 0.999845862 0.001069538 -0.473307282 0.028443523 -0.000570975 0.999595463 38.996948242
0.999512494 0.018787868 -0.024921902 -1.055799484 -0.018744057 0.999822140 0.001990375 -0.475855768 0.024954848 -0.001522274 0.999687672 39.647865295
0.999486625 0.023442205 -0.021820728 -1.076543808 -0.023345154 0.999716222 0.004691796 -0.475399762 0.021924503 -0.004179989 0.999751151 40.276615143
0.999448717 0.027799489 -0.018129015 -1.087985277 -0.027656216 0.999584317 0.008106515 -0.475966930 0.018346814 -0.007600678 0.999803066 40.904514313
0.999354959 0.033219375 -0.013615364 -1.108813047 -0.033099640 0.999411881 0.008927449 -0.470914662 0.013903895 -0.008471039 0.999867678 41.499454498
0.999271214 0.037329480 -0.007920817 -1.128766298 -0.037258621 0.999265552 0.008913049 -0.459884942 0.008247688 -0.008611448 0.999929130 42.102863312
0.999138355 0.041440018 -0.002107753 -1.132094979 -0.041414738 0.999082386 0.010883516 -0.458800375 0.002556797 -0.010786860 0.999938786 42.661094666
0.998897791 0.046693139 0.004708789 -1.138499975 -0.046747092 0.998833299 0.012085767 -0.457082748 -0.004139016 -0.012292584 0.999916077 43.215854645
0.998667955 0.050226249 0.011786558 -1.137587667 -0.050364982 0.998661041 0.011784414 -0.458119094 -0.011178939 -0.012362362 0.999861300 43.745193481
0.998354375 0.054051474 0.019139351 -1.133516192 -0.054275483 0.998460770 0.011384476 -0.449872494 -0.018494599 -0.012404555 0.999752223 44.253063202
0.997961640 0.058484729 0.025525682 -1.114208937 -0.058794949 0.998202622 0.011576234 -0.469947249 -0.024802832 -0.013053436 0.999607325 44.642456055
0.997475564 0.062756009 0.033222012 -1.119894862 -0.063114099 0.997957468 0.009840935 -0.494945467 -0.032536644 -0.011912885 0.999399662 45.008583069
0.997022569 0.065170459 0.041212022 -1.104733109 -0.065496512 0.997830570 0.006609874 -0.491601914 -0.040691923 -0.009289451 0.999128640 45.453144073
0.996507168 0.067116745 0.049682815 -1.117719769 -0.067655660 0.997665584 0.009243887 -0.556668818 -0.048946500 -0.012572939 0.998722315 45.660343170
0.996133626 0.066348366 0.057578959 -1.088315725 -0.067056753 0.997694075 0.010456759 -0.552692115 -0.056752488 -0.014277404 0.998286247 46.069126129
0.995339870 0.065443590 0.070818603 -1.260750532 -0.066844910 0.997607827 0.017599046 -0.690936804 -0.069497548 -0.022250919 0.997334003 45.941337585
0.994480848 0.068398140 0.079555333 -1.232593656 -0.070012070 0.997389257 0.017674066 -0.687117279 -0.078138858 -0.023146378 0.996673822 46.300357819
0.993083537 0.074491210 0.090750717 -1.452990770 -0.076605521 0.996859789 0.020036884 -0.798302889 -0.088973284 -0.026850332 0.995672107 46.076023102
0.991941571 0.078259662 0.099633530 -1.422254562 -0.080628105 0.996543944 0.019964650 -0.795330524 -0.097726882 -0.027837057 0.994823933 46.375991821
0.991003931 0.077164367 0.109344698 -1.396802545 -0.079928093 0.996576667 0.021115098 -0.812721193 -0.107341155 -0.029664887 0.993779659 46.661491394
0.991155326 0.066542119 0.114816070 -1.413263083 -0.069336705 0.997381985 0.020515408 -0.826431215 -0.113150463 -0.028294951 0.993175030 46.895812988
0.989792645 0.065354541 0.126644209 -1.369786501 -0.067898475 0.997565627 0.015870724 -0.821038723 -0.125298813 -0.024307700 0.991821349 47.164569855
0.985823750 0.086005241 0.144062847 -1.355973601 -0.091435581 0.995312452 0.031494875 -1.335010052 -0.140678957 -0.044220906 0.989067316 47.597900391
0.983328640 0.087717868 0.159279317 -1.305841327 -0.093442678 0.995207667 0.028800484 -1.328154325 -0.155989826 -0.043203864 0.986813426 47.854358673
0.982619524 0.084602691 0.165229380 -1.119383097 -0.090274088 0.995547652 0.027107948 -1.307202697 -0.162200466 -0.041552763 0.985882580 48.143585205
0.979590356 0.085052751 0.182121739 -1.063023567 -0.091137119 0.995516896 0.025288308 -1.297803164 -0.179154605 -0.041370265 0.982950747 48.402854919
0.976000965 0.085073322 0.200459987 -1.011587143 -0.091698870 0.995497584 0.023984132 -1.302307606 -0.197517216 -0.041790526 0.979408205 48.615238190
0.971680105 0.085784860 0.220177919 -0.961128592 -0.093232259 0.995363355 0.023638941 -1.314030886 -0.217129380 -0.043497209 0.975173175 48.803199768
0.966776431 0.086541198 0.240527540 -0.878260970 -0.094310977 0.995321751 0.020959089 -1.280068874 -0.237588704 -0.042947177 0.970415890 49.135593414
0.961105406 0.088649608 0.261567056 -0.798311293 -0.096643962 0.995158851 0.017833009 -1.270178795 -0.258720130 -0.042418312 0.965020418 49.387577057
0.954588830 0.088762656 0.284395963 -0.687629819 -0.096592695 0.995230675 0.013596980 -1.216148496 -0.281832963 -0.040450133 0.958610356 49.782890320
0.946934938 0.089811675 0.308622509 -0.591830373 -0.098162025 0.995102406 0.011603720 -1.212975025 -0.306069106 -0.041283011 0.951113760 50.024906158
0.938015401 0.092471629 0.334029883 -0.487901449 -0.101557881 0.994781017 0.009800812 -1.212107182 -0.331380546 -0.043116711 0.942511439 50.268894196
0.927726984 0.094598755 0.361072838 -0.376628458 -0.104431495 0.994501412 0.007769210 -1.214276552 -0.358352721 -0.044915110 0.932505190 50.504726410
0.916162074 0.095297195 0.389313877 -0.255524218 -0.105718300 0.994381249 0.005376866 -1.217775226 -0.386614263 -0.046083711 0.921089411 50.737312317
0.903131664 0.093577325 0.419042021 -0.127679273 -0.104059592 0.994568408 0.002172570 -1.223196745 -0.416562885 -0.045567490 0.907964170 50.950878143
0.887415648 0.090852365 0.451928139 -0.214611948 -0.102061287 0.994777679 0.000426628 -1.317411780 -0.449529558 -0.046502996 0.892054200 50.799186707
0.869631052 0.090310074 0.485371590 -0.058461264 -0.100368343 0.994935930 -0.005293631 -1.320204735 -0.483392000 -0.044112466 0.874291897 51.019248962
0.849688411 0.092019118 0.519193411 0.111107185 -0.100453883 0.994869888 -0.011927385 -1.324717283 -0.517627776 -0.042020462 0.854573488 51.239063263
0.827345610 0.094094545 0.553755522 0.292064458 -0.100995950 0.994721293 -0.018129596 -1.328444242 -0.552538753 -0.040927656 0.832481861 51.460456848
0.802254081 0.096957140 0.589056432 0.495784700 -0.102853514 0.994416177 -0.023599053 -1.332087398 -0.588055849 -0.041654129 0.807747126 51.692562103
0.774314165 0.100783400 0.624723971 0.710120440 -0.106500864 0.993908346 -0.028339557 -1.340904236 -0.623775005 -0.044589967 0.780331135 51.921855927
0.743834794 0.104696073 0.660112321 0.937217832 -0.110631295 0.993317187 -0.032880865 -1.355526328 -0.659143865 -0.048571192 0.750446796 52.147956848
0.710402191 0.105870970 0.695787072 1.204146385 -0.111126937 0.993092597 -0.037647899 -1.365128160 -0.694967270 -0.050575577 0.717260540 52.379974365
0.673637271 0.103248470 0.731814265 1.495977163 -0.107877612 0.993324637 -0.040842231 -1.380791306 -0.731146514 -0.051433571 0.680278957 52.602802277
0.634585679 0.101730794 0.766127527 1.816976428 -0.105137073 0.993446529 -0.044830225 -1.396437049 -0.765667796 -0.052099831 0.641122878 52.821228027
0.592190862 0.101141155 0.799424767 2.156351328 -0.103371091 0.993429363 -0.049111847 -1.414133430 -0.799139798 -0.053553872 0.598755121 53.028705597
0.545881033 0.101660334 0.831672132 2.570121765 -0.100124501 0.993413627 -0.055712745 -1.418447256 -0.831858754 -0.052858274 0.552464604 53.259628296
0.496837765 0.101432614 0.861895025 2.946436405 -0.097853556 0.993360162 -0.060496703 -1.433205366 -0.862309098 -0.054282498 0.503464699 53.452831268
0.448032439 0.099399142 0.888474047 3.341866970 -0.096062332 0.993398607 -0.062696211 -1.461109281 -0.888841391 -0.057259001 0.454623580 53.621864319
0.396966577 0.097281717 0.912662625 3.778262854 -0.095711477 0.993333161 -0.064250387 -1.482985377 -0.912829041 -0.061847087 0.403631270 53.802959442
0.346502155 0.096568190 0.933064938 4.228903770 -0.097030967 0.993040800 -0.066742145 -1.503027916 -0.933017313 -0.067409955 0.353461087 53.955913544
0.297332942 0.096896678 0.949843884 4.643403053 -0.093271807 0.993026137 -0.072104678 -1.519268155 -0.950207055 -0.067154616 0.304297298 54.063198090
0.250560284 0.093817689 0.963544011 5.121872425 -0.081375778 0.993811667 -0.075603820 -1.556717515 -0.964674771 -0.059465878 0.256644368 54.147594452
0.206986040 0.088395216 0.974341929 5.626806736 -0.067053914 0.994849622 -0.076011047 -1.591383815 -0.976043284 -0.049600266 0.211847320 54.210922241
0.166151956 0.087226197 0.982234299 6.150181770 -0.051186610 0.995500028 -0.079745680 -1.603680253 -0.984770775 -0.037027389 0.169869155 54.267398834
0.127815306 0.088890232 0.987806141 6.665639400 -0.047477905 0.995381951 -0.083428666 -1.638074636 -0.990660965 -0.036235549 0.131445408 54.308452606
0.094260104 0.090330832 0.991440654 7.237760067 -0.041232701 0.995374680 -0.086769119 -1.696375012 -0.994693458 -0.032700948 0.097548731 54.354965210
0.064559802 0.086519308 0.994155765 7.714288235 -0.037331648 0.995746374 -0.084233463 -1.824083805 -0.997215390 -0.031675413 0.067515112 54.361793518
0.039904378 0.084660433 0.995610118 8.261804581 -0.029715452 0.996063769 -0.083508037 -1.868078709 -0.998761654 -0.026252702 0.042263031 54.352737427
0.019319380 0.084337741 0.996249557 8.794524193 -0.028608920 0.996074378 -0.083768152 -1.921125889 -0.999404073 -0.026883308 0.021656336 54.350017548
0.003873317 0.085199498 0.996356010 9.322903633 -0.023847794 0.996088207 -0.085083917 -1.970905781 -0.999708176 -0.023431368 0.005889961 54.333366394
-0.009424353 0.084805459 0.996352553 9.904119492 -0.022812523 0.996119499 -0.085001431 -2.018794537 -0.999695420 -0.023530435 -0.007453187 54.322494507
-0.021113036 0.085789867 0.996089160 10.501778603 -0.021900289 0.996032774 -0.086249240 -2.063367367 -0.999537289 -0.023635659 -0.019150492 54.314548492
-0.030472029 0.088760383 0.995586395 11.143884659 -0.018408371 0.995830536 -0.089345589 -2.117043018 -0.999366164 -0.021049703 -0.028711084 54.299240112
-0.037095703 0.090828367 0.995175064 11.770759583 -0.014786817 0.995701849 -0.091427654 -2.155879259 -0.999202371 -0.018107079 -0.035593241 54.264026642
-0.041574225 0.090278551 0.995048046 12.349907875 -0.013215771 0.995772600 -0.090896472 -2.192850828 -0.999048054 -0.016929312 -0.040205419 54.238178253
-0.045648288 0.087308057 0.995134532 13.044687271 -0.016291223 0.995975792 -0.088129170 -2.239736080 -0.998824775 -0.020234941 -0.044042282 54.223964691
-0.048155956 0.080387078 0.995599389 13.720688820 -0.018218221 0.996519685 -0.081342585 -2.286187649 -0.998673737 -0.022055216 -0.046523895 54.196945190
-0.049420919 0.074767038 0.995975196 14.406843185 -0.017456951 0.996977210 -0.075708486 -2.333388090 -0.998625576 -0.021128310 -0.047966372 54.171470642
-0.050894048 0.072099753 0.996097624 15.119245529 -0.017328089 0.997176826 -0.073063210 -2.377352476 -0.998553872 -0.020978987 -0.049501054 54.149715424
-0.052266166 0.072154425 0.996022582 15.619190216 -0.019181702 0.997129798 -0.073241174 -2.512799501 -0.998449087 -0.022933483 -0.050732154 54.152851105
-0.051674638 0.079254486 0.995513678 16.325206757 -0.018313525 0.996603131 -0.080291815 -2.560214043 -0.998496175 -0.022380454 -0.050047733 54.120140076
-0.050464798 0.086877175 0.994939506 16.979793549 -0.019076902 0.995943725 -0.087932453 -2.606744766 -0.998543799 -0.023417898 -0.048602805 54.110549927
-0.045675300 0.097780988 0.994158745 17.028131485 -0.024222109 0.994796872 -0.098956592 -2.262151957 -0.998662770 -0.028600538 -0.043069236 53.908927917
-0.043673515 0.093183503 0.994690120 17.727815628 -0.025077036 0.995224595 -0.094334617 -2.326876402 -0.998731196 -0.029063847 -0.041128244 53.879951477
-0.043642953 0.085660055 0.995367587 18.255388260 -0.030115390 0.995751739 -0.087013550 -2.434138298 -0.998593271 -0.033773456 -0.040877916 53.904479980
-0.041135963 0.083795093 0.995633006 18.979898453 -0.032482028 0.995838046 -0.085154384 -2.498562098 -0.998625517 -0.035843130 -0.038242973 53.888835907
-0.037562106 0.089075767 0.995315790 19.728317261 -0.025189253 0.995618284 -0.090053447 -2.569529533 -0.998976886 -0.028453894 -0.035153814 53.855449677
-0.034636781 0.094602264 0.994911849 20.461851120 -0.023989322 0.995144129 -0.095459506 -2.631056070 -0.999112129 -0.027173707 -0.032199189 53.834373474
-0.032420605 0.094868071 0.994961202 21.170301437 -0.030402083 0.994930744 -0.095855810 -2.694506884 -0.999011934 -0.033356637 -0.029372115 53.829002380
-0.029301945 0.091060139 0.995413601 21.891706467 -0.035121329 0.995132983 -0.092068315 -2.760696888 -0.998953521 -0.037658077 -0.025961220 53.824745178
-0.025074342 0.086958699 0.995895684 22.561639786 -0.033218969 0.995586753 -0.087768078 -2.841968775 -0.999133646 -0.035283405 -0.022075044 53.816989899
-0.022237221 0.087856874 0.995884240 23.250371933 -0.032647014 0.995535970 -0.088555105 -2.942338943 -0.999219716 -0.034481913 -0.019269725 53.793193817
-0.020983053 0.091866173 0.995549679 23.889459610 -0.036399804 0.995038986 -0.092586219 -3.018204451 -0.999117196 -0.038180601 -0.017535079 53.814434052
-0.015051996 0.092589445 0.995589972 24.391370773 -0.033514619 0.995097101 -0.093050271 -3.054412842 -0.999325097 -0.034767453 -0.011875126 53.743003845
-0.012675969 0.090792820 0.995788515 24.975545883 -0.039515700 0.995045602 -0.091228068 -3.177710295 -0.999138713 -0.040505733 -0.009025451 53.741207123
-0.008807626 0.087571613 0.996118665 25.706972122 -0.035269558 0.995510817 -0.087829992 -3.251936197 -0.999339163 -0.035906281 -0.005679497 53.722618103
-0.005538172 0.087981239 0.996106088 26.412155151 -0.032449100 0.995581508 -0.088115275 -3.325152159 -0.999458134 -0.032810789 -0.002658809 53.723526001
-0.001927077 0.088788375 0.996047974 27.133718491 -0.029659363 0.995607078 -0.088806421 -3.387021303 -0.999558330 -0.029713331 0.000714779 53.721763611
-0.001119702 0.094039179 0.995567203 27.872087479 -0.032835167 0.995028019 -0.094025150 -3.385534048 -0.999460280 -0.032794941 0.001973643 53.765125275
0.001799884 0.092297859 0.995729148 28.547124863 -0.033622772 0.995173812 -0.092185579 -3.464142799 -0.999433041 -0.033313293 0.004894495 53.779125214
0.005525691 0.091450274 0.995793581 29.308223724 -0.032039504 0.995314240 -0.091228426 -3.532425880 -0.999471426 -0.031400677 0.008429810 53.784332275
0.009505255 0.092020206 0.995711088 29.967662811 -0.031356227 0.995294273 -0.091682322 -3.573086977 -0.999463141 -0.030350320 0.012345927 53.759353638
0.012073203 0.093636774 0.995532513 30.699689865 -0.035440996 0.995020092 -0.093158737 -3.641407967 -0.999298871 -0.034157988 0.015331659 53.786117554
0.014268054 0.094090492 0.995460689 31.480728149 -0.034393691 0.995019615 -0.093555801 -3.701838017 -0.999306500 -0.032902755 0.017433114 53.809993744
0.016432650 0.094037421 0.995432317 32.243324280 -0.036985699 0.994943082 -0.093380615 -3.763256550 -0.999180615 -0.035282321 0.019827597 53.837657928
0.018419079 0.094192840 0.995382845 32.966732025 -0.039259393 0.994852662 -0.093416162 -3.831940413 -0.999059200 -0.037357546 0.022022232 53.865104675
0.020978870 0.094159640 0.995335281 33.705741882 -0.042626865 0.994733870 -0.093204267 -3.901679516 -0.998870730 -0.040472765 0.024882134 53.893257141
0.023698665 0.095388867 0.995157182 34.335712433 -0.046470962 0.994466424 -0.094215974 -4.001208782 -0.998638451 -0.044013187 0.028000351 53.905548096
0.026372340 0.099032827 0.994733870 35.094104767 -0.048876189 0.994018197 -0.097665749 -4.069423676 -0.998456538 -0.046043195 0.031054948 53.939987183
0.029148147 0.101363026 0.994421661 35.839458466 -0.050199848 0.993737996 -0.099821880 -4.132246971 -0.998313665 -0.047010258 0.034054048 53.976348877
0.031403169 0.103717580 0.994110167 36.612857819 -0.056909781 0.993173242 -0.101822078 -4.195577621 -0.997885227 -0.053377122 0.037091359 54.023277283
0.033901658 0.102932610 0.994109690 37.380966187 -0.060631983 0.993061662 -0.100756377 -4.260817528 -0.997584224 -0.056859098 0.039907474 54.067855835
0.038204733 0.103625208 0.993881702 38.146488190 -0.058313947 0.993144393 -0.101306766 -4.332784653 -0.997566938 -0.054086823 0.043985642 54.101730347
0.042016402 0.104963668 0.993587375 38.897010803 -0.059811324 0.992946684 -0.102366716 -4.411296368 -0.997325003 -0.055126756 0.047998093 54.141674042
0.045331635 0.105947271 0.993337214 39.688587189 -0.064621046 0.992588222 -0.102918372 -4.482909203 -0.996879697 -0.059525095 0.051842105 54.194793701
0.048641436 0.104007982 0.993385613 40.475730896 -0.066580340 0.992688835 -0.100674905 -4.560105801 -0.996594667 -0.061243050 0.055210736 54.250583649
0.053603474 0.103544928 0.993178606 41.263339996 -0.066174395 0.992790997 -0.099932984 -4.643462658 -0.996367157 -0.060366303 0.060069107 54.298583984
0.058146343 0.107024483 0.992553949 42.023612976 -0.070943341 0.992165983 -0.102826618 -4.723892689 -0.995784044 -0.064436167 0.065283544 54.355010986
0.062844418 0.116656847 0.991181254 42.802104950 -0.076270439 0.990801871 -0.111776389 -4.794507027 -0.995104611 -0.068573371 0.071163885 54.428550720
0.069526181 0.121714331 0.990126431 43.581459045 -0.079952538 0.990015686 -0.116086505 -4.879810333 -0.994370878 -0.071092129 0.078563437 54.497608185
0.074793264 0.124631792 0.989379346 44.276336670 -0.088023275 0.989111066 -0.117943794 -4.967558384 -0.993306339 -0.078267083 0.084949419 54.615203857
0.081730954 0.122486375 0.989098430 45.009994507 -0.091471292 0.989152431 -0.114934646 -5.064851284 -0.992447793 -0.081080459 0.092048444 54.692859650
0.088191353 0.120616823 0.988773167 45.799324036 -0.093449257 0.989265382 -0.112341896 -5.154880524 -0.991710246 -0.082492605 0.098516300 54.790054321
0.094788283 0.117342971 0.988556683 46.626937866 -0.095133655 0.989551246 -0.108339101 -5.234412670 -0.990941167 -0.083775803 0.104961224 54.897022247
0.101586245 0.111724101 0.988532424 47.402755737 -0.098225422 0.989944518 -0.101789594 -5.314062595 -0.989965439 -0.086758673 0.111538991 55.007652283
0.109256901 0.104260944 0.988529682 48.175743103 -0.099998958 0.990591347 -0.093426049 -5.385447025 -0.988970518 -0.088644587 0.118655033 55.086914062
0.117113888 0.101626717 0.987904251 48.999965668 -0.099955738 0.990905046 -0.090085894 -5.461910248 -0.988075256 -0.088196471 0.126207039 55.193408966
0.123512335 0.107392773 0.986514091 49.821666718 -0.101838574 0.990249455 -0.095049158 -5.490632534 -0.987103462 -0.088725515 0.133244887 55.309883118
0.129011512 0.117627919 0.984641194 50.663768768 -0.101696476 0.989273608 -0.104856670 -5.511249542 -0.986414433 -0.086606890 0.139590159 55.443290710
0.133501887 0.126008928 0.983004332 51.509754181 -0.103698611 0.988214850 -0.112593561 -5.520739555 -0.985608160 -0.086904801 0.144995645 55.592281342
0.138532639 0.132631361 0.981435716 52.379119873 -0.105702817 0.987310827 -0.118505090 -5.560403347 -0.984700620 -0.087323777 0.150794432 55.727039337
0.143521279 0.139298931 0.979793787 53.194042206 -0.109953217 0.986158848 -0.124097832 -5.560612679 -0.983520031 -0.089920886 0.156851292 55.854824066
0.149025619 0.136506543 0.979364932 53.968185425 -0.106201157 0.986905873 -0.121397503 -5.654268742 -0.983113587 -0.085918441 0.161571562 55.982482910
0.153340369 0.129638597 0.979632020 54.721469879 -0.105403960 0.987846911 -0.114227004 -5.743025303 -0.982535720 -0.085741572 0.165141389 56.116874695
0.156738728 0.123205453 0.979924321 55.467128754 -0.106626473 0.988499999 -0.107228801 -5.826841831 -0.981867373 -0.087679058 0.168073326 56.254135132
0.158426672 0.119764164 0.980079532 56.129623413 -0.113782831 0.988217652 -0.102366038 -5.914865494 -0.980792642 -0.095298804 0.170187250 56.397369385
0.160559148 0.119882569 0.979717970 56.775928497 -0.116451062 0.987964571 -0.101807334 -5.980366230 -0.980132461 -0.097743191 0.172587335 56.544139862
0.162295967 0.121855944 0.979188204 57.479881287 -0.119249709 0.987493992 -0.103124507 -6.065844059 -0.979509711 -0.100031316 0.174797699 56.674762726
0.163864017 0.125977308 0.978405178 58.174823761 -0.122703686 0.986712694 -0.106496483 -6.145328045 -0.978821814 -0.102603085 0.177144691 56.807422638
0.163783357 0.130582049 0.977814794 58.861183167 -0.127029747 0.985739827 -0.110363036 -6.216795444 -0.978283286 -0.106136031 0.178035676 56.957962036
0.162747994 0.140415087 0.976624370 59.570453644 -0.129732653 0.984273374 -0.119895779 -6.224290848 -0.978101373 -0.107187368 0.178405032 57.126350403
0.164903805 0.142937362 0.975896537 60.092319489 -0.131370768 0.983810127 -0.121897876 -6.296651363 -0.977521479 -0.108102955 0.181011915 57.113822937
0.165979221 0.143017009 0.975702584 60.760662079 -0.134467348 0.983467937 -0.121280722 -6.375446320 -0.976918221 -0.111070164 0.182466462 57.248771667
0.166396052 0.139980286 0.976071894 61.424057007 -0.134619072 0.983828962 -0.118143588 -6.454870224 -0.976826370 -0.111739382 0.182549387 57.379138947
0.167063698 0.138264641 0.976202369 62.066326141 -0.134871513 0.984015226 -0.116289876 -6.523322105 -0.976677597 -0.112234183 0.183041304 57.501453400
0.166468889 0.137544602 0.976405680 62.724330902 -0.133759126 0.984219968 -0.115840688 -6.593684196 -0.976932049 -0.111319415 0.182239980 57.643321991
0.164520442 0.136903122 0.976826012 63.369823456 -0.134767115 0.984153867 -0.115232274 -6.670036793 -0.977123559 -0.112686075 0.180363581 57.769519806
0.162151560 0.137860179 0.977087498 63.993972778 -0.136893481 0.983760297 -0.116083726 -6.743579388 -0.977223933 -0.114933878 0.178390533 57.895683289
0.159730405 0.141083717 0.977026165 64.607559204 -0.137910873 0.983217359 -0.119431272 -6.814587116 -0.977479577 -0.115665853 0.176506802 58.008918762
0.157461092 0.144995317 0.976821840 65.204696655 -0.136463359 0.982866943 -0.123895161 -6.891190052 -0.978050709 -0.113791846 0.174549967 58.117557526
0.155784905 0.145697266 0.976986170 65.805236816 -0.134353757 0.982996047 -0.125170261 -6.963676929 -0.978610992 -0.111762241 0.172711045 58.224323273
0.154330596 0.144300312 0.977424204 66.368019104 -0.133650765 0.983233213 -0.124055162 -7.035829067 -0.978937566 -0.111488104 0.171028942 58.311344147
0.152035311 0.141397923 0.978207827 66.950279236 -0.133422136 0.983590782 -0.121439323 -7.104446411 -0.979327798 -0.112051629 0.168406278 58.408710480
0.149728507 0.137514904 0.979116797 67.497245789 -0.133394286 0.984036207 -0.117806986 -7.179109573 -0.979686916 -0.112969644 0.165682107 58.504310608
0.148675352 0.136619881 0.979402542 68.045272827 -0.128743649 0.984655201 -0.117809124 -7.251173019 -0.980469227 -0.108576670 0.163983017 58.586242676
0.147325546 0.138208270 0.979383647 68.616447449 -0.124657579 0.984887898 -0.120233275 -7.319599628 -0.981200695 -0.104374282 0.162327990 58.673255920
0.143913627 0.141508207 0.979419708 69.171501160 -0.121459201 0.984765768 -0.124433786 -7.369935513 -0.982107818 -0.101051919 0.158908814 58.772804260
0.142217726 0.143355727 0.979398727 69.716484070 -0.121981941 0.984452903 -0.126382709 -7.434938431 -0.982290030 -0.101495199 0.157493606 58.860157013
0.141075164 0.145846963 0.979196131 70.241035461 -0.122013487 0.984109461 -0.129000098 -7.503133774 -0.982450843 -0.101276532 0.156628817 58.943698883
0.140074983 0.144479141 0.979542434 70.796501160 -0.120172851 0.984463871 -0.128020346 -7.572782040 -0.982820809 -0.099782072 0.155261323 59.031673431
0.141251236 0.143212453 0.979559541 71.345504761 -0.114166729 0.985235631 -0.127579674 -7.638798714 -0.983368278 -0.093812443 0.155515954 59.112010956
0.143873394 0.141673788 0.979401708 71.893402100 -0.109559029 0.985895336 -0.126519054 -7.703575134 -0.983512223 -0.089099690 0.157365859 59.191501617
0.146762222 0.141241685 0.979035378 72.443374634 -0.105762519 0.986320138 -0.126438379 -7.768200397 -0.983500957 -0.084988989 0.159692720 59.275520325
0.153196201 0.142823428 0.977819502 72.942268372 -0.105623163 0.986198485 -0.127499253 -7.823444366 -0.982534349 -0.083748102 0.166167408 59.330566406
0.159618035 0.144192606 0.976590633 73.523712158 -0.106991969 0.985974193 -0.128090963 -7.880139828 -0.981363297 -0.084041834 0.172806829 59.432971954
0.167701274 0.141339168 0.975652695 74.057319641 -0.104275450 0.986660361 -0.125010386 -7.979470730 -0.980307162 -0.080772333 0.180202514 59.513248444
0.173775822 0.141235322 0.974604130 74.566841125 -0.105991453 0.986595631 -0.124074481 -8.040640831 -0.979064345 -0.081738673 0.186416328 59.654182434
0.182704836 0.140638396 0.973056257 75.156578064 -0.106492057 0.986723781 -0.122618541 -8.091732979 -0.977383077 -0.081219874 0.195256203 59.772239685
0.192122385 0.140398994 0.971275330 75.728553772 -0.110557340 0.986509204 -0.120732456 -8.159567833 -0.975123286 -0.084186316 0.205052763 59.903289795
0.202312186 0.140867129 0.969136119 76.327095032 -0.112428688 0.986398458 -0.119906284 -8.220007896 -0.972845733 -0.084700309 0.215398043 60.045600891
0.211659625 0.144927844 0.966537416 76.907150269 -0.118478574 0.985455513 -0.121819273 -8.280927658 -0.970135152 -0.088729873 0.225752115 60.195468903
0.220685840 0.147193894 0.964173257 77.502960205 -0.122071289 0.984941959 -0.122424155 -8.341259003 -0.967675328 -0.090680711 0.235331014 60.371360779
0.231149375 0.151247725 0.961089194 78.103393555 -0.127682269 0.984014571 -0.124146990 -8.399280548 -0.964503169 -0.094017670 0.246766105 60.543655396
0.241465479 0.153015703 0.958268702 78.728454590 -0.129710585 0.983717918 -0.124394849 -8.473484039 -0.961700916 -0.094260655 0.257381767 60.720207214
0.251242191 0.153565928 0.955663741 79.353584290 -0.132749498 0.983471036 -0.123134717 -8.545563698 -0.958777308 -0.095927358 0.267475307 60.911060333
0.261982769 0.153814569 0.952735245 80.000099182 -0.133817896 0.983470201 -0.121979408 -8.620328903 -0.955749333 -0.095536627 0.278235495 61.104141235
0.271148115 0.156478494 0.949732363 80.630981445 -0.140460074 0.982567370 -0.121787153 -8.678082466 -0.952233553 -0.100377239 0.288400352 61.306941986
0.281049609 0.153693810 0.947305501 81.276458740 -0.143244624 0.982753396 -0.116946757 -8.750129700 -0.948942184 -0.102828681 0.298218310 61.530044556
0.291944534 0.147808492 0.944944143 81.968994141 -0.140625358 0.983882427 -0.110452466 -8.809293747 -0.946040213 -0.100637212 0.308024764 61.757743835
0.309794366 0.140037417 0.940433621 82.709579468 -0.129866451 0.986056745 -0.104050934 -8.885807037 -0.941892445 -0.089896463 0.323661059 61.953662872
0.320376545 0.136694774 0.937375009 83.404708862 -0.130642980 0.986453950 -0.099200651 -8.958436012 -0.938238025 -0.090679981 0.333894998 62.200378418
0.330364019 0.134480938 0.934223175 84.102447510 -0.125192240 0.987295389 -0.097849689 -9.032337189 -0.935513675 -0.084631547 0.343002915 62.450851440
0.339987785 0.129272163 0.931501746 84.822517395 -0.118585356 0.988493979 -0.093899176 -9.093955994 -0.932922900 -0.078537956 0.351405710 62.710159302
0.349089473 0.119270355 0.929467380 85.623420715 -0.107521690 0.990414441 -0.086708203 -9.156144142 -0.930900097 -0.069669038 0.358567417 63.006347656
0.360492408 0.113145500 0.925873578 86.397087097 -0.097544312 0.991745949 -0.083216190 -9.211182594 -0.927647352 -0.060314942 0.368553638 63.292121887
0.369456857 0.110415302 0.922663927 87.106414795 -0.088478692 0.992584348 -0.083353743 -9.257645607 -0.925025642 -0.050840527 0.376486540 63.665534973
0.380149484 0.115638115 0.917667091 87.872817993 -0.084270276 0.992357373 -0.090140626 -9.321542740 -0.921077788 -0.043065179 0.386989057 63.971561432
0.387713164 0.119575500 0.913990617 88.585380554 -0.080568291 0.992151558 -0.095624261 -9.390238762 -0.918251932 -0.036563903 0.394304246 64.278129578
0.393061250 0.121509030 0.911447763 89.253227234 -0.082486533 0.991893351 -0.096661367 -9.456427574 -0.915804684 -0.037188359 0.399897724 64.559356689
0.397057712 0.123081751 0.909502387 89.961227417 -0.089375943 0.991442323 -0.095152132 -9.527050018 -0.913431168 -0.043506783 0.404660404 64.895820618
0.400863290 0.126860261 0.907311201 90.667137146 -0.096186332 0.990720451 -0.096026078 -9.597203255 -0.911074221 -0.048777640 0.409345686 65.225341797
0.405167311 0.129671350 0.904999077 91.347991943 -0.096905462 0.990405083 -0.098524161 -9.672046661 -0.909091949 -0.047780618 0.413845628 65.504722595
0.408419549 0.134324446 0.902855992 92.031280518 -0.100624323 0.989710152 -0.101727583 -9.740889549 -0.907230675 -0.049301773 0.417733312 65.846588135
0.409316808 0.138054371 0.901886463 92.452239990 -0.107032977 0.988926589 -0.102801479 -9.805099487 -0.906092167 -0.054453261 0.419560671 66.113021851
0.414180875 0.135552108 0.900043488 93.057540894 -0.106217206 0.989290178 -0.100114338 -9.876535416 -0.903975308 -0.054134700 0.424143076 66.380592346
0.417791158 0.132693216 0.898800015 93.642242432 -0.106717147 0.989596248 -0.096492253 -9.955472946 -0.902253449 -0.055603810 0.427605242 66.673912048
0.421989202 0.128474534 0.897450745 94.163665771 -0.104981467 0.990173697 -0.092385091 -10.042278290 -0.900501668 -0.055230226 0.431330085 66.912872314
0.425816596 0.127373174 0.895798385 94.737846375 -0.104805343 0.990321159 -0.090994239 -10.097013474 -0.898718715 -0.055137638 0.435044587 67.188117981
0.429009944 0.129244193 0.894004941 95.359230042 -0.107130319 0.990005910 -0.091713756 -10.160106659 -0.896924078 -0.056428958 0.438568413 67.506011963
0.432035416 0.129656002 0.892487049 95.974601746 -0.106319770 0.990033209 -0.092359714 -10.226408005 -0.895567238 -0.054986391 0.441514462 67.815734863
0.434504449 0.127674296 0.891573668 96.601165771 -0.103840724 0.990401864 -0.091220304 -10.284176826 -0.894663095 -0.052946068 0.443591893 68.127326965
0.426841825 0.130332544 0.894884348 97.041954041 -0.122825064 0.988745570 -0.085417606 -10.588153839 -0.895945966 -0.073454469 0.438046157 68.632415771
0.428415418 0.130508810 0.894106388 97.629066467 -0.124483787 0.988603652 -0.084655203 -10.642172813 -0.894965410 -0.075034209 0.439779371 68.934242249
0.430493027 0.129836291 0.893205941 98.199737549 -0.123168595 0.988792896 -0.084368043 -10.699069023 -0.894150078 -0.073695116 0.441660285 69.220344543
0.433344215 0.131925821 0.891519427 98.761947632 -0.123971179 0.988549709 -0.086025156 -10.747532845 -0.892660677 -0.073244266 0.444737405 69.496444702
0.437622517 0.131727308 0.889456570 99.451538086 -0.118978575 0.988995492 -0.087930165 -10.793824196 -0.891251862 -0.067346103 0.448479503 69.803489685
0.441029608 0.131099135 0.887865067 99.997451782 -0.117086984 0.989223480 -0.087904759 -10.844468117 -0.889821768 -0.065188892 0.451626956 70.076034546
0.444444060 0.129428193 0.886406422 100.538803101 -0.114473492 0.989600599 -0.087099105 -10.898728371 -0.888461888 -0.062759399 0.454638332 70.355216980
0.447460085 0.133628353 0.884263217 101.120346069 -0.111834817 0.989372730 -0.092921063 -10.886078835 -0.887283325 -0.057312988 0.457649261 70.654647827
0.450150251 0.138141930 0.882201791 101.700691223 -0.109457351 0.989046752 -0.099021144 -10.880557060 -0.886218369 -0.051989119 0.460340530 70.958808899
0.454114765 0.137397185 0.880284131 102.217086792 -0.108558312 0.989208221 -0.098396122 -10.934730530 -0.884304225 -0.050879069 0.464129865 71.229080200
0.457509845 0.136896178 0.878602564 102.727935791 -0.106945895 0.989376724 -0.098466754 -10.989152908 -0.882749319 -0.048913471 0.467290342 71.507904053
0.461115092 0.138374910 0.876483619 103.191001892 -0.107899666 0.989179671 -0.099401206 -11.038423538 -0.880755186 -0.048736930 0.471056581 71.771354675
0.465973467 0.138538063 0.873884559 103.611106873 -0.103816397 0.989404082 -0.101494506 -11.051067352 -0.878686547 -0.043429833 0.475418895 71.971801758
0.471054524 0.140961498 0.870767355 104.053268433 -0.104742385 0.989103258 -0.103456050 -11.109097481 -0.875862837 -0.042472843 0.480686545 72.216407776
0.476247996 0.146882549 0.866955400 104.551330566 -0.108297415 0.988240898 -0.107939765 -11.164525986 -0.872615933 -0.042482976 0.486555099 72.516021729
0.481895268 0.153916404 0.862603605 105.027297974 -0.113418624 0.987125933 -0.112773731 -11.216308594 -0.868856847 -0.043490231 0.493148655 72.798721313
0.487938374 0.160182416 0.858053684 105.508720398 -0.118490033 0.986073196 -0.116701119 -11.271396637 -0.864797890 -0.044727895 0.500123322 73.088508606
0.493869185 0.163978323 0.853933692 105.920349121 -0.121925779 0.985414207 -0.118710943 -11.339259148 -0.860945046 -0.045488905 0.506659210 73.337425232
0.499369442 0.164181516 0.850689709 106.410636902 -0.126035810 0.985201418 -0.116156958 -11.401204109 -0.857172191 -0.049212195 0.512672544 73.638595581
0.503962338 0.163651526 0.848079324 106.925018311 -0.133056417 0.984874785 -0.110981308 -11.453316689 -0.853414834 -0.056912061 0.518115044 73.978057861
0.508837342 0.161098778 0.845653594 107.418960571 -0.139408737 0.984787464 -0.103720710 -11.511415482 -0.849499047 -0.065114588 0.523555696 74.308212280
0.514518797 0.158536881 0.842694938 107.917022705 -0.144860953 0.984704435 -0.096806571 -11.564906120 -0.845153511 -0.072264858 0.529615343 74.633537292
0.520524740 0.156105116 0.839454293 108.410362244 -0.147029012 0.984846413 -0.091973387 -11.627168655 -0.841091633 -0.075549759 0.535589516 74.961990356
0.526502073 0.159728050 0.835033476 108.925529480 -0.152085796 0.984043956 -0.092338912 -11.673253059 -0.836459339 -0.078380138 0.542394161 75.308280945
0.533042848 0.163294509 0.830179811 109.379768372 -0.155705541 0.983372569 -0.093451746 -11.724921227 -0.831636846 -0.079449840 0.549606323 75.566528320
