1.000000000 0.000000000 0.000000000 0.000000000 0.000000000 1.000000000 0.000000000 0.000000000 0.000000000 0.000000000 1.000000000 0.000000000
0.999997199 0.001687742 -0.001649516 -0.010165634 -0.001686572 0.999998331 0.000710457 -0.012139497 0.001650713 -0.000707673 0.999998391 0.872378886
0.999992013 0.002700961 -0.002934550 -0.020065229 -0.002697049 0.999995470 0.001336475 -0.026796777 0.002938147 -0.001328549 0.999994814 1.716865897
0.999986231 0.003232306 -0.004124916 -0.033943698 -0.003224367 0.999992967 0.001929899 -0.046325654 0.004131124 -0.001916572 0.999989629 2.521789312
0.999981463 0.003325268 -0.005088376 -0.053130016 -0.003309741 0.999989867 0.003056699 -0.059636567 0.005098489 -0.003039802 0.999982417 3.298384190
0.999960780 0.005640575 -0.006817316 -0.058307532 -0.005605649 0.999971151 0.005131399 -0.053454954 0.006846063 -0.005092983 0.999963641 4.124518871
0.999938548 0.007393121 -0.008254668 -0.076737329 -0.007332828 0.999946415 0.007310764 -0.036099713 0.008308275 -0.007249786 0.999939263 5.114608765
0.999894738 0.010581808 -0.009928238 -0.090800367 -0.010492207 0.999904156 0.009034164 -0.048007932 0.010022884 -0.008929044 0.999909997 5.891071320
0.999840558 0.013870625 -0.011243850 -0.104875289 -0.013813841 0.999891520 0.005112393 -0.064918473 0.011313543 -0.004956258 0.999923766 6.639603138
0.999817550 0.013956836 -0.013037566 -0.107003070 -0.013988269 0.999899447 -0.002322709 -0.073494270 0.013003838 0.002504658 0.999912322 7.426856995
0.999796748 0.013548860 -0.014925393 -0.109444082 -0.013671434 0.999873400 -0.008141202 -0.083959863 0.014813201 0.008343599 0.999855459 8.122076988
0.999771893 0.014877819 -0.015321863 -0.123854741 -0.015021500 0.999843836 -0.009305513 -0.095585309 0.015181025 0.009533547 0.999839306 8.823637962
0.999713421 0.017738713 -0.016072622 -0.143542200 -0.017832695 0.999824584 -0.005722909 -0.112627640 0.015968284 0.006007886 0.999854445 9.491628647
0.999689460 0.017767869 -0.017472392 -0.156720549 -0.017827483 0.999835730 -0.003262002 -0.135347903 0.017411560 0.003572477 0.999842048 10.149561882
0.999716818 0.015027719 -0.018451938 -0.165772066 -0.015151211 0.999863565 -0.006571063 -0.148886949 0.018350674 0.006848770 0.999808192 10.800812721
0.999801874 0.007760940 -0.018331006 -0.170842469 -0.007973936 0.999901116 -0.011574994 -0.170943961 0.018239360 0.011718869 0.999765038 11.414263725
0.999839365 0.004130671 -0.017441349 -0.171883419 -0.004413810 0.999858439 -0.016226431 -0.190352485 0.017371854 0.016300807 0.999716282 12.020597458
0.999872744 0.006855018 -0.014405215 -0.182673827 -0.007090033 0.999841392 -0.016327243 -0.209413499 0.014291005 0.016427299 0.999763012 12.601698875
0.999877691 0.012023368 -0.010003227 -0.206627116 -0.012154620 0.999839306 -0.013165129 -0.231905371 0.009843329 0.013285104 0.999863327 13.171617508
0.999932826 0.010223676 -0.005466104 -0.205259442 -0.010278393 0.999896169 -0.010077257 -0.247395352 0.005362507 0.010132762 0.999934316 13.731342316
0.999979496 0.006389338 0.000466583 -0.198619545 -0.006386512 0.999962330 -0.005833182 -0.268930137 -0.000503840 0.005830081 0.999982953 14.295639038
0.999960959 0.001861055 0.008636014 -0.186223552 -0.001841326 0.999995410 -0.002292360 -0.288752794 -0.008640247 0.002276367 0.999960184 14.832119942
0.999797523 0.005582733 0.019329714 -0.176038563 -0.005537528 0.999981523 -0.002391571 -0.303045005 -0.019342721 0.002284045 0.999810398 15.356472015
0.999335110 0.011172073 0.034704380 -0.170868680 -0.011076945 0.999934018 -0.002932240 -0.313515872 -0.034734868 0.002545869 0.999393404 15.891470909
0.998470247 0.016401071 0.052801374 -0.144892275 -0.016303979 0.999864161 -0.002269120 -0.328000635 -0.052831441 0.001404773 0.998602569 16.398504257
0.997077107 0.015104947 0.074892350 -0.100892499 -0.015022587 0.999885440 -0.001662966 -0.345822990 -0.074908927 0.000533025 0.997190356 16.902917862
0.994825006 0.011621580 0.100935519 -0.028518207 -0.011588811 0.999932110 -0.000911046 -0.358241558 -0.100939311 -0.000263395 0.994892657 17.391622543
0.991457105 0.010374002 0.130019426 0.048983790 -0.010538667 0.999943912 0.000578447 -0.370381922 -0.130006209 -0.001943742 0.991511405 17.826061249
0.986505210 0.014155634 0.163116187 0.144930601 -0.014163608 0.999898732 -0.001114131 -0.329527557 -0.163115546 -0.001211222 0.986606359 18.333835602
0.979806662 0.013512406 0.199489772 0.225904331 -0.013911070 0.999902785 0.000596828 -0.367280990 -0.199462399 -0.003359898 0.979899883 18.608331680
0.970950305 0.013229880 0.238915026 0.374083132 -0.013740375 0.999905229 0.000471253 -0.378301501 -0.238886237 -0.003740351 0.971040547 18.986513138
0.960378528 0.015992645 0.278239459 0.524024367 -0.016858419 0.999857366 0.000719146 -0.401075631 -0.278188378 -0.005381336 0.960511684 19.159482956
0.945922911 0.016848890 0.323953658 0.716271758 -0.017255379 0.999849498 -0.001617833 -0.413403988 -0.323932320 -0.004059604 0.946071804 19.536310196
0.926664352 0.018519057 0.375433505 0.898401856 -0.017873382 0.999826431 -0.005202580 -0.420079470 -0.375464886 -0.001889227 0.926834941 19.908164978
0.903035522 0.017960867 0.429190338 1.109609485 -0.016733626 0.999837697 -0.006633184 -0.444221735 -0.429240048 -0.001191916 0.903189898 20.261558533
0.874519169 0.019585025 0.484595418 1.338505507 -0.017074957 0.999807954 -0.009593344 -0.440657020 -0.484690547 0.000115112 0.874685943 20.602304459
0.840708494 0.022008074 0.541040599 1.590228558 -0.017196817 0.999754608 -0.013945660 -0.417202353 -0.541215062 0.002420055 0.840880930 20.937747955
0.802705348 0.020146765 0.596035302 1.866106510 -0.013573697 0.999787271 -0.015513849 -0.442011654 -0.596221447 0.004362645 0.802808404 21.250028610
0.755860567 0.019499227 0.654442072 2.104045868 -0.011833646 0.999799728 -0.016121730 -0.473381370 -0.654625773 0.004441343 0.755940318 21.649305344
0.712421417 0.018907554 0.701497018 2.409056425 -0.009623173 0.999805868 -0.017174888 -0.463119507 -0.701686025 0.005485130 0.712465465 21.886447906
0.662284017 0.018676199 0.749019980 2.724926949 -0.011166431 0.999823928 -0.015056431 -0.482535005 -0.749169767 0.001607751 0.662376404 22.196315765
0.605926931 0.020736964 0.795249939 3.121652603 -0.008024764 0.999768257 -0.019955672 -0.449295312 -0.795479953 0.005709986 0.605953336 22.609838486
0.555526495 0.019870883 0.831261277 3.446495295 -0.003643541 0.999762595 -0.021463875 -0.461060852 -0.831490993 0.008895020 0.555467367 22.778135300
0.512497008 0.004960530 0.858674526 3.808093071 0.007126283 0.999923944 -0.010029829 -0.653336644 -0.858659565 0.011259420 0.512423038 22.802659988
0.467550576 -0.006115801 0.883945048 4.195424080 0.008115048 0.999963284 0.002626154 -0.848245144 -0.883929193 0.005945397 0.467583328 22.890680313
0.417397976 -0.003578608 0.908716679 4.543716908 0.003191373 0.999991536 0.002472166 -0.857596457 -0.908718288 0.001868174 0.417406112 23.028398514
0.368338883 -0.000736598 0.929691255 4.914782047 0.001837715 0.999997973 0.000064203 -0.855882823 -0.929689884 0.001684857 0.368339717 23.169542313
0.324179709 -0.002424640 0.945992351 5.276128769 0.007909945 0.999968350 -0.000147661 -0.859818459 -0.945962548 0.007530617 0.324188828 23.252187729
0.283068031 -0.014980512 0.958982766 5.701348305 0.026126884 0.999626994 0.007903410 -0.945036709 -0.958744049 0.022818035 0.283354044 23.328023911
0.246171519 -0.018599579 0.969047785 6.127062798 0.028262602 0.999527991 0.012004929 -0.959214509 -0.968814254 0.024432547 0.246581197 23.403879166
0.212358505 -0.014989816 0.977076888 6.501645088 0.025578532 0.999624491 0.009776474 -0.963212490 -0.976857126 0.022916080 0.212662369 23.464590073
0.180854589 -0.008572594 0.983472526 6.878660202 0.015523114 0.999861777 0.005860846 -0.970031559 -0.983387470 0.014206596 0.180962861 23.534305573
0.152067602 -0.004633137 0.988359332 7.245199203 0.010152423 0.999943018 0.003125400 -0.979496956 -0.988318145 0.009558966 0.152106136 23.583423615
0.125971422 -0.002833842 0.992029905 7.640515804 0.010988884 0.999938011 0.001461026 -0.986093938 -0.991973162 0.010717253 0.125994891 23.614692688
0.102323480 -0.000611834 0.994751036 8.068067551 0.018268581 0.999831736 -0.001264210 -0.984738946 -0.994583547 0.018302055 0.102317572 23.629640579
0.081796028 0.006610317 0.996627212 8.497197151 0.024584536 0.999659777 -0.008648154 -0.973096788 -0.996345997 0.025209013 0.081605799 23.642915726
0.061680112 0.013647581 0.998002708 8.934663773 0.025866628 0.999548197 -0.015267366 -0.966503203 -0.997760892 0.026756668 0.061299335 23.659748077
0.043737482 0.014244648 0.998941541 9.392870903 0.023070281 0.999616623 -0.015264383 -0.970001757 -0.998776793 0.023713499 0.043392189 23.685171127
0.028184723 0.009704236 0.999555647 9.867718697 0.020980433 0.999726176 -0.010297487 -0.981785119 -0.999382675 0.021261351 0.027973499 23.696346283
0.013304005 0.006620910 0.999889612 10.462975502 0.020285143 0.999769866 -0.006890023 -0.998221397 -0.999705911 0.020374574 0.013166717 23.711843491
-0.000075655 0.004325432 0.999990702 10.979014397 0.021756407 0.999753356 -0.004322763 -1.007504463 -0.999763489 0.021755885 -0.000169674 23.704793930
-0.012089531 0.003757871 0.999919951 11.481257439 0.024939163 0.999682426 -0.003455455 -1.015991569 -0.999616027 0.024895402 -0.012179350 23.700023651
-0.022456130 0.004683976 0.999736965 12.012130737 0.027507490 0.999612749 -0.004065523 -1.021132946 -0.999369442 0.027408971 -0.022576224 23.683734894
-0.030747980 0.005592453 0.999511659 12.608142853 0.028675182 0.999577105 -0.004710688 -1.022131920 -0.999115825 0.028516347 -0.030895293 23.670923233
-0.036177050 0.006124869 0.999326766 13.220965385 0.030478394 0.999522209 -0.005022710 -1.030974984 -0.998880565 0.030276181 -0.036346398 23.636186600
-0.042037245 0.007673113 0.999086678 13.833510399 0.030889936 0.999501884 -0.006376589 -1.025441647 -0.998638451 0.030593686 -0.042253282 23.614290237
-0.047796160 0.008404315 0.998821855 14.415492058 0.031562239 0.999477386 -0.006899500 -1.031584859 -0.998358309 0.031195300 -0.048036404 23.578413010
-0.052134916 0.008711687 0.998602152 15.015497208 0.034082163 0.999394357 -0.006939244 -1.038448215 -0.998058259 0.033672761 -0.052400220 23.540479660
-0.055239554 0.008673024 0.998435557 15.618597031 0.035079088 0.999361217 -0.006740279 -1.050955892 -0.997856677 0.034651898 -0.055508479 23.507993698
-0.058209047 0.008428980 0.998268962 16.283807755 0.036055986 0.999329150 -0.006335509 -1.054594398 -0.997653008 0.035624806 -0.058473874 23.464742661
-0.060287815 0.007929281 0.998149633 16.927780151 0.038544297 0.999240637 -0.005609891 -1.064952016 -0.997436464 0.038134787 -0.060547624 23.411033630
-0.060545489 0.007575687 0.998136818 17.672048569 0.043353237 0.999047041 -0.004952854 -1.102556467 -0.997223377 0.042972609 -0.060816184 23.341276169
-0.059387710 0.007711845 0.998205304 18.362508774 0.046906438 0.998886645 -0.004926436 -1.105735779 -0.997132182 0.046529707 -0.059683286 23.291404724
-0.057173859 0.007647489 0.998335063 19.113843918 0.047892671 0.998839974 -0.004908583 -1.124197006 -0.997214735 0.047532309 -0.057473753 23.245515823
-0.053771108 0.008310093 0.998518825 20.002208710 0.047574364 0.998850703 -0.005750936 -1.173014283 -0.997419238 0.047194682 -0.054104615 23.212450027
-0.049895227 0.006308930 0.998734653 20.868679047 0.043630883 0.999038696 -0.004131122 -1.268266678 -0.997800887 0.043369565 -0.050122488 23.183061600
-0.046508551 0.006329436 0.998897970 21.616336823 0.045114443 0.998972416 -0.004229388 -1.234791160 -0.997898459 0.044868033 -0.046746269 23.167476654
-0.041970178 0.004872655 0.999107063 22.357673645 0.044507883 0.999004126 -0.003002482 -1.243541360 -0.998126864 0.044342142 -0.042145208 23.116025925
-0.038387571 0.003976216 0.999255061 23.283452988 0.041228577 0.999146461 -0.002391940 -1.241075873 -0.998411834 0.041106064 -0.038518693 23.128349304
-0.035840560 -0.000211294 0.999357522 24.307300568 0.032556456 0.999468565 0.001378908 -1.413460374 -0.998826802 0.032584980 -0.035814583 23.135759354
-0.031671043 0.000594232 0.999498188 25.096258163 0.029719830 0.999557793 0.000347461 -1.419692755 -0.999056041 0.029715938 -0.031674646 23.117237091
-0.029671839 0.004661709 0.999548793 25.913946152 0.027360523 0.999617815 -0.003849828 -1.428550839 -0.999184847 0.027233966 -0.029787991 23.134403229
-0.028651275 0.009626267 0.999543071 26.725677490 0.021499561 0.999727845 -0.009011775 -1.436545968 -0.999357939 0.021231556 -0.028850384 23.146135330
-0.028716212 0.012499809 0.999509454 27.553884506 0.018541768 0.999756038 -0.011970185 -1.451039791 -0.999415338 0.018188952 -0.028940924 23.131357193
-0.028477732 0.011818549 0.999524534 28.366207123 0.016252644 0.999803007 -0.011358785 -1.469639778 -0.999462068 0.015921462 -0.028664151 23.115596771
-0.028616177 0.009946299 0.999540985 29.184658051 0.013848316 0.999858081 -0.009552988 -1.486325145 -0.999494314 0.013568605 -0.028749803 23.113430023
-0.029454824 0.008938394 0.999526143 30.022848129 0.015250675 0.999847233 -0.008491850 -1.502137661 -0.999449611 0.014993338 -0.029586587 23.114585876
-0.029091433 0.008307289 0.999542236 30.859441757 0.013357616 0.999879003 -0.007921322 -1.520048738 -0.999487340 0.013121072 -0.029198825 23.106794357
-0.029421035 0.008772927 0.999528587 31.685632706 0.012105770 0.999890864 -0.008419778 -1.534304619 -0.999493659 0.011852358 -0.029523974 23.108076096
-0.029065782 0.009218993 0.999534965 32.494125366 0.009349666 0.999915838 -0.008950627 -1.554648638 -0.999533594 0.009085174 -0.029149476 23.088026047
-0.030315487 0.010640044 0.999483764 33.331634521 0.006884820 0.999921501 -0.010435882 -1.567639232 -0.999516487 0.006564910 -0.030386306 23.076408386
-0.033586867 0.010185721 0.999383926 34.165557861 0.003908786 0.999941468 -0.010060042 -1.581567645 -0.999428034 0.003568505 -0.033624660 23.066637039
-0.037429228 0.008653012 0.999261856 34.962291718 0.001483222 0.999961615 -0.008603518 -1.610501051 -0.999298096 0.001160116 -0.037440572 23.052721024
-0.042383492 0.006168834 0.999082386 35.800598145 -0.000316667 0.999980569 -0.006187816 -1.626985550 -0.999101281 -0.000578626 -0.042380661 23.033988953
-0.048116375 0.004441170 0.998831868 36.684532166 -0.002777856 0.999985456 -0.004580119 -1.633497000 -0.998837769 -0.002994979 -0.048103284 22.989250183
-0.055958167 0.005047016 0.998420417 37.530864716 -0.002634550 0.999982834 -0.005202575 -1.640619397 -0.998429537 -0.002921504 -0.055943854 22.962989807
-0.064127639 0.005773037 0.997925103 38.293708801 -0.003127906 0.999977052 -0.005985913 -1.664012074 -0.997936726 -0.003505267 -0.064108051 22.892543793
-0.075762473 0.006676532 0.997103572 39.106971741 -0.001064681 0.999976337 -0.006776668 -1.670356035 -0.997125208 -0.001575003 -0.075753510 22.888982773
-0.085919671 0.004267638 0.996293008 39.901817322 -0.000007566 0.999990642 -0.004284132 -1.745648861 -0.996301949 -0.000375618 -0.085918777 22.819696426
-0.096110880 0.002741890 0.995366931 40.685894012 -0.001663095 0.999994218 -0.002915225 -1.778398991 -0.995369077 -0.001935563 -0.096105710 22.726602554
-0.107648164 0.001877288 0.994187295 41.488403320 -0.000604549 0.999997735 -0.001953722 -1.800292730 -0.994188666 -0.000811339 -0.107646734 22.649267197
-0.117693529 0.001202356 0.993049264 42.209564209 -0.001178656 0.999998212 -0.001350464 -1.849832416 -0.993049085 -0.001329393 -0.117691845 22.528799057
-0.127834976 0.001387909 0.991794527 42.971580505 -0.000993417 0.999998152 -0.001527437 -1.882615447 -0.991794765 -0.001180514 -0.127833307 22.408044815
-0.139541730 0.000783207 0.990215957 43.686004639 -0.004648588 0.999987960 -0.001446020 -1.929901242 -0.990205109 -0.004804875 -0.139536351 22.343065262
-0.149818957 0.001976905 0.988711536 44.440349579 -0.003269268 0.999991357 -0.002494852 -1.941662312 -0.988707840 -0.003606128 -0.149811149 22.227470398
-0.159017816 0.002755362 0.987271905 45.198371887 -0.002413413 0.999991834 -0.003179588 -1.955659389 -0.987272561 -0.002888295 -0.159009814 22.097982407
-0.169538975 0.003641020 0.985516787 45.951679230 -0.000827929 0.999992073 -0.003836931 -1.968495369 -0.985522926 -0.001466436 -0.169534564 21.984493256
-0.182505876 0.002059763 0.983202636 46.683650970 -0.005712119 0.999978542 -0.003155216 -2.019590378 -0.983188033 -0.006192005 -0.182490125 21.960264206
-0.191245824 0.001547750 0.981540978 47.423717499 -0.005305915 0.999982357 -0.002610649 -2.036723852 -0.981527686 -0.005707237 -0.191234142 21.825958252
-0.198522329 -0.001395882 0.980095387 48.038242340 -0.005552467 0.999984324 0.000299531 -2.097729206 -0.980080545 -0.005382473 -0.198526874 21.695922852
-0.203682736 -0.002620890 0.979033470 48.747161865 -0.002622513 0.999994099 0.002131400 -2.108155012 -0.979033351 -0.002133388 -0.203688309 21.544807434
-0.207340032 -0.004052694 0.978260517 49.443996429 0.000261805 0.999991000 0.004198205 -2.122664928 -0.978268862 0.001126581 -0.207336977 21.392551422
-0.209962457 -0.005133513 0.977695942 50.135295868 0.000501364 0.999985337 0.005358213 -2.132623196 -0.977709234 0.001615216 -0.209956691 21.254154205
-0.211792260 -0.001129355 0.977313995 50.970527649 0.003754700 0.999990821 0.001969231 -2.026793957 -0.977307498 0.004086601 -0.211785957 21.097755432
-0.212706804 -0.001052562 0.977115452 51.618244171 0.003052548 0.999993622 0.001741708 -2.047642469 -0.977111340 0.003353176 -0.212702096 20.951253891
-0.211721450 -0.000266755 0.977329969 52.249259949 0.002927481 0.999995053 0.000907126 -2.063661098 -0.977325678 0.003053185 -0.211719513 20.798427582
-0.210272148 -0.000363398 0.977642775 52.764019012 0.000879628 0.999999225 0.000560896 -2.127310991 -0.977642477 0.000977913 -0.210271567 20.709775925
-0.204823107 0.000558710 0.978798747 53.397125244 0.000640769 0.999999404 -0.000436728 -2.138465643 -0.978798747 0.000537743 -0.204823270 20.560140610
-0.197386935 0.001208468 0.980324805 54.056037903 -0.000666415 0.999998569 -0.001366905 -2.145605564 -0.980325401 -0.000923101 -0.197385773 20.449144363
-0.186513916 0.001161059 0.982451499 54.659671783 -0.001804753 0.999996901 -0.001524421 -2.155926704 -0.982450664 -0.002057398 -0.186511174 20.351270676
-0.173654869 0.001674403 0.984804988 55.209819794 -0.001337175 0.999996901 -0.001936026 -2.167779207 -0.984805703 -0.001653047 -0.173652023 20.273681641
-0.157993183 0.003088601 0.987435162 55.760475159 -0.001302474 0.999993265 -0.003336285 -2.178595304 -0.987439394 -0.001813208 -0.157988012 20.225231171
-0.141367570 0.004920701 0.989944816 56.360935211 -0.006344383 0.999962270 -0.005876498 -2.191725254 -0.989936888 -0.007111326 -0.141330928 20.267316818
-0.117177099 0.007779818 0.993080437 56.873786926 -0.007991473 0.999929249 -0.008776418 -2.202227354 -0.993078887 -0.008964564 -0.117106520 20.229787827
-0.089367278 0.009167775 0.995956481 57.370494843 -0.009943150 0.999899268 -0.010096272 -2.218986273 -0.995949149 -0.010805214 -0.089267001 20.206026077
-0.057176948 0.008164372 0.998330593 57.890125275 -0.012559112 0.999881208 -0.008896351 -2.233057976 -0.998285115 -0.013046807 -0.057067487 20.206964493
-0.020197660 0.005583450 0.999780297 58.432876587 -0.012766985 0.999901116 -0.005842049 -2.245170355 -0.999714553 -0.012882171 -0.020124223 20.233718872
0.019336935 0.001181177 0.999812186 58.934490204 -0.015025997 0.999886394 -0.000890657 -2.259103537 -0.999700129 -0.015005950 0.019352665 20.312944412
0.064600050 -0.003962975 0.997903228 59.442344666 -0.016692441 0.999847531 0.005051292 -2.274497986 -0.997771621 -0.016983753 0.064524256 20.381269455
0.113169864 -0.006876972 0.993551672 59.920505524 -0.020259947 0.999751806 0.009227578 -2.273796320 -0.993369102 -0.021173589 0.113002680 20.472856522
