1.000000000 0.000000000 0.000000000 0.000000000 0.000000000 1.000000000 0.000000000 0.000000000 0.000000000 0.000000000 1.000000000 0.000000000
0.999998391 0.001473618 0.001016548 -0.003124908 -0.001468615 0.999986887 -0.004905310 0.005142914 -0.001023763 0.004903809 0.999987423 0.968198657
0.999992669 0.000708246 0.003763123 -0.093012504 -0.000685890 0.999982119 -0.005938930 0.021109365 -0.003767262 0.005936305 0.999975264 1.683024645
0.999988079 -0.001353092 0.004697835 -0.131336376 0.001359485 0.999998152 -0.001358038 -0.005302783 -0.004695988 0.001364407 0.999988019 2.581486702
0.999957919 0.000879266 0.009138225 -0.245421022 -0.000938621 0.999978483 0.006493023 -0.047344856 -0.009132317 -0.006501327 0.999937177 3.166111469
0.999959409 -0.002954178 0.008518087 -0.275928259 0.002899134 0.999974906 0.006467025 -0.046011213 -0.008536977 -0.006442068 0.999942839 4.167008400
0.999940634 -0.005815465 0.009224829 -0.330973178 0.005784103 0.999977469 0.003422694 -0.026154481 -0.009244525 -0.003369134 0.999951601 4.989861488
0.999902606 -0.005699848 0.012748571 -0.446905255 0.005704714 0.999983788 -0.000345376 -0.016481075 -0.012746394 0.000418069 0.999918699 5.812110424
0.999919295 -0.005566658 0.011430684 -0.426256269 0.005578060 0.999984086 -0.000965993 -0.014978745 -0.011425124 0.001029675 0.999934196 6.704451084
0.999952853 -0.005405307 0.008083593 -0.325896502 0.005388689 0.999983430 0.002076103 -0.050106008 -0.008094682 -0.002032445 0.999965131 7.466620445
0.999946713 -0.003351758 0.009779211 -0.372225821 0.003435294 0.999957740 -0.008538092 0.115218922 -0.009750182 0.008571228 0.999915719 8.207811356
0.999968350 -0.004734432 0.006418699 -0.307312846 0.004762272 0.999979377 -0.004329063 0.059786659 -0.006398073 0.004359490 0.999970019 8.988896370
0.999961853 -0.001598498 0.008605126 -0.351980984 0.001603350 0.999998629 -0.000557064 -0.005172092 -0.008604227 0.000570837 0.999962807 9.661157608
0.999962211 0.001341223 0.008608636 -0.369754821 -0.001351889 0.999998391 0.001233349 -0.060552634 -0.008606970 -0.001244942 0.999962151 10.323520660
0.999968112 0.000709825 0.007971835 -0.369216412 -0.000708737 0.999999821 -0.000139421 -0.062765688 -0.007971935 0.000133764 0.999968171 11.213608742
0.999973893 0.002270599 0.006875585 -0.368518144 -0.002266916 0.999997318 -0.000543472 -0.111398667 -0.006876804 0.000527869 0.999976218 11.865760803
0.999978364 0.001847809 0.006326871 -0.398474574 -0.001837580 0.999997020 -0.001622319 -0.116634041 -0.006329854 0.001610655 0.999978662 12.645516396
0.999987304 0.002305384 0.004499378 -0.396757931 -0.002294617 0.999994516 -0.002396657 -0.113635696 -0.004504882 0.002386299 0.999987006 13.555605888
0.999988437 0.003684219 0.003134161 -0.402559400 -0.003673548 0.999987483 -0.003403793 -0.117453434 -0.003146666 0.003392237 0.999989331 14.458080292
0.999979734 0.006183018 0.001577469 -0.412566423 -0.006179102 0.999977827 -0.002475447 -0.158377990 -0.001592744 0.002465646 0.999995708 15.247355461
0.999983668 0.005725158 0.000113299 -0.417174041 -0.005724976 0.999982357 -0.001550091 -0.163194150 -0.000122176 0.001549415 0.999998808 16.140529633
0.999981463 0.005984391 -0.001167258 -0.427050382 -0.005984747 0.999981999 -0.000301625 -0.159120753 0.001165428 0.000308603 0.999999285 17.013843536
0.999977887 0.005998318 -0.002888891 -0.433979601 -0.005997820 0.999981940 0.000181416 -0.155291453 0.002889922 -0.000164087 0.999995828 17.899337769
0.999977767 0.005266581 -0.004111629 -0.446216524 -0.005266360 0.999986053 0.000064786 -0.155395135 0.004111908 -0.000043133 0.999991536 18.749000549
0.999966443 0.005931436 -0.005662184 -0.447762907 -0.005933894 0.999982238 -0.000417223 -0.208057567 0.005659604 0.000450805 0.999983907 19.714124680
0.999959707 0.005906605 -0.006771972 -0.452227712 -0.005904185 0.999982476 0.000377543 -0.215553269 0.006774080 -0.000337547 0.999976993 20.547689438
0.999987960 -0.003703472 0.003227793 -0.688544512 0.003692008 0.999986827 0.003549458 -0.235538900 -0.003240900 -0.003537501 0.999988496 21.323732376
0.999986410 -0.004627274 0.002419704 -0.690167844 0.004611957 0.999969423 0.006296868 -0.234327793 -0.002448772 -0.006285626 0.999977231 22.169811249
0.999987602 -0.004392765 0.002337622 -0.699500084 0.004374453 0.999960005 0.007780962 -0.230921015 -0.002371713 -0.007770643 0.999966979 23.011810303
0.999992251 -0.003463668 0.001863883 -0.702127874 0.003451078 0.999971330 0.006715237 -0.232072517 -0.001887093 -0.006708755 0.999975741 23.836563110
0.999998391 -0.001218729 0.001295252 -0.707759738 0.001213581 0.999991298 0.003965985 -0.226976141 -0.001300078 -0.003964409 0.999991357 24.654138565
0.999999523 -0.000840059 0.000400281 -0.706603765 0.000839155 0.999997020 0.002246339 -0.225560203 -0.000402171 -0.002246004 0.999997437 25.420118332
0.999999523 -0.000544403 -0.000780085 -0.703707457 0.000545955 0.999997795 0.001993302 -0.228919283 0.000778994 -0.001993729 0.999997735 26.208803177
0.999997735 -0.000642113 -0.002028027 -0.708846629 0.000644825 0.999998808 0.001337723 -0.223583281 0.002027162 -0.001339030 0.999997079 27.046609879
0.999991357 -0.000258360 -0.004153458 -0.714831710 0.000260701 0.999999702 0.000563522 -0.224999413 0.004153308 -0.000564602 0.999991238 27.831094742
0.999982059 0.002664899 -0.005369499 -0.736043334 -0.002661096 0.999996126 0.000715657 -0.244444072 0.005371382 -0.000701358 0.999985337 28.488834381
0.999968767 0.002977728 -0.007321211 -0.745665729 -0.002964912 0.999993980 0.001761049 -0.242315352 0.007326407 -0.001739289 0.999971688 29.243814468
0.999951661 0.002875846 -0.009401849 -0.753203034 -0.002837989 0.999987781 0.004037544 -0.241483986 0.009413341 -0.004010669 0.999947667 29.987661362
0.999927819 0.003664104 -0.011443513 -0.767965496 -0.003602416 0.999978840 0.005406778 -0.236367762 0.011463079 -0.005365166 0.999919891 30.730016708
0.999895573 0.004487133 -0.013737532 -0.777707875 -0.004410373 0.999974430 0.005612961 -0.229854137 0.013762364 -0.005551789 0.999889851 31.462230682
0.999847591 0.007459063 -0.015780333 -0.800208092 -0.007383239 0.999960840 0.004857919 -0.229958996 0.015815947 -0.004740672 0.999863625 32.155906677
0.999799669 0.009158095 -0.017793220 -0.813509643 -0.009089087 0.999950767 0.003955522 -0.221297234 0.017828569 -0.003793007 0.999833822 32.870231628
0.999761343 0.009675253 -0.019585086 -0.826141715 -0.009575737 0.999940693 0.005168848 -0.218924671 0.019633934 -0.004980075 0.999794781 33.556613922
0.999718130 0.011376172 -0.020836590 -0.841999233 -0.011231754 0.999912024 0.007035133 -0.216151774 0.020914791 -0.006799121 0.999758124 34.227108002
0.999678373 0.014812754 -0.020582383 -0.867939413 -0.014659372 0.999863625 0.007583338 -0.214874744 0.020691909 -0.007279177 0.999759376 34.902931213
0.999630570 0.019011935 -0.019418251 -0.889248133 -0.018903248 0.999804497 0.005765587 -0.219770864 0.019524071 -0.005396392 0.999794781 35.550823212
0.999617517 0.021823650 -0.016979344 -0.918958485 -0.021782640 0.999759138 0.002596622 -0.220542967 0.017031923 -0.002225776 0.999852419 36.196502686
0.999628782 0.022917168 -0.014725599 -0.933404922 -0.022912268 0.999737144 0.000501508 -0.212918743 0.014733221 -0.000163927 0.999891400 36.830516815
0.999678791 0.022046061 -0.012492947 -0.909042060 -0.022024378 0.999755442 0.001870858 -0.233110979 0.012531137 -0.001595110 0.999920130 37.419429779
0.999584079 0.027408395 -0.008954342 -0.930045307 -0.027367746 0.999614418 0.004631352 -0.235138983 0.009077827 -0.004384368 0.999949098 38.036144257
0.999474883 0.032011654 -0.004993244 -0.943431616 -0.031970095 0.999454975 0.008191620 -0.239343017 0.005252747 -0.008027688 0.999953866 38.647384644
0.999290824 0.037646327 -0.000502140 -0.955154479 -0.037639827 0.999245524 0.009544255 -0.249433979 0.000861064 -0.009518592 0.999954164 39.261825562
0.999122918 0.041576136 0.004951234 -0.961135507 -0.041622754 0.999085903 0.009718244 -0.245497644 -0.004542665 -0.009915810 0.999940336 39.845367432
0.998875856 0.046106990 0.010987426 -0.966421127 -0.046233606 0.998863518 0.011563392 -0.239537716 -0.010441790 -0.012058388 0.999872625 40.411815643
0.998495042 0.051851563 0.017852373 -0.970738530 -0.052083276 0.998560846 0.012768829 -0.241520137 -0.017164603 -0.013679429 0.999758899 40.933860779
0.998097062 0.056042667 0.025711102 -0.976334333 -0.056360472 0.998340428 0.011806708 -0.230095088 -0.025006756 -0.013233338 0.999599516 41.472671509
0.997657478 0.059917573 0.033000071 -0.963746190 -0.060333956 0.998108625 0.011769075 -0.232068196 -0.032232486 -0.013732539 0.999385893 41.944713593
0.997165859 0.063657396 0.040093824 -0.943349838 -0.064138480 0.997882009 0.010828082 -0.218260124 -0.039319627 -0.013368958 0.999137104 42.448715210
0.996467710 0.069074862 0.047752574 -0.930945933 -0.069535367 0.997546792 0.008048810 -0.217373803 -0.047079466 -0.011340879 0.998826563 42.910774231
0.995905638 0.071222976 0.055667382 -0.908215225 -0.071597271 0.997422099 0.004756270 -0.216070697 -0.055185128 -0.008722435 0.998437822 43.353473663
0.995426416 0.071658514 0.063174583 -0.889567792 -0.072203390 0.997369289 0.006381724 -0.264475882 -0.062551096 -0.010913962 0.997981846 43.606101990
0.994934082 0.071024098 0.071143217 -0.857374132 -0.071740866 0.997394383 0.007567953 -0.261863023 -0.070420347 -0.012633498 0.997437179 44.008304596
0.994217634 0.072671369 0.079056010 -0.826110065 -0.073537707 0.997259319 0.008099277 -0.259598941 -0.078250773 -0.013866048 0.996837020 44.380817413
0.992310762 0.075102717 0.098379061 -1.232969642 -0.077230506 0.996850610 0.017996591 -0.553397179 -0.096717648 -0.025456086 0.994985998 43.640132904
0.992972314 0.067369409 0.097297452 -0.870552480 -0.069453694 0.997419059 0.018192485 -0.574952543 -0.095820732 -0.024822311 0.995088816 44.345165253
0.989686906 0.067514107 0.126337737 -1.480158806 -0.071168549 0.997159839 0.024634253 -0.720365763 -0.124315783 -0.033371478 0.991681099 43.957618713
0.988389850 0.067742877 0.135999739 -1.440692186 -0.071768537 0.997109890 0.024913341 -0.708483398 -0.133919001 -0.034384601 0.990395308 44.253326416
0.986925781 0.066663027 0.146741748 -1.401755214 -0.070790559 0.997223854 0.023081811 -0.706687868 -0.144795701 -0.033167969 0.988905251 44.511398315
0.986891747 0.055054612 0.151700959 -1.146342993 -0.060080182 0.997779429 0.028742589 -0.996287644 -0.149781719 -0.037480053 0.988008142 44.845436096
0.983288407 0.056697432 0.172999576 -1.313456059 -0.061260901 0.997897506 0.021149836 -0.860487759 -0.171436727 -0.031394504 0.984694541 45.514274597
0.981219292 0.063444749 0.182161912 -1.151725888 -0.069482610 0.997218847 0.026950616 -0.981714010 -0.179945454 -0.039101556 0.982898891 45.348812103
0.977960348 0.065161511 0.198360980 -1.095934510 -0.071634576 0.997101486 0.025625689 -0.977833629 -0.196116254 -0.039270416 0.979793727 45.593643188
0.974433064 0.065179497 0.215014786 -1.034447432 -0.072157353 0.997085750 0.024756268 -0.989097655 -0.212774605 -0.039638225 0.976296723 45.778999329
0.970314503 0.064517006 0.233081192 -0.967766762 -0.071987815 0.997124135 0.023679951 -0.993130445 -0.230883151 -0.039756004 0.972168684 45.999610901
0.965599298 0.063284554 0.252215505 -0.894429505 -0.071453862 0.997170269 0.023354299 -0.994169831 -0.250023872 -0.040572666 0.967388988 46.218379974
0.960117221 0.063649498 0.272256017 -0.790861249 -0.072121024 0.997170091 0.021212576 -0.960602105 -0.270135432 -0.040001940 0.961990774 46.561721802
0.953853726 0.065395631 0.293063432 -0.694735706 -0.073985301 0.997090995 0.018309193 -0.939560711 -0.291013658 -0.039146680 0.955917418 46.846569061
0.946605384 0.066717684 0.315415114 -0.586800635 -0.075454488 0.997027695 0.015554909 -0.920218349 -0.313439876 -0.038523853 0.948826075 47.131328583
0.938114703 0.068084598 0.339565873 -0.489447236 -0.077523403 0.996887863 0.014292201 -0.920891821 -0.337536067 -0.039732032 0.940473497 47.358360291
0.928514957 0.070224285 0.364593148 -0.378526330 -0.080539063 0.996664584 0.013142535 -0.921185970 -0.362454236 -0.041567035 0.931073964 47.589248657
0.917361140 0.072406165 0.391414762 -0.270617366 -0.083711036 0.996419132 0.011870719 -0.926161468 -0.389153719 -0.043655477 0.920137584 47.803813934
0.904868245 0.073140249 0.419360906 -0.145796567 -0.085242301 0.996308148 0.010165085 -0.928898871 -0.417069286 -0.044945356 0.907762527 48.027084351
0.890827298 0.071368396 0.448701382 -0.003020734 -0.083645813 0.996466517 0.007572425 -0.930769861 -0.446575582 -0.044277716 0.893649459 48.247749329
0.874485910 0.068858080 0.480138153 0.149942279 -0.080792956 0.996721745 0.004207036 -0.932031751 -0.478274584 -0.042470776 0.877182603 48.462112427
0.855402827 0.067473345 0.513549447 0.177004665 -0.079248838 0.996854007 0.001029312 -0.987114847 -0.511864543 -0.041578677 0.858059168 48.471843719
0.834312558 0.069606498 0.546879470 0.350578099 -0.079947241 0.996786714 -0.004903904 -0.986616075 -0.545463681 -0.039630115 0.837196827 48.684570312
0.810941756 0.071367532 0.580757856 0.524044394 -0.080603294 0.996696532 -0.009930443 -0.996297002 -0.579548240 -0.038757991 0.814015567 48.877166748
0.784788489 0.074316107 0.615291476 0.715868831 -0.083241217 0.996428311 -0.014178494 -1.007776380 -0.614147782 -0.040090501 0.788171947 49.074611664
0.755756617 0.078095354 0.650178850 0.936359763 -0.087407336 0.996009231 -0.018033490 -1.013827085 -0.648992658 -0.043201480 0.759566903 49.296295166
0.724335492 0.081587404 0.684602916 1.165634274 -0.091708474 0.995551169 -0.021613561 -1.027460575 -0.683320761 -0.047128428 0.728595495 49.501171112
0.689612031 0.082713783 0.719439507 1.421901703 -0.092933156 0.995349288 -0.025354821 -1.035862923 -0.718190908 -0.049374800 0.694091976 49.711246490
0.651738405 0.080448031 0.754164875 1.706745625 -0.091163650 0.995458603 -0.027404880 -1.052226663 -0.752944708 -0.050891619 0.656112850 49.910671234
0.611147225 0.079607487 0.787503183 2.024312496 -0.090175889 0.995454013 -0.030647254 -1.058353662 -0.786363065 -0.052283823 0.615547955 50.124710083
0.567260981 0.078982450 0.819741547 2.316586256 -0.089927711 0.995378613 -0.033675149 -1.083467126 -0.818613112 -0.054614890 0.571742535 50.291007996
0.519933462 0.078402981 0.850600719 2.634735346 -0.087128326 0.995452762 -0.038496897 -1.102375627 -0.849751234 -0.054095600 0.524400711 50.446212769
0.471860498 0.076193050 0.878374457 2.992855072 -0.084332116 0.995591223 -0.041057762 -1.131683111 -0.877630293 -0.054701649 0.476206094 50.582229614
0.422696918 0.073874198 0.903254867 3.385781527 -0.083138168 0.995630145 -0.042522971 -1.149061561 -0.902449191 -0.057120632 0.426991969 50.725662231
0.372282624 0.071095958 0.925392091 3.804960251 -0.083721541 0.995569050 -0.042806532 -1.172277570 -0.924335182 -0.061539121 0.376585722 50.863239288
0.321400285 0.070343167 0.944326818 4.253263474 -0.087417901 0.995182455 -0.044378821 -1.187748790 -0.942899346 -0.068287700 0.326001585 50.995796204
0.271765172 0.070622414 0.959768534 4.702198029 -0.085268945 0.995148122 -0.049081203 -1.198277593 -0.958578229 -0.068499885 0.276468903 51.094913483
0.224469304 0.067820974 0.972117960 5.205621243 -0.072432108 0.995976627 -0.052760351 -1.208135605 -0.971785188 -0.058569465 0.228479028 51.173091888
0.179690853 0.063136578 0.981694698 5.685369015 -0.061425548 0.996710718 -0.052858867 -1.234019279 -0.981803179 -0.050802864 0.182978421 51.221179962
0.138228983 0.062474508 0.988427639 6.207458973 -0.049344033 0.997203231 -0.056128521 -1.244762778 -0.989170015 -0.041014399 0.140925527 51.253429413
0.101609558 0.063768893 0.992778182 6.702485085 -0.043819569 0.997261465 -0.059571970 -1.263074398 -0.993858576 -0.037450012 0.104126006 51.267822266
0.069944113 0.064053237 0.995492101 7.264546394 -0.032238353 0.997559905 -0.061921176 -1.296879888 -0.997029603 -0.027761979 0.071838796 51.277511597
0.041075103 0.062539473 0.997196674 7.788346767 -0.025108259 0.997788250 -0.061542343 -1.338454843 -0.998840332 -0.022509985 0.042554885 51.274333954
0.016034678 0.061356887 0.997986794 8.311926842 -0.017386485 0.997981250 -0.061077185 -1.345659256 -0.999720097 -0.016372100 0.017069452 51.271472931
-0.004840642 0.059466794 0.998218238 8.753092766 -0.020502008 0.998014152 -0.059554040 -1.451823473 -0.999777913 -0.020753734 -0.003611492 51.259647369
-0.020220065 0.060505580 0.997962773 9.161590576 -0.018163918 0.997979820 -0.060874622 -1.491508007 -0.999630332 -0.019357776 -0.019079857 51.212711334
-0.034132160 0.060180269 0.997603476 9.605089188 -0.019851690 0.997947335 -0.060880199 -1.479206681 -0.999219954 -0.021882065 -0.032867081 51.195610046
-0.045740411 0.060880285 0.997096181 10.104390144 -0.019426694 0.997897923 -0.061820388 -1.515559912 -0.998764277 -0.022197949 -0.044461224 51.168869019
-0.054553360 0.064332776 0.996435940 10.660310745 -0.015374244 0.997749567 -0.065259285 -1.530830860 -0.998392344 -0.018879537 -0.053441193 51.108203888
-0.060876265 0.066739038 0.995911300 11.295911789 -0.011009898 0.997656226 -0.067528948 -1.557267427 -0.998084486 -0.015075763 -0.059998468 51.063232422
-0.064067520 0.065240689 0.995810330 11.876988411 -0.010274739 0.997764468 -0.066029735 -1.593695521 -0.997892559 -0.014462023 -0.063253634 50.982231140
-0.067972586 0.062240280 0.995743513 12.531215668 -0.013265374 0.997907281 -0.063281037 -1.631844640 -0.997598827 -0.017510258 -0.067004375 50.957958221
-0.070662178 0.055242538 0.995969057 13.208154678 -0.015748715 0.998278797 -0.056487963 -1.669209123 -0.997375786 -0.019676771 -0.069670223 50.924598694
-0.071518101 0.049705856 0.996199608 13.851200104 -0.013690614 0.998614311 -0.050809167 -1.702839136 -0.997345090 -0.017272336 -0.070738159 50.862243652
-0.073339112 0.048477493 0.996127784 14.463996887 -0.015101643 0.998649120 -0.049712021 -1.737107038 -0.997192442 -0.018688977 -0.072507627 50.846633911
-0.072755888 0.050081544 0.996091247 15.099538803 -0.010934767 0.998638034 -0.051008265 -1.793977618 -0.997289479 -0.014603149 -0.072108842 50.786685944
-0.072168507 0.057076801 0.995757639 15.798394203 -0.010410967 0.998263419 -0.057974961 -1.829081893 -0.997337818 -0.014550735 -0.071448624 50.742874146
-0.070397049 0.064907596 0.995404720 16.501785278 -0.010324647 0.997779548 -0.065792613 -1.857018113 -0.997465253 -0.014908776 -0.069570266 50.700130463
-0.068259120 0.065798737 0.995495081 17.215402603 -0.009698246 0.997731507 -0.066611528 -1.889564157 -0.997620106 -0.014201368 -0.067465819 50.660163879
-0.062751934 0.062272161 0.996084154 17.832317352 -0.006120556 0.998008370 -0.062778026 -1.879744291 -0.998009980 -0.010035998 -0.062245488 50.518310547
-0.060645383 0.055660497 0.996605873 18.492034912 -0.007582649 0.998389184 -0.056221496 -1.909853697 -0.998130202 -0.010966456 -0.060125314 50.495014191
-0.057961412 0.053362545 0.996891201 19.160793304 -0.009673522 0.998493135 -0.054010715 -1.958369970 -0.998271585 -0.012773955 -0.057357538 50.461608887
-0.054688238 0.058735002 0.996774077 19.867006302 -0.002335409 0.998257816 -0.058950547 -1.997650623 -0.998500347 -0.005551741 -0.054455467 50.416706085
-0.051268600 0.064391509 0.996606469 20.572488785 -0.000679902 0.997916400 -0.064511105 -2.033599615 -0.998684287 -0.003984950 -0.051117670 50.371276855
-0.047472142 0.064543113 0.996784687 21.124935150 -0.005862806 0.997874618 -0.064892896 -2.069506884 -0.998854995 -0.008924524 -0.046992518 50.302619934
-0.045013718 0.060085189 0.997177422 21.786455154 -0.011192163 0.998096168 -0.060645770 -2.135969162 -0.998923302 -0.013890429 -0.044255216 50.320827484
-0.040362872 0.056131333 0.997606874 22.398979187 -0.007588782 0.998374403 -0.056481559 -2.193674326 -0.999155879 -0.009850344 -0.039870970 50.278629303
-0.037134524 0.057401028 0.997659981 23.084730148 -0.003665022 0.998333931 -0.057576224 -2.242423773 -0.999303162 -0.005794474 -0.036861960 50.248756409
-0.033484880 0.061417684 0.997549951 23.758771896 -0.003656406 0.998095334 -0.061574001 -2.296125412 -0.999432087 -0.005709207 -0.033196215 50.202163696
-0.029399227 0.062055320 0.997639239 24.481863022 -0.007232446 0.998031199 -0.062292829 -2.332663298 -0.999541163 -0.009046695 -0.028892210 50.190486908
-0.027461102 0.059837077 0.997829974 25.083164215 -0.008422051 0.998157024 -0.060088471 -2.415468931 -0.999586999 -0.010053833 -0.026906215 50.223735809
-0.025236042 0.057093777 0.998049438 25.776556015 -0.006151767 0.998339474 -0.057265922 -2.446761608 -0.999662220 -0.007584895 -0.024842583 50.239299774
-0.021448005 0.057167646 0.998133779 26.450479507 -0.001456091 0.998360395 -0.057211924 -2.501182079 -0.999768555 -0.002680415 -0.021329269 50.212860107
-0.018851111 0.058492463 0.998109460 27.157831192 -0.000849252 0.998285413 -0.058518820 -2.521995068 -0.999821603 -0.001950750 -0.018768782 50.230255127
-0.014408635 0.058252208 0.998197496 27.857955933 0.000402510 0.998301208 -0.058252461 -2.566636801 -0.999895751 -0.000437512 -0.014407272 50.178295135
-0.010921948 0.056634173 0.998334825 28.597459793 0.001833232 0.998393655 -0.056617469 -2.609472036 -0.999938309 0.001211850 -0.011007890 50.171413422
-0.007354046 0.055751719 0.998417139 29.354410172 0.003458413 0.998439372 -0.055727504 -2.650617361 -0.999966621 0.003043160 -0.007535042 50.167926788
-0.005048562 0.056320641 0.998399556 30.107288361 0.000789380 0.998411953 -0.056317370 -2.683956623 -0.999986589 0.000503837 -0.005084662 50.185359955
-0.002300980 0.057875097 0.998320758 30.843982697 -0.002756654 0.998318970 -0.057881370 -2.723131418 -0.999993205 -0.002885169 -0.002137227 50.198345184
-0.000034459 0.057832953 0.998325825 31.585109711 -0.001828400 0.998323917 -0.057832927 -2.763382912 -0.999997973 -0.001827291 0.000071685 50.211990356
0.002720147 0.060200922 0.998182118 32.403961182 -0.005156155 0.998173118 -0.060186353 -2.785742521 -0.999982595 -0.004983027 0.003025931 50.224941254
0.005070969 0.060262278 0.998169243 33.184726715 -0.006424657 0.998163164 -0.060229301 -2.837312222 -0.999966085 -0.006107436 0.005449169 50.232643127
0.008040730 0.059719715 0.998182356 33.896453857 -0.008905350 0.998179018 -0.059647806 -2.888886929 -0.999927580 -0.008409516 0.008558265 50.243118286
0.011118806 0.061413687 0.998049974 34.628433228 -0.011003516 0.998058498 -0.061291650 -2.935715199 -0.999877214 -0.010300535 0.011773340 50.260829926
0.014553805 0.065228827 0.997763634 35.419479370 -0.012187879 0.997806549 -0.065053880 -2.973807812 -0.999819338 -0.011213806 0.015317241 50.276290894
0.017965108 0.067456879 0.997559845 36.105258942 -0.012081329 0.997662485 -0.067246266 -3.024241686 -0.999765158 -0.010843726 0.018738445 50.292797089
0.021123217 0.069726095 0.997341871 36.830932617 -0.018112827 0.997427285 -0.069348462 -3.073449850 -0.999612331 -0.016599787 0.022332175 50.307117462
0.020339359 0.068744056 0.997426331 37.500442505 -0.022907123 0.997402787 -0.068275318 -3.112104177 -0.999530256 -0.021459470 0.021861624 50.387065887
0.024710022 0.069257252 0.997292101 38.254779816 -0.021187112 0.997408807 -0.068740405 -3.218085766 -0.999469697 -0.019431140 0.026113721 50.388332367
0.029506125 0.070608169 0.997066975 39.036350250 -0.021978069 0.997305870 -0.069974683 -3.265490532 -0.999322534 -0.019848902 0.030978832 50.409484863
0.033521000 0.071297653 0.996891022 39.780963898 -0.026226787 0.997170687 -0.070435770 -3.319059610 -0.999093413 -0.023784151 0.035296444 50.421367645
0.038811076 0.069078907 0.996855378 40.517166138 -0.025889529 0.997341394 -0.068104632 -3.372343540 -0.998910666 -0.023164880 0.040496700 50.411735535
0.043315038 0.069014244 0.996674359 41.309284210 -0.025786454 0.997355282 -0.067940742 -3.419629097 -0.998728096 -0.022757821 0.044980504 50.462280273
0.047667708 0.072706275 0.996213138 42.106861115 -0.029989654 0.997001171 -0.071328834 -3.464476585 -0.998412371 -0.026475985 0.049705587 50.530879974
0.053704154 0.081065707 0.995260358 42.845676422 -0.032069247 0.996324360 -0.079421930 -3.522018671 -0.998041272 -0.027651938 0.056106869 50.574111938
0.058295444 0.085863806 0.994599462 43.531894684 -0.037365641 0.995783091 -0.083775923 -3.568979025 -0.997599304 -0.032280061 0.061258368 50.680946350
0.066302985 0.089628659 0.993765414 44.356956482 -0.040323023 0.995383859 -0.087084323 -3.604647160 -0.996983886 -0.034297641 0.069611415 50.743320465
0.072447084 0.087442189 0.993531287 45.094181061 -0.044611026 0.995435774 -0.084356837 -3.678279400 -0.996373475 -0.038211010 0.076017700 50.828353882
0.079809710 0.085262284 0.993156493 45.879798889 -0.045572333 0.995604753 -0.081810296 -3.755342245 -0.995767176 -0.038731173 0.083344929 50.902450562
0.086302936 0.081569217 0.992923558 46.609359741 -0.047526035 0.995844364 -0.077678293 -3.825587273 -0.995134056 -0.040485837 0.089821346 50.988433838
0.093001254 0.076156266 0.992748678 47.385364532 -0.049761049 0.996179342 -0.071757801 -3.876472235 -0.994421065 -0.042726640 0.096435942 51.107078552
0.099767521 0.068933807 0.992619514 48.192546844 -0.053482104 0.996526062 -0.063829638 -3.920059919 -0.993571758 -0.046719249 0.103108048 51.193557739
0.107614249 0.066112496 0.991991520 48.983234406 -0.053269874 0.996735990 -0.060649801 -3.981531858 -0.992763937 -0.046316475 0.110785194 51.282470703
0.110932685 0.066051655 0.991630018 49.783222198 -0.053334326 0.996746123 -0.060425960 -4.053894997 -0.992395103 -0.046184700 0.114094958 51.442047119
0.116925821 0.072292380 0.990505517 50.469688416 -0.054301746 0.996320009 -0.066306591 -4.099749088 -0.991654277 -0.046033222 0.120421544 51.483810425
0.122661978 0.075773463 0.989551127 51.230243683 -0.055631939 0.996037662 -0.069374152 -4.147955894 -0.990887225 -0.046541072 0.126391783 51.564208984
0.127857774 0.085665062 0.988085449 52.056270599 -0.055453334 0.995321095 -0.079116724 -4.095903873 -0.990240216 -0.044676937 0.132010370 51.672870636
0.133651271 0.084859699 0.987388015 52.815803528 -0.058364917 0.995271087 -0.077637002 -4.158897877 -0.989307523 -0.047252528 0.137972474 51.776363373
0.138728768 0.081873834 0.986939669 53.566978455 -0.054769572 0.995685041 -0.074900649 -4.218644142 -0.988813937 -0.043663383 0.142614767 51.894649506
0.143809229 0.075191200 0.986744225 54.307159424 -0.053837396 0.996226311 -0.068067417 -4.266581535 -0.988139093 -0.043335009 0.147315070 51.988780975
0.146749958 0.068774000 0.986779392 55.063468933 -0.055654895 0.996573269 -0.061179783 -4.322284698 -0.987605870 -0.045940973 0.150075123 52.124820709
0.149888292 0.064959474 0.986566067 55.748161316 -0.059328329 0.996631563 -0.056608476 -4.367355824 -0.986920416 -0.050046381 0.153237745 52.249687195
0.152975023 0.065141387 0.986080110 56.521881104 -0.060780969 0.996555626 -0.056404140 -4.406758308 -0.986358225 -0.051306494 0.156407878 52.385753632
0.153889492 0.067408890 0.985785365 57.250228882 -0.064995430 0.996199489 -0.057974633 -4.448290825 -0.985947192 -0.055149872 0.157686293 52.525966644
0.155418053 0.071898192 0.985228181 57.955322266 -0.069049492 0.995698512 -0.061769791 -4.479548931 -0.985431671 -0.058429386 0.159714431 52.649139404
0.155902714 0.076941542 0.984770536 58.652709961 -0.074310541 0.995049477 -0.065980226 -4.515858650 -0.984972298 -0.062892362 0.160848856 52.768898010
0.155906454 0.083100796 0.984269321 59.340633392 -0.077783339 0.994392872 -0.071634725 -4.550508976 -0.984703541 -0.065391466 0.161496520 52.906986237
0.157064646 0.085180461 0.983907342 60.038963318 -0.077591144 0.994257629 -0.073690325 -4.595954895 -0.984534621 -0.064768381 0.162772372 53.027076721
0.158094332 0.085207835 0.983740032 60.716869354 -0.080795258 0.994044781 -0.073115952 -4.638846397 -0.984112024 -0.067922346 0.164037645 53.155735016
0.157347202 0.083908714 0.983971477 61.370956421 -0.081837483 0.994063914 -0.071682654 -4.658899784 -0.984145582 -0.069246709 0.163280472 53.278717041
0.157919303 0.081346810 0.984094918 62.019580841 -0.082033597 0.994236112 -0.069020987 -4.705869198 -0.984037638 -0.069829129 0.163682669 53.390632629
0.155568555 0.080871172 0.984508455 62.653152466 -0.083045751 0.994185150 -0.068543397 -4.742872238 -0.984327137 -0.071096078 0.161380365 53.523586273
0.153895944 0.080265425 0.984820843 63.291549683 -0.083859347 0.994159520 -0.067921959 -4.789276600 -0.984521031 -0.072133541 0.159728527 53.629615784
0.151584551 0.081272811 0.985096693 63.894004822 -0.085961893 0.993921340 -0.068773173 -4.824086666 -0.984698236 -0.074255854 0.157649890 53.746498108
0.149395600 0.084709272 0.985141575 64.518920898 -0.087025046 0.993583024 -0.072237819 -4.866244316 -0.984939396 -0.074939996 0.155809149 53.842403412
0.147389576 0.088718377 0.985090852 65.119941711 -0.084996916 0.993420184 -0.076751195 -4.910083294 -0.985418618 -0.072417371 0.153960943 53.931381226
0.145494103 0.089847967 0.985270262 65.738609314 -0.083178110 0.993452370 -0.078311190 -4.951101780 -0.985855401 -0.070559107 0.152015224 54.025856018
0.143532142 0.088402852 0.985688627 66.280456543 -0.083419740 0.993537664 -0.076959476 -4.991388798 -0.986122489 -0.071179733 0.149979517 54.106273651
0.140834063 0.085638441 0.986321688 66.870376587 -0.084395714 0.993663311 -0.074225195 -5.029321194 -0.986428380 -0.072787896 0.147169545 54.200428009
0.139264107 0.080972999 0.986938536 67.417381287 -0.082977839 0.994099736 -0.069851704 -5.091111183 -0.986771524 -0.072166197 0.145161763 54.267440796
0.137646139 0.080171920 0.987230897 67.997604370 -0.078650914 0.994455636 -0.069792546 -5.135465622 -0.987352729 -0.068039946 0.143188953 54.348876953
0.136217296 0.082068458 0.987273216 68.565727234 -0.074311487 0.994601130 -0.072424538 -5.167935371 -0.987886906 -0.063500278 0.141580880 54.421005249
0.133658215 0.084102452 0.987451851 69.099708557 -0.069995731 0.994704783 -0.075245738 -5.209979534 -0.988551438 -0.059060205 0.138837636 54.491008759
0.132054731 0.086633749 0.987448752 69.609313965 -0.070667543 0.994460881 -0.077798292 -5.230438232 -0.988719106 -0.059506945 0.137445837 54.559123993
0.130635470 0.088974848 0.987429380 70.117538452 -0.070889063 0.994253397 -0.080211155 -5.280818939 -0.988891780 -0.059519514 0.136192501 54.633518219
0.129366949 0.087526910 0.987725735 70.678543091 -0.069187857 0.994465232 -0.079062216 -5.322620392 -0.989178956 -0.058110587 0.134707138 54.709735870
0.130033046 0.086020611 0.987770617 71.204711914 -0.063870162 0.994886518 -0.078232184 -5.372709751 -0.989449263 -0.052916296 0.134862691 54.776576996
0.132632509 0.083310850 0.987657309 71.726974487 -0.058464807 0.995383322 -0.076111250 -5.437306881 -0.989438355 -0.047648359 0.136891335 54.838424683
0.135811731 0.082314871 0.987308741 72.251602173 -0.054249384 0.995664716 -0.075549066 -5.479250908 -0.989247143 -0.043300435 0.139688879 54.885509491
0.143181384 0.084821805 0.986054480 72.811042786 -0.055975210 0.995419264 -0.077499367 -5.476050854 -0.988111138 -0.044098128 0.147273824 54.930629730
0.148753077 0.085438557 0.985176086 73.375457764 -0.056571078 0.995363653 -0.077780269 -5.515460968 -0.987253726 -0.044162408 0.152897164 55.030632019
0.155946672 0.084160753 0.984173119 73.936874390 -0.054319624 0.995585978 -0.076529473 -5.556689262 -0.986269593 -0.041525390 0.159830317 55.127681732
0.161895096 0.085904919 0.983061254 74.482673645 -0.057331540 0.995339155 -0.077536151 -5.565619469 -0.985139906 -0.043807689 0.166066006 55.269412994
0.170609117 0.083866060 0.981762707 75.066108704 -0.056384623 0.995568931 -0.075246952 -5.604292393 -0.983722985 -0.042518500 0.174582288 55.382179260
0.179726556 0.083922580 0.980129778 75.647605896 -0.059985425 0.995434582 -0.074233435 -5.643026829 -0.981884778 -0.045451775 0.183940530 55.503952026
0.189513326 0.082722656 0.978386819 76.173858643 -0.059868857 0.995563626 -0.072578318 -5.697031021 -0.980049968 -0.044820335 0.193625450 55.621082306
0.199300528 0.085832007 0.976171732 76.691070557 -0.064329043 0.995153308 -0.074367188 -5.745938778 -0.977823377 -0.047974758 0.203856438 55.741096497
0.208647311 0.088283680 0.973997593 77.284965515 -0.067364037 0.994848669 -0.075743027 -5.779189587 -0.975666881 -0.049808819 0.213520005 55.894695282
0.219532192 0.090295210 0.971417189 77.848556519 -0.071881145 0.994497895 -0.076196015 -5.836906433 -0.972952306 -0.053099085 0.224815190 56.042797089
0.230066001 0.091889620 0.968826532 78.473770142 -0.072743334 0.994370341 -0.077038027 -5.880513191 -0.970451176 -0.052751821 0.235455528 56.198928833
0.240476549 0.092121981 0.966273010 79.100746155 -0.075079285 0.994268477 -0.076105945 -5.931186199 -0.967745662 -0.054245368 0.246015057 56.360950470
0.251104355 0.092667855 0.963513494 79.737464905 -0.075764842 0.994234025 -0.075877078 -5.970184326 -0.964989066 -0.053947359 0.256677806 56.538555145
0.261826992 0.092782512 0.960644066 80.390190125 -0.080151014 0.994019628 -0.074160524 -6.034282684 -0.961779654 -0.057579342 0.267698139 56.716369629
0.272934437 0.089031719 0.957903504 81.038223267 -0.080742523 0.994314790 -0.069409981 -6.070167065 -0.958637118 -0.058399148 0.278571755 56.906394958
0.284268826 0.081580780 0.955266893 81.688964844 -0.076833099 0.995106518 -0.062119003 -6.123829365 -0.955659807 -0.055737600 0.289146245 57.084011078
0.299844205 0.073961787 0.951116264 82.383796692 -0.065974154 0.996210337 -0.056669664 -6.172385216 -0.951703012 -0.045757003 0.303587854 57.264053345
0.311099738 0.069938511 0.947799861 83.066375732 -0.065079711 0.996514916 -0.052171763 -6.227546215 -0.948145211 -0.045451906 0.314567506 57.461566925
0.321327150 0.067240633 0.944577456 83.725715637 -0.058928601 0.996962130 -0.050923198 -6.294777393 -0.945131719 -0.039299615 0.324313819 57.635620117
0.331478775 0.060826771 0.941499293 84.424247742 -0.049865182 0.997653902 -0.046898298 -6.332620144 -0.942142665 -0.031402245 0.333734661 57.871566772
0.349442989 0.048334926 0.935709536 85.181976318 -0.035089586 0.998642683 -0.038481396 -6.365882874 -0.936298966 -0.019386617 0.350665182 57.955028534
0.363160074 0.037884615 0.930955708 85.909713745 -0.019252794 0.999264419 -0.033153892 -6.451562405 -0.931526482 -0.005883348 0.363622785 58.165672302
0.375223905 0.032358922 0.926368654 86.613815308 -0.004896658 0.999445319 -0.032928072 -6.502497673 -0.926919878 0.007819262 0.375174671 58.408569336
0.384422898 0.037334125 0.922401309 87.367988586 -0.000442666 0.999188781 -0.040257506 -6.533876896 -0.923155606 0.015067564 0.384128034 58.707305908
0.392316490 0.040940136 0.918918192 88.110839844 0.004906138 0.998901188 -0.046598073 -6.559082985 -0.919815838 0.022789506 0.391685009 59.035068512
0.398733079 0.041825902 0.916112185 88.824012756 0.006110740 0.998815536 -0.048261371 -6.585267544 -0.917045295 0.024841499 0.398005664 59.331340790
0.403596461 0.043386318 0.913907290 89.543930054 -0.000687858 0.998888612 -0.047116816 -6.617958069 -0.914935470 0.018387511 0.403178185 59.654891968
0.408294171 0.046720497 0.911653519 90.228240967 -0.006286986 0.998809099 -0.048371270 -6.652634144 -0.912827432 0.014018124 0.408102065 59.963317871
0.407880276 0.047869764 0.911779165 90.715950012 -0.006070974 0.998744190 -0.049719650 -6.724818707 -0.913013875 0.014744245 0.407659084 60.274063110
0.412049860 0.052289471 0.909659207 91.404800415 -0.009331324 0.998541176 -0.053171724 -6.757725716 -0.911112189 0.013421046 0.411937118 60.588932037
0.415844291 0.054947447 0.907773912 92.105720520 -0.011410560 0.998409152 -0.055206418 -6.795834064 -0.909362912 0.012599036 0.415810138 60.926136017
0.420781791 0.052620944 0.905633986 92.806701660 -0.010865013 0.998536289 -0.052970685 -6.834245682 -0.907095492 0.012449345 0.420738041 61.253959656
0.424686462 0.049613204 0.903979599 93.478240967 -0.009782698 0.998689830 -0.050215241 -6.869506359 -0.905286312 0.012482341 0.424615800 61.580383301
0.428911686 0.046964750 0.902124286 94.099258423 -0.010496852 0.998838603 -0.047008947 -6.908753395 -0.903284073 0.010693190 0.428906977 61.838634491
0.432536662 0.045946606 0.900444388 94.657539368 -0.012315120 0.998907864 -0.045055110 -6.957489014 -0.901530862 0.008398874 0.432630569 62.117843628
0.436169922 0.048088383 0.898577988 95.281112671 -0.014678029 0.998817682 -0.046328027 -6.990021706 -0.899743259 0.007017503 0.436360508 62.430374146
0.438836575 0.048629723 0.897249520 95.879379272 -0.013955447 0.998782158 -0.047307104 -7.024861813 -0.898457170 0.008238534 0.438981205 62.730735779
0.441650271 0.045870513 0.896013379 96.475021362 -0.009780730 0.998878181 -0.046315528 -7.054943085 -0.897132635 0.011691563 0.441603899 63.002685547
0.443287343 0.044602674 0.895268679 97.060218811 -0.007679293 0.998912752 -0.045963842 -7.090155125 -0.896345377 0.013500119 0.443148315 63.298812866
0.445169717 0.044567693 0.894335926 97.647972107 -0.009422889 0.998937666 -0.045089889 -7.124777794 -0.895395398 0.011645386 0.445117176 63.599102020
0.447008818 0.044031158 0.893444717 98.219009399 -0.007914842 0.998942614 -0.045270331 -7.155366421 -0.894493341 0.013164723 0.446885079 63.883049011
0.449966788 0.045961920 0.891861260 98.803329468 -0.008302887 0.998845994 -0.047286279 -7.177879810 -0.893005550 0.013872193 0.449829578 64.177558899
0.453151673 0.045514174 0.890270233 99.345344543 -0.004105186 0.998790801 -0.048972558 -7.207895756 -0.891422808 0.018537235 0.452791035 64.439224243
0.456692845 0.043725438 0.888548732 99.877510071 -0.001205708 0.998820007 -0.048532121 -7.248198032 -0.889622450 0.021092901 0.456207156 64.692932129
0.459788322 0.041880716 0.887039900 100.418479919 0.002162643 0.998830616 -0.048279729 -7.274926186 -0.888024747 0.024116766 0.459160566 64.970405579
0.463345110 0.040490653 0.885251880 100.949516296 0.004356408 0.998838544 -0.047966111 -7.299921036 -0.886166096 0.026081340 0.462631047 65.243934631
0.466586739 0.039975803 0.883571088 101.442543030 0.005581129 0.998824179 -0.048137411 -7.327446461 -0.884456754 0.027391564 0.465815514 65.500389099
0.469260871 0.039999053 0.882152677 101.948570251 0.005955152 0.998806596 -0.048456214 -7.346242428 -0.883038402 0.027991921 0.468463153 65.788352966
0.472298950 0.039997358 0.880529940 102.460052490 0.007541351 0.998749077 -0.049412332 -7.366186142 -0.881404996 0.029977741 0.471406996 66.066177368
0.476558954 0.041351102 0.878168941 102.964530945 0.007340894 0.998670340 -0.051008895 -7.389292240 -0.879110634 0.030755255 0.475622237 66.334419250
0.482570469 0.041800190 0.874858558 103.491271973 0.009318227 0.998558104 -0.052850325 -7.411377907 -0.875806332 0.033656102 0.481485635 66.588264465
0.488146186 0.044815045 0.871609986 103.968215942 0.007742862 0.998418212 -0.055671398 -7.441314220 -0.872726321 0.033924505 0.487027526 66.846138000
0.494183391 0.050699133 0.867877543 104.429756165 0.004224498 0.998145282 -0.060714461 -7.473392487 -0.869346201 0.033670396 0.493053108 67.092247009
0.500777781 0.056595780 0.863723099 104.763755798 -0.002098993 0.997935653 -0.064173058 -7.543473721 -0.865572095 0.030323464 0.499863297 67.252670288
0.507678747 0.062049370 0.859308541 105.194190979 -0.006088015 0.997635663 -0.068440892 -7.581290245 -0.861523747 0.029514473 0.506856620 67.497657776
0.514302254 0.066352643 0.855037749 105.679206848 -0.009378146 0.997377038 -0.071757458 -7.614819527 -0.857556522 0.028886326 0.513575971 67.798133850
0.519821107 0.066644140 0.851671100 106.173706055 -0.012940074 0.997451246 -0.070153490 -7.638178349 -0.854175925 0.025446551 0.519359112 68.118919373
0.525608480 0.065587193 0.848194063 106.662956238 -0.018423188 0.997666419 -0.065728709 -7.662363052 -0.850525916 0.018921100 0.525590777 68.442382812
0.533323348 0.062644906 0.843588114 107.120155334 -0.023574967 0.997966409 -0.059204686 -7.696414948 -0.845581710 0.011687649 0.533716202 68.671379089
0.540081680 0.060659833 0.839423180 107.605400085 -0.029253213 0.998148501 -0.053308431 -7.724410057 -0.841102898 0.004235046 0.540856719 68.965499878
0.545896769 0.058899421 0.835779071 108.099563599 -0.031351671 0.998262346 -0.049872316 -7.744346142 -0.837264538 0.001022027 0.546795309 69.310356140
0.553045154 0.061643578 0.830867112 108.554977417 -0.035122007 0.998096466 -0.050672509 -7.781487942 -0.832409441 -0.001157575 0.554157972 69.595939636
0.558296442 0.065723777 0.827033579 109.073188782 -0.038905781 0.997833431 -0.053033356 -7.807862282 -0.828727603 -0.002568091 0.559644401 69.987579346
