1.000000000 0.000000000 0.000000000 0.000000000 0.000000000 1.000000000 0.000000000 0.000000000 0.000000000 0.000000000 1.000000000 0.000000000
0.999989927 -0.002854642 -0.003469772 -0.000731306 0.002847154 0.999993622 -0.002161283 -0.003605298 0.003475919 0.002151382 0.999991655 0.700127482
0.999971330 -0.002778403 -0.007046950 -0.028893411 0.002753261 0.999989808 -0.003575013 -0.009238488 0.007056811 0.003555508 0.999968767 1.375173330
0.999937117 -0.002879131 -0.010842076 -0.046628803 0.002824909 0.999983430 -0.005013083 -0.017196586 0.010856329 0.004982139 0.999928653 2.079852343
0.999872029 0.000989182 -0.015968425 -0.059812073 -0.001145808 0.999951303 -0.009802267 0.063471660 0.015957950 0.009819308 0.999824464 2.862641811
0.999794960 0.000372232 -0.020246433 -0.084342368 -0.000570498 0.999951959 -0.009787766 0.038806178 0.020241816 0.009797310 0.999747097 3.609081268
0.999690413 0.002413828 -0.024763450 -0.108201131 -0.002688643 0.999935091 -0.011070323 0.024463026 0.024735121 0.011133476 0.999632061 4.374961853
0.999556482 0.004941192 -0.029366881 -0.149216235 -0.005291502 0.999915600 -0.011863012 0.016161837 0.029305786 0.012013146 0.999498308 5.162426472
0.999414861 0.005093899 -0.033822447 -0.180247098 -0.005419950 0.999939620 -0.009555438 -0.013730021 0.033771727 0.009733163 0.999382198 5.946078300
0.999268234 0.004133143 -0.038024351 -0.223001212 -0.004397502 0.999966681 -0.006871385 -0.025065210 0.037994683 0.007033570 0.999253154 6.740338326
0.999169648 0.001230160 -0.040724032 -0.275960445 -0.001378485 0.999992430 -0.003614326 -0.051152952 0.040719271 0.003667463 0.999163866 7.551753998
0.999068916 -0.000098900 -0.043140803 -0.323095590 -0.000031254 0.999995351 -0.003016283 -0.083426908 0.043140896 0.003014824 0.999064445 8.381919861
0.998966396 -0.000892630 -0.045444693 -0.365485042 0.000749671 0.999994636 -0.003162730 -0.095289119 0.045447268 0.003125394 0.998961806 9.209404945
0.998871505 -0.004327074 -0.047296956 -0.404509842 0.004172019 0.999985516 -0.003376550 -0.108977169 0.047310878 0.003175416 0.998875141 10.056204796
0.998761237 -0.004555077 -0.049551189 -0.452166945 0.004432602 0.999986768 -0.002581284 -0.119644910 0.049562287 0.002358447 0.998768210 10.900540352
0.998671770 -0.006012692 -0.051172625 -0.497366518 0.005891970 0.999979436 -0.002509631 -0.137455881 0.051186658 0.002204791 0.998686612 11.741846085
0.998587251 -0.003896292 -0.052994192 -0.551838517 0.003643938 0.999981463 -0.004857711 -0.145750985 0.053012136 0.004657742 0.998582959 12.596058846
0.998505473 -0.003718031 -0.054525696 -0.606552422 0.003314096 0.999966264 -0.007496702 -0.156883150 0.054551728 0.007304795 0.998484194 13.484833717
0.998408258 0.000472111 -0.056397367 -0.667725503 -0.000986735 0.999957979 -0.009097489 -0.172824115 0.056390695 0.009138659 0.998366892 14.394701958
0.998368323 0.001429342 -0.057084009 -0.728935838 -0.001917389 0.999961972 -0.008495777 -0.194866627 0.057069682 0.008591368 0.998333156 15.261768341
0.998267829 0.000653648 -0.058829285 -0.781685889 -0.001073507 0.999974132 -0.007105588 -0.209050149 0.058823101 0.007156434 0.998242676 16.147298813
0.998164535 0.001880416 -0.060531348 -0.839296579 -0.002223440 0.999981761 -0.005600035 -0.227310404 0.060519695 0.005724345 0.998150527 17.041086197
0.998097658 0.001688436 -0.061629813 -0.901827633 -0.002033329 0.999982536 -0.005533914 -0.243408814 0.061619379 0.005648701 0.998083711 17.955131531
0.998001039 0.001789740 -0.063172184 -0.967853963 -0.002203163 0.999976516 -0.006475345 -0.257873416 0.063159093 0.006601580 0.997981608 18.852937698
0.997918427 0.000268020 -0.064487487 -1.023061872 -0.000734184 0.999973714 -0.007205168 -0.274084926 0.064483836 0.007237516 0.997892499 19.754543304
0.997877598 0.000852846 -0.065111436 -1.083081841 -0.001220402 0.999983490 -0.005605469 -0.287846804 0.065105557 0.005673035 0.997862220 20.687128067
0.997862518 0.002147202 -0.065313064 -1.144601583 -0.002296766 0.999994874 -0.002214968 -0.301247001 0.065307952 0.002360244 0.997862279 21.622192383
0.997985482 0.004571992 -0.063277192 -1.250025034 -0.004485399 0.999988794 0.001510450 -0.314277440 0.063283369 -0.001223582 0.997994781 22.502393723
0.998082578 0.003499551 -0.061796442 -1.315829754 -0.003221613 0.999984264 0.004596700 -0.325414747 0.061811537 -0.004388801 0.998078108 23.428806305
0.998158574 0.003898314 -0.060532186 -1.368291855 -0.003579010 0.999979138 0.005382467 -0.337929457 0.060551889 -0.005155909 0.998151600 24.362043381
0.998230100 0.003721317 -0.059352890 -1.430293798 -0.003557928 0.999989629 0.002858271 -0.350541919 0.059362892 -0.002642039 0.998232841 25.304683685
0.998266280 0.004515831 -0.058685437 -1.490229607 -0.004646271 0.999987066 -0.002086437 -0.351654917 0.058675237 0.002355488 0.998274207 26.255798340
0.998331428 0.003303247 -0.057648711 -1.547031999 -0.003579510 0.999982655 -0.004689573 -0.371263087 0.057632200 0.004888101 0.998325765 27.197135925
0.998378813 0.000999545 -0.056910153 -1.606339455 -0.001217686 0.999992132 -0.003798526 -0.380626917 0.056905888 0.003861665 0.998371959 28.176906586
0.998379588 -0.000893197 -0.056898654 -1.673447132 0.000969751 0.999998748 0.001317841 -0.396476209 0.056897383 -0.001370883 0.998378932 29.134462357
0.998302758 -0.004852674 -0.058034185 -1.733607054 0.005144403 0.999974906 0.004878477 -0.409132838 0.058009036 -0.005168747 0.998302519 30.116193771
0.998194575 -0.011768121 -0.058899797 -1.789073348 0.012044913 0.999918103 0.004346503 -0.422355890 0.058843799 -0.005048097 0.998254240 31.073387146
0.998047292 -0.014302770 -0.060803514 -1.840732336 0.014367406 0.999896646 0.000625888 -0.432309031 0.060788259 -0.001498255 0.998149335 32.069869995
0.998001337 -0.013476343 -0.061739877 -1.921677828 0.013273290 0.999905109 -0.003697873 -0.434196889 0.061783832 0.002870989 0.998085201 33.067790985
0.997830987 -0.012505208 -0.064629659 -1.979480386 0.012262128 0.999916255 -0.004156489 -0.451281786 0.064676203 0.003354975 0.997900426 34.037899017
0.997801363 -0.012378381 -0.065108947 -2.050173521 0.012230758 0.999921679 -0.002665475 -0.467844635 0.065136828 0.001863282 0.997874320 35.023902893
0.997794032 -0.006911783 -0.066025324 -2.126448870 0.006952868 0.999975801 0.000392476 -0.499857336 0.066021010 -0.000850676 0.997817576 35.955631256
0.997818410 -0.004109096 -0.065891773 -2.255535603 0.004162017 0.999991179 0.000665895 -0.518424392 0.065888464 -0.000938685 0.997826219 37.113536835
0.997729242 -0.002755874 -0.067297712 -2.315323830 0.003015450 0.999988437 0.003755834 -0.547614574 0.067286603 -0.003950236 0.997725487 38.083351135
0.997754812 -0.002912555 -0.066910885 -2.386167526 0.003372548 0.999971509 0.006762777 -0.561189950 0.066889301 -0.006973251 0.997735620 39.097240448
0.997704864 0.002624293 -0.067664027 -2.465314150 -0.002008595 0.999956071 0.009165739 -0.569687068 0.067685120 -0.009008788 0.997665644 40.062385559
0.997683346 0.002302366 -0.067991756 -2.540302753 -0.001714965 0.999960780 0.008696370 -0.575166523 0.068009131 -0.008559616 0.997647524 41.053707123
0.997838616 0.006855901 -0.065355942 -2.676038980 -0.006425000 0.999956310 0.006801017 -0.583176076 0.065399736 -0.006366404 0.997838378 42.072700500
0.997818291 0.008620283 -0.065456472 -2.753666878 -0.008329583 0.999954283 0.004712688 -0.590903282 0.065494120 -0.004157181 0.997843802 43.074008942
0.997768223 0.008727259 -0.066201136 -2.829411983 -0.008435906 0.999953568 0.004679260 -0.598587871 0.066238917 -0.004110351 0.997794807 44.074947357
0.997691989 0.006723981 -0.067569442 -2.900584459 -0.006337181 0.999962389 0.005937161 -0.606675029 0.067606844 -0.005495258 0.997696400 45.079532623
0.997634292 0.007849373 -0.068295799 -2.977725983 -0.007379122 0.999947429 0.007135022 -0.621638477 0.068348236 -0.006614177 0.997639120 46.083194733
0.997602046 0.010280008 -0.068443291 -3.059053898 -0.010049169 0.999942660 0.003716117 -0.635256290 0.068477593 -0.003019408 0.997647583 47.055061340
0.997528076 0.010853363 -0.069425769 -3.131186247 -0.010898617 0.999940634 -0.000273141 -0.645882547 0.069418706 0.001029107 0.997586548 48.006877899
0.997452497 0.011437175 -0.070410639 -3.196836233 -0.011553408 0.999932468 -0.001243820 -0.666089177 0.070391685 0.002054130 0.997516811 48.974864960
0.997443616 0.009299270 -0.070849963 -3.270222187 -0.009195550 0.999956071 0.001789897 -0.667958915 0.070863515 -0.001133820 0.997484863 49.979396820
0.997446060 0.007164117 -0.071062639 -3.338091612 -0.006814721 0.999963403 0.005157902 -0.686708927 0.071097016 -0.004660459 0.997457981 50.951774597
0.997412264 0.004921139 -0.071724653 -3.403918743 -0.004512917 0.999972641 0.005852402 -0.701527417 0.071751520 -0.005513571 0.997406721 51.940246582
0.997382939 0.001431613 -0.072285086 -3.467754602 -0.001083398 0.999987543 0.004856156 -0.717841506 0.072291166 -0.004765134 0.997371614 52.901008606
0.997355580 -0.001223406 -0.072665207 -3.541957855 0.001492579 0.999992132 0.003650036 -0.732641160 0.072660200 -0.003748844 0.997349143 53.850036621
0.997267544 -0.002612638 -0.073827006 -3.611305237 0.002972174 0.999984145 0.004760480 -0.742889702 0.073813438 -0.004966901 0.997259140 54.817386627
0.997170091 -0.005900084 -0.074945390 -3.686144829 0.006585456 0.999938607 0.008901075 -0.751545548 0.074888319 -0.009369435 0.997147322 55.785072327
0.997121572 -0.006435635 -0.075544052 -3.758509398 0.007515159 0.999873459 0.014014381 -0.761575937 0.075444348 -0.014541766 0.997043431 56.745571136
0.997086465 -0.004588670 -0.076140396 -3.834017038 0.005850442 0.999848962 0.016356822 -0.769020617 0.076053895 -0.016754618 0.996962368 57.699886322
0.997020304 -0.002932867 -0.077083007 -3.927935123 0.003891625 0.999916732 0.012290680 -0.773776174 0.077040598 -0.012554032 0.996948361 58.660835266
0.996924222 -0.001122137 -0.078362703 -4.007427692 0.001494757 0.999987721 0.004696513 -0.782711387 0.078356527 -0.004799201 0.996913314 59.565708160
0.996861160 0.000968284 -0.079162769 -4.088402748 -0.000970295 0.999999404 0.000013001 -0.794734597 0.079162784 0.000063849 0.996861219 60.467342377
0.996758342 0.005592134 -0.080258749 -4.172944546 -0.005544981 0.999984205 0.000810312 -0.801880121 0.080262050 -0.000362654 0.996773303 61.389438629
0.996641517 0.008285545 -0.081467226 -4.256162643 -0.008056995 0.999962568 0.003133710 -0.816156387 0.081490174 -0.002466805 0.996670604 62.303215027
0.996512234 0.010609698 -0.082769074 -4.340059280 -0.010278123 0.999937356 0.004431045 -0.824289680 0.082810923 -0.003564880 0.996558428 63.247497559
0.996412039 0.011131193 -0.083899073 -4.418855667 -0.010812050 0.999932468 0.004257258 -0.835834146 0.083940811 -0.003334863 0.996464670 64.105438232
0.996243060 0.012984255 -0.085621707 -4.496787071 -0.012588779 0.999907434 0.005157142 -0.854721069 0.085680760 -0.004059894 0.996313870 64.970207214
0.996095419 0.014228804 -0.087128215 -4.578832626 -0.013851754 0.999891877 0.004930551 -0.847789943 0.087188974 -0.003704420 0.996184349 65.831924438
0.995953441 0.014587246 -0.088678680 -4.653627396 -0.014188408 0.999886215 0.005126203 -0.860322893 0.088743389 -0.003847249 0.996046484 66.662139893
0.995820463 0.014197866 -0.090221584 -4.719320297 -0.013726011 0.999888718 0.005848225 -0.858617485 0.090294600 -0.004585399 0.995903909 67.447845459
0.995640218 0.019179365 -0.091283098 -4.834358215 -0.018480225 0.999793172 0.008498115 -0.895869911 0.091427214 -0.006774131 0.995788097 68.391693115
0.995510757 0.020948110 -0.092300296 -4.917629242 -0.019852145 0.999721348 0.012776142 -0.907135963 0.092542216 -0.010886421 0.995648682 69.139549255
0.995283604 0.024013855 -0.093987621 -4.997114182 -0.022743868 0.999635339 0.014560328 -0.913985014 0.094302997 -0.012354006 0.995466292 69.911270142
0.995090187 0.027218750 -0.095155418 -5.087273121 -0.026503524 0.999610245 0.008772377 -0.891336322 0.095357105 -0.006207347 0.995423198 70.698989868
0.994931042 0.026589906 -0.096979983 -5.159672737 -0.026636330 0.999644876 0.000816102 -0.885771096 0.096967250 0.001771227 0.995285451 71.476997375
0.994777203 0.025638891 -0.098797001 -5.220675468 -0.026253751 0.999643147 -0.004928236 -0.896073699 0.098635413 0.007496288 0.995094836 72.164184570
0.994708240 0.027017334 -0.099123612 -5.297869205 -0.027757190 0.999596119 -0.006092288 -0.906011343 0.098918989 0.008811441 0.995055914 72.869598389
0.994551837 0.030228518 -0.099762999 -5.376089096 -0.030624378 0.999527931 -0.002438676 -0.922915101 0.099642187 0.005480570 0.995007753 73.527267456
0.994382977 0.030580714 -0.101326331 -5.441152573 -0.030743072 0.999527276 -0.000040844 -0.943667054 0.101277187 0.003155699 0.994852722 74.189559937
0.994368792 0.027512824 -0.102339908 -5.503816605 -0.027980734 0.999603510 -0.003139176 -0.962924540 0.102212965 0.005985045 0.994744003 74.831787109
0.994553208 0.019942774 -0.102303162 -5.559103489 -0.020881884 0.999748945 -0.008116925 -0.983730078 0.102115609 0.010208996 0.994719625 75.424964905
0.994710267 0.016376648 -0.101404533 -5.614931583 -0.017778702 0.999758184 -0.012938080 -0.996724725 0.101168126 0.014672481 0.994760573 76.026947021
0.994978845 0.019168179 -0.098231256 -5.679315090 -0.020537015 0.999705255 -0.012942675 -1.017408013 0.097954214 0.014895062 0.995078862 76.604255676
0.995272279 0.024108864 -0.094083391 -5.741254807 -0.025152106 0.999634326 -0.009918340 -1.035677671 0.093809873 0.012237843 0.995514274 77.174903870
0.995709419 0.022835305 -0.089672543 -5.786607742 -0.023540137 0.999699533 -0.006810303 -1.051597118 0.089490093 0.008891988 0.995947361 77.739082336
0.996297777 0.019216429 -0.083793834 -5.827834606 -0.019511057 0.999805868 -0.002698636 -1.065711498 0.083725721 0.004323553 0.996478796 78.293197632
0.997019410 0.015044483 -0.075669795 -5.857836246 -0.015031964 0.999886632 0.000734926 -1.087289095 0.075672291 0.000404734 0.997132003 78.833984375
0.997714281 0.018815033 -0.064901441 -5.895700932 -0.018825473 0.999822617 0.000450614 -1.098091483 0.064898424 0.000772221 0.997890949 79.360977173
0.998475134 0.024072116 -0.049677584 -5.931740284 -0.024109388 0.999709249 -0.000151270 -1.109956503 0.049659535 0.001348740 0.998764634 79.877738953
0.999062479 0.029820597 -0.031381838 -5.953201294 -0.029829023 0.999554873 0.000199506 -1.122490406 0.031373866 0.000736776 0.999506712 80.386978149
0.999555707 0.028257973 -0.009477489 -5.944811821 -0.028255405 0.999600530 0.000404534 -1.130891919 0.009485194 -0.000136559 0.999954283 80.869918823
0.999546230 0.025010454 0.016787354 -5.917649746 -0.025028072 0.999686301 0.000840211 -1.144223809 -0.016761001 -0.001259979 0.999858022 81.354690552
0.998656571 0.024669675 0.045567945 -5.856575966 -0.024722166 0.999694109 0.000588623 -1.152086258 -0.045539394 -0.001714364 0.998960376 81.897003174
0.996659756 0.023944221 0.078076705 -5.807688236 -0.024150556 0.999706745 0.001699402 -1.169850469 -0.078013018 -0.003579314 0.996945202 82.282127380
0.992958724 0.025826650 0.115611270 -5.732323647 -0.026055021 0.999660254 0.000464304 -1.159692168 -0.115559883 -0.003473282 0.993293703 82.748649597
0.987116337 0.022335550 0.158437461 -5.761574745 -0.023164846 0.999725699 0.003389127 -1.227342129 -0.158318162 -0.007015632 0.987362504 82.744461060
0.979125917 0.022230323 0.202035040 -5.646334648 -0.023398360 0.999720275 0.003394608 -1.247854829 -0.201902896 -0.008051028 0.979371727 83.075416565
0.967696846 0.024957435 0.250878066 -5.515422821 -0.025816765 0.999666512 0.000134268 -1.252035499 -0.250790864 -0.006606782 0.968017995 83.481651306
0.952038109 0.026369644 0.304840893 -5.377573490 -0.026496869 0.999641776 -0.003720543 -1.259102821 -0.304829597 -0.004535223 0.952395320 83.876922607
0.931530893 0.028073210 0.362576932 -5.256344318 -0.026606156 0.999604940 -0.009039921 -1.216295481 -0.362687230 -0.001225808 0.931909323 84.270408630
0.907983184 0.028244603 0.418053538 -5.038285732 -0.025982730 0.999600589 -0.011102512 -1.233903527 -0.418199837 -0.000781273 0.908353925 84.603302002
0.880758762 0.034985393 0.472271174 -4.742671967 -0.028400412 0.999374390 -0.021067563 -1.148988247 -0.472712457 0.005142746 0.881200910 84.930030823
0.847506404 0.034168579 0.529684246 -4.469006062 -0.024828712 0.999385238 -0.024741329 -1.161143422 -0.530203700 0.007817056 0.847833395 85.279632568
0.805522025 0.033109125 0.591640234 -4.261200428 -0.020770440 0.999401629 -0.027649030 -1.181502581 -0.592201293 0.009983269 0.805727363 85.705986023
0.763063550 0.031635720 0.645548820 -4.060722351 -0.022213861 0.999494731 -0.022723543 -1.253515363 -0.645941138 0.002999373 0.763380408 85.973678589
0.719734073 0.031150322 0.693550766 -3.773350239 -0.023217296 0.999513805 -0.020798633 -1.278509736 -0.693861008 -0.001132887 0.720107079 86.225120544
0.675583363 0.023174588 0.736919403 -3.424924135 -0.023251634 0.999678195 -0.010121486 -1.448974729 -0.736916304 -0.010296667 0.675904512 86.458793640
0.627893806 0.023615666 0.777940810 -3.096534491 -0.019176427 0.999705374 -0.014869967 -1.429861665 -0.778062165 -0.005581360 0.628161371 86.690994263
0.580710888 0.021070842 0.813837349 -2.773072720 -0.013778879 0.999776006 -0.016053068 -1.453701019 -0.813992679 -0.001891571 0.580870867 86.867095947
0.531404257 0.022920284 0.846808374 -2.446431637 -0.014385773 0.999733686 -0.018031856 -1.464325070 -0.846995592 -0.002599783 0.531592250 87.077934265
0.494877696 -0.021263570 0.868702590 -2.134956360 -0.029919790 0.998690605 0.041489862 -2.264104843 -0.868446827 -0.046523783 0.493593276 87.037117004
0.448470235 -0.023633100 0.893485427 -1.764261127 -0.025623247 0.998899281 0.039282501 -2.276191711 -0.893429816 -0.040511012 0.447370887 87.222236633
0.407446116 -0.034186546 0.912589252 -1.398610592 -0.019776044 0.998734117 0.046243075 -2.380135059 -0.913014472 -0.036888953 0.406254172 87.324882507
0.372201562 -0.062175713 0.926067173 -1.012305260 -0.015018228 0.997219384 0.072988898 -2.692699432 -0.928029776 -0.041074459 0.370232761 87.345329285
0.335377127 -0.065062039 0.939834714 -0.588546216 -0.014631797 0.997132063 0.074249856 -2.667551517 -0.941969633 -0.038653165 0.333463252 87.479690552
0.301953286 -0.061305061 0.951349616 -0.207134813 -0.020423463 0.997284889 0.070747413 -2.654088497 -0.953103244 -0.040792257 0.299881369 87.588569641
0.270645320 -0.054221872 0.961151063 0.193644911 -0.032914329 0.997307420 0.065529726 -2.637994051 -0.962115586 -0.049370944 0.268131912 87.716217041
0.242032677 -0.049359947 0.969011843 0.644059062 -0.039526291 0.997374296 0.060677253 -2.615049839 -0.969461918 -0.052987307 0.239446163 87.829269409
0.216478541 -0.047162008 0.975147665 1.098042965 -0.040505432 0.997538328 0.057236917 -2.585313082 -0.975446045 -0.051889326 0.214035362 87.907203674
0.192795515 -0.045693181 0.980174541 1.507597804 -0.035093594 0.997954726 0.053424764 -2.566392899 -0.980610490 -0.044697896 0.190797716 87.960601807
0.172322214 -0.039205428 0.984260142 1.922245860 -0.030348435 0.998521686 0.045086820 -2.538556337 -0.984572232 -0.037640210 0.170877725 88.006980896
0.152409747 -0.032317944 0.987788856 2.352421045 -0.029817365 0.998859584 0.037280772 -2.507404566 -0.987866700 -0.035135210 0.151272371 88.062019348
0.134710014 -0.031429410 0.990386486 2.810282946 -0.033963796 0.998762846 0.036314890 -2.486961365 -0.990301967 -0.038529258 0.133475959 88.132377625
0.119213656 -0.035771541 0.992224038 3.295776367 -0.037625302 0.998469889 0.040517308 -2.479204178 -0.992154598 -0.042162940 0.117685422 88.195030212
0.104495957 -0.038876437 0.993765175 3.822801113 -0.038317587 0.998336136 0.043084390 -2.459121704 -0.993786037 -0.042580828 0.102832533 88.254035950
0.091059931 -0.041232262 0.994991481 4.325230598 -0.037135899 0.998306692 0.044768244 -2.440599442 -0.995151877 -0.041026495 0.089374647 88.293502808
0.079118878 -0.041942134 0.995982528 4.854869843 -0.034294650 0.998408318 0.044768576 -2.418200254 -0.996274233 -0.037698910 0.077554666 88.329780579
0.068759948 -0.042069845 0.996745884 5.557074070 -0.033520635 0.998448670 0.044454105 -2.448911190 -0.997069120 -0.036468212 0.067243189 88.378639221
0.060722001 -0.041384842 0.997296512 6.110419273 -0.032231878 0.998537540 0.043398816 -2.422321081 -0.997633398 -0.034779999 0.059299406 88.410217285
0.055025291 -0.040984370 0.997643590 6.665931702 -0.030887583 0.998609006 0.042727623 -2.400424004 -0.998006284 -0.033165894 0.053682968 88.437271118
0.049209423 -0.039743047 0.997997582 7.217040539 -0.030717166 0.998674929 0.041284610 -2.374857903 -0.998315215 -0.032687243 0.047923557 88.467498779
0.043126151 -0.039052445 0.998306215 7.779140949 -0.030374777 0.998722315 0.040380873 -2.353313684 -0.998606980 -0.032064795 0.041884977 88.497787476
0.038609646 -0.038777370 0.998501778 8.402344704 -0.028285535 0.998803675 0.039882805 -2.326154232 -0.998853147 -0.029783014 0.037466761 88.516433716
0.035429940 -0.038657650 0.998624325 9.059395790 -0.027365550 0.998839080 0.039636835 -2.298162699 -0.998996615 -0.028732231 0.034331065 88.540893555
0.032290500 -0.039094470 0.998713732 9.708245277 -0.026753319 0.998842657 0.039964478 -2.276664495 -0.999119580 -0.028009377 0.031207366 88.559226990
0.029977048 -0.039745200 0.998760164 10.345490456 -0.024664203 0.998875201 0.040490028 -2.257521868 -0.999245405 -0.025847390 0.028963193 88.571662903
0.029177880 -0.037546620 0.998868883 11.075884819 -0.021779053 0.999032915 0.038188942 -2.169991255 -0.999336123 -0.022868687 0.028332079 88.580795288
0.030073866 -0.037816986 0.998832107 11.774371147 -0.018217131 0.999096990 0.038375489 -2.148588419 -0.999380887 -0.019349953 0.029357942 88.596412659
0.032317627 -0.038249999 0.998745561 12.527610779 -0.017054655 0.999100506 0.038815428 -2.149457216 -0.999331295 -0.018287681 0.031636365 88.622207642
0.035661180 -0.037495144 0.998660386 13.272801399 -0.015066428 0.999161780 0.038051952 -2.110378027 -0.999249518 -0.016403221 0.035066515 88.660644531
0.039580069 -0.037588753 0.998509228 14.065380096 -0.015544642 0.999147713 0.038228940 -2.090312958 -0.999094605 -0.017034570 0.038962174 88.707023621
0.043048389 -0.038752493 0.998321235 14.892832756 -0.017118363 0.999071777 0.039519761 -2.095948219 -0.998925447 -0.018790884 0.042345189 88.765892029
0.047446731 -0.040260013 0.998062193 15.617412567 -0.017439762 0.999001324 0.041126944 -2.074387550 -0.998720646 -0.019357301 0.046697356 88.787040710
0.051328596 -0.041736528 0.997809410 16.463933945 -0.021215810 0.998854876 0.042871613 -2.047461748 -0.998455524 -0.023369867 0.050384477 88.861885071
0.054565668 -0.043094456 0.997579873 17.491378784 -0.026589332 0.998650789 0.044595093 -2.092705727 -0.998155236 -0.028958337 0.053346325 88.967834473
0.058750570 -0.042001609 0.997388721 18.289241791 -0.029523991 0.998603880 0.043791860 -2.067220926 -0.997835100 -0.032019686 0.057428617 89.025695801
0.061124999 -0.037897564 0.997410417 19.065198898 -0.031921517 0.998693109 0.039902557 -2.044947386 -0.997618616 -0.034277894 0.059835494 89.103034973
0.062679596 -0.032472603 0.997505307 19.871479034 -0.037798207 0.998675823 0.034885798 -2.018676758 -0.997316778 -0.039890531 0.061369319 89.173660278
0.061911657 -0.029099662 0.997657359 20.721679688 -0.040360030 0.998683870 0.031634212 -1.986080885 -0.997264326 -0.042223994 0.060655840 89.269447327
0.062123254 -0.029511422 0.997632086 21.530263901 -0.042489767 0.998577952 0.032185249 -1.965640903 -0.997162640 -0.044388596 0.060781106 89.333786011
0.062002674 -0.030980252 0.997595072 22.362789154 -0.045341641 0.998398364 0.033823259 -1.942573071 -0.997044563 -0.047329713 0.060498800 89.407760620
0.061303351 -0.032075591 0.997603655 23.202787399 -0.044560131 0.998398542 0.034839381 -1.919925928 -0.997123063 -0.046589106 0.059776012 89.482574463
0.061542448 -0.032600310 0.997571945 24.008399963 -0.047010969 0.998261988 0.035523061 -1.902424097 -0.996995807 -0.049082983 0.059903041 89.549743652
0.061593384 -0.032123704 0.997584283 24.837816238 -0.048691753 0.998194635 0.035149701 -1.883884668 -0.996912003 -0.050739098 0.059918154 89.618537903
0.062499981 -0.031188000 0.997557580 25.666908264 -0.050577849 0.998127818 0.034374673 -1.858612061 -0.996761620 -0.052602712 0.060805671 89.663665771
0.061266284 -0.030250933 0.997662961 26.449430466 -0.054002497 0.997975528 0.033576686 -1.859550118 -0.996658504 -0.055933386 0.059508756 89.724601746
0.057580534 -0.030411478 0.997877538 27.302490234 -0.058279473 0.997728348 0.033769820 -1.837273598 -0.996637344 -0.060100239 0.055677496 89.803642273
0.053611949 -0.031352129 0.998069465 28.137956619 -0.060321849 0.997579336 0.034576945 -1.812460065 -0.996737242 -0.062059112 0.051591083 89.867256165
0.048440661 -0.033713479 0.998256862 28.977708817 -0.062292345 0.997382164 0.036706675 -1.795348167 -0.996880770 -0.063961834 0.046213888 89.933151245
0.041919194 -0.035515469 0.998489499 29.820871353 -0.064983442 0.997154474 0.038196146 -1.770071626 -0.997004509 -0.066486418 0.039492127 89.985282898
0.033166792 -0.034844227 0.998842180 30.668783188 -0.065968372 0.997135818 0.036975183 -1.741677284 -0.997269392 -0.067118309 0.030773316 90.046432495
0.021690682 -0.034213979 0.999179065 31.427003860 -0.066519104 0.997149765 0.035588503 -1.734512329 -0.997548401 -0.067236401 0.019353114 90.151191711
0.011621966 -0.034146842 0.999349236 32.250915527 -0.066622332 0.997169018 0.034847122 -1.732146859 -0.997709632 -0.066983931 0.009314268 90.166099548
0.001002600 -0.036279816 0.999341190 32.997840881 -0.066756606 0.997109413 0.036265761 -1.760751724 -0.997767806 -0.066748947 -0.001422065 90.171165466
-0.009494130 -0.037425999 0.999254346 33.783294678 -0.068768702 0.996957242 0.036686569 -1.754022598 -0.997586429 -0.068369076 -0.012038824 90.157402039
-0.021881605 -0.038468741 0.999020219 34.657909393 -0.069137089 0.996924877 0.036873732 -1.751994967 -0.997366130 -0.068262450 -0.024473771 90.176292419
-0.032520447 -0.039103344 0.998705864 35.399333954 -0.070192203 0.996855855 0.036745261 -1.772202253 -0.997002244 -0.068906344 -0.035162784 90.141128540
-0.044277292 -0.039759509 0.998227835 36.132179260 -0.069822699 0.996886849 0.036609039 -1.797596455 -0.996575236 -0.068077974 -0.046915397 90.119537354
-0.054811511 -0.038916983 0.997738063 36.883358002 -0.071269982 0.996843398 0.034966804 -1.788287640 -0.995948851 -0.069192149 -0.057411931 90.078514099
-0.067207336 -0.039141204 0.996971011 37.656173706 -0.076227091 0.996510565 0.033984531 -1.797916174 -0.994821787 -0.073712155 -0.069956258 90.090011597
-0.076924220 -0.038803346 0.996281624 38.402923584 -0.076567881 0.996520817 0.032900747 -1.794570446 -0.994091511 -0.073752262 -0.079627484 90.036483765
-0.087812051 -0.038754240 0.995383024 39.105991364 -0.074888013 0.996671379 0.032197826 -1.806114554 -0.993317008 -0.071714848 -0.090421803 89.990303040
-0.096824683 -0.039041318 0.994535565 39.805965424 -0.075221710 0.996658921 0.031801339 -1.826786160 -0.992453814 -0.071731456 -0.099437758 89.914611816
-0.105487727 -0.040448852 0.993597746 40.470996857 -0.074847825 0.996660352 0.032627132 -1.849718094 -0.991598785 -0.070926808 -0.108162753 89.842384338
-0.113696285 -0.042500243 0.992606282 41.175212860 -0.074886732 0.996608377 0.034093842 -1.864959955 -0.990688264 -0.070456639 -0.116493180 89.778923035
-0.119075887 -0.043969266 0.991911292 41.907081604 -0.072500594 0.996736467 0.035479695 -1.851389289 -0.990233660 -0.067689329 -0.121874876 89.689041138
-0.123274289 -0.045822676 0.991314292 42.591526031 -0.070317976 0.996825099 0.037333071 -1.847257257 -0.989877224 -0.065104969 -0.126104861 89.609016418
-0.126372337 -0.046981025 0.990869939 43.280746460 -0.070096634 0.996803105 0.038322464 -1.840442777 -0.989502192 -0.064613707 -0.129261345 89.529396057
-0.134930491 -0.050653301 0.989559710 43.887714386 -0.081590205 0.995868206 0.039851084 -1.868364930 -0.987489104 -0.075361207 -0.138505593 89.636611938
-0.138112932 -0.049158931 0.989195943 44.555831909 -0.075147487 0.996407807 0.039025154 -1.835636854 -0.987560451 -0.068945669 -0.141310766 89.585594177
-0.137160078 -0.048480138 0.989362001 45.195724487 -0.075783491 0.996387064 0.038318168 -1.829732418 -0.987644613 -0.069721535 -0.140338317 89.480827332
-0.134465441 -0.048599031 0.989726067 45.728412628 -0.078028083 0.996213794 0.038316641 -1.870650411 -0.987840354 -0.072074100 -0.137748227 89.410263062
-0.129364043 -0.048328556 0.990418971 46.330108643 -0.078574374 0.996169746 0.038346175 -1.863646507 -0.988478124 -0.072860882 -0.132665738 89.330162048
-0.121803433 -0.047421984 0.991420925 46.957866669 -0.079221860 0.996135056 0.037914500 -1.842058420 -0.989386618 -0.073924050 -0.125089318 89.266830444
-0.110980876 -0.047377821 0.992692769 47.554119110 -0.079886004 0.996055424 0.038607251 -1.827019691 -0.990605652 -0.075017549 -0.114327714 89.218055725
-0.097732164 -0.046981856 0.994103372 48.129592896 -0.080438316 0.995989263 0.039162967 -1.812262654 -0.991955757 -0.076136470 -0.101119123 89.180923462
-0.081460349 -0.045407545 0.995641828 48.680446625 -0.079325594 0.996087313 0.038937714 -1.794108391 -0.993513882 -0.075807951 -0.084743410 89.165473938
-0.060524940 -0.043566797 0.997215569 49.224346161 -0.080535509 0.996002316 0.038625799 -1.792857289 -0.994911551 -0.077973388 -0.063791469 89.156433105
-0.036317907 -0.040606365 0.998515069 49.785625458 -0.081098974 0.995997548 0.037554286 -1.776137829 -0.996043265 -0.079614602 -0.039465494 89.161590576
-0.008345408 -0.039079465 0.999201357 50.275051117 -0.081708200 0.995920539 0.038268745 -1.768282890 -0.996620476 -0.081323534 -0.011504294 89.177497864
0.023272872 -0.039915908 0.998932064 50.792659760 -0.082258604 0.995737195 0.041704711 -1.754878759 -0.996338367 -0.083141305 0.019890416 89.229454041
0.060176633 -0.042562187 0.997280002 51.311634064 -0.080795877 0.995603740 0.047365952 -1.736661196 -0.994911551 -0.083426386 0.056473412 89.297706604
0.101812765 -0.047531545 0.993667424 51.822216034 -0.080755927 0.995165586 0.055877611 -1.738523245 -0.991519392 -0.085933544 0.097482279 89.386047363
0.147897810 -0.051064882 0.987683415 52.321289062 -0.078888357 0.994874179 0.063249573 -1.699730515 -0.985850394 -0.087271169 0.143111438 89.471656799
0.194884956 -0.050933644 0.979502678 52.822475433 -0.078571066 0.994629920 0.067353003 -1.616952181 -0.977673054 -0.090086631 0.189836651 89.623245239
0.246437415 -0.044249885 0.968147933 53.406848907 -0.073166430 0.995256126 0.064113051 -1.456576586 -0.966391921 -0.086635768 0.242030904 89.800956726
0.296228945 -0.044960100 0.954058051 53.876716614 -0.069336616 0.995242834 0.068429515 -1.423324227 -0.952595949 -0.086421952 0.291702509 90.065078735
0.352072686 -0.045616001 0.934860349 54.363597870 -0.063163549 0.995375991 0.072356515 -1.407368660 -0.933838010 -0.084523834 0.347563595 90.324348450
0.413946748 -0.043533139 0.909259439 54.834682465 -0.056870267 0.995667160 0.073560715 -1.395692706 -0.908521950 -0.082160026 0.409677565 90.557792664
0.473472059 -0.033461750 0.880172849 55.327850342 -0.052014496 0.996471286 0.065863289 -1.262103438 -0.879270852 -0.076966144 0.470060915 90.889099121
0.535108209 -0.027654637 0.844330609 55.736717224 -0.049961902 0.996677876 0.064308681 -1.206057668 -0.843303919 -0.076596439 0.531948984 91.180358887
0.591305733 -0.019660451 0.806207597 56.059406281 -0.050393492 0.996847570 0.061270110 -1.119273186 -0.804870546 -0.076856956 0.588451028 91.527252197
0.649826944 -0.015056503 0.759932876 56.806690216 -0.046553813 0.997137606 0.059564896 -0.972152948 -0.758654356 -0.074084617 0.647266030 92.167343140
0.701144338 -0.016528722 0.712827623 57.178176880 -0.038913347 0.997353554 0.061401725 -0.898888767 -0.711955965 -0.070789948 0.698645651 92.568885803
0.745822012 -0.024671275 0.665688157 57.451549530 -0.027001139 0.997372329 0.067215383 -0.829121947 -0.665597141 -0.068105020 0.743196130 93.050773621
0.789117217 -0.031706292 0.613423586 57.701316833 -0.019191934 0.996905804 0.076216295 -0.809984505 -0.613941967 -0.071916342 0.786067188 93.425376892
0.826860964 -0.033754975 0.561392307 57.915752411 -0.015564285 0.996440768 0.082837492 -0.771392345 -0.562190235 -0.077232726 0.823392689 93.864486694
0.860033870 -0.036844198 0.508904815 58.145961761 -0.010959373 0.995824695 0.090617724 -0.740571201 -0.510118604 -0.083511554 0.856039226 94.332168579
0.887460947 -0.035779729 0.459491909 58.329650879 -0.009551560 0.995339274 0.095952958 -0.705272973 -0.460783422 -0.089543328 0.882982969 94.827636719
0.909416854 -0.034102354 0.414485067 58.487148285 -0.007980742 0.995017111 0.099376917 -0.675359964 -0.415808558 -0.093682915 0.904613197 95.258064270
0.926496089 -0.028426258 0.375228971 58.629760742 -0.010605652 0.994773328 0.101548083 -0.636720717 -0.376154244 -0.098063424 0.921352208 95.718132019
0.939880311 -0.024612010 0.340615630 58.761951447 -0.010196034 0.994931877 0.100025736 -0.592579007 -0.341351002 -0.097485133 0.934865952 96.173377991
0.950465858 -0.022068055 0.310044259 58.906002045 -0.009369402 0.994988382 0.099543087 -0.551308095 -0.310687006 -0.097517215 0.945495784 96.603713989
0.957172751 -0.027605351 0.288197815 59.039894104 -0.001272333 0.995032370 0.099536039 -0.521850407 -0.289513707 -0.095639847 0.952382922 97.016624451
0.961610973 -0.029826149 0.272790164 59.170330048 0.002475744 0.994977474 0.100060970 -0.490828305 -0.274404317 -0.095544361 0.956855237 97.473457336
0.965160906 -0.026229884 0.260338724 59.267429352 0.000173769 0.995026052 0.099607565 -0.458041191 -0.261656344 -0.096092068 0.960364878 97.908660889
0.967551053 -0.013700129 0.252303630 59.347160339 -0.011954392 0.994928122 0.099868275 -0.423492372 -0.252392024 -0.099643767 0.962480009 98.374366760
0.969103575 -0.005915354 0.246582642 59.454772949 -0.018969974 0.994963109 0.098423108 -0.374879450 -0.245922655 -0.100059830 0.964110196 98.901084900
0.969767153 -0.000588256 0.244030833 59.562347412 -0.023225954 0.995234311 0.094697952 -0.328697920 -0.242923409 -0.097502790 0.965131998 99.447540283
0.969912350 0.000210766 0.243453801 59.679618835 -0.023349009 0.995469630 0.092159912 -0.280044377 -0.242331281 -0.095071413 0.965523362 100.001380920
0.969152033 -0.001440791 0.246458918 59.797340393 -0.021111483 0.995821536 0.088838361 -0.244918332 -0.245556936 -0.091300964 0.965072215 100.567535400
0.968060315 -0.002012554 0.250708729 59.966144562 -0.019228898 0.996425629 0.082247213 -0.187399670 -0.249977976 -0.084441081 0.964561641 101.171264648
0.966927469 -0.001137458 0.255048335 60.120815277 -0.019287720 0.996799648 0.077568233 -0.134107828 -0.254320145 -0.079922117 0.963811278 101.740646362
0.965751171 0.003150980 0.259450465 60.279716492 -0.024316793 0.996623755 0.078410476 -0.104778163 -0.258327246 -0.082033955 0.962567389 102.348541260
0.964325964 0.005315170 0.264663905 60.469066620 -0.028140863 0.996190608 0.082527496 -0.059638295 -0.263216853 -0.087031223 0.960802257 103.006355286
0.963104546 0.002462657 0.269115865 60.639259338 -0.026967075 0.995807707 0.087396510 -0.023384269 -0.267772228 -0.091429181 0.959133625 103.575653076
0.962175190 -0.002327270 0.272421181 60.828647614 -0.023917835 0.995379865 0.092979819 0.028960794 -0.271378756 -0.095978536 0.957674384 104.185516357
0.961241126 -0.005372623 0.275656432 61.025611877 -0.022419430 0.994975150 0.097571142 0.086529329 -0.274795324 -0.099969387 0.956290841 104.847373962
0.960411131 -0.009939672 0.278408855 61.224441528 -0.018134346 0.995012403 0.098080680 0.149060965 -0.277994990 -0.099246480 0.955440938 105.504821777
0.960318089 -0.013760419 0.278567106 61.402980804 -0.013455335 0.995332599 0.095551863 0.175326630 -0.278581589 -0.095508337 0.955651045 106.082183838
0.960234225 -0.013451360 0.278871030 61.578533173 -0.011765885 0.996000767 0.088555582 0.229977176 -0.278946787 -0.088315204 0.956236124 106.737182617
0.960549891 -0.011742190 0.277858943 61.786430359 -0.011414614 0.996600807 0.081575930 0.297759473 -0.277872115 -0.081529342 0.957151234 107.439720154
0.961062729 -0.008076379 0.276211292 61.948383331 -0.013978196 0.996871233 0.077784851 0.347826302 -0.275975078 -0.078616999 0.957943320 108.080825806
0.961750627 -0.010067440 0.273740292 62.144672394 -0.012819082 0.996574402 0.081689596 0.416902632 -0.273624748 -0.082074068 0.958327591 108.800605774
0.962083817 -0.014057491 0.272390187 62.350662231 -0.010634581 0.995977283 0.088961788 0.480107397 -0.272544801 -0.088485420 0.958064735 109.541801453
0.962862790 -0.013760895 0.269638777 62.563667297 -0.012164595 0.995473981 0.094242632 0.551484823 -0.269715011 -0.094022751 0.958338082 110.315063477
0.963355243 -0.010446735 0.268023849 62.743064880 -0.015223223 0.995500267 0.093518227 0.611504316 -0.267794520 -0.094171442 0.958861887 111.017601013
0.963981330 -0.004995720 0.265921712 62.936340332 -0.019325061 0.995864391 0.088763237 0.676034331 -0.265265167 -0.090705037 0.959898591 111.764312744
0.964952648 -0.003929091 0.262393206 63.132598877 -0.018562492 0.996360421 0.083183296 0.746806204 -0.261764795 -0.085138597 0.961368203 112.534362793
0.965956211 -0.004722382 0.258660853 63.332443237 -0.016641475 0.996627450 0.080342293 0.805323780 -0.258167714 -0.081911631 0.962620437 113.291412354
0.966915011 -0.006694535 0.255009264 63.520553589 -0.014623676 0.996556103 0.081610151 0.860906482 -0.254677176 -0.082639247 0.963487625 114.021736145
0.967683256 -0.010017906 0.251968205 63.682079315 -0.011463861 0.996428847 0.083643600 0.912624121 -0.251906097 -0.083829045 0.964113057 114.726493835
0.968139768 -0.011228689 0.250157028 63.877593994 -0.010780226 0.996198058 0.086436816 0.964290500 -0.250176251 -0.086379670 0.964338303 115.492462158
0.968099594 -0.010526443 0.250342995 64.036857605 -0.012126185 0.995977163 0.088772051 1.023507118 -0.250270098 -0.088975899 0.964077830 116.284439087
0.968014359 -0.013503470 0.250529587 64.232414246 -0.009383064 0.995902538 0.089933842 1.087404966 -0.250717193 -0.089408003 0.963921607 117.076751709
0.968163610 -0.012522985 0.250003368 64.423294067 -0.010773283 0.995736718 0.091598384 1.140843391 -0.250084341 -0.091375589 0.963901460 117.848976135
0.968015909 -0.006485431 0.250803649 64.606613159 -0.016575897 0.995827317 0.089727990 1.201331258 -0.250338763 -0.091015428 0.963869452 118.638511658
0.967858315 -0.000574436 0.251494050 64.806076050 -0.021855719 0.996020973 0.086385325 1.269584537 -0.250542700 -0.089105338 0.963994920 119.462043762
0.967139184 0.011704927 0.253976732 64.956352234 -0.034332749 0.995801389 0.084845439 1.330284595 -0.251917005 -0.090777062 0.963480651 120.321800232
0.966258526 0.017884443 0.256951392 65.164543152 -0.041199658 0.995472670 0.085642852 1.390249014 -0.254256129 -0.093339443 0.962620974 121.166503906
0.965369940 0.020897340 0.260045409 65.370391846 -0.045191597 0.995111644 0.087797821 1.445595503 -0.256939203 -0.096509241 0.961595476 122.002807617
0.964709520 0.021288078 0.262453437 65.609489441 -0.045533627 0.995196939 0.086647332 1.515218854 -0.259348035 -0.095539965 0.961045444 122.878265381
0.964203358 0.020187777 0.264393210 65.848419189 -0.043779816 0.995532453 0.083644576 1.581646681 -0.261523187 -0.092225477 0.960779727 123.767791748
0.963963211 0.014061743 0.265662730 66.083053589 -0.037951317 0.995656371 0.085006304 1.644589782 -0.263313204 -0.092025213 0.960309863 124.585464478
0.964011610 0.007652923 0.265748948 66.316322327 -0.030972399 0.996011019 0.083670534 1.695639849 -0.264048308 -0.088890262 0.960403323 125.363739014
0.963603377 0.007381714 0.267233014 66.541030884 -0.030767530 0.996037543 0.083429940 1.757696986 -0.265558034 -0.088615485 0.960012376 126.184417725
0.962530911 0.012479777 0.270883590 66.682395935 -0.037204698 0.995570481 0.086332940 1.820405841 -0.268606067 -0.093176283 0.958731771 127.042167664
0.962045193 0.014129751 0.272522956 66.894180298 -0.040635850 0.994941056 0.091864787 1.884270430 -0.269845992 -0.099452294 0.957752585 127.866950989
0.961758912 0.017760126 0.273319721 67.099349976 -0.045747649 0.994292915 0.096368633 1.929850101 -0.270048082 -0.105187155 0.957082748 128.636856079
0.961446106 0.017232530 0.274451643 67.317459106 -0.043560054 0.994976521 0.090124041 1.981143832 -0.271519631 -0.098604560 0.957367182 129.392044067
