1.000000000 0.000000000 0.000000000 0.000000000 0.000000000 1.000000000 0.000000000 0.000000000 0.000000000 0.000000000 1.000000000 0.000000000
0.999998093 0.001090294 0.001632148 -0.009466399 -0.001082693 0.999988616 -0.004650380 -0.004429920 -0.001637200 0.004648604 0.999987841 0.955166221
0.999996185 -0.001003386 0.002584993 -0.011487193 0.001017501 0.999984562 -0.005464544 -0.009665363 -0.002579470 0.005467154 0.999981701 1.912398338
0.999992967 -0.002572015 0.002742123 -0.015318839 0.002575906 0.999995649 -0.001416654 -0.011020887 -0.002738467 0.001423708 0.999995172 2.857580423
0.999985158 -0.005078947 0.002003584 -0.011054480 0.005069785 0.999976754 0.004551296 -0.006655175 -0.002026654 -0.004541070 0.999987602 3.814172506
0.999963641 -0.008510588 0.000691714 -0.011582582 0.008507424 0.999953866 0.004454278 -0.002528693 -0.000729592 -0.004448230 0.999989808 4.742808342
0.999941170 -0.010860329 -0.000039581 -0.017855125 0.010860377 0.999939740 0.001581950 -0.001134699 0.000022398 -0.001582286 0.999998689 5.666807652
0.999935269 -0.011366300 -0.000734230 -0.022777233 0.011364895 0.999933600 -0.001890860 -0.002921876 0.000755672 0.001882394 0.999997914 6.586441517
0.999937057 -0.011126623 -0.001522733 -0.030230502 0.011122841 0.999935091 -0.002469349 -0.005273730 0.001550109 0.002452257 0.999995768 7.511618614
0.999941289 -0.010576398 -0.002420127 -0.041396812 0.010575165 0.999943912 -0.000521844 -0.005845482 0.002425510 0.000496221 0.999996901 8.425771713
0.999943078 -0.010216293 -0.003114088 -0.046685636 0.010223703 0.999944866 0.002372888 -0.003669747 0.003089673 -0.002404589 0.999992311 9.353017807
0.999939203 -0.010302315 -0.003950465 -0.056418844 0.010317249 0.999939561 0.003778792 -0.000284251 0.003911295 -0.003819319 0.999985039 10.265632629
0.999922514 -0.011642494 -0.004432165 -0.066548452 0.011662952 0.999921203 0.004617962 0.003861484 0.004378050 -0.004669295 0.999979496 11.178691864
0.999918640 -0.011644786 -0.005238416 -0.074566334 0.011668407 0.999921679 0.004501381 0.007880948 0.005185587 -0.004562138 0.999976099 12.080137253
0.999908805 -0.012151388 -0.005922837 -0.084830284 0.012170271 0.999920785 0.003162337 0.010672879 0.005883940 -0.003234130 0.999977410 12.981904030
0.999894023 -0.012536379 -0.007422495 -0.094133407 0.012545684 0.999920428 0.001208224 0.011724913 0.007406757 -0.001301214 0.999971688 13.879970551
0.999867558 -0.013684966 -0.008824740 -0.106961250 0.013684417 0.999906242 -0.000122754 0.011547577 0.008825590 0.000001978 0.999961019 14.776365280
0.999856472 -0.013315648 -0.010486539 -0.122309312 0.013307526 0.999911010 -0.000843995 0.010711408 0.010496842 0.000704326 0.999944568 15.673288345
0.999855876 -0.012138496 -0.011877824 -0.143547222 0.012118949 0.999925017 -0.001716367 0.009052087 0.011897763 0.001572174 0.999927878 16.564666748
0.999853790 -0.010650975 -0.013384273 -0.165180013 0.010628950 0.999941885 -0.001715797 0.007418194 0.013401767 0.001573287 0.999908864 17.456676483
0.999833345 -0.010858026 -0.014684710 -0.185618952 0.010844608 0.999940515 -0.000993175 0.006454641 0.014694618 0.000833761 0.999891579 18.346103668
0.999820292 -0.010186467 -0.015992394 -0.207953349 0.010193792 0.999947786 0.000376440 0.006700054 0.015987720 -0.000539394 0.999871969 19.222843170
0.999804735 -0.009715839 -0.017212939 -0.231650680 0.009732485 0.999952078 0.000883426 0.007392108 0.017203528 -0.001050777 0.999851346 20.100536346
0.999765277 -0.010832963 -0.018766759 -0.251672536 0.010846642 0.999940813 0.000627195 0.007903260 0.018758852 -0.000830602 0.999823570 20.977027893
0.999735713 -0.010848921 -0.020274211 -0.275701642 0.010854241 0.999940932 0.000152291 0.007965271 0.020271361 -0.000372310 0.999794304 21.843767166
0.999710977 -0.010855277 -0.021454817 -0.298008382 0.010870921 0.999940574 0.000612626 0.008451320 0.021446889 -0.000845681 0.999769509 22.704807281
0.999686778 -0.010811234 -0.022575229 -0.320102155 0.010869699 0.999937773 0.002468612 0.010532007 0.022547131 -0.002713223 0.999742031 23.559663773
0.999651253 -0.012150088 -0.023450954 -0.341697574 0.012275688 0.999910951 0.005219318 0.014920808 0.023385447 -0.005505373 0.999711275 24.404438019
0.999640524 -0.011796396 -0.024080396 -0.365801066 0.011964329 0.999904931 0.006841692 0.020585164 0.023997396 -0.007127337 0.999686539 25.238992691
0.999631703 -0.011245509 -0.024701605 -0.391712815 0.011391444 0.999918401 0.005775187 0.025302529 0.024634639 -0.006054445 0.999678075 26.066215515
0.999627531 -0.009672592 -0.025521442 -0.419407636 0.009753836 0.999947667 0.003060814 0.027718201 0.025490496 -0.003308605 0.999669492 26.877260208
0.999612570 -0.009365893 -0.026213270 -0.446493059 0.009402264 0.999954939 0.001264565 0.028668264 0.026200239 -0.001510539 0.999655485 27.674127579
0.999593139 -0.008547380 -0.027215717 -0.473593563 0.008575402 0.999962747 0.000913054 0.029338911 0.027206894 -0.001146068 0.999629080 28.461393356
0.999559045 -0.008795342 -0.028362103 -0.501300514 0.008810551 0.999961078 0.000411287 0.029610626 0.028357374 -0.000660991 0.999597549 29.241127014
0.999503970 -0.008320355 -0.030376077 -0.529607356 0.008311082 0.999965370 -0.000431582 0.029236898 0.030378608 0.000178910 0.999538362 30.013544083
0.999445021 -0.008229417 -0.032280378 -0.558888018 0.008212077 0.999966085 -0.000669735 0.028687773 0.032284785 0.000404275 0.999478519 30.775758743
0.999382079 -0.008067664 -0.034212451 -0.589987218 0.008081847 0.999967337 0.000276258 0.028852627 0.034209099 -0.000552586 0.999414444 31.528120041
0.999298692 -0.008952626 -0.036359958 -0.619645417 0.009056817 0.999955416 0.002701780 0.030860053 0.036334138 -0.003029190 0.999334991 32.278438568
0.999225438 -0.007960317 -0.038538076 -0.650391579 0.008127335 0.999958336 0.004179056 0.033940427 0.038503196 -0.004489030 0.999248266 33.019130707
0.999160230 -0.006335210 -0.040480159 -0.682861745 0.006518430 0.999969244 0.004395737 0.037127674 0.040451057 -0.004655912 0.999170542 33.747848511
0.999092758 -0.003409071 -0.042450018 -0.717313170 0.003564127 0.999987423 0.003577491 0.039669916 0.042437278 -0.003725541 0.999092042 34.461746216
0.999016464 -0.001716111 -0.044307273 -0.753986537 0.001838171 0.999994874 0.002714228 0.041595895 0.044302374 -0.002793001 0.999014139 35.173847198
0.998949587 -0.001469050 -0.045799822 -0.791447043 0.001646980 0.999991477 0.003847413 0.044258207 0.045793764 -0.003918801 0.998943090 35.867252350
0.998892725 -0.000037825 -0.047046416 -0.825400174 0.000309553 0.999983549 0.005768454 0.048222534 0.047045406 -0.005776628 0.998875916 36.553733826
0.998885810 0.002988947 -0.047097944 -0.864624619 -0.002694151 0.999976635 0.006321445 0.052532256 0.047115721 -0.006187510 0.998870134 37.231288910
0.998922169 0.006247220 -0.045994114 -0.902771711 -0.006056895 0.999972761 0.004276254 0.055410318 0.046019562 -0.003993062 0.998932421 37.892353058
0.998995662 0.008027456 -0.044082049 -0.943105459 -0.007977339 0.999967575 0.001312738 0.056352854 0.044091146 -0.000959761 0.999026954 38.537021637
0.999083400 0.008808763 -0.041890148 -0.975084066 -0.008842360 0.999960959 -0.000616801 0.056005694 0.041883070 0.000986644 0.999121904 39.174369812
0.999204874 0.010140453 -0.038558498 -1.006085634 -0.010143897 0.999948800 0.000106390 0.056138158 0.038557597 0.000284829 0.999256194 39.813041687
0.999261141 0.014978376 -0.035395212 -1.037968040 -0.014883857 0.999885201 0.002932494 0.058109317 0.035435069 -0.002403508 0.999368966 40.434375763
0.999315321 0.019347830 -0.031534594 -1.067069650 -0.019151367 0.999795616 0.006520357 0.062330026 0.031654302 -0.005911960 0.999481261 41.052917480
0.999333858 0.024405543 -0.027129579 -1.092903137 -0.024206756 0.999678135 0.007631911 0.067151666 0.027307106 -0.006970106 0.999602675 41.653999329
0.999365091 0.028279865 -0.021666640 -1.115117788 -0.028117560 0.999574840 0.007759648 0.071901985 0.021876868 -0.007145506 0.999734998 42.230594635
0.999358594 0.032154977 -0.015755914 -1.130376458 -0.032005731 0.999441564 0.009635028 0.077542737 0.016056931 -0.009124566 0.999829292 42.794670105
0.999271929 0.037024289 -0.009195079 -1.142522812 -0.036924291 0.999259830 0.010816875 0.083735950 0.009588763 -0.010469475 0.999899030 43.342826843
0.999188006 0.040226899 -0.002187512 -1.146752119 -0.040201820 0.999136686 0.010504529 0.089437895 0.002608193 -0.010408055 0.999942243 43.873847961
0.999028146 0.043762870 0.005208890 -1.150712490 -0.043815970 0.998984218 0.010557150 0.095006615 -0.004741580 -0.010775121 0.999930501 44.374050140
0.998756707 0.048213206 0.012657076 -1.148358941 -0.048341148 0.998781145 0.010003787 0.100088008 -0.012159325 -0.010603203 0.999869645 44.863399506
0.998413086 0.052548118 0.020241885 -1.144657969 -0.052704431 0.998584032 0.007266735 0.103724182 -0.019831358 -0.008322039 0.999768436 45.323081970
0.998111606 0.054536704 0.028262597 -1.134873867 -0.054674380 0.998496056 0.004120431 0.105690032 -0.027995361 -0.005657888 0.999591768 45.764320374
0.997834742 0.055004720 0.036056459 -1.118941188 -0.055180725 0.998469055 0.003903372 0.107276052 -0.035786536 -0.005884541 0.999341846 46.182357788
0.997545958 0.054406352 0.044065706 -1.098065257 -0.054687291 0.998490334 0.005193995 0.109202527 -0.043716572 -0.007591081 0.999014795 46.585376740
0.997078776 0.055951972 0.051991262 -1.076948166 -0.056333572 0.998394847 0.005902031 0.111326635 -0.051577546 -0.008813640 0.998629808 46.960048676
0.996405900 0.059004944 0.060774244 -1.057394505 -0.059486512 0.998210430 0.006143375 0.113573879 -0.060302965 -0.009736539 0.998132348 47.308937073
0.995547950 0.063677154 0.069493808 -1.037268043 -0.064228594 0.997919023 0.005727011 0.115529753 -0.068984479 -0.010164998 0.997565627 47.627029419
0.994656682 0.067274362 0.078307897 -1.011878371 -0.067938223 0.997672617 0.005841197 0.117140636 -0.077732645 -0.011130081 0.996911824 47.924888611
0.993917763 0.066583209 0.087715909 -0.983025670 -0.067419089 0.997703135 0.006598016 0.118681446 -0.087075077 -0.012471606 0.996123374 48.202190399
0.992985904 0.065358348 0.098524839 -0.954489589 -0.066171668 0.997795880 0.005006217 0.119743332 -0.097980432 -0.011490650 0.995121658 48.456710815
0.991829991 0.064105630 0.110288635 -0.914465725 -0.064556539 0.997914076 0.000518575 0.119195312 -0.110025279 -0.007634186 0.993899167 48.721164703
0.990194261 0.064879015 0.123716831 -0.880937099 -0.064938553 0.997883081 -0.003555716 0.118178569 -0.123685554 -0.004513139 0.992310882 48.978351593
0.988030493 0.066799246 0.139044955 -0.835777283 -0.066659309 0.997759879 -0.005668631 0.116073303 -0.139112070 -0.003667856 0.990269542 49.228111267
0.985513330 0.068404287 0.155191004 -0.787488580 -0.068158127 0.997650743 -0.006913170 0.113693625 -0.155299246 -0.003764503 0.987859964 49.474906921
0.982668161 0.068977073 0.172062114 -0.733563364 -0.068603225 0.997611105 -0.008125597 0.110906482 -0.172211483 -0.003819247 0.985052288 49.720798492
0.979383051 0.068376228 0.190087900 -0.676260352 -0.067862786 0.997652233 -0.009217095 0.107874043 -0.190271780 -0.003872824 0.981723487 49.951339722
0.975510597 0.067375824 0.209378600 -0.609710872 -0.066848829 0.997717083 -0.009601237 0.104478911 -0.209547415 -0.004630600 0.977787137 50.188121796
0.970962763 0.067537233 0.229499325 -0.537914455 -0.066805013 0.997705936 -0.010968002 0.100751817 -0.229713485 -0.004682179 0.973246634 50.429546356
0.965613842 0.069550358 0.250504583 -0.462930650 -0.068398915 0.997569382 -0.013310727 0.096556813 -0.250821352 -0.004281214 0.968023479 50.670211792
0.959353864 0.070882015 0.273158878 -0.379688650 -0.069271997 0.997476757 -0.015547117 0.091602847 -0.273571521 -0.004007068 0.961842835 50.909515381
0.952005744 0.071964219 0.297499537 -0.288215160 -0.070151627 0.997395277 -0.016780004 0.086172707 -0.297932059 -0.004895410 0.954574049 51.147865295
0.943416238 0.074711166 0.323084682 -0.189083740 -0.072874852 0.997182369 -0.017795233 0.080394037 -0.323503703 -0.006756429 0.946202338 51.391166687
0.933467627 0.076817855 0.350338191 -0.084664084 -0.074924715 0.997008622 -0.018976768 0.074346825 -0.350747794 -0.008534782 0.936430633 51.624584198
0.922223032 0.077584557 0.378793925 0.030828580 -0.075485662 0.996937931 -0.020413168 0.067610718 -0.379217565 -0.009768008 0.925255537 51.854412079
0.909530282 0.075757191 0.408674628 0.164761722 -0.072859749 0.997084379 -0.022678614 0.059524648 -0.409200907 -0.009149035 0.912397981 52.082187653
0.894600332 0.073088028 0.440848887 0.309453607 -0.068863764 0.997297645 -0.025598301 0.050595541 -0.441528291 -0.007458256 0.897215843 52.306137085
0.877221704 0.072634876 0.474558353 0.464133441 -0.066268764 0.997346103 -0.030153770 0.040446199 -0.475488931 -0.004996845 0.879706979 52.528827667
0.857619107 0.074650779 0.508837879 0.625186682 -0.065774269 0.997205019 -0.035439316 0.029057473 -0.510061085 -0.003074999 0.860132158 52.745368958
0.835772157 0.076522402 0.543717325 0.797083735 -0.065219142 0.997065902 -0.040075134 0.016285174 -0.545188487 -0.001967092 0.838310599 52.958457947
0.811087430 0.079584897 0.579484940 0.988638937 -0.066430181 0.996823907 -0.043920841 0.001637067 -0.581139743 -0.002871638 0.813798130 53.182487488
0.783612013 0.083506949 0.615612090 1.197216034 -0.069253489 0.996490359 -0.047019910 -0.014506848 -0.617377818 -0.005787906 0.786644876 53.412345886
0.753648698 0.087795407 0.651386976 1.425790191 -0.072836936 0.996090531 -0.049983703 -0.032390915 -0.653228521 -0.009774864 0.757097006 53.642898560
0.720632672 0.089013748 0.687578738 1.678711653 -0.072648771 0.995959163 -0.052795425 -0.052303787 -0.689499736 -0.011905627 0.724187434 53.868095398
0.684163034 0.086856760 0.724138319 1.961779594 -0.069228165 0.996134102 -0.054074846 -0.074068606 -0.726035535 -0.013134740 0.687531054 54.089317322
0.645127535 0.085753240 0.759247243 2.274345875 -0.066417128 0.996214390 -0.056083370 -0.097813867 -0.761182249 -0.014246074 0.648380876 54.310306549
0.602680802 0.085552454 0.793382645 2.603248835 -0.064422272 0.996207178 -0.058486219 -0.122646913 -0.795377076 -0.015862970 0.605906487 54.524616241
0.556682885 0.085501686 0.826312900 2.957072973 -0.060735893 0.996215940 -0.062164791 -0.149844110 -0.828501284 -0.015580756 0.559769511 54.727321625
0.508694708 0.084454313 0.856794357 3.337258101 -0.057511915 0.996287286 -0.064058334 -0.178931832 -0.859023333 -0.016689727 0.511663377 54.914775848
0.460188836 0.082463346 0.883982718 3.739600420 -0.055602487 0.996399105 -0.064004458 -0.208750844 -0.886077642 -0.019697478 0.463117093 55.090782166
0.410598427 0.080243364 0.908278227 4.166024208 -0.055362187 0.996475995 -0.063008256 -0.239084646 -0.910133421 -0.024413157 0.413594097 55.254253387
0.360452414 0.079840951 0.929353952 4.604493618 -0.058083728 0.996317387 -0.063065931 -0.269497365 -0.930966794 -0.031248057 0.363762617 55.404891968
0.311231732 0.080138594 0.946948707 5.059459209 -0.055651940 0.996264756 -0.066021174 -0.301990509 -0.948702514 -0.032151632 0.314529210 55.532058716
0.264331579 0.077014968 0.961351514 5.546281338 -0.044251006 0.996724844 -0.067681648 -0.337267607 -0.963415563 -0.024650358 0.266873986 55.626625061
0.220322460 0.071515277 0.972801507 6.049608707 -0.030757766 0.997321784 -0.066351846 -0.372235388 -0.974941432 -0.015302379 0.221932203 55.699916840
0.178103358 0.070721745 0.981466711 6.566903591 -0.021544186 0.997454822 -0.067964315 -0.408352613 -0.983775318 -0.009040207 0.179173857 55.761722565
0.139784634 0.072494946 0.987524152 7.078375816 -0.017659219 0.997339845 -0.070715912 -0.445140868 -0.990023851 -0.007553887 0.140693128 55.813194275
0.107217886 0.073228545 0.991534710 7.620125771 -0.008585437 0.997314572 -0.072727092 -0.484894365 -0.994197905 -0.000715092 0.107558802 55.847957611
0.078377381 0.071647502 0.994345427 8.175105095 -0.001408674 0.997420728 -0.071758114 -0.524851024 -0.996922195 0.004223526 0.078276291 55.869422913
0.053534500 0.069957145 0.996112108 8.747487068 0.005934670 0.997502685 -0.070373803 -0.565149724 -0.998547792 0.009679046 0.052985765 55.885517120
0.033594605 0.069119304 0.997042239 9.324276924 0.010715771 0.997523069 -0.069513746 -0.605198383 -0.999377489 0.013019386 0.032770853 55.891826630
0.017754119 0.070970185 0.997319996 9.907712936 0.013524516 0.997368932 -0.071214467 -0.646706998 -0.999750257 0.014752645 0.016747691 55.891338348
0.004372758 0.070636906 0.997492075 10.493535042 0.014345098 0.997394562 -0.070692919 -0.688108504 -0.999886870 0.014618270 0.003348191 55.885379791
-0.007107238 0.071593881 0.997408152 11.094326019 0.015394264 0.997322977 -0.071478106 -0.731119454 -0.999855518 0.014846379 -0.008190230 55.877490997
-0.016166430 0.074531682 0.997087181 11.715889931 0.020101964 0.997040212 -0.074202269 -0.777292073 -0.999666452 0.018843854 -0.017616697 55.862087250
-0.022664631 0.076538615 0.996808589 12.338441849 0.024313813 0.996811986 -0.075986080 -0.824621856 -0.999446630 0.022514049 -0.024453204 55.841194153
-0.027220657 0.076004721 0.996735454 12.978958130 0.024590444 0.996854126 -0.075342230 -0.873017073 -0.999326169 0.022459332 -0.029003896 55.821632385
-0.030938320 0.073276035 0.996831357 13.629869461 0.022227984 0.997112572 -0.072606847 -0.920594811 -0.999273300 0.019911248 -0.032477647 55.808780670
-0.033493996 0.066518657 0.997222483 14.296151161 0.020082600 0.997625649 -0.065871052 -0.964727819 -0.999236345 0.017820565 -0.034750216 55.792396545
-0.034731727 0.060910948 0.997538388 14.973015785 0.021220881 0.997960508 -0.060197890 -1.005633712 -0.999170542 0.019077897 -0.035953358 55.771114349
-0.035229053 0.058422789 0.997669756 15.660009384 0.023810716 0.998055100 -0.057604589 -1.045244098 -0.999094784 0.021725904 -0.036551502 55.743370056
-0.034925204 0.060623165 0.997549117 16.348085403 0.026976634 0.997851551 -0.059697088 -1.086323619 -0.999024928 0.024825614 -0.036485456 55.714286804
-0.034101721 0.068185441 0.997089207 17.040742874 0.027544469 0.997354627 -0.067261554 -1.133101940 -0.999037862 0.025170589 -0.035889518 55.691463470
-0.031901736 0.076175168 0.996583521 17.741622925 0.028259195 0.996761143 -0.075284146 -1.186054826 -0.999090552 0.025760986 -0.033950936 55.667850494
-0.029801540 0.076949604 0.996589005 18.450935364 0.028883627 0.996681809 -0.076093063 -1.240355015 -0.999137521 0.026517449 -0.031925112 55.650455475
-0.027589360 0.072719015 0.996970296 19.182590485 0.028136402 0.997011304 -0.071943395 -1.293266416 -0.999222398 0.026066322 -0.029552830 55.633117676
-0.025156947 0.066238053 0.997486174 19.918264389 0.027442358 0.997471750 -0.065545000 -1.341751933 -0.999305844 0.025724499 -0.026910948 55.618865967
-0.022368755 0.064802341 0.997646868 20.651388168 0.025414718 0.997610927 -0.064230189 -1.389199138 -0.999425769 0.023918202 -0.023962125 55.611576080
-0.018836142 0.070164576 0.997357070 21.377151489 0.033072185 0.997031868 -0.069517113 -1.439602494 -0.999274492 0.031675383 -0.021100609 55.590454102
-0.015702525 0.075878099 0.996992946 22.110309601 0.034495298 0.996563435 -0.075302131 -1.495030165 -0.999280512 0.033209171 -0.018265879 55.578605652
-0.013262359 0.076493509 0.996981382 22.844467163 0.028441124 0.996694505 -0.076093175 -1.551496863 -0.999506533 0.027346134 -0.015393963 55.583061218
-0.010236910 0.072958112 0.997281969 23.573066711 0.023717869 0.997071385 -0.072699256 -1.604959965 -0.999665320 0.022909226 -0.011937220 55.589576721
-0.005435614 0.069233008 0.997585177 24.304105759 0.027674176 0.997228324 -0.069057450 -1.655562282 -0.999601245 0.027232017 -0.007336394 55.584068298
-0.001825561 0.070289142 0.997524440 25.036659241 0.032319311 0.997009277 -0.070193693 -1.707048059 -0.999475002 0.032111201 -0.004091677 55.579124451
0.000859796 0.074959442 0.997185647 25.771080017 0.031829849 0.996678889 -0.074948788 -1.762423158 -0.999491990 0.031804755 -0.001528887 55.583507538
0.004733103 0.075725287 0.997116864 26.488332748 0.028157495 0.996722817 -0.075829014 -1.817359447 -0.999591351 0.028435268 0.002585478 55.599052429
0.008163471 0.075348049 0.997123241 27.235353470 0.027245210 0.996769786 -0.075544395 -1.874306321 -0.999594510 0.027783586 0.006084348 55.616195679
0.011764867 0.072350375 0.997309268 27.980300903 0.031140663 0.996868312 -0.072685733 -1.928617239 -0.999444842 0.031912059 0.009475104 55.623828888
0.015447746 0.072873160 0.997220933 28.718795776 0.035463065 0.996672869 -0.073382452 -1.982871413 -0.999250650 0.036498159 0.012812162 55.630874634
0.019015109 0.073811695 0.997090220 29.457111359 0.038219742 0.996488273 -0.074496008 -2.038014412 -0.999087453 0.039525136 0.016127389 55.642337799
0.021707851 0.073831216 0.997033775 30.202251434 0.038654491 0.996461451 -0.074630439 -2.094006062 -0.999015868 0.040159956 0.018777249 55.661731720
0.025116421 0.072347045 0.997062504 30.952896118 0.039904144 0.996510029 -0.073312156 -2.149439573 -0.998886824 0.041628323 0.022141941 55.684146881
0.028792657 0.071460925 0.997026980 31.699460983 0.041717075 0.996486008 -0.072626866 -2.203877211 -0.998713493 0.043684229 0.025710458 55.704658508
0.031597439 0.071892671 0.996910989 32.434761047 0.039948300 0.996521592 -0.073130772 -2.258314610 -0.998700976 0.042135701 0.028615663 55.737541199
0.034693450 0.073579431 0.996684909 33.173641205 0.037083078 0.996504128 -0.074856915 -2.314122438 -0.998708725 0.039557245 0.031843737 55.769042969
0.037261352 0.073611490 0.996589839 33.922363281 0.038626343 0.996431470 -0.075043999 -2.370690107 -0.998557746 0.041290913 0.034285165 55.799346924
0.039996196 0.073503830 0.996491790 34.674316406 0.036216263 0.996528268 -0.074960142 -2.427482367 -0.998542309 0.039087377 0.037195433 55.833206177
0.042189326 0.073841669 0.996376336 35.427349091 0.034507822 0.996561944 -0.075316586 -2.484775066 -0.998512566 0.037560385 0.039496299 55.872890472
0.044904005 0.073935263 0.996250749 36.182357788 0.031411588 0.996659398 -0.075381421 -2.542224169 -0.998496413 0.034678794 0.042431716 55.914283752
0.048175864 0.075820543 0.995956123 36.939758301 0.030059937 0.996552527 -0.077320002 -2.601259708 -0.998385549 0.033663385 0.045730758 55.956039429
0.051350936 0.079432346 0.995515883 37.678787231 0.028773677 0.996299803 -0.080979116 -2.661711454 -0.998265147 0.032803055 0.048875514 56.002540588
0.054778036 0.081612952 0.995156765 38.439151764 0.028718693 0.996112406 -0.083272137 -2.725465059 -0.998084545 0.033141136 0.052221410 56.046298981
0.057386246 0.083957396 0.994814754 39.207756042 0.022350255 0.996099293 -0.085355103 -2.791815042 -0.998100936 0.027132617 0.055286080 56.103828430
0.060088485 0.083240837 0.994715393 39.980842590 0.018772190 0.996245801 -0.084502906 -2.857697248 -0.998015583 0.023750683 0.058300443 56.157825470
0.063892491 0.083806485 0.994430840 40.749382019 0.020710371 0.996141016 -0.085281275 -2.923739672 -0.997740865 0.026043911 0.061910428 56.210769653
0.067666754 0.084913671 0.994087219 41.527782440 0.019628847 0.996064901 -0.086418740 -2.991509438 -0.997513831 0.025360506 0.065733880 56.266227722
0.071299583 0.086042911 0.993736148 42.308967590 0.015343293 0.996059418 -0.087344944 -3.060387611 -0.997335911 0.021474885 0.069698587 56.331016541
0.075510196 0.084246829 0.993579030 43.104774475 0.014088880 0.996234357 -0.085542724 -3.128891468 -0.997044384 0.020457804 0.074039057 56.389755249
0.080443785 0.084001757 0.993212461 43.901157379 0.014458979 0.996238828 -0.085428812 -3.197407007 -0.996653140 0.021233097 0.078926787 56.453811646
0.085620821 0.087720953 0.992457807 44.690402985 0.011034525 0.995971441 -0.088983484 -3.268282413 -0.996265531 0.018570181 0.084308073 56.526866913
0.091661014 0.096256539 0.991126299 45.480617523 0.009169774 0.995192766 -0.097499505 -3.346177101 -0.995746911 0.018025350 0.090337873 56.607707977
0.098853752 0.101025276 0.989959717 46.266841888 0.007308583 0.994732141 -0.102242097 -3.427522182 -0.995073974 0.017342262 0.097594790 56.693500519
0.106229424 0.103981942 0.988889039 47.061889648 0.002898707 0.994479954 -0.104881212 -3.511936188 -0.994336247 0.014008014 0.105341762 56.784687042
0.113127671 0.102461681 0.988282442 47.870639801 -0.001120160 0.994680524 -0.102996781 -3.596354485 -0.993578672 0.010544793 0.112640791 56.889320374
0.120553561 0.100945510 0.987560272 48.670192719 -0.001218163 0.994830132 -0.101539917 -3.678693056 -0.992704928 0.011038029 0.120053411 56.998172760
0.127753556 0.097784206 0.986972988 49.470802307 -0.001409277 0.995144188 -0.098411366 -3.758692503 -0.991803765 0.011181523 0.127271146 57.116584778
0.135256663 0.092334390 0.986498058 50.271415710 -0.003038560 0.995681584 -0.092777357 -3.834125280 -0.990804732 0.009551261 0.134953275 57.240432739
0.142305151 0.085150383 0.986152649 51.082019806 -0.005625683 0.996345699 -0.085218713 -3.904262304 -0.989805639 0.006579316 0.142264307 57.370727539
0.149945900 0.082433723 0.985250890 51.888580322 -0.005157169 0.996569037 -0.082595825 -3.971941471 -0.988679588 0.007303837 0.149856716 57.502052307
0.157376736 0.084195092 0.983942091 52.683341980 -0.005658466 0.996418715 -0.084357671 -4.040067673 -0.987521231 0.007708368 0.157289699 57.627521515
0.163250402 0.090830050 0.982393742 53.457916260 -0.005006427 0.995815635 -0.091239072 -4.112056732 -0.986570776 0.009976570 0.163022190 57.761150360
0.168250769 0.094345748 0.981218040 54.231010437 -0.006562130 0.995493531 -0.094593167 -4.186665535 -0.985721171 0.009476529 0.168111816 57.901958466
0.173164278 0.097311996 0.980072856 54.994182587 -0.008214130 0.995214045 -0.097364090 -4.262548447 -0.984857440 0.008809573 0.173135027 58.044292450
0.178489730 0.096890397 0.979158759 55.752174377 -0.010435881 0.995269418 -0.096582264 -4.337349415 -0.983885169 0.007020593 0.178656667 58.187393188
0.183831900 0.093962044 0.978455484 56.504932404 -0.006454161 0.995513737 -0.094387569 -4.409973145 -0.982935190 0.011036373 0.183613792 58.329414368
0.188341662 0.087331422 0.978212059 57.264202118 -0.005851488 0.996119797 -0.087803550 -4.478156090 -0.982084811 0.010813106 0.188122034 58.478328705
0.191572532 0.081032887 0.978126645 58.010044098 -0.007665010 0.996678293 -0.081068553 -4.540058136 -0.981447160 0.008033193 0.191557452 58.634998322
0.194692329 0.077759080 0.977776289 58.751541138 -0.011355862 0.996963859 -0.077023841 -4.598512173 -0.980797291 0.003892492 0.194984362 58.793922424
0.197806746 0.077756085 0.977151215 59.479309082 -0.012865179 0.996968269 -0.076728687 -4.655686855 -0.980155230 0.002606257 0.198207512 58.952388763
0.199800804 0.079840034 0.976577342 60.192756653 -0.014838755 0.996806204 -0.078457944 -4.713015079 -0.979722738 0.001184801 0.200347543 59.107135773
0.201169685 0.084199972 0.975929916 60.887001038 -0.018756371 0.996446490 -0.082103804 -4.771396160 -0.979375422 -0.001788077 0.202034250 59.264572144
0.203124717 0.088378653 0.975155175 61.575122833 -0.019920724 0.996084273 -0.086125985 -4.832154274 -0.978948832 -0.001931450 0.204090044 59.417354584
0.205169693 0.093505047 0.974248528 62.258869171 -0.020690156 0.995616972 -0.091198727 -4.896148205 -0.978506327 -0.001446111 0.206205219 59.569812775
0.206742689 0.095581375 0.973714352 62.930339813 -0.019966396 0.995420814 -0.093472779 -4.960606098 -0.978190243 -0.000116724 0.207704544 59.717395782
0.208002061 0.095630743 0.973441303 63.596851349 -0.022630056 0.995412409 -0.092953674 -5.024221897 -0.977865219 -0.002694446 0.209212139 59.871498108
0.208377644 0.092670649 0.973647237 64.256225586 -0.022848273 0.995689750 -0.089878716 -5.085066319 -0.977780163 -0.003517413 0.209597051 60.020061493
0.209106043 0.090108946 0.973731577 64.902130127 -0.022765692 0.995923281 -0.087273724 -5.142944813 -0.977626562 -0.003918181 0.210305184 60.162910461
0.209047839 0.088838570 0.973860741 65.545433044 -0.021590676 0.996040583 -0.086227275 -5.199904919 -0.977665663 -0.003000659 0.210138440 60.301357269
0.207511991 0.088221118 0.974245310 66.172737122 -0.022010904 0.996093154 -0.085511260 -5.254953861 -0.977983415 -0.003699380 0.208643317 60.438591003
0.205922514 0.088996522 0.974512041 66.785888672 -0.023097605 0.996019602 -0.086079985 -5.309095860 -0.978294253 -0.004783059 0.207158685 60.572750092
0.203735232 0.091819599 0.974709868 67.389495850 -0.023809144 0.995761693 -0.088826112 -5.364083290 -0.978735089 -0.005109971 0.205058098 60.703586578
0.201686963 0.095603652 0.974772036 67.981727600 -0.021905743 0.995415270 -0.093095861 -5.420648575 -0.979203701 -0.002576852 0.202856764 60.825454712
0.200118437 0.096016251 0.975054681 68.568229675 -0.019651573 0.995378792 -0.093984380 -5.477182388 -0.979573309 -0.000353321 0.201080739 60.941921234
0.197920918 0.095025957 0.975600064 69.152671814 -0.020392086 0.995472670 -0.092824653 -5.532786846 -0.980004489 -0.001522551 0.198962897 61.063182831
0.195457146 0.092102222 0.976376832 69.734451294 -0.020474954 0.995745659 -0.089830503 -5.586308479 -0.980497122 -0.002433229 0.196511641 61.182205200
0.193369299 0.088185005 0.977153897 70.303047180 -0.020081107 0.996098638 -0.085920863 -5.636303902 -0.980919182 -0.003007849 0.194385991 61.295703888
0.191837892 0.087093212 0.977553606 70.867973328 -0.016054433 0.996198893 -0.085603833 -5.685770512 -0.981293976 0.000728017 0.192507178 61.401927948
0.190159455 0.088463254 0.977758527 71.415939331 -0.012240907 0.996067345 -0.087739095 -5.734920979 -0.981675565 0.004715797 0.190494731 61.504180908
0.187766135 0.090524979 0.978032291 71.964912415 -0.008078830 0.995851576 -0.090623297 -5.785735130 -0.982179284 0.009114663 0.187718764 61.603748322
0.186106950 0.092541598 0.978160679 72.507514954 -0.008643900 0.995669365 -0.092553444 -5.837084770 -0.982490122 0.008769749 0.186101124 61.707939148
0.184925437 0.095248789 0.978124917 73.043624878 -0.008854290 0.995412409 -0.095258221 -5.889312744 -0.982711315 0.008955101 0.184920639 61.811138153
0.183597192 0.093724228 0.978522301 73.587944031 -0.007265662 0.995545626 -0.093991511 -5.941619873 -0.982973397 0.010146998 0.183460563 61.915401459
0.184410378 0.092258938 0.978508592 74.130905151 -0.001204771 0.995604157 -0.093643725 -5.993484974 -0.982847273 0.016090035 0.183711126 62.011363983
0.187040865 0.090288736 0.978193045 74.681221008 0.003990613 0.995688319 -0.092666604 -6.045401096 -0.982342660 0.021236075 0.185874343 62.105773926
0.188939109 0.089772299 0.977875710 75.223396301 0.006693644 0.995670795 -0.092699222 -6.096876144 -0.981964588 0.024060108 0.187520489 62.213008881
0.192241162 0.089409024 0.977265239 75.770942688 0.004129427 0.995757580 -0.091913156 -6.148532867 -0.981337667 0.021705084 0.191056639 62.327354431
0.197722137 0.090028621 0.976114094 76.316711426 0.002988147 0.995712757 -0.092441484 -6.200406551 -0.980252206 0.021194547 0.196605682 62.446105957
0.204183921 0.089022294 0.974875331 76.876365662 0.004044549 0.995770454 -0.091777436 -6.253212929 -0.978922844 0.022682456 0.202960506 62.567844391
0.211919829 0.089510746 0.973178208 77.442420959 0.002325657 0.995746851 -0.092092946 -6.306912899 -0.977283001 0.021779647 0.210810572 62.696548462
0.220353842 0.087346859 0.971500218 78.009872437 0.002908254 0.995918393 -0.090201885 -6.359795094 -0.975414336 0.022701746 0.219200671 62.833148956
0.229187995 0.087016761 0.969483793 78.588317871 -0.000636720 0.996008456 -0.089246944 -6.413332939 -0.973380625 0.019837083 0.228328854 62.983856201
0.238835663 0.086791061 0.967172563 79.167724609 -0.001765720 0.996034086 -0.088944934 -6.466798306 -0.971057057 0.019535512 0.238041997 63.135707855
0.248381108 0.090725079 0.964403331 79.750480652 -0.007217188 0.995748997 -0.091815069 -6.522549629 -0.968634188 0.015844895 0.247980326 63.302566528
0.258045971 0.092941023 0.961650789 80.340637207 -0.010674656 0.995574653 -0.093355253 -6.579952240 -0.966072321 0.013824696 0.257896453 63.468845367
0.268783242 0.095747679 0.958428919 80.933105469 -0.015061434 0.995342195 -0.095211461 -6.638955116 -0.963081539 0.011155969 0.268973708 63.648166656
0.279060364 0.097469017 0.955313087 81.540710449 -0.016378345 0.995172858 -0.096751466 -6.700593948 -0.960132480 0.011353090 0.279309988 63.834781647
0.288911670 0.098193973 0.952305615 82.154457092 -0.019782331 0.995124936 -0.096607529 -6.762952328 -0.957149923 0.009072251 0.289446026 64.031898499
0.299309015 0.098535396 0.949053705 82.781272888 -0.020662339 0.995088458 -0.096798517 -6.826982498 -0.953931034 0.009363031 0.299875259 64.240409851
0.309375912 0.099670425 0.945701003 83.422424316 -0.025225554 0.995001197 -0.096614040 -6.892555237 -0.950603783 0.006034256 0.310344011 64.462699890
0.319859535 0.094823852 0.942706883 84.080482483 -0.024698410 0.995474577 -0.091751412 -6.956650734 -0.947141588 0.006064232 0.320754409 64.694564819
0.330825865 0.087802321 0.939597189 84.740974426 -0.021155180 0.996100962 -0.085633799 -7.016806126 -0.943453252 0.008452557 0.331393838 64.922660828
0.341831803 0.083541051 0.936039388 85.395042419 -0.020084001 0.996461749 -0.081599221 -7.073842525 -0.939545095 0.009093824 0.342300534 65.163803101
0.352135837 0.080348223 0.932492554 86.069946289 -0.020997835 0.996734619 -0.077954240 -7.130314827 -0.935711920 0.007870187 0.352673531 65.425628662
0.361733347 0.077894427 0.929020643 86.757644653 -0.014986052 0.996859252 -0.077747270 -7.187813282 -0.932159722 0.014201463 0.361764967 65.689697266
0.370627731 0.072522849 0.925944626 87.452461243 -0.008667370 0.997172236 -0.074632332 -7.243562698 -0.928739607 0.019635346 0.370208710 65.954612732
0.377719730 0.063153714 0.923762560 88.165435791 0.000430075 0.997657955 -0.068381488 -7.296105862 -0.925918400 0.026226368 0.376808405 66.236495972
0.384805501 0.059017766 0.921107709 88.897811890 0.005616316 0.997784257 -0.066276930 -7.348544121 -0.922979116 0.030677008 0.383621901 66.533088684
0.392337978 0.059096180 0.917919636 89.616760254 0.007332702 0.997700155 -0.067366652 -7.401081085 -0.919790387 0.033161376 0.391002804 66.832496643
0.399807990 0.065260343 0.914271593 90.330070496 0.009822235 0.997098625 -0.075467743 -7.459844112 -0.916544855 0.039152849 0.398007482 67.140045166
0.407121897 0.069653019 0.910713017 91.034637451 0.013424822 0.996522784 -0.082217313 -7.523087978 -0.913273811 0.045698684 0.404771626 67.445274353
0.412488401 0.071686611 0.908136725 91.721786499 0.011670418 0.996399999 -0.083954833 -7.586621761 -0.910886705 0.045228783 0.410167307 67.755813599
0.417000055 0.073211752 0.905951977 92.404289246 0.004849162 0.996555984 -0.082765684 -7.649411678 -0.908892214 0.038906448 0.415209383 68.079833984
0.420749098 0.076892145 0.903911412 93.094505310 -0.001916650 0.996473253 -0.083873890 -7.714372635 -0.907173634 0.033557422 0.419413149 68.427291870
0.424648762 0.079991259 0.901816487 93.779045105 -0.002803537 0.996199310 -0.087042943 -7.780924320 -0.905352414 0.034434441 0.423259616 68.762474060
0.428566039 0.084207512 0.899576783 94.453514099 -0.006155134 0.995895028 -0.090291359 -7.849119663 -0.903488100 0.033158828 0.427325636 69.097824097
0.431859046 0.087292343 0.897705913 95.112014771 -0.009284083 0.995681643 -0.092353195 -7.917402267 -0.901892006 0.031549223 0.430805087 69.430801392
0.435745627 0.085716702 0.895977974 95.762908936 -0.010450028 0.995868266 -0.090190873 -7.983281612 -0.900007784 0.029937318 0.434841543 69.758636475
0.439629495 0.082762688 0.894356906 96.413360596 -0.009732070 0.996124685 -0.087396309 -8.047173500 -0.898125052 0.029718086 0.438731790 70.088775635
0.442968428 0.080176830 0.892943859 97.046981812 -0.010302094 0.996381223 -0.084353827 -8.107307434 -0.896476567 0.028166926 0.442191958 70.412368774
0.446604788 0.079110615 0.891225934 97.673538208 -0.011194274 0.996498108 -0.082845666 -8.165822983 -0.894659877 0.027022677 0.445926994 70.735931396
0.449868441 0.080871202 0.889424622 98.287406921 -0.013281975 0.996386051 -0.083878763 -8.224031448 -0.892994702 0.025921121 0.449317336 71.058227539
0.452636063 0.081384264 0.887972534 98.891120911 -0.012623922 0.996309936 -0.084878691 -8.281858444 -0.891604602 0.027209496 0.451993793 71.369888306
0.454929411 0.079516396 0.886969209 99.494178772 -0.010566292 0.996416032 -0.083908811 -8.338806152 -0.890463412 0.028800644 0.454139739 71.675094604
0.456581086 0.078261301 0.886231840 100.081497192 -0.008648016 0.996465445 -0.083540447 -8.394370079 -0.889638364 0.030478878 0.455644637 71.983596802
0.458346218 0.078277811 0.885318816 100.660621643 -0.010298697 0.996513367 -0.082777604 -8.448745728 -0.888712645 0.028823206 0.457554877 72.290779114
0.460348517 0.077692665 0.884330869 101.231567383 -0.008792286 0.996511698 -0.082971409 -8.502337456 -0.887693346 0.030420512 0.459426343 72.588150024
0.462865293 0.079539470 0.882851779 101.794029236 -0.009405331 0.996349275 -0.084833875 -8.556816101 -0.886377394 0.030963179 0.461924136 72.896324158
0.465760529 0.079654694 0.881317437 102.348731995 -0.006508673 0.996220410 -0.086600125 -8.611240387 -0.884885550 0.034598749 0.464519143 73.186332703
0.468726933 0.079075970 0.879795551 102.893157959 -0.004872541 0.996199965 -0.086942509 -8.665262222 -0.883328259 0.036465492 0.467331588 73.481552124
0.472095191 0.077138379 0.878165126 103.427947998 -0.001704794 0.996240795 -0.086593755 -8.717792511 -0.881544530 0.039383441 0.470452517 73.762893677
0.475478470 0.076209612 0.876419127 103.948944092 -0.000214526 0.996249199 -0.086513169 -8.769289017 -0.879725933 0.040947173 0.473711908 74.046150208
0.478648096 0.075792000 0.874728382 104.460815430 0.000920058 0.996221900 -0.086822465 -8.820244789 -0.878004909 0.042362243 0.476770490 74.328643799
0.482287228 0.074950486 0.872799933 104.969810486 0.001654681 0.996251941 -0.086466148 -8.870754242 -0.876010120 0.043145761 0.480356097 74.610733032
0.485649943 0.074423440 0.870978534 105.473747253 0.003352799 0.996201813 -0.086993076 -8.921296120 -0.874145508 0.045168433 0.483556360 74.895126343
0.489846170 0.075759359 0.868510008 105.968414307 0.002779372 0.996074855 -0.088454381 -8.971431732 -0.871803105 0.045742981 0.487713397 75.167579651
0.493991673 0.075908519 0.866145790 106.465728760 0.004767994 0.995928705 -0.090002030 -9.023464203 -0.869452178 0.048590064 0.491619051 75.457138062
0.498807341 0.079320908 0.863074660 106.953948975 0.002634091 0.995658517 -0.093028449 -9.076341629 -0.866707563 0.048676722 0.496433318 75.743141174
0.504075885 0.085174985 0.859448195 107.434371948 -0.001011406 0.995181084 -0.098033562 -9.131820679 -0.863657475 0.048547134 0.501733422 76.037536621
0.510000050 0.092259996 0.855211377 107.908615112 -0.006133770 0.994594634 -0.103638858 -9.189717293 -0.860151112 0.047610186 0.507809699 76.328033447
0.516059637 0.098679855 0.850848496 108.376022339 -0.011450545 0.994046211 -0.108342707 -9.249733925 -0.856474698 0.046168651 0.514117599 76.621215820
0.522449195 0.103014447 0.846423805 108.848533630 -0.015110455 0.993636370 -0.111604281 -9.312612534 -0.852535129 0.045517750 0.520681679 76.924446106
0.527874231 0.103217065 0.843026400 109.331008911 -0.019191056 0.993782580 -0.109658390 -9.375867844 -0.849104345 0.041707300 0.526573598 77.237648010
0.533251703 0.102282844 0.839749575 109.815963745 -0.025563546 0.994157255 -0.104856841 -9.437117577 -0.845568955 0.034448136 0.532751262 77.565368652
0.538868129 0.099838443 0.836452007 110.308250427 -0.031778608 0.994652927 -0.098248541 -9.495529175 -0.841789126 0.026361752 0.539160073 77.904907227
0.544445932 0.098218828 0.833024800 110.807960510 -0.038209416 0.994992435 -0.092343114 -9.551354408 -0.837923884 0.018446462 0.545473039 78.255371094
0.550421119 0.096269466 0.829317451 111.307449341 -0.040685527 0.995241106 -0.088527292 -9.604937553 -0.833893955 0.014986088 0.551719010 78.605194092
0.556536376 0.099932410 0.824790537 111.810035706 -0.045878269 0.994920254 -0.089588709 -9.659729958 -0.829554319 0.012019424 0.558294535 78.962112427
0.562366903 0.103983767 0.820322752 112.321380615 -0.049857698 0.994519293 -0.091885306 -9.717249870 -0.825382113 0.010773858 0.564469576 79.336456299
0.568234622 0.107567661 0.815804601 112.840103149 -0.053015605 0.994143605 -0.094155461 -9.777383804 -0.821155727 0.010252024 0.570609987 79.725059509
0.574405193 0.109764740 0.811177492 113.367454529 -0.055439573 0.993908644 -0.095233664 -9.839452744 -0.816690326 0.009731382 0.576992035 80.116157532
