1.000000000 0.000000000 0.000000000 0.000000000 0.000000000 1.000000000 0.000000000 0.000000000 0.000000000 0.000000000 1.000000000 0.000000000
0.999998093 0.001090293 0.001632148 -0.009463779 -0.001082693 0.999988616 -0.004650380 -0.002027496 -0.001637200 0.004648604 0.999987841 0.955177426
0.999996185 -0.001003386 0.002584993 -0.011490986 0.001017501 0.999984562 -0.005464544 -0.000877229 -0.002579470 0.005467154 0.999981701 1.912444353
0.999992967 -0.002572837 0.002741699 -0.015304794 0.002576727 0.999995649 -0.001416489 -0.002423692 -0.002738043 0.001423544 0.999995172 2.857542992
0.999985039 -0.005088672 0.002010329 -0.011077184 0.005079491 0.999976754 0.004545694 -0.005720119 -0.002033415 -0.004535415 0.999987543 3.814280272
0.999963462 -0.008523632 0.000699941 -0.011695114 0.008520435 0.999953747 0.004449616 -0.002463317 -0.000737836 -0.004443489 0.999989808 4.742618084
0.999940932 -0.010873348 -0.000031317 -0.017962471 0.010873383 0.999939620 0.001577278 -0.000848542 0.000014165 -0.001577525 0.999998689 5.666616917
0.999935210 -0.011363009 -0.000732107 -0.022316333 0.011361614 0.999933660 -0.001880641 -0.001557057 0.000753427 0.001872202 0.999997914 6.584171295
0.999936938 -0.011126658 -0.001527109 -0.029694421 0.011122861 0.999935091 -0.002471792 -0.002807238 0.001554512 0.002454651 0.999995768 7.510888100
0.999939919 -0.010667887 -0.002530418 -0.038254082 0.010666373 0.999942958 -0.000610121 -0.004193046 0.002536782 0.000583095 0.999996543 8.431331635
0.999941230 -0.010391218 -0.003102956 -0.048496678 0.010398445 0.999943256 0.002322507 -0.006478886 0.003078646 -0.002354636 0.999992430 9.349053383
0.999937177 -0.010492865 -0.003952599 -0.057992760 0.010507620 0.999937832 0.003731207 -0.003693892 0.003913201 -0.003772504 0.999985158 10.261350632
0.999919772 -0.011850632 -0.004471520 -0.066857569 0.011871124 0.999918997 0.004584540 -0.002609167 0.004416827 -0.004637253 0.999979436 11.171597481
0.999915838 -0.011852928 -0.005277747 -0.074915275 0.011876552 0.999919474 0.004467791 0.001748426 0.005224364 -0.004530096 0.999975979 12.073040962
0.999905884 -0.012359582 -0.005961889 -0.085187241 0.012378390 0.999918461 0.003128604 0.002309478 0.005922734 -0.003202108 0.999977231 12.974814415
0.999890745 -0.012755482 -0.007472473 -0.093942024 0.012764392 0.999917805 0.001146280 0.005643236 0.007457237 -0.001241536 0.999971330 13.876667976
0.999862671 -0.013977038 -0.008904478 -0.106589228 0.013976155 0.999902248 -0.000161028 0.005905161 0.008905857 0.000036556 0.999960244 14.773770332
0.999851406 -0.013581754 -0.010614307 -0.119937487 0.013573988 0.999907434 -0.000803015 0.006153576 0.010624229 0.000658817 0.999943256 15.674035072
0.999851644 -0.012334630 -0.012018261 -0.140702590 0.012315792 0.999922693 -0.001640088 0.003690335 0.012037560 0.001491830 0.999926388 16.565320969
0.999849200 -0.010918104 -0.013499514 -0.163246572 0.010897906 0.999939263 -0.001568740 0.000473821 0.013515822 0.001421387 0.999907613 17.458538055
0.999826610 -0.011192439 -0.014878488 -0.181216791 0.011183622 0.999937117 -0.000675575 -0.002292976 0.014885115 0.000509063 0.999889016 18.350790024
0.999811769 -0.010607799 -0.016243013 -0.203172997 0.010620491 0.999943256 0.000695359 -0.003384085 0.016234716 -0.000867737 0.999867797 19.226655960
0.999795079 -0.010161391 -0.017506998 -0.225859493 0.010184481 0.999947309 0.001230183 -0.002121220 0.017493578 -0.001408231 0.999845922 20.106061935
0.999757409 -0.011131090 -0.019001428 -0.246247306 0.011151433 0.999937296 0.000964991 -0.000840180 0.018989498 -0.001176651 0.999818921 20.983705521
0.999727607 -0.010973751 -0.020593258 -0.267437518 0.010984403 0.999939501 0.000404263 0.003109600 0.020587578 -0.000630358 0.999787807 21.849613190
0.999703407 -0.010930981 -0.021757191 -0.290675700 0.010951218 0.999939620 0.000811274 0.002990844 0.021747014 -0.001049301 0.999762893 22.708103180
0.999677718 -0.010771588 -0.022981480 -0.310846329 0.010836462 0.999937594 0.002700267 0.005916656 0.022950966 -0.002948436 0.999732137 23.564699173
0.999642253 -0.012092106 -0.023849672 -0.332859635 0.012225215 0.999910355 0.005443283 0.008939681 0.023781721 -0.005732905 0.999700665 24.409187317
0.999632061 -0.011747490 -0.024440553 -0.357693195 0.011924773 0.999903381 0.007120563 0.009837092 0.024354551 -0.007409394 0.999675810 25.244222641
0.999623954 -0.011177647 -0.025033195 -0.384753793 0.011332679 0.999917269 0.006059746 0.011187413 0.024963398 -0.006341163 0.999668181 26.067722321
0.999619186 -0.009610887 -0.025858691 -0.412616104 0.009700630 0.999947190 0.003347273 0.017241076 0.025825161 -0.003596846 0.999659956 26.878641129
0.999605238 -0.009249176 -0.026522236 -0.440368295 0.009293769 0.999955416 0.001558544 0.021589398 0.026506647 -0.001804422 0.999646902 27.675174713
0.999585092 -0.008442361 -0.027531527 -0.467601418 0.008479102 0.999963105 0.001217997 0.021747695 0.027520237 -0.001450937 0.999620080 28.462350845
0.999551296 -0.008640934 -0.028674802 -0.495707154 0.008664902 0.999962032 0.000711728 0.020349197 0.028667569 -0.000959875 0.999588430 29.241020203
0.999495387 -0.008156454 -0.030692684 -0.524160624 0.008155819 0.999966562 -0.000145850 0.020086847 0.030692851 -0.000104549 0.999528766 30.013151169
0.999434829 -0.008135604 -0.032610632 -0.553734958 0.008128427 0.999966800 -0.000352616 0.022477787 0.032612421 0.000087342 0.999467969 30.775732040
0.999370337 -0.008113722 -0.034535032 -0.584931612 0.008139648 0.999966621 0.000610228 0.026307276 0.034528930 -0.000890949 0.999403179 31.529750824
0.999285936 -0.008795519 -0.036738873 -0.612753093 0.008910312 0.999955893 0.002962029 0.026335435 0.036711197 -0.003287271 0.999320388 32.278823853
0.999210894 -0.007815094 -0.038936015 -0.643548250 0.007993898 0.999958158 0.004438711 0.026759677 0.038899697 -0.004746461 0.999231696 33.019760132
0.999145627 -0.006382057 -0.040825393 -0.679505110 0.006580533 0.999967098 0.004729064 0.026885947 0.040793873 -0.004993679 0.999154925 33.744407654
0.999074578 -0.003581547 -0.042855799 -0.713819087 0.003752019 0.999985278 0.003898064 0.028384276 0.042841211 -0.004055255 0.999073505 34.459022522
0.998999357 -0.001793163 -0.044682126 -0.750907958 0.001927326 0.999993682 0.002959744 0.035710461 0.044676542 -0.003042902 0.998996735 35.171924591
0.998931706 -0.001537023 -0.046178669 -0.788608909 0.001727899 0.999990106 0.004093816 0.040181689 0.046171922 -0.004169237 0.998924673 35.865341187
0.998874128 -0.000115193 -0.047432028 -0.822804868 0.000401027 0.999981821 0.006016758 0.043721244 0.047430474 -0.006029008 0.998856246 36.552158356
0.998867631 0.002694032 -0.047491375 -0.862337112 -0.002379774 0.999974966 0.006672531 0.043248527 0.047508162 -0.006551960 0.998849213 37.224887848
0.998905241 0.005960811 -0.046390396 -0.900578022 -0.005752031 0.999972820 0.004632805 0.043579765 0.046416745 -0.004360897 0.998912513 37.885608673
0.998977721 0.007779506 -0.044523511 -0.939781904 -0.007714540 0.999969006 0.001630940 0.041831039 0.044534814 -0.001285795 0.999006867 38.530261993
0.999068677 0.008605723 -0.042274427 -0.973293424 -0.008622883 0.999962866 -0.000223401 0.045398165 0.042270929 0.000587719 0.999105871 39.165786743
0.999189913 0.010029506 -0.038965646 -1.003106475 -0.010018441 0.999949753 0.000479427 0.048377376 0.038968492 -0.000088664 0.999240279 39.805637360
0.999248683 0.014844777 -0.035792649 -1.035470486 -0.014737244 0.999886155 0.003266585 0.047442496 0.035837058 -0.002736647 0.999353707 40.428848267
0.999304831 0.019221956 -0.031933807 -1.064960361 -0.019012371 0.999795794 0.006854202 0.045226291 0.032059029 -0.006242301 0.999466300 41.046997070
0.999324858 0.024266094 -0.027575608 -1.090161324 -0.024055259 0.999679029 0.007952438 0.045474961 0.027759727 -0.007283732 0.999587893 41.648326874
0.999362946 0.027932541 -0.022202374 -1.110423684 -0.027757231 0.999581397 0.008166092 0.049124714 0.022421176 -0.007544615 0.999719918 42.230449677
0.999361157 0.031832144 -0.016231349 -1.127374768 -0.031671058 0.999447525 0.010087822 0.054539453 0.016543493 -0.009567315 0.999817133 42.792915344
0.999278486 0.036725570 -0.009655748 -1.140156865 -0.036615979 0.999265611 0.011294052 0.056071986 0.010063432 -0.010932350 0.999889374 43.341621399
0.999195337 0.040017433 -0.002597187 -1.146024823 -0.039986689 0.999139905 0.010978758 0.057356581 0.003034291 -0.010866072 0.999936104 43.869579315
0.999038935 0.043559924 0.004802139 -1.150503993 -0.043610711 0.998987734 0.011028119 0.056913789 -0.004316898 -0.011226947 0.999927402 44.369796753
0.998770833 0.048026200 0.012236794 -1.148218870 -0.048155345 0.998784781 0.010484856 0.062537506 -0.011718381 -0.011061236 0.999869883 44.858764648
0.998429477 0.052378770 0.019862376 -1.145230293 -0.052542597 0.998588026 0.007816132 0.063811801 -0.019424938 -0.008847479 0.999771893 45.319740295
0.998130918 0.054388452 0.027857793 -1.134999990 -0.054538433 0.998500764 0.004650997 0.066748738 -0.027563075 -0.006161625 0.999600768 45.761562347
0.997856736 0.054867242 0.035649855 -1.119471669 -0.055060808 0.998472929 0.004469067 0.066752955 -0.035350218 -0.006422400 0.999354064 46.176673889
0.997571230 0.054268319 0.043658171 -1.098737359 -0.054570630 0.998493195 0.005761127 0.069115065 -0.043279752 -0.008129590 0.999029577 46.579692841
0.997107446 0.055814449 0.051583774 -1.077872992 -0.056221392 0.998397231 0.006470067 0.069666155 -0.051139992 -0.009351467 0.998647451 46.954391479
0.996438980 0.058877122 0.060350664 -1.057742119 -0.059386820 0.998212516 0.006684866 0.069484390 -0.059849221 -0.010245098 0.998154581 47.305812836
0.995585501 0.063543662 0.069072597 -1.038319588 -0.064127013 0.997921944 0.006258457 0.065513261 -0.068531394 -0.010660252 0.997591734 47.625797272
0.994697809 0.067135617 0.077899322 -1.013897657 -0.067835167 0.997676075 0.006365659 0.062595211 -0.077290937 -0.011616224 0.996940672 47.924373627
0.993965745 0.066408075 0.087299906 -0.985159993 -0.067283854 0.997708261 0.007124222 0.059601370 -0.086626753 -0.012955112 0.996156335 48.201789856
0.993069053 0.065157041 0.097814001 -0.948689222 -0.066012159 0.997803330 0.005527820 0.053534348 -0.097238988 -0.011946425 0.995189071 48.462921143
0.991919577 0.063922994 0.109584346 -0.908935487 -0.064426929 0.997921705 0.001060002 0.052039463 -0.109288871 -0.008111624 0.993976593 48.725906372
0.990323901 0.064987592 0.122615248 -0.862736583 -0.065137364 0.997872174 -0.002791311 0.046319805 -0.122535780 -0.005222536 0.992449999 48.976959229
0.988176882 0.066855252 0.137971416 -0.818942308 -0.066814423 0.997752964 -0.004932865 0.042688947 -0.137991220 -0.004343941 0.990423560 49.226821899
0.985689998 0.068388142 0.154070079 -0.769916952 -0.068244994 0.997648895 -0.006224292 0.039649587 -0.154133558 -0.004379293 0.988039911 49.476078033
0.982864022 0.068961471 0.170944378 -0.716392159 -0.068702519 0.997609138 -0.007437530 0.035347797 -0.171048641 -0.004434232 0.985252202 49.722045898
0.979616642 0.068164960 0.188955188 -0.658024251 -0.067773744 0.997663856 -0.008538936 0.030874377 -0.189095885 -0.004441319 0.981948197 49.955821991
0.975776911 0.067207739 0.208187029 -0.591743410 -0.066846587 0.997724295 -0.008778130 0.023470391 -0.208303303 -0.005351097 0.978049219 50.184719086
0.971252441 0.067382641 0.228314459 -0.520012200 -0.066831373 0.997712255 -0.010154411 0.021485649 -0.228476450 -0.005396074 0.973534107 50.427165985
0.965935349 0.069392748 0.249304712 -0.444897711 -0.068434417 0.997576654 -0.012520503 0.019683205 -0.249569505 -0.004967028 0.968343735 50.668197632
0.959696412 0.070810400 0.271970451 -0.362551749 -0.069418296 0.997478187 -0.014749387 0.016144766 -0.272329122 -0.004724791 0.962192118 50.906105042
0.952380419 0.071888365 0.296315253 -0.270800352 -0.070308782 0.997396588 -0.015998352 0.011396143 -0.296694010 -0.005597048 0.954955757 51.146308899
0.943822980 0.074637644 0.321910858 -0.171960190 -0.073052995 0.997182488 -0.017018095 0.005958823 -0.322274148 -0.007454486 0.946616530 51.389736176
0.933901191 0.076803654 0.349183261 -0.067405596 -0.075174890 0.997003198 -0.018235749 -0.000778298 -0.349537492 -0.009219431 0.936876476 51.626293182
0.922691584 0.077572934 0.377653062 0.047509439 -0.075759485 0.996931493 -0.019680239 -0.011168511 -0.378020972 -0.010452017 0.925737441 51.856327057
0.910027623 0.075762197 0.407564759 0.180374324 -0.073163018 0.997077227 -0.021985322 -0.019280802 -0.408039302 -0.009811422 0.912911057 52.085121155
0.895137072 0.073090203 0.439757615 0.324825227 -0.069190815 0.997291803 -0.024916109 -0.027579833 -0.440387934 -0.008123859 0.897770226 52.309242249
0.877800643 0.072631784 0.473487079 0.479638010 -0.066617176 0.997342288 -0.029488051 -0.034127709 -0.474370599 -0.005657743 0.880306423 52.532546997
0.858241558 0.074640386 0.507788956 0.640052080 -0.066139147 0.997203112 -0.034794617 -0.044098627 -0.508965850 -0.003722538 0.860778034 52.748672485
0.836435854 0.076526955 0.542695105 0.811799526 -0.065632001 0.997063577 -0.039442651 -0.055435225 -0.544119954 -0.002626914 0.839002609 52.961326599
0.811800599 0.079592742 0.578484297 1.003624082 -0.066871129 0.996820748 -0.043309275 -0.066477209 -0.580092311 -0.003525403 0.814542413 53.185333252
0.784369707 0.083518371 0.614644766 1.212121606 -0.069721662 0.996484995 -0.046428941 -0.080025047 -0.616361976 -0.006436597 0.787435889 53.415443420
0.754450440 0.087811723 0.650455892 1.440570593 -0.073332019 0.996082127 -0.049415134 -0.095939510 -0.652246833 -0.010417978 0.757934272 53.646270752
0.721468270 0.089045174 0.686697721 1.693426728 -0.073184632 0.995947957 -0.052255929 -0.112420499 -0.688568532 -0.012554731 0.725061834 53.871906281
0.685049176 0.086876534 0.723297536 1.976367474 -0.069780432 0.996123254 -0.053555764 -0.131164879 -0.725146472 -0.013783691 0.688455939 54.093215942
0.646094382 0.085766196 0.758423030 2.289113283 -0.067077495 0.996201813 -0.055512689 -0.149869964 -0.760303676 -0.015006685 0.649393559 54.314002991
0.603694201 0.085567452 0.792610168 2.618902206 -0.065123722 0.996192992 -0.057943933 -0.166921139 -0.794550955 -0.016637314 0.606968522 54.528934479
0.557824910 0.085380845 0.825554907 2.972925186 -0.061343029 0.996214747 -0.061581686 -0.187175840 -0.827687979 -0.016290246 0.560951054 54.730503082
0.509959877 0.084310189 0.856056154 3.353899717 -0.058109507 0.996287882 -0.063504912 -0.212196931 -0.858232558 -0.017360050 0.512966156 54.917533875
0.461492240 0.082324401 0.883315921 3.756157398 -0.056231905 0.996396899 -0.063484937 -0.239072263 -0.885359704 -0.020372735 0.464458764 55.094074249
0.411977112 0.080177322 0.907659590 4.184821129 -0.055922624 0.996467769 -0.062639512 -0.263832599 -0.909475923 -0.024952661 0.415005744 55.258594513
0.361859649 0.079786234 0.928811729 4.623737335 -0.058661442 0.996304631 -0.062729895 -0.285866499 -0.930384576 -0.031786017 0.365202904 55.409713745
0.312655538 0.080100752 0.946482897 5.079693794 -0.056330763 0.996247411 -0.065704428 -0.310810477 -0.948194265 -0.032773245 0.315994501 55.537609100
0.265756756 0.076965801 0.960962594 5.565418720 -0.044933416 0.996713102 -0.067402773 -0.342163563 -0.962991834 -0.025266584 0.268341631 55.632881165
0.221763536 0.071452267 0.972478747 6.069076538 -0.031452443 0.997316360 -0.066104889 -0.370949328 -0.974592507 -0.015927171 0.223415837 55.706840515
0.179525554 0.070642732 0.981213272 6.589877129 -0.022384329 0.997452974 -0.067716494 -0.401870608 -0.983498037 -0.009806951 0.180649683 55.770416260
0.141215518 0.072413802 0.987326503 7.102408886 -0.018508390 0.997339487 -0.070501037 -0.422989398 -0.989805341 -0.008317974 0.142180175 55.822528839
0.108571686 0.073134288 0.991394341 7.651118279 -0.009668324 0.997320175 -0.072512671 -0.463556051 -0.994041085 -0.001712289 0.108987890 55.862442017
0.079728246 0.071557812 0.994244516 8.205715179 -0.002286331 0.997430146 -0.071603805 -0.503957152 -0.996813536 0.003435685 0.079687014 55.886409760
0.054916307 0.069869809 0.996043026 8.775014877 0.005052784 0.997516096 -0.070251785 -0.540780187 -0.998477757 0.008890770 0.054426908 55.901149750
0.034983754 0.069047160 0.996999502 9.352350235 0.009847003 0.997537792 -0.069430031 -0.572233975 -0.999338925 0.012246392 0.034217745 55.908298492
0.019146731 0.070896797 0.997299612 9.936328888 0.012662598 0.997385085 -0.071146049 -0.605770290 -0.999736011 0.013990630 0.018198960 55.908725739
0.005765528 0.070563704 0.997490346 10.522362709 0.013482339 0.997410595 -0.070636056 -0.644299209 -0.999891937 0.013855768 0.004799265 55.903659821
-0.005724066 0.071511164 0.997423112 11.122879028 0.014488594 0.997340500 -0.071422167 -0.683395624 -0.999878109 0.014042445 -0.006744911 55.896873474
-0.014769197 0.074442536 0.997115612 11.740409851 0.019233568 0.997060895 -0.074153632 -0.720955551 -0.999705434 0.018082913 -0.016157558 55.881610870
-0.021268196 0.076456763 0.996845663 12.364278793 0.023418989 0.996835649 -0.075956404 -0.758490503 -0.999498963 0.021729678 -0.022991411 55.861988068
-0.025816469 0.075923175 0.996779025 13.005240440 0.023709707 0.996877372 -0.075316638 -0.797199667 -0.999384999 0.021688946 -0.027535941 55.843482971
-0.029532380 0.073192880 0.996880114 13.655841827 0.021335836 0.997133970 -0.072579503 -0.838024139 -0.999335587 0.019125842 -0.031009344 55.831741333
-0.032098249 0.066440418 0.997273624 14.324618340 0.019158410 0.997645199 -0.065848596 -0.878323376 -0.999300599 0.016992567 -0.033295531 55.817459106
-0.033336781 0.060831610 0.997590840 15.001873016 0.020296356 0.997980893 -0.060177200 -0.915450275 -0.999237597 0.018241359 -0.034504101 55.797233582
-0.033820283 0.058343969 0.997723162 15.689208984 0.022898262 0.998077333 -0.057588544 -0.954647422 -0.999165118 0.020898480 -0.035091203 55.770305634
-0.033514984 0.060539410 0.997602642 16.377225876 0.026067052 0.997876704 -0.059680365 -0.997646987 -0.999097764 0.024004387 -0.035021875 55.742156982
-0.032698479 0.068100043 0.997142136 17.071847916 0.026618617 0.997380972 -0.067243531 -1.034444928 -0.999110341 0.024343796 -0.034425538 55.720848083
-0.030544879 0.076114319 0.996630788 17.775629044 0.027258100 0.996788502 -0.075291015 -1.073820472 -0.999161243 0.024866519 -0.032521483 55.699882507
-0.028437415 0.076879025 0.996634424 18.486156464 0.027885800 0.996710479 -0.076089278 -1.115272045 -0.999206126 0.025628181 -0.030487670 55.683712006
-0.026231121 0.072662741 0.997011185 19.218965530 0.027094305 0.997039557 -0.071952023 -1.159379005 -0.999288261 0.025125956 -0.028122177 55.667526245
-0.023797370 0.066193640 0.997522593 19.956695557 0.026372934 0.997499406 -0.065562993 -1.210043669 -0.999368429 0.024747383 -0.025483545 55.654495239
-0.020994887 0.064768404 0.997679055 20.690378189 0.024395058 0.997635007 -0.064252235 -1.255552292 -0.999481440 0.022989485 -0.022525223 55.648166656
-0.017497528 0.070096083 0.997386456 21.416561127 0.031962663 0.997068405 -0.069513060 -1.301473975 -0.999335408 0.030662837 -0.019686650 55.628417969
-0.014330071 0.075759724 0.997022808 22.151750565 0.033357415 0.996606231 -0.075248688 -1.345792055 -0.999340236 0.032179799 -0.016808545 55.616958618
-0.011896396 0.076391645 0.997006595 22.884050369 0.027265195 0.996730983 -0.076045267 -1.391822815 -0.999556959 0.026278928 -0.013940297 55.622844696
-0.008870426 0.072862297 0.997302234 23.612873077 0.022541957 0.997102380 -0.072647274 -1.442106724 -0.999706030 0.021836743 -0.010487136 55.630489349
-0.004086254 0.069124445 0.997599363 24.339107513 0.026459876 0.997265697 -0.068993017 -1.498169780 -0.999641001 0.026114447 -0.005904058 55.626384735
-0.000476346 0.070168860 0.997534692 25.070278168 0.031107660 0.997052908 -0.070120186 -1.550674081 -0.999515355 0.030997584 -0.002657684 55.622241974
0.002092895 0.074973121 0.997183025 25.806030273 0.030464957 0.996717453 -0.075002126 -1.597073317 -0.999533057 0.030536128 -0.000197981 55.629375458
0.005944326 0.075740933 0.997109473 26.523654938 0.026703529 0.996759355 -0.075873598 -1.643831491 -0.999625146 0.027077377 0.003902561 55.646423340
0.009417044 0.075325139 0.997114182 27.270891190 0.025803665 0.996807992 -0.075545773 -1.697900772 -0.999622107 0.026440637 0.007443369 55.663860321
0.013013019 0.072321594 0.997296095 28.015672684 0.029683949 0.996913016 -0.072681203 -1.749601960 -0.999474049 0.030549509 0.010826108 55.672695160
0.016695701 0.072838657 0.997203588 28.754270554 0.034006596 0.996724248 -0.073373064 -1.802303314 -0.999281585 0.035136539 0.014164066 55.680797577
0.020252617 0.073778152 0.997068644 29.492441177 0.036710523 0.996545792 -0.074485205 -1.853845954 -0.999120116 0.038111456 0.017474279 55.693462372
0.022910107 0.073860437 0.997004986 30.231037140 0.037039787 0.996519327 -0.074675657 -1.900813222 -0.999050558 0.038639702 0.020094644 55.714527130
0.026323004 0.072403640 0.997027576 30.983074188 0.038266141 0.996569216 -0.073380701 -1.953931093 -0.998920262 0.040084019 0.023462143 55.738044739
0.030029297 0.071527719 0.996986032 31.738180161 0.040130075 0.996545374 -0.072704889 -2.008418322 -0.998742580 0.042192422 0.027055204 55.759086609
0.032828435 0.072093032 0.996857047 32.476348877 0.038186390 0.996575952 -0.073330306 -2.058077097 -0.998730719 0.040473711 0.029963115 55.789699554
0.035927691 0.073785037 0.996626318 33.216369629 0.035332385 0.996552944 -0.075053364 -2.109006643 -0.998729110 0.037909701 0.033196904 55.822509766
0.038496934 0.073820055 0.996527791 33.964092255 0.036866084 0.996483207 -0.075240985 -2.160965681 -0.998577952 0.039634645 0.035640150 55.854228973
0.041172475 0.073751487 0.996425867 34.717895508 0.034383640 0.996576309 -0.075183406 -2.210025072 -0.998559773 0.037356254 0.038495727 55.889911652
0.043364782 0.074092388 0.996307552 35.471443176 0.032672014 0.996607184 -0.075536773 -2.262113810 -0.998524427 0.035827026 0.040796969 55.930812836
0.046013355 0.074327998 0.996171176 36.222717285 0.029470516 0.996692479 -0.075728171 -2.314100504 -0.998505473 0.032842204 0.043670747 55.974788666
0.049283985 0.076220274 0.995871663 36.981414795 0.028113017 0.996582568 -0.077665977 -2.366435766 -0.998388529 0.031824663 0.046972845 56.017860413
0.052542616 0.079817675 0.995423138 37.729660034 0.026887435 0.996325731 -0.081309304 -2.421068430 -0.998256087 0.031036599 0.050203536 56.064205170
0.055969477 0.081997804 0.995059133 38.490428925 0.026831338 0.996137977 -0.083595924 -2.479195118 -0.998071313 0.031377606 0.053553279 56.109169006
0.058574993 0.084349334 0.994712591 39.259696960 0.020461775 0.996112645 -0.085673012 -2.536792755 -0.998072743 0.025371898 0.056621432 56.167961121
0.061244771 0.083622262 0.994613111 40.033279419 0.016790707 0.996256411 -0.084794372 -2.595628500 -0.997981012 0.021893485 0.059611499 56.223487854
0.065051481 0.084249400 0.994318485 40.802127838 0.018719252 0.996150672 -0.085629344 -2.657642603 -0.997705758 0.024183230 0.063224070 56.277523041
0.068838991 0.085369959 0.993967831 41.580085754 0.017567946 0.996073186 -0.086767510 -2.723743439 -0.997472525 0.023434976 0.067068979 56.332256317
0.072443597 0.086509019 0.993613124 42.360954285 0.013337169 0.996057689 -0.087694295 -2.784430504 -0.997282803 0.019604890 0.071004301 56.400173187
0.076557033 0.084615141 0.993467748 43.154926300 0.012096005 0.996239960 -0.085783400 -2.845739841 -0.996991277 0.018584326 0.075245753 56.464065552
0.081442155 0.084362604 0.993100643 43.948528290 0.012614137 0.996243775 -0.085664086 -2.912876368 -0.996597707 0.019503789 0.080072165 56.534149170
0.086617492 0.088084340 0.992339253 44.738273621 0.009188419 0.995970130 -0.089208663 -2.977107048 -0.996198714 0.016845072 0.085459158 56.608234406
0.092657380 0.096614897 0.990998864 45.528724670 0.007327133 0.995187640 -0.097708359 -3.044356108 -0.995670557 0.016314592 0.091503657 56.690109253
0.099803634 0.101289131 0.989837527 46.315078735 0.005483339 0.994733572 -0.102343023 -3.116502762 -0.994991481 0.015641831 0.098722719 56.778797150
0.107208453 0.104254067 0.988754749 47.111080170 0.001215759 0.994472265 -0.104988731 -3.192830324 -0.994235218 0.012457776 0.106489174 56.871494293
0.114084020 0.102746874 0.988142908 47.920162201 -0.002895039 0.994667292 -0.103091039 -3.269159794 -0.993466318 0.008900335 0.113773197 56.976493835
0.121608660 0.101252586 0.987399459 48.719234467 -0.003285934 0.994818628 -0.101608686 -3.344820499 -0.992572069 0.009111973 0.121311367 57.077270508
0.128759444 0.098073959 0.986813605 49.522495270 -0.003594499 0.995136797 -0.098432168 -3.410572767 -0.991668701 0.009126976 0.128485903 57.198364258
0.136060163 0.092794769 0.986344457 50.314243317 -0.005222368 0.995656610 -0.092950463 -3.473490238 -0.990686178 0.007495807 0.135953918 57.327205658
0.143129364 0.085609876 0.985993683 51.125850677 -0.007709996 0.996317565 -0.085387066 -3.540400505 -0.989673257 0.004619393 0.143262476 57.458614349
0.150793850 0.082898133 0.985082626 51.931529999 -0.007146045 0.996542692 -0.082768664 -3.606957436 -0.988538682 0.005441566 0.150865033 57.591125488
0.158230409 0.084662683 0.983765244 52.726879120 -0.007633452 0.996391892 -0.084521584 -3.677113533 -0.987371981 0.005864365 0.158305898 57.717437744
0.164118543 0.091382682 0.982198000 53.502468109 -0.007054328 0.995782554 -0.091467872 -3.738881111 -0.986414731 0.008082833 0.164071158 57.850860596
0.169116348 0.094893195 0.981016576 54.275444031 -0.008607122 0.995458007 -0.094806358 -3.807955027 -0.985557854 0.007589582 0.169165120 57.992469788
0.174182653 0.097830087 0.979840994 55.041721344 -0.009941099 0.995176136 -0.097594030 -3.878249884 -0.984662473 0.007258496 0.174315110 58.133636475
0.179510355 0.097250283 0.978936672 55.798851013 -0.012161973 0.995244563 -0.096640199 -3.948255301 -0.983680129 0.005442122 0.179839626 58.277397156
0.184880733 0.094295606 0.978225946 56.551975250 -0.008251407 0.995499492 -0.094401225 -4.018333435 -0.982725501 0.009381235 0.184826910 58.418174744
0.189399764 0.087664708 0.977978110 57.311031342 -0.007628304 0.996107340 -0.087812483 -4.087813377 -0.981869578 0.009171356 0.189331368 58.567901611
0.192628428 0.081370063 0.977891505 58.056056976 -0.009445445 0.996663094 -0.081071466 -4.157114983 -0.981225431 0.006380056 0.192754358 58.725448608
0.195747957 0.078099862 0.977538586 58.796821594 -0.013129071 0.996942580 -0.077021100 -4.219341278 -0.980565488 0.002242554 0.196174979 58.885196686
0.198821738 0.078088082 0.976918995 59.523414612 -0.014691709 0.996945620 -0.076698832 -4.278668880 -0.979924738 0.000896790 0.199361831 59.044635773
0.200814679 0.080173448 0.976342320 60.236721039 -0.016665170 0.996780276 -0.078424059 -4.335454464 -0.979486644 -0.000522204 0.201504365 59.200225830
0.202191114 0.084514715 0.975691855 60.929363251 -0.020555142 0.996415675 -0.082050234 -4.391202927 -0.979129493 -0.003465653 0.203203768 59.357662201
0.204144359 0.088693149 0.974913955 61.617534637 -0.021721387 0.996051967 -0.086067811 -4.448293686 -0.978698909 -0.003606222 0.205265090 59.511257172
0.206189305 0.093890540 0.973996520 62.295852661 -0.022381756 0.995577514 -0.091232836 -4.509900570 -0.978255272 -0.002988510 0.207379043 59.663852692
0.207762241 0.095965393 0.973459899 62.967853546 -0.021658078 0.995382786 -0.093504213 -4.566982746 -0.977938712 -0.001656619 0.208881557 59.812236786
0.209020257 0.096017472 0.973185420 63.634609222 -0.024321683 0.995370090 -0.092982523 -4.626152515 -0.977607965 -0.004234273 0.210388005 59.967124939
0.209365174 0.092974849 0.973406672 64.294654846 -0.024546595 0.995654941 -0.089820325 -4.688720703 -0.977528512 -0.005088570 0.210737854 60.117790222
0.210099071 0.090414576 0.973489761 64.940696716 -0.024453513 0.995888591 -0.087217383 -4.748237610 -0.977373362 -0.005480952 0.211446404 60.261371613
0.210082173 0.089145735 0.973610401 65.585906982 -0.023205711 0.996007919 -0.086189300 -4.801777840 -0.977407396 -0.004486484 0.211312369 60.400070190
0.208381742 0.088633284 0.974022508 66.212432861 -0.023920652 0.996048748 -0.085520081 -4.858086109 -0.977754116 -0.005478428 0.209678695 60.538856506
0.206789330 0.089421511 0.974289834 66.826271057 -0.024991797 0.995971859 -0.086107150 -4.912380695 -0.978065372 -0.006543212 0.208191320 60.674064636
0.204626650 0.092211075 0.974486411 67.426261902 -0.025741749 0.995714962 -0.088814519 -4.968463898 -0.978500664 -0.006911162 0.206123650 60.803234100
0.202597931 0.095981836 0.974546194 68.017425537 -0.023795465 0.995373130 -0.093086272 -5.024992943 -0.978971899 -0.004330689 0.203944623 60.924961090
0.201006323 0.096418582 0.974832594 68.605743408 -0.021522690 0.995338142 -0.094008900 -5.076862812 -0.979352474 -0.002084631 0.202144608 61.043193817
0.198791608 0.095575906 0.975369573 69.191482544 -0.022435717 0.995415747 -0.092967615 -5.125888348 -0.979783952 -0.003401930 0.200024769 61.165122986
0.196280658 0.092634045 0.976161599 69.774147034 -0.022617547 0.995689750 -0.089939453 -5.178748608 -0.980285883 -0.004425000 0.197529972 61.286151886
0.194193378 0.088717505 0.976942539 70.342193604 -0.022223473 0.996043563 -0.086034656 -5.233614445 -0.980710566 -0.005003690 0.195396855 61.400264740
0.192533270 0.087617494 0.977370322 70.902862549 -0.018460656 0.996152282 -0.085664704 -5.287209988 -0.981115878 -0.001549583 0.193410113 61.507053375
0.190867648 0.088970631 0.977574766 71.449584961 -0.014636672 0.996030509 -0.087792635 -5.334478378 -0.981505752 0.002448341 0.191412404 61.609195709
0.188546106 0.090992145 0.977839172 71.998405457 -0.010291689 0.995826066 -0.090681531 -5.379606724 -0.982009530 0.007034045 0.188695744 61.709007263
0.186903715 0.093002468 0.977965295 72.542259216 -0.010819247 0.995642424 -0.092615865 -5.423450470 -0.982317746 0.006729413 0.187095657 61.813720703
0.185695454 0.095703401 0.977934897 73.078887939 -0.011132854 0.995385885 -0.095297299 -5.470534325 -0.982543349 0.006809081 0.185904264 61.917758942
0.184367955 0.094178446 0.978334010 73.623283386 -0.009543720 0.995522439 -0.094034620 -5.521502018 -0.982810020 0.008000038 0.184441403 62.022590637
0.185184166 0.092710070 0.978320062 74.167114258 -0.003481675 0.995594800 -0.093688115 -5.565166473 -0.982696712 0.013943380 0.184691340 62.119243622
0.187537685 0.090824984 0.978048503 74.719062805 0.001781311 0.995682061 -0.092804112 -5.608749390 -0.982254863 0.019146498 0.186566278 62.222835541
0.189442784 0.090298168 0.977730095 75.261695862 0.004459274 0.995672226 -0.092819281 -5.656314373 -0.981880724 0.021943934 0.188220426 62.330493927
0.192746788 0.089878820 0.977122843 75.809440613 0.001926977 0.995758891 -0.091973186 -5.709202766 -0.981245697 0.019610455 0.191756293 62.445156097
0.198242530 0.090494543 0.975965738 76.355812073 0.000848449 0.995711803 -0.092497848 -5.758573532 -0.980151713 0.019165089 0.197315812 62.564323425
0.204719856 0.089503393 0.974719167 76.917968750 0.001926577 0.995771050 -0.091841176 -5.803957462 -0.978817761 0.020679610 0.203681841 62.686927795
0.212451756 0.089994587 0.973017871 77.485183716 0.000204814 0.995745182 -0.092141420 -5.845070839 -0.977170646 0.019774919 0.211529538 62.816360474
0.220881507 0.087844677 0.971335769 78.055244446 0.000826494 0.995917499 -0.090255782 -5.891260147 -0.975299418 0.020738663 0.219907343 62.954727173
0.229712009 0.087517686 0.969314933 78.633811951 -0.002719783 0.996001840 -0.089282706 -5.943664074 -0.973253965 0.017873010 0.229031801 63.105918884
0.239285484 0.087357618 0.967010617 79.213714600 -0.004045645 0.996024668 -0.088977642 -5.991996765 -0.970939934 0.017378902 0.238687858 63.259006500
0.248873621 0.091296285 0.964222670 79.799346924 -0.009476201 0.995728552 -0.091833554 -6.039163113 -0.968488693 0.013717803 0.248675913 63.425792694
0.258541435 0.093501069 0.961463630 80.389434814 -0.012926467 0.995549619 -0.093339965 -6.087893009 -0.965912700 0.011703945 0.258599699 63.592300415
0.269395322 0.096268632 0.958205104 80.990715027 -0.016899845 0.995309591 -0.095245175 -6.138484955 -0.962880373 0.009465110 0.269758910 63.776702881
0.279833227 0.097925171 0.955040574 81.599128723 -0.018160950 0.995145500 -0.096716113 -6.194427013 -0.959875822 0.009719962 0.280253440 63.959114075
0.289749026 0.098640546 0.952005267 82.217201233 -0.021376161 0.995092928 -0.096599102 -6.252535820 -0.956862926 0.007639304 0.290436059 64.158386230
0.300146431 0.098930776 0.948748291 82.840934753 -0.022199586 0.995061457 -0.096737087 -6.308292866 -0.953633785 0.007973497 0.300860673 64.367195129
0.310229331 0.099978358 0.945389092 83.481849670 -0.026702350 0.994977713 -0.096460231 -6.364567757 -0.950285614 0.004680707 0.311341256 64.589576721
0.320841789 0.095088765 0.942346573 84.138717651 -0.026107954 0.995456457 -0.091558956 -6.418299675 -0.946771860 0.004773219 0.321866900 64.817932129
0.331759989 0.088023223 0.939247370 84.799629211 -0.022597261 0.996092260 -0.085368827 -6.473501682 -0.943092108 0.007097565 0.332452923 65.050521851
0.342806160 0.083712332 0.935667992 85.461578369 -0.021301214 0.996457338 -0.081346840 -6.530717850 -0.939163566 0.007955356 0.343375146 65.295135498
0.353149474 0.080470726 0.932098866 86.136024475 -0.022029869 0.996732116 -0.077704191 -6.584329128 -0.935306370 0.006907196 0.353768468 65.556854248
0.362785131 0.077977479 0.928603649 86.823898315 -0.015911546 0.996864974 -0.077493355 -6.632160187 -0.931735873 0.013337940 0.362888813 65.819908142
0.371410161 0.072612412 0.925624192 87.509437561 -0.009735101 0.997186005 -0.074320041 -6.679341793 -0.928416848 0.018592199 0.371072173 66.087326050
0.378455549 0.063429423 0.923442662 88.223350525 -0.000793597 0.997670233 -0.068202794 -6.725817680 -0.925618112 0.025078917 0.377624452 66.371017456
0.385620564 0.059132669 0.920759618 88.957794189 0.004606915 0.997807384 -0.066010267 -6.773232937 -0.922644973 0.029696815 0.384502888 66.668746948
0.392883033 0.059148803 0.917683244 89.648414612 0.006304299 0.997731626 -0.067007363 -6.829931736 -0.919565856 0.032111447 0.391619205 66.973503113
0.400276840 0.065289445 0.914064467 90.360504150 0.008813118 0.997137368 -0.075082541 -6.874796867 -0.916350901 0.038109608 0.398555875 67.285568237
0.407640010 0.069559775 0.910488427 91.066688538 0.012598259 0.996570051 -0.081776761 -6.918956280 -0.913054824 0.044806104 0.405365765 67.591552734
0.412767380 0.071666956 0.908011615 91.767234802 0.010631933 0.996451735 -0.083480462 -6.981109619 -0.910773396 0.044111989 0.410541117 67.923973083
0.417278469 0.073194027 0.905825317 92.449859619 0.003812987 0.996600509 -0.082285561 -7.040527821 -0.908769667 0.037789941 0.415581137 68.248390198
0.421031207 0.076870456 0.903781950 93.141532898 -0.002922143 0.996511161 -0.083396249 -7.109010220 -0.907040417 0.032471489 0.419787228 68.596618652
0.424945414 0.079968020 0.901678801 93.828636169 -0.003770467 0.996236980 -0.086577311 -7.172394276 -0.905210078 0.033390928 0.423648149 68.933586121
0.428844869 0.084218152 0.899442911 94.501716614 -0.007139655 0.995928824 -0.089848459 -7.238520145 -0.903348923 0.032109380 0.427700549 69.268692017
0.432132035 0.087310322 0.897572875 95.162033081 -0.010265041 0.995712876 -0.091914818 -7.301523209 -0.901750922 0.030505756 0.431176007 69.602943420
0.436014801 0.085738376 0.895844996 95.813430786 -0.011421960 0.995897233 -0.089754999 -7.368721008 -0.899866045 0.028902238 0.435205609 69.931427002
0.439902693 0.082890667 0.894210815 96.448829651 -0.010988205 0.996152222 -0.086934850 -7.429763317 -0.897977233 0.028417140 0.439121246 70.246650696
0.443220943 0.080338508 0.892804146 97.081832886 -0.011680700 0.996407628 -0.083862603 -7.495384693 -0.896335304 0.026741119 0.442567587 70.570671082
0.446845442 0.079287492 0.891089797 97.712875366 -0.012654296 0.996524096 -0.082323343 -7.559591293 -0.894520700 0.025509726 0.446296006 70.897445679
0.450178355 0.081034184 0.889253199 98.324684143 -0.014645306 0.996408522 -0.083384871 -7.615674496 -0.892817557 0.024514711 0.449748784 71.215545654
0.452757180 0.081524208 0.887898088 98.929176331 -0.013964770 0.996336162 -0.084359892 -7.676312923 -0.891523480 0.025795288 0.452237368 71.539863586
0.454979092 0.079735413 0.886924267 99.530235291 -0.011966508 0.996439397 -0.083442435 -7.729555607 -0.890420735 0.027351212 0.454313785 71.846733093
0.456631124 0.078480236 0.886186898 100.117332458 -0.010047395 0.996491551 -0.083071709 -7.787263870 -0.889598429 0.029029299 0.455818117 72.155281067
0.458415717 0.078469642 0.885266006 100.697830200 -0.011620002 0.996537209 -0.082315646 -7.845448971 -0.888660967 0.027448030 0.457740664 72.463226318
0.460409790 0.077899814 0.884280920 101.268890381 -0.010135197 0.996537089 -0.082512043 -7.896060467 -0.887647748 0.029027028 0.459605485 72.760864258
0.463150650 0.079779260 0.882680595 101.825889587 -0.010733097 0.996370733 -0.084423296 -7.944933891 -0.886213660 0.029626844 0.462326556 73.054901123
0.465984255 0.079746589 0.881190896 102.380096436 -0.007848192 0.996261895 -0.086010292 -7.996650696 -0.884757280 0.033163726 0.464868754 73.346313477
0.468951166 0.079167694 0.879667819 102.924674988 -0.006209247 0.996244133 -0.086349234 -8.049765587 -0.883201301 0.035031542 0.467681974 73.641830444
0.472289920 0.077221408 0.878053129 103.458732605 -0.003084799 0.996292293 -0.085960969 -8.101561546 -0.881436884 0.037889931 0.470777571 73.923431396
0.475701749 0.076353215 0.876285493 103.980392456 -0.001842522 0.996308267 -0.085811049 -8.151229858 -0.879603744 0.039205939 0.474086821 74.204391479
0.478860021 0.075942189 0.874599397 104.495246887 -0.000905518 0.996292114 -0.086013220 -8.201056480 -0.877889812 0.040396377 0.477153778 74.488601685
0.482518882 0.075122707 0.872657061 105.003189087 -0.000187107 0.996322453 -0.085665129 -8.250169754 -0.875884593 0.041171815 0.480759025 74.769538879
0.485947728 0.074595749 0.870797634 105.511131287 0.001380662 0.996282637 -0.086115874 -8.299642563 -0.873985827 0.043050148 0.484038889 75.051879883
0.490156800 0.075907111 0.868321776 106.005210876 0.000830470 0.996158183 -0.087551266 -8.346397400 -0.871632874 0.043635018 0.488211244 75.323799133
0.494600147 0.076120034 0.865779817 106.504684448 0.002761603 0.996013045 -0.089148022 -8.393896103 -0.869115233 0.046483621 0.492418557 75.599243164
0.499413341 0.079532288 0.862704575 106.993026733 0.000632476 0.995742202 -0.092163235 -8.442046165 -0.866362572 0.046573248 0.497237235 75.885902405
0.504695177 0.085381322 0.859064102 107.474342346 -0.002995956 0.995262921 -0.097158007 -8.496225357 -0.863291383 0.046461515 0.502560794 76.180709839
0.510496676 0.092423938 0.854897201 107.951942444 -0.008369969 0.994692206 -0.102539413 -8.550921440 -0.859837890 0.045190617 0.508561254 76.478706360
0.516561866 0.098824561 0.850526750 108.422721863 -0.013615699 0.994138241 -0.107241824 -8.601436615 -0.856140494 0.043816574 0.514880121 76.775451660
0.523098409 0.103167213 0.846004009 108.890411377 -0.017244842 0.993722916 -0.110518396 -8.654446602 -0.852096677 0.043222845 0.521594644 77.068809509
0.528560102 0.103403874 0.842573464 109.370071411 -0.021343512 0.993856907 -0.108580984 -8.709962845 -0.848626435 0.039408144 0.527520716 77.378494263
0.533988059 0.102587856 0.839244068 109.852912903 -0.027761137 0.994202197 -0.103866190 -8.761522293 -0.845034957 0.032164976 0.533740699 77.702079773
0.539591193 0.100143857 0.835948944 110.342506409 -0.033810642 0.994675636 -0.097334720 -8.816404343 -0.841246784 0.024257025 0.540104866 78.042266846
0.545151651 0.098536767 0.832525253 110.840370178 -0.040248200 0.994997859 -0.091411799 -8.872245789 -0.837369502 0.016325679 0.546391428 78.392890930
0.551196337 0.096622549 0.828760982 111.342109680 -0.042746413 0.995236397 -0.087601542 -8.923225403 -0.833278596 0.012859111 0.552701652 78.740699768
0.557263553 0.100263283 0.824258864 111.845420837 -0.047972456 0.994910836 -0.088588491 -8.975111961 -0.828947484 0.009825434 0.559238136 79.100433350
0.563097537 0.104310371 0.819779634 112.356506348 -0.051902518 0.994505703 -0.090891756 -9.023494720 -0.824757695 0.008632315 0.565418422 79.473579407
0.569015503 0.107838757 0.815224051 112.878089905 -0.055104475 0.994134426 -0.093043186 -9.075052261 -0.820477128 0.008020548 0.571621120 79.860099792
0.575197220 0.110025801 0.810580373 113.407630920 -0.057487153 0.993898511 -0.094115473 -9.125844955 -0.815990925 0.007537025 0.578013539 80.252166748
