1.000000000 0.000000000 0.000000000 0.000000000 0.000000000 1.000000000 0.000000000 0.000000000 0.000000000 0.000000000 1.000000000 0.000000000
0.999998093 0.001113338 0.001619664 -0.009133636 -0.001105768 0.999988496 -0.004667557 -0.001782809 -0.001624842 0.004665757 0.999987781 0.954501212
0.999996185 -0.000982183 0.002591634 -0.011563124 0.000996451 0.999984324 -0.005510116 -0.000512307 -0.002586182 0.005512676 0.999981463 1.910253763
0.999993086 -0.002539209 0.002748014 -0.015335268 0.002543214 0.999995708 -0.001454712 -0.002342459 -0.002744308 0.001461690 0.999995172 2.855139256
0.999985397 -0.005020068 0.002052719 -0.011940143 0.005010798 0.999977350 0.004495811 -0.005741145 -0.002075242 -0.004485461 0.999987781 3.810783625
0.999963284 -0.008550632 0.000785495 -0.015301001 0.008547052 0.999953568 0.004451147 -0.003290340 -0.000823519 -0.004444271 0.999989808 4.749105930
0.999941051 -0.010874540 0.000082268 -0.022432441 0.010874397 0.999939620 0.001560324 -0.000197148 -0.000099232 -0.001559339 0.999998808 5.663434982
0.999935389 -0.011364355 -0.000617579 -0.026744224 0.011363156 0.999933660 -0.001907834 -0.000582390 0.000639219 0.001900691 0.999998033 6.581407547
0.999938011 -0.011062087 -0.001389493 -0.034144077 0.011058612 0.999935865 -0.002483249 -0.002213710 0.001416873 0.002467728 0.999996006 7.507537365
0.999941170 -0.010594861 -0.002402653 -0.042702217 0.010593377 0.999943793 -0.000628263 -0.003348598 0.002409174 0.000602773 0.999997020 8.427877426
0.999942005 -0.010359753 -0.003014756 -0.051714282 0.010366709 0.999943733 0.002301975 -0.005419392 0.002990737 -0.002333096 0.999992907 9.345723152
0.999937236 -0.010483691 -0.004007472 -0.057085939 0.010498785 0.999937952 0.003764907 -0.004594594 0.003967752 -0.003806745 0.999984980 10.264737129
0.999919713 -0.011864727 -0.004491045 -0.067254111 0.011885438 0.999918878 0.004613637 -0.003506500 0.004435939 -0.004666644 0.999979377 11.176041603
0.999915481 -0.011895963 -0.005292689 -0.075552411 0.011920032 0.999918818 0.004539818 0.000044700 0.005238252 -0.004602523 0.999975801 12.077948570
0.999905407 -0.012412292 -0.005978184 -0.085853510 0.012431572 0.999917746 0.003199158 0.000696855 0.005937981 -0.003273173 0.999977112 12.980072021
0.999890983 -0.012774550 -0.007450609 -0.095341913 0.012784028 0.999917686 0.001226157 0.003040166 0.007434329 -0.001321272 0.999971569 13.879230499
0.999863088 -0.013986554 -0.008881643 -0.108300500 0.013986626 0.999902368 -0.000053513 0.003191870 0.008881520 -0.000070720 0.999960601 14.774088860
0.999852180 -0.013574786 -0.010584114 -0.121697083 0.013568212 0.999907851 -0.000692320 0.003392965 0.010592532 0.000548609 0.999943793 15.673977852
0.999853432 -0.012338039 -0.011896318 -0.143599808 0.012320017 0.999923050 -0.001586683 0.001684532 0.011914972 0.001439886 0.999928057 16.564552307
0.999852359 -0.010746759 -0.013435753 -0.162355840 0.010725772 0.999941349 -0.001632889 0.002340759 0.013452506 0.001488538 0.999908447 17.449317932
0.999829888 -0.010991535 -0.014837920 -0.180070192 0.010980074 0.999939561 -0.000853451 0.001403872 0.014846396 0.000690383 0.999889553 18.342153549
0.999814153 -0.010437928 -0.016233087 -0.200937107 0.010448214 0.999945462 0.000549118 -0.000743748 0.016226461 -0.000718623 0.999868095 19.217615128
0.999798000 -0.009983455 -0.017466063 -0.224768475 0.010002637 0.999949634 0.001011370 0.001625576 0.017455079 -0.001185873 0.999846935 20.094846725
0.999760926 -0.010908577 -0.018970031 -0.245214611 0.010924108 0.999940276 0.000715413 0.003065445 0.018961085 -0.000922473 0.999819756 20.973587036
0.999731362 -0.010794449 -0.020528840 -0.267238438 0.010801110 0.999941885 0.000213792 0.004427136 0.020525327 -0.000435470 0.999789178 21.841190338
0.999707162 -0.010768153 -0.021688268 -0.290385962 0.010784084 0.999941945 0.000617858 0.004101040 0.021680344 -0.000851565 0.999764502 22.698869705
0.999682784 -0.010767664 -0.022782678 -0.313562751 0.010826712 0.999938667 0.002470161 0.005194892 0.022754669 -0.002716038 0.999737263 23.559150696
0.999647379 -0.012107029 -0.023646779 -0.335495889 0.012233432 0.999911904 0.005208278 0.008051184 0.023581628 -0.005495720 0.999706686 24.404394150
0.999632776 -0.011981159 -0.024319394 -0.359972030 0.012149283 0.999903500 0.006777368 0.011019154 0.024235833 -0.007070338 0.999681175 25.238252640
0.999623477 -0.011433114 -0.024959967 -0.385631144 0.011578713 0.999917030 0.005696727 0.012226700 0.024892751 -0.005983582 0.999672115 26.064346313
0.999620557 -0.009828226 -0.025748122 -0.414249688 0.009908175 0.999946773 0.002979457 0.017967017 0.025717456 -0.003233442 0.999663949 26.874597549
0.999607325 -0.009448244 -0.026398007 -0.442659885 0.009482196 0.999954700 0.001161351 0.022910722 0.026385825 -0.001411205 0.999650776 27.667709351
0.999585688 -0.008762349 -0.027433598 -0.470063001 0.008788036 0.999961436 0.000815980 0.022845889 0.027425375 -0.001056729 0.999623239 28.455236435
0.999554336 -0.008866299 -0.028522236 -0.499112189 0.008878299 0.999960959 0.000294230 0.021157423 0.028518496 -0.000547328 0.999593079 29.236658096
0.999498487 -0.008384093 -0.030553356 -0.527223825 0.008370029 0.999965250 -0.000588082 0.020867249 0.030557202 0.000332054 0.999532938 30.009204865
0.999436736 -0.008426011 -0.032499906 -0.556182146 0.008404976 0.999964833 -0.000783690 0.022727175 0.032505341 0.000510086 0.999471426 30.769701004
0.999374211 -0.008234631 -0.034415882 -0.587861836 0.008243402 0.999966502 0.000113037 0.026657971 0.034413770 -0.000396670 0.999407589 31.523733139
0.999291122 -0.009045330 -0.036556497 -0.616919279 0.009144819 0.999955356 0.002555338 0.023990402 0.036531720 -0.002887827 0.999328315 32.272529602
0.999219477 -0.008142129 -0.038665183 -0.648479223 0.008310224 0.999957085 0.004188830 0.021897003 0.038629387 -0.004506873 0.999243438 33.010887146
0.999155879 -0.006516270 -0.040571027 -0.682441533 0.006702155 0.999967992 0.004447482 0.022892540 0.040540714 -0.004715637 0.999166787 33.739467621
0.999085367 -0.003517887 -0.042626381 -0.714666963 0.003673807 0.999987125 0.003580102 0.025600811 0.042613205 -0.003733425 0.999084711 34.457584381
0.999010324 -0.001684279 -0.044458359 -0.751864791 0.001804799 0.999995112 0.002670917 0.031437315 0.044453606 -0.002748510 0.999007702 35.172031403
0.998940051 -0.001377743 -0.046019685 -0.787433863 0.001556368 0.999991715 0.003845942 0.034536645 0.046013962 -0.003913485 0.998933196 35.870761871
0.998881817 0.000030563 -0.047287710 -0.821328163 0.000239539 0.999984026 0.005706272 0.038314782 0.047287084 -0.005711214 0.998865068 36.557590485
0.998874545 0.002929496 -0.047351588 -0.860971570 -0.002630601 0.999976575 0.006373386 0.038303614 0.047369104 -0.006241645 0.998857975 37.232635498
0.998913109 0.006200290 -0.046208229 -0.899243295 -0.006005489 0.999972820 0.004353386 0.038101796 0.046233922 -0.004071148 0.998922348 37.894088745
0.998986244 0.008016658 -0.044308152 -0.939441621 -0.007964062 0.999967694 0.001363511 0.035794362 0.044317611 -0.001009256 0.999017000 38.541660309
0.999075532 0.008763243 -0.042098839 -0.971732616 -0.008793657 0.999961555 -0.000537260 0.038883664 0.042092472 0.000906964 0.999113321 39.178710938
0.999197543 0.010107309 -0.038769856 -1.002249479 -0.010108683 0.999949276 0.000160657 0.041678630 0.038769472 0.000231383 0.999248147 39.818981171
0.999255180 0.014911557 -0.035604484 -1.034308672 -0.014815493 0.999886215 0.002960503 0.040222086 0.035644542 -0.002430798 0.999361575 40.441020966
0.999310434 0.019272724 -0.031750876 -1.063488722 -0.019073801 0.999796987 0.006556242 0.037755884 0.031870753 -0.005946107 0.999474287 41.059257507
0.999330282 0.024322717 -0.027354188 -1.089066625 -0.024122769 0.999680400 0.007616146 0.038058940 0.027530655 -0.006951182 0.999596715 41.660205841
0.999368012 0.027971694 -0.021951851 -1.109574318 -0.027805336 0.999582946 0.007847459 0.041324738 0.022162169 -0.007232115 0.999728203 42.239852905
0.999364078 0.031878777 -0.015997272 -1.126268387 -0.031725511 0.999449432 0.009745054 0.046782020 0.016299095 -0.009231328 0.999824524 42.802646637
0.999280035 0.036756013 -0.009439653 -1.138767838 -0.036652282 0.999268532 0.010937059 0.048266612 0.009834725 -0.010583193 0.999895573 43.351203918
0.999193311 0.040097736 -0.002361534 -1.144795060 -0.040070523 0.999140620 0.010624254 0.049171846 0.002785494 -0.010521049 0.999940693 43.879058838
0.999037623 0.043585043 0.004988134 -1.148445129 -0.043636236 0.998990893 0.010659098 0.049036298 -0.004518538 -0.010866496 0.999930680 44.380809784
0.998767436 0.048063315 0.012420351 -1.146130800 -0.048189823 0.998787463 0.010094426 0.054837726 -0.011920130 -0.010680510 0.999871850 44.867755890
0.998424232 0.052422769 0.020042811 -1.143129587 -0.052579232 0.998589933 0.007360326 0.056440473 -0.019628707 -0.008402556 0.999771953 45.328117371
0.998129308 0.054364271 0.027986549 -1.131864071 -0.054504711 0.998504579 0.004279319 0.057122387 -0.027712058 -0.005796706 0.999599040 45.770263672
0.997851133 0.054877803 0.035810061 -1.116938114 -0.055060536 0.998474658 0.004135879 0.056405280 -0.035528466 -0.006098707 0.999349952 46.183841705
0.997565925 0.054257449 0.043809570 -1.095971107 -0.054545175 0.998496890 0.005398152 0.059119087 -0.043450821 -0.007774606 0.999025166 46.587821960
0.997101784 0.055786565 0.051737271 -1.075051308 -0.056176972 0.998402238 0.006121478 0.059472915 -0.051313099 -0.009010173 0.998641849 46.962879181
0.996432662 0.058843136 0.060500771 -1.054723382 -0.059332449 0.998218417 0.006321694 0.059322476 -0.060020983 -0.009888795 0.998148024 47.315155029
0.995586634 0.063487723 0.069119059 -1.030951858 -0.064045124 0.997929871 0.005876092 0.056398630 -0.068602897 -0.010276889 0.997591019 47.642608643
0.994691253 0.067138858 0.077990361 -1.007173181 -0.067807704 0.997680783 0.005956634 0.053860918 -0.077409536 -0.011213351 0.996936262 47.942123413
0.993956923 0.066540696 0.087308578 -0.976074934 -0.067388847 0.997703791 0.006799811 0.047700085 -0.086655594 -0.012642334 0.996158063 48.214328766
0.993058562 0.065291360 0.097839512 -0.940210879 -0.066111684 0.997799098 0.005162414 0.042671371 -0.097287059 -0.011594906 0.995188773 48.473373413
0.991914213 0.064030834 0.109577216 -0.899765253 -0.064497568 0.997917771 0.000716473 0.040222347 -0.109303117 -0.007778137 0.993977964 48.735824585
0.990320504 0.065124363 0.122577019 -0.853198349 -0.065238409 0.997865021 -0.003087330 0.033311397 -0.122516327 -0.004939279 0.992454171 48.980400085
0.988163769 0.066999644 0.138001397 -0.811273634 -0.066926271 0.997744620 -0.005177159 0.028768340 -0.138036951 -0.004120035 0.990418494 49.225875854
0.985671163 0.068580121 0.154110730 -0.762555540 -0.068402886 0.997637033 -0.006458692 0.025239453 -0.154189423 -0.004175469 0.988032460 49.473884583
0.982850611 0.069090754 0.170974120 -0.709031880 -0.068800539 0.997601449 -0.007629373 0.020120202 -0.171091050 -0.004264575 0.985245943 49.718177795
0.979582310 0.068470366 0.189027622 -0.652762473 -0.068056852 0.997643828 -0.008685458 0.013946621 -0.189176828 -0.004356503 0.981933355 49.947296143
0.975729167 0.067489862 0.208323896 -0.587057889 -0.067080833 0.997706831 -0.009035979 0.008809405 -0.208455905 -0.005157869 0.978018165 50.181343079
0.971192598 0.067801386 0.228449181 -0.518048644 -0.067210861 0.997685075 -0.010373338 0.004837570 -0.228623554 -0.005279755 0.973500609 50.414249420
0.965872526 0.069799349 0.249438122 -0.442980140 -0.068798080 0.997549415 -0.012741287 0.002828378 -0.249716058 -0.004854403 0.968306959 50.654861450
0.959630609 0.071205877 0.272102892 -0.360581338 -0.069765739 0.997451186 -0.014976258 -0.000792283 -0.272475600 -0.004611784 0.962151647 50.892768860
0.952309549 0.072344303 0.296435326 -0.269036710 -0.070705727 0.997364938 -0.016259784 -0.005533061 -0.296830356 -0.005475329 0.954914510 51.132129669
0.943739712 0.075138167 0.322041541 -0.171056792 -0.073497795 0.997146070 -0.017267965 -0.011651721 -0.322419792 -0.007372877 0.946568072 51.373497009
0.933824480 0.077271804 0.349288136 -0.066877432 -0.075588033 0.996968210 -0.018470870 -0.019530069 -0.349656284 -0.009153447 0.936833322 51.607093811
0.922613680 0.078021586 0.377753794 0.047105126 -0.076154396 0.996897578 -0.019903228 -0.030870095 -0.378134549 -0.010404615 0.925692141 51.834106445
0.909960091 0.076173380 0.407641262 0.181728989 -0.073521294 0.997046828 -0.022193691 -0.039883580 -0.408127815 -0.009774929 0.912872434 52.063045502
0.895066202 0.073506258 0.439834595 0.326025128 -0.069546916 0.997262061 -0.025136692 -0.048300881 -0.440477848 -0.008090125 0.897726953 52.286869049
0.877729416 0.073135428 0.473543435 0.479115784 -0.067071043 0.997305930 -0.029708467 -0.055806946 -0.474440187 -0.005685044 0.880269289 52.507205963
0.858176887 0.075094901 0.507832885 0.640241027 -0.066532128 0.997169554 -0.035023499 -0.065825857 -0.509025335 -0.003730833 0.860743344 52.724227905
0.836364508 0.077053145 0.542732179 0.812040329 -0.066089615 0.997023582 -0.039704397 -0.077024445 -0.544175863 -0.002661600 0.838966787 52.937797546
0.811725736 0.080020025 0.578531802 0.999952078 -0.067237318 0.996787071 -0.043532126 -0.088955723 -0.580156147 -0.003562765 0.814497292 53.157535553
0.784304917 0.083982691 0.614665449 1.207504511 -0.070102036 0.996446431 -0.046696842 -0.101464756 -0.616402566 -0.006464716 0.787404478 53.385955811
0.754415751 0.088097513 0.650458753 1.436110377 -0.073534809 0.996057749 -0.049617957 -0.118550412 -0.652265310 -0.010398773 0.757919192 53.616031647
0.721470714 0.089265004 0.686667740 1.686073065 -0.073310778 0.995929539 -0.052441843 -0.136139587 -0.688553512 -0.012504874 0.725077450 53.837211609
0.685077548 0.087064542 0.723249137 1.969113588 -0.069815077 0.996109247 -0.053781051 -0.154169604 -0.725117147 -0.013649488 0.688489974 54.058559418
0.645978570 0.085943811 0.758502603 2.279825687 -0.067043833 0.996189773 -0.055777684 -0.172837183 -0.760405779 -0.014821714 0.649278820 54.280014038
0.603584468 0.085751131 0.792674780 2.609577417 -0.065049700 0.996181369 -0.058234151 -0.189667657 -0.794641018 -0.016414009 0.606857359 54.494644165
0.557761729 0.085564874 0.825579405 2.966541290 -0.061276171 0.996202707 -0.061850514 -0.209972680 -0.827736139 -0.016090481 0.560886443 54.696739197
0.509950459 0.084449872 0.856048822 3.347584009 -0.057982046 0.996280491 -0.063743860 -0.235386938 -0.858247340 -0.017129237 0.512949944 54.882820129
0.461483002 0.082409441 0.883313596 3.748877287 -0.056095276 0.996394336 -0.063652754 -0.263052970 -0.885373712 -0.020175036 0.464441538 55.058704376
0.411957622 0.080109075 0.907675207 4.174686432 -0.055843435 0.996475041 -0.062601276 -0.290009409 -0.909490049 -0.024898604 0.414978802 55.222011566
0.361840338 0.079714946 0.928826094 4.613265991 -0.058612429 0.996311426 -0.062673338 -0.312208176 -0.930395603 -0.031762980 0.365177751 55.372859955
0.312662393 0.080020197 0.946488142 5.067974091 -0.056283861 0.996254981 -0.065634981 -0.337305635 -0.948195219 -0.032750383 0.315995127 55.499858856
0.265762150 0.076885521 0.960968196 5.552848816 -0.044947304 0.996718705 -0.067315444 -0.368942916 -0.962990165 -0.025303001 0.268345743 55.594833374
0.221785963 0.071444474 0.972474933 6.051230431 -0.031714551 0.997312963 -0.066036358 -0.397457004 -0.974579394 -0.016195636 0.223455727 55.666992188
0.179680616 0.070702702 0.981181383 6.566924572 -0.022503229 0.997448146 -0.067753971 -0.424410164 -0.983467519 -0.009905643 0.180813044 55.725467682
0.141303718 0.072476491 0.987310112 7.085473061 -0.018818825 0.997332871 -0.070518941 -0.447868973 -0.989787340 -0.008615399 0.142290682 55.778934479
0.108745933 0.073201090 0.991371155 7.629876614 -0.009708819 0.997315645 -0.072575085 -0.484611273 -0.994022012 -0.001732772 0.109164655 55.815422058
0.079900295 0.071616799 0.994227231 8.182851791 -0.002356426 0.997426391 -0.071657918 -0.525497794 -0.996799946 0.003382689 0.079863384 55.839447021
0.055063702 0.069891624 0.996034086 8.752665520 0.005025223 0.997515023 -0.070273392 -0.562531710 -0.998470068 0.008874828 0.054575622 55.854618073
0.035169892 0.069062687 0.996992588 9.328410149 0.009849629 0.997536838 -0.069447882 -0.593898833 -0.999332726 0.012262501 0.034403004 55.861125946
0.019307140 0.070908733 0.997296393 9.912798882 0.012633154 0.997384846 -0.071159638 -0.627603769 -0.999733686 0.013972905 0.018360840 55.861976624
0.005944101 0.070577309 0.997489035 10.498397827 0.013417180 0.997410774 -0.070651770 -0.666240811 -0.999892175 0.013803467 0.004981761 55.856685638
-0.005516917 0.071516670 0.997424543 11.096191406 0.014433040 0.997341037 -0.071430899 -0.704811752 -0.999880493 0.014001808 -0.006534446 55.848876953
-0.014575284 0.074452206 0.997118413 11.718953133 0.019148402 0.997061849 -0.074168131 -0.742889881 -0.999710262 0.018012220 -0.015958091 55.834510803
-0.021062918 0.076461129 0.996850371 12.342334747 0.023374168 0.996836364 -0.075966209 -0.780393124 -0.999504745 0.021700496 -0.022783484 55.814987183
-0.025589991 0.075931899 0.996784866 12.981162071 0.023738379 0.996876061 -0.075329445 -0.818836331 -0.999390483 0.021734396 -0.027312536 55.796291351
-0.029303325 0.073200159 0.996887028 13.632134438 0.021376118 0.997132719 -0.072589882 -0.859718561 -0.999341846 0.019182466 -0.030784026 55.784564972
-0.031840961 0.066443920 0.997282326 14.300045013 0.019267250 0.997643232 -0.065852836 -0.899931312 -0.999307096 0.017118087 -0.033046093 55.770378113
-0.033089727 0.060838934 0.997599304 14.978274345 0.020387083 0.997978926 -0.060185887 -0.936950147 -0.999244332 0.018346623 -0.034263156 55.750598907
-0.033644676 0.058468614 0.997722447 15.665544510 0.022968533 0.998068810 -0.057714406 -0.973900497 -0.999169767 0.020974455 -0.034922618 55.725410461
-0.033371013 0.060653362 0.997601211 16.361150742 0.026145523 0.997868061 -0.059795022 -1.017740607 -0.999100864 0.024087399 -0.034885667 55.700611115
-0.032516599 0.068102293 0.997148633 17.055755615 0.026903089 0.997373879 -0.067240410 -1.056688428 -0.999108970 0.024639964 -0.034263358 55.678825378
-0.030393261 0.076119155 0.996635795 17.755554199 0.027497118 0.996782124 -0.075291827 -1.096360087 -0.999159634 0.025116259 -0.032388512 55.659797668
-0.028324801 0.076875232 0.996638656 18.464443207 0.028028766 0.996707141 -0.076083973 -1.137340188 -0.999205649 0.025779499 -0.030386247 55.644802094
-0.026160078 0.072633475 0.997015953 19.195688248 0.027308982 0.997036338 -0.071918465 -1.182541132 -0.999284565 0.025346110 -0.028066091 55.631633759
-0.023719527 0.066150673 0.997528076 19.930051804 0.026616318 0.997496307 -0.065515712 -1.233574986 -0.999364138 0.024996534 -0.025420820 55.618366241
-0.020922499 0.064730257 0.997683823 20.665367126 0.024629092 0.997632265 -0.064210452 -1.278787255 -0.999477565 0.023228617 -0.022467198 55.611679077
-0.017408825 0.070070080 0.997390568 21.391077042 0.032223839 0.997062325 -0.069484621 -1.324744225 -0.999328852 0.030930120 -0.019615604 55.592014313
-0.014215089 0.075749137 0.997025967 22.124109268 0.033697799 0.996596098 -0.075236082 -1.369443178 -0.999330759 0.032528106 -0.016719276 55.582206726
-0.011767743 0.076392852 0.997008741 22.856178284 0.027648317 0.996720910 -0.076044507 -1.415413022 -0.999548197 0.026670760 -0.013841286 55.588005066
-0.008750878 0.072865963 0.997303784 23.584630966 0.022911891 0.997094214 -0.072649650 -1.465734482 -0.999698937 0.022214387 -0.010394946 55.595870972
-0.003942380 0.069139421 0.997599661 24.314352036 0.026909750 0.997252941 -0.069009088 -1.521613240 -0.999629855 0.026573112 -0.005792075 55.590576172
-0.000340641 0.070194528 0.997533679 25.048995972 0.031559542 0.997037113 -0.070148841 -1.573849916 -0.999501586 0.031457819 -0.002554942 55.586872101
0.002338709 0.074861370 0.997191668 25.783050537 0.031065743 0.996707201 -0.074897885 -1.623094797 -0.999514401 0.031153671 0.000005380 55.592834473
0.006242578 0.075621657 0.997117460 26.503984451 0.027361207 0.996750176 -0.075765133 -1.670109034 -0.999605954 0.027755314 0.004153184 55.607349396
0.009759622 0.075269409 0.997115850 27.245613098 0.026534515 0.996792257 -0.075504735 -1.720984936 -0.999600112 0.027194889 0.007731069 55.621616364
0.013364302 0.072260015 0.997296631 27.989730835 0.030451044 0.996893287 -0.072638884 -1.772772074 -0.999446750 0.031339500 0.011122379 55.630413055
0.017023934 0.072773911 0.997203529 28.727584839 0.034761984 0.996701598 -0.073330767 -1.825489283 -0.999250412 0.035913158 0.014438005 55.639587402
0.020529440 0.073776625 0.997063816 29.461746216 0.037369292 0.996520042 -0.074505866 -1.877209425 -0.999090433 0.038789138 0.017701004 55.652332306
0.023215707 0.073764764 0.997005761 30.200162888 0.037756205 0.996497929 -0.074606404 -1.925049424 -0.999017060 0.039375197 0.020349313 55.673210144
0.026621927 0.072281942 0.997029245 30.953056335 0.038984533 0.996548414 -0.073288068 -1.978021264 -0.998884916 0.040819786 0.023712151 55.697525024
0.030302402 0.071393073 0.996988177 31.699583054 0.040801771 0.996526062 -0.072600156 -2.032223225 -0.998707414 0.042878844 0.027284157 55.719207764
0.033040348 0.071904339 0.996864438 32.434970856 0.038868617 0.996561587 -0.073170811 -2.079193115 -0.998697698 0.041164331 0.030131904 55.754547119
0.036130577 0.073599815 0.996633410 33.173507690 0.035995618 0.996541202 -0.074897982 -2.130124807 -0.998698354 0.038580541 0.033356320 55.787460327
0.038758330 0.073628582 0.996532559 33.924087524 0.037501670 0.996471763 -0.075082690 -2.182081699 -0.998544455 0.040281709 0.035860371 55.818866730
0.041462563 0.073569298 0.996428072 34.676887512 0.035158362 0.996560276 -0.075042069 -2.231488466 -0.998521090 0.038144212 0.038733348 55.854412079
0.043669730 0.073890746 0.996309996 35.430927277 0.033460904 0.996593356 -0.075378425 -2.284174919 -0.998485327 0.036629185 0.041048490 55.895122528
0.046320826 0.074124485 0.996172845 36.181819916 0.030258851 0.996681273 -0.075569332 -2.336103916 -0.998467982 0.033643480 0.043924153 55.939311981
0.049591072 0.076014236 0.995872915 36.939979553 0.028889824 0.996573091 -0.077506311 -2.388428926 -0.998351395 0.032614220 0.047225069 55.982589722
0.052771173 0.079639167 0.995426118 37.679756165 0.027582802 0.996318161 -0.081172824 -2.440999508 -0.998225331 0.031740233 0.050380185 56.031333923
0.056208562 0.081802912 0.995062470 38.442279816 0.027532041 0.996131718 -0.083446063 -2.498935699 -0.998039067 0.032086488 0.053738914 56.076133728
0.058868799 0.084239431 0.994705319 39.209232330 0.021275038 0.996100783 -0.085616753 -2.555263042 -0.998038709 0.026202554 0.056847043 56.134010315
0.061561178 0.083522968 0.994602740 39.981975555 0.017677812 0.996244729 -0.084755085 -2.614112377 -0.997946441 0.022800026 0.059853479 56.189617157
0.065329023 0.084208958 0.994304538 40.751396179 0.019544052 0.996133506 -0.085648030 -2.675171852 -0.997672021 0.025028042 0.063430630 56.244400024
0.069147572 0.085355535 0.993948460 41.531673431 0.018543465 0.996050656 -0.086826161 -2.740900993 -0.997433722 0.024435069 0.067291684 56.299175262
0.072773620 0.086483181 0.993592083 42.313041687 0.014354498 0.996039093 -0.087747589 -2.801796198 -0.997244835 0.020648230 0.071243942 56.366916656
0.076890707 0.084608324 0.993443429 43.107551575 0.013110871 0.996220708 -0.085859679 -2.862855196 -0.996952951 0.019626722 0.075490817 56.431022644
0.081808791 0.084364019 0.993071258 43.902427673 0.013442116 0.996226609 -0.085739493 -2.931411028 -0.996557057 0.020363225 0.080366053 56.496498108
0.086996555 0.088090636 0.992306471 44.693473816 0.010037720 0.995954454 -0.089294545 -2.995702028 -0.996157706 0.017728815 0.085760362 56.570442200
0.093038201 0.096616320 0.990963995 45.483177185 0.008182409 0.995172679 -0.097794920 -3.063136339 -0.995628595 0.017207138 0.091798507 56.652435303
0.100256726 0.101273775 0.989794314 46.270740509 0.006555930 0.994717181 -0.102441579 -3.134747505 -0.994939744 0.016759481 0.099063128 56.741382599
0.107601136 0.104255877 0.988712966 47.065994263 0.002118782 0.994459927 -0.105092525 -3.211335182 -0.994191647 0.013402945 0.106784105 56.833969116
0.114516966 0.102740563 0.988094509 47.877418518 -0.001942468 0.994658649 -0.103198037 -3.288262129 -0.993419111 0.009898587 0.114104837 56.938251495
0.121965379 0.101260066 0.987355769 48.673412323 -0.002271901 0.994807780 -0.101743743 -3.362511158 -0.992531478 0.010166043 0.121562131 57.043178558
0.129227296 0.097962111 0.986764610 49.483078003 -0.002425108 0.995136261 -0.098475695 -3.430971384 -0.991611719 0.010332741 0.128836304 57.161174774
0.136586338 0.092657104 0.986285746 50.286529541 -0.004309769 0.995662034 -0.092941195 -3.500585556 -0.990618467 0.008443838 0.136393115 57.288669586
0.143649802 0.085591041 0.985920668 51.093902588 -0.006560297 0.996313095 -0.085537471 -3.560868263 -0.989606500 0.005819516 0.143681645 57.422248840
0.151253805 0.082910523 0.985012114 51.905048370 -0.006107817 0.996535361 -0.082942642 -3.627498865 -0.988475800 0.006529123 0.151236117 57.557842255
0.158641487 0.084796384 0.983688533 52.696437836 -0.006192438 0.996370733 -0.084891021 -3.692463398 -0.987316489 0.007375814 0.158590794 57.686832428
0.164517686 0.091531225 0.982118428 53.472766876 -0.005618372 0.995755732 -0.091861099 -3.754328966 -0.986357808 0.009594873 0.164333627 57.820728302
0.169511840 0.095049925 0.980934203 54.245525360 -0.007175620 0.995430589 -0.095214657 -3.823660374 -0.985501707 0.009101205 0.169419274 57.962501526
0.174528494 0.097962566 0.979767203 55.014472961 -0.008490948 0.995151043 -0.097988278 -3.896111727 -0.984615207 0.008782596 0.174513966 58.107425690
0.179857284 0.097538494 0.978845298 55.774726868 -0.010651533 0.995206475 -0.097211719 -3.964501143 -0.983634770 0.007058036 0.180034012 58.252071381
0.185179576 0.094547167 0.978146136 56.527339935 -0.006728790 0.995459378 -0.094946831 -4.034998894 -0.982681394 0.011000477 0.184974879 58.395671844
0.189730778 0.087911189 0.977892816 57.286048889 -0.005827870 0.996066511 -0.088414304 -4.102069378 -0.981818557 0.011075885 0.189496771 58.547172546
0.192966238 0.081563227 0.977809787 58.030765533 -0.007603684 0.996633232 -0.081632867 -4.172039032 -0.981175661 0.008317434 0.192936718 58.704650879
0.196078613 0.078291245 0.977458000 58.773624420 -0.011188563 0.996921182 -0.077605791 -4.235045910 -0.980524063 0.004280490 0.196350858 58.865753174
0.199230045 0.078290597 0.976820529 59.498687744 -0.012571960 0.996925533 -0.077337861 -4.292226791 -0.979871809 0.003127483 0.199601755 59.023067474
0.201264724 0.080359027 0.976235271 60.210727692 -0.014450503 0.996764183 -0.079069719 -4.348992825 -0.979429960 0.001806861 0.201774672 59.177646637
0.202631935 0.084751055 0.975580812 60.904438019 -0.018388145 0.996401370 -0.082740515 -4.404810429 -0.979081988 -0.001173245 0.203461111 59.335830688
0.204571694 0.088939168 0.974802852 61.593208313 -0.019570982 0.996036172 -0.086769305 -4.462304115 -0.978655577 -0.001327300 0.205501378 59.489818573
0.206618950 0.094071910 0.973888814 62.278312683 -0.020311102 0.995565057 -0.091856539 -4.529417038 -0.978210390 -0.000801448 0.207613260 59.643543243
0.208201379 0.096157044 0.973348022 62.950855255 -0.019546112 0.995365918 -0.094151251 -4.586783886 -0.977890372 0.000577256 0.209116012 59.793029785
0.209470421 0.096201293 0.973071337 63.617431641 -0.022178845 0.995359838 -0.093630455 -4.646533489 -0.977563143 -0.001968781 0.210632056 59.947937012
0.209960893 0.093096949 0.973267555 64.281585693 -0.022131510 0.995653629 -0.090463914 -4.710654736 -0.977459013 -0.002545990 0.211108699 60.097942352
0.210736051 0.090473816 0.973347425 64.921623230 -0.021969574 0.995894492 -0.087813072 -4.771420956 -0.977295876 -0.002878643 0.211858526 60.239261627
0.210684642 0.089185648 0.973477423 65.563087463 -0.020785337 0.996012926 -0.086751811 -4.825837612 -0.977332830 -0.001956775 0.211698368 60.378032684
0.209158525 0.088533118 0.973865986 66.190223694 -0.021157317 0.996069670 -0.086007662 -4.883010387 -0.977652490 -0.002615148 0.210209578 60.516620636
0.207492650 0.089338087 0.974148810 66.802528381 -0.022411522 0.995993674 -0.086567849 -4.938438892 -0.977979541 -0.003869955 0.208663583 60.651805878
0.205332473 0.092138946 0.974345684 67.402420044 -0.023156278 0.995737016 -0.089281917 -4.994563103 -0.978417993 -0.004229733 0.206590742 60.781227112
0.203298137 0.095917091 0.974407673 67.993843079 -0.021222800 0.995387793 -0.093554445 -5.051243782 -0.978886485 -0.001660204 0.204396114 60.903583527
0.201717392 0.096401893 0.974688292 68.580970764 -0.018920334 0.995342135 -0.094529010 -5.103122711 -0.979260623 0.000626725 0.202601776 61.021713257
0.199450329 0.095426746 0.975250602 69.166923523 -0.019813349 0.995436013 -0.093349807 -5.154667854 -0.979707301 -0.000704324 0.200430751 61.145221710
0.196987286 0.092501737 0.976032674 69.748344421 -0.019896057 0.995711029 -0.090351209 -5.206124306 -0.980203807 -0.001621157 0.197982803 61.265083313
0.194882542 0.088610113 0.976815939 70.316253662 -0.019543862 0.996063709 -0.086456977 -5.261122227 -0.980631471 -0.002241793 0.195847198 61.379661560
0.193203613 0.087525822 0.977247119 70.878135681 -0.015824493 0.996161401 -0.086091325 -5.314755440 -0.981030703 0.001168721 0.193847030 61.487396240
0.191534042 0.088883840 0.977453172 71.424720764 -0.012012023 0.996028483 -0.088219181 -5.362203121 -0.981412053 0.005155793 0.191841051 61.589817047
0.189190522 0.090881266 0.977725863 71.969505310 -0.007737282 0.995814681 -0.091065466 -5.408118725 -0.981909573 0.009663787 0.189101875 61.689613342
0.187571123 0.092883229 0.977849722 72.514663696 -0.008203878 0.995632291 -0.092998654 -5.452070713 -0.982216358 0.009421709 0.187513888 61.794521332
0.186373428 0.095555246 0.977821290 73.051193237 -0.008529517 0.995378792 -0.095645256 -5.499762058 -0.982441545 0.009485399 0.186327219 61.898647308
0.184971377 0.093995869 0.978238583 73.595268250 -0.007021493 0.995516241 -0.094328336 -5.553095341 -0.982718468 0.010579356 0.184802011 62.005088806
0.185763523 0.092537709 0.978227496 74.139923096 -0.000952418 0.995571792 -0.093997553 -5.596645355 -0.982593656 0.016529642 0.185029075 62.102855682
0.188482091 0.090492189 0.977898777 74.692024231 0.004355220 0.995658755 -0.092975073 -5.641160965 -0.982066572 0.021783106 0.187269762 62.197353363
0.190407410 0.089967608 0.977574170 75.235908508 0.007084590 0.995639741 -0.093010113 -5.688551903 -0.981679201 0.024635531 0.188939855 62.305561066
0.193707332 0.089522302 0.976966560 75.784713745 0.004592929 0.995734036 -0.092152685 -5.743309498 -0.981048226 0.022337794 0.192469880 62.421009064
0.199150264 0.090187803 0.975810289 76.332611084 0.003448680 0.995685160 -0.092728540 -5.792294025 -0.979962528 0.021832176 0.197979987 62.541454315
0.205643266 0.089146957 0.974558413 76.893707275 0.004592905 0.995743155 -0.092053972 -5.838102818 -0.978615880 0.023406338 0.204358473 62.664169312
0.213379100 0.089480624 0.972863317 77.460639954 0.002953907 0.995732903 -0.092231981 -5.880927086 -0.976964712 0.022554129 0.212204307 62.793926239
0.221751183 0.087417796 0.971177101 78.031822205 0.003485024 0.995895684 -0.090438515 -5.927755356 -0.975096703 0.023439430 0.220536441 62.935138702
0.230591461 0.087085783 0.969146013 78.610237122 -0.000036494 0.995987535 -0.089489035 -5.980274200 -0.973050296 0.020600045 0.229669437 63.086391449
0.240122691 0.086861774 0.966848731 79.188743591 -0.001257077 0.996015370 -0.089169905 -6.029675484 -0.970741391 0.020196319 0.239275128 63.242713928
0.249723971 0.090753213 0.964055002 79.772315979 -0.006583376 0.995734155 -0.092030071 -6.077578545 -0.968294322 0.016635384 0.249256223 63.408824921
0.259415507 0.092980199 0.961279631 80.362266541 -0.010062258 0.995560527 -0.093580589 -6.127031326 -0.965713024 0.014603619 0.259199500 63.574748993
0.270165324 0.095780149 0.958038151 80.955993652 -0.014310580 0.995328903 -0.095472731 -6.179195881 -0.962707222 0.012083350 0.270274073 63.757328033
0.280640423 0.097378694 0.954860508 81.564849854 -0.015498005 0.995169759 -0.096934542 -6.235620975 -0.959687471 0.012405329 0.280794114 63.939830780
0.290494740 0.098099820 0.951834738 82.181159973 -0.018813461 0.995123744 -0.096819595 -6.294139862 -0.956691265 0.010218286 0.290923893 64.139129639
0.300853491 0.098464578 0.948573709 82.809089661 -0.019739503 0.995085120 -0.097031944 -6.351197720 -0.953465641 0.010468035 0.301318556 64.349258423
0.310948253 0.099496722 0.945204616 83.448783875 -0.024199767 0.995011270 -0.096778527 -6.406915665 -0.950118303 0.007219392 0.311804950 64.571456909
0.321552396 0.094626933 0.942151785 84.109024048 -0.023610244 0.995485485 -0.091925561 -6.460517406 -0.946596980 0.007314462 0.322335064 64.801918030
0.332388610 0.087506220 0.939074397 84.768196106 -0.020021550 0.996116340 -0.085734911 -6.516037941 -0.942929506 0.009695593 0.332849920 65.038253784
0.343334794 0.083280370 0.935513735 85.426887512 -0.018597631 0.996468127 -0.081881262 -6.568336487 -0.939028442 0.010714356 0.343671173 65.288726807
0.353702724 0.080126747 0.931919813 86.101051331 -0.019389488 0.996737599 -0.078340709 -6.619585991 -0.935156405 0.009639883 0.354102612 65.548988342
0.363333344 0.077661842 0.928416967 86.787643433 -0.013334348 0.996850550 -0.078167975 -6.667653084 -0.931563199 0.016021205 0.363224834 65.812049866
0.372143745 0.072055466 0.925374269 87.473464966 -0.006904587 0.997169018 -0.074869178 -6.717282772 -0.928148866 0.021472774 0.371587932 66.076492310
0.379361808 0.062582202 0.923129797 88.186767578 0.002389990 0.997639894 -0.068615712 -6.765780926 -0.925244808 0.028236451 0.378317088 66.358421326
0.386443734 0.058280163 0.920470119 88.918823242 0.007695967 0.997762680 -0.066405050 -6.814149380 -0.922280371 0.032745719 0.385130793 66.655723572
0.393708289 0.058529194 0.917370498 89.615745544 0.009143099 0.997671843 -0.067576490 -6.868482590 -0.919189513 0.034993026 0.392256707 66.958518982
0.401108265 0.064664841 0.913745701 90.326904297 0.011644424 0.997064352 -0.075672835 -6.913948059 -0.915956140 0.040993031 0.399177909 67.270721436
0.408472449 0.068932429 0.910164356 91.033531189 0.015416180 0.996480763 -0.082388386 -6.958517075 -0.912639916 0.047684632 0.405972391 67.577507019
0.413593680 0.071048051 0.907685518 91.734397888 0.013432428 0.996365607 -0.084110029 -7.021217823 -0.910361886 0.046979789 0.411136329 67.910842896
0.418106079 0.072596923 0.905492961 92.418693542 0.006604264 0.996531844 -0.082945406 -7.080799103 -0.908373594 0.040660087 0.416176707 68.236633301
0.421812415 0.076299101 0.903467357 93.109741211 -0.000203499 0.996460557 -0.084057555 -7.149950981 -0.906682432 0.035272665 0.420335084 68.585983276
0.425756097 0.079355188 0.901351750 93.791763306 -0.001018285 0.996187925 -0.087223642 -7.214277267 -0.904836714 0.036218163 0.424214035 68.919601440
0.429642349 0.083631173 0.899118364 94.466400146 -0.004431663 0.995885015 -0.090514272 -7.280678749 -0.902987599 0.034904178 0.428245127 69.256309509
0.432917714 0.086708754 0.897253811 95.125556946 -0.007601264 0.995678425 -0.092552803 -7.344872475 -0.901400745 0.033247489 0.431706071 69.590728760
0.436795622 0.085152872 0.895521760 95.776664734 -0.008792611 0.995865822 -0.090405747 -7.412597656 -0.899517179 0.031614866 0.435738713 69.919685364
0.440688431 0.082154565 0.893893182 96.427078247 -0.008000739 0.996122658 -0.087605827 -7.477891922 -0.897623837 0.031455077 0.439637214 70.250389099
0.444007546 0.079470500 0.892492235 97.058120728 -0.008581962 0.996390104 -0.084452532 -7.544442177 -0.895981252 0.029838234 0.443086922 70.573623657
0.447594285 0.078393795 0.890794218 97.685775757 -0.009640830 0.996514678 -0.082853526 -7.611702919 -0.894184113 0.028496778 0.446790189 70.900199890
0.450822979 0.080211483 0.889002442 98.298995972 -0.011830120 0.996403277 -0.083902754 -7.670125961 -0.892534375 0.027308289 0.450150520 71.222244263
0.453593165 0.080731675 0.887545049 98.903007507 -0.011168129 0.996324837 -0.084918782 -7.729032516 -0.891138315 0.028606366 0.452827871 71.534652710
0.455712914 0.078987770 0.886615574 99.509658813 -0.009311146 0.996423125 -0.083984621 -7.784414291 -0.890077531 0.030017478 0.454818457 71.849044800
0.457462013 0.077777520 0.885821462 100.096527100 -0.007518376 0.996469796 -0.083610095 -7.843164444 -0.889196754 0.031588513 0.456431955 72.151092529
0.459239334 0.077824026 0.884897232 100.676536560 -0.009061233 0.996513188 -0.082937792 -7.900381565 -0.888265729 0.030070046 0.458343327 72.459007263
0.461248219 0.077236831 0.883903265 101.247596741 -0.007546772 0.996509075 -0.083138399 -7.951368809 -0.887238383 0.031676825 0.460221022 72.756965637
0.463965267 0.079124190 0.882312894 101.804954529 -0.008155019 0.996341944 -0.085061811 -8.000233650 -0.885815203 0.032270450 0.462913394 73.051887512
0.466847330 0.079168595 0.880787373 102.360725403 -0.005236536 0.996214390 -0.086768121 -8.050458908 -0.884321749 0.035895191 0.465494663 73.343566895
0.469982475 0.078531981 0.879175603 102.903572083 -0.003555784 0.996194243 -0.087083846 -8.102097511 -0.882667899 0.037801720 0.468473136 73.630523682
0.473342925 0.076581083 0.877543390 103.438064575 -0.000418264 0.996232808 -0.086713262 -8.155346870 -0.880877435 0.040678058 0.471591860 73.912750244
0.476710558 0.075827911 0.875784039 103.955551147 0.000382723 0.996254265 -0.086466946 -8.209805489 -0.879059553 0.041554883 0.474895984 74.188049316
0.479854435 0.075473934 0.874096036 104.469329834 0.001217019 0.996234417 -0.086688153 -8.261027336 -0.877346635 0.042661481 0.477955699 74.472335815
0.483473033 0.074665718 0.872169375 104.976257324 0.001885417 0.996264040 -0.086334579 -8.310791016 -0.875356555 0.043384835 0.481526077 74.753799438
0.486839145 0.074148938 0.870339096 105.481506348 0.003548949 0.996214032 -0.086858138 -8.357723236 -0.873483717 0.045374729 0.484732866 75.039215088
0.491051465 0.075449198 0.867857397 105.975448608 0.003017033 0.996088624 -0.088304438 -8.404901505 -0.871124625 0.045980379 0.488903195 75.311584473
0.495442778 0.075643934 0.865341008 106.472282410 0.004947151 0.995938838 -0.089892671 -8.453495026 -0.868625820 0.048817649 0.493056536 75.588340759
0.500210464 0.079106227 0.862283230 106.958015442 0.002714542 0.995669723 -0.092917927 -8.502390862 -0.865898967 0.048819225 0.497829735 75.874702454
0.505485833 0.084959708 0.858642280 107.438415527 -0.000917113 0.995192409 -0.097931027 -8.556962013 -0.862833738 0.048715286 0.503133655 76.169723511
0.511370003 0.091872416 0.854435980 107.917907715 -0.006119433 0.994632661 -0.103284582 -8.613674164 -0.859338224 0.047587980 0.509187579 76.469009399
0.517416954 0.098281048 0.850071251 108.386375427 -0.011402617 0.994086087 -0.107990913 -8.664830208 -0.855656803 0.046183307 0.515477777 76.764495850
0.523921192 0.102581017 0.845567465 108.857078552 -0.015050171 0.993680894 -0.111224428 -8.722183228 -0.851633132 0.045546912 0.522154391 77.062156677
0.529406071 0.102750450 0.842123568 109.338821411 -0.019134238 0.993831635 -0.109232098 -8.778682709 -0.848152101 0.041714761 0.528106570 77.373115540
0.534784377 0.101836897 0.838829875 109.822952271 -0.025534676 0.994204879 -0.104420766 -8.835428238 -0.844601989 0.034423370 0.534285605 77.700958252
0.540354431 0.099434882 0.835542023 110.312911987 -0.031665266 0.994692147 -0.097896583 -8.891401291 -0.840840876 0.026441220 0.540634930 78.042793274
0.545930564 0.097824536 0.832100213 110.811813354 -0.038089182 0.995030701 -0.091989443 -8.947798729 -0.836963594 0.018525869 0.546943665 78.394042969
0.551973104 0.095913418 0.828327775 111.312973022 -0.040594932 0.995275319 -0.088193357 -8.999183655 -0.832872629 0.015054493 0.553258717 78.742012024
0.558065593 0.099592395 0.823798895 111.815093994 -0.045821451 0.994954765 -0.089243397 -9.049651146 -0.828530192 0.012056054 0.559813440 79.100112915
0.563876987 0.103650421 0.819328904 112.326507568 -0.049827300 0.994554818 -0.091525666 -9.099001884 -0.824353755 0.010784320 0.565971136 79.475692749
0.569799483 0.107103400 0.814774752 112.849800110 -0.052906524 0.994194329 -0.093689129 -9.150493622 -0.820078433 0.010277164 0.572157800 79.866134644
0.575952172 0.109315060 0.810141802 113.377922058 -0.055334523 0.993958771 -0.094779313 -9.201707840 -0.815607965 0.009759584 0.578521550 80.258705139
