1.000000000 0.000000000 0.000000000 0.000000000 0.000000000 1.000000000 0.000000000 0.000000000 0.000000000 0.000000000 1.000000000 0.000000000
0.999998093 0.001090293 0.001632148 -0.009463779 -0.001082693 0.999988616 -0.004650380 -0.002027496 -0.001637200 0.004648604 0.999987841 0.955177426
0.999996185 -0.001001626 0.002584873 -0.011490721 0.001015740 0.999984562 -0.005464808 -0.000872990 -0.002579360 0.005467413 0.999981701 1.912457347
0.999992967 -0.002570254 0.002742010 -0.015321986 0.002574146 0.999995649 -0.001416918 -0.002418250 -0.002738356 0.001423968 0.999995172 2.857639313
0.999985039 -0.005086090 0.002010656 -0.011094084 0.005076909 0.999976754 0.004545267 -0.005715091 -0.002033727 -0.004534990 0.999987543 3.814376593
0.999963462 -0.008521050 0.000700267 -0.011711713 0.008517853 0.999953747 0.004449193 -0.002458679 -0.000738146 -0.004443064 0.999989808 4.742714405
0.999940157 -0.010941899 -0.000029866 -0.018556196 0.010941935 0.999938726 0.001635348 -0.001200667 0.000011970 -0.001635575 0.999998629 5.656294823
0.999933600 -0.011505996 -0.000733619 -0.023371046 0.011504643 0.999932051 -0.001824763 -0.000968654 0.000754565 0.001816204 0.999998033 6.577980042
0.999935389 -0.011266318 -0.001522042 -0.030832523 0.011262643 0.999933600 -0.002403362 -0.002474206 0.001549018 0.002386067 0.999995947 7.503159523
0.999939144 -0.010755574 -0.002476431 -0.040238217 0.010754421 0.999941945 -0.000479842 -0.004823660 0.002481448 0.000453182 0.999996781 8.421584129
0.999938965 -0.010588406 -0.003152841 -0.048692610 0.010596233 0.999940693 0.002475007 -0.007357293 0.003126448 -0.002508263 0.999991953 9.340516090
0.999934852 -0.010689086 -0.004002794 -0.058258656 0.010704635 0.999935031 0.003881880 -0.004397375 0.003961040 -0.003924474 0.999984443 10.252992630
0.999918103 -0.011982616 -0.004489780 -0.067394741 0.012003845 0.999916613 0.004730280 -0.003145218 0.004432725 -0.004783786 0.999978721 11.161975861
0.999914169 -0.011984915 -0.005295992 -0.075468935 0.012009392 0.999917150 0.004613425 0.001343222 0.005240261 -0.004676629 0.999975324 12.063418388
0.999904454 -0.012465908 -0.005974276 -0.086237460 0.012485488 0.999916732 0.003250650 0.003598379 0.005933255 -0.003324930 0.999976873 12.969731331
0.999889314 -0.012867497 -0.007464766 -0.095632166 0.012877258 0.999916196 0.001260581 0.007146805 0.007447919 -0.001356566 0.999971330 13.873607635
0.999861777 -0.014039764 -0.008900167 -0.107811734 0.014040233 0.999901354 -0.000010219 0.008173014 0.008899433 -0.000114741 0.999960363 14.772322655
0.999850869 -0.013658306 -0.010559360 -0.122962482 0.013652006 0.999906480 -0.000668702 0.008917514 0.010567507 0.000524447 0.999943972 15.668848991
0.999851704 -0.012395967 -0.011949618 -0.144225612 0.012378743 0.999922156 -0.001514537 0.007083860 0.011967462 0.001366392 0.999927402 16.563776016
0.999851704 -0.010815101 -0.013396273 -0.166256502 0.010795698 0.999940455 -0.001520087 0.006343234 0.013411917 0.001375241 0.999909043 17.454652786
0.999828458 -0.011101766 -0.014820715 -0.183243990 0.011091745 0.999938071 -0.000758367 0.005683764 0.014828218 0.000593851 0.999889791 18.347894669
0.999814749 -0.010426360 -0.016175592 -0.204471201 0.010437955 0.999945223 0.000632419 0.003991996 0.016168114 -0.000801141 0.999868870 19.225767136
0.999798238 -0.009960880 -0.017441493 -0.226993740 0.009982738 0.999949396 0.001166502 0.005245445 0.017428990 -0.001340379 0.999847114 20.105457306
0.999760747 -0.010937897 -0.018938050 -0.247218713 0.010956856 0.999939501 0.000897585 0.006602845 0.018927086 -0.001104871 0.999820173 20.983659744
0.999730945 -0.010840843 -0.020501547 -0.269116819 0.010851049 0.999940991 0.000386721 0.008156669 0.020496145 -0.000609079 0.999789655 21.850593567
0.999705434 -0.010838022 -0.021711260 -0.290610999 0.010858183 0.999940634 0.000811036 0.007361797 0.021701181 -0.001046541 0.999763846 22.713535309
0.999681890 -0.010752843 -0.022809541 -0.313571811 0.010816609 0.999937773 0.002674179 0.008989238 0.022779368 -0.002920049 0.999736130 23.573045731
0.999646544 -0.012077031 -0.023679351 -0.335392356 0.012208549 0.999910593 0.005417536 0.011981969 0.023611808 -0.005704711 0.999704838 24.417493820
0.999634504 -0.011765820 -0.024335193 -0.359373301 0.011940308 0.999903738 0.007037356 0.013442127 0.024250053 -0.007325353 0.999678969 25.251764297
0.999625325 -0.011209446 -0.024967298 -0.385333270 0.011361427 0.999917507 0.005953668 0.014980067 0.024898505 -0.006235100 0.999670446 26.078767776
0.999620795 -0.009636298 -0.025790792 -0.413154215 0.009723028 0.999947250 0.003239595 0.020938449 0.025758220 -0.003489129 0.999662042 26.889600754
0.999607384 -0.009246180 -0.026446236 -0.440982580 0.009288102 0.999955535 0.001462831 0.025068525 0.026431544 -0.001707889 0.999649107 27.686016083
0.999585152 -0.008568584 -0.027495576 -0.468044192 0.008602695 0.999962091 0.001122549 0.025122309 0.027484924 -0.001358616 0.999621272 28.472749710
0.999550641 -0.008767604 -0.028661683 -0.495700121 0.008789020 0.999960899 0.000621369 0.023302082 0.028655123 -0.000872995 0.999588907 29.253126144
0.999494791 -0.008283540 -0.030680340 -0.524134934 0.008280184 0.999965429 -0.000236309 0.022963542 0.030681245 -0.000017847 0.999529183 30.025228500
0.999430299 -0.008407844 -0.032680817 -0.552037001 0.008400468 0.999964416 -0.000362891 0.023063894 0.032682713 0.000088154 0.999465704 30.790941238
0.999366879 -0.008257037 -0.034602903 -0.583750129 0.008282290 0.999965310 0.000586629 0.026544478 0.034596864 -0.000872846 0.999400854 31.542346954
0.999282956 -0.008879971 -0.036804128 -0.611031115 0.008994272 0.999955058 0.002941365 0.026648831 0.036776356 -0.003270280 0.999318063 32.290618896
0.999213457 -0.008072274 -0.038822327 -0.645496249 0.008257416 0.999955118 0.004611081 0.024002958 0.038783368 -0.004928024 0.999235332 33.024776459
0.999147117 -0.006428618 -0.040786505 -0.678953648 0.006631416 0.999966145 0.004838925 0.025826987 0.040754020 -0.005105268 0.999155998 33.752277374
0.999081492 -0.003628123 -0.042694855 -0.715810597 0.003804048 0.999984384 0.004040080 0.027361894 0.042679533 -0.004198780 0.999079823 34.465744019
0.999007046 -0.001803926 -0.044515338 -0.752765119 0.001944512 0.999993026 0.003115122 0.034509126 0.044509411 -0.003198587 0.999003649 35.179355621
0.998937666 -0.001525080 -0.046057317 -0.789171338 0.001722466 0.999989271 0.004246376 0.038470306 0.046050355 -0.004321196 0.998929560 35.878662109
0.998880386 -0.000100196 -0.047307491 -0.823280454 0.000389822 0.999981046 0.006113110 0.042454045 0.047305986 -0.006124706 0.998861492 36.565383911
0.998872757 0.002779803 -0.047387470 -0.861730158 -0.002462735 0.999974012 0.006748108 0.042544913 0.047405001 -0.006623797 0.998853624 37.237510681
0.998912513 0.006056584 -0.046230543 -0.901753724 -0.005844656 0.999971569 0.004718002 0.043165192 0.046257813 -0.004442668 0.998919487 37.894504547
0.998987794 0.007907780 -0.044282284 -0.942543387 -0.007838257 0.999967515 0.001743477 0.040422879 0.044294637 -0.001394614 0.999017358 38.539447784
0.999076724 0.008641471 -0.042083185 -0.974519849 -0.008653522 0.999962270 -0.000104123 0.043851115 0.042080708 0.000468196 0.999113917 39.177795410
0.999198735 0.010040093 -0.038743481 -1.005184531 -0.010023871 0.999949276 0.000612993 0.046601105 0.038747683 -0.000224140 0.999248803 39.817573547
0.999256670 0.014856116 -0.035571612 -1.037405491 -0.014744390 0.999885201 0.003401210 0.045728147 0.035618071 -0.002874198 0.999361098 40.440708160
0.999312103 0.019228835 -0.031709086 -1.066769361 -0.019016353 0.999794424 0.006989020 0.043674678 0.031836972 -0.006381220 0.999472439 41.059261322
0.999332011 0.024286745 -0.027304225 -1.092830777 -0.024073793 0.999677002 0.008101160 0.043720756 0.027492169 -0.007438431 0.999594092 41.660373688
0.999364555 0.028163230 -0.021844892 -1.114923954 -0.027989233 0.999574006 0.008230444 0.049824938 0.022067394 -0.007613792 0.999727249 42.236686707
0.999358892 0.032109462 -0.015834846 -1.132163882 -0.031952031 0.999438107 0.010096551 0.055906467 0.016150154 -0.009584122 0.999823391 42.799392700
0.999273062 0.036981292 -0.009257084 -1.144651771 -0.036875948 0.999255657 0.011302622 0.057429064 0.009668190 -0.010953042 0.999893010 43.348205566
0.999185205 0.040300529 -0.002190646 -1.150517941 -0.040274207 0.999128282 0.010960912 0.059492752 0.002630478 -0.010863755 0.999937236 43.876804352
0.999026477 0.043809000 0.005173543 -1.154269338 -0.043863527 0.998977304 0.010945999 0.059985336 -0.004688708 -0.011162275 0.999926388 44.377872467
0.998751581 0.048327290 0.012637971 -1.152301073 -0.048459478 0.998771012 0.010372067 0.066259816 -0.012121174 -0.010971549 0.999866009 44.866127014
0.998412013 0.052581783 0.020215319 -1.148566246 -0.052746456 0.998578012 0.007701171 0.066203266 -0.019781619 -0.008755228 0.999765635 45.327304840
0.998111904 0.054570727 0.028191024 -1.137664318 -0.054721057 0.998490930 0.004588782 0.067462653 -0.027898055 -0.006122762 0.999591649 45.769824982
0.997835100 0.055049427 0.035982974 -1.121997952 -0.055242937 0.998462975 0.004405429 0.067440301 -0.035685137 -0.006383698 0.999342322 46.184932709
0.997546911 0.054451186 0.043992303 -1.101140022 -0.054753490 0.998483419 0.005695531 0.069782473 -0.043615438 -0.008090292 0.999015212 46.587951660
0.997080207 0.055996891 0.051917918 -1.080150723 -0.056403708 0.998387277 0.006403021 0.070308119 -0.051475618 -0.009312689 0.998630464 46.962642670
0.996408343 0.059059758 0.060682073 -1.059851408 -0.059568904 0.998202026 0.006614488 0.070137300 -0.060182299 -0.010205498 0.998134851 47.314132690
0.995551825 0.063731752 0.069389097 -1.038488507 -0.064310864 0.997910738 0.006141989 0.067361735 -0.068852670 -0.010577144 0.997570336 47.641254425
0.994661272 0.067329042 0.078203261 -1.013461590 -0.068024121 0.997663736 0.006255428 0.064184390 -0.077599369 -0.011541743 0.996917427 47.939174652
0.993924081 0.066634767 0.087606005 -0.984859288 -0.067505807 0.997693896 0.007014741 0.060951401 -0.086936533 -0.012886037 0.996130109 48.216175079
0.992993832 0.065392464 0.098423220 -0.957171023 -0.066244498 0.997788429 0.005410584 0.055519979 -0.097851731 -0.011892678 0.995129526 48.471878052
0.991839409 0.064139187 0.110185429 -0.917195439 -0.064634196 0.997908235 0.000923065 0.054273564 -0.109895736 -0.008037284 0.993910253 48.736335754
0.990235567 0.065205522 0.123214558 -0.870846033 -0.065342776 0.997858167 -0.002930959 0.048515219 -0.123141758 -0.005148846 0.992375433 48.987358093
0.988079846 0.067120403 0.138539657 -0.825960457 -0.067069091 0.997735143 -0.005044021 0.043999482 -0.138564453 -0.004307837 0.990343809 49.236831665
0.985583484 0.068652749 0.154635414 -0.776790977 -0.068497382 0.997630715 -0.006338997 0.040907331 -0.154704243 -0.004344514 0.987951100 49.485973358
0.982747734 0.069225550 0.171507806 -0.723122716 -0.068952262 0.997590840 -0.007557323 0.036552448 -0.171617791 -0.004398911 0.985153615 49.731903076
0.979496121 0.068398997 0.189497158 -0.664272964 -0.067995578 0.997647703 -0.008637266 0.031519488 -0.189642206 -0.004424803 0.981843174 49.962509155
0.975634933 0.067400314 0.208791539 -0.597959518 -0.066994488 0.997712076 -0.009023216 0.027254386 -0.208921999 -0.005184522 0.977918446 50.199287415
0.971098185 0.067555912 0.228920877 -0.526134789 -0.066956080 0.997701287 -0.010395402 0.025122918 -0.229096919 -0.005232693 0.973389387 50.441318512
0.965767026 0.069565535 0.249909714 -0.450953215 -0.068554394 0.997565269 -0.012759061 0.023167076 -0.250188857 -0.004810133 0.968184948 50.682075500
0.959516704 0.070977740 0.272562027 -0.368658125 -0.069529615 0.997466922 -0.014980601 0.019308886 -0.272934884 -0.004577000 0.962021470 50.918922424
0.952185512 0.072055154 0.296902150 -0.276759207 -0.070414171 0.997385323 -0.016232327 0.014498474 -0.297295481 -0.005449938 0.954769850 51.159069061
0.943612754 0.074802436 0.322489917 -0.177964240 -0.073152930 0.997171104 -0.017249569 0.008837885 -0.322867930 -0.007314174 0.946415663 51.401794434
0.933660507 0.077118315 0.349758625 -0.074955262 -0.075425066 0.996979713 -0.018481378 0.001429218 -0.350127488 -0.009125240 0.936657548 51.634605408
0.922433078 0.077886291 0.378221035 0.040098429 -0.076001473 0.996907949 -0.019933363 -0.009032136 -0.378604084 -0.010358172 0.925500691 51.864562988
0.909756780 0.076069355 0.408113092 0.174161553 -0.073386021 0.997054875 -0.022253415 -0.017018303 -0.408603907 -0.009704610 0.912660122 52.093902588
0.894847751 0.073399223 0.440295696 0.318748593 -0.069404960 0.997269988 -0.025192143 -0.025394447 -0.440942764 -0.008015582 0.897499382 52.317939758
0.877490342 0.072945639 0.474014759 0.473564416 -0.066826046 0.997319937 -0.029769033 -0.032086980 -0.474915922 -0.005554502 0.880013645 52.540771484
0.857910037 0.074950010 0.508304179 0.634623647 -0.066328049 0.997180283 -0.035087649 -0.041961782 -0.509500742 -0.003612786 0.860462666 52.757598877
0.836084723 0.076823428 0.543195069 0.807138264 -0.065785721 0.997041166 -0.039753158 -0.053076237 -0.544641733 -0.002497474 0.838665128 52.971488953
0.811427176 0.079888605 0.578968227 0.999096215 -0.067011125 0.996797621 -0.043626148 -0.064215146 -0.580599248 -0.003397875 0.814182401 53.195377350
0.783973098 0.083813876 0.615111291 1.207742214 -0.069848597 0.996461153 -0.046752289 -0.077857837 -0.616852760 -0.006312129 0.787053287 53.425380707
0.754034698 0.088104904 0.650899172 1.437715054 -0.073430352 0.996057868 -0.049759720 -0.093579814 -0.652717054 -0.010275206 0.757532120 53.657348633
0.721031189 0.089334100 0.687120080 1.690741897 -0.073261842 0.995924056 -0.052604951 -0.110172600 -0.689018548 -0.012409878 0.724637508 53.882850647
0.684591591 0.087170579 0.723696232 1.973934412 -0.069844015 0.996099710 -0.053912085 -0.128972158 -0.725572824 -0.013638099 0.688010156 54.104068756
0.645579100 0.086067937 0.758828342 2.286040068 -0.067065701 0.996179283 -0.055932127 -0.147746831 -0.760742724 -0.014782757 0.648885071 54.324562073
0.603159308 0.085866652 0.792985618 2.615859270 -0.065071918 0.996171474 -0.058373272 -0.164861262 -0.794961691 -0.016392725 0.606438041 54.539134979
0.557227790 0.085840210 0.825911045 2.972901821 -0.061433185 0.996177852 -0.062088810 -0.184390068 -0.828083813 -0.016140742 0.560371935 54.742401123
0.509342670 0.084769271 0.856378794 3.354018211 -0.058170896 0.996251643 -0.064016767 -0.209626451 -0.858595252 -0.017209856 0.512365103 54.929191589
0.460826010 0.082833253 0.883616745 3.756506920 -0.056316443 0.996357262 -0.064031646 -0.236436188 -0.885701776 -0.020254716 0.463812739 55.105846405
0.411267400 0.080611855 0.907943487 4.183619976 -0.056044891 0.996433139 -0.063082002 -0.262765020 -0.909790039 -0.024942039 0.414318889 55.269634247
0.361135989 0.080217429 0.929056764 4.622877121 -0.058762386 0.996270418 -0.063179173 -0.284992963 -0.930659831 -0.031777341 0.364503354 55.420440674
0.311921537 0.080525830 0.946689487 5.078021526 -0.056330130 0.996216178 -0.066178568 -0.309664637 -0.948436499 -0.032684643 0.315277755 55.547924042
0.264987588 0.077378757 0.961142302 5.556422234 -0.045247849 0.996674418 -0.067764476 -0.344045550 -0.963189602 -0.025532899 0.267608017 55.640594482
0.220991865 0.071872175 0.972624004 6.060122490 -0.031745277 0.997282147 -0.066481374 -0.373031348 -0.974758863 -0.016184397 0.222673327 55.714168549
0.178961128 0.071100295 0.981283844 6.576622963 -0.022315420 0.997421622 -0.068199806 -0.399955928 -0.983603060 -0.009692668 0.180086821 55.771629333
0.140651137 0.072834432 0.987376690 7.094184399 -0.018648155 0.997307837 -0.070910580 -0.424314082 -0.989883661 -0.008439118 0.141631186 55.823486328
0.108104765 0.073561259 0.991414368 7.635610104 -0.009515733 0.997288942 -0.072959535 -0.460947275 -0.994094014 -0.001546777 0.108512133 55.858142853
0.079262733 0.071987458 0.994251251 8.190160751 -0.002123146 0.997398496 -0.072046071 -0.501583636 -0.996851563 0.003599614 0.079209812 55.881851196
0.054451622 0.070301108 0.996038675 8.758918762 0.005222015 0.997484207 -0.070688613 -0.538670838 -0.998502851 0.009050425 0.053947948 55.896324158
0.034524880 0.069484353 0.996985555 9.337452888 0.010019797 0.997505367 -0.069867559 -0.570373416 -0.999353707 0.012401750 0.033742949 55.903480530
0.018675551 0.071323194 0.997278571 9.921669006 0.012792996 0.997353077 -0.071568102 -0.605083168 -0.999743879 0.014094743 0.017714083 55.903903961
0.005275162 0.070924766 0.997467875 10.506525040 0.013577983 0.997383952 -0.070990622 -0.645112514 -0.999893963 0.013918078 0.004298741 55.898815155
-0.006208301 0.071876623 0.997394383 11.106630325 0.014611950 0.997312844 -0.071779817 -0.683877409 -0.999873996 0.014128235 -0.007241486 55.891609192
-0.015283311 0.074802235 0.997081459 11.726425171 0.019274425 0.997033894 -0.074503250 -0.722670794 -0.999697506 0.018079506 -0.016679361 55.877624512
-0.021802284 0.076885998 0.996801674 12.350357056 0.023518307 0.996801376 -0.076371610 -0.759171307 -0.999485731 0.021778004 -0.023540391 55.857963562
-0.026351832 0.076351553 0.996732891 12.991189957 0.023808952 0.996843398 -0.075730585 -0.798143923 -0.999369264 0.021735519 -0.028086117 55.839080811
-0.030068710 0.073619962 0.996833205 13.641767502 0.021436632 0.997101426 -0.072993189 -0.839239120 -0.999318004 0.019173926 -0.031559337 55.826980591
-0.032642115 0.066867366 0.997228026 14.309907913 0.019256430 0.997615755 -0.066263095 -0.879651785 -0.999281645 0.017040070 -0.033851530 55.812782288
-0.033882920 0.061258662 0.997546911 14.987213135 0.020385992 0.997953892 -0.060591266 -0.917041302 -0.999217927 0.018282957 -0.035062030 55.792221069
-0.034399267 0.058765993 0.997679174 15.672930717 0.022972815 0.998051882 -0.057995908 -0.956642210 -0.999144137 0.020924464 -0.035681892 55.765975952
-0.034089819 0.060955193 0.997558415 16.360811234 0.026102634 0.997851551 -0.060081139 -1.000050902 -0.999077916 0.023990732 -0.035607290 55.737339020
-0.033310264 0.068372510 0.997103870 17.040170670 0.026786219 0.997359395 -0.067495234 -1.039662957 -0.999086082 0.024460346 -0.035053365 55.717159271
-0.031156277 0.076384775 0.996591747 17.743455887 0.027425231 0.996764839 -0.075540714 -1.079283357 -0.999138296 0.024978181 -0.033149973 55.695709229
-0.029049776 0.077153169 0.996596158 18.453842163 0.028046759 0.996686459 -0.076342680 -1.120877504 -0.999184489 0.025733545 -0.031117035 55.679153442
-0.026848985 0.072919607 0.996976554 19.186855316 0.027290754 0.997017026 -0.072187655 -1.165690541 -0.999266982 0.025270063 -0.028758543 55.662994385
-0.024416665 0.066438995 0.997491896 19.922367096 0.026596107 0.997478545 -0.065787129 -1.216763020 -0.999348044 0.024923082 -0.026121732 55.649265289
-0.021629347 0.065003663 0.997650743 20.655370712 0.024570063 0.997616529 -0.064468794 -1.262080312 -0.999464095 0.023117909 -0.023174550 55.642707825
-0.018107221 0.070348464 0.997358263 21.381481171 0.032159992 0.997045875 -0.069742598 -1.308213353 -0.999318719 0.030812176 -0.020315744 55.622459412
-0.014961882 0.076070994 0.996990323 22.115770340 0.033657130 0.996574461 -0.075534210 -1.354087710 -0.999321461 0.032425687 -0.017470567 55.611106873
-0.012516630 0.076710373 0.996975005 22.847845078 0.027608840 0.996698737 -0.076342545 -1.400274277 -0.999540508 0.026569754 -0.014592798 55.616348267
-0.009492185 0.073178351 0.997273862 23.576656342 0.022884738 0.997072756 -0.072945818 -1.450781584 -0.999693096 0.022129914 -0.011138668 55.623516083
-0.004679882 0.069450289 0.997574627 24.306327820 0.026854713 0.997233808 -0.069300622 -1.506947637 -0.999628425 0.026465239 -0.006531605 55.618034363
-0.001074764 0.070500888 0.997511327 25.038745880 0.031498492 0.997018695 -0.070432171 -1.559580088 -0.999503255 0.031344388 -0.003291831 55.613662720
0.001595136 0.075283058 0.997161150 25.774694443 0.030988066 0.996679187 -0.075296275 -1.606372714 -0.999518514 0.031020187 -0.000742636 55.619216919
0.005464134 0.076042630 0.997089803 26.492410660 0.027314957 0.996720672 -0.076164201 -1.653425694 -0.999611974 0.027651623 0.003369516 55.635559082
0.008908118 0.075621881 0.997096956 27.239542007 0.026436867 0.996769547 -0.075833276 -1.707807064 -0.999610841 0.027035641 0.006880538 55.653114319
0.012507787 0.072621845 0.997281253 27.984439850 0.030329959 0.996872306 -0.072972491 -1.759742618 -0.999461770 0.031160215 0.010266451 55.661415100
0.016191803 0.073141210 0.997190237 28.723028183 0.034651428 0.996680439 -0.073666491 -1.812659740 -0.999268353 0.035746858 0.013604009 55.669105530
0.019749576 0.074082181 0.997056663 29.461191177 0.037354235 0.996499777 -0.074780747 -1.864421010 -0.999106944 0.038721174 0.016913569 55.681354523
0.022404455 0.074167170 0.996994197 30.199754715 0.037669074 0.996473312 -0.074974954 -1.911625743 -0.999039114 0.039235622 0.019532038 55.702049255
0.025787096 0.072682753 0.997021735 30.951690674 0.038873322 0.996525764 -0.073652051 -1.965337992 -0.998911440 0.040656820 0.022872489 55.726848602
0.029466193 0.071795508 0.996984065 31.698423386 0.040695254 0.996503711 -0.072963700 -2.019806385 -0.998737037 0.042722486 0.026441839 55.747890472
0.032282203 0.072280578 0.996861815 32.435554504 0.038811576 0.996538401 -0.073514022 -2.069691658 -0.998724937 0.041062973 0.029365538 55.778602600
0.035370443 0.073982120 0.996632159 33.177967072 0.035938226 0.996516705 -0.075249024 -2.120608568 -0.998727858 0.038478784 0.032588854 55.811588287
0.037918430 0.074157022 0.996525466 33.925582886 0.037309777 0.996441960 -0.075570494 -2.171209335 -0.998584032 0.040045660 0.035017136 55.843154907
0.040635347 0.074083947 0.996423781 34.679222107 0.034945183 0.996531725 -0.075517103 -2.221061707 -0.998562694 0.037888877 0.037905939 55.877998352
0.042830084 0.074420482 0.996306717 35.432243347 0.033237301 0.996563435 -0.075868510 -2.273481607 -0.998529255 0.036364008 0.040209763 55.918376923
0.045419995 0.074647777 0.996174991 36.177749634 0.029924024 0.996654689 -0.076048106 -2.325793028 -0.998519599 0.033263676 0.043034695 55.963203430
0.048690807 0.076533474 0.995877326 36.935607910 0.028570144 0.996544957 -0.077981666 -2.378526449 -0.998405159 0.032249354 0.046336416 56.005638123
0.051834539 0.080162317 0.995433092 37.678760529 0.027234357 0.996288538 -0.081649385 -2.431753397 -0.998284221 0.031342242 0.049459402 56.055183411
0.055266500 0.082345143 0.995070279 38.439830780 0.027186753 0.996099472 -0.083940297 -2.490032196 -0.998101354 0.031691816 0.052812647 56.099433899
0.057947073 0.084744759 0.994716287 39.209487915 0.020976473 0.996066868 -0.086081818 -2.546725273 -0.998099208 0.025853829 0.055941924 56.156539917
0.060615513 0.084015526 0.994619071 39.983081818 0.017304339 0.996212840 -0.085204750 -2.605885029 -0.998011053 0.022375956 0.058932528 56.211540222
0.064368241 0.084551558 0.994337857 40.749401093 0.019261390 0.996112943 -0.085949399 -2.668583870 -0.997740149 0.024684742 0.062489863 56.267543793
0.068199493 0.085723877 0.993982017 41.528671265 0.018166130 0.996029437 -0.087146901 -2.733169556 -0.997506082 0.024000183 0.066371843 56.320507050
0.071804024 0.086861782 0.993629336 42.309780121 0.013934474 0.996015787 -0.088077404 -2.794133663 -0.997321248 0.020170014 0.070307977 56.387855530
0.075918198 0.084972806 0.993486822 43.104267120 0.012719374 0.996198297 -0.086176708 -2.855552435 -0.997032762 0.019178908 0.074549191 56.451335907
0.080835707 0.084723033 0.993120074 43.898422241 0.013054036 0.996205032 -0.086048767 -2.924445391 -0.996641815 0.019920036 0.079423375 56.516082764
0.086011022 0.088442966 0.992360711 44.688133240 0.009625651 0.995931387 -0.089595489 -2.988991737 -0.996247470 0.017258318 0.084810168 56.589645386
0.092050582 0.096972927 0.991021037 45.478610992 0.007762005 0.995146275 -0.098097548 -3.056555510 -0.995723844 0.016722253 0.090851493 56.671005249
0.099243261 0.101629131 0.989859641 46.263671875 0.006046453 0.994690537 -0.102731325 -3.129590034 -0.995044589 0.016180540 0.098102249 56.758731842
0.106587619 0.104607686 0.988785207 47.059097290 0.001612201 0.994430661 -0.105378710 -3.206392765 -0.994301736 0.012826194 0.105825752 56.850540161
0.113462240 0.103098348 0.988178611 47.868221283 -0.002501321 0.994627774 -0.103483982 -3.283049107 -0.993538857 0.009269780 0.113110982 56.955001831
0.120799258 0.101573691 0.987466574 48.667716980 -0.002764117 0.994781554 -0.101987973 -3.356814861 -0.992672861 0.009590605 0.120450042 57.064338684
0.128120601 0.098379269 0.986867011 49.475719452 -0.002900882 0.995100498 -0.098823421 -3.423371315 -0.991754115 0.009798538 0.127778679 57.179485321
0.135622352 0.092930377 0.986392617 50.276668549 -0.004533252 0.995638847 -0.093178175 -3.494536400 -0.990749955 0.008165481 0.135452583 57.303775787
0.142670825 0.085746981 0.986048877 51.087657928 -0.007117816 0.996303082 -0.085608795 -3.561426401 -0.989744306 0.005195364 0.142754152 57.434463501
0.150275186 0.083105840 0.985145032 51.897994995 -0.006718274 0.996523142 -0.083040856 -3.628380775 -0.988621056 0.005860507 0.150311485 57.567325592
0.157654017 0.084901407 0.983837783 52.689979553 -0.007416005 0.996370494 -0.084794544 -3.700848579 -0.987466216 0.006072056 0.157711893 57.692077637
0.163551793 0.091507509 0.982281566 53.466884613 -0.006654228 0.995768189 -0.091655940 -3.762858629 -0.986512005 0.008454174 0.163469031 57.826045990
0.168491542 0.095010087 0.981113493 54.242355347 -0.008232047 0.995444417 -0.094984144 -3.832660675 -0.985668421 0.007927462 0.168506563 57.970256805
0.173493296 0.097921975 0.979954839 55.012104034 -0.009663871 0.995165646 -0.097730994 -3.906447887 -0.984787285 0.007485527 0.173601344 58.114513397
0.178793848 0.097497463 0.979043961 55.769989014 -0.011992317 0.995219767 -0.096918263 -3.977043390 -0.983813107 0.005587395 0.179108873 58.257778168
0.184188440 0.094487980 0.978338778 56.525905609 -0.007901508 0.995478392 -0.094655737 -4.047220707 -0.982858837 0.009704148 0.184102684 58.400028229
0.188701391 0.087882876 0.978094339 57.284500122 -0.007086690 0.996083260 -0.088131994 -4.113926888 -0.982008576 0.009699181 0.188585564 58.550903320
0.191933274 0.081534818 0.978015304 58.029262543 -0.008879080 0.996646047 -0.081345536 -4.183661461 -0.981367409 0.006929039 0.192013964 58.707729340
0.195047662 0.078288414 0.977664351 58.771018982 -0.012529792 0.996926367 -0.077331133 -4.245778084 -0.980713308 0.002833324 0.195429549 58.867137909
0.198238522 0.078226283 0.977027357 59.496589661 -0.013969291 0.996933937 -0.076985769 -4.303459644 -0.980053842 0.001613165 0.198723942 59.023513794
0.200231463 0.080310792 0.976451695 60.209983826 -0.015943361 0.996769428 -0.078712553 -4.360462189 -0.979618430 0.000192807 0.200865507 59.178638458
0.201589048 0.084677070 0.975803256 60.902133942 -0.019931301 0.996403992 -0.082347207 -4.416470051 -0.979266942 -0.002848731 0.202552333 59.334388733
0.203534514 0.088836536 0.975029230 61.590309143 -0.021082610 0.996041417 -0.086350083 -4.473914146 -0.978840351 -0.002980935 0.204602167 59.487571716
0.205665857 0.094070226 0.974090636 62.264991760 -0.021590643 0.995562792 -0.091585308 -4.530725002 -0.978383660 -0.002195266 0.206784770 59.635601044
0.207239106 0.096145757 0.973554373 62.937061310 -0.020867519 0.995366514 -0.093857855 -4.588054657 -0.978067338 -0.000864641 0.208285630 59.783576965
0.208464205 0.096200898 0.973287344 63.603584290 -0.023570206 0.995355427 -0.093333766 -4.647504807 -0.977745593 -0.003483829 0.209763914 59.938434601
0.208956182 0.093101695 0.973483205 64.265998840 -0.023503602 0.995647967 -0.090176523 -4.710664749 -0.977642179 -0.004037417 0.210235491 60.087677002
0.209684521 0.090540335 0.973568201 64.911636353 -0.023421245 0.995882392 -0.087571159 -4.770464897 -0.977488160 -0.004439863 0.210942179 60.230957031
0.209627911 0.089279167 0.973696828 65.556671143 -0.022232445 0.995999932 -0.086537771 -4.824348450 -0.977528036 -0.003506932 0.210774779 60.369842529
0.207927227 0.088766269 0.974108279 66.183250427 -0.022946799 0.996041834 -0.085866936 -4.880883694 -0.977874696 -0.004498597 0.209141597 60.508281708
0.206337944 0.089541420 0.974375248 66.796272278 -0.024030538 0.995966971 -0.086436845 -4.935741901 -0.978185296 -0.005579565 0.207657993 60.642749786
0.204190910 0.092321269 0.974568069 67.395606995 -0.024746832 0.995711207 -0.089139253 -4.992026329 -0.978617847 -0.005916051 0.205600321 60.771068573
0.202157915 0.096094824 0.974627137 67.986717224 -0.022805074 0.995366096 -0.093409389 -5.048739433 -0.979086995 -0.003343000 0.203413069 60.892501831
0.200523555 0.096566252 0.974918127 68.575096130 -0.020733131 0.995325208 -0.094323166 -5.103035927 -0.979469061 -0.001299088 0.201588780 61.010871887
0.198330507 0.095588423 0.975462914 69.162208557 -0.021438072 0.995417416 -0.093185082 -5.151631832 -0.979900301 -0.002430600 0.199471399 61.132743835
0.195866898 0.092665233 0.976242423 69.744132996 -0.021520019 0.995691121 -0.090193704 -5.202945232 -0.980393887 -0.003342798 0.197017610 61.252059937
0.193779439 0.088748455 0.977022648 70.312225342 -0.021125397 0.996045768 -0.086286537 -5.257957935 -0.980817199 -0.003919439 0.194888562 61.365871429
0.192237824 0.087677956 0.977423787 70.874244690 -0.017139131 0.996148288 -0.085986756 -5.311210632 -0.981198251 -0.000222293 0.193000615 61.472042084
0.190598994 0.089034818 0.977622092 71.420387268 -0.013285828 0.996020675 -0.088120252 -5.358228207 -0.981577694 0.003807110 0.191023961 61.573165894
0.188186526 0.091092438 0.977899849 71.968803406 -0.009142446 0.995808244 -0.091001309 -5.403061390 -0.982090414 0.008184822 0.188231021 61.673328400
0.186528832 0.093111575 0.978027284 72.512390137 -0.009702863 0.995624185 -0.092936389 -5.447099686 -0.982401252 0.007845652 0.186616585 61.777900696
0.185319111 0.095813595 0.977996290 73.049148560 -0.010017725 0.995367169 -0.095617212 -5.494344711 -0.982626975 0.007922403 0.185420930 61.881706238
0.183943778 0.094201908 0.978412449 73.594039917 -0.008429667 0.995511055 -0.094263405 -5.547950745 -0.982900262 0.009091480 0.183912680 61.987342834
0.184759989 0.092733636 0.978398919 74.137649536 -0.002368398 0.995576859 -0.093914561 -5.591780663 -0.982780457 0.015034419 0.184162930 62.083671570
0.187516555 0.090625010 0.978072047 74.689331055 0.002956134 0.995677590 -0.092823073 -5.636933327 -0.982256591 0.020297179 0.186438680 62.177253723
0.189421892 0.090097465 0.977753580 75.231971741 0.005636666 0.995664477 -0.092839941 -5.684518337 -0.981879234 0.023097193 0.188093334 62.284835815
0.192722782 0.089735366 0.977141678 75.779434204 0.003071968 0.995748997 -0.092050098 -5.736353874 -0.981248081 0.020741904 0.191628397 62.399501801
0.198222890 0.090269417 0.975991547 76.329483032 0.002042133 0.995709181 -0.092507914 -5.785871983 -0.980154455 0.020330295 0.197188571 62.519390106
0.204685420 0.089260548 0.974749625 76.889472961 0.003095670 0.995768666 -0.091835439 -5.831681252 -0.978822470 0.021814881 0.203543574 62.641551971
0.212374985 0.089765280 0.973056793 77.456047058 0.001471563 0.995740592 -0.092179134 -5.871350765 -0.977186680 0.021008458 0.211338878 62.772739410
0.220806569 0.087609731 0.971374989 78.025764465 0.002099001 0.995911598 -0.090299927 -5.917659283 -0.975314856 0.021977734 0.219720513 62.910896301
0.229638830 0.087280989 0.969354630 78.604225159 -0.001446832 0.995999515 -0.089337423 -5.970134735 -0.973274350 0.019112848 0.228847042 63.061935425
0.239224389 0.087039039 0.967055440 79.184486389 -0.002581751 0.996026754 -0.089007989 -6.019174576 -0.970960379 0.018796185 0.238499194 63.217483521
0.248814434 0.090977572 0.964269102 79.770149231 -0.008012724 0.995737135 -0.091879055 -6.066390991 -0.968517542 0.015134415 0.248483345 63.384166718
0.258150309 0.093343228 0.961585104 80.362571716 -0.011489267 0.995546937 -0.093555607 -6.111961842 -0.966035962 0.013103507 0.258073777 63.561943054
0.268906444 0.096068315 0.958363533 80.958435059 -0.015710678 0.995317578 -0.095364504 -6.165184021 -0.963037729 0.010587594 0.269157201 63.744213104
0.279355258 0.097659484 0.955208719 81.567764282 -0.016970124 0.995160103 -0.096781164 -6.221838951 -0.960037410 0.010826327 0.279661119 63.925849915
0.289204329 0.098407909 0.952196002 82.185050964 -0.020340189 0.995108128 -0.096665122 -6.280099869 -0.957050800 0.008588137 0.289791882 64.124549866
0.299600333 0.098750338 0.948940754 82.812362671 -0.021225797 0.995071650 -0.096849591 -6.337214947 -0.953828216 0.008874154 0.300220519 64.333328247
0.309697121 0.099777721 0.945585847 83.452980042 -0.025673209 0.994992733 -0.096582778 -6.392703056 -0.950488091 0.005635193 0.310708702 64.554992676
0.320310295 0.094893359 0.942548215 84.111740112 -0.025085391 0.995469868 -0.091696635 -6.446472168 -0.946980000 0.005727187 0.321240366 64.784034729
0.331198245 0.087815970 0.939466178 84.772514343 -0.021509524 0.996102512 -0.085527211 -6.501253128 -0.943315506 0.008118991 0.331796974 65.018028259
0.342224270 0.083452344 0.935905397 85.426551819 -0.019973628 0.996468067 -0.081549115 -6.554393291 -0.939405441 0.009214657 0.342683107 65.262847900
0.352445930 0.080310158 0.932380199 86.101898193 -0.020999497 0.996737659 -0.077915736 -6.609370232 -0.935595989 0.007881563 0.352983326 65.526336670
0.362090170 0.077850208 0.928886771 86.789077759 -0.014861558 0.996860623 -0.077754036 -6.656230450 -0.932024062 0.014349265 0.362111151 65.788803101
0.370851368 0.072450317 0.925862193 87.481277466 -0.008583030 0.997175992 -0.074592948 -6.703341961 -0.928652048 0.019716190 0.370426625 66.055587769
0.377942115 0.063079566 0.923678160 88.194473267 0.000514719 0.997660637 -0.068342678 -6.751461029 -0.925828576 0.026305001 0.377026200 66.337753296
0.385120690 0.058773633 0.920993090 88.929069519 0.005910868 0.997791290 -0.066146344 -6.799169540 -0.922846794 0.030918183 0.383923382 66.634170532
0.392466187 0.058766335 0.917887390 89.626037598 0.007653840 0.997712374 -0.067149721 -6.854833126 -0.919734120 0.033379350 0.391119331 66.935997009
0.400053859 0.064873435 0.914193034 90.349388123 0.010279424 0.997110069 -0.075255863 -6.898794651 -0.916433573 0.039503776 0.398231596 67.244743347
0.407416195 0.069145620 0.910621524 91.055671692 0.014063044 0.996535122 -0.081961229 -6.943085194 -0.913133979 0.046198446 0.405032843 67.550491333
0.412545025 0.071252510 0.908146679 91.756278992 0.012095724 0.996418715 -0.083673134 -7.005409241 -0.910856545 0.045503635 0.410206437 67.882637024
0.417059511 0.072778016 0.905961037 92.439002991 0.005275880 0.996577084 -0.082486294 -7.064994335 -0.908863544 0.039181441 0.415248692 68.206802368
0.420811385 0.076458804 0.903920650 93.128890991 -0.001488776 0.996497393 -0.083596528 -7.134016991 -0.907146573 0.033832636 0.419452041 68.554145813
0.424745768 0.079550393 0.901811242 93.813011169 -0.002326715 0.996223330 -0.086782932 -7.197569370 -0.905309319 0.034762427 0.423327535 68.888198853
0.428657204 0.083770581 0.899575531 94.487693787 -0.005682766 0.995921254 -0.090034746 -7.264181614 -0.903448999 0.033481970 0.427385628 69.223869324
0.431951433 0.086855665 0.897705257 95.146614075 -0.008810785 0.995709717 -0.092098504 -7.327514648 -0.901853561 0.031872597 0.430864245 69.557044983
0.435832530 0.085285507 0.895978272 95.796432495 -0.009993908 0.995896280 -0.089935169 -7.395088196 -0.899972022 0.030242350 0.434897065 69.884506226
0.439751118 0.082280867 0.894343078 96.447311401 -0.009194933 0.996153653 -0.087126538 -7.460117817 -0.898072362 0.030090565 0.438816965 70.214340210
0.443090141 0.079695083 0.892928123 97.080558777 -0.009763953 0.996409476 -0.084085993 -7.524601936 -0.896423638 0.028539158 0.442278057 70.537864685
0.446726292 0.078629740 0.891209126 97.707023621 -0.010654586 0.996526182 -0.082581103 -7.586876869 -0.894606948 0.027395673 0.446012944 70.861488342
0.450043231 0.080455311 0.889375508 98.315399170 -0.012915187 0.996414244 -0.083603099 -7.645194530 -0.892913103 0.026138546 0.449469298 71.176246643
0.452906728 0.080961771 0.887874663 98.915344238 -0.012049826 0.996331990 -0.084705055 -7.700263023 -0.891476214 0.027664745 0.452221751 71.481575012
0.455157906 0.079220295 0.886880040 99.519424438 -0.010206288 0.996431768 -0.083768114 -7.754889011 -0.890351951 0.029075958 0.454343081 71.787681580
0.456808805 0.077964768 0.886142194 100.106491089 -0.008287743 0.996480405 -0.083400354 -7.812826633 -0.889526010 0.030753888 0.455847889 72.096244812
0.458668262 0.077850781 0.885191202 100.688163757 -0.009711249 0.996533275 -0.082611263 -7.870748520 -0.888554275 0.029294843 0.457834929 72.403739929
0.460661143 0.077280514 0.884205699 101.259170532 -0.008227081 0.996529937 -0.082811683 -7.921555042 -0.887537777 0.030873680 0.459699124 72.701446533
0.463367254 0.079200223 0.882620394 101.816055298 -0.008904929 0.996362746 -0.084731780 -7.970598698 -0.886121392 0.031402253 0.462387830 72.995948792
0.466263294 0.079380512 0.881077707 102.371414185 -0.006068073 0.996228278 -0.086543895 -8.019891739 -0.884624958 0.035005789 0.464987069 73.286918640
0.469021827 0.078800358 0.879664540 102.920234680 -0.004426555 0.996207595 -0.086880244 -8.075176239 -0.883175254 0.036854841 0.467592627 73.595390320
0.472358495 0.076961689 0.878040433 103.454292297 -0.001347068 0.996241093 -0.086597607 -8.126467705 -0.881405234 0.039722331 0.470687360 73.876869202
0.475779712 0.076079495 0.876268387 103.975799561 -0.000087142 0.996254861 -0.086449787 -8.176523209 -0.879564226 0.041054692 0.474005222 74.157623291
0.478936493 0.075668044 0.874582708 104.490592957 0.000847332 0.996236503 -0.086657546 -8.226745605 -0.877848864 0.042244520 0.477070630 74.441772461
0.482586712 0.074851289 0.872644305 104.998588562 0.001553631 0.996265411 -0.086314231 -8.276233673 -0.875846505 0.043009866 0.480668902 74.722778320
0.486020476 0.074354187 0.870779157 105.504524231 0.003079512 0.996220946 -0.086784378 -8.326207161 -0.873941600 0.044860560 0.483955592 75.003372192
0.490255654 0.075649343 0.868289888 105.996047974 0.002522966 0.996097386 -0.088209167 -8.373563766 -0.871574581 0.045435712 0.488152266 75.272506714
0.494698226 0.075861983 0.865747929 106.495506287 0.004450694 0.995947123 -0.089814141 -8.421431541 -0.869053006 0.048284076 0.492356420 75.547927856
0.499433577 0.079277135 0.862717867 106.983345032 0.002317836 0.995677114 -0.092837028 -8.470534325 -0.866348684 0.048365574 0.497091621 75.838027954
0.504719555 0.085126832 0.859076560 107.462905884 -0.001323237 0.995199978 -0.097838186 -8.525053024 -0.863281906 0.048244093 0.502410352 76.131362915
0.510500848 0.092145458 0.854926288 107.940956116 -0.006721926 0.994637489 -0.103190079 -8.581872940 -0.859850466 0.046931885 0.508383453 76.430465698
0.516628146 0.098557800 0.850518942 108.410331726 -0.011990863 0.994086862 -0.107910953 -8.631919861 -0.856125414 0.045551397 0.514755785 76.722526550
0.522924960 0.102861546 0.846149921 108.882080078 -0.015477899 0.993672729 -0.111229748 -8.686426163 -0.852237761 0.045068208 0.521209121 77.032630920
0.528411090 0.103012964 0.842716277 109.362564087 -0.019556591 0.993823528 -0.109221697 -8.743078232 -0.848762989 0.041233316 0.527162731 77.342247009
0.533842325 0.102195449 0.839386165 109.845481873 -0.025978692 0.994181931 -0.104519792 -8.795043945 -0.845184445 0.033990946 0.533392131 77.665641785
0.539456546 0.099756651 0.836083651 110.337409973 -0.032191381 0.994673073 -0.097908296 -8.854458809 -0.841397464 0.025902590 0.539795101 78.005523682
0.545025229 0.098143622 0.832655966 110.835372925 -0.038625576 0.995008290 -0.091997087 -8.910691261 -0.837529004 0.017978918 0.546096385 78.355873108
0.551048875 0.096247882 0.828904152 111.337219238 -0.041158963 0.995250463 -0.088201106 -8.962026596 -0.833456874 0.014486283 0.552394032 78.703758240
0.557149231 0.099919505 0.824379444 111.839889526 -0.046370968 0.994927585 -0.089251675 -9.012404442 -0.829116225 0.011499230 0.558957517 79.061340332
0.563014627 0.103940129 0.819885075 112.350502014 -0.050257456 0.994528234 -0.091568723 -9.059974670 -0.824916959 0.010349189 0.565158784 79.432609558
0.568882644 0.107505217 0.815362334 112.871147156 -0.053365588 0.994154036 -0.093845516 -9.106891632 -0.820685029 0.009874796 0.571295142 79.822257996
0.575047195 0.109703980 0.810731947 113.399200439 -0.055792708 0.993918896 -0.094918579 -9.158416748 -0.816215158 0.009349732 0.577672064 80.213882446
