1.000000000 0.000000000 0.000000000 0.000000000 0.000000000 1.000000000 0.000000000 0.000000000 0.000000000 0.000000000 1.000000000 0.000000000
0.999998093 0.001097370 0.001632583 -0.009480187 -0.001089774 0.999988616 -0.004646631 -0.002179773 -0.001637664 0.004644843 0.999987900 0.955332994
0.999996185 -0.000999427 0.002584365 -0.011548191 0.001013527 0.999984562 -0.005460443 -0.001061175 -0.002578868 0.005463041 0.999981761 1.912381411
0.999992967 -0.002568875 0.002741088 -0.015362578 0.002572753 0.999995649 -0.001412388 -0.002603738 -0.002737447 0.001419431 0.999995232 2.857480049
0.999985039 -0.005084428 0.002023613 -0.011691662 0.005075165 0.999976695 0.004556124 -0.006052296 -0.002046730 -0.004545785 0.999987543 3.812841415
0.999963522 -0.008519386 0.000713224 -0.012297264 0.008516122 0.999953747 0.004460051 -0.002785801 -0.000751187 -0.004453814 0.999989808 4.741179466
0.999941111 -0.010866159 0.000032114 -0.020353537 0.010866094 0.999939620 0.001594746 -0.001054642 -0.000049440 -0.001594302 0.999998748 5.661882877
0.999934614 -0.011425870 -0.000636752 -0.026394347 0.011424668 0.999932945 -0.001861955 -0.001853199 0.000657983 0.001854559 0.999998093 6.579943180
0.999936402 -0.011189464 -0.001431717 -0.033684094 0.011185930 0.999934375 -0.002453157 -0.003086461 0.001459073 0.002436986 0.999996006 7.506660461
0.999939442 -0.010734189 -0.002431503 -0.042386957 0.010732737 0.999942124 -0.000609819 -0.003891483 0.002437909 0.000583686 0.999996901 8.427951813
0.999941051 -0.010425397 -0.003037482 -0.051148161 0.010432490 0.999942780 0.002328619 -0.006267075 0.003013032 -0.002360170 0.999992669 9.344727516
0.999937236 -0.010512570 -0.003874132 -0.060782008 0.010527048 0.999937534 0.003736007 -0.003447752 0.003834615 -0.003776556 0.999985516 10.257164001
0.999920428 -0.011838007 -0.004359660 -0.070420891 0.011858034 0.999919057 0.004596965 -0.002624991 0.004304888 -0.004648296 0.999979913 11.167957306
0.999917507 -0.011773734 -0.005134949 -0.078463122 0.011796515 0.999920547 0.004429138 0.002647038 0.005082394 -0.004489347 0.999976993 12.070524216
0.999908030 -0.012254511 -0.005813522 -0.089086093 0.012272485 0.999919951 0.003066506 0.004736434 0.005775479 -0.003137570 0.999978423 12.976840019
0.999893427 -0.012631573 -0.007315056 -0.098437034 0.012639981 0.999919474 0.001104562 0.006712536 0.007300515 -0.001196906 0.999972641 13.875793457
0.999867082 -0.013777396 -0.008714867 -0.111247458 0.013775948 0.999905050 -0.000225875 0.007249102 0.008717152 0.000105790 0.999962032 14.771986961
0.999855697 -0.013370031 -0.010476709 -0.123773627 0.013360851 0.999910295 -0.000945489 0.007970062 0.010488411 0.000805375 0.999944746 15.671153069
0.999854267 -0.012217102 -0.011923955 -0.143859923 0.012197510 0.999924123 -0.001714098 0.004381162 0.011943992 0.001568406 0.999927461 16.561883926
0.999854326 -0.010630124 -0.013352362 -0.166574374 0.010608262 0.999942303 -0.001706787 0.002881785 0.013369735 0.001564894 0.999909401 17.454160690
0.999833226 -0.010886230 -0.014659553 -0.186709777 0.010873127 0.999940455 -0.000972979 0.003207379 0.014669273 0.000813422 0.999892056 18.342376709
0.999820232 -0.010211097 -0.015968522 -0.209058449 0.010218794 0.999947727 0.000400788 0.001864261 0.015963595 -0.000563895 0.999872386 19.218311310
0.999804676 -0.009740481 -0.017189078 -0.232748047 0.009757517 0.999952018 0.000907745 0.003933092 0.017179415 -0.001075289 0.999851823 20.096002579
0.999767661 -0.010729901 -0.018688355 -0.252553970 0.010743854 0.999942124 0.000646512 0.004902028 0.018680338 -0.000847146 0.999825180 20.973108292
0.999738336 -0.010748283 -0.020185281 -0.276776671 0.010753842 0.999942183 0.000167072 0.005023896 0.020182323 -0.000384097 0.999796271 21.842264175
0.999713600 -0.010804104 -0.021348562 -0.299605310 0.010819924 0.999941289 0.000625915 0.004932260 0.021340551 -0.000856725 0.999771953 22.703157425
0.999688864 -0.010747062 -0.022505419 -0.320514917 0.010805201 0.999938607 0.002463533 0.007696063 0.022477565 -0.002705941 0.999743700 23.556034088
0.999653518 -0.012086112 -0.023380969 -0.342032939 0.012211187 0.999911904 0.005214297 0.010569584 0.023315892 -0.005497999 0.999713063 24.400817871
0.999643564 -0.011724935 -0.023981659 -0.366477847 0.011892777 0.999905765 0.006868359 0.011254787 0.023898870 -0.007151118 0.999688864 25.235210419
0.999631584 -0.011252339 -0.024696115 -0.389917582 0.011398414 0.999918342 0.005782341 0.012362313 0.024629038 -0.006061706 0.999678373 26.049510956
0.999627352 -0.009658110 -0.025528703 -0.417291641 0.009739084 0.999947965 0.003049685 0.018644765 0.025497925 -0.003297173 0.999669552 26.861804962
0.999612927 -0.009372598 -0.026191968 -0.445229590 0.009409741 0.999954879 0.001295487 0.021948198 0.026178652 -0.001541443 0.999656200 27.652050018
0.999595940 -0.008478587 -0.027127979 -0.473410994 0.008508237 0.999963284 0.000977935 0.021458153 0.027118701 -0.001208348 0.999631584 28.438892365
0.999562562 -0.008671844 -0.028273026 -0.501143098 0.008688636 0.999962091 0.000471302 0.019882966 0.028267875 -0.000716747 0.999600232 29.217542648
0.999506891 -0.008187254 -0.030312501 -0.529053032 0.008178570 0.999966443 -0.000410237 0.019734442 0.030314852 0.000162124 0.999540508 29.989950180
0.999446690 -0.008168682 -0.032240309 -0.558010340 0.008152892 0.999966562 -0.000621025 0.022067741 0.032244314 0.000357832 0.999480069 30.752042770
0.999383867 -0.008006967 -0.034172330 -0.589105189 0.008022755 0.999967754 0.000325082 0.025497712 0.034168635 -0.000599035 0.999415994 31.504404068
0.999300539 -0.008923399 -0.036315158 -0.618809104 0.009029463 0.999955416 0.002757812 0.022910366 0.036288939 -0.003083787 0.999336660 32.254417419
0.999227107 -0.007679964 -0.038551930 -0.646490037 0.007845980 0.999960542 0.004156969 0.025062351 0.038518496 -0.004456231 0.999248028 33.000122070
0.999159038 -0.005953802 -0.040567111 -0.677928925 0.006136535 0.999971509 0.004381547 0.026897410 0.040539883 -0.004626802 0.999167264 33.730922699
0.999086440 -0.002786587 -0.042641778 -0.709212184 0.002938268 0.999989510 0.003494967 0.029681215 0.042631608 -0.003617065 0.999084353 34.447296143
0.999010205 -0.000965295 -0.044468760 -0.746094048 0.001080859 0.999996066 0.002574908 0.036329187 0.044466116 -0.002620422 0.999007523 35.160373688
0.998939514 -0.000647435 -0.046034761 -0.781575739 0.000819974 0.999992669 0.003729335 0.039365135 0.046032023 -0.003763126 0.998932958 35.858295441
0.998880267 0.000844046 -0.047299922 -0.815708399 -0.000584278 0.999984622 0.005505601 0.044537820 0.047303852 -0.005471799 0.998865604 36.546985626
0.998870134 0.003870306 -0.047361959 -0.855008423 -0.003587285 0.999975204 0.006059363 0.045921210 0.047384240 -0.005882616 0.998859406 37.224288940
0.998905063 0.007222211 -0.046218984 -0.893811226 -0.007044227 0.999967098 0.004012734 0.046543170 0.046246454 -0.003682762 0.998923242 37.885589600
0.998974681 0.009041410 -0.044355869 -0.932910442 -0.009005546 0.999958873 0.001008451 0.044405978 0.044363178 -0.000607967 0.999015272 38.530250549
0.999063075 0.009871450 -0.042133063 -0.965958059 -0.009919233 0.999950290 -0.000925009 0.048077062 0.042121854 0.001342073 0.999111533 39.165645599
0.999183774 0.011277443 -0.038784251 -0.996754289 -0.011294138 0.999936104 -0.000211202 0.050269641 0.038779408 0.000649066 0.999247491 39.805206299
0.999236047 0.016092151 -0.035607759 -1.029006720 -0.016010692 0.999868453 0.002571909 0.048914086 0.035644475 -0.001999838 0.999362409 40.428424835
0.999286175 0.020468578 -0.031744421 -1.058387518 -0.020283088 0.999775231 0.006154624 0.046277367 0.031863276 -0.005506354 0.999476910 41.046573639
0.999295413 0.025659416 -0.027381044 -1.084238768 -0.025474183 0.999650240 0.007092946 0.048917413 0.027553480 -0.006390438 0.999599755 41.644954681
0.999325514 0.029411187 -0.021976361 -1.105160475 -0.029256962 0.999545157 0.007307213 0.051924244 0.022181291 -0.006659322 0.999731600 42.226257324
0.999316692 0.033303093 -0.016013855 -1.121861100 -0.033158801 0.999407768 0.009193845 0.057142992 0.016310565 -0.008656562 0.999829292 42.788818359
0.999225378 0.038189106 -0.009461861 -1.134241462 -0.038090944 0.999220669 0.010347191 0.058595244 0.009849647 -0.009978765 0.999901533 43.337127686
0.999139190 0.041401640 -0.002465008 -1.138659358 -0.041375037 0.999093473 0.010013361 0.059410959 0.002877350 -0.009902751 0.999946654 43.869056702
0.998976171 0.044960853 0.004938341 -1.142941952 -0.045008782 0.998935878 0.010062666 0.058747228 -0.004480653 -0.010274632 0.999936998 44.369602203
0.998698175 0.049472235 0.012397701 -1.141032934 -0.049591180 0.998724580 0.009476409 0.064641103 -0.011913065 -0.010078890 0.999878049 44.857955933
0.998356164 0.053718001 0.019964814 -1.137338758 -0.053863037 0.998525083 0.006798162 0.064130932 -0.019570181 -0.007862354 0.999777377 45.318981171
0.998055935 0.055706166 0.027937021 -1.126550198 -0.055830155 0.998433411 0.003676871 0.064988412 -0.027688429 -0.005229451 0.999602735 45.761505127
0.997780502 0.056184903 0.035728820 -1.110991478 -0.056344867 0.998405159 0.003484887 0.064582869 -0.035476036 -0.005490287 0.999355257 46.176616669
0.997495055 0.055585548 0.043738317 -1.090217590 -0.055846490 0.998427868 0.004765554 0.066565812 -0.043404657 -0.007196249 0.999031425 46.579715729
0.997028530 0.057131462 0.051664826 -1.069325328 -0.057489254 0.998331010 0.005464392 0.066737570 -0.051266409 -0.008418328 0.998649359 46.954410553
0.996355653 0.060190219 0.060428873 -1.049108744 -0.060642142 0.998143256 0.005670679 0.066141061 -0.059975363 -0.009314550 0.998156190 47.305431366
0.995493531 0.064875178 0.069157809 -1.028305292 -0.065389343 0.997846067 0.005194304 0.062965669 -0.068671890 -0.009693081 0.997591972 47.632366180
0.994594336 0.068510845 0.078020297 -1.004354596 -0.069130383 0.997593462 0.005264301 0.060306840 -0.077471919 -0.010629419 0.996937633 47.931819916
0.993858159 0.067824595 0.087433353 -0.975950897 -0.068610884 0.997625113 0.006015679 0.056762081 -0.086817734 -0.011977614 0.996151984 48.209030151
0.992961287 0.066565998 0.097957477 -0.939851224 -0.067318521 0.997721672 0.004393242 0.050693475 -0.097441889 -0.010956674 0.995180726 48.470638275
0.991814852 0.065306202 0.109714277 -0.900005698 -0.065691695 0.997839689 -0.000101302 0.049053252 -0.109483920 -0.007106843 0.993963003 48.735046387
0.990216434 0.066371106 0.122739628 -0.853782296 -0.066386476 0.997785807 -0.003969133 0.043014597 -0.122731343 -0.004217946 0.992430806 48.986087799
0.988065422 0.068288684 0.138065279 -0.809017897 -0.068098694 0.997659624 -0.006105062 0.038343273 -0.138159126 -0.003369859 0.990404129 49.235923767
0.985575736 0.069817178 0.154157877 -0.759959519 -0.069505654 0.997553706 -0.007416416 0.034932990 -0.154298604 -0.003405399 0.988018155 49.484916687
0.982747436 0.070389964 0.171030134 -0.706413448 -0.069941863 0.997513294 -0.008651868 0.030292220 -0.171213910 -0.003459561 0.985227585 49.730869293
0.979500949 0.069561757 0.189043850 -0.648091614 -0.068958811 0.997571349 -0.009773294 0.025492257 -0.189264670 -0.003463284 0.981919825 49.964523315
0.975652814 0.068562888 0.208324999 -0.582097948 -0.067939237 0.997637451 -0.010156197 0.020464823 -0.208529279 -0.004244514 0.978006780 50.199687958
0.971126437 0.068724342 0.228448898 -0.510473192 -0.067883708 0.997626126 -0.011545383 0.017884769 -0.228700191 -0.004295925 0.973487258 50.441181183
0.965797842 0.070738398 0.249457493 -0.435614377 -0.069466323 0.997486949 -0.013910966 0.015447234 -0.249814808 -0.003893708 0.968285620 50.681938171
0.959561288 0.072073832 0.272113860 -0.352709144 -0.070331231 0.997392356 -0.016165121 0.011868726 -0.272569537 -0.003626673 0.962129056 50.920688629
0.952240109 0.073151551 0.296455830 -0.260923326 -0.071185321 0.997310340 -0.017436879 0.006736447 -0.296934187 -0.004499203 0.954887152 51.160869598
0.943675816 0.075899430 0.322046191 -0.162243545 -0.073891126 0.997094810 -0.018474508 0.000744050 -0.322512984 -0.006362406 0.946543515 51.403633118
0.933756530 0.078016564 0.349300146 -0.058080085 -0.075927876 0.996918499 -0.019690773 -0.007136703 -0.349760205 -0.008135228 0.936803758 51.637912750
0.922541976 0.078785568 0.377766490 0.056856409 -0.076467514 0.996847153 -0.021157686 -0.017919701 -0.378242671 -0.009368009 0.925658882 51.867919922
0.909887373 0.076952815 0.407653689 0.191521108 -0.073805980 0.996996045 -0.023467250 -0.027131492 -0.408235312 -0.008734721 0.912834764 52.097290039
0.894997478 0.074282065 0.439840943 0.335992754 -0.069781519 0.997211933 -0.026420174 -0.035844766 -0.440577596 -0.007046775 0.897686720 52.321392059
0.877657831 0.073833629 0.473564923 0.490716696 -0.067162111 0.997259617 -0.031011462 -0.042858750 -0.474557340 -0.004588161 0.880212486 52.544376373
0.858093023 0.075838923 0.507861435 0.652215362 -0.066612646 0.997116148 -0.036349244 -0.052869998 -0.509154022 -0.002638952 0.860671222 52.762084961
0.836263657 0.077812552 0.542776823 0.827452242 -0.066113494 0.996966362 -0.041063271 -0.063249364 -0.544326007 -0.001545138 0.838872194 52.981803894
0.811615467 0.080875687 0.578565359 1.019021988 -0.067280374 0.996720731 -0.044946849 -0.074881032 -0.580303788 -0.002446526 0.814396262 53.206020355
0.784174562 0.084801905 0.614717245 1.227552772 -0.070057392 0.996382952 -0.048083823 -0.088941418 -0.616571903 -0.005359361 0.787280142 53.436100006
0.754245698 0.089093328 0.650518417 1.456010461 -0.073589280 0.995978951 -0.051083408 -0.105412997 -0.652454436 -0.009341723 0.757770181 53.666831970
0.721246839 0.090328731 0.686762035 1.708621979 -0.073365368 0.995845199 -0.053932674 -0.122503296 -0.688780963 -0.011485760 0.724878252 53.892456055
0.684815168 0.088210866 0.723357022 1.993354082 -0.069878310 0.996020615 -0.055306211 -0.140291512 -0.725357831 -0.012672417 0.688255131 54.115432739
0.645856619 0.087101676 0.758472741 2.306107998 -0.067085765 0.996101916 -0.057265580 -0.159669012 -0.760504842 -0.013897357 0.649183333 54.336143494
0.603450179 0.086906411 0.792649746 2.635556221 -0.065028235 0.996095121 -0.059705775 -0.177298948 -0.794744194 -0.015515147 0.606746078 54.550792694
0.557496548 0.086852342 0.825622618 2.989754200 -0.061267652 0.996104240 -0.063415773 -0.197150409 -0.827914894 -0.015229879 0.560646832 54.753654480
0.509546518 0.085805759 0.856153131 3.370011568 -0.057971265 0.996177316 -0.065337285 -0.222853482 -0.858487606 -0.016339891 0.512573779 54.941421509
0.461072534 0.083818205 0.883394063 3.772353411 -0.055989921 0.996292591 -0.065307282 -0.250515193 -0.885593891 -0.019349767 0.464056909 55.117801666
0.411505908 0.081605308 0.907745481 4.198826790 -0.055680584 0.996373415 -0.064331353 -0.277501911 -0.909704328 -0.024071068 0.414558113 55.281642914
0.361378819 0.081210062 0.928874910 4.637761116 -0.058329578 0.996217132 -0.064404584 -0.300332218 -0.930592537 -0.030906441 0.364749372 55.432491302
0.312211692 0.081525296 0.946507156 5.092688560 -0.055872016 0.996161699 -0.067372441 -0.325669348 -0.948367894 -0.031848814 0.315568924 55.559154510
0.265296876 0.078369662 0.960975528 5.571147919 -0.044729993 0.996617794 -0.068927750 -0.360697031 -0.963128388 -0.024698120 0.267905593 55.651988983
0.221431702 0.072899252 0.972446322 6.073864460 -0.031124571 0.997221589 -0.067669295 -0.388880491 -0.974678814 -0.015282847 0.223085910 55.723052979
0.179202154 0.072094165 0.981166244 6.594625473 -0.021999814 0.997355044 -0.069265619 -0.420601368 -0.983566046 -0.009172916 0.180314645 55.786468506
0.140897542 0.073827848 0.987266719 7.112147808 -0.018291317 0.997238934 -0.071963161 -0.445500016 -0.989855051 -0.007918959 0.141859308 55.838451385
0.108348057 0.074553527 0.991312623 7.653929710 -0.009174294 0.997215807 -0.073994793 -0.483004361 -0.994070530 -0.001077376 0.108730726 55.873840332
0.079514116 0.072978534 0.994157851 8.208433151 -0.001751773 0.997324646 -0.073070914 -0.524203122 -0.996832073 0.004068662 0.079429545 55.897670746
0.054685771 0.071282580 0.995955050 8.779982567 0.005605362 0.997410297 -0.071694545 -0.562965393 -0.998487771 0.009503399 0.054144867 55.914218903
0.034753270 0.070440948 0.996909499 9.357292175 0.010412957 0.997432709 -0.070840947 -0.595540047 -0.999341547 0.012842773 0.033930808 55.921306610
0.018917006 0.072289638 0.997203410 9.941246033 0.013242825 0.997276545 -0.072546177 -0.629908025 -0.999733210 0.014578192 0.017908406 55.921611786
0.005501937 0.071895316 0.997396111 10.529208183 0.014001060 0.997308195 -0.071966231 -0.670451045 -0.999886692 0.014360603 0.004480737 55.917411804
-0.005980502 0.072847053 0.997324347 11.129275322 0.015046230 0.997236073 -0.072750412 -0.709798694 -0.999868810 0.014570933 -0.007059840 55.910316467
-0.015033891 0.075780064 0.997010350 11.751399994 0.019765524 0.996951044 -0.075477533 -0.748829842 -0.999691486 0.018571762 -0.016485693 55.895767212
-0.021526961 0.077782646 0.996737063 12.374677658 0.023985717 0.996721566 -0.077263430 -0.787171960 -0.999480367 0.022244262 -0.023321874 55.875797272
-0.026081245 0.077249698 0.996669769 13.016005516 0.024270358 0.996764183 -0.076621927 -0.826727688 -0.999364972 0.022191191 -0.027871553 55.857204437
-0.029807149 0.074520074 0.996773183 13.666036606 0.021885704 0.997026026 -0.073884539 -0.868232369 -0.999315858 0.019612843 -0.031349257 55.845508575
-0.032350019 0.067757547 0.997176409 14.341866493 0.019776581 0.997546852 -0.067141160 -0.910834432 -0.999280691 0.017548764 -0.033610504 55.830055237
-0.033587135 0.062148411 0.997500837 15.018886566 0.020911233 0.997889340 -0.061468534 -0.948855102 -0.999216735 0.018794464 -0.034815677 55.809631348
-0.034067195 0.059661642 0.997636378 15.706162453 0.023513732 0.997987509 -0.058879718 -0.988940179 -0.999142587 0.021452334 -0.035401337 55.782489777
-0.033759423 0.061858244 0.997513056 16.394098282 0.026679287 0.997782230 -0.060972039 -1.032819510 -0.999073505 0.024554605 -0.035334717 55.754154205
-0.032935210 0.069419481 0.997042894 17.087425232 0.027246073 0.997275949 -0.068535715 -1.070366263 -0.999085724 0.024908317 -0.034736726 55.732383728
-0.030810131 0.077427514 0.996520996 17.788396835 0.027845250 0.996674001 -0.076578528 -1.110706806 -0.999136984 0.025389034 -0.032863472 55.712398529
-0.028729497 0.078186691 0.996523857 18.495662689 0.028433671 0.996596098 -0.077372655 -1.153170943 -0.999182403 0.026112009 -0.030854659 55.697280884
-0.026529372 0.073953569 0.996907949 19.228630066 0.027676009 0.996931255 -0.073218822 -1.198746800 -0.999264538 0.025648035 -0.028494513 55.681316376
-0.024105307 0.067490347 0.997427881 19.964351654 0.026997112 0.997398078 -0.066835918 -1.250760674 -0.999344528 0.025316620 -0.025864441 55.667655945
-0.021301201 0.066066891 0.997586966 20.697452545 0.025022589 0.997536242 -0.065529272 -1.297044277 -0.999459565 0.023566404 -0.022901691 55.661006927
-0.017770980 0.071408749 0.997287989 21.423519135 0.032608666 0.996956468 -0.070803985 -1.343947768 -0.999309838 0.031262033 -0.020045241 55.640956879
-0.014649311 0.077109523 0.996914148 22.157091141 0.033943977 0.996484995 -0.076577574 -1.389679432 -0.999315977 0.032717485 -0.017215025 55.630626678
-0.012172125 0.077769607 0.996896148 22.889295578 0.027935116 0.996607542 -0.077406034 -1.436650991 -0.999535203 0.026906271 -0.014303135 55.635974884
-0.009152697 0.074239388 0.997197568 23.618049622 0.023207823 0.996986687 -0.074010707 -1.487941265 -0.999688387 0.022465438 -0.010847848 55.643356323
-0.004357419 0.070514739 0.997500300 24.347457886 0.027135020 0.997151077 -0.070371538 -1.544887543 -0.999621928 0.026760608 -0.006258215 55.638420105
-0.000747182 0.071558617 0.997435153 25.078502655 0.031776998 0.996933818 -0.071498848 -1.598406076 -0.999494374 0.031642135 -0.003018596 55.634025574
0.001922172 0.076340504 0.997079015 25.814399719 0.031263720 0.996589243 -0.076363280 -1.645987868 -0.999508977 0.031319242 -0.000470857 55.639781952
0.005787259 0.077101104 0.997005522 26.532060623 0.027586499 0.996630788 -0.077232271 -1.693813562 -0.999602318 0.027950915 0.003641031 55.656322479
0.009221822 0.076731548 0.997008145 27.279325485 0.026679410 0.996677041 -0.076952852 -1.747969985 -0.999601185 0.027309297 0.007144252 55.674247742
0.012825806 0.073730461 0.997194707 28.024162292 0.030568426 0.996782064 -0.074093126 -1.800742745 -0.999450028 0.031433046 0.010530939 55.682746887
0.016514605 0.074248306 0.997101963 28.762687683 0.034885716 0.996588409 -0.074787870 -1.854489803 -0.999254465 0.036019783 0.013868293 55.690631866
0.020075416 0.075188756 0.996966183 29.501197815 0.037587017 0.996405780 -0.075903386 -1.907070756 -0.999091268 0.038996857 0.017177379 55.703151703
0.022759447 0.075178839 0.996909261 30.239624023 0.037957732 0.996383905 -0.076005824 -1.955943108 -0.999019682 0.039570343 0.019823771 55.723686218
0.026160555 0.073693193 0.996936738 30.990242004 0.039183334 0.996436357 -0.074684456 -2.010164976 -0.998889029 0.041017171 0.023180030 55.747650146
0.029842682 0.072806388 0.996898472 31.737115860 0.041002896 0.996414363 -0.073998518 -2.065410852 -0.998712778 0.043084122 0.026750656 55.768985748
0.032683805 0.073296010 0.996773422 32.478141785 0.039165977 0.996446609 -0.074556261 -2.116081476 -0.998697579 0.041476469 0.029697211 55.799110413
0.035777949 0.074988633 0.996541202 33.218284607 0.036300048 0.996424377 -0.076283142 -2.167956352 -0.998699784 0.038903825 0.032928191 55.831848145
0.038327549 0.075163722 0.996433198 33.964603424 0.037666496 0.996348858 -0.076606244 -2.219492674 -0.998554587 0.040468358 0.035356723 55.863868713
0.041074682 0.075174794 0.996322870 34.718513489 0.035258967 0.996434629 -0.076636866 -2.269253254 -0.998533249 0.038277227 0.038277920 55.898815155
0.043264557 0.075515509 0.996204376 35.471992493 0.033544194 0.996466398 -0.076992221 -2.322452307 -0.998499870 0.036747981 0.040578846 55.939556122
0.045882717 0.075753123 0.996069133 36.223144531 0.030332554 0.996554196 -0.077187300 -2.375544071 -0.998485744 0.033754952 0.043427110 55.983562469
0.049150150 0.077639267 0.995768011 36.980876923 0.028965352 0.996443093 -0.079121679 -2.429170847 -0.998370826 0.032731678 0.046726771 56.026317596
0.052322719 0.081251383 0.995318055 37.720432281 0.027673323 0.996182799 -0.082776800 -2.482539415 -0.998246193 0.031874932 0.049874797 56.073829651
0.055747878 0.083428912 0.994951904 38.481452942 0.027607089 0.995992005 -0.085063048 -2.541838646 -0.998062551 0.032209881 0.053221524 56.118515015
0.058412347 0.085818432 0.994595766 39.251167297 0.021353677 0.995961726 -0.087190472 -2.600114822 -0.998063564 0.026331339 0.056344241 56.176052094
0.061107714 0.085105479 0.994495094 40.024696350 0.017770581 0.996106625 -0.086335406 -2.660089254 -0.997972369 0.022948571 0.059357751 56.231040955
0.064879172 0.085792154 0.994197190 40.794052124 0.019633289 0.995993793 -0.087228507 -2.722376347 -0.997699380 0.025178732 0.062935211 56.285434723
0.068695523 0.086933158 0.993841648 41.573490143 0.018628886 0.995909631 -0.088401794 -2.789462566 -0.997463167 0.024587028 0.066795416 56.339797974
0.072293542 0.088071547 0.993486166 42.354270935 0.014392256 0.995896816 -0.089332633 -2.851451397 -0.997279048 0.020756731 0.070729710 56.407508850
0.076479100 0.086362325 0.993322790 43.149375916 0.013062364 0.996068418 -0.087606847 -2.913503408 -0.996985078 0.019675286 0.075050674 56.467742920
0.081381157 0.086098120 0.992956102 43.943695068 0.013569276 0.996072710 -0.087480575 -2.982677937 -0.996590137 0.020593015 0.079893626 56.537143707
0.086550973 0.089819670 0.992188931 44.733200073 0.010126524 0.995795667 -0.091029622 -3.048371792 -0.996195376 0.017926175 0.085277893 56.611095428
0.092617303 0.098351687 0.990831196 45.523437500 0.008349019 0.994996965 -0.099545687 -3.117028236 -0.995666146 0.017492170 0.091333173 56.692508698
0.099758357 0.103105918 0.989653945 46.308395386 0.006326035 0.994529843 -0.104251660 -3.187137365 -0.994990945 0.016660608 0.098560795 56.779453278
0.107243471 0.106035858 0.988560975 47.105461121 0.002196719 0.994267821 -0.106886387 -3.264878035 -0.994229734 0.013634502 0.106396198 56.871849060
0.114168629 0.104495645 0.987949252 47.914649963 -0.001750574 0.994471490 -0.104983285 -3.342753410 -0.993459165 0.010256359 0.113720782 56.977138519
0.121701434 0.102889784 0.987218320 48.713970184 -0.001824983 0.994633317 -0.103437692 -3.417674065 -0.992564380 0.010786898 0.121236488 57.082775116
0.128841102 0.099629559 0.986646593 49.515415192 -0.002123310 0.994964838 -0.100192331 -3.486423016 -0.991662264 0.010813972 0.128404349 57.203063965
0.136296809 0.094336845 0.986164927 50.307510376 -0.004203712 0.995500863 -0.094649017 -3.556069136 -0.990658402 0.008754840 0.136080608 57.319297791
0.143361747 0.087151237 0.985824347 51.115814209 -0.006804443 0.996177375 -0.087077051 -3.624085188 -0.989646256 0.005775562 0.143407211 57.448566437
0.150929630 0.084379531 0.984935462 51.922985077 -0.006949394 0.996415377 -0.084298186 -3.699218988 -0.988519371 0.005878419 0.150975466 57.578662872
0.158343628 0.086165041 0.983615994 52.717716217 -0.007430232 0.996259809 -0.086076602 -3.770432711 -0.987355411 0.006321218 0.158392102 57.705215454
0.164312720 0.092734061 0.982038260 53.494358063 -0.006651489 0.995651603 -0.092906736 -3.834408045 -0.986385167 0.008733779 0.164215535 57.837924957
0.169354141 0.096275084 0.980840325 54.265384674 -0.008191885 0.995319366 -0.096281931 -3.902193308 -0.985520482 0.008270849 0.169350624 57.977046967
0.174353272 0.099187002 0.979673624 55.034912109 -0.009630329 0.995036960 -0.099028617 -3.977001905 -0.984635293 0.007831421 0.174443662 58.121963501
0.179675728 0.098672166 0.978763461 55.791263580 -0.011757711 0.995100081 -0.098160774 -4.046618462 -0.983654797 0.006129122 0.179956004 58.267044067
0.185012177 0.095633700 0.978070617 56.544776917 -0.007765217 0.995363891 -0.095855802 -4.118587017 -0.982704759 0.010139597 0.184897587 58.411228180
0.189526826 0.089037433 0.977828920 57.304431915 -0.006954717 0.995975733 -0.089341886 -4.186011791 -0.981850088 0.010132195 0.189383894 58.563251495
0.192741439 0.082743637 0.977753401 58.049972534 -0.008779274 0.996542811 -0.082603157 -4.256657600 -0.981209457 0.007337114 0.192802072 58.721446991
0.195851982 0.079498611 0.977404475 58.791461945 -0.012426476 0.996828675 -0.078588575 -4.319746971 -0.980553925 0.003246055 0.196219295 58.881397247
0.198959485 0.079456486 0.976780057 59.515552521 -0.014008886 0.996835530 -0.078234531 -4.378715992 -0.979906738 0.001881919 0.199443519 59.039424896
0.200949654 0.081541866 0.976200640 60.228755951 -0.015985508 0.996668756 -0.079961054 -4.436632633 -0.979470253 0.000463099 0.201584280 59.195075989
0.202270135 0.085910998 0.975552917 60.921352386 -0.019955568 0.996298432 -0.083600439 -4.493458271 -0.979125559 -0.002557831 0.203236371 59.352775574
0.204226673 0.090077467 0.974769115 61.608421326 -0.021115961 0.995930076 -0.087608933 -4.551809311 -0.978695035 -0.002691097 0.205298096 59.506191254
0.206358030 0.095309153 0.973822296 62.282943726 -0.021623150 0.995444894 -0.092843398 -4.609495163 -0.978236794 -0.001898115 0.207479462 59.654693604
0.207931995 0.097385615 0.973281920 62.954952240 -0.020897832 0.995245516 -0.095118739 -4.667639732 -0.977919281 -0.000561244 0.208979055 59.803153992
0.209186122 0.097438201 0.973007917 63.621589661 -0.023563584 0.995235503 -0.094598278 -4.727928162 -0.977591157 -0.003138898 0.210486010 59.958114624
0.209530681 0.094396174 0.973233640 64.281517029 -0.023789074 0.995525599 -0.091436781 -4.791600704 -0.977511942 -0.003993509 0.210839316 60.108848572
0.210264876 0.091826573 0.973321140 64.926246643 -0.023699554 0.995764196 -0.088824250 -4.852362633 -0.977356434 -0.004390653 0.211551040 60.252189636
0.210209832 0.090564974 0.973451257 65.571128845 -0.022510685 0.995883405 -0.087791033 -4.907076359 -0.977396369 -0.003458512 0.211383715 60.391475677
0.208673656 0.089948475 0.973838925 66.198059082 -0.022928437 0.995936632 -0.087076537 -4.964342594 -0.977715790 -0.004158021 0.209888652 60.529514313
0.207085311 0.090724461 0.974105954 66.811256409 -0.024003884 0.995861173 -0.087647773 -5.019924641 -0.978027642 -0.005231757 0.208406508 60.664470673
0.204938993 0.093504839 0.974296987 67.410591125 -0.024713555 0.995602190 -0.090351261 -5.076928139 -0.978461981 -0.005561844 0.206349075 60.793258667
0.202910483 0.097274013 0.974352539 68.001640320 -0.022760797 0.995252132 -0.094620645 -5.134378910 -0.978932023 -0.002977512 0.204161644 60.915142059
0.201292813 0.097752020 0.974640191 68.589607239 -0.020621641 0.995209396 -0.095556125 -5.188524246 -0.979313314 -0.000863907 0.202344835 61.033725739
0.199032098 0.096791930 0.975200117 69.175605774 -0.021475393 0.995301306 -0.094404146 -5.238254547 -0.979756892 -0.002153343 0.200176075 61.156734467
0.196568757 0.093869753 0.975985050 69.757377625 -0.021554265 0.995578766 -0.091413207 -5.290295601 -0.980252385 -0.003067653 0.197723493 61.276473999
0.194482103 0.089953847 0.976771533 70.325317383 -0.021157036 0.995938301 -0.087506548 -5.346017838 -0.980677187 -0.003647129 0.195595846 61.390693665
0.192946866 0.088849030 0.977177083 70.887672424 -0.017166760 0.996044159 -0.087174967 -5.400072575 -0.981058300 0.000045183 0.193709373 61.497440338
0.191281766 0.090223491 0.977378547 71.434661865 -0.013387932 0.995912611 -0.089314364 -5.448264599 -0.981443167 0.003999148 0.191708341 61.600090027
0.188874394 0.092277393 0.977654934 71.982917786 -0.009242107 0.995697141 -0.092194945 -5.493773460 -0.981957138 0.008377695 0.188915044 61.700634003
0.187214568 0.094294071 0.977781773 72.526016235 -0.009804502 0.995511055 -0.094126679 -5.538529873 -0.982269466 0.008035243 0.187299177 61.805549622
0.185938373 0.097001471 0.977760494 73.061454773 -0.010194179 0.995250940 -0.096798174 -5.586625099 -0.982507885 0.008031050 0.186044663 61.910964966
0.184757203 0.095234945 0.978157997 73.607307434 -0.008514145 0.995410681 -0.095306620 -5.642115593 -0.982746661 0.009280429 0.184720621 62.015892029
0.185579836 0.093764238 0.978144348 74.151054382 -0.002453121 0.995477140 -0.094960414 -5.686479568 -0.982625425 0.015223264 0.184970975 62.112709045
0.188217670 0.091791138 0.977827430 74.700363159 0.002722538 0.995569408 -0.093980774 -5.731593132 -0.982122898 0.020351050 0.187134311 62.207508087
0.190127552 0.091272391 0.977506459 75.243820190 0.005408154 0.995555758 -0.094009697 -5.779606819 -0.981743872 0.023160378 0.188789397 62.315654755
0.193435490 0.090878025 0.976894021 75.791748047 0.002885556 0.995642960 -0.093193665 -5.832855701 -0.981108129 0.020845879 0.192330882 62.430660248
0.198928386 0.091507427 0.975731432 76.339416504 0.001815286 0.995594144 -0.093740419 -5.882579803 -0.980011702 0.020418895 0.197886258 62.550472260
0.205390111 0.090499356 0.974485934 76.899482727 0.002863111 0.995654702 -0.093068846 -5.929049969 -0.978675365 0.021905515 0.204238966 62.673099518
0.213113278 0.090931602 0.972785830 77.467407227 0.001035257 0.995637178 -0.093294553 -5.973243237 -0.977026343 0.020889426 0.212089822 62.802993774
0.221541867 0.088798240 0.971098423 78.037506104 0.001633651 0.995809257 -0.091430634 -6.019962788 -0.975148857 0.021842184 0.220468849 62.941745758
0.230367526 0.088473268 0.969072402 78.615921021 -0.001923351 0.995896935 -0.090465158 -6.073087692 -0.973101139 0.018976398 0.229592964 63.093273163
0.239971086 0.088206217 0.966763437 79.196220398 -0.002898072 0.995923340 -0.090147480 -6.121168137 -0.970775008 0.018831067 0.239248946 63.249851227
0.249552771 0.092147224 0.963965952 79.781692505 -0.008340338 0.995628893 -0.093014903 -6.169074059 -0.968324542 0.015172351 0.249231040 63.416984558
0.259212136 0.094354339 0.961199462 80.371940613 -0.011905584 0.995452166 -0.094506174 -6.219543457 -0.965746284 0.013053528 0.259157211 63.583351135
0.270053834 0.097017556 0.957943976 80.971412659 -0.015997929 0.995224476 -0.096283369 -6.273489952 -0.962711513 0.010676593 0.270316869 63.766639709
0.280213684 0.098627463 0.954856575 81.585502625 -0.017419588 0.995065629 -0.097668827 -6.333085060 -0.959778786 0.010734954 0.280549645 63.960220337
0.290070653 0.099409908 0.951827109 82.202217102 -0.020816972 0.995009482 -0.097576052 -6.390680313 -0.956778049 0.008489809 0.290693074 64.158592224
0.300433755 0.099771060 0.948569179 82.829109192 -0.021755429 0.994971216 -0.097761348 -6.448347569 -0.953553796 0.008734296 0.301094115 64.368247986
0.310541570 0.100786306 0.945200622 83.469711304 -0.026228460 0.994892120 -0.097467788 -6.505016804 -0.950197160 0.005476654 0.311599463 64.589759827
0.321021408 0.095940240 0.942198932 84.128379822 -0.025710767 0.995371044 -0.092594631 -6.559520245 -0.946722150 0.005500210 0.322002739 64.822555542
0.331906617 0.088929564 0.939109981 84.788337708 -0.022198005 0.996006072 -0.086472146 -6.614311695 -0.943050265 0.007854321 0.332555741 65.057022095
0.342946768 0.084614687 0.935535073 85.444694519 -0.021014377 0.996375740 -0.082414158 -6.673477173 -0.939118922 0.008603997 0.343482673 65.299240112
0.353311658 0.081446551 0.931952477 86.117065430 -0.021811558 0.996648431 -0.078831740 -6.725364685 -0.935250521 0.007524853 0.353904724 65.558456421
0.362952620 0.078952178 0.928455710 86.804840088 -0.015704842 0.996779799 -0.078622982 -6.774029255 -0.931674361 0.013955188 0.363024533 65.821617126
0.371596694 0.073559247 0.925474465 87.489494324 -0.009520820 0.997104764 -0.075429961 -6.822309971 -0.928344488 0.019218273 0.371221930 66.088706970
0.378779083 0.064099953 0.923263609 88.203041077 -0.000219191 0.997603893 -0.069171436 -6.871082783 -0.925486088 0.025998350 0.377886295 66.370956421
0.385978848 0.059746958 0.920569837 88.934776306 0.005205047 0.997742712 -0.066938177 -6.920044899 -0.922491908 0.030628361 0.384797335 66.666984558
0.393348187 0.059853274 0.917438269 89.621627808 0.006696507 0.997664869 -0.067958467 -6.975948811 -0.919364154 0.032875005 0.392029554 66.958427429
0.400924444 0.065956384 0.913732767 90.342369080 0.009280531 0.997060478 -0.076043487 -7.020921230 -0.916063070 0.038967654 0.399134517 67.267066956
0.408287913 0.070221625 0.910147309 91.048309326 0.013057861 0.996484756 -0.082740761 -7.065821648 -0.912758768 0.045666672 0.405936450 67.573509216
0.413650274 0.072255731 0.907563090 91.735527039 0.011300373 0.996360600 -0.084476009 -7.122853279 -0.910364687 0.045199368 0.411329061 67.885238647
0.418155104 0.073788993 0.905372679 92.417800903 0.004476521 0.996514857 -0.083284870 -7.183035851 -0.908363581 0.038878947 0.416368216 68.210250854
0.421987444 0.077454105 0.903286040 93.103103638 -0.002127558 0.996424794 -0.084446713 -7.249130726 -0.906598091 0.033713687 0.420644343 68.551956177
0.426061630 0.080496028 0.901104867 93.780708313 -0.002928190 0.996150315 -0.087602116 -7.312084198 -0.904688299 0.034685329 0.424657941 68.875152588
0.429966360 0.084750585 0.898857296 94.455924988 -0.006334836 0.995842218 -0.090864904 -7.378810883 -0.902821600 0.033374768 0.428716272 69.212211609
0.433249980 0.087844543 0.896981597 95.115699768 -0.009464808 0.995626450 -0.092933737 -7.442592144 -0.901223063 0.031773817 0.432187349 69.547157288
0.437127084 0.086276948 0.895251036 95.764968872 -0.010651537 0.995814264 -0.090767696 -7.510766506 -0.899335623 0.030141253 0.436217159 69.875572205
0.440981418 0.083291866 0.893642008 96.405921936 -0.009987360 0.996077418 -0.087911077 -7.576970100 -0.897459626 0.029842060 0.440084279 70.203056335
0.444298983 0.080668487 0.892238319 97.037742615 -0.010600161 0.996340573 -0.084802195 -7.642935276 -0.895814836 0.028219692 0.443528980 70.527297974
0.447932154 0.079604037 0.890515685 97.663467407 -0.011494166 0.996457934 -0.083292864 -7.705736160 -0.893992662 0.027073847 0.447261333 70.851692200
0.451252908 0.081370011 0.888677657 98.272445679 -0.013575627 0.996344090 -0.084334999 -7.763051033 -0.892291844 0.025992086 0.450708598 71.169326782
0.454039454 0.081867464 0.887211442 98.877037048 -0.012888461 0.996268094 -0.085335024 -7.822360992 -0.890887320 0.027310710 0.453400999 71.481987000
0.456319213 0.080055632 0.886206567 99.480079651 -0.010898024 0.996371806 -0.084396049 -7.877128124 -0.889748394 0.028853672 0.455536902 71.788612366
0.457969755 0.078794278 0.885467887 100.066650391 -0.008975034 0.996422291 -0.084025875 -7.935491085 -0.888921440 0.030534241 0.457039297 72.097953796
0.459746063 0.078794286 0.884546936 100.646682739 -0.010563104 0.996469855 -0.083274171 -7.994295597 -0.887986541 0.028941443 0.458956212 72.406776428
0.461739153 0.078222081 0.883558989 101.217277527 -0.009080436 0.996467829 -0.083472781 -8.045528412 -0.886968255 0.030519582 0.460819304 72.705207825
0.464433372 0.080150001 0.881972671 101.772583008 -0.009782485 0.996298850 -0.085388333 -8.095102310 -0.885552943 0.031029344 0.463499367 73.000305176
0.467344075 0.080231428 0.880426347 102.328384399 -0.006880307 0.996172488 -0.087127119 -8.144948006 -0.884047627 0.034660779 0.466108263 73.292434692
0.470115304 0.079641424 0.879003406 102.877067566 -0.005230199 0.996153414 -0.087458633 -8.200634956 -0.882588387 0.036518317 0.468724489 73.601394653
0.473501235 0.077761367 0.877352774 103.412727356 -0.002075396 0.996189892 -0.087174222 -8.253087997 -0.880789518 0.039456286 0.471859545 73.884170532
0.476921260 0.076879911 0.875576258 103.934143066 -0.000818755 0.996204674 -0.087025896 -8.303486824 -0.878944457 0.040787660 0.475175172 74.165710449
0.480054915 0.076525845 0.873893201 104.447494507 0.000006791 0.996186435 -0.087238841 -8.355050087 -0.877237260 0.041885413 0.478224695 74.450073242
0.483621895 0.075679526 0.871998131 104.956344604 0.000735027 0.996218562 -0.086868286 -8.406229973 -0.875275612 0.042652387 0.481738448 74.736595154
0.486993551 0.075139105 0.870166481 105.460494995 0.002401561 0.996172607 -0.087363988 -8.453680992 -0.873401165 0.044635497 0.484950095 75.021736145
0.491169214 0.076430060 0.867703617 105.955841064 0.001873713 0.996047139 -0.088795759 -8.501574516 -0.871061087 0.045239612 0.489085376 75.297523499
0.495350659 0.076568693 0.865311086 106.451797485 0.003868672 0.995902598 -0.090339139 -8.552710533 -0.868683457 0.048097204 0.493025690 75.585494995
0.500157833 0.079977505 0.862231970 106.938415527 0.001716103 0.995631218 -0.093346767 -8.601756096 -0.865931511 0.048167847 0.497836381 75.871726990
0.505421817 0.085831285 0.858591855 107.418716431 -0.001929104 0.995149255 -0.098347172 -8.656656265 -0.862869143 0.048050556 0.503136694 76.166984558
0.511214137 0.092893533 0.854417443 107.895904541 -0.007283324 0.994573176 -0.103773907 -8.711687088 -0.859421372 0.046827745 0.509117365 76.465217590
0.517283201 0.099264950 0.850036979 108.364601135 -0.012506457 0.994020224 -0.108468384 -8.763070107 -0.855721712 0.045477986 0.515432358 76.760604858
0.523718834 0.103618681 0.845564961 108.834259033 -0.016178627 0.993604839 -0.111739635 -8.818422318 -0.851736367 0.044840138 0.522046864 77.060173035
0.529137731 0.103776485 0.842165053 109.317222595 -0.020249885 0.993753850 -0.109733172 -8.876673698 -0.848293126 0.041010283 0.527935028 77.374649048
0.534510970 0.102852918 0.838878751 109.801658630 -0.026633123 0.994123340 -0.104917333 -8.933673859 -0.844740689 0.033737559 0.534110010 77.702682495
0.540056348 0.100464351 0.835610151 110.291290283 -0.032757714 0.994605780 -0.098408990 -8.989357948 -0.840990007 0.025773771 0.540435076 78.044029236
0.545624256 0.098856345 0.832177758 110.790382385 -0.039189391 0.994940519 -0.092496626 -9.046005249 -0.837112010 0.017855905 0.546738744 78.395240784
0.551663101 0.096966289 0.828410268 111.291961670 -0.041724406 0.995182991 -0.088701837 -9.097447395 -0.833021641 0.014368645 0.553052545 78.743270874
0.557767928 0.100633517 0.823872566 111.794395447 -0.046918225 0.994857252 -0.089754932 -9.148001671 -0.828668654 0.011407821 0.559621930 79.101051331
0.563589156 0.104686491 0.819393754 112.305984497 -0.050898653 0.994452357 -0.092043549 -9.197407722 -0.824484527 0.010168750 0.565791905 79.476303101
0.569500566 0.108216710 0.814835250 112.827301025 -0.054110393 0.994080484 -0.094203502 -9.249717712 -0.820206940 0.009557934 0.571985900 79.863151550
0.575654864 0.110419840 0.810201943 113.355117798 -0.056545604 0.993843019 -0.095271759 -9.301451683 -0.815734267 0.009030336 0.578355253 80.255393982
