1.000000000 0.000000000 0.000000000 0.000000000 0.000000000 1.000000000 0.000000000 0.000000000 0.000000000 0.000000000 1.000000000 0.000000000
0.999998033 0.001121118 0.001620668 -0.009139076 -0.001113543 0.999988496 -0.004667460 -0.001764039 -0.001625882 0.004665647 0.999987781 0.954554498
0.999996126 -0.000969607 0.002593637 -0.011531882 0.000983887 0.999984324 -0.005510398 -0.000457647 -0.002588253 0.005512929 0.999981463 1.910504818
0.999993026 -0.002526197 0.002750709 -0.015328979 0.002530207 0.999995708 -0.001455460 -0.002277163 -0.002747021 0.001462409 0.999995172 2.855508327
0.999985278 -0.005008751 0.002063432 -0.012084362 0.004999444 0.999977350 0.004490577 -0.005623410 -0.002085879 -0.004480195 0.999987781 3.811039925
0.999963164 -0.008537127 0.000795405 -0.015356772 0.008533509 0.999953687 0.004443584 -0.003052722 -0.000833304 -0.004436633 0.999989748 4.749888420
0.999940932 -0.010861007 0.000092139 -0.022479162 0.010860849 0.999939799 0.001552770 0.000033660 -0.000108999 -0.001551678 0.999998748 5.664217949
0.999935389 -0.011347824 -0.000590452 -0.027497366 0.011346673 0.999933720 -0.001918268 -0.000391317 0.000612181 0.001911444 0.999997914 6.583973885
0.999937713 -0.011071702 -0.001346962 -0.035417631 0.011068340 0.999935627 -0.002476979 -0.002476079 0.001374300 0.002461916 0.999996006 7.509096146
0.999941468 -0.010559549 -0.002314836 -0.044592384 0.010558256 0.999944091 -0.000569601 -0.004382388 0.002320721 0.000545127 0.999997139 8.428446770
0.999942243 -0.010332931 -0.002935177 -0.053189620 0.010339942 0.999943674 0.002383843 -0.007163084 0.002910379 -0.002414056 0.999992847 9.344911575
0.999938011 -0.010460763 -0.003797203 -0.062191304 0.010475175 0.999937892 0.003795389 -0.004328465 0.003757265 -0.003834931 0.999985576 10.257524490
0.999920487 -0.011845515 -0.004313973 -0.071034551 0.011865637 0.999918640 0.004668999 -0.003798044 0.004258316 -0.004719818 0.999979734 11.165869713
0.999917507 -0.011776329 -0.005120335 -0.079539582 0.011799691 0.999919951 0.004556812 -0.000181008 0.005066263 -0.004616857 0.999976397 12.066110611
0.999907792 -0.012277886 -0.005794603 -0.089761622 0.012296675 0.999919176 0.003218100 0.000457913 0.005754623 -0.003289060 0.999977887 12.967207909
0.999893367 -0.012657140 -0.007279105 -0.098505661 0.012666282 0.999918997 0.001211396 0.004071822 0.007263182 -0.001303469 0.999972641 13.870103836
0.999865294 -0.013902482 -0.008716358 -0.111361481 0.013902354 0.999903321 -0.000075132 0.004116946 0.008716559 -0.000046059 0.999961913 14.765317917
0.999854267 -0.013495156 -0.010448328 -0.124329776 0.013487601 0.999908686 -0.000793051 0.005147632 0.010458076 0.000652010 0.999945045 15.665350914
0.999854863 -0.012259680 -0.011821972 -0.145752534 0.012240784 0.999923706 -0.001669247 0.002942079 0.011841535 0.001524292 0.999928713 16.558418274
0.999853015 -0.010785290 -0.013320751 -0.167575151 0.010763996 0.999940693 -0.001669097 0.001489404 0.013337962 0.001525464 0.999909878 17.450181961
0.999832034 -0.011022974 -0.014636845 -0.187093705 0.011012043 0.999939024 -0.000827127 0.000480465 0.014645070 0.000665804 0.999892533 18.341672897
0.999819875 -0.010303650 -0.015934903 -0.209497094 0.010313124 0.999946713 0.000512662 -0.000461153 0.015928771 -0.000676911 0.999872923 19.216299057
0.999803066 -0.009871087 -0.017211745 -0.231813714 0.009889774 0.999950588 0.001001036 0.000876097 0.017201014 -0.001171062 0.999851346 20.095392227
0.999766886 -0.010745863 -0.018721156 -0.252015233 0.010759967 0.999941945 0.000652926 0.002376664 0.018713053 -0.000854216 0.999824524 20.972383499
0.999737382 -0.010753728 -0.020231122 -0.275933921 0.010759652 0.999942124 0.000184057 0.002531699 0.020227976 -0.000401692 0.999795318 21.839925766
0.999712169 -0.010760054 -0.021436714 -0.297053486 0.010775604 0.999941766 0.000610133 0.001326334 0.021428905 -0.000840954 0.999769986 22.700746536
0.999687433 -0.010773247 -0.022554895 -0.319613546 0.010831456 0.999938309 0.002460223 0.002473836 0.022527004 -0.002703760 0.999742568 23.561483383
0.999652207 -0.012116360 -0.023419322 -0.341355622 0.012241302 0.999911606 0.005199026 0.005272951 0.023354262 -0.005483904 0.999712229 24.407075882
0.999637902 -0.011958399 -0.024100648 -0.365294784 0.012125666 0.999903381 0.006806179 0.007030262 0.024016932 -0.007095955 0.999686360 25.240716934
0.999628663 -0.011410116 -0.024741249 -0.390773237 0.011555116 0.999916971 0.005725553 0.008261753 0.024673868 -0.006009319 0.999677479 26.066816330
0.999625921 -0.009804626 -0.025529472 -0.419214487 0.009884601 0.999946713 0.003008303 0.014025640 0.025498619 -0.003259530 0.999669552 26.877073288
0.999613583 -0.009421119 -0.026149752 -0.448291421 0.009455837 0.999954641 0.001204282 0.018807393 0.026137225 -0.001451088 0.999657273 27.666568756
0.999594450 -0.008603920 -0.027144188 -0.475705057 0.008630160 0.999962449 0.000849622 0.019103726 0.027135866 -0.001083540 0.999631166 28.454940796
0.999561250 -0.008620136 -0.028336128 -0.503429711 0.008633447 0.999962747 0.000347367 0.017835464 0.028332086 -0.000591858 0.999598384 29.237045288
0.999505460 -0.008159813 -0.030366475 -0.531239569 0.008147451 0.999966741 -0.000530806 0.017409468 0.030369803 0.000283130 0.999538660 30.008882523
0.999441624 -0.008265241 -0.032372523 -0.558828950 0.008247086 0.999965847 -0.000694299 0.018544909 0.032377161 0.000426929 0.999475598 30.771890640
0.999379337 -0.008076991 -0.034285448 -0.590463817 0.008088871 0.999967396 0.000207810 0.022434941 0.034282655 -0.000485016 0.999412000 31.525522232
0.999297261 -0.008612255 -0.036477365 -0.617793858 0.008710787 0.999958932 0.002543104 0.022812884 0.036453962 -0.002859067 0.999331176 32.273277283
0.999227405 -0.007771770 -0.038521625 -0.651235163 0.007939413 0.999959767 0.004200858 0.020208137 0.038487427 -0.004503455 0.999248862 33.007759094
0.999159813 -0.006123985 -0.040520556 -0.683509886 0.006308546 0.999970376 0.004428429 0.021786358 0.040492240 -0.004680338 0.999168813 33.739791870
0.999093354 -0.003766795 -0.042402785 -0.722239554 0.003926478 0.999985635 0.003683202 0.021562215 0.042388301 -0.003846361 0.999093771 34.446662903
0.999019325 -0.001919816 -0.044230863 -0.759348035 0.002042805 0.999994278 0.002735599 0.028335396 0.044225361 -0.002823276 0.999017537 35.159130096
0.998950064 -0.001637883 -0.045778397 -0.795559824 0.001816535 0.999991000 0.003861221 0.032174904 0.045771666 -0.003940330 0.998944104 35.859123230
0.998891711 -0.000168420 -0.047062334 -0.829283655 0.000431487 0.999984443 0.005579671 0.037851762 0.047060668 -0.005593800 0.998876274 36.547901154
0.998884141 0.002732400 -0.047143549 -0.867681146 -0.002440418 0.999977589 0.006249959 0.037087098 0.047159579 -0.006127941 0.998868465 37.220523834
0.998922825 0.006008023 -0.046004593 -0.906031609 -0.005819405 0.999974251 0.004232886 0.037321758 0.046028845 -0.003960614 0.998932183 37.880828857
0.998988509 0.007780077 -0.044280935 -0.940425098 -0.007734693 0.999969542 0.001196247 0.036501408 0.044288896 -0.000852544 0.999018312 38.526535034
0.999075890 0.008415484 -0.042141292 -0.970529377 -0.008446531 0.999964297 -0.000558663 0.037238456 0.042135090 0.000914088 0.999111414 39.167770386
0.999198437 0.009682371 -0.038834997 -1.001351714 -0.009684105 0.999953270 0.000143573 0.039697606 0.038834576 0.000232618 0.999245524 39.807571411
0.999258876 0.014548687 -0.035628911 -1.034114122 -0.014455250 0.999891520 0.002878883 0.039485000 0.035666935 -0.002361731 0.999360859 40.432071686
0.999315381 0.018889138 -0.031799585 -1.063052773 -0.018692261 0.999804437 0.006477418 0.036921345 0.031915721 -0.005878584 0.999473155 41.050132751
0.999337614 0.023878654 -0.027446484 -1.087985396 -0.023677971 0.999690711 0.007614136 0.036508881 0.027619813 -0.006959223 0.999594152 41.652496338
0.999374807 0.027774587 -0.021855498 -1.112155080 -0.027610319 0.999588549 0.007782918 0.041511729 0.022062674 -0.007174622 0.999730706 42.228126526
0.999370754 0.031696070 -0.015890092 -1.128948808 -0.031544439 0.999455392 0.009705083 0.046694726 0.016189050 -0.009197741 0.999826491 42.791000366
0.999286294 0.036590710 -0.009328564 -1.141454577 -0.036488425 0.999274671 0.010910859 0.048092078 0.009721033 -0.010562696 0.999896824 43.339790344
0.999199152 0.039935868 -0.002253826 -1.147530079 -0.039909851 0.999147117 0.010608322 0.048983213 0.002675554 -0.010509886 0.999941051 43.867286682
0.999042928 0.043430187 0.005094560 -1.151129127 -0.043482479 0.998997629 0.010641756 0.048842773 -0.004627284 -0.010853104 0.999930263 44.368911743
0.998772681 0.047908384 0.012526580 -1.148762941 -0.048035827 0.998794854 0.010076900 0.054666527 -0.012028723 -0.010666266 0.999870658 44.855960846
0.998429298 0.052268106 0.020149443 -1.145712376 -0.052425139 0.998597920 0.007343976 0.056260787 -0.019737348 -0.008388786 0.999769926 45.316322327
0.998133779 0.054209903 0.028093629 -1.134399295 -0.054350503 0.998512864 0.004264196 0.056935843 -0.027820706 -0.005783147 0.999596119 45.758464813
0.997854114 0.054739248 0.035914306 -1.119566441 -0.054923084 0.998481989 0.004150936 0.055503991 -0.035632592 -0.006114560 0.999346137 46.169429779
0.997567773 0.054119963 0.043914430 -1.098567963 -0.054409076 0.998504102 0.005413846 0.058231346 -0.043555766 -0.007790029 0.999020517 46.573413849
0.997101188 0.055675168 0.051850159 -1.077900410 -0.056068540 0.998407960 0.006161776 0.058075793 -0.051424578 -0.009051085 0.998635769 46.946647644
0.996431530 0.058731280 0.060611084 -1.057483077 -0.059223905 0.998224497 0.006361505 0.057967898 -0.060129877 -0.009928437 0.998141110 47.298984528
0.995580435 0.063390069 0.069283411 -1.035303116 -0.063952774 0.997935355 0.005931467 0.054731399 -0.068764396 -0.010336127 0.997579277 47.626277924
0.994686604 0.067019247 0.078139938 -1.011270881 -0.067693986 0.997688055 0.006014954 0.052155409 -0.077556193 -0.011272607 0.996924162 47.925815582
0.993947029 0.066345684 0.087557875 -0.982847810 -0.067192748 0.997717142 0.006759147 0.049051609 -0.086909577 -0.012601498 0.996136367 48.203372955
0.993045330 0.065102763 0.098088786 -0.946866035 -0.065920934 0.997811735 0.005119706 0.044113010 -0.097540863 -0.011550214 0.995164394 48.462703705
0.991894722 0.063840613 0.109854944 -0.906995535 -0.064302519 0.997930288 0.000663224 0.041854743 -0.109585270 -0.007721806 0.993947268 48.726478577
0.990272462 0.064623624 0.123219535 -0.872014821 -0.064698718 0.997899115 -0.003396244 0.041692272 -0.123180181 -0.004608946 0.992373526 48.982059479
0.988113582 0.066609807 0.138541058 -0.826956630 -0.066500232 0.997771680 -0.005425005 0.035642244 -0.138593763 -0.003852500 0.990341783 49.227439880
0.985602498 0.068251222 0.154688329 -0.778729796 -0.068039224 0.997660339 -0.006670881 0.031571589 -0.154781774 -0.003950044 0.987940729 49.474632263
0.982773125 0.068756647 0.171547115 -0.724997818 -0.068427995 0.997625291 -0.007835579 0.026436567 -0.171678573 -0.004038035 0.985144734 49.718647003
0.979505122 0.068035327 0.189577907 -0.666830540 -0.067569196 0.997674704 -0.008928996 0.021751689 -0.189744666 -0.004063637 0.981825054 49.952548981
0.975640714 0.067069218 0.208867997 -0.601711631 -0.066614226 0.997736275 -0.009220312 0.015431400 -0.209013671 -0.004917877 0.977900386 50.182815552
0.971106350 0.067404747 0.228928208 -0.531897366 -0.066764958 0.997713089 -0.010547927 0.011019710 -0.229115754 -0.005041233 0.973386228 50.415321350
0.965772033 0.069411054 0.249930948 -0.456955910 -0.068362437 0.997577488 -0.012885028 0.008717940 -0.250219971 -0.004641896 0.968177974 50.655563354
0.959518969 0.070822179 0.272592127 -0.374695569 -0.069334395 0.997479320 -0.015099403 0.004835932 -0.272974521 -0.004411854 0.962011278 50.892597198
0.952186048 0.071960203 0.296921402 -0.283028901 -0.070271425 0.997393668 -0.016371913 0.000073640 -0.297325820 -0.005275991 0.954761624 51.131908417
0.943603635 0.074746139 0.322527528 -0.185005605 -0.073053114 0.997176886 -0.017368861 -0.006077264 -0.322915405 -0.007172329 0.946400762 51.373222351
0.933675051 0.076877579 0.349770695 -0.081101477 -0.075142562 0.997000337 -0.018549953 -0.014265247 -0.350147754 -0.008963050 0.936651707 51.605567932
0.922449768 0.077632345 0.378230661 0.033674806 -0.075705796 0.996930003 -0.019985683 -0.025021542 -0.378621221 -0.010198482 0.925495625 51.834423065
0.909780264 0.075782657 0.408112198 0.168424100 -0.073068306 0.997078598 -0.022261366 -0.034037534 -0.408607185 -0.009567132 0.912660241 52.063289642
0.894868493 0.073116302 0.440298945 0.312836796 -0.069091707 0.997292399 -0.025188167 -0.042454265 -0.440948695 -0.007880925 0.897497773 52.287036896
0.877518475 0.072715819 0.473996222 0.467220664 -0.066586830 0.997337759 -0.029728167 -0.050391041 -0.474896312 -0.005474900 0.880024850 52.509510040
0.857949257 0.074671395 0.508277535 0.627854049 -0.066046335 0.997202039 -0.035016403 -0.060637638 -0.509470403 -0.003527579 0.860481083 52.725505829
0.836116076 0.076649547 0.543169916 0.799571514 -0.065630592 0.997055113 -0.039672699 -0.071962908 -0.544611573 -0.002477587 0.838684916 52.938331604
0.811482608 0.079594582 0.578929722 0.991167128 -0.066744208 0.996821761 -0.043493796 -0.083925143 -0.580551982 -0.003345751 0.814216495 53.161407471
0.784050703 0.083565429 0.615044951 1.200185061 -0.069607541 0.996482909 -0.046656221 -0.095954530 -0.616780996 -0.006230937 0.787110269 53.391078949
0.754146576 0.087678596 0.650825918 1.428903222 -0.073042952 0.996097028 -0.049554400 -0.113007940 -0.652630985 -0.010166986 0.757607758 53.621044159
0.721199989 0.088846728 0.687004924 1.679479361 -0.072836161 0.995969594 -0.052341957 -0.130702138 -0.688886821 -0.012289813 0.724764764 53.842601776
0.684763491 0.086695656 0.723589540 1.963084936 -0.069414899 0.996143699 -0.053660985 -0.148435086 -0.725451708 -0.013482844 0.688140988 54.064235687
0.645636916 0.085619248 0.758828938 2.273988724 -0.066706389 0.996219695 -0.055648193 -0.167109609 -0.760725260 -0.014690243 0.648907781 54.285949707
0.603229523 0.085394129 0.792982280 2.603899956 -0.064707100 0.996214151 -0.058056261 -0.184281856 -0.794938207 -0.016290361 0.606471658 54.500377655
0.557289422 0.085360140 0.825918317 2.961189747 -0.061079282 0.996221185 -0.061747909 -0.203688160 -0.828068554 -0.016035065 0.560397506 54.704029083
0.509465337 0.084237471 0.856357455 3.343302727 -0.057763577 0.996299982 -0.063638426 -0.228860706 -0.858550072 -0.017044716 0.512446463 54.890258789
0.460896790 0.082239985 0.883634388 3.744678020 -0.055863924 0.996410906 -0.063597903 -0.255580425 -0.885693669 -0.020051237 0.463837087 55.067871094
0.411372244 0.079985507 0.907950521 4.172082901 -0.055562790 0.996490300 -0.062611081 -0.281844676 -0.909772277 -0.024691829 0.414372861 55.231391907
0.361241937 0.079584219 0.929069221 4.610533237 -0.058330383 0.996328712 -0.062665552 -0.304070979 -0.930645943 -0.031555567 0.364558041 55.381877899
0.312056780 0.079868279 0.946699858 5.065174103 -0.055944793 0.996275961 -0.065609880 -0.329128027 -0.948414862 -0.032488950 0.315363050 55.508533478
0.265140563 0.076735586 0.961150944 5.549991608 -0.044577468 0.996737957 -0.067279689 -0.360599995 -0.963178813 -0.025007129 0.267696500 55.603164673
0.221166566 0.071229815 0.972630858 6.053980827 -0.031070296 0.997337580 -0.065974087 -0.389073521 -0.974741042 -0.015628690 0.222791016 55.676513672
0.179118827 0.070488364 0.981298566 6.567358017 -0.021854680 0.997469127 -0.067660704 -0.416490793 -0.983584702 -0.009326683 0.180206135 55.733760834
0.140738755 0.072261542 0.987405658 7.085738182 -0.018174242 0.997353494 -0.070399076 -0.439892858 -0.989879906 -0.008037496 0.141679704 55.786880493
0.108173333 0.072992697 0.991448283 7.630060196 -0.009080578 0.997331977 -0.072435081 -0.476541460 -0.994090557 -0.001167401 0.108547658 55.823028564
0.079328999 0.071399346 0.994287729 8.183355331 -0.001939138 0.997440994 -0.071471028 -0.518831193 -0.996846557 0.003741643 0.079264559 55.845130920
0.054484576 0.069675453 0.996080220 8.752167702 0.005402596 0.997527480 -0.070072167 -0.556111276 -0.998499930 0.009199252 0.053973541 55.860115051
0.034578007 0.068830684 0.997028410 9.328417778 0.010204862 0.997549355 -0.069220521 -0.587619483 -0.999349833 0.012568029 0.033790961 55.866485596
0.018703697 0.070659533 0.997324526 9.911401749 0.012891107 0.997399807 -0.070906579 -0.621327519 -0.999741852 0.014182817 0.017744280 55.867095947
0.005313452 0.070267819 0.997513354 10.496388435 0.013612386 0.997430682 -0.070334457 -0.661004901 -0.999893069 0.013952241 0.004343380 55.861862183
-0.006155171 0.071192548 0.997442961 11.088999748 0.014584574 0.997362912 -0.071096785 -0.699736178 -0.999874592 0.014109653 -0.007177165 55.853523254
-0.015220036 0.074127026 0.997132003 11.710823059 0.019278809 0.997084677 -0.073829189 -0.737818360 -0.999698222 0.018099824 -0.016604662 55.839027405
-0.021715509 0.076163307 0.996858180 12.334321976 0.023492483 0.996857643 -0.075651459 -0.774756372 -0.999488056 0.021775857 -0.023436457 55.819210052
-0.026244177 0.075637296 0.996789277 12.974383354 0.023856683 0.996896923 -0.075017296 -0.813032210 -0.999370754 0.021811314 -0.027967116 55.800006866
-0.029969448 0.072896905 0.996888459 13.623465538 0.021521328 0.997152984 -0.072269216 -0.853944600 -0.999319017 0.019288488 -0.031452887 55.789150238
-0.032508712 0.066141911 0.997279823 14.292559624 0.019406067 0.997661591 -0.065534607 -0.893900633 -0.999282897 0.017222827 -0.033716172 55.774871826
-0.033767354 0.060535599 0.997593999 14.970022202 0.020506663 0.997995794 -0.059865821 -0.930790722 -0.999219179 0.018435806 -0.034940984 55.754673004
-0.034344245 0.058037303 0.997722745 15.653288841 0.023022788 0.998093426 -0.057266332 -0.969750762 -0.999144733 0.021003583 -0.035614870 55.730045319
-0.034024440 0.060220759 0.997604311 16.341808319 0.026212148 0.997893393 -0.059344187 -1.012504458 -0.999077082 0.024130195 -0.035531197 55.701316833
-0.033163220 0.067671955 0.997155607 17.035219193 0.026985843 0.997402012 -0.066791162 -1.050972462 -0.999085486 0.024694072 -0.034903165 55.678836823
-0.031033071 0.075682878 0.996648192 17.737936020 0.027587496 0.996814132 -0.074836455 -1.090231299 -0.999137461 0.025172619 -0.033022024 55.657882690
-0.028932475 0.076459698 0.996652067 18.450117111 0.028226063 0.996735096 -0.075646654 -1.131082058 -0.999182701 0.025942914 -0.030996086 55.640857697
-0.026759986 0.072215095 0.997029305 19.180795670 0.027515598 0.997062504 -0.071478978 -1.175994754 -0.999263048 0.025521075 -0.028668337 55.626743317
-0.024323938 0.065732218 0.997539997 19.916326523 0.026827345 0.997519612 -0.065076694 -1.226719022 -0.999343991 0.025178427 -0.026026938 55.613216400
-0.021528689 0.064310655 0.997696877 20.651794434 0.024831191 0.997655511 -0.063772149 -1.271648049 -0.999459743 0.023401069 -0.023075037 55.606124878
-0.018018926 0.069656357 0.997407556 21.377761841 0.032415330 0.997086585 -0.069048323 -1.317279577 -0.999311924 0.031087121 -0.020224273 55.586082458
-0.014937191 0.075363100 0.997043490 22.112121582 0.033736814 0.996625841 -0.074826084 -1.361339569 -0.999319017 0.032519385 -0.017429208 55.575492859
-0.012543583 0.076063551 0.997023284 22.843423843 0.027598891 0.996749103 -0.075695381 -1.406438112 -0.999540210 0.026567250 -0.014601979 55.581340790
-0.009525176 0.072533116 0.997319758 23.571899414 0.022863517 0.997120976 -0.072300270 -1.456503630 -0.999693036 0.022113565 -0.011156019 55.588649750
-0.004717625 0.068809412 0.997617900 24.301620483 0.026867349 0.997278571 -0.068658918 -1.512120485 -0.999627709 0.026479445 -0.006553414 55.582778931
-0.001099707 0.069883898 0.997553766 25.036148071 0.031507324 0.997062564 -0.069814704 -1.563796759 -0.999502718 0.031353481 -0.003298231 55.578094482
0.001579796 0.074550606 0.997215271 25.770221710 0.031014424 0.996734142 -0.074563727 -1.612795353 -0.999517500 0.031045858 -0.000737407 55.583511353
0.005485801 0.075300753 0.997144997 26.491085052 0.027317176 0.996777654 -0.075423241 -1.659622192 -0.999611557 0.027652949 0.003411223 55.597465515
0.008936038 0.074938886 0.997147322 27.237995148 0.026390819 0.996823192 -0.075150967 -1.712233543 -0.999611557 0.026987094 0.006930055 55.615272522
0.012538443 0.071933135 0.997329831 27.982334137 0.030307543 0.996923745 -0.072284810 -1.763731837 -0.999461710 0.031132968 0.010319860 55.623466492
0.016201349 0.072463170 0.997238636 28.720054626 0.034602959 0.996732652 -0.072988503 -1.815667987 -0.999269545 0.035689935 0.013641078 55.631790161
0.019741124 0.073422194 0.997104704 29.456502914 0.037247051 0.996553898 -0.074119002 -1.867162228 -0.999110818 0.038602423 0.016938439 55.643779755
0.022403030 0.073501498 0.997042596 30.194601059 0.037584890 0.996527195 -0.074307948 -1.913948059 -0.999042094 0.039138481 0.019562788 55.664428711
0.025815420 0.072013505 0.997068644 30.947580338 0.038832903 0.996577144 -0.072983392 -1.966919303 -0.998911977 0.040603191 0.022930672 55.687732697
0.029525056 0.071138807 0.997028470 31.702371597 0.040695913 0.996551871 -0.072309881 -2.021119356 -0.998735011 0.042709958 0.026528304 55.708370209
0.032402508 0.071545094 0.996910036 32.443408966 0.038956605 0.996586502 -0.072788037 -2.071630478 -0.998715162 0.041194763 0.029504864 55.737911224
0.035494115 0.073242620 0.996681452 33.182918549 0.036080670 0.996566832 -0.074519075 -2.122236967 -0.998718083 0.038605943 0.032729734 55.770614624
0.038125589 0.073438831 0.996569812 33.930789948 0.037547503 0.996486425 -0.074869096 -2.172537804 -0.998567045 0.040273160 0.035234310 55.801456451
0.040830512 0.073397234 0.996465743 34.684356689 0.035173971 0.996574759 -0.074846491 -2.221564770 -0.998546481 0.038105700 0.038109105 55.836723328
0.043027941 0.073739804 0.996347964 35.438396454 0.033464551 0.996606648 -0.075204104 -2.273336411 -0.998512924 0.036578238 0.040414382 55.877422333
0.045681626 0.073973313 0.996212482 36.189769745 0.030267598 0.996694267 -0.075396985 -2.325086594 -0.998497069 0.033597238 0.043291740 55.921081543
0.048995133 0.075767264 0.995920122 36.941261292 0.028957026 0.996591866 -0.077242896 -2.378678799 -0.998378813 0.032623433 0.046634279 55.962234497
0.052315596 0.079297796 0.995476305 37.696342468 0.027818721 0.996339917 -0.080828510 -2.435343504 -0.998242676 0.031921491 0.049918279 56.005844116
0.055753086 0.081461757 0.995114923 38.458908081 0.027769145 0.996154189 -0.083102606 -2.493017435 -0.998057961 0.032266740 0.053276673 56.050289154
0.058423899 0.083894983 0.994759500 39.226325989 0.021523343 0.996125162 -0.085274220 -2.549129725 -0.998059452 0.026392622 0.056391943 56.107566833
0.060874078 0.083353356 0.994658053 39.990715027 0.017542794 0.996263981 -0.084561519 -2.601386070 -0.997990906 0.022596704 0.059184525 56.168800354
0.064647034 0.084082939 0.994358540 40.760215759 0.019406896 0.996149659 -0.085496061 -2.661885977 -0.997719049 0.024824498 0.062766448 56.223018646
0.068484947 0.085312888 0.993996799 41.539707184 0.018307237 0.996061921 -0.086751424 -2.725811481 -0.997483730 0.024138518 0.066653520 56.276023865
0.072121292 0.086448096 0.993641496 42.322086334 0.014038630 0.996050239 -0.087676577 -2.786988497 -0.997296631 0.020272730 0.070622936 56.341606140
0.076302752 0.084564611 0.993491232 43.117080688 0.012725587 0.996233344 -0.085775331 -2.848704815 -0.997003019 0.019187672 0.074939333 56.402034760
0.081210338 0.084321558 0.993122756 43.912410736 0.013042606 0.996239841 -0.085652694 -2.917283297 -0.996611178 0.019908814 0.079805322 56.467464447
0.086218089 0.088026531 0.992378891 44.701946259 0.009304086 0.995974600 -0.089153767 -2.981574535 -0.996232331 0.016919864 0.085052140 56.542247772
0.092260286 0.096551858 0.991041839 45.491714478 0.007449637 0.995193124 -0.097649761 -3.048886776 -0.995706558 0.016392116 0.091097645 56.623676300
0.099421449 0.101235732 0.989881277 46.279792786 0.005600946 0.994738519 -0.102294989 -3.120810986 -0.995029151 0.015714606 0.098331451 56.711532593
0.106850550 0.104186088 0.988800526 47.076820374 0.001310123 0.994479358 -0.104925975 -3.197139978 -0.994273722 0.012506867 0.106124289 56.803256989
0.113792464 0.102647059 0.988186777 47.886943817 -0.002615334 0.994676113 -0.103019923 -3.273535252 -0.993500531 0.009138471 0.113455221 56.908065796
0.121364601 0.101130322 0.987441897 48.687732697 -0.002970268 0.994829118 -0.101521768 -3.350026369 -0.992603004 0.009388200 0.121037550 57.007034302
0.128452599 0.097939417 0.986866772 49.492782593 -0.003157587 0.995147109 -0.098350130 -3.413682461 -0.991710067 0.009517231 0.128138617 57.131408691
0.135933086 0.092630297 0.986377239 50.285614014 -0.005257472 0.995673120 -0.092778683 -3.481553078 -0.990703464 0.007425860 0.135832056 57.247318268
0.142966658 0.085500315 0.986026585 51.097049713 -0.007814509 0.996328294 -0.085260496 -3.547273397 -0.989696026 0.004484111 0.143109992 57.379394531
0.150625184 0.082814373 0.985115230 51.907367706 -0.007273748 0.996551216 -0.082663529 -3.613533258 -0.988563538 0.005285745 0.150708184 57.513416290
0.158099830 0.084591791 0.983792126 52.700515747 -0.007640192 0.996398807 -0.084447913 -3.682455063 -0.987392962 0.005834856 0.158176884 57.638191223
0.164000541 0.091198832 0.982234597 53.475528717 -0.007069924 0.995800555 -0.091277912 -3.745383978 -0.986434281 0.008025320 0.163956717 57.771297455
0.169002324 0.094714180 0.981053352 54.248100281 -0.008615492 0.995476067 -0.094622396 -3.814255476 -0.985577345 0.007539165 0.169053927 57.912540436
0.173995376 0.097611792 0.979895830 55.017665863 -0.010060532 0.995199442 -0.097349823 -3.887983561 -0.984694421 0.007080164 0.174142286 58.057308197
0.179350331 0.097028963 0.978987753 55.776077271 -0.012155443 0.995267034 -0.096415512 -3.957447529 -0.983709455 0.005392142 0.179681063 58.201011658
0.184640393 0.094075240 0.978292406 56.528751373 -0.008191936 0.995521009 -0.094185829 -4.027439594 -0.982771277 0.009376420 0.184584215 58.345455170
0.189190939 0.087439723 0.978038549 57.287563324 -0.007289947 0.996125102 -0.087646522 -4.093907356 -0.981912494 0.009452096 0.189095423 58.496646881
0.192418873 0.081090540 0.977955878 58.032993317 -0.009058073 0.996684372 -0.080861218 -4.163335800 -0.981270313 0.006700845 0.192515552 58.654384613
0.195573509 0.077829994 0.977594912 58.776870728 -0.012656908 0.996963263 -0.076839857 -4.224683285 -0.980606616 0.002654527 0.195964828 58.814514160
0.198689654 0.077892147 0.976961374 59.500732422 -0.014099825 0.996960878 -0.076619089 -4.280725002 -0.979960263 0.001448451 0.199184209 58.971744537
0.200711235 0.079968713 0.976380229 60.212512970 -0.016026756 0.996797502 -0.078346349 -4.337050915 -0.979518592 0.000076800 0.201350227 59.126087189
0.201993316 0.084411696 0.975741625 60.908180237 -0.020076327 0.996426523 -0.082045004 -4.391930103 -0.979180336 -0.003016748 0.202966303 59.285186768
0.203933761 0.088599823 0.974966347 61.597072601 -0.021257740 0.996062398 -0.086070389 -4.448914051 -0.978753090 -0.003172908 0.205014303 59.438823700
0.206054315 0.093857482 0.974028111 62.273811340 -0.021814372 0.995582879 -0.091319650 -4.505341053 -0.978296578 -0.002430991 0.207191691 59.587772369
0.207636774 0.095943458 0.973488688 62.946449280 -0.021048538 0.995386362 -0.093612105 -4.562327385 -0.977978706 -0.001053187 0.208698377 59.736961365
0.209032178 0.095905416 0.973193824 63.613452911 -0.023459693 0.995384812 -0.093053348 -4.621867180 -0.977626503 -0.003379672 0.210317478 59.890682220
0.209542066 0.092799917 0.973385215 64.277168274 -0.023380851 0.995677114 -0.089891911 -4.685229301 -0.977519214 -0.003922427 0.210806116 60.039817810
0.210314929 0.090178125 0.973464966 64.917243958 -0.023226643 0.995916545 -0.087239876 -4.745613575 -0.977356911 -0.004262464 0.211550787 60.180961609
0.210270718 0.088899046 0.973592103 65.560531616 -0.022022111 0.996035159 -0.086192101 -4.799441814 -0.977394342 -0.003316870 0.211394906 60.319694519
0.208739102 0.088249274 0.973980725 66.187873840 -0.022391481 0.996090591 -0.085453711 -4.856218815 -0.977714121 -0.003971329 0.209899217 60.458160400
0.207044348 0.089071020 0.974267662 66.798873901 -0.023662461 0.996011555 -0.086030327 -4.910389900 -0.978044450 -0.005241465 0.208326370 60.593990326
0.204884171 0.091871776 0.974464297 67.398841858 -0.024408376 0.995755136 -0.088747114 -4.966181755 -0.978480935 -0.005602200 0.206257060 60.723205566
0.202830002 0.095659263 0.974529564 67.990325928 -0.022475719 0.995409548 -0.093030922 -5.022487640 -0.978955030 -0.003033781 0.204049096 60.845466614
0.201273456 0.096102670 0.974808574 68.577026367 -0.020120751 0.995371222 -0.093975410 -5.073786259 -0.979327440 -0.000699117 0.202275604 60.962932587
0.199054137 0.095168784 0.975355744 69.164627075 -0.020931257 0.995459318 -0.092858605 -5.123278141 -0.979763985 -0.001931524 0.200142443 61.085346222
0.196543187 0.092224397 0.976147413 69.746902466 -0.021113846 0.995733857 -0.089823671 -5.176110268 -0.980266869 -0.002955990 0.197652072 61.206428528
0.194436967 0.088334017 0.976928651 70.315109253 -0.020761546 0.996084511 -0.085933909 -5.230755806 -0.980694354 -0.003573817 0.195509747 61.320873260
0.192836657 0.087244868 0.977343619 70.877708435 -0.016880592 0.996186852 -0.085596263 -5.283952713 -0.981084704 0.000007962 0.193574250 61.428012848
0.191169679 0.088597432 0.977549434 71.424400330 -0.013057698 0.996059418 -0.087721437 -5.331170082 -0.981469274 0.004005139 0.191573381 61.530246735
0.188794464 0.090615034 0.977826059 71.970016479 -0.008849537 0.995850146 -0.090576664 -5.376651287 -0.981975913 0.008447071 0.188813031 61.630424500
0.187158734 0.092622511 0.977952421 72.514541626 -0.009353747 0.995667756 -0.092510208 -5.420411587 -0.982284307 0.008166581 0.187214434 61.735225677
0.185903430 0.095294639 0.977935135 73.050285339 -0.009748792 0.995415688 -0.095144764 -5.468189240 -0.982518792 0.008154061 0.185980335 61.840263367
0.184528619 0.093778826 0.978341997 73.592773438 -0.008271045 0.995550215 -0.093868248 -5.520413876 -0.982791483 0.009229477 0.184483305 61.945312500
0.185340017 0.092309475 0.978328347 74.136650085 -0.002203512 0.995614588 -0.093523018 -5.563972950 -0.982671142 0.015177812 0.184730798 62.042037964
0.188086420 0.090262182 0.977995157 74.689132690 0.003136066 0.995707631 -0.092499994 -5.609598160 -0.982146621 0.020465065 0.186996192 62.138053894
0.190048039 0.089713171 0.977666438 75.233482361 0.005982733 0.995691776 -0.092530154 -5.656317711 -0.981755674 0.023434307 0.188692734 62.245990753
0.193353429 0.089266762 0.977059007 75.782730103 0.003510408 0.995782912 -0.091672070 -5.710720539 -0.981122017 0.021155000 0.192224860 62.361354828
0.198822275 0.089918658 0.975900948 76.329925537 0.002384190 0.995734572 -0.092231795 -5.759650230 -0.980031788 0.020664483 0.197760031 62.481307983
0.205314383 0.088880286 0.974651039 76.891273499 0.003532467 0.995793819 -0.091552429 -5.805120945 -0.978688836 0.022239966 0.204137027 62.603942871
0.213000610 0.089384280 0.972954094 77.457336426 0.001911321 0.995766342 -0.091898426 -5.844658375 -0.977049410 0.021434059 0.211928204 62.735397339
0.221425205 0.087325588 0.971258759 78.026351929 0.002484120 0.995928526 -0.090109937 -5.889941216 -0.975173354 0.022365348 0.220306948 62.873889923
0.230276823 0.086999282 0.969227612 78.606506348 -0.001018999 0.996016443 -0.089161761 -5.941981792 -0.973123848 0.019544257 0.229448348 63.025596619
0.239846751 0.086754836 0.966925800 79.184974670 -0.002180820 0.996044517 -0.088826455 -5.991218567 -0.970807493 0.019196058 0.239087448 63.181301117
0.249449328 0.090645306 0.964135230 79.768592834 -0.007503638 0.995760262 -0.091677159 -6.038892746 -0.968357921 0.015634296 0.249072120 63.347293854
0.258872300 0.093035161 0.961419702 80.364479065 -0.010872072 0.995567918 -0.093412168 -6.083663464 -0.965849459 0.013729212 0.258736670 63.524566650
0.269637525 0.095830940 0.958180666 80.959510803 -0.015121374 0.995334387 -0.095291510 -6.136444569 -0.962842286 0.011205170 0.269828796 63.706905365
0.280103832 0.097519733 0.955002546 81.567893982 -0.016356075 0.995166957 -0.096823782 -6.191998005 -0.959829450 0.011500633 0.280345351 63.889057159
0.289932847 0.098267578 0.951987684 82.184356689 -0.019740388 0.995116889 -0.096707433 -6.250443935 -0.956842422 0.009246071 0.290457159 64.088020325
0.300290257 0.098633043 0.948733628 82.812339783 -0.020667471 0.995078385 -0.096909523 -6.307416916 -0.953622997 0.009493077 0.300851107 64.297859192
0.310386449 0.099663213 0.945370674 83.452301025 -0.025123950 0.995001435 -0.096646599 -6.363016605 -0.950277448 0.006246367 0.311339140 64.519783020
0.320897490 0.094812773 0.942355335 84.111282349 -0.024525499 0.995474696 -0.091805600 -6.416130543 -0.946795344 0.006348471 0.321770936 64.753036499
0.331736088 0.087693274 0.939286590 84.770057678 -0.020942073 0.996109128 -0.085601963 -6.471626282 -0.943138778 0.008726666 0.332282066 64.988784790
0.342804551 0.083335079 0.935702145 85.425827026 -0.019680707 0.996475816 -0.081537373 -6.530535698 -0.939199626 0.009536115 0.343236774 65.230194092
0.353128701 0.080163777 0.932133079 86.101600647 -0.020547142 0.996746480 -0.077936418 -6.583424091 -0.935348153 0.008368926 0.353627145 65.492027283
0.362740397 0.077706352 0.928643823 86.788558960 -0.014531469 0.996867776 -0.077738889 -6.631574631 -0.931775987 0.014704489 0.362733632 65.754974365
0.371605128 0.072435811 0.925559819 87.482604980 -0.008309361 0.997171044 -0.074703999 -6.678272724 -0.928352773 0.020069594 0.371156007 66.020683289
0.378900856 0.062739000 0.923307180 88.194084167 0.001255827 0.997663498 -0.068306804 -6.728127480 -0.925435543 0.027041033 0.377936959 66.300689697
0.386011302 0.058795910 0.920617402 88.928756714 0.006232495 0.997777760 -0.066336989 -6.773170948 -0.922472119 0.031344585 0.384787261 66.599037170
0.393203855 0.058788955 0.917568862 89.619110107 0.007878130 0.997701705 -0.067299001 -6.834357738 -0.919416666 0.033690967 0.391837209 66.908294678
0.400712162 0.065044977 0.913891077 90.334297180 0.010108024 0.997102141 -0.075399362 -6.881682873 -0.916147411 0.039451089 0.398893654 67.214546204
0.408079147 0.069315270 0.910310268 91.041038513 0.013882130 0.996527135 -0.082103282 -6.926043510 -0.912840188 0.046141706 0.405699909 67.521087646
0.413442791 0.071351022 0.907729089 91.728782654 0.012130005 0.996404886 -0.083846033 -6.982541561 -0.910448432 0.045676317 0.411091149 67.832855225
0.417953491 0.072898865 0.905537724 92.413116455 0.005303086 0.996562541 -0.082674220 -7.041903019 -0.908452034 0.039356150 0.416130394 68.158599854
0.421737641 0.076586880 0.903476477 93.097648621 -0.001379116 0.996479392 -0.083826780 -7.107733250 -0.906715989 0.034106936 0.420358688 68.500854492
0.425674528 0.079665527 0.901361525 93.779899597 -0.002211894 0.996205568 -0.087003492 -7.171680450 -0.904872775 0.035041478 0.424235731 68.834701538
0.429562390 0.083906658 0.899129450 94.453811646 -0.005569669 0.995901227 -0.090276346 -7.238354206 -0.903019130 0.033771489 0.428269207 69.171157837
0.432837039 0.086984031 0.897264600 95.112976074 -0.008738372 0.995691955 -0.092310458 -7.302350044 -0.901428998 0.032114767 0.431732625 69.505592346
0.436718225 0.085425079 0.895532072 95.763961792 -0.009928935 0.995878279 -0.090155043 -7.369937897 -0.899542749 0.030480685 0.435766518 69.834442139
0.440638393 0.082389593 0.893894732 96.414772034 -0.009085952 0.996137619 -0.087334283 -7.435207367 -0.897637963 0.030360965 0.439685196 70.164916992
0.443956286 0.079764389 0.892490089 97.046730042 -0.009735174 0.996400535 -0.084208444 -7.502027035 -0.895994782 0.028696330 0.443134964 70.488677979
0.447601020 0.078673080 0.890764773 97.671295166 -0.010588036 0.996518731 -0.082692869 -7.564066887 -0.894169927 0.027581973 0.446875960 70.811370850
0.450914711 0.080504835 0.888927937 98.279785156 -0.012853862 0.996406436 -0.083718203 -7.622355461 -0.892473757 0.026323620 0.450329304 71.127029419
0.453605503 0.081028566 0.887510240 98.885681152 -0.012258598 0.996331096 -0.084698312 -7.682799816 -0.891117573 0.027539995 0.452934712 71.444015503
0.455799520 0.079287767 0.886542916 99.488601685 -0.010332604 0.996428668 -0.083802961 -7.736106873 -0.890021741 0.029037058 0.454991102 71.753059387
0.457451880 0.078030065 0.885803103 100.074180603 -0.008402627 0.996477306 -0.083439872 -7.794141769 -0.889193952 0.030726664 0.456496209 72.061203003
0.459308058 0.077918991 0.884851813 100.655860901 -0.009827294 0.996529937 -0.082651973 -7.852048397 -0.888221979 0.029267030 0.458480090 72.369270325
0.461317003 0.077331662 0.883857667 101.226890564 -0.008312196 0.996527195 -0.082850955 -7.902849674 -0.887195706 0.030873770 0.460357875 72.667312622
0.464063972 0.079198785 0.882252812 101.784217834 -0.008872526 0.996360540 -0.084775038 -7.951521873 -0.885756493 0.031513244 0.463077843 72.961944580
0.466972709 0.079206198 0.880716026 102.340667725 -0.005920080 0.996237934 -0.086456478 -8.001419067 -0.884251177 0.035158921 0.465684921 73.254043579
0.469952554 0.078540348 0.879189312 102.884010315 -0.004287658 0.996224880 -0.086703457 -8.056206703 -0.882680535 0.036976870 0.468515277 73.549331665
0.473292977 0.076601774 0.877566993 103.417839050 -0.001166469 0.996265531 -0.086333618 -8.108098030 -0.880903542 0.039837465 0.471614957 73.831405640
0.476748437 0.075653821 0.875776947 103.939544678 0.000266140 0.996277094 -0.086207971 -8.155961990 -0.879038990 0.041332625 0.474953532 74.113296509
0.479899764 0.075248443 0.874089062 104.453849792 0.001283662 0.996253610 -0.086469978 -8.204383850 -0.877321541 0.042618994 0.478005409 74.398376465
0.483547747 0.074386843 0.872150183 104.961456299 0.001974743 0.996287107 -0.086069398 -8.254972458 -0.875314891 0.043340970 0.481605619 74.679534912
0.486914903 0.073869944 0.870318830 105.467170715 0.003644041 0.996236742 -0.086596072 -8.301718712 -0.873440921 0.045336433 0.484813452 74.965171814
0.491085351 0.075176440 0.867860258 105.961860657 0.003091119 0.996112525 -0.088035017 -8.349429131 -0.871105134 0.045915406 0.488943994 75.240325928
0.495511681 0.075395122 0.865321577 106.459548950 0.004994385 0.995961905 -0.089637578 -8.397336960 -0.868586063 0.048738260 0.493134320 75.515663147
0.500282288 0.078860700 0.862262368 106.946754456 0.002780442 0.995692313 -0.092677005 -8.445873260 -0.865857005 0.048762176 0.497908086 75.802856445
0.505770445 0.084676556 0.858500957 107.427848816 -0.000656603 0.995208442 -0.097773477 -8.497890472 -0.862666965 0.048887279 0.503402710 76.090362549
0.511561692 0.091736317 0.854334176 107.901748657 -0.005681983 0.994623840 -0.103397869 -8.546582222 -0.859226882 0.048040103 0.509332776 76.390815735
0.517614424 0.098128453 0.849967062 108.368644714 -0.010953216 0.994080067 -0.108095847 -8.598002434 -0.855542958 0.046642125 0.515625119 76.685112000
0.524092793 0.102450021 0.845475376 108.840225220 -0.014637867 0.993675113 -0.111334227 -8.655124664 -0.851534426 0.045973536 0.522277713 76.984222412
0.529541194 0.102558970 0.842060387 109.327758789 -0.018720746 0.993835509 -0.109271564 -8.715621948 -0.848076701 0.042099815 0.528196931 77.300773621
0.534923553 0.101649970 0.838762224 109.812812805 -0.025116403 0.994210660 -0.104470655 -8.772302628 -0.844526112 0.034817137 0.534379840 77.629333496
0.540518165 0.099238932 0.835457802 110.304420471 -0.031351134 0.994705021 -0.097871512 -8.831645966 -0.840747118 0.026708791 0.540767431 77.970283508
0.546094835 0.097630017 0.832013667 110.803268433 -0.037774947 0.995045245 -0.091966614 -8.888034821 -0.836870372 0.018793223 0.547077000 78.321609497
0.552119136 0.095734067 0.828249633 111.304542542 -0.040301096 0.995289207 -0.088176295 -8.939376831 -0.832789779 0.015304453 0.553376377 78.670051575
0.558223426 0.099407226 0.823712826 111.806694031 -0.045505933 0.994970381 -0.089235798 -8.989717484 -0.828440964 0.012329684 0.559939384 79.028022766
0.564046562 0.103436597 0.819237649 112.317344666 -0.049466211 0.994574130 -0.091516815 -9.039199829 -0.824259222 0.011095148 0.566102684 79.401840210
0.569952250 0.106995232 0.814680517 112.835968018 -0.052656420 0.994203806 -0.093734071 -9.087368965 -0.819988012 0.010525774 0.572282672 79.789276123
0.576111317 0.109204404 0.810041964 113.362396240 -0.055104613 0.993969142 -0.094809063 -9.138911247 -0.815510750 0.009983513 0.578654528 80.180702209
