1.000000000 0.000000000 0.000000000 0.000000000 0.000000000 1.000000000 0.000000000 0.000000000 0.000000000 0.000000000 1.000000000 0.000000000
0.999990880 -0.002574668 -0.003409153 0.000098005 0.002567499 0.999994516 -0.002105686 -0.005746838 0.003414556 0.002096914 0.999991953 0.671490908
0.999971211 -0.001481235 -0.007439156 -0.011954256 0.001454814 0.999992609 -0.003555654 -0.012498425 0.007444368 0.003544729 0.999965966 1.351144910
0.999934971 -0.001433925 -0.011317937 -0.027290169 0.001376859 0.999986231 -0.005048243 -0.016707432 0.011325020 0.005032331 0.999923170 2.055840254
0.999869704 0.000072982 -0.016141938 -0.046399824 -0.000163896 0.999984086 -0.005630945 -0.023315359 0.016141269 0.005632856 0.999853849 2.783595800
0.999784529 -0.000971879 -0.020734919 -0.060483672 0.000848324 0.999981821 -0.005966721 -0.029597268 0.020740340 0.005947845 0.999767184 3.521357059
0.999680221 0.000861202 -0.025270734 -0.085760497 -0.001041755 0.999974012 -0.007132462 -0.041276157 0.025263932 0.007156507 0.999655187 4.275197506
0.999538779 0.003517015 -0.030161178 -0.114966340 -0.003750273 0.999963403 -0.007680646 -0.050102748 0.030133057 0.007790216 0.999515533 5.034651756
0.999395132 0.003838453 -0.034560151 -0.145387396 -0.004052998 0.999972880 -0.006139963 -0.059086375 0.034535643 0.006276322 0.999383748 5.810464859
0.999233723 0.003100998 -0.039013196 -0.180342704 -0.003236878 0.999988914 -0.003420223 -0.069504291 0.039002154 0.003543883 0.999232769 6.602612019
0.999090135 0.002642615 -0.042562436 -0.215612382 -0.002676561 0.999996185 -0.000740575 -0.082086049 0.042560317 0.000853823 0.999093473 7.415008545
0.998970926 0.004437074 -0.045134149 -0.260244220 -0.004499425 0.999989092 -0.001279950 -0.093868807 0.045127977 0.001481710 0.998980045 8.228330612
0.998864889 0.003927150 -0.047467295 -0.300289422 -0.004002831 0.999990880 -0.001499425 -0.102807537 0.047460973 0.001687727 0.998871624 9.051147461
0.998783052 0.000912121 -0.049307887 -0.337668031 -0.001018056 0.999997258 -0.002123369 -0.108574234 0.049305812 0.002170983 0.998781323 9.890864372
0.998664021 0.000929621 -0.051660854 -0.377542496 -0.000994664 0.999998748 -0.001233361 -0.119277053 0.051659644 0.001283099 0.998663902 10.726487160
0.998581588 -0.000452438 -0.053236175 -0.421101868 0.000376628 0.999998927 -0.001434072 -0.130707204 0.053236760 0.001411988 0.998580933 11.571533203
0.998479843 0.001922847 -0.055080146 -0.472564965 -0.002126924 0.999991119 -0.003646720 -0.145365968 0.055072639 0.003758329 0.998475254 12.427039146
0.998395503 0.002585972 -0.056562118 -0.524254680 -0.002944542 0.999976099 -0.006256988 -0.157419756 0.056544587 0.006413500 0.998379409 13.285467148
0.998274386 0.006629166 -0.058342092 -0.582679629 -0.007099415 0.999943912 -0.007856605 -0.168985382 0.058286738 0.008257244 0.998265684 14.157279015
0.998215079 0.007506457 -0.059243087 -0.640720904 -0.007965863 0.999939978 -0.007522223 -0.182738289 0.059183065 0.007980720 0.998215199 15.044281960
0.998143077 0.006983162 -0.060506687 -0.696441650 -0.007367417 0.999954104 -0.006129848 -0.195805505 0.060461100 0.006564245 0.998148918 15.916481972
0.998043954 0.007906482 -0.062010311 -0.754989743 -0.008215781 0.999955058 -0.004734477 -0.207996115 0.061970089 0.005234680 0.998064220 16.807270050
0.997985482 0.007704095 -0.062969372 -0.814854383 -0.008005953 0.999957681 -0.004542799 -0.223753914 0.062931702 0.005037778 0.998005092 17.711509705
0.997868419 0.007463337 -0.064826496 -0.874172390 -0.007830304 0.999954760 -0.005408516 -0.238094881 0.064783186 0.005904598 0.997881889 18.617986679
0.997804105 0.005718549 -0.065982997 -0.937167943 -0.006125418 0.999963522 -0.005965604 -0.251971096 0.065946460 0.006356678 0.997802913 19.527851105
0.997757673 0.005764735 -0.066677913 -0.997176051 -0.006060673 0.999972761 -0.004236894 -0.264633775 0.066651657 0.004631507 0.997765541 20.461069107
0.997746050 0.006935707 -0.066740356 -1.062485456 -0.006993714 0.999975443 -0.000635523 -0.282499284 0.066734292 0.001100853 0.997770131 21.378562927
0.997792184 0.007878793 -0.065941364 -1.127804995 -0.007691496 0.999965727 0.003093776 -0.293283105 0.065963455 -0.002579758 0.997818649 22.307031631
0.997901917 0.006553395 -0.064407237 -1.189007878 -0.006179955 0.999963045 0.005995604 -0.298885494 0.064444117 -0.005584992 0.997905672 23.235221863
0.997999907 0.006910499 -0.062832080 -1.256070495 -0.006498422 0.999956131 0.006760377 -0.307566017 0.062876008 -0.006338547 0.998001158 24.181215286
0.998088241 0.007279434 -0.061370037 -1.317372441 -0.007041360 0.999966860 0.004094721 -0.318882525 0.061397776 -0.003654765 0.998106599 25.114952087
0.998138964 0.008480188 -0.060383290 -1.380557537 -0.008538392 0.999963343 -0.000705942 -0.330583721 0.060375053 0.001220204 0.998174906 26.035314560
0.998216331 0.007863597 -0.059176531 -1.438312769 -0.008087198 0.999961078 -0.003539979 -0.346042186 0.059146352 0.004012237 0.998241127 26.965927124
0.998267591 0.005182464 -0.058604483 -1.490649343 -0.005340150 0.999982595 -0.002534371 -0.355807126 0.058590289 0.002842936 0.998277962 27.911643982
0.998267710 0.003328541 -0.058737699 -1.556527138 -0.003177962 0.999991536 0.002656812 -0.373932719 0.058746003 -0.002465544 0.998269796 28.894634247
0.998212337 -0.000609135 -0.059760105 -1.605684757 0.000980207 0.999980509 0.006180216 -0.386530787 0.059755132 -0.006227745 0.998193502 29.856613159
0.998120308 -0.007816281 -0.060780711 -1.660552502 0.008180577 0.999950111 0.005747034 -0.400135934 0.060732711 -0.006233452 0.998134494 30.812986374
0.998017251 -0.009670310 -0.062191047 -1.720591545 0.009801475 0.999950469 0.001804262 -0.406170666 0.062170472 -0.002410248 0.998062491 31.785509109
0.997930825 -0.009427444 -0.063598648 -1.784414053 0.009306020 0.999954402 -0.002205253 -0.415558040 0.063616492 0.001608840 0.997972906 32.764568329
0.997802019 -0.007969960 -0.065781556 -1.854161501 0.007809047 0.999965966 -0.002703007 -0.429854542 0.065800816 0.002183374 0.997830153 33.741844177
0.997760773 -0.008318326 -0.066361338 -1.921493292 0.008261599 0.999965370 -0.001129305 -0.445465207 0.066368394 0.000578526 0.997794747 34.733745575
0.997683942 -0.005228043 -0.067815684 -1.991667509 0.005366265 0.999984026 0.001856129 -0.462779552 0.067804851 -0.002215746 0.997695804 35.714046478
0.997615457 -0.005182979 -0.068819880 -2.062304020 0.005415639 0.999980390 0.003194505 -0.475912303 0.068801932 -0.003559590 0.997623622 36.711887360
0.997549415 -0.003949460 -0.069850884 -2.134456635 0.004367596 0.999973595 0.005834355 -0.484877110 0.069825955 -0.006125136 0.997540057 37.685016632
0.997578442 -0.004338888 -0.069411516 -2.215311527 0.004961960 0.999949038 0.008806525 -0.487867564 0.069369718 -0.009129615 0.997548878 38.677402496
0.997535706 0.001367468 -0.070144437 -2.291757345 -0.000580617 0.999936819 0.011236715 -0.493975013 0.070155323 -0.011168296 0.997473180 39.653614044
0.997549891 0.001394729 -0.069942467 -2.376988888 -0.000663209 0.999944925 0.010480985 -0.494006038 0.069953188 -0.010408917 0.997495592 40.651470184
0.997563899 0.001369238 -0.069743142 -2.451731682 -0.000758098 0.999961197 0.008788416 -0.494608104 0.069752425 -0.008714132 0.997525930 41.639694214
0.997543275 0.003816408 -0.069946900 -2.521276712 -0.003358909 0.999972284 0.006657103 -0.500249207 0.069970325 -0.006405800 0.997528195 42.613822937
0.997476339 0.003509899 -0.070910804 -2.591407537 -0.003045600 0.999973297 0.006654691 -0.503150523 0.070932217 -0.006421928 0.997460127 43.601337433
0.997380793 0.001325857 -0.072315201 -2.661932945 -0.000741700 0.999966919 0.008104164 -0.512043834 0.072323501 -0.008029298 0.997348607 44.583221436
0.997321606 0.001922977 -0.073113531 -2.736447096 -0.001261887 0.999957919 0.009087062 -0.518890500 0.073127881 -0.008970459 0.997281969 45.572887421
0.997302413 0.004456213 -0.073264733 -2.814219952 -0.004067155 0.999976814 0.005458620 -0.528692126 0.073287308 -0.005145913 0.997297287 46.539215088
0.997230768 0.005250738 -0.074181192 -2.891135216 -0.005165976 0.999985754 0.001334449 -0.536717236 0.074187085 -0.000947533 0.997243524 47.498451233
0.997169852 0.006100966 -0.074931711 -2.967251301 -0.006111533 0.999981284 0.000088264 -0.547934353 0.074930795 0.000369936 0.997188270 48.462337494
0.997166514 0.004684891 -0.075077310 -3.039277792 -0.004428762 0.999983728 0.003577645 -0.560638428 0.075092800 -0.003235005 0.997170925 49.435546875
0.997163832 0.002911872 -0.075202949 -3.112654209 -0.002410595 0.999974191 0.006755539 -0.571356893 0.075220637 -0.006555091 0.997144997 50.411319733
0.997124135 0.000829104 -0.075779319 -3.182860374 -0.000261394 0.999971807 0.007501206 -0.582564890 0.075783350 -0.007459821 0.997096062 51.373634338
0.997098267 -0.002094528 -0.076094732 -3.254274845 0.002578547 0.999977052 0.006263017 -0.590332508 0.076079823 -0.006441053 0.997080564 52.320240021
0.997061551 -0.004581652 -0.076465927 -3.325004578 0.004975972 0.999975264 0.004967044 -0.601162910 0.076441228 -0.005332937 0.997059464 53.270866394
0.996971607 -0.006190465 -0.077518173 -3.399209261 0.006686475 0.999958813 0.006140673 -0.609631836 0.077476911 -0.006640395 0.996971667 54.217327118
0.996869564 -0.009175831 -0.078527652 -3.471162081 0.010014562 0.999896884 0.010293495 -0.619264483 0.078425042 -0.011047686 0.996858418 55.154067993
0.996803284 -0.009995643 -0.079264954 -3.542311430 0.011252906 0.999817610 0.015430685 -0.626488864 0.079096191 -0.016273312 0.996733785 56.094322205
0.996768296 -0.008391931 -0.079888716 -3.620411873 0.009837663 0.999794602 0.017720435 -0.631210506 0.079723530 -0.018449077 0.996645927 57.041110992
0.996666968 -0.007124857 -0.081264034 -3.700564861 0.008262741 0.999872386 0.013674596 -0.632630467 0.081156164 -0.014300475 0.996598482 57.966350555
0.996565580 -0.005560325 -0.082617767 -3.781767368 0.006067732 0.999964237 0.005891795 -0.634405613 0.082581975 -0.006372856 0.996563613 58.881664276
0.996502519 -0.003922184 -0.083468445 -3.863821745 0.004027170 0.999991298 0.001089451 -0.640452385 0.083463371 -0.001421776 0.996509552 59.793689728
0.996420205 0.000769280 -0.084533937 -3.948949814 -0.000602257 0.999997795 0.002001282 -0.652055025 0.084535226 -0.001943200 0.996418297 60.695583344
0.996298790 0.003736108 -0.085875548 -4.030319691 -0.003349434 0.999983549 0.004646366 -0.673369229 0.085891433 -0.004341528 0.996294737 61.572776794
0.996210814 0.006348407 -0.086738326 -4.114557743 -0.005828193 0.999963403 0.006249433 -0.687411964 0.086774766 -0.005720218 0.996211231 62.471263885
0.996105254 0.007235667 -0.087873518 -4.192783833 -0.006734904 0.999959290 0.005993830 -0.697447002 0.087913252 -0.005378658 0.996113360 63.332550049
0.995939374 0.008744885 -0.089599840 -4.272451401 -0.008168922 0.999943495 0.006792883 -0.706413984 0.089654125 -0.006033358 0.995954394 64.189010620
0.995809853 0.009497890 -0.090952344 -4.352231026 -0.008850357 0.999932468 0.007520168 -0.718760192 0.091017574 -0.006683689 0.995826542 65.020492554
0.995687783 0.009666502 -0.092261799 -4.432581902 -0.008967368 0.999927759 0.007989297 -0.727437675 0.092332311 -0.007127492 0.995702446 65.834091187
0.995570600 0.009605277 -0.093523897 -4.509818554 -0.008788941 0.999919534 0.009136634 -0.737000406 0.093604080 -0.008274181 0.995574772 66.634361267
0.995413065 0.012395961 -0.094862722 -4.592174053 -0.011320893 0.999865413 0.011862722 -0.743216515 0.094996959 -0.010734372 0.995419323 67.419677734
0.995268762 0.014002822 -0.096144579 -4.673268318 -0.012527034 0.999794364 0.015936218 -0.747988820 0.096347921 -0.014656406 0.995239496 68.196777344
0.995051205 0.017147955 -0.097871289 -4.752794266 -0.015487494 0.999723256 0.017700411 -0.753271580 0.098147675 -0.016097028 0.995041370 68.965003967
0.994874001 0.019856030 -0.099152066 -4.835299015 -0.018585671 0.999732971 0.013719627 -0.760512710 0.099397957 -0.011806486 0.994977415 69.708015442
0.994741738 0.020010060 -0.100439779 -4.915251732 -0.019464217 0.999789834 0.006411671 -0.767226040 0.100546911 -0.004422968 0.994922161 70.435836792
0.994595110 0.019211765 -0.102035418 -4.988223553 -0.019247249 0.999814391 0.000636850 -0.772440910 0.102028660 0.001330499 0.994780302 71.132408142
0.994538367 0.020154105 -0.102405764 -5.064115047 -0.020313676 0.999793351 -0.000515491 -0.778984725 0.102374159 0.002592920 0.994742334 71.822853088
0.994389236 0.022989592 -0.103252709 -5.138569355 -0.022796398 0.999735355 0.003050866 -0.791626453 0.103295475 -0.000679952 0.994650245 72.490638733
0.994245410 0.023289952 -0.104562037 -5.211246967 -0.022852726 0.999724269 0.005377756 -0.806000531 0.104658417 -0.002957276 0.994503558 73.143440247
0.994217634 0.020136438 -0.105477184 -5.279939651 -0.020024613 0.999797165 0.002119208 -0.816602468 0.105498418 0.000005192 0.994419217 73.778266907
0.994350791 0.012081636 -0.105452567 -5.336519718 -0.012460538 0.999917984 -0.002935008 -0.828518331 0.105408415 0.004232430 0.994419754 74.390258789
0.994486690 0.008111578 -0.104547419 -5.392710686 -0.008964549 0.999930143 -0.007691395 -0.840662360 0.104477681 0.008586218 0.994489908 74.982421875
0.994786680 0.010602697 -0.101424046 -5.456861496 -0.011464868 0.999902785 -0.007921530 -0.850426853 0.101330146 0.009043053 0.994811475 75.562393188
0.995132506 0.015770398 -0.097274639 -5.521214962 -0.016331285 0.999854147 -0.004972490 -0.862453163 0.097181983 0.006536915 0.995244861 76.127159119
0.995594025 0.014398964 -0.092655152 -5.569295883 -0.014634579 0.999891043 -0.001863978 -0.874022841 0.092618175 0.003211743 0.995696187 76.683258057
0.996157825 0.010801513 -0.086906299 -5.606749535 -0.010640166 0.999940574 0.002319572 -0.885494113 0.086926147 -0.001385954 0.996213496 77.228225708
0.996872187 0.006596741 -0.078753866 -5.637079239 -0.006162900 0.999964416 0.005750586 -0.899666190 0.078788958 -0.005247238 0.996877193 77.753311157
0.997624576 0.010297109 -0.068109930 -5.670762062 -0.009943149 0.999935210 0.005533852 -0.907478094 0.068162456 -0.004843471 0.997662187 78.268638611
0.998472452 0.015515184 -0.053027008 -5.700266361 -0.015268384 0.999870598 0.005056201 -0.915027618 0.053098552 -0.004238831 0.998579979 78.768882751
0.999169350 0.020797016 -0.035042278 -5.716343880 -0.020618424 0.999772489 0.005450210 -0.920223832 0.035147622 -0.004723157 0.999370694 79.255134583
0.999727070 0.019353690 -0.013079317 -5.706999302 -0.019278379 0.999796927 0.005859715 -0.925460041 0.013190039 -0.005605958 0.999897063 79.730377197
0.999786437 0.015921354 0.013172684 -5.681489944 -0.016008506 0.999850392 0.006537246 -0.930937290 -0.013066660 -0.006746714 0.999891639 80.192985535
0.998984873 0.014852589 0.042527378 -5.638251781 -0.015201814 0.999853134 0.007900113 -0.938807487 -0.042403825 -0.008538576 0.999063849 80.645263672
0.997054398 0.014346761 0.075343624 -5.579485893 -0.015079716 0.999844134 0.009168245 -0.946020722 -0.075200371 -0.010277388 0.997115254 81.093978882
0.993487775 0.014464074 0.113016427 -5.506987095 -0.015619306 0.999834239 0.009342974 -0.948332548 -0.112862572 -0.011047358 0.993548989 81.542076111
0.987875223 0.014815385 0.154541135 -5.413556576 -0.016403766 0.999824762 0.009007843 -0.951243818 -0.154380620 -0.011433671 0.987945080 81.969787598
0.979789913 0.014504177 0.199502409 -5.297797680 -0.016577212 0.999824464 0.008724471 -0.957989395 -0.199340850 -0.011855333 0.979858279 82.389579773
0.968494594 0.016724212 0.248471946 -5.166209698 -0.018907737 0.999800682 0.006403792 -0.967727423 -0.248315334 -0.010900071 0.968617678 82.795257568
0.953280568 0.017468417 0.301580459 -5.010462284 -0.019372797 0.999806702 0.003324721 -0.977781594 -0.301464111 -0.009011840 0.953434765 83.185264587
0.933759093 0.017942831 0.357451677 -4.833253860 -0.019490786 0.999809682 0.000728161 -0.983202815 -0.357370615 -0.007646933 0.933931231 83.554977417
0.909882665 0.018516868 0.414451927 -4.632998943 -0.019765373 0.999803782 -0.001276539 -0.992141426 -0.414394259 -0.007030288 0.910070121 83.903892517
0.880959928 0.018570062 0.472826034 -4.424402237 -0.019543041 0.999804914 -0.002854758 -1.007355452 -0.472786844 -0.006725522 0.881150961 84.227844238
0.847692311 0.016827079 0.530220926 -4.186184883 -0.016838415 0.999846578 -0.004810649 -1.022615075 -0.530220628 -0.004850121 0.847845614 84.534683228
0.811016083 0.016879817 0.584779978 -3.924814463 -0.015879845 0.999850512 -0.006837591 -1.029002786 -0.584807992 -0.003740811 0.811162829 84.829559326
0.771667242 0.015573408 0.635835409 -3.647364855 -0.014939582 0.999868214 -0.006358516 -1.039442897 -0.635850668 -0.004592449 0.771798134 85.095512390
0.729440331 0.015098902 0.683877468 -3.357913733 -0.016236667 0.999856949 -0.004756790 -1.047209263 -0.683851421 -0.007634089 0.729580939 85.342369080
0.684486628 0.014427083 0.728882372 -3.051960945 -0.015286172 0.999868453 -0.005435724 -1.048490047 -0.728864789 -0.007421133 0.684616983 85.573966980
0.638183236 0.013503885 0.769765854 -2.734323025 -0.011913654 0.999899685 -0.007663934 -1.052581429 -0.769791961 -0.004279722 0.638280034 85.779853821
0.591766715 0.011224017 0.806030929 -2.406733751 -0.006283763 0.999936938 -0.009310792 -1.060109496 -0.806084394 0.000444915 0.591799796 85.958892822
0.545214653 0.013339410 0.838190138 -2.075105667 -0.008042104 0.999910593 -0.010681995 -1.070162416 -0.838257551 -0.000916827 0.545273066 86.130569458
0.497894347 0.016511260 0.867080390 -1.738315344 -0.011762952 0.999855399 -0.012285091 -1.077655435 -0.867157578 -0.004082742 0.498016417 86.293632507
0.452468723 0.018712040 0.891583860 -1.398176074 -0.012532399 0.999814510 -0.014623471 -1.088556767 -0.891691864 -0.004557016 0.452619195 86.432472229
0.410403371 0.016310237 0.911758125 -1.045742273 -0.005020265 0.999865294 -0.015626628 -1.096429586 -0.911889970 0.001835958 0.410429865 86.545082092
0.370994925 0.009145184 0.928589761 -0.681077003 0.010175839 0.999851406 -0.013912503 -1.101071715 -0.928578854 0.014610649 0.370846659 86.636573792
0.335692734 0.005695107 0.941954195 -0.318278223 0.014517453 0.999831676 -0.011218751 -1.106977344 -0.941859424 0.017440831 0.335553497 86.728782654
0.302508384 0.009815810 0.953096092 0.040927827 0.012063648 0.999827445 -0.014126034 -1.116284609 -0.953070104 0.015771059 0.302337706 86.824836731
0.271109492 0.017345183 0.962392151 0.402528226 0.000947462 0.999832332 -0.018286865 -1.134463072 -0.962547779 0.005869574 0.271047503 86.927536011
0.242828384 0.021572474 0.969829321 0.780896068 -0.003909045 0.999766350 -0.021259619 -1.156576514 -0.970061064 0.001371335 0.242855877 87.012382507
0.217230558 0.023255717 0.975843191 1.171621323 -0.002844981 0.999727011 -0.023191579 -1.175304294 -0.976115823 0.002261666 0.217237324 87.079147339
0.193934202 0.024658192 0.980704486 1.571568370 0.004646435 0.999649823 -0.026053363 -1.188108921 -0.981003225 0.009609416 0.193751603 87.132614136
0.173992589 0.031125765 0.984254837 1.972815752 0.011799886 0.999362707 -0.033689462 -1.186744332 -0.984676003 0.017475804 0.173514321 87.176856995
0.154194653 0.037880603 0.987313986 2.391616344 0.013773970 0.999085307 -0.040483393 -1.191804767 -0.987944245 0.019841548 0.153531745 87.229080200
0.136488825 0.038748935 0.989883423 2.826299906 0.011391836 0.999107301 -0.040680747 -1.207773685 -0.990575910 0.016829049 0.135925472 87.286880493
0.120987654 0.034324110 0.992060304 3.279480934 0.009220096 0.999320090 -0.035699725 -1.236550570 -0.992610991 0.013466113 0.120588824 87.338912964
0.106580436 0.031089067 0.993817806 3.747475147 0.009533300 0.999433219 -0.032287102 -1.259884119 -0.994258165 0.012915534 0.106223546 87.380348206
0.093416870 0.028630108 0.995215237 4.230583191 0.012024119 0.999481201 -0.029881474 -1.280521154 -0.995554268 0.014758019 0.093024053 87.414520264
0.081799500 0.027884787 0.996258557 4.727118492 0.015617525 0.999449968 -0.029256405 -1.299921989 -0.996526301 0.017952248 0.081318915 87.444526672
0.071787775 0.028532075 0.997011662 5.239243507 0.018838486 0.999373674 -0.029956087 -1.317548394 -0.997241855 0.020932667 0.071205214 87.468963623
0.063962691 0.029133772 0.997526824 5.761202812 0.020844279 0.999316692 -0.030522600 -1.336471319 -0.997734487 0.022745030 0.063311607 87.495841980
0.058398977 0.029533593 0.997856259 6.305565357 0.022503113 0.999269307 -0.030892391 -1.355710983 -0.998039544 0.024258951 0.057691608 87.523109436
0.052841503 0.030615753 0.998133421 6.867983341 0.023771461 0.999208033 -0.031907178 -1.375332236 -0.998319864 0.025413107 0.052071773 87.548294067
0.046862219 0.031362563 0.998408854 7.446014881 0.024285648 0.999175668 -0.032526542 -1.396060944 -0.998606026 0.025771266 0.046061829 87.575798035
0.042520832 0.031335231 0.998604000 8.041162491 0.026839525 0.999111354 -0.032493986 -1.421020269 -0.998734891 0.028183727 0.041641925 87.596939087
0.039708782 0.031308331 0.998720586 8.659592628 0.028309524 0.999072373 -0.032444935 -1.445142865 -0.998809993 0.029561656 0.038785525 87.617195129
0.036693972 0.030884562 0.998849094 9.297609329 0.029251140 0.999060750 -0.031965680 -1.469676614 -0.998898149 0.030390425 0.035755996 87.638435364
0.034390360 0.030280229 0.998949528 9.954491615 0.031481668 0.999011993 -0.031365920 -1.493719220 -0.998912275 0.032527287 0.033403005 87.657157898
0.033754703 0.029926872 0.998981893 10.621642113 0.035741556 0.998875976 -0.031131366 -1.517760158 -0.998790562 0.036756001 0.032647029 87.674354553
0.034796588 0.029620245 0.998955250 11.311760902 0.038909100 0.998762667 -0.030969843 -1.541920304 -0.998636425 0.039946094 0.033600934 87.692871094
0.037232082 0.029573411 0.998868823 12.019297600 0.040589407 0.998692334 -0.031081112 -1.566228867 -0.998481691 0.041700706 0.035982922 87.716423035
0.041159157 0.029502720 0.998716772 12.743715286 0.043006621 0.998585224 -0.031271212 -1.592332125 -0.998226285 0.044238526 0.039832007 87.744110107
0.045520693 0.029098863 0.998539329 13.477847099 0.043315623 0.998578012 -0.031074621 -1.619643569 -0.998023510 0.044666886 0.044195421 87.778221130
0.049551226 0.027414966 0.998395085 14.230658531 0.044867806 0.998552918 -0.029646119 -1.646938205 -0.997762918 0.046264794 0.048249364 87.815055847
0.053581446 0.025807209 0.998229742 14.979931831 0.044668887 0.998603284 -0.028214524 -1.677209496 -0.997563481 0.046101585 0.052353725 87.855712891
0.057761054 0.023742363 0.998047888 15.753526688 0.041573953 0.998792648 -0.026166124 -1.703679919 -0.997464001 0.043004178 0.056704149 87.906425476
0.061855208 0.022648409 0.997827888 16.547382355 0.040945780 0.998843193 -0.025209667 -1.730284691 -0.997244477 0.042416189 0.060856190 87.959053040
0.065921932 0.023678495 0.997543514 17.326351166 0.038274229 0.998922586 -0.026240543 -1.757650256 -0.997090101 0.039910037 0.064944528 88.018852234
0.068954013 0.027712658 0.997234583 18.112363815 0.036127161 0.998888910 -0.030256644 -1.790246367 -0.996965110 0.038113572 0.067876123 88.079010010
0.070313670 0.033127598 0.996974468 18.893939972 0.030171681 0.998920441 -0.035320170 -1.821744800 -0.997068167 0.032563891 0.069238149 88.141716003
0.070233986 0.036235575 0.996871948 19.696468353 0.027535258 0.998888731 -0.038248856 -1.858256102 -0.997150123 0.030135501 0.069158085 88.200889587
0.070432127 0.035828095 0.996872723 20.497739792 0.025418937 0.998965740 -0.037699237 -1.895329952 -0.997192323 0.027994685 0.069448464 88.262725830
0.070615292 0.034317594 0.996912956 21.307077408 0.022975350 0.999086857 -0.036019862 -1.932525396 -0.997238696 0.025447978 0.069762245 88.322929382
0.070435993 0.033125032 0.996966004 22.123943329 0.023887547 0.999105752 -0.034883793 -1.971259356 -0.997229934 0.026272144 0.069581635 88.384109497
0.070889130 0.032639250 0.996949911 22.930376053 0.021379633 0.999185085 -0.034232657 -2.009696960 -0.997254789 0.023741143 0.070133448 88.445274353
0.071124703 0.033029821 0.996920288 23.735511780 0.019779032 0.999208272 -0.034516755 -2.049500704 -0.997271061 0.022173107 0.070414990 88.504943848
0.071218900 0.033653378 0.996892691 24.542842865 0.016724862 0.999249816 -0.034927793 -2.091424942 -0.997320294 0.019160405 0.070602514 88.567420959
0.070190765 0.035112541 0.996915281 25.347602844 0.014270524 0.999242604 -0.036199279 -2.128951073 -0.997431278 0.016767351 0.069636419 88.627861023
0.067288093 0.034919344 0.997122169 26.160175323 0.011531137 0.999293268 -0.035773534 -2.166066647 -0.997666717 0.013905077 0.066837765 88.691871643
0.063240319 0.033781935 0.997426212 26.964359283 0.009079289 0.999365926 -0.034423303 -2.204419851 -0.997956693 0.011232854 0.062893398 88.751441956
0.058297310 0.031442214 0.997803807 27.775777817 0.007330274 0.999463201 -0.031922791 -2.240959644 -0.998272061 0.009175180 0.058035426 88.808021545
0.051959660 0.029405409 0.998215973 28.583889008 0.005445932 0.999542952 -0.029727984 -2.279260874 -0.998634040 0.006980863 0.051775660 88.856880188
0.044634096 0.029649168 0.998563170 29.388418198 0.005405501 0.999537468 -0.029919723 -2.315836430 -0.998988509 0.006733165 0.044453070 88.893722534
0.036107592 0.030682277 0.998876631 30.181390762 0.005164896 0.999509275 -0.030888420 -2.353147030 -0.999334335 0.006274391 0.035931282 88.919624329
0.026232237 0.031243857 0.999167323 30.982223511 0.006255741 0.999486506 -0.031418085 -2.385415554 -0.999636054 0.007074691 0.026023194 88.941238403
0.015905233 0.030296357 0.999414206 31.785663605 0.007833769 0.999506116 -0.030423822 -2.420036316 -0.999842525 0.008313070 0.015659921 88.957130432
0.005088112 0.029305009 0.999557376 32.585857391 0.007245763 0.999542952 -0.029341476 -2.455954552 -0.999960482 0.007391841 0.004873325 88.963081360
-0.005782472 0.028805852 0.999568105 33.367420197 0.009252648 0.999543548 -0.028751623 -2.483909607 -0.999940157 0.009082389 -0.006046488 88.951293945
-0.016842570 0.029349092 0.999427080 34.148159027 0.009991067 0.999523938 -0.029183570 -2.512629747 -0.999807894 0.009493811 -0.017127907 88.939567566
-0.027844809 0.029880621 0.999165297 34.921253204 0.010184201 0.999509513 -0.029607106 -2.551009178 -0.999559999 0.009351291 -0.028135590 88.915222168
-0.038459517 0.030974964 0.998779714 35.705604553 0.009904301 0.999481976 -0.030615367 -2.584413052 -0.999210656 0.008714756 -0.038746506 88.887825012
-0.048609257 0.031833082 0.998310208 36.470832825 0.010848846 0.999449670 -0.031341173 -2.622638464 -0.998758554 0.009307035 -0.048927981 88.845970154
-0.058122717 0.032529693 0.997779071 37.238452911 0.011782230 0.999421537 -0.031896908 -2.658136129 -0.998239517 0.009902121 -0.058472492 88.799438477
-0.067744024 0.033174597 0.997150779 37.989990234 0.012952284 0.999391913 -0.032369219 -2.688670874 -0.997618258 0.010722551 -0.068132639 88.745826721
-0.076955870 0.033479676 0.996472001 38.728698730 0.013516594 0.999379158 -0.032533497 -2.726390839 -0.996942520 0.010965254 -0.077360749 88.683616638
-0.085452244 0.033037599 0.995794117 39.457122803 0.014891903 0.999380708 -0.031878676 -2.760234356 -0.996230602 0.012105156 -0.085891441 88.615684509
-0.092706047 0.031994417 0.995179057 40.186500549 0.016694663 0.999392986 -0.030574698 -2.793810844 -0.995553136 0.013779712 -0.093184032 88.544265747
-0.097851083 0.030347098 0.994737923 40.906791687 0.019417202 0.999402821 -0.028579365 -2.828207970 -0.995011151 0.016518498 -0.098382033 88.469451904
-0.101554066 0.028695041 0.994415760 41.604576111 0.022417976 0.999396026 -0.026549326 -2.860514641 -0.994576931 0.019596588 -0.102136143 88.392639160
-0.104133464 0.027806265 0.994174182 42.317092896 0.024298411 0.999381840 -0.025406804 -2.886492968 -0.994265974 0.021511149 -0.104744859 88.314811707
-0.106021523 0.026943184 0.993998408 43.004817963 0.024215354 0.999406338 -0.024506912 -2.917472124 -0.994068444 0.021471756 -0.106611140 88.245773315
-0.106871098 0.027306302 0.993897498 43.665229797 0.024789426 0.999385238 -0.024791524 -2.948861122 -0.993963301 0.021988647 -0.107482426 88.179840088
-0.106121764 0.028254578 0.993951321 44.324275970 0.025329906 0.999348640 -0.025703585 -2.979292870 -0.994029999 0.022448981 -0.106768444 88.112998962
-0.103053197 0.030020244 0.994222462 44.951686859 0.026436601 0.999274015 -0.027432561 -3.005123377 -0.994324028 0.023456844 -0.103772134 88.049156189
-0.097846165 0.030574739 0.994731486 45.569362640 0.026704952 0.999248683 -0.028086761 -3.032145262 -0.994842768 0.023816068 -0.098589271 87.992233276
-0.089962170 0.031274334 0.995453775 46.172470093 0.025970917 0.999240577 -0.029046232 -3.060508251 -0.995606065 0.023239778 -0.090706214 87.946914673
-0.078971453 0.031175468 0.996389031 46.760414124 0.024572952 0.999267995 -0.029317951 -3.090698004 -0.996573508 0.022168932 -0.079679862 87.912849426
-0.065381460 0.031382933 0.997366488 47.317314148 0.023575613 0.999274909 -0.029897502 -3.121870756 -0.997581303 0.021558778 -0.066074058 87.888427734
-0.048327789 0.032652866 0.998297453 47.860206604 0.022462284 0.999248266 -0.031596560 -3.151970148 -0.998578489 0.020897042 -0.049025055 87.877075195
-0.027234362 0.035279177 0.999006093 48.392265320 0.020693654 0.999182820 -0.034721270 -3.179124355 -0.999414444 0.019727470 -0.027942300 87.879653931
-0.002827125 0.038155787 0.999267578 48.897708893 0.018309031 0.999106288 -0.038097817 -3.208206892 -0.999827981 0.018187908 -0.003523339 87.897834778
0.025213223 0.039814293 0.998888731 49.417778015 0.016028119 0.999062121 -0.040225767 -3.237135410 -0.999553144 0.017024523 0.024551276 87.934089661
0.058218863 0.038913041 0.997544885 49.928119659 0.013276177 0.999121487 -0.039749358 -3.269460917 -0.998215079 0.015557738 0.057650942 87.986053467
0.096265167 0.036276866 0.994694114 50.439186096 0.011871237 0.999222636 -0.037590899 -3.298870564 -0.995284498 0.015426937 0.095759526 88.056030273
0.138174295 0.032279380 0.989881456 50.935932159 0.009405053 0.999380887 -0.033901960 -3.329296112 -0.990362883 0.013994262 0.137784988 88.151329041
0.183907613 0.027840748 0.982548892 51.427635193 0.006381073 0.999543846 -0.029516665 -3.357547998 -0.982922375 0.011698049 0.183645904 88.265716553
0.231795639 0.024652958 0.972451806 51.908035278 0.001421113 0.999669075 -0.025681682 -3.382173538 -0.972763062 0.007334861 0.231683731 88.415962219
0.283087939 0.023310181 0.958810389 52.373744965 -0.002761916 0.999720216 -0.023489300 -3.403581142 -0.959089577 0.004001379 0.283072919 88.589050293
0.337259412 0.023257494 0.941124201 52.817779541 -0.004156129 0.999721766 -0.023216194 -3.419810057 -0.941402197 0.003918441 0.337262034 88.787872314
0.394840539 0.023600291 0.918446302 53.255397797 -0.002869253 0.999696791 -0.024454596 -3.440632582 -0.918744862 0.007020406 0.394788325 89.010292053
0.454421580 0.026756402 0.890384614 53.662254333 -0.002413912 0.999582052 -0.028805846 -3.461767912 -0.890783191 0.010940681 0.454296023 89.255836487
0.513952792 0.029185543 0.857321680 54.052707672 -0.001541188 0.999450803 -0.033100076 -3.490094900 -0.857816815 0.015690574 0.513715267 89.524230957
0.571842551 0.032063223 0.819736421 54.414283752 -0.004959950 0.999352694 -0.035628717 -3.516935825 -0.820348144 0.016308155 0.571631193 89.823265076
0.627257526 0.034232300 0.778058946 54.754314423 -0.008245309 0.999269366 -0.037317667 -3.537300348 -0.778768003 0.016992446 0.627081275 90.153778076
0.680097759 0.034796380 0.732294917 55.069541931 -0.009704673 0.999212682 -0.038466532 -3.552982569 -0.733056903 0.019054312 0.679899812 90.494979858
0.728671193 0.032505371 0.684091568 55.347869873 -0.009962987 0.999270380 -0.036869179 -3.573203802 -0.684790850 0.020049909 0.728463173 90.845123291
0.773709595 0.028402437 0.632903218 55.610218048 -0.011476574 0.999458909 -0.030822279 -3.593842506 -0.633436143 0.016583927 0.773616672 91.227828979
0.814878345 0.022918614 0.579178452 55.853424072 -0.011610342 0.999662817 -0.023222296 -3.609397650 -0.579515398 0.012198884 0.814869463 91.633850098
0.850909472 0.020467885 0.524913192 56.063415527 -0.013761496 0.999766171 -0.016675703 -3.620608807 -0.525131762 0.006965921 0.850991964 92.057380676
0.881681502 0.017420772 0.471523046 56.253726959 -0.014636673 0.999846995 -0.009571553 -3.627561331 -0.471617669 0.001537531 0.881801367 92.498252869
0.906851232 0.017980604 0.421066731 56.406002045 -0.018057428 0.999829650 -0.003804918 -3.642179012 -0.421063423 -0.004152888 0.907021224 92.932739258
0.926730037 0.019632695 0.375214159 56.547794342 -0.021243395 0.999774218 0.000156299 -3.655934095 -0.375126392 -0.008115670 0.926937640 93.384719849
0.941704392 0.025677044 0.335459739 56.661621094 -0.028350040 0.999593258 0.003072713 -3.666593790 -0.335244417 -0.012403885 0.942049086 93.840812683
0.953309536 0.030256903 0.300474763 56.764739990 -0.032431491 0.999471366 0.002250969 -3.668992043 -0.300247848 -0.011890717 0.953786612 94.296318054
0.962435603 0.032008495 0.269616127 56.871200562 -0.033950970 0.999420226 0.002543258 -3.670203447 -0.269378394 -0.011601453 0.962964058 94.760963440
0.968502641 0.026497392 0.247588545 56.983905792 -0.028121246 0.999599874 0.003024093 -3.675621033 -0.247409344 -0.009891341 0.968860090 95.231529236
0.972433388 0.023789834 0.231963113 57.092025757 -0.025361536 0.999671102 0.003795494 -3.682878256 -0.231796533 -0.009573808 0.972716689 95.714614868
0.975251317 0.028190006 0.219293535 57.184894562 -0.029679604 0.999553263 0.003500685 -3.685856581 -0.219096929 -0.009922596 0.975652158 96.206832886
0.977183402 0.033595957 0.209721938 57.272884369 -0.035198972 0.999372602 0.003914644 -3.683341026 -0.209458902 -0.011207325 0.977752745 96.705146790
0.978143752 0.041443072 0.203756303 57.359119415 -0.042869151 0.999077260 0.002588282 -3.684429646 -0.203461096 -0.011266576 0.979017675 97.220237732
0.978494704 0.047102042 0.200820476 57.453163147 -0.047862206 0.998853326 -0.001071078 -3.687677622 -0.200640723 -0.008563672 0.979626894 97.743202209
0.978624225 0.048334278 0.199894592 57.557723999 -0.048615463 0.998811364 -0.003504522 -3.698189974 -0.199826464 -0.006288365 0.979810536 98.270126343
0.978196919 0.047069252 0.202273637 57.673377991 -0.046618130 0.998888254 -0.006996382 -3.708546638 -0.202378154 -0.002585787 0.979303420 98.800483704
0.977485478 0.045375776 0.206064597 57.791023254 -0.043513250 0.998960733 -0.013563836 -3.712722063 -0.206466004 0.004291902 0.978443742 99.346069336
0.976587415 0.045910142 0.210163683 57.910751343 -0.043016560 0.998906255 -0.018321317 -3.719563007 -0.210775062 0.008851835 0.977493882 99.895195007
0.975400925 0.050683059 0.214531571 58.029022217 -0.047962584 0.998689115 -0.017870799 -3.731606245 -0.215156198 0.007141690 0.976552904 100.471084595
0.973977089 0.053634800 0.220207646 58.154235840 -0.051835489 0.998558104 -0.013945317 -3.743419647 -0.220638201 0.002167834 0.975352705 101.062232971
0.973086834 0.050540086 0.224826917 58.295825958 -0.049706906 0.998719752 -0.009368204 -3.755655766 -0.225012660 -0.002059388 0.974353075 101.664505005
0.972416341 0.046074409 0.228654534 58.443855286 -0.046430241 0.998914003 -0.003825948 -3.766805887 -0.228582621 -0.006896083 0.973499477 102.274124146
0.971646190 0.043486495 0.232404694 58.591392517 -0.044882402 0.998991787 0.000719353 -3.775576591 -0.232139230 -0.011129849 0.972618282 102.896087646
0.971123934 0.038865503 0.235387072 58.743980408 -0.040306080 0.999186218 0.001309924 -3.781395197 -0.235144749 -0.010759639 0.971900165 103.525604248
0.971216559 0.035451923 0.235543504 58.906448364 -0.036050290 0.999348104 -0.001766805 -3.789178848 -0.235452712 -0.006775470 0.971861482 104.165702820
0.971344590 0.034702193 0.235126793 59.065589905 -0.033585284 0.999397218 -0.008754352 -3.799993515 -0.235288978 0.000606685 0.971924603 104.816558838
0.971469164 0.036831290 0.234286696 59.217483521 -0.034177702 0.999297082 -0.015377786 -3.811363220 -0.234688520 0.006931658 0.972045302 105.472816467
0.971974075 0.039983898 0.231661186 59.368064880 -0.036532212 0.999148130 -0.019172266 -3.818561316 -0.232230574 0.010171844 0.972606957 106.144371033
0.972615421 0.038228065 0.229253352 59.530639648 -0.035757050 0.999248624 -0.014924449 -3.830262423 -0.229651779 0.006318319 0.973251820 106.838027954
0.973046660 0.034227736 0.228052557 59.691616058 -0.033421066 0.999413490 -0.007399196 -3.844736814 -0.228172213 -0.000422006 0.973620176 107.538963318
0.973624468 0.034390453 0.225548118 59.850856781 -0.034968633 0.999386907 -0.001432296 -3.862714529 -0.225459233 -0.006492602 0.974230468 108.252601624
0.973896146 0.037636589 0.223850563 60.005119324 -0.038157661 0.999269247 -0.001999049 -3.877167940 -0.223762378 -0.006594759 0.974620938 108.977401733
0.974132836 0.043532569 0.221741721 60.154491425 -0.043145392 0.999046564 -0.006591981 -3.886047125 -0.221817404 -0.003145678 0.975082636 109.707412720
0.974964261 0.044462323 0.217869461 60.310916901 -0.042907473 0.999008119 -0.011864746 -3.895644426 -0.218181029 0.002219467 0.975905240 110.448135376
0.975879133 0.043253697 0.213981986 60.470275879 -0.041064106 0.999048352 -0.014669099 -3.906262636 -0.214412972 0.005528281 0.976726949 111.200714111
0.976778388 0.041210812 0.210249826 60.629047394 -0.039325114 0.999139547 -0.013143531 -3.921179295 -0.210610718 0.004570209 0.977558792 111.968368530
0.977637589 0.037569709 0.206912085 60.792274475 -0.036048293 0.999287665 -0.011119580 -3.936831474 -0.207182601 0.003412081 0.978295803 112.749420166
0.978037715 0.036465026 0.205211744 60.952327728 -0.035505448 0.999333978 -0.008357560 -3.955079317 -0.205379978 0.000887863 0.978681386 113.538543701
0.978408337 0.033231638 0.203990251 61.118824005 -0.032686353 0.999446869 -0.006042685 -3.968074322 -0.204078376 -0.000755496 0.978953719 114.330276489
0.978642523 0.027986985 0.203653276 61.287765503 -0.027576646 0.999607384 -0.004852888 -3.977674961 -0.203709289 -0.000866843 0.979030490 115.130348206
0.978753507 0.028963622 0.202982262 61.445960999 -0.028894585 0.999576449 -0.003304069 -3.990380764 -0.202992171 -0.002631231 0.979176342 115.923446655
0.978469074 0.034487702 0.203489617 61.598495483 -0.034129113 0.999403000 -0.005272123 -4.004223824 -0.203550130 -0.001786323 0.979062438 116.736381531
0.978144467 0.040241420 0.203993037 61.756790161 -0.039315514 0.999189317 -0.008591136 -4.018140793 -0.204173565 0.000383269 0.978934169 117.548255920
0.977563858 0.049139470 0.204825148 61.916297913 -0.048071001 0.998791337 -0.010192049 -4.033421040 -0.205078617 0.000117215 0.978745043 118.370468140
0.976662874 0.054794848 0.207668602 62.078922272 -0.053995334 0.998495162 -0.009520665 -4.048154831 -0.207877994 -0.001914669 0.978152454 119.184638977
0.975854933 0.057642791 0.210674003 62.241077423 -0.057344172 0.998325408 -0.007531340 -4.068045139 -0.210755542 -0.004731447 0.977526903 120.015014648
0.975276947 0.058117829 0.213204563 62.422714233 -0.057687040 0.998300016 -0.008246439 -4.087509155 -0.213321581 -0.004256594 0.976972282 120.856437683
0.974976480 0.056627624 0.214972660 62.604225159 -0.055572007 0.998393953 -0.010956106 -4.105089188 -0.215248004 -0.001264530 0.976558149 121.678794861
0.974972725 0.050731808 0.216456637 62.792652130 -0.049817514 0.998710811 -0.009681711 -4.124301434 -0.216668934 -0.001343941 0.976243794 122.518394470
0.975271165 0.044100381 0.216564983 62.985000610 -0.042715956 0.999025285 -0.011071693 -4.146816254 -0.216842353 0.001547111 0.976204991 123.338203430
0.975025177 0.043463089 0.217797726 63.168907166 -0.042045671 0.999052942 -0.011140255 -4.170215130 -0.218075842 0.001704566 0.975929916 124.170158386
0.974447906 0.046204381 0.219807521 63.350219727 -0.045522500 0.998929262 -0.008168915 -4.188137531 -0.219949797 -0.002046020 0.975508690 125.022155762
0.974019289 0.048243664 0.221264318 63.523944855 -0.048885070 0.998800397 -0.002579603 -4.201714039 -0.221123531 -0.008303957 0.975210071 125.855628967
0.973650336 0.051654454 0.222116604 63.698753357 -0.053365406 0.998572886 0.001704149 -4.218967915 -0.221711800 -0.013512611 0.975018263 126.669364929
0.973441422 0.051047243 0.223170221 63.883327484 -0.051279709 0.998672307 -0.004757185 -4.235067844 -0.223116979 -0.006813279 0.974767506 127.500846863
0.973737419 0.047032330 0.222760528 64.069923401 -0.043911953 0.998855054 -0.018943012 -4.256641865 -0.223396644 0.008663668 0.974688768 128.307098389
