1.000000000 0.000000000 0.000000000 0.000000000 0.000000000 1.000000000 0.000000000 0.000000000 0.000000000 0.000000000 1.000000000 0.000000000
0.999990642 -0.002645002 -0.003417040 -0.000965872 0.002637758 0.999994278 -0.002122712 -0.005087763 0.003422635 0.002113678 0.999991894 0.671752155
0.999971032 -0.001549358 -0.007444971 -0.013093015 0.001522779 0.999992490 -0.003574394 -0.011823218 0.007450452 0.003562954 0.999965847 1.351680517
0.999934733 -0.001542247 -0.011313570 -0.028733416 0.001485468 0.999986231 -0.005025408 -0.016517691 0.011321163 0.005008275 0.999923348 2.057788849
0.999870360 -0.000097979 -0.016097330 -0.049065828 0.000008410 0.999984503 -0.005564174 -0.024487134 0.016097622 0.005563317 0.999854922 2.784315825
0.999784350 -0.001049107 -0.020736519 -0.061327890 0.000926135 0.999981880 -0.005938890 -0.029517706 0.020742372 0.005918405 0.999767303 3.521383286
0.999678075 0.000910787 -0.025352022 -0.083438955 -0.001090972 0.999974191 -0.007094375 -0.041860692 0.025344903 0.007119750 0.999653399 4.277036190
0.999536097 0.003568812 -0.030242581 -0.112763666 -0.003801147 0.999963641 -0.007628363 -0.051033631 0.030214254 0.007739781 0.999513447 5.034520149
0.999392033 0.003909865 -0.034642108 -0.142936617 -0.004123339 0.999972880 -0.006092972 -0.060044318 0.034617342 0.006232109 0.999381185 5.811056614
0.999231040 0.003212719 -0.039075486 -0.178204924 -0.003347066 0.999988675 -0.003373193 -0.070333764 0.039064202 0.003501388 0.999230564 6.597697258
0.999080598 0.002735987 -0.042782605 -0.208376020 -0.002767623 0.999995947 -0.000680245 -0.083893821 0.042780563 0.000798026 0.999084175 7.413815498
0.998959839 0.004496102 -0.045375165 -0.252763808 -0.004556410 0.999988914 -0.001225762 -0.095392577 0.045369137 0.001431234 0.998969257 8.229232788
0.998854458 0.003880983 -0.047692943 -0.293367803 -0.003950218 0.999991357 -0.001357526 -0.107061535 0.047687247 0.001544368 0.998861134 9.050126076
0.998772681 0.000845312 -0.049520370 -0.330872327 -0.000941616 0.999997795 -0.001921452 -0.113742605 0.049518622 0.001965723 0.998771250 9.887328148
0.998653591 0.000868874 -0.051865511 -0.371038526 -0.000921687 0.999999166 -0.000994379 -0.124820940 0.051864590 0.001040844 0.998653591 10.720706940
0.998570740 -0.000513211 -0.053440802 -0.414770454 0.000449982 0.999999285 -0.001195205 -0.136048868 0.053441361 0.001169450 0.998570323 11.565746307
0.998470962 0.001890152 -0.055244017 -0.466556102 -0.002082878 0.999992013 -0.003431268 -0.150007918 0.055237077 0.003541088 0.998467028 12.420886993
0.998384595 0.002584670 -0.056756463 -0.517098844 -0.002935915 0.999977171 -0.006106138 -0.158721715 0.056739371 0.006262906 0.998369455 13.276031494
0.998262703 0.006622264 -0.058544938 -0.576057255 -0.007085417 0.999945343 -0.007707017 -0.169948965 0.058490690 0.008108444 0.998255134 14.149558067
0.998203099 0.007504182 -0.059447691 -0.634562016 -0.007956818 0.999941230 -0.007380925 -0.183498040 0.059388798 0.007840676 0.998204231 15.037289619
0.998124957 0.007021032 -0.060803879 -0.688954234 -0.007397669 0.999954939 -0.005971362 -0.197090358 0.060759202 0.006409972 0.998131990 15.911921501
0.998021603 0.007896936 -0.062373187 -0.745596170 -0.008197198 0.999956131 -0.004559507 -0.209695965 0.062334433 0.005061771 0.998042643 16.804979324
0.997976899 0.007641427 -0.063115858 -0.811293840 -0.007941161 0.999958456 -0.004499433 -0.220293179 0.063078851 0.004991542 0.997996211 17.703498840
0.997858465 0.007500770 -0.064977854 -0.871008635 -0.007865190 0.999954820 -0.005354359 -0.236430705 0.064934753 0.005853954 0.997872531 18.607801437
0.997805834 0.006034722 -0.065932937 -0.935755730 -0.006451513 0.999960601 -0.006110327 -0.248636365 0.065893464 0.006522285 0.997805536 19.516508102
0.997764409 0.006011477 -0.066558324 -0.998038530 -0.006323061 0.999970078 -0.004471673 -0.258835614 0.066529453 0.004882526 0.997772694 20.450748444
0.997751296 0.007232178 -0.066633634 -1.060834169 -0.007313841 0.999972880 -0.000981654 -0.274183184 0.066624731 0.001466791 0.997777224 21.355670929
0.997797132 0.008174867 -0.065833531 -1.126057386 -0.008011354 0.999964297 0.002747390 -0.285288125 0.065853640 -0.002213926 0.997826993 22.284143448
0.997905731 0.006890296 -0.064316556 -1.186190724 -0.006541549 0.999962926 0.005631406 -0.290565640 0.064352982 -0.005198886 0.997913837 23.210950851
0.997999012 0.007058372 -0.062833562 -1.249477267 -0.006672386 0.999957740 0.006350753 -0.296370178 0.062875740 -0.005918799 0.998003960 24.157379150
0.998087525 0.007442404 -0.061366498 -1.310852170 -0.007229885 0.999967217 0.003684466 -0.308062017 0.061391909 -0.003233750 0.998108625 25.091207504
0.998141468 0.008369910 -0.060360711 -1.377445579 -0.008449486 0.999963880 -0.001063189 -0.319652975 0.060349628 0.001571227 0.998176157 26.018360138
0.998225749 0.007602452 -0.059054114 -1.439233303 -0.007850728 0.999961436 -0.003973314 -0.332111806 0.059021626 0.004429879 0.998246968 26.946958542
0.998276055 0.004978377 -0.058480281 -1.490755796 -0.005158380 0.999982536 -0.002927440 -0.343297005 0.058464687 0.003224054 0.998284340 27.893367767
0.998267353 0.003195084 -0.058752503 -1.547328949 -0.003071443 0.999993026 0.002194638 -0.357299715 0.058759108 -0.002010384 0.998270214 28.861524582
0.998224258 -0.000594091 -0.059562150 -1.604330182 0.000930542 0.999983907 0.005621157 -0.368315250 0.059557851 -0.005666603 0.998208821 29.828802109
0.998142898 -0.007384704 -0.060463827 -1.664510369 0.007706632 0.999957442 0.005092814 -0.382947832 0.060423642 -0.005549331 0.998157442 30.784517288
0.998041153 -0.009316319 -0.061861075 -1.724548340 0.009407966 0.999955118 0.001190357 -0.389855742 0.061847202 -0.001770015 0.998084128 31.758897781
0.997955024 -0.008951839 -0.063288353 -1.787974715 0.008790837 0.999957502 -0.002821990 -0.400046706 0.063310914 0.002259859 0.997991383 32.736625671
0.997826457 -0.007480537 -0.065469064 -1.857459426 0.007278963 0.999968112 -0.003316935 -0.414970100 0.065491773 0.002833176 0.997849166 33.713802338
0.997783065 -0.007808139 -0.066088989 -1.921669841 0.007711743 0.999968886 -0.001713590 -0.431228667 0.066100292 0.001200128 0.997812331 34.692218781
0.997705460 -0.004926553 -0.067522407 -1.994311690 0.005020857 0.999986708 0.001226990 -0.446575284 0.067515448 -0.001563198 0.997717023 35.673667908
0.997635305 -0.005007890 -0.068545394 -2.064159155 0.005193027 0.999983430 0.002523008 -0.457490295 0.068531595 -0.002873003 0.997644842 36.669345856
0.997569144 -0.003842103 -0.069575749 -2.136844873 0.004209911 0.999978006 0.005140560 -0.465423673 0.069554441 -0.005420975 0.997563481 37.646656036
0.997598410 -0.004225455 -0.069131956 -2.217487335 0.004797886 0.999955654 0.008116312 -0.469165266 0.069094554 -0.008428512 0.997574568 38.639026642
0.997559130 0.001436647 -0.069809847 -2.296256542 -0.000701965 0.999944210 0.010547449 -0.474367797 0.069821060 -0.010472706 0.997504652 39.613761902
0.997576594 0.001601232 -0.069556534 -2.381499529 -0.000931711 0.999953032 0.009656968 -0.474445343 0.069568686 -0.009568764 0.997531354 40.608001709
0.997591257 0.001584671 -0.069346882 -2.456167698 -0.001034788 0.999967813 0.007964686 -0.475814402 0.069357224 -0.007873747 0.997560918 41.596755981
0.997581780 0.003808113 -0.069397092 -2.532023430 -0.003413305 0.999977350 0.005806824 -0.480757535 0.069417588 -0.005555914 0.997572303 42.569278717
0.997527063 0.003562280 -0.070191614 -2.606703043 -0.003155375 0.999977589 0.005907104 -0.489594489 0.070211038 -0.005671021 0.997516155 43.559886932
0.997427762 0.001431852 -0.071663514 -2.673549652 -0.000908574 0.999972701 0.007333964 -0.498268187 0.071672007 -0.007249992 0.997402012 44.539745331
0.997370839 0.002049884 -0.072436608 -2.747856140 -0.001450780 0.999964356 0.008322394 -0.505975783 0.072451025 -0.008195428 0.997338414 45.526145935
0.997351527 0.004572088 -0.072586253 -2.824727774 -0.004241193 0.999979913 0.004712159 -0.516283333 0.072606280 -0.004391830 0.997351050 46.491802216
0.997284412 0.005251359 -0.073457412 -2.903322458 -0.005218050 0.999986172 0.000645388 -0.526745260 0.073459722 -0.000260334 0.997298181 47.448650360
0.997224033 0.006102543 -0.074207969 -2.978738785 -0.006164121 0.999980807 -0.000600757 -0.538628399 0.074202821 0.001056514 0.997242630 48.412586212
0.997214854 0.004611462 -0.074438982 -3.048435688 -0.004408427 0.999986053 0.002891649 -0.550858736 0.074451223 -0.002555440 0.997221351 49.383152008
0.997212231 0.002819445 -0.074563809 -3.121606350 -0.002369900 0.999978483 0.006116812 -0.564291298 0.074579395 -0.005923054 0.997197449 50.358169556
0.997168958 0.000811436 -0.075188734 -3.188784838 -0.000296469 0.999976397 0.006859941 -0.577271104 0.075192481 -0.006818232 0.997145712 51.314807892
0.997142911 -0.001957645 -0.075512044 -3.259283543 0.002396150 0.999980688 0.005716954 -0.590216339 0.075499356 -0.005881561 0.997128487 52.262069702
0.997112215 -0.004082257 -0.075832143 -3.330491543 0.004417765 0.999981105 0.004257162 -0.600350559 0.075813293 -0.004579879 0.997111499 53.206081390
0.997023046 -0.005672098 -0.076895311 -3.403879642 0.006107791 0.999966502 0.005432097 -0.609814823 0.076861888 -0.005885588 0.997024357 54.150798798
0.996916950 -0.008722962 -0.077977553 -3.475966454 0.009499014 0.999908864 0.009586905 -0.618919194 0.077886775 -0.010298060 0.996908963 55.095592499
0.996855974 -0.009340145 -0.078682616 -3.548696518 0.010530657 0.999836028 0.014729274 -0.627257049 0.078532100 -0.015511547 0.996790886 56.038639069
0.996821344 -0.007609145 -0.079306252 -3.625613928 0.008985682 0.999814868 0.017014882 -0.632994533 0.079162069 -0.017673418 0.996705055 56.977714539
0.996721268 -0.006341280 -0.080663271 -3.705760717 0.007407948 0.999888957 0.012931373 -0.633588493 0.080572270 -0.013486525 0.996657550 57.901054382
0.996615648 -0.004795745 -0.082062624 -3.784564257 0.005242901 0.999972522 0.005234388 -0.639512122 0.082035229 -0.005646920 0.996613503 58.814956665
0.996550918 -0.003183146 -0.082922012 -3.865582943 0.003230231 0.999994636 0.000433714 -0.646488786 0.082920142 -0.000700076 0.996555984 59.725013733
0.996470392 0.001638809 -0.083928399 -3.950657606 -0.001530149 0.999997854 0.001359020 -0.658968151 0.083930403 -0.001225801 0.996470869 60.625324249
0.996360481 0.004301416 -0.085130423 -4.035624027 -0.003995660 0.999984920 0.003761735 -0.673136055 0.085145280 -0.003407893 0.996362686 61.498695374
0.996269882 0.006969308 -0.086009152 -4.118947983 -0.006537121 0.999964535 0.005305572 -0.687762141 0.086043030 -0.004723532 0.996280134 62.396900177
0.996164262 0.007420161 -0.087186567 -4.197074890 -0.007004773 0.999962628 0.005069394 -0.695953906 0.087220863 -0.004439229 0.996179044 63.261936188
0.995999575 0.008906163 -0.088912070 -4.276041508 -0.008417424 0.999947369 0.005870383 -0.705864310 0.088959619 -0.005098491 0.996022105 64.118240356
0.995870888 0.009715321 -0.090258554 -4.356032372 -0.009158487 0.999936402 0.006581495 -0.718261898 0.090316705 -0.005727689 0.995896518 64.953399658
0.995751083 0.009835259 -0.091558583 -4.436138153 -0.009230076 0.999932706 0.007030957 -0.726764202 0.091621533 -0.006155991 0.995774746 65.772705078
0.995634973 0.009739434 -0.092822678 -4.512593269 -0.009024384 0.999926329 0.008120101 -0.735107183 0.092894882 -0.007246990 0.995649457 66.567764282
0.995477378 0.012458324 -0.094177939 -4.594254494 -0.011487695 0.999875247 0.010841538 -0.741723180 0.094301209 -0.009710621 0.995496213 67.355926514
0.995332599 0.014060753 -0.095473573 -4.674514771 -0.012693432 0.999808192 0.014913809 -0.747227311 0.095664911 -0.013632314 0.995320141 68.134376526
0.995120287 0.017225776 -0.097153015 -4.754580498 -0.015679631 0.999738336 0.016655726 -0.752639472 0.097414441 -0.015051130 0.995130002 68.898674011
0.994943619 0.019930879 -0.098436154 -4.836503506 -0.018772967 0.999743402 0.012675483 -0.760697722 0.098663464 -0.010763454 0.995062590 69.641555786
0.994816005 0.020106072 -0.099682637 -4.915762424 -0.019668004 0.999792039 0.005375581 -0.768262267 0.099769935 -0.003387155 0.995004714 70.368438721
0.994666159 0.019275771 -0.101328649 -4.984977245 -0.019414861 0.999811351 -0.000386509 -0.774431109 0.101302035 0.002351730 0.994852960 71.066032410
0.994608700 0.020280162 -0.101695396 -5.061752796 -0.020545730 0.999787569 -0.001564497 -0.781800330 0.101642020 0.003645470 0.994814336 71.759506226
0.994463563 0.023127731 -0.102503784 -5.137262821 -0.023041269 0.999732375 0.002027682 -0.796220720 0.102523200 0.000345362 0.994730532 72.427246094
0.994321764 0.023487924 -0.103789642 -5.211840630 -0.023160886 0.999722183 0.004355271 -0.812378407 0.103863053 -0.001926680 0.994589746 73.080734253
0.994294882 0.020315632 -0.104712173 -5.280523300 -0.020313794 0.999792933 0.001084213 -0.822923899 0.104712479 0.001049076 0.994502008 73.719123840
0.994424999 0.012353250 -0.104718983 -5.336074829 -0.012835450 0.999909759 -0.003931979 -0.837639153 0.104660921 0.005254176 0.994494081 74.335815430
0.994557023 0.008394616 -0.103853472 -5.389074326 -0.009346524 0.999918520 -0.008682591 -0.850377738 0.103772081 0.009606006 0.994554698 74.923980713
0.994854987 0.010920805 -0.100716949 -5.452627182 -0.011880290 0.999889433 -0.008931629 -0.861205101 0.100608237 0.010082228 0.994875014 75.503219604
0.995196760 0.016091436 -0.096561313 -5.516636372 -0.016747072 0.999841750 -0.005983136 -0.873825073 0.096449710 0.007571520 0.995309055 76.067985535
0.995655537 0.014717625 -0.091940522 -5.564321518 -0.015045737 0.999882519 -0.002876556 -0.885961413 0.091887340 0.004247374 0.995760322 76.624107361
0.996216714 0.011120187 -0.086187378 -5.601050854 -0.011049979 0.999937952 0.001291665 -0.897625685 0.086196348 -0.000334408 0.996278048 77.167053223
0.996926665 0.006904557 -0.078033060 -5.630985260 -0.006555880 0.999967158 0.004723638 -0.912366390 0.078063056 -0.004197545 0.996939480 77.692344666
0.997673094 0.010593816 -0.067348808 -5.666195869 -0.010313580 0.999936461 0.004507319 -0.920807123 0.067392223 -0.003802222 0.997719228 78.204864502
0.998507798 0.015825693 -0.052263174 -5.695386887 -0.015636446 0.999869406 0.004027943 -0.928998411 0.052320026 -0.003204721 0.998625100 78.704292297
0.999188960 0.021117212 -0.034280460 -5.711241722 -0.020978281 0.999769986 0.004407348 -0.934358716 0.034365576 -0.003684628 0.999402404 79.192405701
0.999730110 0.019687604 -0.012316030 -5.701619148 -0.019629657 0.999795556 0.004808008 -0.940139174 0.012408094 -0.004564951 0.999912441 79.667625427
0.999773562 0.016168963 0.013823428 -5.672193527 -0.016246507 0.999852657 0.005516277 -0.947153568 -0.013732279 -0.005739611 0.999889076 80.133102417
0.998956978 0.015010904 0.043119796 -5.628181934 -0.015321161 0.999858856 0.006873899 -0.955528498 -0.043010611 -0.007527375 0.999046147 80.585327148
0.997010231 0.014572831 0.075880833 -5.568270683 -0.015230805 0.999851108 0.008099720 -0.963248551 -0.075751580 -0.009231231 0.997083902 81.034454346
0.993426859 0.014778982 0.113509491 -5.495203018 -0.015820228 0.999840438 0.008277901 -0.966055095 -0.113369122 -0.010019235 0.993502378 81.482826233
0.987790227 0.015170845 0.155048743 -5.401781559 -0.016598664 0.999830723 0.007918316 -0.969084322 -0.154902458 -0.010395237 0.987875044 81.911537170
0.979681134 0.014856345 0.200009882 -5.285851002 -0.016718674 0.999831021 0.007625331 -0.976293385 -0.199862897 -0.010814294 0.979764163 82.331283569
0.968359351 0.017061738 0.248975500 -5.154099941 -0.018985251 0.999805450 0.005326359 -0.986842275 -0.248836279 -0.009884693 0.968495071 82.736862183
0.953113317 0.017813213 0.302088350 -4.998293400 -0.019397309 0.999809206 0.002244461 -0.997343481 -0.301990807 -0.007998927 0.953277230 83.126823425
0.933600247 0.018116092 0.357857615 -4.818949699 -0.019345306 0.999812722 -0.000145056 -1.005737305 -0.357793272 -0.006787440 0.933776081 83.498069763
0.909791887 0.018528206 0.414650679 -4.616376877 -0.019406093 0.999809325 -0.002096130 -1.015329123 -0.414610535 -0.006139706 0.909978211 83.846122742
0.880904913 0.018484564 0.472931951 -4.407192230 -0.019089002 0.999811471 -0.003521602 -1.032130361 -0.472907931 -0.005925600 0.881091893 84.169006348
0.847630203 0.016741805 0.530323029 -4.168936729 -0.016341118 0.999851525 -0.005445903 -1.047615886 -0.530335605 -0.004049957 0.847778082 84.475807190
0.811026931 0.016687896 0.584770560 -3.907709360 -0.015297314 0.999856114 -0.007317323 -1.055398226 -0.584808707 -0.003010870 0.811165690 84.768051147
0.771660149 0.015388026 0.635848820 -3.630382538 -0.014369302 0.999873817 -0.006759252 -1.066269517 -0.635872722 -0.003920855 0.771784008 85.034294128
0.729425907 0.014883201 0.683897793 -3.340729713 -0.015612789 0.999864995 -0.005107217 -1.074208856 -0.683881640 -0.006952213 0.729559898 85.281425476
0.684472322 0.014220450 0.728900015 -3.034819603 -0.014662938 0.999875963 -0.005737833 -1.075649619 -0.728891313 -0.006760424 0.684596002 85.512977600
0.638122320 0.013321234 0.769819677 -2.717106581 -0.011309010 0.999904573 -0.007928385 -1.079802036 -0.769851863 -0.003646614 0.638212085 85.719932556
0.591635168 0.010942504 0.806131482 -2.390112877 -0.005353899 0.999939144 -0.009643934 -1.085758090 -0.806188107 0.001389749 0.591657698 85.900260925
0.545081437 0.013057207 0.838281333 -2.058502674 -0.007105830 0.999914765 -0.010954356 -1.095939398 -0.838353038 0.000014335 0.545127690 86.071823120
0.497783542 0.016207764 0.867149770 -1.721356034 -0.010772243 0.999863744 -0.012504538 -1.103472710 -0.867234468 -0.003116592 0.497890234 86.234672546
0.452292353 0.018400984 0.891679823 -1.380888224 -0.011463756 0.999824405 -0.014817854 -1.114206672 -0.891796112 -0.003519995 0.452423811 86.374900818
0.410221279 0.016003324 0.911845565 -1.030790806 -0.004118174 0.999868274 -0.015695477 -1.122882247 -0.911976695 0.002683484 0.410233080 86.486457825
0.370870411 0.008844753 0.928642452 -0.669555783 0.010673471 0.999847949 -0.013785586 -1.129005313 -0.928623259 0.015024510 0.370719552 86.574089050
0.335565209 0.005395052 0.942001522 -0.306743175 0.015009919 0.999825954 -0.011073144 -1.134839535 -0.941897333 0.017855136 0.335425764 86.666252136
0.302386850 0.009530379 0.953137636 0.053147525 0.012557567 0.999823332 -0.013981125 -1.143885732 -0.953102529 0.016196806 0.302213669 86.762382507
0.271061480 0.017050505 0.962410986 0.417797178 0.001808247 0.999832213 -0.018222766 -1.160802126 -0.962560296 0.006679773 0.270985097 86.865898132
0.242779911 0.021278778 0.969847977 0.796129882 -0.003068394 0.999771178 -0.021167196 -1.182985425 -0.970076501 0.002163100 0.242789537 86.950805664
0.217211455 0.022944368 0.975854874 1.187802076 -0.001803587 0.999731421 -0.023104297 -1.201417685 -0.976122856 0.003258484 0.217194363 87.017967224
0.193910882 0.024346584 0.980717003 1.587454319 0.005672674 0.999647379 -0.025938157 -1.214214683 -0.981002688 0.010592983 0.193704277 87.071357727
0.173893511 0.030790282 0.984282970 1.995887995 0.012522861 0.999360979 -0.033474371 -1.215479016 -0.984684825 0.018147018 0.173396707 87.118530273
0.154082566 0.037554882 0.987343967 2.416604042 0.014494223 0.999083817 -0.040263362 -1.220146179 -0.987951636 0.020514665 0.153396964 87.171081543
0.136377230 0.038422883 0.989911556 2.851299047 0.012108061 0.999108136 -0.040447939 -1.236011624 -0.990583003 0.017502086 0.135790259 87.228820801
0.120875336 0.033998866 0.992085278 3.304529905 0.009928439 0.999321699 -0.035456546 -1.264609456 -0.992618144 0.014135676 0.120455682 87.280838013
0.106416717 0.030762881 0.993845642 3.772113562 0.010123152 0.999435723 -0.032019868 -1.288052440 -0.994270146 0.013468296 0.106045142 87.322601318
0.093254127 0.028302820 0.995239973 4.255606174 0.012615110 0.999481857 -0.029605497 -1.308623433 -0.995562553 0.015315893 0.092848636 87.356651306
0.081634954 0.027557949 0.996281266 4.752112865 0.016201330 0.999448717 -0.028973103 -1.327891231 -0.996530771 0.018506300 0.081143342 87.386558533
0.071622051 0.028205739 0.997033000 5.264247894 0.019419387 0.999371052 -0.029666884 -1.345362306 -0.997242928 0.021486573 0.071029127 87.410903931
0.063767403 0.028809216 0.997548938 5.786786556 0.021438085 0.999312878 -0.030230574 -1.364087343 -0.997734606 0.023313265 0.063105822 87.438873291
0.058260661 0.029205866 0.997874200 6.332616806 0.023070538 0.999265492 -0.030593563 -1.383637667 -0.998034954 0.024803897 0.057543918 87.464004517
0.052722529 0.030288493 0.998149931 6.896327019 0.024366045 0.999203205 -0.031607486 -1.403099179 -0.998312056 0.025987392 0.051942356 87.488578796
0.046743043 0.031035356 0.998424888 7.474368572 0.024878422 0.999170899 -0.032223284 -1.423652887 -0.998597264 0.026345449 0.045932025 87.516006470
0.042398240 0.031009952 0.998619616 8.069759369 0.027437136 0.999105036 -0.032189928 -1.448439717 -0.998724163 0.028764056 0.041509312 87.536956787
0.039575521 0.031037962 0.998734593 8.687713623 0.028889723 0.999063969 -0.032192979 -1.470049620 -0.998799026 0.030127220 0.038641643 87.557540894
0.036551200 0.030610384 0.998862982 9.325703621 0.029821983 0.999052107 -0.031707454 -1.494610429 -0.998886883 0.030947024 0.035603534 87.579017639
0.034246966 0.030006355 0.998962939 9.982595444 0.032051876 0.999001980 -0.031106349 -1.518480539 -0.998899460 0.033083938 0.033250868 87.597640991
0.033620227 0.029644869 0.998995006 10.650153160 0.036353145 0.998862207 -0.030864362 -1.542855382 -0.998773456 0.037354283 0.032504134 87.614418030
0.034661222 0.029338669 0.998968482 11.340281487 0.039520893 0.998746872 -0.030703422 -1.566828609 -0.998617530 0.040544350 0.033458140 87.632835388
0.037094470 0.029291995 0.998882413 12.047784805 0.041197836 0.998675644 -0.030815857 -1.590953946 -0.998462379 0.042294897 0.035838418 87.656311035
0.041021612 0.029220436 0.998730898 12.772042274 0.043617569 0.998566985 -0.031007178 -1.616900563 -0.998205960 0.044834182 0.039688140 87.683883667
0.045388591 0.028801208 0.998554111 13.504286766 0.043927066 0.998559892 -0.030798050 -1.644554019 -0.998003364 0.045261431 0.044057913 87.717643738
0.049419899 0.027116749 0.998409867 14.256911278 0.045481805 0.998533249 -0.029371386 -1.671690226 -0.997742176 0.046861012 0.048113935 87.754348755
0.053406212 0.025557239 0.998245656 15.013538361 0.045276631 0.998582304 -0.027988158 -1.700610042 -0.997546077 0.046691943 0.052173197 87.797271729
0.057584632 0.023492683 0.998064041 15.787644386 0.042183511 0.998772979 -0.025943201 -1.727021813 -0.997449219 0.043595776 0.056522816 87.847976685
0.061674144 0.022417463 0.997844398 16.577587128 0.041562401 0.998822868 -0.025008306 -1.752254248 -0.997230709 0.043015175 0.060669672 87.900566101
0.065821923 0.023438348 0.997555912 17.367799759 0.038960878 0.998901308 -0.026040722 -1.780667424 -0.997070611 0.040579699 0.064836279 87.958366394
0.068761945 0.027476881 0.997254491 18.141517639 0.036705755 0.998874128 -0.030052412 -1.813498855 -0.996957779 0.038671438 0.067675821 88.019409180
0.070123032 0.032890793 0.996995866 18.923114777 0.030750664 0.998910069 -0.035116769 -1.844842553 -0.997064471 0.033120774 0.069035038 88.081954956
0.070078075 0.035996355 0.996891737 19.721700668 0.028125586 0.998880148 -0.038045287 -1.881331921 -0.997145116 0.030704297 0.068987034 88.139358521
0.070276983 0.035587184 0.996892452 20.522809982 0.026000911 0.998958588 -0.037493899 -1.918295503 -0.997188747 0.028555062 0.069278337 88.201042175
0.070461586 0.034044251 0.996933281 21.335849762 0.023506364 0.999083281 -0.035779055 -1.955937266 -0.997237563 0.025955319 0.069596581 88.261100769
0.070253290 0.032869272 0.996987402 22.155723572 0.024511563 0.999098361 -0.034666080 -1.993764281 -0.997228086 0.026873119 0.069384113 88.324195862
0.070719101 0.032378964 0.996970534 22.962923050 0.021994639 0.999179423 -0.034010861 -2.032336950 -0.997253835 0.024333218 0.069948755 88.384735107
0.071008645 0.032763552 0.996937394 23.766296387 0.020432683 0.999202967 -0.034293354 -2.071845770 -0.997266471 0.022805225 0.070282444 88.442428589
0.071114443 0.033384930 0.996909201 24.574306488 0.017400574 0.999246180 -0.034704451 -2.113511086 -0.997316420 0.019814776 0.070479766 88.504646301
0.070010081 0.034825429 0.996938050 25.382774353 0.014776515 0.999244571 -0.035943676 -2.151832581 -0.997436881 0.017247686 0.069442451 88.567283630
0.067063548 0.034533042 0.997150779 26.196050644 0.011816229 0.999303222 -0.035402283 -2.191341400 -0.997678757 0.014156761 0.066608630 88.631942749
0.063007407 0.033424769 0.997452974 27.001539230 0.009432969 0.999374390 -0.034085009 -2.228443861 -0.997968495 0.011556547 0.062652558 88.691978455
0.058054432 0.031064602 0.997829795 27.809810638 0.007697560 0.999472022 -0.031563573 -2.265064001 -0.998283744 0.009513256 0.057784528 88.748245239
0.051936261 0.028998761 0.998229086 28.605319977 0.005542466 0.999554396 -0.029325625 -2.305693150 -0.998635054 0.007055710 0.051752262 88.786865234
0.044598147 0.029238081 0.998576880 29.408861160 0.005482519 0.999549270 -0.029511409 -2.342033386 -0.998990059 0.006790865 0.044417609 88.823875427
0.036013290 0.030308602 0.998891473 30.206161499 0.005314225 0.999519944 -0.030519266 -2.378128290 -0.999337316 0.006407428 0.035834789 88.852165222
0.026157258 0.030869480 0.999180973 31.008726120 0.006371255 0.999497533 -0.031046053 -2.410452604 -0.999637723 0.007178109 0.025947284 88.872459412
0.015829649 0.029922061 0.999426723 31.812181473 0.007945430 0.999516726 -0.030050600 -2.444773674 -0.999843299 0.008416560 0.015584094 88.888290405
0.004997871 0.028970517 0.999567628 32.612285614 0.007440340 0.999551475 -0.029007247 -2.478749275 -0.999960005 0.007582091 0.004779912 88.894851685
-0.005881620 0.028469022 0.999577165 33.393733978 0.009426593 0.999551773 -0.028412826 -2.506481171 -0.999938488 0.009255488 -0.006147520 88.883064270
-0.016947644 0.028817210 0.999440730 34.178543091 0.009617532 0.999543011 -0.028657064 -2.540847063 -0.999810338 0.009126478 -0.017217224 88.869842529
-0.027938332 0.029332703 0.999178946 34.951721191 0.009805703 0.999529302 -0.029068800 -2.579268694 -0.999561727 0.008985512 -0.028212991 88.845146179
-0.038526326 0.030487528 0.998792171 35.721973419 0.009336894 0.999501824 -0.030149030 -2.613106728 -0.999214113 0.008164079 -0.038791973 88.816223145
-0.048861258 0.031299088 0.998314857 36.492523193 0.010056928 0.999473631 -0.030843187 -2.652354240 -0.998755097 0.008532936 -0.049150500 88.779098511
-0.058378331 0.031995401 0.997781456 37.260322571 0.010980256 0.999446392 -0.031406350 -2.687476873 -0.998234332 0.009122438 -0.058697514 88.732467651
-0.068000183 0.032581765 0.997152925 38.014175415 0.012207936 0.999419034 -0.031823289 -2.719175339 -0.997610748 0.010009184 -0.068358615 88.678009033
-0.077212192 0.032886915 0.996471941 38.752891541 0.012767236 0.999406576 -0.031994481 -2.756499290 -0.996933103 0.010251820 -0.077586435 88.615638733
-0.085687213 0.032439973 0.995793641 39.479755402 0.014170378 0.999408484 -0.031338375 -2.789805412 -0.996221483 0.011425466 -0.086096399 88.547615051
-0.092949323 0.031388193 0.995175838 40.209640503 0.015937334 0.999421895 -0.030033564 -2.823244095 -0.995543480 0.013068844 -0.093396023 88.476173401
-0.098073930 0.029730637 0.994734824 40.926265717 0.018672282 0.999432743 -0.028030088 -2.857529402 -0.995004117 0.015824940 -0.098573625 88.400634766
-0.101760373 0.027977647 0.994415343 41.620719910 0.021395197 0.999434829 -0.025929460 -2.891753674 -0.994579017 0.018637113 -0.102301657 88.322517395
-0.104444213 0.027019303 0.994163513 42.324890137 0.023030169 0.999428570 -0.024742907 -2.918925762 -0.994264185 0.020311497 -0.105006993 88.247589111
-0.106317833 0.026175139 0.993987441 43.016170502 0.022995710 0.999450862 -0.023859365 -2.949146748 -0.994066358 0.020320768 -0.106861562 88.177711487
-0.107040271 0.026613437 0.993898273 43.672355652 0.023877451 0.999422252 -0.024189807 -2.977792740 -0.993968010 0.021142470 -0.107614085 88.107902527
-0.106291324 0.027561808 0.993952811 44.331413269 0.024418399 0.999386728 -0.025101230 -3.007821798 -0.994035244 0.021602688 -0.106899343 88.040992737
-0.103223562 0.029327681 0.994225562 44.958831787 0.025526982 0.999314129 -0.026827492 -3.033269167 -0.994330645 0.022610344 -0.103901617 87.977073669
-0.098027080 0.029874606 0.994735062 45.575096130 0.025759103 0.999290645 -0.027472967 -3.060059071 -0.994850397 0.022930384 -0.098727293 87.920364380
-0.090142719 0.030573212 0.995459318 46.178096771 0.025027988 0.999282598 -0.028424254 -3.088052273 -0.995614409 0.022352099 -0.090843439 87.874984741
-0.079146296 0.030587655 0.996393502 46.770862579 0.023882838 0.999300420 -0.028779814 -3.115462542 -0.996576965 0.021518881 -0.079821654 87.840965271
-0.065468140 0.030698936 0.997382224 47.325508118 0.022905808 0.999309480 -0.029254723 -3.147838354 -0.997591794 0.020930585 -0.066126332 87.814872742
-0.048412472 0.031967223 0.998315632 47.867412567 0.021793341 0.999283552 -0.030941371 -3.177327633 -0.998589754 0.020258678 -0.049074672 87.803771973
-0.027195085 0.034570821 0.999032021 48.399681091 0.020131655 0.999217987 -0.034029245 -3.204241276 -0.999427557 0.019186735 -0.027869992 87.805335999
-0.002547339 0.037692703 0.999285936 48.906204224 0.018179515 0.999125898 -0.037640322 -3.229539394 -0.999831617 0.018070647 -0.003230546 87.820434570
0.025493972 0.039351564 0.998899996 49.426277161 0.015911486 0.999082327 -0.039764840 -3.258224964 -0.999548435 0.016907744 0.024844248 87.856842041
0.058518909 0.038449865 0.997545421 49.937103271 0.013189643 0.999140918 -0.039285112 -3.290259123 -0.998199284 0.015456184 0.057961322 87.908660889
0.096468881 0.035804886 0.994691670 50.441699982 0.011837832 0.999240696 -0.037116721 -3.318993092 -0.995265722 0.015355594 0.095971629 87.978775024
0.138299078 0.031971801 0.989874184 50.940307617 0.009432958 0.999390841 -0.033597104 -3.346985340 -0.990345716 0.013983884 0.137913093 88.075271606
0.183991283 0.027549304 0.982541561 51.427558899 0.006912641 0.999546051 -0.029320564 -3.374544382 -0.982903719 0.012186679 0.183717206 88.188728333
0.231918469 0.024353217 0.972430170 51.908920288 0.002161456 0.999671042 -0.025550935 -3.399335623 -0.972732961 0.008027591 0.231789455 88.338775635
0.283212870 0.022991687 0.958781302 52.374732971 -0.002012893 0.999724507 -0.023378940 -3.421061754 -0.959055126 0.004691283 0.283181071 88.511863708
0.337493867 0.022922495 0.941048443 52.820903778 -0.003239098 0.999725640 -0.023190143 -3.436448574 -0.941322386 0.004778373 0.337475479 88.710304260
0.395486683 0.023851259 0.918161809 53.257144928 -0.002348650 0.999685526 -0.024957385 -3.451337099 -0.918468952 0.007713864 0.395418346 88.926513672
0.455147058 0.027020561 0.890006065 53.667144775 -0.001938254 0.999566972 -0.029355630 -3.472671986 -0.890414417 0.011636064 0.455002367 89.172592163
0.514638245 0.028267816 0.856941164 54.049423218 -0.000290569 0.999461889 -0.032794651 -3.506920099 -0.857407629 0.016628375 0.514369607 89.438354492
0.572507083 0.031753797 0.819284558 54.413467407 -0.004257818 0.999351263 -0.035757523 -3.529929876 -0.819889009 0.016983064 0.572270989 89.738960266
0.627523661 0.034208205 0.777845502 54.740585327 -0.007586720 0.999255359 -0.037824873 -3.546293497 -0.778560758 0.017834701 0.627316117 90.067428589
0.680313528 0.035038155 0.732083023 55.057678223 -0.009389606 0.999191105 -0.039096609 -3.561326027 -0.732861221 0.019723974 0.680092514 90.411178589
0.728966296 0.033769589 0.683715999 55.331943512 -0.010560174 0.999218166 -0.038093597 -3.576291561 -0.684468269 0.020548785 0.728753269 90.759216309
0.773960114 0.029496782 0.632546842 55.595649719 -0.012055236 0.999419630 -0.031854425 -3.598416805 -0.633119643 0.017028552 0.773866832 91.144569397
0.814975262 0.025368566 0.578940034 55.832172394 -0.013471423 0.999600470 -0.024837773 -3.609377861 -0.579339206 0.012443022 0.814991772 91.548545837
0.850988328 0.022932762 0.524683535 56.042125702 -0.015737133 0.999710739 -0.018171031 -3.621142864 -0.524948835 0.007206316 0.851103425 91.972343445
0.881775796 0.019939097 0.471246928 56.235324860 -0.016784625 0.999799430 -0.010896304 -3.628558874 -0.471370101 0.001698385 0.881934047 92.417884827
0.906969130 0.020355504 0.420704603 56.390113831 -0.020150805 0.999784529 -0.004932165 -3.644020557 -0.420714736 -0.004004227 0.907184303 92.854789734
0.926789999 0.022249904 0.374920011 56.528072357 -0.023620993 0.999720275 -0.000938874 -3.657267094 -0.374836385 -0.007985858 0.927056730 93.300422668
0.941742361 0.028231516 0.335147768 56.642715454 -0.030702654 0.999526143 0.002076188 -3.667790413 -0.334930718 -0.012245178 0.942163348 93.756843567
0.953331172 0.032883562 0.300129920 56.745956421 -0.034904726 0.999389410 0.001373607 -3.670866251 -0.299901843 -0.011785476 0.953897417 94.212379456
0.962441266 0.034664590 0.269267201 56.853000641 -0.036481306 0.999332547 0.001744159 -3.672285080 -0.269027352 -0.011501892 0.963064015 94.676475525
0.968522906 0.029096169 0.247217447 56.965854645 -0.030611791 0.999528468 0.002288494 -3.678037167 -0.247034594 -0.009784246 0.968957424 95.145950317
0.972452462 0.026438940 0.231596261 57.073951721 -0.027913436 0.999605298 0.003091452 -3.685259819 -0.231423438 -0.009470955 0.972807169 95.630195618
0.975265980 0.030751107 0.218884245 57.166713715 -0.032148115 0.999478877 0.002822797 -3.688516855 -0.218683690 -0.009789713 0.975746810 96.122825623
0.977182329 0.036109831 0.209309161 57.252910614 -0.037629575 0.999286115 0.003281703 -3.686725855 -0.209041521 -0.011083058 0.977844059 96.620788574
0.978124499 0.043910250 0.203332052 57.339057922 -0.045258544 0.998973131 0.001983520 -3.688409090 -0.203036442 -0.011142664 0.979107857 97.135131836
0.978461921 0.049568184 0.200386614 57.432865143 -0.050253466 0.998734891 -0.001668693 -3.691939831 -0.200216100 -0.008437391 0.979715526 97.658172607
0.978570461 0.050887074 0.199524179 57.535148621 -0.051101383 0.998684943 -0.004078991 -3.703842402 -0.199469641 -0.006204403 0.979884446 98.185844421
0.978146791 0.049517088 0.201931551 57.649314880 -0.048983056 0.998770177 -0.007644057 -3.712727308 -0.202061981 -0.002414233 0.979369879 98.715728760
0.977445245 0.047802497 0.205706820 57.766590118 -0.045856550 0.998846650 -0.014219787 -3.717273951 -0.206149563 0.004466044 0.978510439 99.260864258
0.976535499 0.048383426 0.209850281 57.885322571 -0.045411836 0.998788297 -0.018958943 -3.725107431 -0.210513562 0.008984381 0.977549791 99.812057495
0.975340843 0.053182349 0.214199916 58.003620148 -0.050390266 0.998558521 -0.018478151 -3.738854408 -0.214874119 0.007228892 0.976615131 100.387733459
0.973908961 0.056135211 0.219886154 58.128631592 -0.054259200 0.998420477 -0.014566813 -3.751023769 -0.220356807 0.002255888 0.975416839 100.978919983
0.973026276 0.053035937 0.224514768 58.270126343 -0.052122116 0.998590469 -0.009999418 -3.763745546 -0.224728897 -0.001972505 0.974419475 101.581283569
0.972364664 0.048571590 0.228358209 58.417926788 -0.048842516 0.998796344 -0.004468461 -3.775236607 -0.228300646 -0.006808633 0.973567009 102.191177368
0.971599460 0.045985125 0.232119977 58.565258026 -0.047292497 0.998880863 0.000067522 -3.784421444 -0.231857374 -0.011043156 0.972687244 102.813179016
0.971084177 0.041432884 0.235114172 58.717658997 -0.042785145 0.999083877 0.000650833 -3.790438414 -0.234872088 -0.010691425 0.971967638 103.442916870
0.971188128 0.038015544 0.235262126 58.879985809 -0.038526487 0.999254465 -0.002426057 -3.798691988 -0.235179231 -0.006707682 0.971929014 104.083213806
0.971304417 0.037373319 0.234884560 59.038242340 -0.036173455 0.999300957 -0.009416468 -3.809716463 -0.235072568 0.000649657 0.971977770 104.734031677
0.971421838 0.039647847 0.234024540 59.191349030 -0.036913149 0.999189317 -0.016055945 -3.820189953 -0.234471649 0.006958502 0.972098231 105.389709473
0.971934319 0.042576980 0.231367201 59.341121674 -0.039045088 0.999040604 -0.019825168 -3.829011679 -0.231989563 0.010234999 0.972664595 106.057197571
0.972570002 0.040931292 0.228980854 59.503963470 -0.038382493 0.999141514 -0.015575628 -3.840514183 -0.229422078 0.006359521 0.973306417 106.751556396
0.973004162 0.036971699 0.227807015 59.664230347 -0.036088929 0.999315977 -0.008040857 -3.855983973 -0.227948740 -0.000397538 0.973673224 107.452682495
0.973576963 0.037137613 0.225318909 59.823257446 -0.037639953 0.999288976 -0.002067490 -3.874391556 -0.225235730 -0.006468150 0.974282980 108.166358948
0.973835051 0.040455323 0.223625913 59.977302551 -0.040901057 0.999159455 -0.002640383 -3.888754129 -0.223545000 -0.006575257 0.974671602 108.891548157
0.974056661 0.046354041 0.221505776 60.126621246 -0.045893617 0.998919964 -0.007227870 -3.897975683 -0.221601814 -0.003125363 0.975132406 109.621994019
0.974895060 0.047238022 0.217596054 60.283821106 -0.045613598 0.998880863 -0.012485129 -3.908200264 -0.217942551 0.002246338 0.975959182 110.361373901
0.975823522 0.045947857 0.213675410 60.443637848 -0.043690737 0.998928010 -0.015276352 -3.919071436 -0.214148507 0.005571376 0.976785421 111.110939026
0.976724148 0.043912590 0.209956154 60.602062225 -0.041963726 0.999024451 -0.013730483 -3.934715748 -0.210354522 0.004600341 0.977614522 111.878875732
0.977592230 0.040268645 0.206619978 60.765026093 -0.038685694 0.999182642 -0.011697462 -3.950828791 -0.206922397 0.003442099 0.978351474 112.659988403
0.978002727 0.039141610 0.204886615 60.927604675 -0.038118757 0.999232888 -0.008938453 -3.969421625 -0.205079570 0.000931796 0.978745043 113.448860168
0.978380740 0.035907574 0.203670710 61.093803406 -0.035299260 0.999354482 -0.006620067 -3.982907057 -0.203777239 -0.000712493 0.979017198 114.240554810
0.978628814 0.030657720 0.203336686 61.262561798 -0.030183917 0.999529183 -0.005431741 -3.992869139 -0.203407779 -0.000821852 0.979093909 115.041160583
0.978736043 0.031634819 0.202669770 61.420478821 -0.031502172 0.999495745 -0.003881140 -4.006025791 -0.202690646 -0.002585940 0.979239583 115.834304810
0.978447199 0.037190508 0.203120545 61.574253082 -0.036759239 0.999306321 -0.005896863 -4.018767357 -0.203199238 -0.001696802 0.979136109 116.640838623
0.978105068 0.043018494 0.203616858 61.732475281 -0.042031415 0.999073684 -0.009171862 -4.035242558 -0.203823105 0.000412727 0.979007840 117.451248169
0.977498710 0.051932808 0.204448447 61.891731262 -0.050801519 0.998650074 -0.010781814 -4.050845146 -0.204732686 0.000152903 0.978818119 118.274543762
0.976521015 0.057915833 0.207490474 62.047187805 -0.057057358 0.998319089 -0.010124831 -4.067605495 -0.207728401 -0.001951766 0.978184819 119.100494385
0.975739896 0.060628254 0.210370511 62.215118408 -0.060278919 0.998148382 -0.008078525 -4.090127468 -0.210471109 -0.004798389 0.977588475 119.930374146
0.975157142 0.061164372 0.212901831 62.395946503 -0.060683146 0.998117805 -0.008800640 -4.110829830 -0.213039711 -0.004337566 0.977034032 120.770957947
0.974862874 0.059673693 0.214664981 62.577289581 -0.058565117 0.998216569 -0.011526484 -4.128398418 -0.214970291 -0.001335155 0.976619780 121.595527649
0.974877059 0.053778894 0.216152936 62.765422821 -0.052810766 0.998551488 -0.010256650 -4.148112297 -0.216391712 -0.001416244 0.976305723 122.435180664
0.975208759 0.047110122 0.216213226 62.959121704 -0.045674097 0.998888254 -0.011636595 -4.171643734 -0.216521353 0.001472753 0.976276875 123.254402161
0.974964857 0.046484150 0.217445090 63.142608643 -0.045014895 0.998917341 -0.011708239 -4.195558071 -0.217754200 0.001626842 0.976002395 124.086212158
0.974376440 0.049226504 0.219469532 63.323337555 -0.048489057 0.998785019 -0.008748892 -4.213881016 -0.219633833 -0.002117171 0.975580215 124.937965393
0.973937929 0.051267479 0.220943674 63.496746063 -0.051850528 0.998649418 -0.003163971 -4.227915764 -0.220807761 -0.008374554 0.975281537 125.771492004
0.973557174 0.054669339 0.221804306 63.671253204 -0.056319859 0.998411715 0.001118480 -4.245674610 -0.221391127 -0.013580916 0.975090683 126.584754944
0.973355889 0.054051928 0.222836494 63.855560303 -0.054224618 0.998514056 -0.005348139 -4.262196541 -0.222794682 -0.006877600 0.974841297 127.416107178
0.973674893 0.050028507 0.222382069 64.041877747 -0.046853907 0.998710394 -0.019531783 -4.284260273 -0.223072663 0.008598132 0.974764049 128.222518921
