1.000000000 0.000000000 0.000000000 0.000000000 0.000000000 1.000000000 0.000000000 0.000000000 0.000000000 0.000000000 1.000000000 0.000000000
0.999991298 -0.002533322 -0.003317832 -0.001310158 0.002526595 0.999994755 -0.002030063 -0.006163962 0.003322958 0.002021663 0.999992430 0.669800103
0.999971569 -0.001292461 -0.007428700 -0.010613031 0.001266337 0.999992967 -0.003520377 -0.011876740 0.007433197 0.003510869 0.999966204 1.353052020
0.999935210 -0.001289447 -0.011307851 -0.025803436 0.001233345 0.999986887 -0.004966862 -0.016449619 0.011314107 0.004952593 0.999923706 2.056906939
0.999870479 0.000201993 -0.016090468 -0.046303760 -0.000290531 0.999984801 -0.005500333 -0.024181016 0.016089112 0.005504295 0.999855399 2.784894228
0.999785721 -0.000843867 -0.020683963 -0.060235642 0.000723296 0.999982655 -0.005836011 -0.030351512 0.020688530 0.005819799 0.999769032 3.523032188
0.999679208 0.001093486 -0.025303990 -0.082305126 -0.001270870 0.999974668 -0.006995115 -0.042166762 0.025295701 0.007025028 0.999655366 4.280353546
0.999536932 0.003776018 -0.030191371 -0.111899257 -0.004006076 0.999963284 -0.007563147 -0.050367456 0.030161705 0.007680592 0.999515593 5.042397499
0.999396443 0.003934303 -0.034513164 -0.144635648 -0.004143696 0.999973297 -0.005997652 -0.058310930 0.034488648 0.006137041 0.999386311 5.817358494
0.999235988 0.003236804 -0.038946502 -0.179802597 -0.003366998 0.999988794 -0.003277783 -0.068525158 0.038935460 0.003406408 0.999235988 6.604004860
0.999096274 0.002777520 -0.042411570 -0.218551055 -0.002803738 0.999995768 -0.000558732 -0.082488686 0.042409841 0.000677134 0.999100149 7.415295124
0.998976052 0.004493816 -0.045017127 -0.262470752 -0.004547738 0.999988914 -0.001095490 -0.094155036 0.045011707 0.001299090 0.998985708 8.227858543
0.998870432 0.003982681 -0.047348667 -0.302432954 -0.004049518 0.999990761 -0.001315747 -0.102907464 0.047342993 0.001505996 0.998877645 9.050822258
0.998790383 0.000916811 -0.049162507 -0.339442849 -0.001006190 0.999997675 -0.001793299 -0.110473409 0.049160756 0.001840593 0.998789251 9.886655807
0.998671651 0.000886510 -0.051517673 -0.379092783 -0.000932714 0.999998987 -0.000872805 -0.121214136 0.051516850 0.000919693 0.998671770 10.722305298
0.998591006 -0.000490653 -0.053061973 -0.423723370 0.000433966 0.999999106 -0.001079821 -0.132169917 0.053062454 0.001055268 0.998590708 11.569388390
0.998489857 0.001874709 -0.054903571 -0.474620342 -0.002058402 0.999992251 -0.003289362 -0.146439880 0.054896981 0.003397405 0.998486340 12.423978806
0.998405993 0.002495083 -0.056384642 -0.525888085 -0.002831325 0.999978483 -0.005884247 -0.158504143 0.056368753 0.006034508 0.998391867 13.281661987
0.998285472 0.006600785 -0.058159024 -0.584478676 -0.007047012 0.999947011 -0.007470786 -0.169753790 0.058106635 0.007867822 0.998279452 14.152293205
0.998220026 0.007537633 -0.059160020 -0.640884638 -0.007978112 0.999941885 -0.007212890 -0.182233959 0.059102219 0.007672035 0.998222530 15.040163994
0.998144209 0.007062991 -0.060482774 -0.695943594 -0.007428554 0.999955177 -0.005821370 -0.194997549 0.060438953 0.006259863 0.998152316 15.912923813
0.998044670 0.007921986 -0.061999492 -0.754418671 -0.008211999 0.999956191 -0.004424253 -0.206799001 0.061961733 0.004924739 0.998066425 16.804933548
0.997984469 0.007690984 -0.062989473 -0.813692868 -0.007973991 0.999958873 -0.004242774 -0.221973345 0.062954254 0.004736496 0.998005211 17.710712433
0.997862220 0.007620872 -0.064904712 -0.869985938 -0.007971923 0.999954641 -0.005151442 -0.234496489 0.064862505 0.005657841 0.997878194 18.618408203
0.997795403 0.005873442 -0.066102117 -0.930609584 -0.006277571 0.999962568 -0.005907650 -0.245794877 0.066064939 0.006309584 0.997795403 19.519924164
0.997746825 0.005925203 -0.066826604 -0.988239169 -0.006225641 0.999971151 -0.004288429 -0.254663557 0.066799261 0.004694802 0.997755408 20.448791504
0.997733474 0.007137261 -0.066907614 -1.051607609 -0.007208218 0.999973416 -0.000819166 -0.269712925 0.066899985 0.001299589 0.997758865 21.360578537
0.997779548 0.008080961 -0.066107877 -1.117084742 -0.007905857 0.999964237 0.002909960 -0.280666977 0.066129021 -0.002380866 0.997808278 22.289033890
0.997889817 0.006747203 -0.064574867 -1.178541422 -0.006384368 0.999962389 0.005823541 -0.287080556 0.064611718 -0.005398991 0.997895896 23.218208313
0.997987092 0.007138385 -0.063010409 -1.243872046 -0.006734901 0.999955237 0.006613528 -0.295814008 0.063054778 -0.006175856 0.997990966 24.162464142
0.998075247 0.007502767 -0.061554730 -1.305016279 -0.007273094 0.999965549 0.003954435 -0.307476103 0.061582252 -0.003499138 0.998095870 25.095182419
0.998129725 0.008455167 -0.060538679 -1.370278835 -0.008530746 0.999962866 -0.000990086 -0.313705802 0.060528036 0.001504669 0.998165309 26.015024185
0.998214960 0.007658932 -0.059225544 -1.432707667 -0.007904547 0.999960899 -0.003913948 -0.325609565 0.059193224 0.004375109 0.998236895 26.944799423
0.998266041 0.005045524 -0.058641601 -1.484481812 -0.005224461 0.999981940 -0.002898466 -0.335822821 0.058625892 0.003199806 0.998274803 27.889207840
0.998266041 0.003207625 -0.058770742 -1.550661206 -0.003078424 0.999992430 0.002288755 -0.354173392 0.058777612 -0.002103872 0.998268783 28.873346329
0.998208702 -0.000764377 -0.059817132 -1.599374294 0.001113778 0.999982297 0.005808000 -0.367024124 0.059811607 -0.005864227 0.998192370 29.835327148
0.998114645 -0.008067832 -0.060838852 -1.652159095 0.008408846 0.999950171 0.005351193 -0.378521085 0.060792617 -0.005852696 0.998133123 30.779676437
0.998010457 -0.010018855 -0.062241323 -1.712158680 0.010129314 0.999947488 0.001459339 -0.385411888 0.062223405 -0.002086905 0.998059869 31.752447128
0.997921407 -0.009746550 -0.063695982 -1.772887588 0.009604166 0.999950528 -0.002541220 -0.394830108 0.063717566 0.001924185 0.997965932 32.723865509
0.997792840 -0.008289126 -0.065878719 -1.842726469 0.008106462 0.999962389 -0.003039624 -0.409457982 0.065901406 0.002498866 0.997822821 33.701129913
0.997751415 -0.008289771 -0.066503763 -1.908592343 0.008208269 0.999965072 -0.001498746 -0.426326424 0.066513836 0.000949488 0.997784853 34.680767059
0.997674644 -0.005230636 -0.067950301 -1.978800893 0.005343556 0.999984503 0.001480102 -0.444079548 0.067941472 -0.001839764 0.997687399 35.660324097
0.997605860 -0.005166202 -0.068957627 -2.049546480 0.005375947 0.999981344 0.002856351 -0.459055394 0.068941548 -0.003220233 0.997615337 36.659454346
0.997537971 -0.004177095 -0.069999084 -2.124296665 0.004571538 0.999974430 0.005475667 -0.466512948 0.069974385 -0.005782198 0.997531831 37.636619568
0.997557223 -0.004321244 -0.069715753 -2.198045015 0.004928965 0.999951184 0.008547405 -0.475768536 0.069675379 -0.008870161 0.997530043 38.638381958
0.997507095 0.001228524 -0.070551209 -2.273674726 -0.000449555 0.999938667 0.011055943 -0.481446743 0.070560426 -0.010996674 0.997446597 39.622749329
0.997511923 0.001330775 -0.070480876 -2.356610537 -0.000596118 0.999945223 0.010443444 -0.486169994 0.070490874 -0.010375456 0.997458160 40.625698090
0.997526586 0.001270044 -0.070275016 -2.432384491 -0.000656931 0.999961436 0.008746857 -0.486514866 0.070283383 -0.008679067 0.997488976 41.613670349
0.997521639 0.003512437 -0.070269294 -2.511969090 -0.003053133 0.999973238 0.006642628 -0.493404210 0.070290707 -0.006411634 0.997505605 42.591323853
0.997462571 0.003347201 -0.071111336 -2.585285902 -0.002880734 0.999973655 0.006661165 -0.499112755 0.071131714 -0.006439421 0.997445822 43.579807281
0.997366071 0.001197740 -0.072519176 -2.655910969 -0.000610431 0.999966800 0.008120230 -0.508409560 0.072526455 -0.008054586 0.997333586 44.562255859
0.997311056 0.001864283 -0.073257685 -2.731688023 -0.001201125 0.999957860 0.009095347 -0.515254498 0.073271513 -0.008982911 0.997271180 45.543941498
0.997292101 0.004386106 -0.073407628 -2.809334278 -0.003994164 0.999976933 0.005485149 -0.524823844 0.073429942 -0.005177108 0.997286499 46.509449005
0.997225463 0.005061087 -0.074264817 -2.888547182 -0.004971267 0.999986589 0.001394208 -0.535218656 0.074270830 -0.001021163 0.997237086 47.460212708
0.997165322 0.005853875 -0.075010605 -2.964384556 -0.005861757 0.999982774 0.000115039 -0.544853747 0.075009927 0.000324967 0.997182250 48.420219421
0.997164726 0.004433796 -0.075116083 -3.038580894 -0.004171856 0.999984622 0.003643641 -0.559423625 0.075131036 -0.003319951 0.997167587 49.394496918
0.997168899 0.002601087 -0.075146556 -3.113168478 -0.002100818 0.999975085 0.006735487 -0.569771767 0.075162150 -0.006558562 0.997149169 50.364219666
0.997123837 0.000529662 -0.075784668 -3.180289984 0.000038298 0.999971867 0.007492701 -0.582177639 0.075786456 -0.007474066 0.997095466 51.320007324
0.997097671 -0.002314110 -0.076094620 -3.252239466 0.002803405 0.999976039 0.006323833 -0.593660474 0.076078102 -0.006518816 0.997079968 52.273071289
0.997060359 -0.004814008 -0.076465659 -3.322899818 0.005213764 0.999973714 0.005029099 -0.604471684 0.076439381 -0.005413002 0.997058988 53.223453522
0.996963024 -0.006501398 -0.077601150 -3.396094799 0.007007221 0.999955952 0.006247665 -0.613639653 0.077557042 -0.006772472 0.996964395 54.167984009
0.996843696 -0.009727016 -0.078787297 -3.466362476 0.010585263 0.999889076 0.010482835 -0.623080254 0.078676522 -0.011283744 0.996835828 55.109798431
0.996776938 -0.010486623 -0.079530478 -3.537612915 0.011764671 0.999808848 0.015618334 -0.629959464 0.079351418 -0.016503656 0.996709585 56.046951294
0.996744633 -0.008780631 -0.080140501 -3.615760565 0.010247574 0.999787092 0.017911684 -0.635326445 0.079966091 -0.018674629 0.996622145 56.990161896
0.996645868 -0.007448857 -0.081492871 -3.696606874 0.008605137 0.999867141 0.013846669 -0.636000514 0.081378832 -0.014501492 0.996577263 57.913711548
0.996533096 -0.006081328 -0.082972065 -3.775117874 0.006618598 0.999958932 0.006201748 -0.641532063 0.082930870 -0.006729418 0.996532083 58.831596375
0.996469140 -0.004605112 -0.083831251 -3.857154608 0.004735680 0.999987900 0.001358673 -0.645574331 0.083823919 -0.001750887 0.996478558 59.743019104
0.996391952 0.000125934 -0.084869161 -3.943423510 0.000069374 0.999997437 0.002298289 -0.656888008 0.084869169 -0.002295898 0.996388912 60.644119263
0.996271193 0.002743100 -0.086231567 -4.024968624 -0.002339557 0.999985933 0.004780437 -0.672479212 0.086243391 -0.004560880 0.996263146 61.518051147
0.996184826 0.005401786 -0.087099500 -4.108919621 -0.004863197 0.999967873 0.006394593 -0.687500715 0.087131158 -0.005946626 0.996178567 62.412910461
0.996078193 0.006332984 -0.088248380 -4.186172485 -0.005812310 0.999964297 0.006155792 -0.698346198 0.088284127 -0.005618736 0.996078908 63.270057678
0.995913684 0.007769325 -0.089973494 -4.265860558 -0.007173378 0.999950290 0.006945032 -0.707006931 0.090022892 -0.006271251 0.995919406 64.124877930
0.995784402 0.008579161 -0.091320656 -4.346721649 -0.007912985 0.999939561 0.007654454 -0.718509614 0.091380723 -0.006899579 0.995791554 64.959960938
0.995662808 0.008546540 -0.092639595 -4.426100731 -0.007831653 0.999936879 0.008077624 -0.724603951 0.092702702 -0.007317081 0.995666385 65.780181885
0.995542705 0.008516802 -0.093924396 -4.502644062 -0.007682719 0.999927998 0.009238350 -0.734852433 0.093996234 -0.008475590 0.995535910 66.580474854
0.995387673 0.011290288 -0.095265470 -4.585335732 -0.010196320 0.999876678 0.011962321 -0.740942836 0.095388703 -0.010935801 0.995379388 67.366180420
0.995243728 0.012929329 -0.096552663 -4.667424679 -0.011428175 0.999805570 0.016084366 -0.747436285 0.096741773 -0.014904452 0.995197296 68.149093628
0.995036364 0.016118577 -0.098195776 -4.750952244 -0.014433670 0.999736786 0.017844958 -0.752755284 0.098457493 -0.016339066 0.995006502 68.909400940
0.994861901 0.018819259 -0.099474378 -4.833630562 -0.017525569 0.999750495 0.013863187 -0.759936273 0.099710375 -0.012048624 0.994942963 69.652214050
0.994730234 0.018970583 -0.100753963 -4.913812637 -0.018403621 0.999809325 0.006553735 -0.766535103 0.100859009 -0.004664978 0.994889200 70.380081177
0.994578779 0.018165929 -0.102384590 -4.984315872 -0.018180385 0.999834597 0.000791978 -0.771985173 0.102381974 0.001073686 0.994744003 71.078811646
0.994522810 0.019120820 -0.102753609 -5.061743259 -0.019262077 0.999814570 -0.000382592 -0.778528810 0.102727182 0.002359722 0.994706154 71.772369385
0.994379818 0.021967491 -0.103564955 -5.137972832 -0.021752173 0.999758422 0.003208144 -0.792139351 0.103610359 -0.000937371 0.994616926 72.440193176
0.994237483 0.022299774 -0.104852490 -5.212800980 -0.021837406 0.999746263 0.005555789 -0.807541072 0.104949728 -0.003234087 0.994471669 73.093055725
0.994203746 0.019177254 -0.105785474 -5.281993866 -0.019040627 0.999816239 0.002301422 -0.818141878 0.105810128 -0.000273882 0.994385779 73.731529236
0.994330108 0.011141672 -0.105750002 -5.338636398 -0.011499358 0.999930203 -0.002773279 -0.830419838 0.105711691 0.003973589 0.994388342 74.342384338
0.994466960 0.007206011 -0.104801029 -5.395170689 -0.008042019 0.999939322 -0.007556763 -0.841322601 0.104740195 0.008357737 0.994463921 74.935188293
0.994772315 0.009779274 -0.101646945 -5.459704876 -0.010627241 0.999913275 -0.007804150 -0.851790071 0.101561785 0.008843552 0.994789302 75.514251709
0.995123327 0.014941865 -0.097498521 -5.524188995 -0.015488712 0.999868512 -0.004854308 -0.863725185 0.097413145 0.006340738 0.995223224 76.079048157
0.995584428 0.013574177 -0.092881665 -5.572387695 -0.013795514 0.999903619 -0.001741363 -0.875250816 0.092849039 0.003015003 0.995675027 76.635124207
0.996146381 0.009980970 -0.087134153 -5.609568119 -0.009805984 0.999949276 0.002435996 -0.886352181 0.087154016 -0.001572191 0.996192992 77.177879333
0.996859014 0.005766455 -0.078984201 -5.640002728 -0.005318644 0.999968886 0.005878731 -0.900497258 0.079015620 -0.005440192 0.996857941 77.703010559
0.997617185 0.009463874 -0.068337776 -5.674016953 -0.009096839 0.999942780 0.005680026 -0.908688962 0.068387598 -0.005044849 0.997645497 78.218727112
0.998473525 0.014690722 -0.053239223 -5.703785419 -0.014433181 0.999882519 0.005218678 -0.916226506 0.053309623 -0.004442316 0.998567641 78.718734741
0.999178588 0.019974310 -0.035254061 -5.719987392 -0.019787898 0.999788642 0.005628716 -0.921377122 0.035359040 -0.004926504 0.999362051 79.204719543
0.999739766 0.018531146 -0.013291558 -5.710736752 -0.018451951 0.999811649 0.006056426 -0.926507056 0.013401300 -0.005809609 0.999892890 79.679962158
0.999804854 0.015002697 0.012837738 -5.681656837 -0.015090819 0.999863267 0.006795199 -0.932926357 -0.012734009 -0.006987620 0.999894083 80.145324707
0.999015808 0.013846383 0.042133305 -5.638078690 -0.014203406 0.999865830 0.008186128 -0.940678596 -0.042014264 -0.008776521 0.999078095 80.597602844
0.997098029 0.013435761 0.074930049 -5.579421043 -0.014178962 0.999855578 0.009395483 -0.946451604 -0.074792936 -0.010430662 0.997144103 81.048416138
0.993550837 0.013642668 0.112561844 -5.506773472 -0.014818098 0.999844253 0.009612485 -0.948630810 -0.112413093 -0.011218458 0.993597806 81.496864319
0.987957895 0.013990719 0.154087842 -5.413492203 -0.015610985 0.999835074 0.009310227 -0.951378703 -0.153932080 -0.011603589 0.988012850 81.924568176
0.979894221 0.013680453 0.199047312 -5.297799110 -0.015798584 0.999834478 0.009056943 -0.957870126 -0.198890343 -0.012019526 0.979947567 82.344673157
0.968623221 0.015896341 0.248024344 -5.166401386 -0.018143356 0.999812722 0.006776428 -0.967452466 -0.247870013 -0.011063813 0.968729675 82.750350952
0.953429580 0.016645970 0.301155597 -5.010962963 -0.018636858 0.999819577 0.003738834 -0.977304459 -0.301038831 -0.009177323 0.953567266 83.140480042
0.933927476 0.017191103 0.357048750 -4.834535122 -0.018825335 0.999822438 0.001101951 -0.981307626 -0.356966168 -0.007750720 0.934084654 83.509307861
0.910163522 0.017605793 0.413874596 -4.632967949 -0.019019362 0.999819100 -0.000705226 -0.991794407 -0.413811892 -0.007229776 0.910333157 83.856430054
0.881326318 0.017576313 0.472180933 -4.423638344 -0.018795982 0.999821365 -0.002134296 -1.007773757 -0.472133726 -0.006994110 0.881498575 84.180175781
0.847999394 0.016209723 0.529749036 -4.186073303 -0.016267171 0.999857545 -0.004554723 -1.017227173 -0.529747009 -0.004755133 0.848141670 84.490158081
0.811438799 0.016271748 0.584210634 -3.925084114 -0.015248561 0.999861777 -0.006669204 -1.022662997 -0.584237933 -0.003496739 0.811574161 84.782073975
0.772102058 0.014986675 0.635321677 -3.647769928 -0.014364654 0.999878287 -0.006128973 -1.033079267 -0.635335743 -0.004394000 0.772222817 85.048904419
0.729873717 0.014467278 0.683428764 -3.360454559 -0.015780766 0.999866366 -0.004312632 -1.042796493 -0.683399439 -0.007637368 0.730004072 85.294578552
0.684857905 0.013617273 0.728549242 -3.057229996 -0.015055174 0.999876618 -0.004536323 -1.048370838 -0.728520691 -0.007861715 0.684978008 85.525390625
0.638585091 0.012438918 0.769450545 -2.739623070 -0.011734638 0.999910712 -0.006425675 -1.055595398 -0.769461274 -0.004925901 0.638673723 85.731498718
0.591987491 0.010075860 0.805884063 -2.413204908 -0.005905556 0.999949455 -0.008164117 -1.061073422 -0.805925071 0.000073841 0.592016816 85.913116455
0.545448422 0.012193904 0.838055611 -2.081499338 -0.007728384 0.999925017 -0.009519120 -1.070647836 -0.838108361 -0.001284646 0.545501590 86.084922791
0.498167425 0.015347640 0.866944969 -1.744343877 -0.011472252 0.999872684 -0.011108641 -1.077649951 -0.867004573 -0.004411866 0.498279870 86.247947693
0.452769160 0.017548637 0.891455054 -1.404914975 -0.012440658 0.999833524 -0.013363507 -1.088864684 -0.891540587 -0.005039721 0.452911943 86.385879517
0.410703599 0.015137757 0.911643207 -1.053021431 -0.005002247 0.999884784 -0.014349435 -1.096414089 -0.911754787 0.001333079 0.410731822 86.498283386
0.371317267 0.007981926 0.928471684 -0.689149618 0.010046485 0.999870241 -0.012613541 -1.100704551 -0.928451300 0.014011473 0.371188700 86.588821411
0.336098075 0.004512812 0.941816092 -0.326394975 0.014369685 0.999847829 -0.009918858 -1.106194973 -0.941716969 0.016867278 0.335981876 86.680358887
0.302928358 0.008649100 0.952974021 0.033447683 0.011877283 0.999847114 -0.012850021 -1.114831924 -0.952938914 0.015211347 0.302779168 86.776702881
0.271609575 0.016165469 0.962271690 0.396471530 0.001038903 0.999853611 -0.017090049 -1.131589651 -0.962406576 0.005641500 0.271552861 86.880012512
0.243336916 0.020391438 0.969727397 0.774776816 -0.003849375 0.999791622 -0.020057684 -1.153234482 -0.969933808 0.001147907 0.243364543 86.965042114
0.217738852 0.022073532 0.975757360 1.165313244 -0.002881284 0.999754608 -0.021973431 -1.171760678 -0.976002455 0.001973010 0.217748880 87.031906128
0.194436178 0.023472296 0.980634272 1.565247416 0.004581136 0.999681234 -0.024836520 -1.184076667 -0.980904043 0.009321508 0.194266543 87.085586548
0.174420521 0.029909847 0.984216809 1.973578691 0.011447967 0.999409616 -0.032400317 -1.184758782 -0.984604239 0.016918531 0.173975021 87.132911682
0.154609963 0.036666103 0.987294853 2.392627716 0.013381636 0.999141932 -0.039201625 -1.189253449 -0.987884462 0.019272549 0.153986543 87.185440063
0.136908054 0.037535556 0.989872277 2.827265024 0.010975866 0.999163210 -0.039405912 -1.204670668 -0.990522444 0.016259663 0.136381432 87.243431091
0.121445253 0.033117257 0.992045403 3.278678656 0.008908508 0.999366879 -0.034452226 -1.232025385 -0.992557704 0.013021678 0.121073283 87.294677734
0.106987439 0.029881559 0.993811131 3.746258259 0.009088702 0.999477327 -0.031030353 -1.255012035 -0.994218349 0.012352284 0.106659889 87.336738586
0.093759887 0.027434066 0.995216727 4.233477592 0.011719475 0.999520779 -0.028656805 -1.274222493 -0.995525360 0.014350247 0.093393408 87.374824524
0.082138598 0.026687635 0.996263504 4.730024815 0.015298629 0.999490023 -0.028035382 -1.293019176 -0.996503055 0.017544221 0.081688389 87.405014038
0.072123304 0.027333943 0.997021079 5.242161751 0.018507361 0.999415815 -0.028738391 -1.310025215 -0.997223556 0.020524902 0.071575254 87.429641724
0.064310730 0.027943650 0.997538626 5.765795231 0.020562669 0.999358654 -0.029320296 -1.327915072 -0.997717679 0.022397628 0.063694865 87.456626892
0.058813833 0.028349200 0.997866392 6.314600468 0.022274960 0.999310672 -0.029703109 -1.346256614 -0.998020053 0.023974348 0.058141798 87.482063293
0.053254995 0.029430920 0.998147249 6.877029896 0.023536695 0.999251068 -0.030719243 -1.365209699 -0.998303175 0.025129000 0.052522391 87.507507324
0.047276787 0.030178972 0.998425961 7.455065727 0.024051409 0.999219477 -0.031341828 -1.385235548 -0.998591840 0.025495250 0.046514031 87.535255432
0.042930931 0.030152738 0.998623073 8.050539970 0.026605465 0.999155700 -0.031312596 -1.409410715 -0.998723328 0.027913066 0.042092446 87.556777954
0.040112037 0.030171085 0.998739719 8.667047501 0.028071431 0.999115646 -0.031309865 -1.430797577 -0.998800397 0.029291911 0.039229613 87.577461243
0.037096206 0.029746968 0.998869002 9.305082321 0.029009629 0.999103725 -0.030831322 -1.454607248 -0.998890102 0.030120498 0.036200006 87.598983765
0.034790009 0.029141925 0.998969793 9.962006569 0.031240301 0.999054790 -0.030232370 -1.477900267 -0.998905838 0.032259852 0.033846717 87.617996216
0.034162238 0.028776601 0.999002039 10.629572868 0.035548128 0.998918116 -0.029989794 -1.501714230 -0.998783469 0.036537115 0.033102319 87.635131836
0.035200171 0.028468931 0.998974800 11.319763184 0.038716562 0.998805165 -0.029828317 -1.525075316 -0.998629630 0.039726771 0.034055889 87.653968811
0.037633687 0.028421389 0.998887420 12.027317047 0.040399667 0.998735189 -0.029939132 -1.548575401 -0.998474181 0.041481379 0.036437865 87.677848816
0.041557901 0.028349683 0.998733878 12.751750946 0.042821392 0.998628616 -0.030128507 -1.573850155 -0.998217583 0.044019192 0.040286925 87.705863953
0.045918535 0.027962094 0.998553813 13.487800598 0.043117724 0.998621285 -0.029946746 -1.599899530 -0.998013735 0.044430416 0.044649553 87.740516663
0.049948428 0.026276752 0.998406112 14.240426064 0.044675972 0.998594642 -0.028516760 -1.626391053 -0.997751594 0.046029065 0.048704274 87.777671814
0.053959705 0.024732361 0.998236775 14.995351791 0.044492334 0.998641014 -0.027147399 -1.653723836 -0.997550845 0.045878686 0.052785955 87.819931030
0.058138713 0.022669893 0.998051047 15.769402504 0.041393299 0.998827875 -0.025098776 -1.679386258 -0.997449458 0.042771775 0.057132162 87.871154785
0.062244710 0.021562459 0.997827888 16.563188553 0.040791642 0.998876512 -0.024129692 -1.705273390 -0.997226417 0.042204924 0.061295182 87.923973083
0.066383049 0.022587711 0.997538388 17.354513168 0.038169183 0.998954713 -0.025159800 -1.733047962 -0.997063339 0.039745353 0.065451473 87.982765198
0.069476843 0.026620975 0.997228205 18.137884140 0.036040336 0.998924553 -0.029177168 -1.764569283 -0.996931791 0.037967518 0.068442672 88.040840149
0.070842937 0.032039005 0.996972740 18.919458389 0.030086301 0.998960972 -0.034240752 -1.795220137 -0.997033119 0.032420877 0.069805369 88.103988647
0.070841417 0.035186969 0.996866643 19.716484070 0.027587036 0.998926520 -0.037220102 -1.828081727 -0.997105479 0.030137261 0.069794632 88.160850525
0.071154974 0.034746543 0.996859789 20.514743805 0.025570219 0.999001384 -0.036646351 -1.864717960 -0.997136950 0.028097436 0.070195414 88.219841003
0.071209572 0.033176471 0.996909380 21.324470520 0.022827219 0.999131083 -0.034880940 -1.904364705 -0.997199655 0.025240470 0.070390344 88.283363342
0.071100645 0.031992070 0.996955812 22.140563965 0.023847744 0.999145687 -0.033763081 -1.941333175 -0.997183561 0.026175670 0.070276938 88.342468262
0.071551874 0.031499542 0.996939242 22.946090698 0.021318600 0.999224961 -0.033101805 -1.979174256 -0.997208595 0.023621790 0.070824869 88.404174805
0.071762577 0.031891741 0.996911645 23.749649048 0.019700324 0.999248803 -0.033384603 -2.017933369 -0.997226715 0.022035193 0.071080364 88.465072632
0.071860380 0.032523815 0.996884167 24.556800842 0.016616520 0.999290884 -0.033800103 -2.058820486 -0.997275770 0.018993581 0.071268961 88.528144836
0.070819013 0.033971347 0.996910453 25.361286163 0.014104082 0.999286294 -0.035054211 -2.096279621 -0.997388959 0.016542962 0.070289306 88.589530945
0.067894377 0.033680040 0.997123778 26.174165726 0.011206882 0.999341667 -0.034518003 -2.135102510 -0.997628987 0.013518181 0.067472212 88.654502869
0.063874073 0.032567248 0.997426271 26.978828430 0.008867469 0.999409854 -0.033199847 -2.171495914 -0.997918010 0.010965214 0.063547574 88.714393616
0.058996536 0.030215453 0.997800648 27.788074493 0.007273681 0.999502659 -0.030697037 -2.206694365 -0.998231113 0.009068661 0.058747403 88.769767761
0.052696206 0.028232403 0.998211265 28.593276978 0.005267399 0.999578893 -0.028549127 -2.244959354 -0.998596132 0.006762369 0.052525297 88.817428589
0.045357052 0.028437058 0.998565853 29.395450592 0.005065193 0.999575734 -0.028695863 -2.281803370 -0.998957515 0.006359450 0.045193769 88.854614258
0.036774129 0.029504066 0.998887837 30.192501068 0.004899386 0.999547124 -0.029703885 -2.317224979 -0.999311149 0.005986233 0.036612928 88.883636475
0.026933502 0.030061834 0.999184966 30.995477676 0.006016470 0.999525130 -0.030234220 -2.348776340 -0.999618649 0.006825839 0.026739860 88.904975891
0.016604796 0.029113432 0.999438047 31.798946381 0.007582277 0.999544024 -0.029242465 -2.382446527 -0.999832869 0.008063541 0.016376499 88.921447754
0.005688154 0.028070416 0.999589682 32.598644257 0.006846271 0.999581814 -0.028109131 -2.416351795 -0.999959886 0.007003310 0.005493626 88.929519653
-0.005193427 0.027567999 0.999606311 33.380157471 0.008819667 0.999582708 -0.027521502 -2.443385601 -0.999947131 0.008673222 -0.005434364 88.918296814
-0.016253706 0.028114038 0.999472380 34.158874512 0.009511185 0.999564171 -0.027961921 -2.471593380 -0.999822199 0.009051641 -0.016513973 88.906738281
-0.027219698 0.028609764 0.999219835 34.933933258 0.009581057 0.999552310 -0.028358264 -2.510757208 -0.999583125 0.008801637 -0.027481571 88.881202698
-0.037875317 0.029852472 0.998836339 35.707958221 0.009203318 0.999522090 -0.029523961 -2.542140007 -0.999239564 0.008074338 -0.038131900 88.855155945
-0.047970269 0.030769393 0.998374581 36.467872620 0.010282402 0.999488056 -0.030309634 -2.578982592 -0.998795331 0.008811686 -0.048262026 88.812347412
-0.057485044 0.031465650 0.997850239 37.235561371 0.011205982 0.999460995 -0.030870853 -2.613691807 -0.998282969 0.009407239 -0.057806589 88.766334534
-0.067119695 0.032037269 0.997230351 37.989379883 0.012372385 0.999434650 -0.031275328 -2.645350218 -0.997667730 0.010238886 -0.067478038 88.712791443
-0.076437704 0.032473650 0.996545315 38.730255127 0.013237149 0.999414861 -0.031551812 -2.679786682 -0.996986032 0.010779629 -0.076822743 88.653411865
-0.084910944 0.032024790 0.995873630 39.456409454 0.014644536 0.999415934 -0.030890046 -2.712795019 -0.996280491 0.011961162 -0.085330233 88.586006165
-0.092209354 0.030940620 0.995258689 40.186195374 0.016328800 0.999430180 -0.029557435 -2.746742249 -0.995605350 0.013525865 -0.092661910 88.515785217
-0.097355828 0.029241351 0.994819820 40.903537750 0.019015513 0.999440908 -0.027516244 -2.781302929 -0.995067537 0.016238099 -0.097857311 88.441078186
-0.101048872 0.027539779 0.994500041 41.602172852 0.021862261 0.999437332 -0.025455099 -2.814429045 -0.994640768 0.019169765 -0.101593964 88.363616943
-0.103623070 0.026657421 0.994259179 42.314987183 0.023771720 0.999422073 -0.024318295 -2.839483261 -0.994332016 0.021115268 -0.104196742 88.286003113
-0.105499446 0.025867818 0.994082689 43.003959656 0.023748757 0.999442518 -0.023486868 -2.868307590 -0.994135201 0.021130335 -0.106054828 88.217102051
-0.106222227 0.026305441 0.993994236 43.660209656 0.024630213 0.999413431 -0.023816742 -2.896708250 -0.994036794 0.021952378 -0.106807686 88.147819519
-0.105453961 0.027312234 0.994048893 44.316436768 0.025356060 0.999372125 -0.024768559 -2.924950838 -0.994100392 0.022593172 -0.106080145 88.081504822
-0.102377713 0.029099323 0.994319737 44.942871094 0.026551662 0.999296367 -0.026511109 -2.949153185 -0.994390726 0.023686647 -0.103078179 88.018203735
-0.097176775 0.029642545 0.994825423 45.559253693 0.026796900 0.999272525 -0.027157439 -2.975792646 -0.994905829 0.024019118 -0.097900286 87.961936951
-0.089294121 0.030346330 0.995542705 46.163471222 0.026061922 0.999265313 -0.028122172 -3.003525972 -0.995663762 0.023434566 -0.090019293 87.917045593
-0.078318805 0.030335601 0.996466517 46.757072449 0.024837378 0.999286652 -0.028469287 -3.031294346 -0.996618390 0.022519892 -0.079016298 87.883911133
-0.064630590 0.030454673 0.997444272 47.313552856 0.023894822 0.999295413 -0.028962867 -3.063532352 -0.997622609 0.021961823 -0.065312691 87.858032227
-0.047561854 0.031724639 0.998364151 47.854167938 0.022803966 0.999270022 -0.030667016 -3.092807770 -0.998607457 0.021308040 -0.048250526 87.847007751
-0.026480667 0.034341384 0.999059081 48.385810852 0.021042412 0.999208033 -0.033788729 -3.119591236 -0.999427259 0.020127824 -0.027182277 87.849975586
-0.002096469 0.037220430 0.999304712 48.889221191 0.018641220 0.999135494 -0.037174985 -3.148249388 -0.999823511 0.018550284 -0.002788467 87.869094849
0.025951775 0.038877878 0.998906732 49.409366608 0.016387954 0.999093235 -0.039310861 -3.176731110 -0.999528289 0.017390188 0.025291111 87.905654907
0.058997631 0.038004678 0.997534215 49.920619965 0.013651338 0.999151468 -0.038873643 -3.208339691 -0.998164177 0.015911095 0.058428720 87.957695007
0.097007528 0.035367381 0.994654834 50.430133820 0.012359384 0.999249160 -0.036736097 -3.237206459 -0.995206237 0.015856965 0.096497506 88.027984619
0.138858855 0.031531312 0.989809871 50.929069519 0.009960549 0.999398530 -0.033234071 -3.265087843 -0.990261436 0.014473859 0.138461158 88.124557495
0.184612215 0.027158946 0.982435882 51.420894623 0.007073315 0.999556065 -0.028961346 -3.291895151 -0.982785344 0.012295663 0.184338003 88.238937378
0.232496232 0.023974217 0.972301543 51.901203156 0.002139721 0.999681652 -0.025160939 -3.316284180 -0.972594321 0.007930248 0.232370734 88.389518738
0.283823967 0.022473717 0.958612740 52.365737915 -0.002004890 0.999737561 -0.022844195 -3.338650703 -0.958873689 0.004561791 0.283794284 88.562149048
0.338098019 0.022466525 0.940842450 52.809333801 -0.003356478 0.999737978 -0.022666678 -3.354173183 -0.941104352 0.004505616 0.338084549 88.759933472
0.395691901 0.022862570 0.918098450 53.246730804 -0.002087965 0.999710441 -0.023994934 -3.373901367 -0.918380380 0.007577616 0.395624697 88.982444763
0.455345452 0.025927812 0.889936924 53.653118134 -0.001525655 0.999597669 -0.028342042 -3.395379782 -0.890312970 0.011547650 0.455201358 89.227287292
0.514667869 0.027854463 0.856936693 54.040786743 -0.000205029 0.999476671 -0.032364480 -3.424820185 -0.857389033 0.016481226 0.514403760 89.500419617
0.572443724 0.031678662 0.819331408 54.404193878 -0.004359775 0.999357402 -0.035593081 -3.444795370 -0.819931865 0.016802900 0.572213471 89.801445007
0.628023922 0.034010973 0.777450025 54.745235443 -0.007858952 0.999271333 -0.037366424 -3.465200663 -0.778153777 0.017357031 0.627833009 90.130195618
0.680835187 0.034781370 0.731609821 55.060729980 -0.009555016 0.999209166 -0.038611315 -3.480461359 -0.732373714 0.019297361 0.680628538 90.472496033
0.729273915 0.032601874 0.683444142 55.336837769 -0.009912004 0.999263287 -0.037090428 -3.499825239 -0.684149444 0.020274742 0.729059219 90.824378967
0.774267614 0.028126473 0.632232308 55.599113464 -0.011199779 0.999464929 -0.030747784 -3.523344994 -0.632758498 0.016726118 0.774167836 91.207351685
0.815202296 0.023663990 0.578691900 55.834072113 -0.012210729 0.999645591 -0.023676390 -3.534767151 -0.579046726 0.012234769 0.815201819 91.611633301
0.851196110 0.021271726 0.524415553 56.045104980 -0.014433436 0.999749720 -0.017125083 -3.545475006 -0.524648249 0.007007662 0.851289570 92.037841797
0.881939769 0.017708853 0.471028209 56.233085632 -0.014969761 0.999842763 -0.009561174 -3.558192253 -0.471123159 0.001381180 0.882065713 92.476211548
0.907079995 0.018300967 0.420559138 56.385963440 -0.018408183 0.999823868 -0.003804444 -3.572350979 -0.420554399 -0.004290810 0.907256544 92.912155151
0.926932275 0.019954640 0.374696553 56.527305603 -0.021594299 0.999767303 0.000177495 -3.586195230 -0.374605536 -0.008255848 0.927146912 93.363792419
0.941889882 0.025936460 0.334917694 56.641456604 -0.028630767 0.999585688 0.003109323 -3.596473217 -0.334698021 -0.012517599 0.942241728 93.819602966
0.953493118 0.030491123 0.299867004 56.746120453 -0.032676760 0.999463856 0.002275494 -3.598042727 -0.299636602 -0.011968359 0.953977764 94.273628235
0.962583721 0.032425109 0.269035816 56.853042603 -0.034381747 0.999405921 0.002562934 -3.598799944 -0.268792689 -0.011716968 0.963126183 94.739967346
0.968635261 0.026944494 0.247019947 56.965290070 -0.028585656 0.999587119 0.003059523 -3.604650974 -0.246835321 -0.010024800 0.969004989 95.212570190
0.972563922 0.024150839 0.231376708 57.073356628 -0.025738629 0.999661803 0.003845901 -3.612151146 -0.231205359 -0.009695716 0.972856104 95.693847656
0.975372672 0.028551176 0.218705267 57.165927887 -0.030055964 0.999542356 0.003555994 -3.615095377 -0.218503445 -0.010041828 0.975783944 96.186119080
0.977298081 0.033973068 0.209125161 57.254066467 -0.035593309 0.999358833 0.003988263 -3.612561941 -0.208855391 -0.011341188 0.977880239 96.687187195
0.978254616 0.041792892 0.203151166 57.340217590 -0.043236881 0.999061704 0.002673176 -3.613594294 -0.202848658 -0.011398679 0.979143202 97.201766968
0.978604555 0.047423013 0.200208113 57.434490204 -0.048201647 0.998837531 -0.000986341 -3.616876125 -0.200021982 -0.008685133 0.979752362 97.726806641
0.978726566 0.048682787 0.199307501 57.538387299 -0.048984669 0.998794079 -0.003418937 -3.627362967 -0.199233443 -0.006416821 0.979930460 98.253807068
0.978306234 0.047238123 0.201704308 57.653339386 -0.046792131 0.998880625 -0.006981261 -3.635880470 -0.201808155 -0.002608377 0.979421020 98.784538269
0.977630675 0.045617711 0.205320612 57.776245117 -0.043780215 0.998950541 -0.013485737 -3.641107559 -0.205720171 0.004195072 0.978601336 99.326271057
0.976722300 0.046202835 0.209471270 57.894809723 -0.043345131 0.998894453 -0.018215112 -3.648526669 -0.210081115 0.008711524 0.977644563 99.876441956
0.975543559 0.050956644 0.213816792 58.013526917 -0.048270199 0.998676598 -0.017769756 -3.660926342 -0.214439139 0.007014171 0.976711631 100.453987122
0.974107921 0.053950615 0.219550744 58.135009766 -0.052174225 0.998541832 -0.013885459 -3.671711206 -0.219979554 0.002071027 0.975501716 101.041931152
0.973222733 0.050845340 0.224168941 58.276306152 -0.050033171 0.998704612 -0.009305479 -3.684116364 -0.224351525 -0.002159595 0.974505365 101.644256592
0.972555935 0.046380252 0.227998242 58.424037933 -0.046753924 0.998899758 -0.003764751 -3.695239067 -0.227921829 -0.006998395 0.973653734 102.254325867
0.971791267 0.043782767 0.231741652 58.570949554 -0.045193288 0.998978376 0.000778722 -3.704044819 -0.231470630 -0.011229933 0.972776532 102.875442505
0.971279681 0.039120480 0.234701335 58.724502563 -0.040576857 0.999175906 0.001377456 -3.710521221 -0.234453842 -0.010861348 0.972065985 103.505325317
0.971373558 0.035704128 0.234857023 58.886516571 -0.036321130 0.999339163 -0.001699318 -3.718262196 -0.234762311 -0.006879613 0.972027838 104.145545959
0.971501648 0.034943245 0.234441236 59.044864655 -0.033851128 0.999389589 -0.008682081 -3.729234695 -0.234601319 0.000498538 0.972090840 104.795181274
0.971632302 0.037145801 0.233559638 59.198940277 -0.034518648 0.999286890 -0.015327281 -3.738759041 -0.233962238 0.006830297 0.972221017 105.449996948
0.972148836 0.040075939 0.230910793 59.348396301 -0.036651324 0.999145865 -0.019103136 -3.747105122 -0.231478959 0.010107880 0.972786725 106.117568970
0.972781539 0.038432017 0.228513524 59.510906219 -0.035986766 0.999242127 -0.014859473 -3.758098125 -0.228911251 0.006231538 0.973426700 106.812019348
0.973211467 0.034446660 0.227315307 59.671436310 -0.033660807 0.999406755 -0.007333892 -3.772510052 -0.227432892 -0.000514204 0.973792970 107.513336182
0.973784983 0.034776308 0.224794909 59.832130432 -0.035368111 0.999373734 -0.001394850 -3.788641453 -0.224702433 -0.006592299 0.974404454 108.227958679
0.974052429 0.038069699 0.223096102 59.986331940 -0.038603943 0.999253035 -0.001967577 -3.802629709 -0.223004147 -0.006695877 0.974793851 108.953849792
0.974288940 0.043937284 0.220975116 60.135406494 -0.043557916 0.999029458 -0.006591758 -3.811075449 -0.221050084 -0.003202951 0.975256562 109.684158325
0.975118220 0.044853728 0.217098981 60.291217804 -0.043310735 0.998991489 -0.011862667 -3.820700169 -0.217411950 0.002164771 0.976076901 110.424919128
0.976042509 0.043583043 0.213168859 60.451988220 -0.041403849 0.999034941 -0.014678697 -3.830145121 -0.213602722 0.005501004 0.976904511 111.175125122
0.976939917 0.041528814 0.209435359 60.610153198 -0.039652240 0.999127269 -0.013152922 -3.845067978 -0.209798634 0.004545016 0.977733433 111.942916870
0.977796912 0.037889764 0.206099123 60.772556305 -0.036376227 0.999276459 -0.011129398 -3.860679388 -0.206371516 0.003385165 0.978467226 112.724090576
0.978197217 0.036774792 0.204394579 60.931964874 -0.035821177 0.999323428 -0.008364755 -3.879010201 -0.204563737 0.000860710 0.978852212 113.512405396
0.978567839 0.033541340 0.203173071 61.097782135 -0.033000674 0.999437213 -0.006049228 -3.892030478 -0.203261450 -0.000785282 0.979123533 114.304183960
0.978795886 0.028391518 0.202859566 61.265441895 -0.027999997 0.999596596 -0.004800180 -3.903037310 -0.202913821 -0.000981685 0.979195416 115.102447510
0.978905737 0.029369570 0.202189073 61.422992706 -0.029317882 0.999565065 -0.003251069 -3.915697575 -0.202196404 -0.002745279 0.979340434 115.895675659
0.978616297 0.034932569 0.202705264 61.573436737 -0.034586489 0.999388158 -0.005250345 -3.929085493 -0.202764422 -0.001872804 0.979225039 116.702667236
0.978283942 0.040770572 0.203218520 61.731014252 -0.039860390 0.999168754 -0.008571468 -3.942924261 -0.203398824 0.000284947 0.979095221 117.513389587
0.977681279 0.049680788 0.204133689 61.886051178 -0.048621640 0.998765409 -0.010203932 -3.956984520 -0.204388380 0.000050867 0.978889167 118.338813782
0.976706326 0.055807799 0.207195073 62.040122986 -0.055035677 0.998439491 -0.009493487 -3.974498272 -0.207401320 -0.002130782 0.978252947 119.165824890
0.975922704 0.058542304 0.210112467 62.206371307 -0.058281153 0.998272717 -0.007440130 -3.996844292 -0.210184857 -0.004984613 0.977648258 119.999748230
0.975340486 0.059077747 0.212650716 62.386436462 -0.058687642 0.998243332 -0.008151928 -4.017127514 -0.212758511 -0.004529072 0.977093577 120.838684082
0.975045443 0.057567794 0.214410618 62.567169189 -0.056558363 0.998340547 -0.010844957 -4.035246372 -0.214678898 -0.001552399 0.976682723 121.657714844
0.975047886 0.051672328 0.215895981 62.755104065 -0.050804324 0.998662889 -0.009572059 -4.054366589 -0.216101676 -0.001635244 0.976368785 122.497428894
0.975350678 0.045108836 0.215999320 62.947418213 -0.043773621 0.998981416 -0.010964112 -4.077322006 -0.216273636 0.001238770 0.976331294 123.321205139
0.975105703 0.044483434 0.217231542 63.130748749 -0.043115836 0.999009252 -0.011033596 -4.100665092 -0.217506856 0.001392792 0.976057112 124.153045654
0.974542081 0.047195256 0.219179571 63.314285278 -0.046560347 0.998883009 -0.008064156 -4.118009090 -0.219315067 -0.002346225 0.975650609 125.000396729
0.974105120 0.049290631 0.220655710 63.487361908 -0.049975939 0.998747408 -0.002479170 -4.131595612 -0.220501259 -0.008612509 0.975347996 125.833694458
0.973733246 0.052717231 0.221503451 63.661743164 -0.054472912 0.998513639 0.001820459 -4.149027824 -0.221077979 -0.013838582 0.975157320 126.647323608
0.973527193 0.052104086 0.222551450 63.845756531 -0.052385401 0.998616219 -0.004643169 -4.165009975 -0.222485125 -0.007138200 0.974909365 127.478927612
0.973831415 0.048079036 0.222125918 64.031837463 -0.045017526 0.998808861 -0.018828303 -4.186487198 -0.222766280 0.008336024 0.974835575 128.285339355
