1.000000000 0.000000000 0.000000000 0.000000000 0.000000000 1.000000000 0.000000000 0.000000000 0.000000000 0.000000000 1.000000000 0.000000000
0.999990642 -0.002627616 -0.003430295 -0.000508989 0.002620387 0.999994338 -0.002110330 -0.005402524 0.003435821 0.002101321 0.999991894 0.670555055
0.999970496 -0.001407106 -0.007547147 -0.009658304 0.001380055 0.999992609 -0.003588205 -0.011486595 0.007552140 0.003577684 0.999965072 1.352370143
0.999933660 -0.001446785 -0.011425022 -0.025104526 0.001389402 0.999986410 -0.005028927 -0.016141549 0.011432143 0.005012719 0.999922037 2.055955887
0.999867916 0.000079472 -0.016251478 -0.044174805 -0.000171334 0.999984026 -0.005651181 -0.022520984 0.016250771 0.005653218 0.999851882 2.782032728
0.999782383 -0.000950504 -0.020839382 -0.058410965 0.000825907 0.999981761 -0.005986691 -0.028817335 0.020844694 0.005968177 0.999764800 3.519836426
0.999675453 0.001009266 -0.025454987 -0.080600552 -0.001191419 0.999973774 -0.007141712 -0.041195814 0.025447115 0.007169721 0.999650359 4.275485992
0.999532640 0.003698535 -0.030344952 -0.110395618 -0.003933755 0.999962628 -0.007695507 -0.050186478 0.030315360 0.007811279 0.999509752 5.035625935
0.999387741 0.003884588 -0.034771476 -0.139859796 -0.004097227 0.999973357 -0.006046147 -0.060932405 0.034747064 0.006184910 0.999376893 5.812172890
0.999225736 0.003128715 -0.039218042 -0.175366864 -0.003260919 0.999989271 -0.003307502 -0.072097868 0.039207272 0.003432828 0.999225080 6.605081081
0.999081433 0.002705042 -0.042765111 -0.211197704 -0.002735218 0.999996126 -0.000647142 -0.084085681 0.042763192 0.000763519 0.999084830 7.419428349
0.998961568 0.004497602 -0.045336403 -0.255996555 -0.004556070 0.999989033 -0.001186418 -0.095787175 0.045330565 0.001391742 0.998970926 8.232776642
0.998855174 0.003986401 -0.047667913 -0.296221793 -0.004058061 0.999990821 -0.001406655 -0.104614504 0.047661863 0.001598484 0.998862088 9.055726051
0.998776674 0.000994715 -0.049436849 -0.334904164 -0.001086744 0.999997795 -0.001834736 -0.113885060 0.049434908 0.001886216 0.998775423 9.893623352
0.998657286 0.000941061 -0.051793747 -0.375315726 -0.000989931 0.999999166 -0.000917926 -0.124700055 0.051792834 0.000967966 0.998657227 10.729898453
0.998574734 -0.000442908 -0.053368542 -0.418989450 0.000383704 0.999999404 -0.001119614 -0.135822758 0.053368997 0.001097540 0.998574138 11.575151443
0.998472989 0.001923034 -0.055208676 -0.470167011 -0.002110163 0.999992311 -0.003331402 -0.150061190 0.055201843 0.003442814 0.998469114 12.430075645
0.998387992 0.002665140 -0.056695301 -0.520790815 -0.003011225 0.999977350 -0.006019755 -0.158790439 0.056677978 0.006180771 0.998373210 13.285769463
0.998265862 0.006683796 -0.058485977 -0.578883886 -0.007142049 0.999945402 -0.007629750 -0.169653893 0.058431789 0.008034226 0.998258889 14.156684875
0.998197258 0.007692394 -0.059523918 -0.634179950 -0.008147498 0.999939322 -0.007406801 -0.182045132 0.059463333 0.007878417 0.998199224 15.043410301
0.998121560 0.007150132 -0.060845833 -0.690794051 -0.007527479 0.999953806 -0.005974722 -0.194945469 0.060800303 0.006421512 0.998129129 15.920860291
0.998020113 0.007990141 -0.062386461 -0.748924792 -0.008290838 0.999955177 -0.004562511 -0.207548842 0.062347211 0.005070711 0.998041451 16.814493179
0.997968793 0.007817474 -0.063223995 -0.811735272 -0.008118193 0.999956906 -0.004500899 -0.218745559 0.063186087 0.005005019 0.997988999 17.713373184
0.997845888 0.007700330 -0.065148525 -0.868000925 -0.008071184 0.999952674 -0.005431146 -0.230943218 0.065103613 0.005945270 0.997860610 18.624467850
0.997782350 0.006061045 -0.066285260 -0.932777047 -0.006484844 0.999959886 -0.006180268 -0.241936117 0.066245131 0.006596409 0.997781336 19.537893295
0.997732580 0.006125469 -0.067024596 -0.989895403 -0.006444288 0.999968946 -0.004541573 -0.251639605 0.066994682 0.004963199 0.997740746 20.464750290
0.997717559 0.007265008 -0.067133695 -1.053196907 -0.007348193 0.999972522 -0.000992244 -0.267715454 0.067124628 0.001483290 0.997743249 21.377281189
0.997763932 0.008212582 -0.066330597 -1.118928790 -0.008048749 0.999963880 0.002736842 -0.278832763 0.066350669 -0.002196844 0.997793674 22.305721283
0.997873962 0.006991886 -0.064797513 -1.180316091 -0.006638353 0.999961913 0.005669679 -0.286441386 0.064834684 -0.005227475 0.997882009 23.234001160
0.997965872 0.007193940 -0.063343927 -1.241565228 -0.006801627 0.999956369 0.006406868 -0.292876244 0.063387252 -0.005962992 0.997970879 24.175228119
0.998052359 0.007461710 -0.061934572 -1.302785754 -0.007242841 0.999966741 0.003757652 -0.304736346 0.061960552 -0.003301750 0.998072803 25.108442307
0.998105645 0.008391492 -0.060948692 -1.367088556 -0.008481368 0.999963284 -0.001216045 -0.309645534 0.060936254 0.001730669 0.998139799 26.027864456
0.998199046 0.007555954 -0.059511345 -1.433940530 -0.007813090 0.999961138 -0.004089267 -0.321263403 0.059478138 0.004546869 0.998218834 26.955316544
0.998253822 0.005026053 -0.058856241 -1.486933589 -0.005213012 0.999981880 -0.003023405 -0.332902312 0.058839981 0.003324943 0.998261452 27.901145935
0.998246014 0.003278795 -0.059110601 -1.545668125 -0.003158605 0.999992788 0.002126644 -0.348809272 0.059117146 -0.001936204 0.998248696 28.876234055
0.998200774 -0.000597761 -0.059955828 -1.601957917 0.000936389 0.999983788 0.005620023 -0.361261457 0.059951495 -0.005666050 0.998184741 29.839773178
0.998100400 -0.007806896 -0.061110757 -1.650998116 0.008137218 0.999953628 0.005158271 -0.374162376 0.061067645 -0.005645740 0.998117208 30.790643692
0.997998953 -0.009590826 -0.062497996 -1.710363030 0.009689447 0.999952257 0.001275064 -0.382082850 0.062482782 -0.001878080 0.998043776 31.761837006
0.997914195 -0.009327229 -0.063875429 -1.775299191 0.009173279 0.999954283 -0.002703040 -0.393192917 0.063897721 0.002111456 0.997953713 32.738754272
0.997784555 -0.008047136 -0.066037804 -1.845222950 0.007855022 0.999964178 -0.003168288 -0.408142209 0.066060923 0.002642541 0.997811615 33.716327667
0.997738063 -0.008116511 -0.066728197 -1.910468698 0.008027036 0.999966502 -0.001608909 -0.425132275 0.066739015 0.001069642 0.997769415 34.696861267
0.997661293 -0.005009710 -0.068166263 -1.982998490 0.005111170 0.999986112 0.001314086 -0.441194177 0.068158731 -0.001659420 0.997672617 35.674774170
0.997595608 -0.005341107 -0.069095664 -2.057767391 0.005532609 0.999981403 0.002580471 -0.449916452 0.069080584 -0.002956544 0.997606218 36.667106628
0.997532070 -0.004109015 -0.070090197 -2.132347107 0.004485030 0.999976456 0.005208207 -0.458988547 0.070067130 -0.005509707 0.997526586 37.643653870
0.997553647 -0.004337031 -0.069768883 -2.207389832 0.004923070 0.999954104 0.008229959 -0.464834958 0.069729961 -0.008553297 0.997528791 38.635032654
0.997507751 0.001422341 -0.070542030 -2.282242537 -0.000671106 0.999942958 0.010672046 -0.472128808 0.070553154 -0.010598102 0.997451246 39.611976624
0.997523427 0.001594990 -0.070316017 -2.368857145 -0.000905800 0.999951363 0.009832135 -0.471219838 0.070328236 -0.009744088 0.997475863 40.613231659
0.997537434 0.001671445 -0.070115350 -2.444087029 -0.001104500 0.999966502 0.008123903 -0.472607076 0.070126534 -0.008026450 0.997505367 41.599174500
0.997529924 0.003896874 -0.070133582 -2.522377968 -0.003483078 0.999975920 0.006021461 -0.479817510 0.070155315 -0.005762303 0.997519016 42.575111389
0.997475922 0.003698456 -0.070908643 -2.598018646 -0.003278568 0.999976575 0.006037036 -0.486192137 0.070929259 -0.005789315 0.997464120 43.559436798
0.997388840 0.001439418 -0.072203517 -2.672947645 -0.000897779 0.999971390 0.007533469 -0.497236788 0.072212242 -0.007448970 0.997361064 44.542144775
0.997332275 0.002075261 -0.072964929 -2.747972488 -0.001456813 0.999962687 0.008528173 -0.504884958 0.072979853 -0.008399121 0.997297645 45.526126862
0.997312844 0.004595450 -0.073114656 -2.825356245 -0.004247193 0.999979019 0.004917943 -0.514993131 0.073135667 -0.004594193 0.997310996 46.491744995
0.997245193 0.005356084 -0.073980577 -2.903119802 -0.005309280 0.999985695 0.000829319 -0.526266992 0.073983900 -0.000434250 0.997258842 47.443458557
0.997185707 0.006219396 -0.074711770 -2.979447842 -0.006269233 0.999980450 -0.000432532 -0.537386715 0.074707560 0.000899700 0.997204542 48.405040741
0.997182786 0.004852320 -0.074851200 -3.051741838 -0.004636155 0.999984741 0.003061426 -0.550969601 0.074864857 -0.002705777 0.997189462 49.378452301
0.997170508 0.003016259 -0.075111181 -3.122577429 -0.002546081 0.999976695 0.006354744 -0.565500617 0.075128540 -0.006145519 0.997154295 50.354679108
0.997130275 0.000873700 -0.075698197 -3.191903114 -0.000335654 0.999974668 0.007120223 -0.577338040 0.075702459 -0.007074377 0.997104704 51.314472198
0.997105241 -0.002014660 -0.076004937 -3.264053583 0.002473473 0.999979377 0.005942965 -0.588632286 0.075991347 -0.006113753 0.997089088 52.269393921
0.997074246 -0.004350179 -0.076312713 -3.336200953 0.004715873 0.999978364 0.004612488 -0.599573851 0.076290943 -0.004958870 0.997072577 53.211696625
0.996984065 -0.005939387 -0.077376157 -3.410040855 0.006406271 0.999962866 0.005787103 -0.608701885 0.077338852 -0.006265337 0.996984482 54.156383514
0.996876121 -0.009016583 -0.078461699 -3.481574297 0.009827225 0.999902308 0.009951692 -0.617406487 0.078364246 -0.010691657 0.996866763 55.090419769
0.996815443 -0.009600042 -0.079160556 -3.554859877 0.010827170 0.999827683 0.015087118 -0.625066400 0.079002008 -0.015896145 0.996747077 56.032123566
0.996780872 -0.007875790 -0.079783544 -3.632137060 0.009289898 0.999806106 0.017368654 -0.630528748 0.079631209 -0.018053910 0.996660233 56.971412659
0.996677458 -0.006663295 -0.081173874 -3.711932898 0.007772350 0.999880791 0.013354400 -0.633383870 0.081075124 -0.013940932 0.996609867 57.897922516
0.996570945 -0.005099933 -0.082583480 -3.790716410 0.005585941 0.999968529 0.005655090 -0.640241504 0.082551964 -0.006097000 0.996567488 58.810806274
0.996506393 -0.003494023 -0.083441600 -3.872231007 0.003577725 0.999993324 0.000853638 -0.646800816 0.083437987 -0.001149184 0.996511698 59.720954895
0.996422708 0.001211602 -0.084498681 -3.957371473 -0.001063188 0.999997914 0.001801427 -0.658824980 0.084500611 -0.001705142 0.996421337 60.622604370
0.996309400 0.003862837 -0.085745856 -4.041249752 -0.003514679 0.999985039 0.004210982 -0.673097253 0.085760765 -0.003894069 0.996307492 61.496414185
0.996220827 0.006473844 -0.086613208 -4.125180721 -0.005992323 0.999965250 0.005818340 -0.687741458 0.086647779 -0.005277332 0.996224344 62.393901825
0.996111035 0.007360008 -0.087797061 -4.202125549 -0.006899689 0.999960899 0.005545356 -0.698170662 0.087834351 -0.004918014 0.996122301 63.254020691
0.995945096 0.008933928 -0.089516632 -4.281352520 -0.008398060 0.999944568 0.006361156 -0.708303809 0.089568406 -0.005583592 0.995964348 64.107414246
0.995815575 0.009743468 -0.090863019 -4.361850739 -0.009138455 0.999933243 0.007072238 -0.720289767 0.090925775 -0.006212293 0.995837569 64.942527771
0.995696127 0.009882323 -0.092147723 -4.441980362 -0.009225696 0.999928951 0.007549102 -0.729563534 0.092215702 -0.006666480 0.995715976 65.754791260
0.995575845 0.009845114 -0.093442090 -4.518101215 -0.009071523 0.999921024 0.008700018 -0.740034461 0.093520276 -0.007813861 0.995585978 66.555519104
0.995414734 0.012662692 -0.094808929 -4.599363804 -0.011627962 0.999866724 0.011458427 -0.747684240 0.094941303 -0.010303446 0.995428801 67.343765259
0.995265841 0.014249687 -0.096137561 -4.679571152 -0.012813610 0.999797106 0.015538670 -0.753083229 0.096339405 -0.014233231 0.995246053 68.124336243
0.995050192 0.017378746 -0.097839959 -4.760908604 -0.015761752 0.999726474 0.017275760 -0.757910490 0.098113351 -0.015648112 0.995051503 68.888961792
0.994872689 0.020079669 -0.099119924 -4.843665600 -0.018852251 0.999733686 0.013304450 -0.765341222 0.099360600 -0.011367593 0.994985878 69.633117676
0.994745970 0.020271413 -0.100345284 -4.923777580 -0.019766685 0.999786437 0.006021781 -0.772440851 0.100445852 -0.004006644 0.994933724 70.361137390
0.994598985 0.019455751 -0.101950750 -4.996546268 -0.019533083 0.999809086 0.000239881 -0.777864873 0.101935878 0.001752829 0.994788706 71.058380127
0.994541407 0.020393699 -0.102327913 -5.072578907 -0.020596053 0.999787390 -0.000921202 -0.784293532 0.102287300 0.003023727 0.994749546 71.751319885
0.994402409 0.023160312 -0.103087418 -5.151402950 -0.023013934 0.999731660 0.002609305 -0.796117663 0.103120118 -0.000222249 0.994668186 72.421165466
0.994261622 0.023521269 -0.104356006 -5.226631641 -0.023131268 0.999720097 0.004946095 -0.811771870 0.104443073 -0.002503822 0.994527042 73.076087952
0.994233549 0.020351395 -0.105285622 -5.295720100 -0.020287996 0.999792635 0.001673278 -0.821835220 0.105297789 0.000472409 0.994439960 73.714965820
0.994372487 0.012338025 -0.105217822 -5.352989197 -0.012769646 0.999912381 -0.003429418 -0.833178163 0.105166249 0.004753715 0.994442642 74.328765869
0.994512498 0.008383081 -0.104279816 -5.408893108 -0.009287215 0.999923170 -0.008187679 -0.844983995 0.104203112 0.009111218 0.994513690 74.920326233
0.994811833 0.010884444 -0.101146705 -5.472814083 -0.011796162 0.999894798 -0.008420019 -0.855265260 0.101044372 0.009569478 0.994835258 75.499092102
0.995155334 0.016048023 -0.096995041 -5.537015438 -0.016657270 0.999846101 -0.005474658 -0.867558062 0.096892215 0.007063809 0.995269179 76.063835144
0.995616019 0.014675660 -0.092374571 -5.584942818 -0.014958266 0.999885142 -0.002367659 -0.879410088 0.092329174 0.003739046 0.995720863 76.619941711
0.996179044 0.011086063 -0.086626418 -5.621967793 -0.010971427 0.999938011 0.001799381 -0.890681207 0.086640954 -0.000842086 0.996238589 77.163635254
0.996892452 0.006871537 -0.078472450 -5.652093410 -0.006480830 0.999965191 0.005232527 -0.905210257 0.078505628 -0.004707695 0.996901870 77.688804626
0.997640789 0.010577502 -0.067828260 -5.685638428 -0.010261022 0.999934673 0.005012657 -0.913336456 0.067876816 -0.004304838 0.997683764 78.203903198
0.998483002 0.015795700 -0.052745130 -5.715000629 -0.015578299 0.999868274 0.004530404 -0.921155512 0.052809708 -0.003701846 0.998597085 78.704116821
0.999173045 0.021088049 -0.034761935 -5.731129169 -0.020929735 0.999768734 0.004911979 -0.926336706 0.034857452 -0.004180352 0.999382913 79.192245483
0.999725103 0.019643113 -0.012795558 -5.721676826 -0.019576538 0.999794126 0.005307972 -0.931625307 0.012897169 -0.005056013 0.999903381 79.668731689
0.999780953 0.016123498 0.013342801 -5.692468166 -0.016204946 0.999850392 0.006018349 -0.938433766 -0.013243779 -0.006233242 0.999892235 80.134109497
0.998978555 0.014966704 0.042635351 -5.648653507 -0.015294871 0.999855578 0.007381145 -0.946675479 -0.042518720 -0.008025699 0.999062836 80.586021423
0.997045040 0.014489029 0.075440168 -5.589774132 -0.015180241 0.999847591 0.008596953 -0.953588307 -0.075304091 -0.009716741 0.997112691 81.034858704
0.993478656 0.014692698 0.113066986 -5.516905308 -0.015786091 0.999836564 0.008780975 -0.956264317 -0.112919465 -0.010508588 0.993548036 81.482925415
0.987852395 0.015120247 0.154657066 -5.424161911 -0.016620567 0.999826193 0.008412411 -0.958850086 -0.154502958 -0.010880700 0.987931848 81.912193298
0.979762435 0.014807051 0.199614808 -5.308272362 -0.016763164 0.999826252 0.008112781 -0.965770900 -0.199459955 -0.011294765 0.979840279 82.332229614
0.968461633 0.017037425 0.248579204 -5.176826954 -0.019074805 0.999800980 0.005789591 -0.975811899 -0.248431042 -0.010348589 0.968593717 82.737518311
0.953236580 0.017790988 0.301700532 -5.021195889 -0.019515054 0.999805570 0.002701107 -0.986111462 -0.301593781 -0.008462490 0.953398347 83.127578735
0.933702767 0.018356515 0.357577711 -4.844539165 -0.019617377 0.999807179 -0.000101196 -0.989198625 -0.357510567 -0.006920243 0.933882833 83.496200562
0.909875214 0.018907452 0.414450437 -4.642917156 -0.019787630 0.999801457 -0.002170179 -0.997915030 -0.414409101 -0.006226393 0.910068750 83.844673157
0.881061554 0.018736316 0.472629964 -4.429594994 -0.019199522 0.999807894 -0.003843948 -1.012118578 -0.472611129 -0.005687509 0.881252050 84.170890808
0.847840428 0.017010517 0.529978096 -4.190361977 -0.016478116 0.999847412 -0.005730650 -1.028348207 -0.529994667 -0.003874357 0.847991467 84.477806091
0.811232984 0.016933041 0.584477484 -3.929058790 -0.015387025 0.999852300 -0.007610365 -1.036152482 -0.584519923 -0.002819584 0.811373830 84.771018982
0.771879971 0.015647320 0.635575354 -3.651645422 -0.014441530 0.999870300 -0.007077320 -1.046931148 -0.635603607 -0.003715834 0.772005975 85.037773132
0.729654193 0.015218854 0.683646619 -3.361178875 -0.015662260 0.999861658 -0.005541930 -1.053713560 -0.683636308 -0.006663754 0.729791701 85.286285400
0.684763551 0.014506364 0.728620648 -3.054888248 -0.014569958 0.999874234 -0.006213894 -1.054808259 -0.728619039 -0.006360918 0.684888840 85.517349243
0.638382554 0.013589796 0.769599020 -2.737437963 -0.011227489 0.999901831 -0.008343354 -1.059842229 -0.769636691 -0.003314407 0.638472617 85.725334167
0.591929138 0.011270617 0.805911005 -2.411359787 -0.005372934 0.999934852 -0.010037703 -1.066264391 -0.805971444 0.001611507 0.591951251 85.905082703
0.545389354 0.013388667 0.838075638 -2.079699993 -0.007097448 0.999910057 -0.011355297 -1.076528549 -0.838152170 0.000244865 0.545435429 86.076843262
0.498063177 0.016558629 0.866982400 -1.742927432 -0.010778100 0.999858379 -0.012904663 -1.084214807 -0.867073119 -0.002917080 0.498171270 86.240104675
0.452649117 0.018750012 0.891491413 -1.402955532 -0.011505887 0.999818206 -0.015186328 -1.095354915 -0.891613901 -0.003383315 0.452782720 86.378875732
0.410591871 0.016335862 0.911672711 -1.051132083 -0.003977010 0.999861836 -0.016124958 -1.103533745 -0.911809981 0.002995051 0.410600275 86.491172791
0.371173829 0.009140452 0.928518236 -0.686232924 0.011201216 0.999834478 -0.014320177 -1.109030962 -0.928495288 0.015715811 0.371010154 86.582992554
0.335874230 0.005689831 0.941889465 -0.323451936 0.015557423 0.999811590 -0.011587456 -1.115037680 -0.941777825 0.018545303 0.335722566 86.675270081
0.302702308 0.009831792 0.953034222 0.036856115 0.013138757 0.999808490 -0.014487462 -1.124136329 -0.952994108 0.016907075 0.302515298 86.771682739
0.271347255 0.017328069 0.962325335 0.398297310 0.002179361 0.999824047 -0.018617809 -1.142552733 -0.962478578 0.007149147 0.271261871 86.873657227
0.243064001 0.021558288 0.969770491 0.776501536 -0.002703022 0.999763846 -0.021547571 -1.164928079 -0.970005989 0.002616131 0.243065059 86.958656311
0.217494473 0.023223896 0.975785017 1.168137550 -0.001432011 0.999723136 -0.023474449 -1.183506489 -0.976060033 0.003708231 0.217467681 87.025962830
0.194199190 0.024624387 0.980652809 1.568070531 0.006065718 0.999635398 -0.026302246 -1.196375847 -0.980942845 0.011056241 0.193979189 87.079521179
0.174201205 0.031052919 0.984220147 1.976262569 0.013016584 0.999342442 -0.033833906 -1.197673798 -0.984623492 0.018705096 0.173682630 87.126296997
0.154391319 0.037809256 0.987285852 2.395078659 0.014969995 0.999062955 -0.040601287 -1.202788830 -0.987895787 0.021048157 0.153680831 87.178741455
0.136713222 0.038669720 0.989855409 2.828360081 0.012526567 0.999090075 -0.040760592 -1.219220757 -0.990530908 0.017972009 0.136104628 87.235122681
0.121243335 0.034252807 0.992031455 3.279702425 0.010463808 0.999304473 -0.035782799 -1.247158051 -0.992567122 0.014718859 0.120800808 87.286285400
0.106785372 0.031017100 0.993798018 3.747264624 0.010663217 0.999419749 -0.032338351 -1.270746231 -0.994224370 0.014050351 0.106392890 87.328208923
0.093624949 0.028563928 0.995197475 4.232734203 0.013180234 0.999464869 -0.029926369 -1.291178942 -0.995519817 0.015918795 0.093198590 87.362632751
0.082005508 0.027818372 0.996243358 4.729083061 0.016760260 0.999430120 -0.029286982 -1.310600758 -0.996490479 0.019098995 0.081492759 87.392723083
0.071993738 0.028465047 0.996998608 5.241204262 0.019981408 0.999350488 -0.029975070 -1.328222990 -0.997204423 0.022079458 0.071378432 87.417243958
0.064139806 0.029067839 0.997517288 5.763727665 0.022002494 0.999291062 -0.030534280 -1.347104192 -0.997697890 0.023906335 0.063454993 87.445396423
0.058644779 0.029473642 0.997843504 6.312517166 0.023721399 0.999240279 -0.030909045 -1.366099119 -0.997996628 0.025482902 0.057901293 87.470703125
0.053087305 0.030555518 0.998122096 6.874929905 0.024989789 0.999177694 -0.031916976 -1.385720849 -0.998276770 0.026637251 0.052280296 87.496002197
0.047108069 0.031302243 0.998399019 7.452955723 0.025504004 0.999144912 -0.032529008 -1.406452060 -0.998563766 0.026995555 0.046269674 87.523628235
0.042763140 0.031280071 0.998595178 8.048680305 0.028082239 0.999076784 -0.032497738 -1.431220770 -0.998690069 0.029432500 0.041845459 87.544921875
0.039941221 0.031307396 0.998711169 8.666609764 0.029535506 0.999034822 -0.032498755 -1.453020811 -0.998764992 0.030795485 0.038978204 87.565711975
0.036917191 0.030879520 0.998840809 9.304584503 0.030468673 0.999022543 -0.032011267 -1.477774858 -0.998853326 0.031615127 0.035940461 87.587394714
0.034613587 0.030274712 0.998941779 9.961462975 0.032699220 0.998971164 -0.031408638 -1.501841664 -0.998865306 0.033751789 0.033588227 87.606239319
0.033988014 0.029911658 0.998974204 10.629008293 0.037000582 0.998828709 -0.031166166 -1.526414990 -0.998736680 0.038021915 0.032841664 87.623237610
0.035026673 0.029606251 0.998947382 11.319507599 0.040153183 0.998711884 -0.031007182 -1.550581336 -0.998579025 0.041197013 0.033792980 87.641967773
0.037462123 0.029559013 0.998860419 12.027038574 0.041833304 0.998639405 -0.031121418 -1.574916005 -0.998421609 0.042951528 0.036174808 87.665657043
0.041384831 0.029477162 0.998708010 12.752070427 0.044249408 0.998529494 -0.031305514 -1.601047635 -0.998162508 0.045487836 0.040019836 87.693511963
0.045748118 0.029091166 0.998528957 13.488035202 0.044541866 0.998521924 -0.031131670 -1.627917171 -0.997959018 0.045900587 0.044384938 87.727912903
0.049779810 0.027406145 0.998383760 14.240637779 0.046095204 0.998494804 -0.029707519 -1.655306935 -0.997695446 0.047499567 0.048441805 87.764862061
0.053770848 0.025836069 0.998218656 14.995318413 0.045904696 0.998543978 -0.028317230 -1.684679985 -0.997497082 0.047345594 0.052506775 87.807662964
0.057945054 0.023775883 0.998036206 15.768811226 0.042776641 0.998738647 -0.026276190 -1.711256862 -0.997402430 0.044215240 0.056855127 87.858581543
0.062042221 0.022680743 0.997815371 16.562349319 0.042143110 0.998790205 -0.025323277 -1.738030434 -0.997182906 0.043622188 0.061011545 87.911315918
0.066208787 0.023706529 0.997523665 17.352474213 0.039611362 0.998866737 -0.026367581 -1.766114235 -0.997018754 0.041259069 0.065194935 87.968711853
0.069231793 0.027733739 0.997214615 18.135433197 0.037452754 0.998836100 -0.030379001 -1.799017429 -0.996896803 0.039451655 0.068112731 88.029159546
0.070591293 0.033150222 0.996953964 18.916992188 0.031497378 0.998874784 -0.035444327 -1.830624461 -0.997007430 0.033903524 0.069467932 88.092041016
0.070508659 0.036352415 0.996848166 19.717735291 0.028961750 0.998839438 -0.038473539 -1.863319874 -0.997090161 0.031583212 0.069374211 88.151496887
0.070717022 0.035823658 0.996852517 20.518358231 0.026861697 0.998923659 -0.037803665 -1.902851820 -0.997134209 0.029450538 0.069678828 88.212951660
0.070892341 0.034310717 0.996893227 21.327182770 0.024417372 0.999048591 -0.036121298 -1.940219164 -0.997184634 0.026902258 0.069987319 88.273643494
0.070681036 0.033129860 0.996948183 22.149866104 0.025427096 0.999063194 -0.035002861 -1.978226781 -0.997174382 0.027823558 0.069772638 88.337356567
0.071129404 0.032636281 0.996932566 22.955377579 0.022897491 0.999147236 -0.034342479 -2.017077684 -0.997203827 0.025270035 0.070321672 88.398635864
0.071364962 0.033027228 0.996902883 23.760499954 0.021296918 0.999172807 -0.034627005 -2.056974649 -0.997222483 0.023702133 0.070602775 88.458435059
0.071461231 0.033641756 0.996875405 24.567096710 0.018243989 0.999219239 -0.035028677 -2.099098444 -0.997276127 0.020690195 0.070791900 88.521034241
0.070366636 0.035085879 0.996903479 25.375690460 0.015675656 0.999218404 -0.036273826 -2.137452841 -0.997397542 0.018179603 0.069761872 88.583763123
0.067471318 0.034820251 0.997112930 26.189352036 0.012877488 0.999276698 -0.035767186 -2.175481319 -0.997637630 0.015253586 0.066974342 88.648712158
0.063457273 0.033711374 0.997414470 26.994039536 0.010564421 0.999350131 -0.034448922 -2.212790728 -0.997928083 0.012723158 0.063060120 88.708084106
0.058514450 0.031359799 0.997793376 27.806358337 0.008755666 0.999451399 -0.031925377 -2.249570608 -0.998247564 0.010604457 0.058207996 88.764884949
0.052315626 0.029325172 0.998199403 28.605979919 0.006576024 0.999536395 -0.029709103 -2.289993763 -0.998608410 0.008118448 0.052098751 88.806724548
0.044976123 0.029529667 0.998551011 29.408126831 0.006382314 0.999533594 -0.029846195 -2.327763081 -0.998967171 0.007715445 0.044766892 88.843544006
0.036335006 0.030548718 0.998872161 30.205568314 0.006201555 0.999505997 -0.030793693 -2.364108086 -0.999319911 0.007313462 0.036127817 88.872665405
0.026463302 0.031109497 0.999165118 31.010175705 0.007281789 0.999482572 -0.031312246 -2.396371126 -0.999622822 0.008104349 0.026223280 88.894622803
0.016133141 0.030159006 0.999414444 31.813213348 0.008845261 0.999500990 -0.030304410 -2.430948973 -0.999830246 0.009329001 0.015858524 88.910720825
0.005315276 0.029173667 0.999559820 32.613780975 0.008285533 0.999538124 -0.029217102 -2.466011286 -0.999951124 0.008437195 0.005071294 88.917098999
-0.005611890 0.028540703 0.999576449 33.390876770 0.010093334 0.999542654 -0.028483082 -2.497678041 -0.999932885 0.009929229 -0.005897208 88.906677246
-0.016678363 0.029075501 0.999437571 34.171817780 0.010758872 0.999523818 -0.028898474 -2.526268005 -0.999802649 0.010270856 -0.016983062 88.895233154
-0.027634282 0.029584996 0.999179721 34.949291229 0.010954240 0.999510288 -0.029291827 -2.564567089 -0.999557674 0.010135811 -0.027944658 88.870117188
-0.038245626 0.030762097 0.998794258 35.722778320 0.010514537 0.999482512 -0.030380677 -2.598014355 -0.999212682 0.009339946 -0.038549118 88.842086792
-0.048341528 0.031675220 0.998327971 36.481712341 0.011591807 0.999446988 -0.031149421 -2.635546684 -0.998763263 0.010066631 -0.048681803 88.799072266
-0.057855267 0.032371674 0.997799456 37.249351501 0.012523323 0.999418497 -0.031698063 -2.670890331 -0.998246074 0.010661882 -0.058226869 88.752723694
-0.067675442 0.033194348 0.997154534 38.003620148 0.013643677 0.999383211 -0.032342564 -2.696892500 -0.997613668 0.011416075 -0.068086445 88.704467773
-0.076992385 0.033631910 0.996463776 38.744491577 0.014521465 0.999362230 -0.032607730 -2.732100248 -0.996925533 0.011959585 -0.077431522 88.644622803
-0.085466504 0.033184722 0.995787740 39.471343994 0.015929732 0.999362409 -0.031936638 -2.765834093 -0.996213317 0.013133138 -0.085940495 88.576698303
-0.092753112 0.032114573 0.995170593 40.201923370 0.017739035 0.999373913 -0.030596886 -2.799435854 -0.995530725 0.014815429 -0.093264572 88.505783081
-0.097888142 0.030436348 0.994731367 40.921188354 0.020478277 0.999381781 -0.028563444 -2.834140539 -0.994986296 0.017574385 -0.098450765 88.430191040
-0.101584628 0.028642409 0.994413972 41.613792419 0.023064392 0.999384105 -0.026429418 -2.870128632 -0.994559109 0.020250754 -0.102182545 88.351493835
-0.104156561 0.027761130 0.994172871 42.326534271 0.024976319 0.999367714 -0.025289495 -2.895875931 -0.994246840 0.022196736 -0.104783937 88.273452759
-0.106032848 0.026971560 0.993996263 43.015434265 0.024955191 0.999388993 -0.024455836 -2.925376892 -0.994049013 0.022212269 -0.106641009 88.204132080
-0.106800847 0.027355932 0.993903518 43.673660278 0.025653915 0.999364018 -0.024749558 -2.956077099 -0.993949056 0.022854269 -0.107434586 88.135231018
-0.106043033 0.028292153 0.993958473 44.330417633 0.026186671 0.999327481 -0.025651185 -2.986670494 -0.994016290 0.023308359 -0.106712468 88.068572998
-0.102974400 0.030057738 0.994229257 44.957832336 0.027293496 0.999251902 -0.027382741 -3.012470961 -0.994309127 0.024316294 -0.103717618 88.004753113
-0.097791649 0.030613273 0.994735479 45.572715759 0.027491799 0.999228001 -0.028048836 -3.038982630 -0.994826734 0.024604149 -0.098557636 87.948669434
-0.089907654 0.031312898 0.995457292 46.175823212 0.026758052 0.999220371 -0.029014539 -3.067334175 -0.995590210 0.024027890 -0.090675294 87.903358459
-0.078826502 0.031288899 0.996396780 46.767795563 0.025527606 0.999242485 -0.029358739 -3.095914125 -0.996561050 0.023121398 -0.079565383 87.866867065
-0.065267727 0.031647943 0.997365355 47.329620361 0.024623314 0.999243259 -0.030096184 -3.124553680 -0.997563541 0.022594150 -0.065997466 87.842948914
-0.048199978 0.032914586 0.998294830 47.872112274 0.023507705 0.999217033 -0.031809993 -3.154872417 -0.998560667 0.021934396 -0.048935838 87.831558228
-0.027129563 0.035553403 0.998999000 48.405525208 0.021703830 0.999152243 -0.034969456 -3.181901217 -0.999395907 0.020733412 -0.027878046 87.834434509
-0.002723042 0.038427435 0.999257207 48.910137177 0.019296130 0.999076903 -0.038367927 -3.211298466 -0.999809742 0.019177333 -0.003461855 87.852714539
0.025314271 0.040056817 0.998876214 49.429718018 0.016935136 0.999035835 -0.040492415 -3.240968227 -0.999535680 0.017941153 0.024611687 87.889038086
0.058302868 0.039075509 0.997533441 49.931838989 0.014191765 0.999099731 -0.039966349 -3.275622606 -0.998197615 0.016486922 0.057696037 87.940063477
0.096240565 0.036385372 0.994692385 50.439693451 0.012787294 0.999203444 -0.037787627 -3.305889606 -0.995275497 0.016356135 0.095698863 88.010581970
0.138099536 0.032562099 0.989882469 50.939350128 0.010316987 0.999357343 -0.034313127 -3.334251642 -0.990364134 0.014951238 0.137675107 88.106933594
0.183821455 0.028137660 0.982556403 51.431625366 0.007257722 0.999523580 -0.029981382 -3.362559557 -0.982932389 0.012642348 0.183529943 88.221527100
0.231708914 0.024949515 0.972464740 51.912033081 0.002273971 0.999653876 -0.026188919 -3.387469530 -0.972782135 0.008279565 0.231572285 88.371711731
0.282993168 0.023562336 0.958832085 52.377853394 -0.001965007 0.999709785 -0.023986932 -3.409169912 -0.959119499 0.004904026 0.282957673 88.544891357
0.337226450 0.023509590 0.941129565 52.821788788 -0.003344287 0.999711156 -0.023774669 -3.425399303 -0.941417158 0.004870040 0.337208033 88.742752075
0.394611239 0.023750670 0.918540776 53.254795074 -0.002183211 0.999686718 -0.024910964 -3.449006796 -0.918845117 0.007824779 0.394539833 88.966583252
0.454454571 0.026911318 0.890362918 53.663463593 -0.001764691 0.999568164 -0.029311365 -3.470324039 -0.890767694 0.011749472 0.454306245 89.209930420
0.513770521 0.029236259 0.857428908 54.052852631 -0.000759545 0.999433637 -0.033623192 -3.499153614 -0.857926786 0.016623357 0.513502240 89.480476379
0.571793854 0.032076713 0.819769561 54.415203094 -0.004246312 0.999337077 -0.036141202 -3.526953459 -0.820385814 0.017184330 0.571551502 89.777587891
0.627435327 0.033961810 0.777927279 54.757564545 -0.007278078 0.999259889 -0.037754405 -3.549227476 -0.778634071 0.018026643 0.627218664 90.105407715
0.680290520 0.034982085 0.732106805 55.073635101 -0.009113142 0.999186218 -0.039275773 -3.562866688 -0.732885301 0.020047151 0.680056214 90.448112488
0.728825212 0.032775201 0.683914363 55.351757050 -0.009496408 0.999240816 -0.037766602 -3.582890034 -0.684633255 0.021030532 0.728583694 90.798828125
0.773912549 0.028210720 0.632663310 55.615844727 -0.010705229 0.999446690 -0.031470492 -3.606761217 -0.633201301 0.017582610 0.773786902 91.181663513
0.814999163 0.023271587 0.578994095 55.856327057 -0.011309976 0.999641061 -0.024258692 -3.620213747 -0.579351008 0.013222406 0.814970434 91.586570740
0.851017773 0.020822026 0.524723351 56.066223145 -0.013529366 0.999750614 -0.017729593 -3.631931067 -0.524961829 0.007989022 0.851087809 92.010131836
0.881803930 0.017246842 0.471300185 56.256938934 -0.014074635 0.999847710 -0.010254987 -3.643839359 -0.471405447 0.002409503 0.881912887 92.450469971
0.906982183 0.017785344 0.420792729 56.409751892 -0.017523956 0.999835730 -0.004488050 -3.659093380 -0.420803577 -0.003303382 0.907145381 92.885093689
0.926814079 0.019681988 0.375003695 56.548076630 -0.020978333 0.999779105 -0.000625742 -3.672170877 -0.374933243 -0.007287018 0.927022755 93.331413269
0.941786885 0.025662446 0.335229009 56.662380219 -0.028049679 0.999603271 0.002280606 -3.682862520 -0.335037529 -0.011550924 0.942133546 93.787178040
0.953402817 0.030217323 0.300182432 56.767196655 -0.032126736 0.999482095 0.001425858 -3.684846640 -0.299983919 -0.011003311 0.953880429 94.241165161
0.962515712 0.032025564 0.269327760 56.873390198 -0.033730760 0.999428809 0.001704569 -3.686300039 -0.269119352 -0.010725318 0.963046730 94.706008911
0.968588233 0.026467523 0.247256681 56.988395691 -0.027869688 0.999608457 0.002172087 -3.691914797 -0.247102395 -0.008994836 0.968947291 95.178039551
0.972514570 0.023736002 0.231627941 57.096244812 -0.025100332 0.999679923 0.002944417 -3.699833870 -0.231483892 -0.008677440 0.972799778 95.660469055
0.975342155 0.028018750 0.218910962 57.189285278 -0.029308582 0.999566257 0.002646163 -3.703720808 -0.218741834 -0.008996896 0.975741029 96.153335571
0.977260053 0.033524308 0.209375784 57.277355194 -0.034936953 0.999384165 0.003050979 -3.701735020 -0.209144533 -0.010296563 0.977830231 96.654136658
0.978220642 0.041349780 0.203405529 57.364761353 -0.042595766 0.999090195 0.001749605 -3.703067780 -0.203148097 -0.010375725 0.979092717 97.167488098
0.978570521 0.047015369 0.200470537 57.458530426 -0.047599100 0.998863995 -0.001910022 -3.706771612 -0.200332582 -0.007673134 0.979697585 97.690368652
0.978693128 0.048256304 0.199575141 57.562721252 -0.048363015 0.998819709 -0.004343282 -3.717828035 -0.199549168 -0.005401323 0.979872584 98.217025757
0.978262603 0.046960689 0.201980397 57.677974701 -0.046325311 0.998894691 -0.007874438 -3.728110075 -0.202126935 -0.001653541 0.979357600 98.747787476
0.977551460 0.045265123 0.205774963 57.795192719 -0.043216903 0.998960674 -0.014439813 -3.732780218 -0.206214741 0.005222704 0.978492439 99.292884827
0.976640463 0.045843355 0.209931165 57.913784027 -0.042768415 0.998900473 -0.019166345 -3.740775108 -0.210579008 0.009740207 0.977527916 99.843467712
0.975459158 0.050628308 0.214278877 58.032165527 -0.047731824 0.998684943 -0.018673368 -3.754628658 -0.214942515 0.007987188 0.976593673 100.418983459
0.974036992 0.053581346 0.219955057 58.157226562 -0.051600229 0.998558223 -0.014746591 -3.766927958 -0.220428109 0.003013990 0.975398183 101.010154724
0.973142684 0.050351359 0.224626958 58.298034668 -0.049317110 0.998730183 -0.010216318 -3.778666973 -0.224856153 -0.001136024 0.974390924 101.614524841
0.972477257 0.045857046 0.228438765 58.446529388 -0.046007480 0.998929441 -0.004669731 -3.790386200 -0.228408381 -0.005968696 0.973546743 102.222457886
0.971710145 0.043247614 0.232181758 58.593841553 -0.044433974 0.999011576 -0.000120392 -3.799603939 -0.231957510 -0.010199785 0.972672045 102.844451904
0.971191585 0.038618952 0.235148579 58.747398376 -0.039848108 0.999204874 0.000475754 -3.806375265 -0.234943271 -0.009832287 0.971958935 103.474372864
0.971284032 0.035198711 0.235303476 58.909748077 -0.035586149 0.999362409 -0.002601050 -3.814744949 -0.235245049 -0.005847197 0.971918046 104.114509583
0.971411824 0.034444299 0.234887362 59.068763733 -0.033118278 0.999404609 -0.009588985 -3.826097012 -0.235077843 0.001535782 0.971974909 104.765289307
0.971537590 0.036734559 0.234018520 59.223148346 -0.033872668 0.999293387 -0.016238268 -3.835896730 -0.234449700 0.007849256 0.972096205 105.420585632
0.972056210 0.039666280 0.231371507 59.372917175 -0.036007702 0.999150217 -0.020015802 -3.844872952 -0.231968880 0.011125330 0.972659230 106.088081360
0.972684503 0.038099043 0.228982210 59.535926819 -0.035424933 0.999246895 -0.015778935 -3.856223345 -0.229410961 0.007236242 0.973302424 106.783683777
0.973113596 0.034123700 0.227782652 59.696727753 -0.033113804 0.999416590 -0.008254934 -3.871303082 -0.227931485 0.000490229 0.973676741 107.485214233
0.973688900 0.034452360 0.225260720 59.857769012 -0.034825586 0.999389768 -0.002317671 -3.888097048 -0.225203156 -0.005588163 0.974295497 108.199737549
0.973956943 0.037762281 0.223565251 60.011943817 -0.038079947 0.999269545 -0.002891786 -3.902859926 -0.223511189 -0.005696894 0.974684417 108.924507141
0.974192441 0.043657221 0.221455693 60.161098480 -0.043069430 0.999043047 -0.007484863 -3.912405491 -0.221570596 -0.002246285 0.975141406 109.654548645
0.975022793 0.044585399 0.217582539 60.317306519 -0.042834837 0.998999655 -0.012757873 -3.922679663 -0.217933774 0.003119096 0.975958228 110.395309448
0.975947857 0.043322392 0.213654712 60.478321075 -0.040937800 0.999039173 -0.015574863 -3.932857513 -0.214124262 0.006453696 0.976784766 111.145149231
0.976845801 0.041281309 0.209922850 60.636829376 -0.039203845 0.999131322 -0.014049814 -3.948485374 -0.210320577 0.005494713 0.977616668 111.912902832
0.977704287 0.037641659 0.206583917 60.799701691 -0.035931390 0.999280751 -0.012025877 -3.964892387 -0.206888080 0.004334897 0.978354692 112.693786621
0.978103876 0.036537822 0.204883650 60.959487915 -0.035390213 0.999329448 -0.009264086 -3.983870745 -0.205084831 0.001810351 0.978742242 113.482948303
0.978485286 0.033276517 0.203614518 61.127498627 -0.032547258 0.999445021 -0.006930128 -3.998107910 -0.203732207 0.000153920 0.979026318 114.267753601
0.978708565 0.028149217 0.203314647 61.294616699 -0.027557353 0.999602556 -0.005742114 -4.008367062 -0.203395575 0.000017028 0.979096293 115.066047668
0.978819072 0.029126458 0.202643827 61.452537537 -0.028875934 0.999573052 -0.004193315 -4.021791935 -0.202679560 -0.001747050 0.979243219 115.859191895
0.978527069 0.034704585 0.203174740 61.603260040 -0.034150530 0.999396145 -0.006233304 -4.034954071 -0.203268483 -0.000839083 0.979122400 116.670417786
0.978197873 0.040577393 0.203671530 61.762439728 -0.039466109 0.999174476 -0.009516655 -4.051515102 -0.203889668 0.001271036 0.978992760 117.482933044
0.977602959 0.049435541 0.204568788 61.918663025 -0.048176672 0.998775661 -0.011132671 -4.066305161 -0.204868793 0.001027874 0.978788614 118.305999756
0.976628244 0.055561665 0.207629710 62.073104858 -0.054587923 0.998453438 -0.010420837 -4.084608078 -0.207887709 -0.001156807 0.978151739 119.132926941
0.975844502 0.058290616 0.210546196 62.239624023 -0.057826813 0.998290420 -0.008364113 -4.107834339 -0.210673928 -0.004013160 0.977547824 119.966369629
0.975263953 0.058804270 0.213078022 62.420738220 -0.058206968 0.998262107 -0.009081000 -4.128708363 -0.213241830 -0.003546270 0.976992667 120.807220459
0.974969625 0.057270534 0.214835510 62.601936340 -0.056050386 0.998357415 -0.011772149 -4.147662640 -0.215156928 -0.000564141 0.976579010 121.626373291
0.974979341 0.051338583 0.216286138 62.791217804 -0.050258201 0.998679936 -0.010496057 -4.167526722 -0.216539592 -0.000636728 0.976273358 122.462707520
0.975284755 0.044760473 0.216370553 62.984390259 -0.043213699 0.998994112 -0.011877005 -4.191594124 -0.216684625 0.002233278 0.976238787 123.283370972
0.975043356 0.044093374 0.217591852 63.169342041 -0.042510357 0.999023378 -0.011953189 -4.215562344 -0.217906505 0.002404959 0.975966334 124.118591309
0.974465609 0.046821371 0.219600528 63.350547791 -0.045971073 0.998901248 -0.008983315 -4.234192371 -0.219779953 -0.001341354 0.975548267 124.970649719
0.974030435 0.048906729 0.221071720 63.523815155 -0.049380857 0.998773158 -0.003384942 -4.249086380 -0.220966145 -0.007619694 0.975251436 125.804115295
0.973658502 0.052321047 0.221926451 63.698070526 -0.053864334 0.998546720 0.000903072 -4.267188549 -0.221556783 -0.012833228 0.975062728 126.616432190
0.973446906 0.051736686 0.222989053 63.881557465 -0.051804096 0.998640716 -0.005551224 -4.284221172 -0.222973257 -0.006147943 0.974804938 127.446052551
0.973746419 0.047731392 0.222574443 64.067909241 -0.044449776 0.998815596 -0.019733123 -4.306478024 -0.223252818 0.009321670 0.974715769 128.252380371
