1.000000000 0.000000000 0.000000000 0.000000000 0.000000000 1.000000000 0.000000000 0.000000000 0.000000000 0.000000000 1.000000000 0.000000000
0.999991000 -0.002581414 -0.003375449 -0.001093569 0.002574262 0.999994457 -0.002121507 -0.005085159 0.003380906 0.002112798 0.999992073 0.671490312
0.999971092 -0.001338373 -0.007483798 -0.010459082 0.001311371 0.999992609 -0.003611823 -0.010853849 0.007488577 0.003601904 0.999965489 1.354799628
0.999934673 -0.001331319 -0.011352701 -0.026127359 0.001273916 0.999986291 -0.005062018 -0.015572559 0.011359286 0.005047225 0.999922752 2.060907364
0.999869704 0.000092988 -0.016142584 -0.046304472 -0.000183498 0.999984205 -0.005605538 -0.023274226 0.016141810 0.005607769 0.999853969 2.787949800
0.999784589 -0.000948237 -0.020733824 -0.060354088 0.000825253 0.999981940 -0.005939334 -0.029562829 0.020739086 0.005920944 0.999767363 3.525547981
0.999680758 0.000846158 -0.025252637 -0.086249158 -0.001026925 0.999973834 -0.007146255 -0.039473221 0.025245935 0.007169907 0.999655485 4.278442383
0.999538302 0.003668771 -0.030162772 -0.115949400 -0.003903906 0.999962270 -0.007740345 -0.048469111 0.030133244 0.007854524 0.999514997 5.036270618
0.999395549 0.003853880 -0.034551803 -0.146069571 -0.004067674 0.999972820 -0.006119491 -0.058748707 0.034527291 0.006256337 0.999384105 5.809527397
0.999230146 0.003138294 -0.039106578 -0.177823305 -0.003275463 0.999988496 -0.003443982 -0.068121687 0.039095327 0.003569422 0.999229074 6.606538773
0.999080777 0.002646517 -0.042785887 -0.209133238 -0.002681272 0.999995947 -0.000754911 -0.081672311 0.042783722 0.000868937 0.999083936 7.423206806
0.998961031 0.004442365 -0.045355968 -0.253964067 -0.004505687 0.999988854 -0.001293962 -0.093462914 0.045349721 0.001496976 0.998969972 8.236562729
0.998855948 0.003854138 -0.047664918 -0.294907182 -0.003926698 0.999991119 -0.001428732 -0.105152339 0.047658995 0.001614262 0.998862267 9.059412003
0.998773217 0.000820966 -0.049511030 -0.332183510 -0.000923050 0.999997318 -0.002038977 -0.111207999 0.049509235 0.002082176 0.998771369 9.897750854
0.998655796 0.000865908 -0.051824521 -0.373168111 -0.000924788 0.999998808 -0.001112165 -0.122416332 0.051823504 0.001158596 0.998655498 10.730284691
0.998573065 -0.000516388 -0.053399365 -0.416868359 0.000446886 0.999998868 -0.001313457 -0.133726701 0.053399988 0.001287718 0.998572290 11.575407982
0.998473287 0.001886019 -0.055204071 -0.468601674 -0.002085009 0.999991357 -0.003547221 -0.147850871 0.055196907 0.003656906 0.998468697 12.430204391
0.998386562 0.002474769 -0.056727599 -0.519142568 -0.002834668 0.999976158 -0.006264734 -0.156198114 0.056710746 0.006415430 0.998369932 13.287082672
0.998266876 0.006544363 -0.058483265 -0.577722907 -0.007021348 0.999943554 -0.007954156 -0.166339740 0.058427911 0.008351002 0.998256564 14.158598900
0.998205602 0.007603031 -0.059394758 -0.636027455 -0.008077089 0.999937177 -0.007745450 -0.179703996 0.059332144 0.008211289 0.998204410 15.043191910
0.998128057 0.007056656 -0.060750540 -0.691535473 -0.007454309 0.999952078 -0.006321505 -0.192193791 0.060703021 0.006762523 0.998132885 15.921099663
0.998029947 0.007872368 -0.062242836 -0.751520395 -0.008195530 0.999954045 -0.004938329 -0.203584105 0.062201105 0.005438711 0.998048723 16.812349319
0.997971117 0.007645058 -0.063207492 -0.811421573 -0.007961010 0.999956846 -0.004748278 -0.219502717 0.063168474 0.005241838 0.997988999 17.717273712
0.997850418 0.007471724 -0.065105125 -0.869242907 -0.007858588 0.999952734 -0.005688040 -0.231382608 0.065059558 0.006187446 0.997862041 18.623233795
0.997784853 0.005817957 -0.066267826 -0.928190589 -0.006260317 0.999959290 -0.006469599 -0.244454980 0.066227496 0.006870125 0.997780681 19.515808105
0.997735083 0.005886617 -0.067006402 -0.985324204 -0.006224411 0.999968767 -0.004833523 -0.254355192 0.066975862 0.005239650 0.997740626 20.442949295
0.997721076 0.007081391 -0.067099147 -1.048613667 -0.007179918 0.999973238 -0.001227297 -0.273247033 0.067088664 0.001706266 0.997745335 21.351493835
0.997768641 0.008019395 -0.066282034 -1.115212202 -0.007871509 0.999965727 0.002492058 -0.284214735 0.066299736 -0.001964759 0.997797549 22.281753540
0.997877479 0.006798161 -0.064762414 -1.176175356 -0.006459909 0.999964237 0.005430959 -0.292347640 0.064797014 -0.005001074 0.997885644 23.211683273
0.997970700 0.006978091 -0.063290410 -1.239642024 -0.006603312 0.999959290 0.006128849 -0.297768742 0.063330591 -0.005698487 0.997976065 24.155838013
0.998059571 0.007347977 -0.061829805 -1.301361918 -0.007147482 0.999968290 0.003463275 -0.309681475 0.061853278 -0.003014629 0.998080373 25.089527130
0.998108804 0.008240104 -0.060917124 -1.363716125 -0.008338727 0.999964118 -0.001364886 -0.320211232 0.060903680 0.001870274 0.998141527 26.016067505
0.998192668 0.007535933 -0.059620451 -1.425151706 -0.007805058 0.999960184 -0.004282345 -0.332498252 0.059585795 0.004739944 0.998211503 26.943052292
0.998243272 0.004866915 -0.059049133 -1.477932215 -0.005069210 0.999981582 -0.003276521 -0.342967659 0.059032086 0.003570096 0.998249292 27.888631821
0.998230636 0.003198901 -0.059375834 -1.534085274 -0.003089052 0.999993145 0.001941804 -0.362500221 0.059381623 -0.001754954 0.998233378 28.869243622
0.998177409 -0.000645834 -0.060345627 -1.585644603 0.000973569 0.999984682 0.005401774 -0.374500394 0.060341202 -0.005450678 0.998162508 29.835660934
0.998068452 -0.008033854 -0.061602913 -1.633700371 0.008356306 0.999952435 0.004978620 -0.388025552 0.061559968 -0.005483775 0.998087883 30.786399841
0.997961044 -0.010099860 -0.063022695 -1.694180250 0.010189371 0.999947250 0.001099168 -0.394733101 0.063008256 -0.001739088 0.998011053 31.758884430
0.997874260 -0.009813596 -0.064427257 -1.759035826 0.009644705 0.999948919 -0.002931820 -0.404457420 0.064452730 0.002304205 0.997917652 32.739021301
0.997744322 -0.008353600 -0.066608332 -1.829607487 0.008143228 0.999960661 -0.003429134 -0.419482887 0.066634357 0.002878991 0.997772872 33.716213226
0.997698903 -0.008687388 -0.067242540 -1.895809412 0.008582231 0.999961138 -0.001852472 -0.436215758 0.067256011 0.001271118 0.997734487 34.710071564
0.997627378 -0.005613219 -0.068617031 -1.971295595 0.005700236 0.999982834 0.001072512 -0.452651501 0.068609826 -0.001461100 0.997642040 35.691066742
0.997564495 -0.005742918 -0.069514528 -2.047019958 0.005921011 0.999979377 0.002356259 -0.463027894 0.069499560 -0.002762116 0.997577667 36.686519623
0.997501910 -0.004425698 -0.070501715 -2.122099161 0.004789118 0.999975801 0.004986632 -0.472615033 0.070477925 -0.005311815 0.997498691 37.662456512
0.997524142 -0.004622062 -0.070174120 -2.198199987 0.005197166 0.999954104 0.008015107 -0.479447722 0.070133835 -0.008359968 0.997502029 38.653774261
0.997479379 0.001131569 -0.070949122 -2.273416519 -0.000390545 0.999944985 0.010457489 -0.486975521 0.070957035 -0.010403418 0.997424603 39.630607605
0.997489035 0.001125955 -0.070813559 -2.359722614 -0.000440487 0.999952674 0.009694821 -0.486640781 0.070821114 -0.009639283 0.997441947 40.632930756
0.997503936 0.001097213 -0.070604056 -2.435613632 -0.000533051 0.999967515 0.008008899 -0.488076508 0.070610546 -0.007951271 0.997471750 41.618865967
0.997499228 0.003332207 -0.070600182 -2.515074253 -0.002922747 0.999978065 0.005902245 -0.495480776 0.070618294 -0.005681138 0.997486711 42.596305847
0.997439623 0.003141104 -0.071446285 -2.588971853 -0.002722265 0.999978364 0.005958961 -0.501825809 0.071463443 -0.005749208 0.997426152 43.587219238
0.997336984 0.001009617 -0.072926171 -2.656136036 -0.000479247 0.999973118 0.007289884 -0.506498635 0.072931565 -0.007235520 0.997310221 44.563171387
0.997281015 0.001655111 -0.073675379 -2.732259512 -0.001047664 0.999964952 0.008282851 -0.514190495 0.073686495 -0.008183142 0.997247398 45.545772552
0.997262537 0.004175345 -0.073824555 -2.810306311 -0.003840832 0.999981523 0.004672612 -0.524547875 0.073842689 -0.004376274 0.997259796 46.511238098
0.997197032 0.004864522 -0.074662521 -2.890750170 -0.004835663 0.999987960 0.000567323 -0.535263598 0.074664377 -0.000204692 0.997208178 47.465293884
0.997133076 0.006150586 -0.075417660 -2.967020273 -0.006218296 0.999980271 -0.000662980 -0.550233960 0.075412087 0.001130046 0.997151256 48.425926208
0.997133553 0.004856780 -0.075504959 -3.042425394 -0.004654134 0.999984860 0.002859643 -0.566144168 0.075517692 -0.002500037 0.997140765 49.396663666
0.997133017 0.003060919 -0.075606115 -3.115434647 -0.002608566 0.999977887 0.006081084 -0.580948532 0.075623050 -0.005866426 0.997118652 50.366516113
0.997093558 0.000970206 -0.076179564 -3.186022043 -0.000454075 0.999976575 0.006792258 -0.592212856 0.076184362 -0.006737926 0.997070432 51.327453613
0.997080445 -0.001867002 -0.076333947 -3.262190819 0.002300396 0.999981463 0.005590126 -0.603002906 0.076322086 -0.005749403 0.997066081 52.275215149
0.997039855 -0.004306240 -0.076764069 -3.332291126 0.004649295 0.999979734 0.004290852 -0.615007222 0.076744027 -0.004635049 0.997039497 53.223415375
0.996949255 -0.005879555 -0.077828735 -3.406472445 0.006324363 0.999964833 0.005470033 -0.624680340 0.077793822 -0.005945562 0.996951163 54.166915894
0.996841073 -0.008941782 -0.078915343 -3.479520321 0.009730705 0.999906182 0.009618255 -0.633416891 0.078821920 -0.010355772 0.996834338 55.113487244
0.996778965 -0.009649867 -0.079613365 -3.553755283 0.010858051 0.999831975 0.014756771 -0.641435027 0.079457581 -0.015573682 0.996716022 56.060260773
0.996745527 -0.007871458 -0.080225557 -3.632008553 0.009267677 0.999811590 0.017046245 -0.647418618 0.080076262 -0.017734269 0.996630430 57.001075745
0.996641457 -0.006657216 -0.081616335 -3.712185144 0.007746127 0.999884963 0.013032511 -0.650644779 0.081520177 -0.013620947 0.996578097 57.927242279
0.996535420 -0.005167417 -0.083006918 -3.792859316 0.005626573 0.999969959 0.005298616 -0.655021667 0.082977027 -0.005747301 0.996534407 58.850349426
0.996470630 -0.003559506 -0.083864436 -3.874735832 0.003613964 0.999993205 0.000497613 -0.661942005 0.083862074 -0.000798938 0.996476591 59.760330200
0.996386766 0.001254435 -0.084920794 -3.960401058 -0.001138708 0.999998152 0.001411250 -0.674296379 0.084922396 -0.001309450 0.996386290 60.661628723
0.996273577 0.003906333 -0.086158432 -4.044820786 -0.003590677 0.999986053 0.003818397 -0.688808978 0.086172134 -0.003494800 0.996273696 61.535854340
0.996183932 0.006498411 -0.087034166 -4.129171371 -0.006050209 0.999966860 0.005412590 -0.703426957 0.087066434 -0.004865359 0.996190190 62.434604645
0.996076345 0.007433537 -0.088182680 -4.205938339 -0.007003138 0.999961853 0.005189204 -0.715706885 0.088217862 -0.004551287 0.996090353 63.289054871
0.995909810 0.008948728 -0.089905500 -4.285845280 -0.008444224 0.999946237 0.005990345 -0.725449443 0.089954242 -0.005206661 0.995931864 64.145111084
0.995780706 0.009745754 -0.091242522 -4.366208553 -0.009170379 0.999935210 0.006723183 -0.739104271 0.091302097 -0.005858088 0.995805562 64.975730896
0.995657325 0.009813082 -0.092571929 -4.445743561 -0.009191875 0.999932170 0.007134580 -0.745728433 0.092635624 -0.006252687 0.995680034 65.796661377
0.995540559 0.009676719 -0.093833543 -4.522924423 -0.008941699 0.999925852 0.008250592 -0.754578292 0.093906395 -0.007374768 0.995553315 66.594223022
0.995379746 0.012440780 -0.095203280 -4.605804443 -0.011448571 0.999874294 0.010961227 -0.761245191 0.095327646 -0.009820643 0.995397031 67.380676270
0.995233774 0.014106197 -0.096488550 -4.687964439 -0.012708636 0.999805391 0.015083551 -0.768447638 0.096682519 -0.013785424 0.995219350 68.163948059
0.995018721 0.017280802 -0.098174989 -4.768614292 -0.015702289 0.999734998 0.016828660 -0.773932815 0.098439768 -0.015203262 0.995026410 68.927253723
0.994841576 0.019992596 -0.099447258 -4.851409435 -0.018804274 0.999740303 0.012872428 -0.782127976 0.099678770 -0.010935994 0.994959116 69.669952393
0.994711459 0.020219244 -0.100695193 -4.930888653 -0.019756408 0.999789178 0.005591650 -0.790290117 0.100787014 -0.003572705 0.994901121 70.394569397
0.994560659 0.019405607 -0.102331311 -5.001475811 -0.019525571 0.999809325 -0.000170663 -0.796256959 0.102308467 0.002167809 0.994749904 71.094505310
0.994506061 0.020376563 -0.102673039 -5.080615997 -0.020626420 0.999786317 -0.001372280 -0.802484930 0.102623120 0.003482516 0.994713783 71.786643982
0.994360685 0.023247544 -0.103467688 -5.157042503 -0.023141105 0.999729693 0.002229183 -0.817859054 0.103491530 0.000177742 0.994629920 72.448699951
0.994218588 0.023614211 -0.104742497 -5.232501984 -0.023263184 0.999718904 0.004571930 -0.833873272 0.104821004 -0.002108856 0.994488418 73.103019714
0.994191587 0.020427104 -0.105664581 -5.301525593 -0.020403309 0.999790967 0.001306270 -0.844569623 0.105669156 0.000857222 0.994400501 73.739997864
0.994327307 0.012394186 -0.105635248 -5.358117104 -0.012864125 0.999910116 -0.003768510 -0.857465923 0.105579033 0.005106034 0.994397342 74.350860596
0.994465411 0.008421076 -0.104723267 -5.414646626 -0.009366116 0.999919653 -0.008535697 -0.869694710 0.104642965 0.009469302 0.994464278 74.942535400
0.994767308 0.010994348 -0.101569451 -5.479142666 -0.011948169 0.999889910 -0.008787276 -0.880727947 0.101461656 0.009954860 0.994789124 75.521591187
0.995112002 0.016158981 -0.097417638 -5.543584824 -0.016807737 0.999841571 -0.005842553 -0.893228471 0.097307794 0.007451361 0.995225906 76.086303711
0.995574832 0.014788034 -0.092797011 -5.591749191 -0.015107049 0.999881983 -0.002736254 -0.905286729 0.092745602 0.004126031 0.995680749 76.642379761
0.996140957 0.011193149 -0.087047145 -5.628864765 -0.011110853 0.999937057 0.001429827 -0.916904867 0.087057680 -0.000457146 0.996202648 77.185134888
0.996858299 0.006978335 -0.078892961 -5.659272194 -0.006615304 0.999966025 0.004861933 -0.931599081 0.078924224 -0.004324762 0.996870756 77.710250854
0.997610807 0.010678614 -0.068248883 -5.693030834 -0.010385962 0.999935031 0.004641347 -0.939917684 0.068294019 -0.003921432 0.997657061 78.225341797
0.998458683 0.015909942 -0.053164110 -5.722673416 -0.015710838 0.999867618 0.004160862 -0.948042274 0.053223282 -0.003319201 0.998576641 78.724746704
0.999155700 0.021201883 -0.035182077 -5.738968849 -0.021055043 0.999767721 0.004538907 -0.953338385 0.035270147 -0.003794318 0.999370158 79.212844849
0.999717236 0.019752318 -0.013216278 -5.729704380 -0.019688621 0.999793708 0.004932356 -0.958813965 0.013310982 -0.004670755 0.999900103 79.689369202
0.999784768 0.016217913 0.012912761 -5.700580597 -0.016291875 0.999851048 0.005643598 -0.965836883 -0.012819312 -0.005852760 0.999900341 80.154762268
0.998994887 0.015061484 0.042209938 -5.656981468 -0.015370239 0.999857068 0.006999834 -0.974155903 -0.042098485 -0.007641579 0.999083936 80.607025146
0.997074902 0.014606452 0.075016938 -5.598332405 -0.015265853 0.999849379 0.008224162 -0.981102407 -0.074885532 -0.009345309 0.997147977 81.057647705
0.993524492 0.014810457 0.112645283 -5.525654316 -0.015857557 0.999838650 0.008405218 -0.983950377 -0.112502649 -0.010137073 0.993599355 81.505744934
0.987938404 0.015205372 0.154096767 -5.430241108 -0.016641507 0.999828994 0.008034024 -0.986546576 -0.153948292 -0.010501529 0.988022685 81.936676025
0.979873717 0.014850602 0.199063450 -5.314550400 -0.016733611 0.999829412 0.007780241 -0.994138896 -0.198913991 -0.010954710 0.979955316 82.357109070
0.968599677 0.017066468 0.248037711 -5.183161736 -0.019013021 0.999804080 0.005454355 -1.004307032 -0.247896060 -0.009999037 0.968734622 82.762779236
0.953405499 0.017816795 0.301164120 -5.027725697 -0.019433195 0.999808013 0.002371938 -1.014769197 -0.301064104 -0.008114004 0.953568995 83.152877808
0.934072971 0.017898187 0.356632531 -4.847284317 -0.019197756 0.999815345 0.000104373 -1.024425745 -0.356564879 -0.006944038 0.934244394 83.518646240
0.910246313 0.018473281 0.413654238 -4.647345543 -0.019432988 0.999809027 -0.001887921 -1.033532739 -0.413610160 -0.006320067 0.910431743 83.867774963
0.881431401 0.018371919 0.471953988 -4.437062263 -0.019039204 0.999812722 -0.003362038 -1.049789310 -0.471927434 -0.006022224 0.881616414 84.192337036
0.848253369 0.016644714 0.529328346 -4.198059559 -0.016350079 0.999852240 -0.005239177 -1.065823555 -0.529337406 -0.004210413 0.848400533 84.499443054
0.811738193 0.016534369 0.583786786 -3.937319279 -0.015307227 0.999857783 -0.007034340 -1.074069738 -0.583820224 -0.003226117 0.811876118 84.791313171
0.772434592 0.015238228 0.634910882 -3.660265684 -0.014395270 0.999875069 -0.006484245 -1.084770799 -0.634930491 -0.004131061 0.772557735 85.057929993
0.730228364 0.014777642 0.683042765 -3.371538162 -0.015726946 0.999864459 -0.004818696 -1.092826128 -0.683021486 -0.007223434 0.730361998 85.305480957
0.685237110 0.013925189 0.728186369 -3.068053961 -0.014895925 0.999875784 -0.005103388 -1.097741961 -0.728167176 -0.007349986 0.685359597 85.536903381
0.638970494 0.013005430 0.769120812 -2.750569820 -0.011548761 0.999906301 -0.007313405 -1.101623297 -0.769144058 -0.004209349 0.639060974 85.743247986
0.592545629 0.010694088 0.805465460 -2.423940659 -0.005727464 0.999942243 -0.009062693 -1.107305408 -0.805516005 0.000756779 0.592572749 85.923637390
0.546032548 0.012812091 0.837665498 -2.092365980 -0.007500303 0.999917448 -0.010404659 -1.117195725 -0.837729812 -0.000601468 0.546083748 86.095672607
0.498730332 0.015986230 0.866609275 -1.755671859 -0.011233863 0.999864876 -0.011979332 -1.124532104 -0.866683841 -0.003760920 0.498842716 86.259223938
0.453305870 0.018162400 0.891169488 -1.416215897 -0.012029747 0.999825716 -0.014257758 -1.135700941 -0.891273320 -0.004257424 0.453445524 86.398529053
0.411262512 0.015755055 0.911380351 -1.064208508 -0.004601666 0.999873459 -0.015208326 -1.143647075 -0.911504805 0.002060742 0.411283135 86.511230469
0.371855825 0.008624238 0.928250015 -0.699578643 0.010643009 0.999851167 -0.013553053 -1.146901608 -0.928229034 0.014919152 0.371708870 86.603187561
0.336646408 0.005154363 0.941616654 -0.336876094 0.015000657 0.999828458 -0.010836042 -1.152703404 -0.941511154 0.017772783 0.336511523 86.694938660
0.303475261 0.009262682 0.952793956 0.020778716 0.012279766 0.999831378 -0.013631203 -1.162992477 -0.952759743 0.015836820 0.303310543 86.790344238
0.272393167 0.016791331 0.962039173 0.386790216 0.002322424 0.999833047 -0.018108560 -1.177382588 -0.962182760 0.007166910 0.272308916 86.893615723
0.244066164 0.021031000 0.969530165 0.763007045 -0.002802355 0.999775708 -0.020981632 -1.200286865 -0.969754100 0.002403938 0.244070575 86.979171753
0.218507081 0.022694269 0.975571096 1.154620409 -0.001540284 0.999736130 -0.022911420 -1.218640804 -0.975833774 0.003503651 0.218484566 87.046836853
0.195192337 0.024103900 0.980468392 1.553778529 0.005811516 0.999651790 -0.025732469 -1.231500030 -0.980747402 0.010720791 0.194984481 87.101081848
0.175183550 0.030536322 0.984061778 1.962355018 0.012699835 0.999365449 -0.033272050 -1.232475877 -0.984453499 0.018326141 0.174684763 87.148811340
0.155375957 0.037290357 0.987150967 2.381103754 0.014641816 0.999090314 -0.040045977 -1.237363696 -0.987746537 0.020675870 0.154688820 87.201675415
0.137674674 0.038162302 0.989741683 2.815726280 0.012251743 0.999115169 -0.040227965 -1.253132343 -0.990401387 0.017664438 0.137085497 87.259986877
0.122160234 0.033739261 0.991936386 3.268659353 0.010039983 0.999328613 -0.035227157 -1.281816363 -0.992459238 0.014262386 0.121739663 87.312637329
0.107706383 0.030502837 0.993714333 3.735861540 0.010231159 0.999441981 -0.031787589 -1.305157065 -0.994129717 0.013590577 0.107334390 87.354820251
0.094460338 0.028046610 0.995133102 4.222330093 0.012752546 0.999486685 -0.029379815 -1.325648308 -0.995446563 0.015465708 0.094054371 87.393539429
0.082840495 0.027297698 0.996188521 4.718659878 0.016330590 0.999453068 -0.028745167 -1.344819903 -0.996428668 0.018649612 0.082349584 87.424049377
0.072827704 0.027941890 0.996952653 5.230768681 0.019546345 0.999375165 -0.029437654 -1.362171888 -0.997152627 0.021630658 0.072236225 87.449012756
0.065016769 0.028550258 0.997475326 5.754371643 0.021607058 0.999315679 -0.030011317 -1.380417466 -0.997649908 0.023503743 0.064355567 87.476341248
0.059521165 0.028954683 0.997806668 6.303147316 0.023323104 0.999265730 -0.030388296 -1.399128795 -0.997954190 0.025080692 0.058802322 87.502143860
0.053960416 0.030036753 0.998090863 6.865004063 0.024587937 0.999204159 -0.031399570 -1.419014573 -0.998239994 0.026235327 0.053179096 87.527526855
0.047958270 0.030809062 0.998373747 7.443120480 0.024990048 0.999173999 -0.032034192 -1.438289285 -0.998536408 0.026485709 0.047148898 87.556137085
0.043614160 0.030781174 0.998573840 8.038563728 0.027547047 0.999107897 -0.032000795 -1.462871313 -0.998668313 0.028903443 0.042727474 87.578033447
0.040794753 0.030761309 0.998693585 8.658472061 0.029001324 0.999068141 -0.031957496 -1.486400127 -0.998746336 0.030267129 0.039864771 87.599304199
0.037779637 0.030336665 0.998825192 9.296479225 0.029942660 0.999055624 -0.031476222 -1.510619640 -0.998837113 0.031096639 0.036835756 87.621223450
0.035474893 0.029730005 0.998927891 9.953352928 0.032172009 0.999005139 -0.030874828 -1.534337163 -0.998852313 0.033232797 0.034483284 87.640655518
0.034836911 0.029372057 0.998960972 10.620496750 0.036431488 0.998866081 -0.030639751 -1.558046699 -0.998728454 0.037461031 0.033727501 87.658576965
0.035876993 0.029061973 0.998933196 11.310606956 0.039599460 0.998750448 -0.030478884 -1.581864476 -0.998571038 0.040650710 0.034681484 87.677841187
0.038311448 0.029013243 0.998844206 12.018129349 0.041280914 0.998678923 -0.030591801 -1.605825067 -0.998412490 0.042405225 0.037063301 87.702156067
0.042237721 0.028938591 0.998688042 12.742358208 0.043701518 0.998570025 -0.030783445 -1.631609321 -0.998151004 0.044944413 0.040912822 87.730613708
0.046599608 0.028551480 0.998505175 13.478363991 0.044007715 0.998562038 -0.030606912 -1.657917142 -0.997943401 0.045368209 0.045276273 87.765571594
0.050629288 0.026866645 0.998355746 14.231267929 0.045563538 0.998534918 -0.029182108 -1.684839129 -0.997677267 0.046966098 0.049331136 87.803215027
0.054794945 0.025287388 0.998176992 14.976306915 0.045501608 0.998577297 -0.027795332 -1.712443471 -0.997460008 0.046941709 0.053566534 87.839241028
0.058970608 0.023230394 0.997988999 15.749759674 0.042375680 0.998769581 -0.025752507 -1.738611460 -0.997359574 0.043809105 0.057913810 87.890983582
0.063068449 0.022131879 0.997763395 16.542793274 0.041748580 0.998820245 -0.024794230 -1.765066266 -0.997135222 0.043218937 0.062070236 87.944480896
0.067225695 0.023163525 0.997468472 17.333976746 0.039199747 0.998897016 -0.025838606 -1.792754292 -0.996967077 0.040837530 0.066243708 88.003189087
0.070322238 0.027189588 0.997153342 18.116859436 0.037085801 0.998865843 -0.029851675 -1.825032234 -0.996834338 0.039079465 0.069234297 88.061737061
0.071627997 0.032639418 0.996896863 18.896312714 0.031101495 0.998905063 -0.034939829 -1.855156779 -0.996946037 0.033507649 0.070534602 88.127365112
0.071583688 0.035748642 0.996793389 19.694818497 0.028476436 0.998876572 -0.037868351 -1.891505122 -0.997027636 0.031095875 0.070485450 88.185966492
0.071880765 0.035316758 0.996787429 20.494575500 0.026446901 0.998953700 -0.037300654 -1.928582191 -0.997062206 0.029043131 0.070871718 88.246215820
0.072058156 0.033808675 0.996826887 21.303689957 0.024003474 0.999076724 -0.035620123 -1.965504408 -0.997111261 0.026494021 0.071180284 88.307876587
0.071884185 0.032613426 0.996879280 22.124118805 0.024939224 0.999093652 -0.034484211 -2.003453970 -0.997100830 0.027340259 0.071005873 88.370117188
0.072333805 0.032122914 0.996862710 22.929573059 0.022409821 0.999176145 -0.033823550 -2.041883230 -0.997128367 0.024786094 0.071554542 88.432395935
0.072521269 0.032534335 0.996835768 23.737344742 0.020792855 0.999200881 -0.034124233 -2.081043243 -0.997149825 0.023201788 0.071787030 88.495010376
0.072619028 0.033152364 0.996808290 24.543886185 0.017739940 0.999245942 -0.034525815 -2.122757435 -0.997201741 0.020190543 0.071976341 88.558578491
0.071454495 0.034576543 0.996844113 25.351871490 0.015063143 0.999247193 -0.035739634 -2.161421776 -0.997329831 0.017569354 0.070880070 88.623558044
0.068567276 0.034328267 0.997055471 26.164669037 0.012371638 0.999301314 -0.035256390 -2.198696613 -0.997569442 0.014752632 0.068094872 88.689430237
0.064538337 0.033245996 0.997361004 26.970691681 0.010089513 0.999371648 -0.033965904 -2.234938145 -0.997863829 0.012254977 0.064162560 88.750549316
0.059664860 0.030904222 0.997739732 27.778747559 0.008500291 0.999468267 -0.031466082 -2.270734787 -0.998181880 0.010358483 0.059370648 88.806236267
0.053467426 0.028872434 0.998151839 28.578338623 0.006317797 0.999551713 -0.029251352 -2.310791016 -0.998549223 0.007870098 0.053261250 88.849014282
0.046131399 0.029078491 0.998511791 29.380661011 0.006124951 0.999548733 -0.029391669 -2.348156452 -0.998916268 0.007471697 0.045932680 88.886779785
0.037538216 0.030106882 0.998841286 30.178634644 0.005947463 0.999521136 -0.030350896 -2.384316206 -0.999277174 0.007079872 0.037341379 88.916717529
0.027698511 0.030663993 0.999145627 30.981575012 0.007070862 0.999497831 -0.030870833 -2.416378975 -0.999590993 0.007919880 0.027467974 88.938636780
0.017370924 0.029714661 0.999407172 31.785011292 0.008643181 0.999515951 -0.029868132 -2.450555563 -0.999811351 0.009156878 0.017105874 88.955680847
0.006539176 0.028764240 0.999564588 32.585136414 0.008108065 0.999551296 -0.028816910 -2.484343052 -0.999945343 0.008292957 0.006303203 88.963493347
-0.004368142 0.028267683 0.999590576 33.366561890 0.010037585 0.999550760 -0.028222702 -2.511847496 -0.999939680 0.009910179 -0.004649740 88.953186035
-0.015425569 0.028852649 0.999464393 34.147747040 0.010715530 0.999530435 -0.028689183 -2.539731741 -0.999823153 0.010267229 -0.015727323 88.942642212
-0.026424607 0.029362705 0.999219239 34.930721283 0.010937099 0.999516726 -0.029082218 -2.577065945 -0.999590516 0.010160060 -0.026732808 88.919715881
-0.037051462 0.030527007 0.998846769 35.704963684 0.010544684 0.999489129 -0.030155499 -2.610172033 -0.999257207 0.009415204 -0.037354261 88.892669678
-0.047204681 0.031378880 0.998392045 36.469394684 0.011476828 0.999457061 -0.030869730 -2.648111105 -0.998818755 0.010001165 -0.047539014 88.852005005
-0.056722514 0.032074213 0.997874379 37.237266541 0.012400334 0.999428928 -0.031419311 -2.683241606 -0.998312414 0.010591782 -0.057087682 88.806602478
-0.066330500 0.032731768 0.997260451 37.989677429 0.013564087 0.999398589 -0.031899773 -2.713200331 -0.997704923 0.011410988 -0.066734411 88.753822327
-0.075661883 0.033132344 0.996582687 38.730789185 0.014444998 0.999378920 -0.032128636 -2.748850584 -0.997028291 0.011964710 -0.076093309 88.695259094
-0.084137633 0.032683585 0.995917737 39.457748413 0.015849194 0.999378979 -0.031458206 -2.782235384 -0.996327519 0.013137662 -0.084603213 88.628311157
-0.091374852 0.031641725 0.995313525 40.191257477 0.017649641 0.999389112 -0.030150976 -2.815661907 -0.995659649 0.014811873 -0.091877311 88.556869507
-0.096520714 0.029938772 0.994880378 40.908287048 0.020337611 0.999397695 -0.028101623 -2.850668192 -0.995122671 0.017521091 -0.097071283 88.482765198
-0.100175828 0.028306250 0.994566798 41.605834961 0.023443371 0.999384403 -0.026082089 -2.881953955 -0.994693041 0.020703195 -0.100777589 88.405120850
-0.102756336 0.027414810 0.994328439 42.318470001 0.025322543 0.999367774 -0.024936870 -2.907592535 -0.994383693 0.022616496 -0.103385411 88.328262329
-0.104632899 0.026625212 0.994154155 43.007476807 0.025300751 0.999388814 -0.024102559 -2.936850309 -0.994188488 0.022630919 -0.105242416 88.259902954
-0.105444804 0.026989944 0.994058490 43.665737152 0.025908170 0.999366403 -0.024385860 -2.967773676 -0.994087040 0.023182869 -0.106077082 88.193634033
-0.104702920 0.027936585 0.994110763 44.324802399 0.026437553 0.999329865 -0.025298774 -2.997953653 -0.994151533 0.023632996 -0.105371162 88.127853394
-0.101596214 0.029682273 0.994382560 44.951004028 0.027558530 0.999254763 -0.027012058 -3.024368286 -0.994443417 0.024659393 -0.102338329 88.063362122
-0.096394137 0.030225771 0.994883895 45.567546844 0.027799763 0.999230266 -0.027664308 -3.051308155 -0.994954407 0.024990857 -0.097160034 88.007537842
-0.088554718 0.030952748 0.995589972 46.170372009 0.027151104 0.999220312 -0.028650610 -3.078379631 -0.995700657 0.024494218 -0.089325905 87.964485168
-0.077558987 0.030966213 0.996506453 46.763069153 0.026000300 0.999240041 -0.029027537 -3.105999231 -0.996648073 0.023658119 -0.078305006 87.931358337
-0.063967973 0.031175831 0.997464538 47.322372437 0.024923254 0.999249756 -0.029633285 -3.136716127 -0.997640073 0.022964479 -0.064696811 87.907531738
-0.046905026 0.032440286 0.998372138 47.863655090 0.023785152 0.999225080 -0.031350542 -3.166557789 -0.998615563 0.022275934 -0.047640100 87.897186279
-0.025822150 0.035041802 0.999051869 48.396152496 0.021923035 0.999164581 -0.034479119 -3.194046259 -0.999425590 0.021011924 -0.026568623 87.900032043
-0.001389427 0.037984278 0.999277055 48.901573181 0.019608971 0.999086857 -0.037949786 -3.222293377 -0.999806225 0.019542068 -0.002132811 87.918601990
0.026753442 0.039692201 0.998853385 49.421489716 0.017456604 0.999040127 -0.040167179 -3.250338316 -0.999489069 0.018511202 0.026035056 87.954223633
0.059728272 0.038812362 0.997459471 49.932807922 0.014725808 0.999100447 -0.039757997 -3.282392979 -0.998105526 0.017063076 0.059103191 88.007057190
0.097733714 0.036181986 0.994554281 50.445320129 0.013271465 0.999202311 -0.037655249 -3.311472893 -0.995123565 0.016879380 0.097175762 88.078392029
0.139577091 0.032357521 0.989681959 50.945323944 0.010857463 0.999355555 -0.034205042 -3.339645147 -0.990151167 0.015519676 0.139136016 88.175575256
0.185249507 0.027903795 0.982294858 51.437740326 0.007738031 0.999524057 -0.029852521 -3.368365288 -0.982660532 0.013131191 0.184945643 88.290946960
0.233134717 0.024830485 0.972126961 51.917133331 0.002745071 0.999652803 -0.026191883 -3.391920805 -0.972440064 0.008774789 0.232985869 88.441474915
0.284408510 0.023488805 0.958414972 52.383361816 -0.001440040 0.999708772 -0.024073502 -3.413641453 -0.958701551 0.005466547 0.284359783 88.615318298
0.338568181 0.023414545 0.940650046 52.827133179 -0.002799321 0.999710619 -0.023877112 -3.430135489 -0.940937102 0.005450844 0.338536054 88.814414978
0.396143556 0.023789210 0.917879939 53.262920380 -0.001630466 0.999680579 -0.025205597 -3.451080084 -0.918186605 0.008488458 0.396056116 89.036712646
0.455684900 0.026939731 0.889732957 53.669425964 -0.001227221 0.999559581 -0.029636577 -3.472649574 -0.890139759 0.012413038 0.455517650 89.282806396
0.515065372 0.029400570 0.856646061 54.058662415 -0.000319725 0.999417663 -0.034108333 -3.500487089 -0.857150257 0.017294129 0.514775217 89.552589417
0.572965801 0.032286663 0.818942606 54.420402527 -0.003874839 0.999318838 -0.036686972 -3.528217316 -0.819569468 0.017847110 0.572701037 89.851104736
0.628660679 0.034449048 0.776915908 54.761535645 -0.007334379 0.999236166 -0.038372111 -3.550237417 -0.777644455 0.018424843 0.628433526 90.176681519
0.681377709 0.035121977 0.731088340 55.073944092 -0.009017574 0.999174654 -0.039596606 -3.566628933 -0.731875658 0.020387603 0.681132436 90.517776489
0.729883432 0.032703687 0.682788372 55.350460052 -0.009232916 0.999235034 -0.037990864 -3.588098526 -0.683508515 0.021424776 0.729627490 90.866043091
0.774842739 0.028589979 0.631506622 55.613113403 -0.010796282 0.999429107 -0.032000046 -3.609156847 -0.632061005 0.017977081 0.774709582 91.249839783
0.815914631 0.023114078 0.577709556 55.855587006 -0.011011492 0.999640107 -0.024443643 -3.625310659 -0.578066647 0.013582479 0.815876007 91.656280518
0.851831675 0.020796597 0.523401916 56.066467285 -0.013356186 0.999748528 -0.017986465 -3.636303186 -0.523644388 0.008330783 0.851895750 92.084472656
0.882495165 0.017602103 0.469991267 56.254802704 -0.014177537 0.999840438 -0.010825075 -3.645585537 -0.470106781 0.002889750 0.882604301 92.525070190
0.907563031 0.018253671 0.419518054 56.402790070 -0.017743740 0.999828994 -0.005117754 -3.661310673 -0.419539690 -0.002799145 0.907732248 92.956161499
0.927345276 0.019982576 0.373671949 56.543106079 -0.021057721 0.999777079 -0.001205197 -3.675576687 -0.373612642 -0.006751056 0.927559853 93.407791138
0.942256451 0.025983438 0.333881527 56.656841278 -0.028167045 0.999601305 0.001699701 -3.686459064 -0.333704114 -0.011006021 0.942613244 93.864013672
0.953817546 0.030601025 0.298822552 56.761753082 -0.032340925 0.999476075 0.000877946 -3.689113379 -0.298638970 -0.010501608 0.954307973 94.323387146
0.962885797 0.032408848 0.267954946 56.867282867 -0.033962458 0.999422014 0.001163837 -3.690819025 -0.267762184 -0.010221061 0.963430405 94.788375854
0.968920529 0.026860829 0.245907992 56.979709625 -0.028128542 0.999602556 0.001643591 -3.696833134 -0.245765954 -0.008509555 0.969291449 95.259635925
0.972826242 0.024128897 0.230274200 57.086883545 -0.025367683 0.999674916 0.002420158 -3.705009460 -0.230140761 -0.008195929 0.973122478 95.742210388
0.975632429 0.028441774 0.217558891 57.178985596 -0.029611651 0.999558866 0.002118333 -3.708663225 -0.217402473 -0.008509004 0.976044536 96.234962463
0.977548957 0.033828743 0.207973659 57.265174866 -0.035126802 0.999379218 0.002550439 -3.707125425 -0.207758084 -0.009798638 0.978130698 96.733718872
0.978500545 0.041571263 0.202009708 57.349380493 -0.042704009 0.999086559 0.001250441 -3.709749699 -0.201773003 -0.009850189 0.979382277 97.246025085
0.978846788 0.047218110 0.199069977 57.442474365 -0.047693532 0.998858690 -0.002409030 -3.713695288 -0.198956326 -0.007136283 0.979981899 97.769004822
0.978967667 0.048491765 0.198167279 57.545730591 -0.048492279 0.998811364 -0.004853275 -3.724944830 -0.198166862 -0.004858387 0.980155766 98.295249939
0.978542328 0.047093771 0.200590432 57.659103394 -0.046344351 0.998889506 -0.008432963 -3.733944178 -0.200764611 -0.001044225 0.979638457 98.825279236
0.977838814 0.045369454 0.204382837 57.775634766 -0.043214217 0.998952806 -0.014998378 -3.738918066 -0.204849094 0.005833749 0.978775740 99.370574951
0.976945043 0.045881640 0.208501071 57.894153595 -0.042694092 0.998892188 -0.019765060 -3.746247292 -0.209176764 0.010407612 0.977822006 99.919311523
0.975765765 0.050661493 0.212871045 58.011451721 -0.047637600 0.998677492 -0.019313861 -3.759142637 -0.213567823 0.008705137 0.976889014 100.495109558
0.974348485 0.053571854 0.218574077 58.132225037 -0.051452015 0.998556495 -0.015383055 -3.771306515 -0.219082490 0.003742376 0.975698769 101.082366943
0.973464012 0.050329830 0.223235965 58.272182465 -0.049151525 0.998732090 -0.010835097 -3.783608437 -0.223498061 -0.000424818 0.974703908 101.687103271
0.972807944 0.045829471 0.227032706 58.422035217 -0.045825627 0.998934925 -0.005290569 -3.796085119 -0.227033198 -0.005257219 0.973872423 102.301322937
0.972043991 0.043236401 0.230782554 58.568557739 -0.044259503 0.999019206 -0.000744513 -3.805731297 -0.230588257 -0.009490635 0.973004699 102.923698425
0.971528828 0.038613223 0.233752668 58.721168518 -0.039677680 0.999211907 -0.000148849 -3.812900066 -0.233574077 -0.009130166 0.972295702 103.553825378
0.971619785 0.035194777 0.233914182 58.882537842 -0.035423961 0.999366522 -0.003222866 -3.821699858 -0.233879328 -0.005154781 0.972251475 104.194374084
0.971746087 0.034433957 0.233502343 59.040542603 -0.032960571 0.999403834 -0.010210320 -3.833530903 -0.233714625 0.002225457 0.972302198 104.845169067
0.971866608 0.036584891 0.232672140 59.190639496 -0.033587378 0.999293327 -0.016833123 -3.845642090 -0.233123481 0.008544695 0.972409070 105.500823975
0.972376466 0.039601356 0.230033129 59.339565277 -0.035814375 0.999145091 -0.020616416 -3.854677677 -0.230652824 0.011808417 0.972963929 106.169654846
0.973006487 0.037960928 0.227633283 59.501449585 -0.035153799 0.999247015 -0.016374944 -3.866751909 -0.228083432 0.007930741 0.973608732 106.864227295
0.973431468 0.034013808 0.226437196 59.660839081 -0.032864511 0.999419928 -0.008844588 -3.882778645 -0.226606637 0.001167838 0.973985076 107.565727234
0.974003196 0.034350876 0.223913774 59.820892334 -0.034577958 0.999396980 -0.002907990 -3.900005817 -0.223878577 -0.004910107 0.974604070 108.280464172
0.974271178 0.037756018 0.222193092 59.976329803 -0.037922408 0.999273717 -0.003519027 -3.913111448 -0.222164512 -0.004997628 0.974995792 109.006057739
0.974508166 0.043613162 0.220071003 60.124603271 -0.042872213 0.999046564 -0.008144083 -3.922807932 -0.220216304 -0.001498471 0.975449264 109.736099243
0.975334048 0.044524629 0.216195837 60.279731750 -0.042630825 0.998999953 -0.013417608 -3.933615446 -0.216576993 0.003870030 0.976257205 110.476989746
0.976252019 0.043230917 0.212279573 60.438499451 -0.040712316 0.999038339 -0.016223371 -3.945202827 -0.212776735 0.007195694 0.977073729 111.226768494
0.977144420 0.041191179 0.208546400 60.595924377 -0.038980879 0.999130964 -0.014699193 -3.961341143 -0.208970606 0.006233900 0.977901399 111.994728088
0.977998316 0.037547480 0.205204740 60.757869720 -0.035704736 0.999281049 -0.012676817 -3.978210449 -0.205533177 0.005071112 0.978636324 112.776260376
0.978397131 0.036431566 0.203498036 60.916584015 -0.035149354 0.999331951 -0.009912770 -3.997795105 -0.203723237 0.002545787 0.979024529 113.564712524
0.978760779 0.033307303 0.202281281 61.083297729 -0.032429244 0.999443769 -0.007654398 -4.010942459 -0.202423736 0.000931980 0.979296863 114.356163025
0.978982568 0.028203329 0.201983616 61.250186920 -0.027477268 0.999601007 -0.006398280 -4.023682594 -0.202083483 0.000713831 0.979367316 115.157455444
0.979092121 0.029180093 0.201312527 61.407054901 -0.028793335 0.999572694 -0.004849840 -4.037622452 -0.201368019 -0.001048034 0.979514360 115.950874329
0.978802681 0.034749385 0.201834813 61.556728363 -0.034075521 0.999395132 -0.006813441 -4.052805901 -0.201949477 -0.000208625 0.979395211 116.758583069
0.978473008 0.040579211 0.202344984 61.713653564 -0.039342657 0.999173462 -0.010131137 -4.067969322 -0.202588856 0.001952243 0.979261220 117.569511414
0.977875531 0.049463727 0.203254268 61.868152618 -0.048079371 0.998773515 -0.011746172 -4.083625793 -0.203585982 0.001713947 0.979054868 118.394599915
0.976919115 0.055458169 0.206283659 62.022613525 -0.054346208 0.998459995 -0.011057389 -4.101410389 -0.206579193 -0.000408569 0.978429139 119.220581055
0.976138890 0.058207177 0.209199190 62.188095093 -0.057598937 0.998298228 -0.009003884 -4.125071049 -0.209367275 -0.003260619 0.977830946 120.054634094
0.975560009 0.058757208 0.211730078 62.367446899 -0.058013540 0.998267412 -0.009728226 -4.146165848 -0.211934865 -0.002792753 0.977279067 120.892364502
0.975263178 0.057262577 0.213499472 62.547840118 -0.055893432 0.998358130 -0.012448698 -4.164503574 -0.213861808 0.000207531 0.976863146 121.717201233
0.975246489 0.051339377 0.215076283 62.731338501 -0.050103780 0.998680234 -0.011196597 -4.184271812 -0.215367302 0.000143300 0.976532340 122.564201355
0.975551128 0.044750929 0.215166345 62.923339844 -0.043050744 0.998992622 -0.012584141 -4.208652973 -0.215512782 0.003013396 0.976495624 123.386291504
0.975311756 0.044095751 0.216383368 63.106281281 -0.042360783 0.999021232 -0.012651895 -4.233374596 -0.216729522 0.003173367 0.976225793 124.217849731
0.974737287 0.046807069 0.218392879 63.286140442 -0.045799725 0.998902738 -0.009675420 -4.252416134 -0.218606174 -0.000571349 0.975812256 125.069801331
0.974308372 0.048855204 0.219853520 63.458629608 -0.049160376 0.998781443 -0.004086109 -4.267292976 -0.219785318 -0.006826962 0.975523651 125.903419495
0.973938823 0.052266829 0.220704690 63.632194519 -0.053633347 0.998559594 0.000199437 -4.285878181 -0.220376432 -0.012031385 0.975340009 126.716598511
0.973735988 0.051615417 0.221750230 63.815700531 -0.051511057 0.998651743 -0.006257886 -4.303426266 -0.221774340 -0.005329069 0.975082755 127.548538208
0.974034607 0.047591016 0.221338496 64.001014709 -0.044157006 0.998814464 -0.020440049 -4.326272011 -0.222048923 0.010135673 0.974982142 128.355041504
