1.000000000 0.000000000 0.000000000 0.000000000 0.000000000 1.000000000 0.000000000 0.000000000 0.000000000 0.000000000 1.000000000 0.000000000
0.999990940 -0.002566421 -0.003389670 -0.000641896 0.002559280 0.999994516 -0.002109251 -0.005393847 0.003395064 0.002100557 0.999992013 0.670326889
0.999970913 -0.001349921 -0.007507909 -0.009719703 0.001323036 0.999992669 -0.003584712 -0.011529421 0.007512693 0.003574674 0.999965370 1.351897478
0.999934375 -0.001342901 -0.011376794 -0.025404980 0.001285686 0.999986410 -0.005034953 -0.016229106 0.011383401 0.005019996 0.999922574 2.058004856
0.999868751 0.000235748 -0.016200030 -0.044165276 -0.000326921 0.999984026 -0.005625522 -0.022138432 0.016198445 0.005630080 0.999852896 2.785689831
0.999783516 -0.000803234 -0.020790642 -0.058261905 0.000679478 0.999981940 -0.005958856 -0.028435022 0.020795053 0.005943439 0.999766052 3.523321152
0.999679148 0.000981042 -0.025310311 -0.084339157 -0.001162801 0.999973595 -0.007167534 -0.038309395 0.025302611 0.007194665 0.999653876 4.276731014
0.999537349 0.003658155 -0.030195490 -0.113857195 -0.003892338 0.999962747 -0.007700450 -0.047678538 0.030166196 0.007814418 0.999514282 5.034776211
0.999393165 0.003848003 -0.034620699 -0.143297926 -0.004060041 0.999973416 -0.006056399 -0.058280714 0.034596473 0.006193284 0.999382079 5.811840534
0.999231517 0.003110714 -0.039073709 -0.178301275 -0.003243547 0.999989212 -0.003336627 -0.068632320 0.039062906 0.003460800 0.999230623 6.603986263
0.999091268 0.002570225 -0.042544417 -0.216832966 -0.002597924 0.999996483 -0.000595788 -0.083159417 0.042542737 0.000705774 0.999094248 7.412229061
0.998971999 0.004304115 -0.045126747 -0.261098176 -0.004359743 0.999989927 -0.001134361 -0.094801106 0.045121405 0.001329936 0.998980522 8.225055695
0.998865783 0.003794282 -0.047462512 -0.301165879 -0.003863020 0.999991715 -0.001356623 -0.103531614 0.047456961 0.001538433 0.998871982 9.048191071
0.998783886 0.000725966 -0.049296234 -0.338353038 -0.000819032 0.999998033 -0.001867735 -0.110871777 0.049294773 0.001905840 0.998782337 9.885086060
0.998664856 0.000727269 -0.051651582 -0.378181368 -0.000778943 0.999999344 -0.000980315 -0.121284433 0.051650826 0.001019241 0.998664558 10.721078873
0.998582184 -0.000654789 -0.053226862 -0.421730787 0.000592749 0.999999285 -0.001181367 -0.132500440 0.053227585 0.001148143 0.998581648 11.566127777
0.998483121 0.001749083 -0.055029783 -0.473331392 -0.001940087 0.999992430 -0.003417687 -0.146448493 0.055023376 0.003519266 0.998478770 12.421279907
0.998399675 0.002390534 -0.056499980 -0.524271488 -0.002734068 0.999978364 -0.006003728 -0.159081474 0.056484398 0.006148594 0.998384476 13.276344299
0.998280466 0.006519148 -0.058253255 -0.583097994 -0.006977608 0.999946356 -0.007670172 -0.169673175 0.058200117 0.008063450 0.998272300 14.149860382
0.998215258 0.007457735 -0.059248567 -0.640795112 -0.007914100 0.999940872 -0.007471610 -0.181705028 0.059189331 0.007927174 0.998215199 15.039308548
0.998135388 0.006959613 -0.060638357 -0.693359613 -0.007340217 0.999954820 -0.006056109 -0.193342164 0.060593460 0.006489915 0.998141348 15.909573555
0.998034418 0.007793750 -0.062179472 -0.751385093 -0.008098277 0.999956548 -0.004647026 -0.205919862 0.062140543 0.005141438 0.998054087 16.803707123
0.997980535 0.007645212 -0.063055798 -0.812995851 -0.007940470 0.999958754 -0.004433230 -0.222471744 0.063019298 0.004924970 0.998000085 17.711652756
0.997863770 0.007624583 -0.064879492 -0.870029330 -0.007992221 0.999953508 -0.005408823 -0.235059381 0.064835228 0.005915799 0.997878373 18.611808777
0.997794688 0.005812587 -0.066117764 -0.929088354 -0.006229252 0.999962091 -0.006097460 -0.248600796 0.066079810 0.006495877 0.997793138 19.505954742
0.997754514 0.005800457 -0.066722371 -0.992491245 -0.006111325 0.999971509 -0.004455957 -0.258937836 0.066694617 0.004853713 0.997761548 20.440357208
0.997743070 0.007056166 -0.066772282 -1.056280613 -0.007138224 0.999974132 -0.000990405 -0.273885667 0.066763565 0.001464806 0.997767627 21.348161697
0.997789145 0.007999369 -0.065972842 -1.121631026 -0.007835731 0.999965668 0.002738780 -0.284999311 0.065992482 -0.002215778 0.997817516 22.276624680
0.997891963 0.006910172 -0.064524516 -1.177729964 -0.006558055 0.999962568 0.005667315 -0.292619973 0.064561270 -0.005232212 0.997899830 23.194112778
0.997985542 0.007010371 -0.063049868 -1.240905046 -0.006622088 0.999957979 0.006365230 -0.297433108 0.063091844 -0.005934885 0.997989893 24.139795303
0.998074472 0.007391586 -0.061581548 -1.302492738 -0.007177390 0.999967575 0.003698752 -0.309105724 0.061606891 -0.003249635 0.998094976 25.073623657
0.998141646 0.008337232 -0.060360067 -1.374477386 -0.008414243 0.999964237 -0.001021772 -0.323110372 0.060349386 0.001527758 0.998175919 26.002225876
0.998218715 0.007622568 -0.059167396 -1.432446003 -0.007866411 0.999961674 -0.003889377 -0.337765843 0.059135478 0.004347884 0.998240232 26.938684464
0.998269737 0.005051138 -0.058578704 -1.484064579 -0.005229093 0.999982357 -0.002884974 -0.348223418 0.058563095 0.003186295 0.998278379 27.881538391
0.998269141 0.003266854 -0.058714662 -1.549961448 -0.003140821 0.999992728 0.002238662 -0.366018593 0.058721542 -0.002050374 0.998272061 28.864421844
0.998223901 -0.000445833 -0.059566330 -1.602254272 0.000787921 0.999983490 0.005719555 -0.378701091 0.059562795 -0.005756330 0.998207688 29.821338654
0.998125494 -0.007651677 -0.060714442 -1.650937676 0.007985295 0.999954462 0.005254028 -0.391473293 0.060671475 -0.005729002 0.998141050 30.772445679
0.998020649 -0.009691004 -0.062130835 -1.710832953 0.009795197 0.999951243 0.001372513 -0.397847474 0.062114503 -0.001978381 0.998066783 31.745605469
0.997934461 -0.009452573 -0.063535705 -1.774339437 0.009305581 0.999953449 -0.002609154 -0.408440828 0.063557409 0.002012526 0.997975826 32.722843170
0.997805297 -0.007932058 -0.065734863 -1.844002604 0.007743247 0.999965310 -0.003126642 -0.422991067 0.065757386 0.002610777 0.997831881 33.700050354
0.997765541 -0.008016019 -0.066325530 -1.911072493 0.007931845 0.999967515 -0.001532399 -0.440395355 0.066335663 0.001002889 0.997796535 34.683826447
0.997685254 -0.005082283 -0.067806125 -1.982938290 0.005190965 0.999985635 0.001426707 -0.456667960 0.067797899 -0.001775385 0.997697175 35.666656494
0.997617006 -0.005047906 -0.068806015 -2.052455664 0.005249288 0.999982536 0.002746269 -0.468306720 0.068790950 -0.003100908 0.997625947 36.648235321
0.997550786 -0.003769085 -0.069839932 -2.125277758 0.004151237 0.999977291 0.005327472 -0.476294309 0.069818273 -0.005604347 0.997543633 37.624778748
0.997580349 -0.004149814 -0.069394626 -2.206218481 0.004737244 0.999954402 0.008302615 -0.479801118 0.069357008 -0.008611266 0.997554362 38.617427826
0.997533500 0.001602219 -0.070168510 -2.280678988 -0.000850238 0.999942005 0.010745348 -0.487044275 0.070181660 -0.010659185 0.997476876 39.594318390
0.997546136 0.001764152 -0.069984481 -2.365845919 -0.001069921 0.999949932 0.009956048 -0.486844301 0.069998540 -0.009856740 0.997497976 40.592426300
0.997564793 0.001718627 -0.069718689 -2.446513176 -0.001142554 0.999964952 0.008301864 -0.489950418 0.069730513 -0.008201991 0.997531712 41.600410461
0.997558296 0.003958411 -0.069720112 -2.525100708 -0.003534917 0.999974608 0.006196550 -0.496981770 0.069742873 -0.005934967 0.997546911 42.577175140
0.997505248 0.003640920 -0.070491508 -2.599794388 -0.003208272 0.999975383 0.006249855 -0.502496362 0.070512533 -0.006008109 0.997492373 43.564449310
0.997410417 0.001468228 -0.071898341 -2.669828176 -0.000917295 0.999970078 0.007695090 -0.511670291 0.071907490 -0.007609211 0.997381866 44.546985626
0.997353196 0.002093413 -0.072671518 -2.744508743 -0.001466096 0.999961257 0.008684500 -0.518910706 0.072686881 -0.008554971 0.997317731 45.532592773
0.997333586 0.004628340 -0.072823346 -2.821856499 -0.004271428 0.999978125 0.005056078 -0.529101193 0.072845161 -0.004731537 0.997331619 46.498950958
0.997266412 0.005314828 -0.073691249 -2.901258230 -0.005258091 0.999985754 0.000963949 -0.538703442 0.073695332 -0.000573839 0.997280180 47.458038330
0.997205794 0.006165703 -0.074441873 -2.976901531 -0.006203924 0.999980748 -0.000282167 -0.550278366 0.074438713 0.000743210 0.997224867 48.421958923
0.997202516 0.004922979 -0.074578412 -3.049199343 -0.004697228 0.999983847 0.003202150 -0.564210236 0.074592993 -0.002842880 0.997209549 49.392826080
0.997201860 0.003079240 -0.074686415 -3.121540785 -0.002606781 0.999975979 0.006422589 -0.578501225 0.074704416 -0.006209927 0.997185946 50.363327026
0.997161746 0.000887900 -0.075276777 -3.190903902 -0.000348980 0.999974251 0.007172030 -0.589813173 0.075281225 -0.007125406 0.997136414 51.325561523
0.997136891 -0.002014064 -0.075583279 -3.263595343 0.002474036 0.999979079 0.005992465 -0.600342631 0.075569637 -0.006162305 0.997121036 52.285202026
0.997100174 -0.004540350 -0.075957112 -3.333656549 0.004911481 0.999976993 0.004699926 -0.611540973 0.075934030 -0.005059361 0.997099578 53.235225677
0.997009516 -0.006153041 -0.077025875 -3.407196283 0.006624598 0.999960899 0.005867980 -0.620263517 0.076986760 -0.006360700 0.997011423 54.181427002
0.996897936 -0.009224189 -0.078154914 -3.478055000 0.010036997 0.999899566 0.010013439 -0.628496945 0.078054704 -0.010766820 0.996890485 55.130588531
0.996838033 -0.009800556 -0.078845523 -3.552077293 0.011026528 0.999824822 0.015128620 -0.635261714 0.078683451 -0.015950181 0.996771574 56.074813843
0.996806085 -0.007972904 -0.079453394 -3.630031347 0.009384327 0.999804497 0.017406542 -0.640402019 0.079299092 -0.018096568 0.996686101 57.018306732
0.996707499 -0.006604310 -0.080804899 -3.710453749 0.007707230 0.999881268 0.013344817 -0.641627192 0.080707192 -0.013923666 0.996640146 57.942428589
0.996595383 -0.005182720 -0.082277797 -3.788342237 0.005669464 0.999967873 0.005683268 -0.647484243 0.082245700 -0.006130394 0.996592760 58.856788635
0.996531367 -0.003575622 -0.083134614 -3.870011568 0.003660947 0.999992967 0.000873895 -0.653615296 0.083130918 -0.001175219 0.996537507 59.768840790
0.996447742 0.001043223 -0.084200405 -3.954749107 -0.000893131 0.999997973 0.001820188 -0.665353000 0.084202141 -0.001738524 0.996446729 60.671138763
0.996324301 0.004227914 -0.085550427 -4.035311699 -0.003861956 0.999982655 0.004442758 -0.688427866 0.085567728 -0.004096040 0.996323466 61.548702240
0.996234953 0.006858605 -0.086415917 -4.118907452 -0.006359329 0.999961436 0.006051585 -0.703361571 0.086454093 -0.005479258 0.996240318 62.445621490
0.996127963 0.007767125 -0.087565072 -4.195643425 -0.007285987 0.999956489 0.005812941 -0.714379251 0.087606423 -0.005152439 0.996141374 63.303501129
0.995962024 0.009281904 -0.089287721 -4.275024414 -0.008725981 0.999939978 0.006614568 -0.723584354 0.089343764 -0.005808740 0.995983481 64.159614563
0.995833039 0.010092375 -0.090628490 -4.355439663 -0.009467223 0.999928296 0.007325257 -0.735267401 0.090695925 -0.006436737 0.995857418 64.995162964
0.995706856 0.010170667 -0.091995321 -4.433605194 -0.009497482 0.999924779 0.007752482 -0.742184460 0.092067249 -0.006845480 0.995728850 65.813911438
0.995591700 0.010070693 -0.093243912 -4.510382652 -0.009285659 0.999917686 0.008849220 -0.749552488 0.093325347 -0.007944383 0.995603561 66.609970093
0.995430171 0.012900449 -0.094609581 -4.591468334 -0.011854481 0.999862313 0.011609409 -0.757103086 0.094746307 -0.010434812 0.995446324 67.397796631
0.995282769 0.014482843 -0.095922403 -4.671552658 -0.013035477 0.999791801 0.015698513 -0.762518585 0.096129775 -0.014374070 0.995264590 68.177947998
0.995070457 0.017688530 -0.097572766 -4.752725124 -0.016057622 0.999718308 0.017474964 -0.768625259 0.097854376 -0.015822040 0.995074511 68.939102173
0.994889736 0.020370739 -0.098883726 -4.833735466 -0.019128703 0.999725938 0.013492683 -0.776186466 0.099131472 -0.011532217 0.995007098 69.680213928
0.994760573 0.020589963 -0.100129463 -4.913447380 -0.020070342 0.999779403 0.006194315 -0.783286035 0.100234903 -0.004152229 0.994954705 70.407135010
0.994612813 0.019760812 -0.101750918 -4.983205318 -0.019820478 0.999803483 0.000424815 -0.788491786 0.101739302 0.001594226 0.994809449 71.100067139
0.994560778 0.020695342 -0.102073319 -5.059858799 -0.020883981 0.999781609 -0.000779516 -0.794223368 0.102034882 0.002906973 0.994776189 71.792922974
0.994414866 0.023534149 -0.102876894 -5.135632992 -0.023368640 0.999722958 0.002814090 -0.808100104 0.102914616 -0.000394281 0.994689763 72.460731506
0.994270802 0.023857282 -0.104186617 -5.208123207 -0.023448665 0.999711812 0.005145391 -0.822735667 0.104279332 -0.002672877 0.994544089 73.112846375
0.994242668 0.020721922 -0.105121695 -5.277046680 -0.020637741 0.999785244 0.001888700 -0.833342195 0.105138242 0.000291649 0.994457245 73.752662659
0.994380236 0.012670211 -0.105099887 -5.333420277 -0.013075238 0.999909520 -0.003165552 -0.845402300 0.105050251 0.004521971 0.994456291 74.364677429
0.994520247 0.008737310 -0.104171626 -5.389803886 -0.009617656 0.999922156 -0.007951580 -0.857151628 0.104094014 0.008909898 0.994527221 74.955932617
0.994820535 0.011224478 -0.101018615 -5.454677582 -0.012112116 0.999893188 -0.008177780 -0.867541015 0.100916006 0.009358975 0.994850576 75.534774780
0.995161891 0.016385388 -0.096865676 -5.518815994 -0.016971918 0.999842286 -0.005234140 -0.879678488 0.096764594 0.006852816 0.995283365 76.099609375
0.995624602 0.014992949 -0.092225119 -5.566736698 -0.015255131 0.999881327 -0.002138449 -0.891371250 0.092182077 0.003536000 0.995735526 76.655685425
0.996188462 0.011396368 -0.086471193 -5.603566170 -0.011262946 0.999934494 0.002030738 -0.902719140 0.086488634 -0.001049077 0.996251941 77.198410034
0.996902049 0.007179327 -0.078315936 -5.633673191 -0.006772304 0.999962091 0.005461572 -0.917099774 0.078352138 -0.004914274 0.996913254 77.723556519
0.997649968 0.010878773 -0.067637034 -5.668994427 -0.010547844 0.999930501 0.005247980 -0.925329089 0.067689389 -0.004522224 0.997695804 78.235359192
0.998487592 0.016127402 -0.052545175 -5.698663712 -0.015899144 0.999862194 0.004759312 -0.932933986 0.052614652 -0.003916693 0.998606741 78.736206055
0.999172211 0.021420386 -0.034561768 -5.714698315 -0.021255374 0.999760866 0.005135137 -0.938008904 0.034663454 -0.004396266 0.999388933 79.224327087
0.999720454 0.019971663 -0.012595285 -5.705141068 -0.019903390 0.999786615 0.005523497 -0.943187594 0.012702858 -0.005271267 0.999904990 79.700920105
0.999770761 0.016494852 0.013600095 -5.677308083 -0.016580395 0.999843240 0.006200803 -0.949342310 -0.013495744 -0.006424880 0.999887884 80.165504456
0.998960972 0.015337249 0.042900279 -5.633434772 -0.015675133 0.999848545 0.007550594 -0.957452536 -0.042778045 -0.008215221 0.999050438 80.617706299
0.997019529 0.014880801 0.075692222 -5.573798180 -0.015592078 0.999839485 0.008814603 -0.965764523 -0.075548992 -0.009968535 0.997091889 81.064590454
0.993441522 0.015122883 0.113330975 -5.501060009 -0.016242256 0.999827862 0.008960088 -0.967902482 -0.113176063 -0.010742079 0.993516505 81.512451172
0.987830400 0.015479963 0.154758334 -5.405032635 -0.017013296 0.999818325 0.008588262 -0.970608354 -0.154597387 -0.011116701 0.987914622 81.942398071
0.979720116 0.015165760 0.199792668 -5.290233135 -0.017126616 0.999820530 0.008089666 -0.975787401 -0.199634269 -0.011347387 0.979804337 82.361206055
0.968409002 0.017398411 0.248757005 -5.158748150 -0.019438684 0.999794483 0.005747624 -0.985845685 -0.248606026 -0.010401565 0.968548417 82.766502380
0.953178465 0.018146131 0.301861256 -5.002911568 -0.019869490 0.999799013 0.002639246 -0.996187627 -0.301752865 -0.008513507 0.953347743 83.156486511
0.933691263 0.018461209 0.357600957 -4.823924541 -0.019839821 0.999803066 0.000186512 -1.004033208 -0.357527256 -0.007268887 0.933874011 83.526069641
0.909805596 0.019035339 0.414596289 -4.623618603 -0.020080270 0.999796569 -0.001838714 -1.013208866 -0.414547145 -0.006652337 0.910003066 83.874946594
0.880951166 0.018886907 0.472828716 -4.411657810 -0.019596172 0.999801993 -0.003425969 -1.028570652 -0.472800046 -0.006247525 0.881147146 84.200408936
0.847183645 0.018084977 0.530991077 -4.178439617 -0.017162539 0.999830365 -0.006670713 -1.030335546 -0.531021893 -0.003461837 0.847350597 84.517494202
0.810506761 0.017992243 0.585451841 -3.916779757 -0.016006477 0.999835074 -0.008567604 -1.038855433 -0.585509658 -0.002426921 0.810661316 84.810592651
0.771097243 0.016689837 0.636497676 -3.639412642 -0.014894596 0.999855518 -0.008173238 -1.048671842 -0.636542380 -0.003178017 0.771234632 85.076675415
0.728790224 0.016182523 0.684544921 -3.350006342 -0.016077489 0.999849319 -0.006519622 -1.057502747 -0.684547603 -0.006254330 0.728940725 85.323745728
0.683796048 0.015510913 0.729507446 -3.043841600 -0.015015225 0.999861300 -0.007184868 -1.059440017 -0.729518056 -0.006040737 0.683934331 85.555053711
0.637750447 0.014409281 0.770107388 -2.724278450 -0.011393109 0.999891937 -0.009273728 -1.065417051 -0.770158231 -0.002859596 0.637845933 85.756889343
0.591197252 0.012187641 0.806434155 -2.397902250 -0.005595912 0.999923587 -0.011009487 -1.071839213 -0.806507111 0.001996044 0.591220438 85.937423706
0.544613957 0.014299622 0.838564217 -2.066338539 -0.007271789 0.999897420 -0.012328026 -1.082577944 -0.838654876 0.000616152 0.544662237 86.108825684
0.497293800 0.017453963 0.867405891 -1.729391932 -0.010891348 0.999844313 -0.013874760 -1.090763569 -0.867513418 -0.002547389 0.497406602 86.271316528
0.451850861 0.019654382 0.891876221 -1.389169097 -0.011579920 0.999802172 -0.016166031 -1.102200985 -0.892017961 -0.003023223 0.451989144 86.409912109
0.409770638 0.017255552 0.912024677 -1.037287712 -0.004028927 0.999845505 -0.017106937 -1.110746622 -0.912179351 0.003335440 0.409776866 86.522018433
0.370409340 0.010125342 0.928812742 -0.676123679 0.010807313 0.999825835 -0.015209423 -1.117127657 -0.928805411 0.015671689 0.370235443 86.609657288
0.335194021 0.006665946 0.942124844 -0.313516140 0.015230648 0.999805868 -0.012492901 -1.123535514 -0.942025661 0.018536726 0.335027456 86.700675964
0.302024841 0.010803686 0.953238130 0.047501832 0.012979229 0.999796391 -0.015443709 -1.132574916 -0.953211367 0.017036688 0.301823139 86.797203064
0.270843625 0.018287126 0.962448955 0.413364142 0.002962785 0.999798894 -0.019830555 -1.148419261 -0.962618470 0.008222512 0.270734996 86.900161743
0.242502049 0.022490978 0.969889522 0.792917609 -0.001666541 0.999739289 -0.022766486 -1.170780778 -0.970149100 0.003904559 0.242476314 86.986618042
0.216903105 0.024173288 0.975893199 1.183667421 -0.000561266 0.999696195 -0.024638150 -1.190044165 -0.976192653 0.004796357 0.216850787 87.053207397
0.193612009 0.025578136 0.980744123 1.583620191 0.006963897 0.999599040 -0.027444642 -1.203351140 -0.981053114 0.012143417 0.193356246 87.106506348
0.173606619 0.032021679 0.984293759 1.991890192 0.013878413 0.999292374 -0.034957450 -1.205038786 -0.984716892 0.019729285 0.173039362 87.153480530
0.153815076 0.038776629 0.987337947 2.410103083 0.015820360 0.999004900 -0.041699447 -1.210852265 -0.987972617 0.022034049 0.153048545 87.205047607
0.136106104 0.039643787 0.989900231 2.844794989 0.013459772 0.999032795 -0.041860171 -1.227334976 -0.990602493 0.019021261 0.135440856 87.262634277
0.120632976 0.035225056 0.992071509 3.296141863 0.011414102 0.999254942 -0.036868025 -1.255761862 -0.992631257 0.015771111 0.120141029 87.313484192
0.106226899 0.031988394 0.993826807 3.763863802 0.011745334 0.999372303 -0.033422299 -1.279652596 -0.994272292 0.015223179 0.105784491 87.354591370
0.093067683 0.029534573 0.995221138 4.248984337 0.014272669 0.999417663 -0.030993804 -1.300653934 -0.995557249 0.017088991 0.092591934 87.388664246
0.081452191 0.028790195 0.996260881 4.745368004 0.017873291 0.999379754 -0.030341601 -1.320589304 -0.996516764 0.020277858 0.080887072 87.418449402
0.071443118 0.029438494 0.997009695 5.257485867 0.021104911 0.999295950 -0.031018317 -1.338732958 -0.997221172 0.023257853 0.070771493 87.442657471
0.063634507 0.030049430 0.997520328 5.781099796 0.023177888 0.999232411 -0.031579580 -1.357791066 -0.997703969 0.025129972 0.062889151 87.469215393
0.058136784 0.030448692 0.997843742 6.328613758 0.024867831 0.999180436 -0.031938333 -1.377683878 -0.997998774 0.026671009 0.057331920 87.494224548
0.052552033 0.031548381 0.998119354 6.890690804 0.026144492 0.999114811 -0.032956373 -1.397235870 -0.998275876 0.027827255 0.051680673 87.519920349
0.046574704 0.032296643 0.998392224 7.468703747 0.026672531 0.999080658 -0.033563171 -1.418550014 -0.998558640 0.028192852 0.045670427 87.547172546
0.042232234 0.032275766 0.998585939 8.064415932 0.029255172 0.999009609 -0.033526707 -1.443928003 -0.998679399 0.030629724 0.041246142 87.568099976
0.039418772 0.032259319 0.998701453 8.684694290 0.030729657 0.998966873 -0.033480775 -1.468318820 -0.998750091 0.032009538 0.038386691 87.588378906
0.036401436 0.031838350 0.998829484 9.323028564 0.031666931 0.998953700 -0.032996368 -1.493437290 -0.998835325 0.032830991 0.035355087 87.609474182
0.034099933 0.031234657 0.998929739 9.979893684 0.033899661 0.998900235 -0.032390933 -1.518146038 -0.998843253 0.034967918 0.033003543 87.627929688
0.033468343 0.030882526 0.998962045 10.647027016 0.038159840 0.998754203 -0.032154556 -1.542859077 -0.998710871 0.039196406 0.032248132 87.644851685
0.034513269 0.030576814 0.998935878 11.337128639 0.041326009 0.998633325 -0.031995349 -1.567716122 -0.998549342 0.042386312 0.033202440 87.663085938
0.036948610 0.030530399 0.998850167 12.044605255 0.042999666 0.998558879 -0.032112081 -1.592756033 -0.998391569 0.044136733 0.035582524 87.686370850
0.040878046 0.030460423 0.998699188 12.769006729 0.045412537 0.998445630 -0.032311462 -1.619610906 -0.998131573 0.046674311 0.039431181 87.713760376
0.045243256 0.030059906 0.998523057 13.503280640 0.045722697 0.998437345 -0.032129005 -1.647558808 -0.997929037 0.047108807 0.043798093 87.747528076
0.049274530 0.028379252 0.998381436 14.256505966 0.047271121 0.998409808 -0.030713070 -1.675563335 -0.997665942 0.048708003 0.047854610 87.784057617
0.053374089 0.026815070 0.998213887 15.004022598 0.047170442 0.998455763 -0.029343724 -1.704172373 -0.997459829 0.048652407 0.052026741 87.821731567
0.057545330 0.024753692 0.998035312 15.777512550 0.044038258 0.998656571 -0.027308254 -1.731558084 -0.997371137 0.045523223 0.056377869 87.872268677
0.061638288 0.023663620 0.997817278 16.571819305 0.043401081 0.998709738 -0.026365770 -1.758990049 -0.997154474 0.044931516 0.060531694 87.924713135
0.065792337 0.024691334 0.997527063 17.362991333 0.040845804 0.998789191 -0.027416544 -1.787976146 -0.996996939 0.042548615 0.064704105 87.982139587
0.068881184 0.028724110 0.997210562 18.146451950 0.038709588 0.998755634 -0.031442404 -1.821269631 -0.996873558 0.040767416 0.067683548 88.039581299
0.070267603 0.034187250 0.996941447 18.928001404 0.032822393 0.998792112 -0.036564104 -1.852453351 -0.996988058 0.035291288 0.069060594 88.101448059
0.070228852 0.037309583 0.996832192 19.726097107 0.030235162 0.998761475 -0.039511885 -1.888835311 -0.997072637 0.032914262 0.069013782 88.158660889
0.070430897 0.036897801 0.996833265 20.526557922 0.028123530 0.998844862 -0.038959287 -1.927071452 -0.997120142 0.030778412 0.069311813 88.220252991
0.070613168 0.035354313 0.996876299 21.339384079 0.025623553 0.998977542 -0.037243828 -1.965953588 -0.997174621 0.028173421 0.069635034 88.280227661
0.070498653 0.034147412 0.996926486 22.155893326 0.026609512 0.998993754 -0.036099903 -2.005318165 -0.997156918 0.029072726 0.069519043 88.338897705
0.070955805 0.033652980 0.996910870 22.961097717 0.024113495 0.999080658 -0.035442486 -2.045008421 -0.997187972 0.026553856 0.070079058 88.399894714
0.071179651 0.034077443 0.996880531 23.767644882 0.022619599 0.999104023 -0.035768505 -2.084459543 -0.997207046 0.025095029 0.070345029 88.460426331
0.071270645 0.034701146 0.996852517 24.574928284 0.019565489 0.999153674 -0.036180060 -2.127413273 -0.997265160 0.022082482 0.070531353 88.522804260
0.070197843 0.036129750 0.996877909 25.380439758 0.017008821 0.999155164 -0.037409972 -2.167024612 -0.997388065 0.019581815 0.069523990 88.584030151
0.067286380 0.035866894 0.997088134 26.193027496 0.014212536 0.999217689 -0.036902569 -2.205771923 -0.997632444 0.016654188 0.066723958 88.649017334
0.063278124 0.034773294 0.997389257 26.998043060 0.011960234 0.999294519 -0.035598490 -2.243446589 -0.997924209 0.014181609 0.062817559 88.708229065
0.058331676 0.032434948 0.997769535 27.809471130 0.010218733 0.999400198 -0.033085331 -2.280914068 -0.998244822 0.012125857 0.057965208 88.764801025
0.051829483 0.030527817 0.998188615 28.627519608 0.008375816 0.999484062 -0.031002305 -2.320462704 -0.998620749 0.009967470 0.051547009 88.821830750
0.044491760 0.030752517 0.998535693 29.429653168 0.008201598 0.999481022 -0.031147039 -2.359057426 -0.998975992 0.009575368 0.044216409 88.858161926
0.035903078 0.031811211 0.998848259 30.224906921 0.008024935 0.999451637 -0.032118853 -2.396683455 -0.999322951 0.009168849 0.035628058 88.885971069
0.026034430 0.032380752 0.999135911 31.026708603 0.009157811 0.999425352 -0.032628737 -2.429706573 -0.999619067 0.009999360 0.025722876 88.907249451
0.015709188 0.031433530 0.999381840 31.830112457 0.010748162 0.999442458 -0.031604365 -2.465286016 -0.999818802 0.011237988 0.015362510 88.922874451
0.004740921 0.030398855 0.999526083 32.626380920 0.010062756 0.999485552 -0.030445330 -2.501371145 -0.999938071 0.010202317 0.004432511 88.931579590
-0.006128298 0.029893182 0.999533772 33.406993866 0.012052634 0.999482453 -0.029817728 -2.530341864 -0.999908507 0.011864274 -0.006485500 88.919441223
-0.017212547 0.030425964 0.999388218 34.187805176 0.012749540 0.999462068 -0.030208599 -2.560052395 -0.999770463 0.012221765 -0.017591296 88.907577515
-0.028203316 0.030936563 0.999122858 34.970634460 0.012992294 0.999447644 -0.030579850 -2.598538399 -0.999517679 0.012118434 -0.028589772 88.883018494
-0.038809150 0.032135956 0.998729289 35.750709534 0.012628016 0.999418437 -0.031667404 -2.632309437 -0.999166727 0.011382973 -0.039192498 88.854225159
-0.048901189 0.033053502 0.998256087 36.510498047 0.013728560 0.999379814 -0.032418173 -2.670736551 -0.998709202 0.012119319 -0.049324747 88.810562134
-0.058416590 0.033749800 0.997721136 37.278232574 0.014666708 0.999349177 -0.032946117 -2.707038641 -0.998184502 0.012708675 -0.058873687 88.763763428
-0.068232030 0.034583464 0.997069418 38.035308838 0.015795663 0.999310851 -0.033580255 -2.733721733 -0.997544348 0.013458114 -0.068731397 88.714714050
-0.077559568 0.034972996 0.996373653 38.776191711 0.016693698 0.999289632 -0.033775862 -2.770855904 -0.996847868 0.014013514 -0.078088433 88.654617310
-0.086066589 0.034547165 0.995689750 39.504623413 0.018009845 0.999288917 -0.033115268 -2.805676937 -0.996126473 0.015082094 -0.086627714 88.585914612
-0.093429990 0.033521075 0.995060921 40.235855103 0.019934945 0.999295354 -0.031791937 -2.840046644 -0.995426178 0.016866157 -0.094032526 88.516197205
-0.098547645 0.031866059 0.994621515 40.952587128 0.022684216 0.999299049 -0.029768337 -2.875559330 -0.994873643 0.019628607 -0.099201560 88.440109253
-0.102243654 0.030162947 0.994301558 41.650703430 0.025520014 0.999290347 -0.027690060 -2.910320282 -0.994431853 0.022543455 -0.102941006 88.361846924
-0.104812488 0.029283004 0.994060338 42.363353729 0.027435081 0.999270737 -0.026543757 -2.936959982 -0.994113386 0.024490010 -0.105539583 88.283248901
-0.106688671 0.028493475 0.993883669 43.052158356 0.027416321 0.999293208 -0.025705535 -2.967337608 -0.993914247 0.024506146 -0.107394591 88.213371277
-0.107460238 0.028879076 0.993789434 43.710357666 0.028112197 0.999266267 -0.025998397 -2.998819351 -0.993811667 0.025143813 -0.108193398 88.144172668
-0.106710099 0.029827585 0.993842244 44.369312286 0.028651722 0.999226749 -0.026912805 -3.030065536 -0.993877113 0.025603427 -0.107482344 88.076820374
-0.103611104 0.031559002 0.994116664 44.995639801 0.029751223 0.999147236 -0.028617887 -3.058068514 -0.994172752 0.026611054 -0.104461811 88.011077881
-0.098410271 0.032102600 0.994627535 45.611881256 0.029985366 0.999121070 -0.029280806 -3.086036444 -0.994693935 0.026942739 -0.099286519 87.953926086
-0.090526380 0.032802232 0.995353222 46.215053558 0.029244337 0.999113679 -0.030266397 -3.115187407 -0.995464504 0.026368542 -0.091405556 87.908081055
-0.079555817 0.032794021 0.996290326 46.808921814 0.027997943 0.999137640 -0.030652029 -3.144230127 -0.996437073 0.025455536 -0.080405504 87.874107361
-0.065867342 0.032906681 0.997285128 47.366268158 0.026960710 0.999149621 -0.031187514 -3.177291393 -0.997464001 0.024833284 -0.066698633 87.847763062
-0.048814781 0.034177914 0.998222411 47.909130096 0.025832776 0.999122977 -0.032945458 -3.208159447 -0.998473585 0.024178635 -0.049654990 87.836006165
-0.027768994 0.036778353 0.998937070 48.443058014 0.024011808 0.999058783 -0.036115322 -3.235916376 -0.999325871 0.022983400 -0.028626068 87.838584900
-0.003505768 0.039730519 0.999203742 48.948959351 0.021595741 0.998980105 -0.039645836 -3.264571905 -0.999760568 0.021439558 -0.004360281 87.858352661
0.024531461 0.041388124 0.998841405 49.468788147 0.019284720 0.998936832 -0.041865688 -3.294390202 -0.999513030 0.020289406 0.023707166 87.894210815
0.057501927 0.040641185 0.997517288 49.982536316 0.016601525 0.998993695 -0.041658308 -3.325749636 -0.998207331 0.018955745 0.056769326 87.946067810
0.095468841 0.037916981 0.994709432 50.490741730 0.015048617 0.999104798 -0.039528817 -3.357524872 -0.995318651 0.018742776 0.094812781 88.015869141
0.137319148 0.034000337 0.989942551 50.986675262 0.012512312 0.999271095 -0.036056343 -3.388410091 -0.990447819 0.017337702 0.136793673 88.111183167
0.183042601 0.029574284 0.982659459 51.479003906 0.009369944 0.999449193 -0.031824932 -3.417696238 -0.983060360 0.015032787 0.182664752 88.225311279
0.230995163 0.026434582 0.972595155 51.958522797 0.004331199 0.999592662 -0.028197009 -3.442763090 -0.972945333 0.010725875 0.230786696 88.374542236
0.282292396 0.025085704 0.958999753 52.425098419 0.000037425 0.999657393 -0.026160225 -3.465570211 -0.959328413 0.007420721 0.282194942 88.547309875
0.336494595 0.025024461 0.941352189 52.866989136 -0.001584819 0.999660134 -0.026007956 -3.483552456 -0.941684008 0.007259662 0.336420178 88.744705200
0.393939108 0.025414446 0.918784440 53.304027557 -0.000528774 0.999623418 -0.027423779 -3.505356073 -0.919136286 0.010317471 0.393804491 88.969108582
0.453647077 0.028486930 0.890725255 53.710823059 -0.000195858 0.999491811 -0.031865686 -3.528546572 -0.891181290 0.014281323 0.453422487 89.213119507
0.513556004 0.029686389 0.857541680 54.100646973 0.001357814 0.999371588 -0.035409380 -3.565795422 -0.858054876 0.019349089 0.513193429 89.478477478
0.571271062 0.033116043 0.820092380 54.464778900 -0.002649378 0.999254465 -0.038505193 -3.589777946 -0.820757031 0.019824173 0.570933461 89.782653809
0.626783311 0.035113860 0.778401196 54.804969788 -0.005990652 0.999171317 -0.040249027 -3.613205194 -0.779170334 0.020564297 0.626474857 90.111572266
0.679584444 0.035981666 0.732713461 55.121185303 -0.007959648 0.999098837 -0.041680634 -3.629315376 -0.733553767 0.022493379 0.679259121 90.455390930
0.728288293 0.033746745 0.684438348 55.400573730 -0.008488297 0.999153912 -0.040231869 -3.650727510 -0.685217798 0.023490699 0.727959335 90.804519653
0.773306370 0.029893417 0.633326352 55.662189484 -0.010432840 0.999352217 -0.034431286 -3.671632767 -0.633946121 0.020018550 0.773118079 91.187217712
0.814504266 0.024601078 0.579634547 55.906814575 -0.010998012 0.999575317 -0.026969884 -3.687508345 -0.580052614 0.015592262 0.814429820 91.593193054
0.850560427 0.022202723 0.525407076 56.118343353 -0.013438081 0.999699354 -0.020491008 -3.699853897 -0.525704682 0.010368379 0.850603998 92.019119263
0.881362259 0.018882478 0.472062081 56.308143616 -0.014369500 0.999809682 -0.013163781 -3.710564375 -0.472221404 0.004818758 0.881466866 92.459442139
0.906548679 0.019591168 0.421644747 56.460494995 -0.018129403 0.999807298 -0.007475914 -3.726140976 -0.421710461 -0.000866899 0.906730175 92.894134521
0.926434815 0.021307511 0.375849962 56.602157593 -0.021554984 0.999760926 -0.003546907 -3.741255045 -0.375836164 -0.004815478 0.926673651 93.346176147
0.941431701 0.027292497 0.336095303 56.716934204 -0.028759019 0.999585748 -0.000614450 -3.753213167 -0.335973263 -0.009087330 0.941827774 93.802040100
0.953066468 0.031896103 0.301074058 56.820594788 -0.033009619 0.999453604 -0.001389330 -3.757663250 -0.300954282 -0.008614238 0.953599751 94.257080078
0.962212145 0.033623815 0.270214468 56.927070618 -0.034620818 0.999399424 -0.001077017 -3.760764599 -0.270088762 -0.008318749 0.962799609 94.721000671
0.968304753 0.028101170 0.248183280 57.040298462 -0.028858816 0.999582827 -0.000585432 -3.767544031 -0.248096555 -0.006595419 0.968712926 95.190338135
0.972289443 0.025252795 0.232409701 57.150535583 -0.026032569 0.999660492 0.000288252 -3.780912876 -0.232323855 -0.006330505 0.972617924 95.642143250
0.975118697 0.029564837 0.219700485 57.243713379 -0.030304193 0.999540150 -0.000004716 -3.785618305 -0.219599932 -0.006653267 0.975567341 96.134681702
0.977049649 0.034987733 0.210116103 57.331584930 -0.035879169 0.999355495 0.000431038 -3.784951210 -0.209965900 -0.007959958 0.977676392 96.633399963
0.978005290 0.042788442 0.204141498 57.418159485 -0.043525979 0.999051332 -0.000877796 -3.788160563 -0.203985691 -0.008026992 0.978941023 97.147666931
0.978352189 0.048429891 0.201197654 57.512844086 -0.048509866 0.998811781 -0.004535807 -3.793354034 -0.201178581 -0.005322475 0.979540169 97.672355652
0.978471637 0.049706131 0.200303316 57.617118835 -0.049311422 0.998758554 -0.006962280 -3.806025505 -0.200401038 -0.003064866 0.979709208 98.197776794
0.978033125 0.048314176 0.202770293 57.729759216 -0.047158457 0.998831332 -0.010529894 -3.816063643 -0.203042358 0.000736239 0.979169726 98.730178833
0.977323472 0.046622604 0.206552640 57.847267151 -0.044038989 0.998883009 -0.017090835 -3.822541475 -0.207119048 0.007606901 0.978286207 99.273780823
0.976410508 0.047210027 0.210695446 57.966613770 -0.043584719 0.998810768 -0.021819539 -3.832065105 -0.211475313 0.012121728 0.977308154 99.823760986
0.975224197 0.051976021 0.215023637 58.087471008 -0.048505213 0.998593211 -0.021390267 -3.845223665 -0.215833262 0.010430536 0.976374507 100.391792297
0.973777592 0.054963652 0.220760003 58.209678650 -0.052388445 0.998472631 -0.017507559 -3.858180761 -0.221385449 0.005483188 0.975170970 100.979545593
0.972882748 0.051765606 0.225429147 58.350936890 -0.050122112 0.998657584 -0.013011344 -3.871129274 -0.225800440 0.001359513 0.974172652 101.582855225
0.972218931 0.047266148 0.229248598 58.499885559 -0.046801254 0.998875499 -0.007467394 -3.884630203 -0.229344144 -0.003469199 0.973339260 102.190582275
0.971447885 0.044679902 0.233005226 58.647769928 -0.045244265 0.998970866 -0.002924534 -3.895729303 -0.232896492 -0.007701144 0.972471058 102.812362671
0.970923960 0.040101074 0.236002743 58.800136566 -0.040698975 0.999167919 -0.002339180 -3.903705359 -0.235900581 -0.007333930 0.971749485 103.442230225
0.971021950 0.036690641 0.236154050 58.962985992 -0.036442827 0.999320269 -0.005415405 -3.913937092 -0.236192644 -0.003347664 0.971700430 104.081993103
0.971154809 0.035919722 0.235726178 59.122676849 -0.033953525 0.999345720 -0.012395954 -3.927495956 -0.236017630 0.004034646 0.971740365 104.732429504
0.971269548 0.038283650 0.234879881 59.276641846 -0.034780771 0.999212742 -0.019039396 -3.939545870 -0.235424310 0.010323079 0.971837878 105.389610291
0.971787155 0.041214436 0.232228115 59.427005768 -0.036918987 0.999056995 -0.022814378 -3.950417757 -0.232949823 0.013597094 0.972393692 106.056991577
0.972424150 0.039565291 0.229836494 59.590457916 -0.036264252 0.999168813 -0.018570336 -3.964057446 -0.230380625 0.009723387 0.973052025 106.751167297
0.972856581 0.035590865 0.228653505 59.751445770 -0.033966649 0.999361157 -0.011036016 -3.981698513 -0.228900641 0.002969850 0.973445296 107.452293396
0.973431826 0.035913970 0.226140857 59.913108826 -0.035686128 0.999349177 -0.005096638 -4.000524044 -0.226177156 -0.003108888 0.974081278 108.166625977
0.973693490 0.039403781 0.224426538 60.070117950 -0.039120030 0.999217391 -0.005712285 -4.014711380 -0.224476397 -0.003217585 0.974474311 108.892173767
0.973921716 0.045308471 0.222311914 60.220035553 -0.044121869 0.998972237 -0.010303620 -4.026255608 -0.222550690 0.000226079 0.974921227 109.622451782
0.974761546 0.046184409 0.218416780 60.377754211 -0.043840751 0.998916447 -0.015566824 -4.038985252 -0.218899488 0.005598371 0.975731492 110.364387512
0.975699067 0.044926889 0.214457154 60.541103363 -0.041961636 0.998949647 -0.018361416 -4.052316666 -0.215057239 0.008916233 0.976560891 111.114601135
0.976602674 0.042876206 0.210731775 60.700080872 -0.040229443 0.999047816 -0.016832612 -4.070125103 -0.211253256 0.007961139 0.977399051 111.881401062
0.977470100 0.039231200 0.207394078 60.863670349 -0.036962185 0.999206066 -0.014805590 -4.088721752 -0.207810685 0.006806268 0.978145480 112.662330627
0.977875829 0.038135774 0.205678686 61.026065826 -0.036438208 0.999262512 -0.012036130 -4.110803604 -0.205986425 0.004275257 0.978545606 113.452545166
0.978264451 0.034845475 0.204410404 61.194656372 -0.033571575 0.999388337 -0.009697426 -4.127423286 -0.204623699 0.002624246 0.978837252 114.236640930
0.978497922 0.029726269 0.204101533 61.363090515 -0.028604908 0.999554276 -0.008442597 -4.142351151 -0.204261929 0.002422735 0.978913307 115.032493591
0.978607178 0.030699298 0.203432634 61.521621704 -0.029922647 0.999527633 -0.006892934 -4.157975674 -0.203548521 0.000658206 0.979064703 115.825363159
0.978310168 0.036260758 0.203945190 61.673324585 -0.035185646 0.999340415 -0.008896148 -4.174036980 -0.204133615 0.001527223 0.978941917 116.634643555
0.977976739 0.042118661 0.204418093 61.832332611 -0.040489443 0.999105334 -0.012147692 -4.193829536 -0.204747215 0.003603363 0.978808284 117.439910889
0.977377653 0.051024657 0.205252290 61.992286682 -0.049249023 0.998691142 -0.013753446 -4.211991310 -0.205685750 0.003333813 0.978612483 118.262634277
0.976457417 0.056795362 0.208097205 62.155353546 -0.055285521 0.998384356 -0.013068890 -4.230352402 -0.208503589 0.001256426 0.978020847 119.075706482
0.975667655 0.059538811 0.211014345 62.322360992 -0.058532253 0.998223960 -0.011018226 -4.255713940 -0.211295947 -0.001601049 0.977420807 119.909400940
0.975083113 0.060070012 0.213550419 62.503692627 -0.058923829 0.998192787 -0.011733902 -4.278935909 -0.213869691 -0.001141708 0.976861477 120.749885559
0.974798322 0.058491010 0.215281755 62.685321808 -0.056710951 0.998285472 -0.014441252 -4.299343586 -0.215757668 0.001868449 0.976445079 121.565147400
0.974804819 0.052595772 0.216768011 62.873996735 -0.050952002 0.998613656 -0.013168641 -4.321558952 -0.217160404 0.001792066 0.976134241 122.404617310
0.975126565 0.045926429 0.216836482 63.068061829 -0.043811090 0.998933196 -0.014554803 -4.347269535 -0.217273891 0.004692910 0.976099312 123.224884033
0.974881470 0.045289237 0.218069017 63.252174377 -0.043136459 0.998961508 -0.014624747 -4.373635292 -0.218505174 0.004850646 0.975823641 124.056709290
0.974313140 0.047977291 0.220025226 63.436351776 -0.046556037 0.998847187 -0.011643024 -4.393262386 -0.220330432 0.001100421 0.975424588 124.902420044
0.973873973 0.050059300 0.221500754 63.610012054 -0.049961731 0.998732209 -0.006046686 -4.410383701 -0.221522883 -0.005177885 0.975141346 125.736228943
0.973498523 0.053414982 0.222365528 63.784889221 -0.054384343 0.998517931 -0.001765903 -4.430528641 -0.222130537 -0.010374138 0.974961698 126.551887512
0.973288417 0.052835084 0.223421142 63.968719482 -0.052321728 0.998595893 -0.008220793 -4.449821949 -0.223542005 -0.003688609 0.974687278 127.381385803
0.973597646 0.048822604 0.222986087 64.155464172 -0.044951845 0.998737335 -0.022404421 -4.474285126 -0.223798588 0.011789243 0.974564075 128.187362671
