1.000000000 0.000000000 0.000000000 0.000000000 0.000000000 1.000000000 0.000000000 0.000000000 0.000000000 0.000000000 1.000000000 0.000000000
0.999991059 -0.002559480 -0.003363031 -0.000903997 0.002552453 0.999994576 -0.002091971 -0.005560021 0.003368367 0.002083368 0.999992132 0.670327842
0.999971151 -0.001342940 -0.007481281 -0.009963681 0.001316280 0.999992728 -0.003567404 -0.011683771 0.007486017 0.003557453 0.999965608 1.351898670
0.999934733 -0.001195610 -0.011366650 -0.024091516 0.001138477 0.999986649 -0.005031513 -0.015732463 0.011372515 0.005018243 0.999922693 2.057235241
0.999869645 0.000276362 -0.016148202 -0.044547319 -0.000367047 0.999984145 -0.005613095 -0.023303319 0.016146395 0.005618290 0.999853790 2.782757044
0.999784708 -0.000766286 -0.020740589 -0.058640357 0.000643043 0.999982059 -0.005948131 -0.029565303 0.020744778 0.005933513 0.999767125 3.520552397
0.999680459 0.001016073 -0.025260262 -0.084683865 -0.001197137 0.999973655 -0.007153897 -0.039498121 0.025252333 0.007181851 0.999655187 4.273485661
0.999538422 0.003571039 -0.030170675 -0.113403648 -0.003803084 0.999963582 -0.007637228 -0.050319545 0.030142307 0.007748445 0.999515474 5.031201363
0.999398053 0.003729292 -0.034492791 -0.146123558 -0.003941027 0.999973774 -0.006072611 -0.058322370 0.034469243 0.006204892 0.999386430 5.806162357
0.999233007 0.003095388 -0.039035890 -0.177939519 -0.003230356 0.999988973 -0.003394962 -0.067510270 0.039024957 0.003518458 0.999231994 6.598093033
0.999090075 0.002703484 -0.042563558 -0.213567272 -0.002736202 0.999995947 -0.000710459 -0.080121480 0.042561468 0.000826275 0.999093473 7.406851292
0.998972118 0.004399677 -0.045114491 -0.259153783 -0.004458595 0.999989271 -0.001205430 -0.093724549 0.045108709 0.001405337 0.998981059 8.217305183
0.998866558 0.003875894 -0.047438856 -0.299213290 -0.003944673 0.999991298 -0.001356312 -0.103250422 0.047433186 0.001541905 0.998873174 9.039770126
0.998783827 0.000814595 -0.049296048 -0.336061656 -0.000912292 0.999997675 -0.001959418 -0.109459557 0.049294334 0.002002007 0.998782218 9.876890182
0.998664677 0.000764595 -0.051653862 -0.376340687 -0.000819483 0.999999106 -0.001041467 -0.120434605 0.051653020 0.001082405 0.998664439 10.712918282
0.998582065 -0.000619356 -0.053228635 -0.419894189 0.000553957 0.999999046 -0.001243424 -0.131661832 0.053229354 0.001212173 0.998581529 11.558176041
0.998482883 0.001784511 -0.055031635 -0.471496761 -0.001978990 0.999991894 -0.003479673 -0.145662814 0.055024981 0.003583300 0.998478532 12.413326263
0.998399496 0.002631731 -0.056491502 -0.522654891 -0.002986703 0.999976218 -0.006200141 -0.154355228 0.056473844 0.006358941 0.998383820 13.270357132
0.998279631 0.006691467 -0.058247831 -0.581069529 -0.007163071 0.999943078 -0.007891488 -0.164359391 0.058191709 0.008295146 0.998270929 14.142094612
0.998210371 0.007617061 -0.059311356 -0.635735691 -0.008083338 0.999938071 -0.007625565 -0.177428231 0.059249595 0.008091353 0.998210371 15.029674530
0.998133481 0.007056214 -0.060659271 -0.690613687 -0.007444578 0.999953032 -0.006178793 -0.190935299 0.060612820 0.006618843 0.998139381 15.902617455
0.998032391 0.007887552 -0.062200565 -0.748420060 -0.008199583 0.999954879 -0.004762889 -0.203843430 0.062160194 0.005263536 0.998052239 16.795467377
0.997978747 0.007651085 -0.063084118 -0.810629487 -0.007960969 0.999957204 -0.004662352 -0.214806244 0.063045755 0.005155139 0.997997224 17.695169449
0.997858763 0.007399163 -0.064983360 -0.868146241 -0.007779473 0.999953806 -0.005601351 -0.226658061 0.064938933 0.006094893 0.997870505 18.600980759
0.997800231 0.005741372 -0.066041455 -0.931858420 -0.006175365 0.999960363 -0.006369270 -0.239934802 0.066002287 0.006763089 0.997796476 19.499677658
0.997757614 0.005912918 -0.066667788 -0.992335260 -0.006239926 0.999969244 -0.004697880 -0.251719296 0.066637971 0.005103347 0.997764051 20.429792404
0.997745156 0.007181458 -0.066729717 -1.055965185 -0.007280455 0.999972463 -0.001240494 -0.266753912 0.066718981 0.001723518 0.997770190 21.339345932
0.997790337 0.008176901 -0.065934770 -1.121465683 -0.008029518 0.999964416 0.002499964 -0.278878927 0.065952867 -0.001965018 0.997820616 22.271669388
0.997900665 0.006880483 -0.064395286 -1.182842255 -0.006546234 0.999963760 0.005400109 -0.284991145 0.064430118 -0.004967229 0.997909606 23.199462891
0.998001754 0.007232490 -0.062768921 -1.250831485 -0.006857701 0.999957144 0.006184290 -0.293154180 0.062810965 -0.005741484 0.998008668 24.145666122
0.998088956 0.007566182 -0.061326966 -1.311911702 -0.007363851 0.999966443 0.003524524 -0.305020124 0.061351586 -0.003066189 0.998111248 25.079465866
0.998138547 0.008624027 -0.060372923 -1.374314904 -0.008722443 0.999960780 -0.001366840 -0.315304965 0.060358774 0.001890893 0.998174667 26.004508972
0.998214543 0.008009980 -0.059190113 -1.431707621 -0.008273765 0.999956667 -0.004212919 -0.331021488 0.059153806 0.004695120 0.998237550 26.939853668
0.998265505 0.005318690 -0.058631729 -1.482438207 -0.005513868 0.999979556 -0.003167661 -0.342196822 0.058613688 0.003485452 0.998274326 27.885217667
0.998261750 0.003542931 -0.058828857 -1.544439316 -0.003430509 0.999991894 0.002011836 -0.360178798 0.058835506 -0.001806528 0.998265743 28.864652634
0.998217642 -0.000399389 -0.059676126 -1.600744009 0.000728329 0.999984503 0.005490385 -0.371979743 0.059673008 -0.005524064 0.998202324 29.831384659
0.998121560 -0.007442823 -0.060810633 -1.649447322 0.007764417 0.999956906 0.005053815 -0.386735767 0.060770396 -0.005516483 0.998136163 30.786943436
0.998017550 -0.009444271 -0.062223434 -1.709452868 0.009534932 0.999953687 0.001160197 -0.393696576 0.062209591 -0.001751195 0.998061180 31.760469437
0.997932076 -0.009232102 -0.063610755 -1.773871303 0.009072091 0.999954700 -0.002803876 -0.405110627 0.063633755 0.002220993 0.997970462 32.735176086
0.997798800 -0.007628818 -0.065873839 -1.843161106 0.007422032 0.999966562 -0.003383320 -0.418975770 0.065897435 0.002886952 0.997821808 33.712882996
0.997757196 -0.007981366 -0.066458769 -1.910477042 0.007878709 0.999967158 -0.001806663 -0.435386032 0.066470996 0.001279000 0.997787118 34.704120636
0.997689188 -0.004996288 -0.067759059 -1.986086488 0.005084963 0.999986172 0.001136222 -0.451576531 0.067752443 -0.001478150 0.997700632 35.681827545
0.997629464 -0.005222167 -0.068615451 -2.062501669 0.005403677 0.999982119 0.002459944 -0.461888105 0.068601377 -0.002824889 0.997639716 36.665847778
0.997563660 -0.004209359 -0.069634207 -2.137364626 0.004573735 0.999976456 0.005074077 -0.469529003 0.069611207 -0.005380204 0.997559249 37.645111084
0.997592747 -0.004592532 -0.069191508 -2.218061924 0.005161741 0.999954104 0.008049991 -0.473340899 0.069151349 -0.008387761 0.997570455 38.637477875
0.997554839 0.001045897 -0.069879174 -2.297116995 -0.000313930 0.999944806 0.010484868 -0.479170680 0.069886267 -0.010437293 0.997499883 39.617282867
0.997565985 0.001154319 -0.069718719 -2.381873131 -0.000478207 0.999952555 0.009713568 -0.479781210 0.069726609 -0.009656585 0.997518957 40.615413666
0.997584462 0.001100625 -0.069454238 -2.462179184 -0.000541620 0.999967158 0.008066817 -0.483380586 0.069460817 -0.008009714 0.997552097 41.622440338
0.997577190 0.003223890 -0.069492467 -2.537324190 -0.002819395 0.999978364 0.005917960 -0.488486946 0.069510028 -0.005707697 0.997564495 42.594306946
0.997514904 0.003023080 -0.070389904 -2.607823372 -0.002614049 0.999979019 0.005902271 -0.491993845 0.070406258 -0.005703602 0.997501671 43.581809998
0.997418940 0.000836247 -0.071794972 -2.677829504 -0.000309284 0.999972820 0.007350588 -0.501610637 0.071799159 -0.007309412 0.997391939 44.563938141
0.997361481 0.001431019 -0.072579287 -2.751525164 -0.000828270 0.999964833 0.008334059 -0.508764386 0.072588645 -0.008251956 0.997327447 45.548992157
0.997343719 0.003949425 -0.072730362 -2.828469038 -0.003615650 0.999982178 0.004720247 -0.519006729 0.072747700 -0.004444744 0.997340083 46.514598846
0.997279346 0.004643181 -0.073567480 -2.907862663 -0.004610443 0.999989033 0.000614770 -0.529679060 0.073569521 -0.000273922 0.997289658 47.468742371
0.997218966 0.005453773 -0.074325986 -2.983170033 -0.005515204 0.999984443 -0.000621324 -0.541656137 0.074321434 0.001029516 0.997233391 48.432064056
0.997218251 0.004151810 -0.074419491 -3.057440042 -0.003946861 0.999987841 0.002900778 -0.557530642 0.074430630 -0.002598988 0.997222364 49.402744293
0.997215986 0.002307534 -0.074529976 -3.129613400 -0.001856443 0.999979317 0.006121137 -0.572114766 0.074542567 -0.005965738 0.997199535 50.373252869
0.997174859 0.000201768 -0.075114004 -3.198459387 0.000315561 0.999976158 0.006875265 -0.584050834 0.075113617 -0.006879547 0.997150779 51.333137512
0.997147918 -0.002638072 -0.075424343 -3.270270824 0.003077811 0.999978781 0.005714521 -0.596194327 0.075407676 -0.005930367 0.997134686 52.287033081
0.997098744 -0.005213402 -0.075938679 -3.337182999 0.005571017 0.999974191 0.004498148 -0.609450817 0.075913280 -0.004908157 0.997101843 53.231285095
0.997009814 -0.006759818 -0.076977447 -3.411131859 0.007213681 0.999958038 0.005619479 -0.617900789 0.076936238 -0.006157970 0.997016490 54.177051544
0.996908903 -0.009755038 -0.077956870 -3.484608889 0.010546342 0.999896765 0.009745244 -0.625342607 0.077853762 -0.010537283 0.996908545 55.115562439
0.996848583 -0.010287324 -0.078656554 -3.558333397 0.011490857 0.999823391 0.014863792 -0.632551074 0.078489758 -0.015720781 0.996790409 56.064712524
0.996815562 -0.008555111 -0.079279974 -3.635450363 0.009945937 0.999803126 0.017164906 -0.638907254 0.079117522 -0.017898759 0.996704042 57.006187439
0.996715665 -0.007290526 -0.080650270 -3.715073347 0.008375634 0.999878705 0.013124326 -0.640882134 0.080544807 -0.013756720 0.996655524 57.931610107
0.996611357 -0.005798028 -0.082048036 -3.793684006 0.006264063 0.999965608 0.005423707 -0.646785140 0.082013763 -0.005919287 0.996613085 58.846183777
0.996548653 -0.004185355 -0.082902610 -3.874677658 0.004251570 0.999990761 0.000622159 -0.653595030 0.082899228 -0.000972485 0.996556938 59.756244659
0.996467352 0.000483971 -0.083976731 -3.959047556 -0.000352969 0.999998689 0.001574797 -0.665860772 0.083977364 -0.001539599 0.996465981 60.660789490
0.996353805 0.003091434 -0.085257851 -4.042113304 -0.002758912 0.999988139 0.004017724 -0.680649042 0.085269250 -0.003767862 0.996350288 61.535247803
0.996268570 0.005718132 -0.086113922 -4.125135422 -0.005252198 0.999970317 0.005636255 -0.696236849 0.086143591 -0.005162943 0.996268809 62.424747467
0.996164501 0.006487915 -0.087256059 -4.202734947 -0.006042692 0.999967337 0.005365645 -0.705969751 0.087288015 -0.004817810 0.996170878 63.286651611
0.996001005 0.008093058 -0.088971406 -4.281977177 -0.007574460 0.999952316 0.006164907 -0.715750158 0.089017056 -0.005466349 0.996014535 64.142250061
0.995872736 0.008916380 -0.090318576 -4.361962795 -0.008330186 0.999941766 0.006865177 -0.727410138 0.090374537 -0.006084478 0.995888710 64.978912354
0.995753825 0.009048526 -0.091607429 -4.441591740 -0.008410782 0.999937654 0.007345399 -0.736897409 0.091668196 -0.006543725 0.995767534 65.791244507
0.995635450 0.008899892 -0.092899300 -4.517954350 -0.008150175 0.999931157 0.008446490 -0.745209813 0.092968091 -0.007652485 0.995639145 66.589973450
0.995476067 0.011742475 -0.094280720 -4.598647118 -0.010733425 0.999879718 0.011202623 -0.753200471 0.094400942 -0.010139993 0.995482087 67.377624512
0.995329022 0.013279787 -0.095619343 -4.678812027 -0.011870889 0.999812722 0.015288278 -0.758691490 0.095804475 -0.014081785 0.995300055 68.158859253
0.995114863 0.016454948 -0.097339272 -4.757963181 -0.014859931 0.999743640 0.017088570 -0.765890419 0.097595520 -0.015558638 0.995104015 68.924079895
0.994940162 0.019159233 -0.098621525 -4.839976311 -0.017952792 0.999752998 0.013106100 -0.773654163 0.098848283 -0.011269258 0.995038211 69.666816711
0.994809031 0.019316185 -0.099905290 -4.919505119 -0.018830948 0.999805927 0.005797843 -0.780847609 0.099997915 -0.003886443 0.994979560 70.394569397
0.994662821 0.018520826 -0.101499192 -4.991928101 -0.018615622 0.999826729 0.000013283 -0.786203802 0.101481877 0.001876251 0.994835138 71.091323853
0.994616985 0.019411050 -0.101781644 -5.071280956 -0.019637957 0.999806404 -0.001227667 -0.791474342 0.101738147 0.003219835 0.994805515 71.786201477
0.994471610 0.022171779 -0.102634452 -5.144544125 -0.022046460 0.999754190 0.002355446 -0.804180384 0.102661483 -0.000079705 0.994715869 72.452644348
0.994329512 0.022483373 -0.103934683 -5.218100071 -0.022115668 0.999744415 0.004689136 -0.819646776 0.104013585 -0.002363968 0.994572580 73.105018616
0.994299054 0.019324515 -0.104857393 -5.286717415 -0.019281805 0.999813020 0.001421174 -0.830257177 0.104865298 0.000608761 0.994485795 73.742034912
0.994425654 0.011294140 -0.104829356 -5.343077660 -0.011738390 0.999924421 -0.003621812 -0.842931807 0.104780577 0.004832143 0.994483173 74.355117798
0.994560599 0.007376888 -0.103894286 -5.398841381 -0.008295062 0.999930143 -0.008408263 -0.854550660 0.103825055 0.009224329 0.994552314 74.946762085
0.994862378 0.009912245 -0.100746356 -5.462366581 -0.010838988 0.999903679 -0.008655529 -0.865406632 0.100650914 0.009703041 0.994873941 75.524963379
0.995209038 0.015072560 -0.096597172 -5.526340485 -0.015696896 0.999860406 -0.005706581 -0.877824306 0.096497737 0.007195511 0.995306611 76.089813232
0.995666265 0.013698850 -0.091979571 -5.574036598 -0.013996814 0.999898553 -0.002595126 -0.889799774 0.091934755 0.003871294 0.995756924 76.645935059
0.996223450 0.010096787 -0.086233288 -5.610846043 -0.009997565 0.999948621 0.001582435 -0.901262701 0.086244904 -0.000714342 0.996273100 77.189491272
0.996929169 0.005878780 -0.078082338 -5.640807629 -0.005503257 0.999972045 0.005023641 -0.915859520 0.078109756 -0.004578512 0.996933639 77.714637756
0.997677386 0.009572934 -0.067433842 -5.674367905 -0.009268718 0.999945223 0.004822794 -0.924481690 0.067476384 -0.004186573 0.997711480 78.230407715
0.998518884 0.014791436 -0.052349877 -5.703522205 -0.014583307 0.999883950 0.004355559 -0.932391226 0.052408293 -0.003585677 0.998618722 78.730628967
0.999206841 0.020081241 -0.034373891 -5.718848705 -0.019930037 0.999789894 0.004735946 -0.936925113 0.034461841 -0.004047120 0.999397278 79.216598511
0.999748409 0.018688789 -0.012369599 -5.709658146 -0.018626546 0.999813080 0.005128425 -0.942000628 0.012463201 -0.004896736 0.999909759 79.693214417
0.999786913 0.015259122 0.013865439 -5.683049679 -0.015341048 0.999865055 0.005821215 -0.947719574 -0.013774676 -0.006032690 0.999886334 80.155906677
0.998967886 0.014107020 0.043164559 -5.639059067 -0.014431187 0.999869585 0.007207544 -0.955944717 -0.043057188 -0.007823027 0.999041438 80.608131409
0.997016728 0.013667579 0.075958803 -5.579881668 -0.014348261 0.999861300 0.008422624 -0.962515414 -0.075833097 -0.009487380 0.997074902 81.057632446
0.993430674 0.013872119 0.113586798 -5.506772518 -0.014949102 0.999850631 0.008635229 -0.965170801 -0.113450006 -0.010276528 0.993490100 81.505897522
0.987791538 0.014270495 0.155122831 -5.412950993 -0.015747411 0.999841273 0.008296194 -0.967679381 -0.154979795 -0.010637700 0.987859905 81.935745239
0.979678869 0.013955960 0.200083524 -5.296979904 -0.015885567 0.999841213 0.008041699 -0.974682808 -0.199939519 -0.011056731 0.979745448 82.355484009
0.968355477 0.016188933 0.249047190 -5.165358067 -0.018196832 0.999817550 0.005762061 -0.984701991 -0.248908490 -0.010111600 0.968473792 82.760734558
0.953105211 0.016944086 0.302162528 -5.009520531 -0.018637983 0.999822319 0.002723320 -0.994978428 -0.302062750 -0.008227317 0.953252137 83.150703430
0.933552265 0.017418792 0.358016074 -4.832033634 -0.018722922 0.999824464 0.000176236 -1.000651598 -0.357950240 -0.006867638 0.933714986 83.520240784
0.909644365 0.017991498 0.414996624 -4.631521225 -0.018965520 0.999818325 -0.001774347 -1.009821653 -0.414953232 -0.006256607 0.909820795 83.868949890
0.880800247 0.017799558 0.473152041 -4.418177605 -0.018390330 0.999824941 -0.003377841 -1.024023652 -0.473129451 -0.005726224 0.880973876 84.194564819
0.847445309 0.016205583 0.530634165 -4.180354595 -0.015698113 0.999861598 -0.005465245 -1.037223697 -0.530649424 -0.003698464 0.847582936 84.502716064
0.810880303 0.015849357 0.584996343 -3.919755459 -0.014603398 0.999869645 -0.006847362 -1.049157023 -0.585028827 -0.002990547 0.811006546 84.792129517
0.771516204 0.014545146 0.636042356 -3.642234087 -0.013667759 0.999886572 -0.006286683 -1.059496164 -0.636061847 -0.003843000 0.771628022 85.058021545
0.729272246 0.014076311 0.684077859 -3.352632284 -0.014975867 0.999876976 -0.004609258 -1.067077279 -0.684058845 -0.006883262 0.729393780 85.305000305
0.684215546 0.013229943 0.729158998 -3.048815250 -0.014166235 0.999887645 -0.004849004 -1.071840763 -0.729141414 -0.007011681 0.684326530 85.536010742
0.637888670 0.012314610 0.770029306 -2.731036901 -0.010836152 0.999916375 -0.007014431 -1.075578213 -0.770051539 -0.003869736 0.637969196 85.741905212
0.591322660 0.010086231 0.806371272 -2.405192375 -0.005192353 0.999948382 -0.008699901 -1.081401706 -0.806417584 0.000957480 0.591344893 85.922241211
0.544747114 0.012200468 0.838510931 -2.073566198 -0.007001168 0.999925196 -0.010000687 -1.091252327 -0.838570416 -0.000422715 0.544792175 86.093742371
0.497425258 0.015338703 0.867370546 -1.737248898 -0.010744752 0.999875605 -0.011519967 -1.098699212 -0.867439568 -0.003589365 0.497528583 86.256027222
0.451952338 0.017479317 0.891870141 -1.397854567 -0.011533381 0.999838650 -0.013750830 -1.109981060 -0.891966820 -0.004071564 0.452081442 86.394927979
0.409878552 0.015071379 0.912014961 -1.045154810 -0.004002792 0.999883294 -0.014724493 -1.117297292 -0.912130654 0.002384645 0.409891486 86.507316589
0.370402753 0.007893604 0.928837061 -0.680211902 0.011085187 0.999854803 -0.012917700 -1.122315884 -0.928804457 0.015081084 0.370261908 86.599090576
0.335187584 0.004431024 0.942140400 -0.317188203 0.015473173 0.999827862 -0.010207262 -1.127674699 -0.942023754 0.017999249 0.335061729 86.690200806
0.302006692 0.008569894 0.953266740 0.042985499 0.012993482 0.999829352 -0.013104987 -1.136331201 -0.953216672 0.016344046 0.301844180 86.786277771
0.270831883 0.016102724 0.962491453 0.406345665 0.002452530 0.999844909 -0.017417762 -1.151971221 -0.962622941 0.007077822 0.270750791 86.887161255
0.242467940 0.020320524 0.969946086 0.784496129 -0.002351199 0.999789596 -0.020357993 -1.173780918 -0.970156014 0.002655621 0.242465109 86.973854065
0.216894627 0.021986136 0.975946903 1.176197410 -0.001111156 0.999750912 -0.022275446 -1.191883922 -0.976193845 0.003746993 0.216865435 87.040893555
0.193587080 0.023391264 0.980803728 1.576178789 0.006357927 0.999664485 -0.025095971 -1.204259992 -0.981061935 0.011094135 0.193373799 87.094207764
0.173565149 0.029838011 0.984369814 1.985346556 0.013217892 0.999379992 -0.032623585 -1.205011010 -0.984733045 0.018673616 0.173063532 87.141342163
0.153752536 0.036596142 0.987431049 2.404531956 0.015146115 0.999108911 -0.039387342 -1.209609747 -0.987992704 0.021011654 0.153061643 87.193519592
0.136048689 0.037463151 0.989993155 2.839260340 0.012744186 0.999135613 -0.039560471 -1.225084543 -0.990619659 0.017998813 0.135454044 87.251113892
0.120545477 0.033040054 0.992157400 3.292604923 0.010537988 0.999346733 -0.034559816 -1.253279805 -0.992651343 0.014621374 0.120118938 87.302986145
0.106138609 0.029803108 0.993904233 3.760380745 0.010835821 0.999456286 -0.031126751 -1.276100039 -0.994291842 0.014073518 0.105758339 87.344093323
0.092949994 0.027345289 0.995294809 4.245120525 0.013209894 0.999500513 -0.028694509 -1.296787381 -0.995582759 0.015814893 0.092542723 87.378723145
0.081325978 0.026601953 0.996332049 4.741552830 0.016779479 0.999465108 -0.028055243 -1.315582037 -0.996545970 0.018999552 0.080836497 87.408493042
0.071309783 0.027250696 0.997081459 5.253711224 0.019988257 0.999386489 -0.028743232 -1.332572579 -0.997253597 0.021979596 0.070721723 87.432678223
0.063481890 0.027853290 0.997593820 5.775706291 0.021984458 0.999328375 -0.029300708 -1.350849509 -0.997740567 0.023791624 0.062827289 87.459297180
0.057983480 0.028263254 0.997916996 6.325036526 0.023707427 0.999277771 -0.029679311 -1.369048715 -0.998035848 0.025378952 0.057271931 87.484268188
0.052424282 0.029345937 0.998193264 6.887488842 0.024968972 0.999216557 -0.030687382 -1.387977958 -0.998312593 0.026532620 0.051650845 87.509216309
0.046444237 0.030092929 0.998467147 7.465557098 0.025475824 0.999184728 -0.031299591 -1.407997251 -0.998595893 0.026890453 0.045640096 87.536476135
0.042100154 0.030066071 0.998660564 8.060806274 0.028035704 0.999117374 -0.031261727 -1.432217479 -0.998719931 0.029314270 0.041220430 87.557327271
0.039279532 0.030048275 0.998776019 8.680763245 0.029487874 0.999076962 -0.031217029 -1.455285192 -0.998793066 0.030677967 0.038357567 87.577659607
0.036278099 0.029610435 0.998902619 9.320749283 0.030470470 0.999062836 -0.030721821 -1.479623795 -0.998877048 0.031551559 0.035342205 87.598213196
0.033971533 0.029007141 0.999001384 9.977692604 0.032700785 0.999010682 -0.030119427 -1.502837777 -0.998887658 0.033691332 0.032989711 87.616661072
0.033343174 0.028645320 0.999032974 10.645276070 0.037008323 0.998867691 -0.029875761 -1.526568294 -0.998758495 0.037968688 0.032245640 87.633216858
0.034380719 0.028340265 0.999006510 11.335485458 0.040176693 0.998750031 -0.029715678 -1.549844742 -0.998600900 0.041158427 0.033199463 87.651458740
0.036812309 0.028294083 0.998921156 12.043018341 0.041855995 0.998677671 -0.029829677 -1.573270440 -0.998445272 0.042908940 0.035579693 87.674743652
0.040737066 0.028223246 0.998770773 12.767308235 0.044279527 0.998567402 -0.030023545 -1.598502994 -0.998188257 0.045448173 0.039429333 87.702125549
0.045095269 0.027818725 0.998594820 13.501253128 0.044583905 0.998559594 -0.029831102 -1.624953628 -0.997987270 0.045866501 0.043790389 87.735954285
0.049125090 0.026134694 0.998450220 14.253912926 0.046142492 0.998530328 -0.028407071 -1.651363134 -0.997726142 0.047466487 0.047847316 87.772453308
0.053096153 0.024527872 0.998287678 14.997505188 0.045956090 0.998578548 -0.026979301 -1.680137396 -0.997531235 0.047309898 0.051893819 87.814628601
0.057271659 0.022466330 0.998105347 15.771525383 0.042826205 0.998770773 -0.024938695 -1.705701470 -0.997439504 0.044173349 0.056239460 87.865226746
0.061352808 0.021407587 0.997886062 16.561191559 0.042204246 0.998819709 -0.024022454 -1.729856968 -0.997223258 0.043588877 0.060377255 87.917716980
0.065404847 0.022424767 0.997606337 17.341123581 0.039463505 0.998906732 -0.025041301 -1.757318139 -0.997078001 0.041006867 0.064448737 87.977684021
0.068376005 0.026413076 0.997309387 18.114721298 0.037217956 0.998885632 -0.029006507 -1.790156841 -0.996964991 0.039101165 0.067317128 88.038009644
0.069741122 0.031897884 0.997054517 18.894813538 0.031386536 0.998923182 -0.034153070 -1.818864226 -0.997071028 0.033675954 0.068665221 88.100173950
0.069683298 0.034946240 0.996956348 19.696233749 0.028664866 0.998902917 -0.037018042 -1.855612040 -0.997157037 0.031157151 0.068605483 88.158058167
0.069912642 0.034529615 0.996954858 20.495475769 0.026592679 0.998980582 -0.036464628 -1.891645670 -0.997198403 0.029061025 0.068923496 88.218299866
0.070097968 0.032981481 0.996994257 21.307865143 0.024090772 0.999105334 -0.034745134 -1.928583264 -0.997248948 0.026453907 0.069241062 88.278152466
0.069980860 0.031775806 0.997041643 22.124479294 0.025073394 0.999120295 -0.033601929 -1.965869308 -0.997232974 0.027350690 0.069122918 88.336517334
0.070523798 0.031261124 0.997019649 22.927440643 0.022592675 0.999201894 -0.032927644 -2.003105640 -0.997254014 0.024847502 0.069761589 88.393928528
0.070733570 0.031649243 0.996992528 23.730684280 0.020968964 0.999228001 -0.033207905 -2.041791201 -0.997274637 0.023254789 0.070015647 88.453956604
0.070846401 0.032252625 0.996965170 24.536468506 0.017914930 0.999274313 -0.033600412 -2.082967758 -0.997326195 0.020241002 0.070217520 88.515586853
0.069742650 0.033685211 0.996995628 25.343622208 0.015279529 0.999275923 -0.034831114 -2.120595932 -0.997447789 0.017662810 0.069177791 88.577987671
0.066860892 0.033432972 0.997201502 26.156803131 0.012589701 0.999330163 -0.034348473 -2.157176495 -0.997682691 0.014851009 0.066395529 88.642135620
0.062863730 0.032305285 0.997498631 26.961006165 0.010220699 0.999402225 -0.033011075 -2.193944216 -0.997969568 0.012270299 0.062496297 88.700210571
0.057896975 0.029939430 0.997873008 27.772321701 0.008306966 0.999500692 -0.030470250 -2.230398417 -0.998287737 0.010053397 0.057619687 88.756782532
0.051701054 0.027903179 0.998272181 28.572025299 0.006118287 0.999581456 -0.028256658 -2.269657850 -0.998643637 0.007568577 0.051509019 88.798156738
0.044318181 0.028148392 0.998620331 29.374605179 0.005869390 0.999577880 -0.028435880 -2.305794477 -0.999000013 0.007121480 0.044134580 88.835243225
0.035729930 0.029207097 0.998934150 30.169958115 0.005669491 0.999550343 -0.029427920 -2.341279268 -0.999345243 0.006714866 0.035548586 88.863021851
0.025829602 0.029779101 0.999222279 30.972637177 0.006739651 0.999527872 -0.029962441 -2.372092485 -0.999643445 0.007508289 0.025617007 88.885238647
0.015497235 0.028829351 0.999463797 31.775730133 0.008289204 0.999545813 -0.028960260 -2.405588388 -0.999845326 0.008733525 0.015251516 88.900856018
0.004605880 0.027747976 0.999603927 32.576004028 0.007549727 0.999585152 -0.027782252 -2.440237045 -0.999960601 0.007674660 0.004394766 88.907440186
-0.006276025 0.027247122 0.999608576 33.357479095 0.009522637 0.999584675 -0.027186694 -2.467009783 -0.999934673 0.009348247 -0.006532602 88.895347595
-0.017367056 0.027806472 0.999461949 34.137187958 0.010099383 0.999566793 -0.027633905 -2.494742393 -0.999797881 0.009613993 -0.017640084 88.883522034
-0.028323047 0.028315894 0.999197185 34.914691925 0.010280926 0.999553800 -0.028034586 -2.532065392 -0.999545574 0.009478611 -0.028601252 88.857902527
-0.038910419 0.029470442 0.998807549 35.684967041 0.009801134 0.999527872 -0.029109880 -2.565102577 -0.999194205 0.008656734 -0.039180629 88.828674316
-0.049034148 0.030410459 0.998333573 36.444637299 0.010856727 0.999493241 -0.029912554 -2.601104736 -0.998737693 0.009371863 -0.049339205 88.785797119
-0.058516789 0.031091990 0.997801661 37.209526062 0.011786981 0.999466360 -0.030452618 -2.635729074 -0.998216391 0.009979046 -0.058851797 88.737922668
-0.068026796 0.031573959 0.997183323 37.959873199 0.012747984 0.999444664 -0.030775918 -2.669036627 -0.997601569 0.010618458 -0.068391286 88.680595398
-0.077239357 0.031879123 0.996502399 38.698627472 0.013297579 0.999432385 -0.030942170 -2.705577374 -0.996923506 0.010861082 -0.077619195 88.618194580
-0.085775472 0.031463835 0.995817125 39.427501678 0.014580064 0.999433458 -0.030322246 -2.738111973 -0.996207476 0.011918139 -0.086185388 88.550437927
-0.093039259 0.030412169 0.995197475 40.157413483 0.016339585 0.999445081 -0.029014427 -2.770801544 -0.995528042 0.013561599 -0.093484320 88.478919983
-0.098177589 0.028714463 0.994754195 40.873435974 0.019034507 0.999454677 -0.026971543 -2.804965496 -0.994986534 0.016286623 -0.098670378 88.403396606
-0.101898752 0.027123159 0.994424641 41.576171875 0.022202369 0.999440908 -0.024984919 -2.834328413 -0.994546652 0.019532619 -0.102443747 88.328384399
-0.104466438 0.026252925 0.994181514 42.289615631 0.024145603 0.999423504 -0.023854198 -2.858826160 -0.994234860 0.021513119 -0.105039872 88.249984741
-0.106354311 0.025389796 0.994003773 42.977367401 0.024059597 0.999446690 -0.022954565 -2.888731480 -0.994036734 0.021473981 -0.106906086 88.180740356
-0.107128121 0.025775792 0.993910730 43.635799408 0.024754375 0.999422848 -0.023250626 -2.918371201 -0.993936598 0.022112811 -0.107704118 88.111900330
-0.106379628 0.026724227 0.993966103 44.294876099 0.025296016 0.999387681 -0.024162699 -2.947781801 -0.994003415 0.022572933 -0.106990270 88.044914246
-0.103258811 0.028495491 0.994246006 44.921260834 0.026537677 0.999312401 -0.025884610 -2.972520351 -0.994300127 0.023712134 -0.103943780 87.979499817
-0.098062538 0.029042440 0.994756162 45.537548065 0.026774701 0.999289036 -0.026535366 -2.998734474 -0.994819701 0.024032140 -0.098770186 87.922752380
-0.090176076 0.029742345 0.995481372 46.140827179 0.026055487 0.999282122 -0.027495677 -3.026178360 -0.995584667 0.023458268 -0.090886056 87.877258301
-0.079180434 0.029754452 0.996415913 46.733505249 0.024917481 0.999301076 -0.027860556 -3.053090572 -0.996548593 0.022622129 -0.079866260 87.843215942
-0.065610811 0.030084476 0.997391462 47.292892456 0.024015000 0.999303401 -0.028562402 -3.081758738 -0.997556031 0.022078319 -0.066287339 87.818786621
-0.048551098 0.031328399 0.998329043 47.834587097 0.022852940 0.999281108 -0.030246902 -3.111707687 -0.998558998 0.021346198 -0.049231894 87.807060242
-0.027503340 0.033897765 0.999046564 48.364875793 0.020907128 0.999225676 -0.033328298 -3.139105320 -0.999402821 0.019970521 -0.028190499 87.809814453
-0.003102969 0.036745291 0.999319613 48.869831085 0.018463004 0.999156356 -0.036681980 -3.168065786 -0.999824524 0.018336587 -0.003778530 87.827926636
0.024932409 0.038376261 0.998952031 49.389400482 0.016147869 0.999117017 -0.038785648 -3.196806669 -0.999558449 0.017097931 0.024290951 87.864166260
0.057896920 0.037507001 0.997617543 49.902667999 0.013387210 0.999174953 -0.038342506 -3.227678299 -0.998232543 0.015575194 0.057347290 87.916549683
0.095845535 0.034876000 0.994784832 50.408103943 0.012075339 0.999271691 -0.036196765 -3.255593061 -0.995322764 0.015481627 0.095354840 87.986572266
0.137703285 0.030958056 0.989989400 50.903884888 0.009687655 0.999421477 -0.032600544 -3.284659147 -0.990425944 0.014079841 0.137323961 88.082115173
0.183311626 0.026583748 0.982695162 51.397075653 0.006746441 0.999576688 -0.028298927 -3.311270714 -0.983031452 0.011817179 0.183054939 88.198493958
0.231215179 0.023389990 0.972621262 51.877456665 0.001847114 0.999698579 -0.024480283 -3.335348368 -0.972900629 0.007456716 0.231102526 88.348373413
0.282530129 0.021992184 0.959006131 52.343032837 -0.002262287 0.999749660 -0.022260062 -3.356208324 -0.959255457 0.004119552 0.282509387 88.520996094
0.336717397 0.021950396 0.941349685 52.788200378 -0.003561600 0.999750793 -0.022038244 -3.371414661 -0.941598654 0.004067909 0.336711884 88.719665527
0.394254863 0.022301553 0.918730319 53.219314575 -0.002485659 0.999727726 -0.023201061 -3.393419266 -0.918997407 0.006863441 0.394203156 88.940437317
0.453853190 0.025460323 0.890712500 53.626358032 -0.001948666 0.999617636 -0.027580395 -3.413989305 -0.891074002 0.010781708 0.453729451 89.185722351
0.512877285 0.028416997 0.857991338 54.014297485 -0.001281266 0.999476135 -0.032337159 -3.436868191 -0.858460605 0.015485639 0.512645185 89.461616516
0.570576251 0.032214150 0.820612371 54.378612518 -0.005402586 0.999355912 -0.035474524 -3.456859827 -0.821226478 0.015807454 0.570382953 89.767631531
0.626413524 0.034366783 0.778732777 54.722457886 -0.008650801 0.999272525 -0.037140876 -3.477498770 -0.779442549 0.016528849 0.626255274 90.093757629
0.679182708 0.034878198 0.733139873 55.035533905 -0.010135131 0.999220669 -0.038147464 -3.494387388 -0.733898938 0.018478591 0.679007053 90.434997559
0.728027701 0.032575686 0.684773147 55.317310333 -0.010384788 0.999279737 -0.036496509 -3.514256716 -0.685468793 0.019459207 0.727841794 90.786354065
0.773148775 0.028053004 0.633603752 55.581386566 -0.011558526 0.999478519 -0.030148072 -3.537518740 -0.634119034 0.015985383 0.773070037 91.169013977
0.814300597 0.023108570 0.579983115 55.822360992 -0.012071764 0.999665201 -0.022881368 -3.550295353 -0.580317557 0.011630855 0.814307094 91.573646545
0.850385189 0.020662278 0.525754750 56.032913208 -0.014208158 0.999765933 -0.016309991 -3.561229229 -0.525968552 0.006399728 0.850479782 91.997283936
0.881178439 0.017653456 0.472454071 56.217365265 -0.015241571 0.999843895 -0.008932457 -3.570122719 -0.472537875 0.000670106 0.881309986 92.425544739
0.906400919 0.018207259 0.422025800 56.370098114 -0.018625254 0.999821544 -0.003132710 -3.584406853 -0.422007412 -0.005020887 0.906578302 92.859878540
0.926327586 0.019855144 0.376195252 56.512363434 -0.021776840 0.999762356 0.000856050 -3.597811222 -0.376088768 -0.008985367 0.926539898 93.311721802
0.941350341 0.025827972 0.336440742 56.627388000 -0.028781656 0.999578357 0.003794185 -3.607699871 -0.336200804 -0.013255019 0.941696882 93.767662048
0.953015924 0.030338334 0.301396877 56.733955383 -0.032750536 0.999459028 0.002952381 -3.608636856 -0.301144183 -0.012684613 0.953494132 94.223670959
0.962166727 0.032144736 0.270558208 56.840259552 -0.034304261 0.999405980 0.003255339 -3.609522820 -0.270292789 -0.012413516 0.962698042 94.687339783
0.968283832 0.026423214 0.248451307 56.956829071 -0.028238267 0.999594092 0.003743807 -3.614283800 -0.248251468 -0.010640942 0.968637049 95.155532837
0.972226202 0.023766194 0.232832983 57.065567017 -0.025516616 0.999664128 0.004508371 -3.620820045 -0.232647583 -0.010324307 0.972506166 95.639648438
0.975070298 0.027985916 0.220123947 57.158569336 -0.029636875 0.999551833 0.004200591 -3.622859478 -0.219907671 -0.010619698 0.975462735 96.132148743
0.977007270 0.033418573 0.210570246 57.245056152 -0.035182800 0.999370098 0.004636544 -3.620436668 -0.210282579 -0.011938429 0.977567613 96.634140015
0.977977574 0.041221101 0.204598546 57.331871033 -0.042805761 0.999077857 0.003323463 -3.621478319 -0.204272792 -0.012008309 0.978840172 97.148338318
0.978329718 0.046820886 0.201689407 57.424411774 -0.047734570 0.998860002 -0.000334037 -3.624494553 -0.201475024 -0.009300798 0.979449332 97.671676636
0.978451252 0.048104148 0.200795785 57.529022217 -0.048538212 0.998817444 -0.002764020 -3.634757996 -0.200691208 -0.007041848 0.979629040 98.197929382
0.978013933 0.046688564 0.203245491 57.642379761 -0.046369269 0.998904228 -0.006335329 -3.642395258 -0.203318506 -0.003228344 0.979107082 98.730102539
0.977300406 0.045012977 0.207020864 57.761524200 -0.043278977 0.998979688 -0.012899699 -3.646338701 -0.207390234 0.003647189 0.978251278 99.276115417
0.976386368 0.045608576 0.211162150 57.879867554 -0.042848516 0.998925924 -0.017630525 -3.653584003 -0.211739391 0.008166179 0.977291822 99.828330994
0.975193262 0.050415069 0.215537146 57.998588562 -0.047833681 0.998707473 -0.017179562 -3.665351152 -0.216124594 0.006443419 0.976344287 100.405303955
0.973778367 0.053265318 0.221174970 58.124271393 -0.051616896 0.998579204 -0.013230400 -3.676624298 -0.221565381 0.001467072 0.975144148 100.995941162
0.972875476 0.050027750 0.225854903 58.264934540 -0.049338970 0.998744071 -0.008697014 -3.687485933 -0.226006284 -0.002682375 0.974121869 101.599258423
0.972197056 0.045583222 0.229684174 58.413490295 -0.046090774 0.998932123 -0.003157557 -3.698183298 -0.229582787 -0.007516593 0.973259807 102.208717346
0.971422374 0.042990804 0.233431205 58.561687469 -0.044545341 0.999006212 0.001389052 -3.706526279 -0.233139485 -0.011747669 0.972372055 102.830528259
0.970901012 0.038334835 0.236392617 58.716297150 -0.039936393 0.999200046 0.001988656 -3.712607622 -0.236127272 -0.011371497 0.971655309 103.460433960
0.970991611 0.034816727 0.236564785 58.876880646 -0.035572845 0.999366343 -0.001072575 -3.720568657 -0.236452222 -0.007373863 0.971614838 104.100227356
0.971117437 0.034076013 0.236155629 59.036663055 -0.033109069 0.999419034 -0.008060057 -3.730959892 -0.236293107 0.000008327 0.971681535 104.750617981
0.971239865 0.036352489 0.235311046 59.190773010 -0.033842593 0.999318838 -0.014697392 -3.740567923 -0.235685080 0.006311116 0.971808672 105.406272888
0.971759200 0.039218675 0.232691988 59.340400696 -0.035912443 0.999184728 -0.018429775 -3.750608683 -0.233225092 0.009552726 0.972375512 106.074699402
0.972395957 0.037567642 0.230292156 59.504180908 -0.035246082 0.999277651 -0.014187906 -3.761122942 -0.230658844 0.005679324 0.973017752 106.768852234
0.972824395 0.033589929 0.229094267 59.665504456 -0.032941673 0.999434829 -0.006654441 -3.775615454 -0.229188338 -0.001073187 0.973381162 107.469978333
0.973406076 0.033746194 0.226586685 59.825515747 -0.034487199 0.999404609 -0.000688762 -3.793052435 -0.226475030 -0.007143937 0.973990440 108.183456421
0.973685503 0.037066780 0.224860594 59.982452393 -0.037744794 0.999286234 -0.001284245 -3.805087805 -0.224747717 -0.007236908 0.974389791 108.906730652
0.973927021 0.042965710 0.222754925 60.132431030 -0.042730730 0.999068916 -0.005876863 -3.813519478 -0.222800046 -0.003794888 0.974856496 109.636199951
0.974763751 0.043877378 0.218883500 60.289703369 -0.042465307 0.999035299 -0.011153919 -3.822736263 -0.219161734 0.001577441 0.975686967 110.376823425
0.975692511 0.042618755 0.214958787 60.451717377 -0.040561955 0.999078929 -0.013972472 -3.831686258 -0.215356290 0.004913649 0.976522863 111.126464844
0.976593971 0.040578876 0.211227551 60.611228943 -0.038824327 0.999168098 -0.012448734 -3.846071243 -0.211556986 0.003956552 0.977357328 111.893966675
0.977455258 0.036931921 0.207886636 60.775318146 -0.035540208 0.999313474 -0.010426854 -3.861144781 -0.208129004 0.002803409 0.978097022 112.675086975
0.977847695 0.035881709 0.206218243 60.934108734 -0.035053756 0.999355674 -0.007668339 -3.878592491 -0.206360504 0.000269704 0.978475690 113.461280823
0.978223503 0.032659732 0.204967633 61.103160858 -0.032248877 0.999465227 -0.005345499 -3.891397715 -0.205032587 -0.001380923 0.978753865 114.246803284
0.978445709 0.027493674 0.204664946 61.271163940 -0.027223337 0.999620497 -0.004136900 -3.899960041 -0.204700992 -0.001523971 0.978823066 115.041931152
0.978558302 0.028465778 0.203992665 61.430171967 -0.028538013 0.999589026 -0.002588150 -3.912112236 -0.203982487 -0.003288931 0.978968740 115.834762573
0.978268743 0.034062363 0.204522908 61.582019806 -0.033837676 0.999416471 -0.004596750 -3.924452066 -0.204560116 -0.002423764 0.978850782 116.645965576
0.977939367 0.039922494 0.205037430 61.740825653 -0.039138649 0.999202430 -0.007878670 -3.939553738 -0.205188423 -0.000320065 0.978722215 117.457695007
0.977343976 0.048824448 0.205947667 61.897815704 -0.047892336 0.998806894 -0.009511637 -3.953008890 -0.206166342 -0.000567214 0.978516579 118.283073425
0.976383388 0.054813873 0.208974749 62.054473877 -0.054167148 0.998492599 -0.008820867 -3.968989134 -0.209143236 -0.002707057 0.977881074 119.108329773
0.975597918 0.057550702 0.211887151 62.222156525 -0.057422258 0.998326719 -0.006764752 -3.990838289 -0.211921930 -0.005567402 0.977270484 119.941589355
0.975012541 0.058083747 0.214420646 62.404479980 -0.057825625 0.998298347 -0.007481494 -4.010305882 -0.214490324 -0.005104498 0.976712465 120.782417297
0.974713981 0.056554034 0.216179714 62.586807251 -0.055672165 0.998396933 -0.010171717 -4.027927399 -0.216408402 -0.002120718 0.976300299 121.601287842
0.974708080 0.050658103 0.217663199 62.776271820 -0.049918793 0.998713315 -0.008897465 -4.046465397 -0.217833862 -0.002193095 0.975983083 122.440666199
0.975014985 0.044000253 0.217736453 62.971153259 -0.042787448 0.999031007 -0.010283930 -4.068586826 -0.217977941 0.000710556 0.975953102 123.260871887
0.974775195 0.043287072 0.218949735 63.157440186 -0.042044315 0.999062061 -0.010334278 -4.091684341 -0.219191685 0.000867963 0.975681067 124.095489502
0.974215031 0.045974676 0.220886484 63.342430115 -0.045473818 0.998938203 -0.007354715 -4.108527184 -0.220990062 -0.002879520 0.975271463 124.942115784
0.973785698 0.048007753 0.222342223 63.517070770 -0.048838180 0.998804867 -0.001765008 -4.121428967 -0.222161219 -0.009140093 0.974966764 125.775382996
0.973418891 0.051422685 0.223183379 63.692848206 -0.053332876 0.998573303 0.002535705 -4.138294697 -0.222734556 -0.014371359 0.974772871 126.588706970
0.973207951 0.050822783 0.224238142 63.878334045 -0.051248357 0.998677969 -0.003925604 -4.153686523 -0.224141195 -0.007671447 0.974526167 127.419998169
0.973502815 0.046820756 0.223829329 64.065864563 -0.043876860 0.998872578 -0.018110693 -4.174567223 -0.224424914 0.007809844 0.974459767 128.226150513
