1.000000000 0.000000000 0.000000000 0.000000000 0.000000000 1.000000000 0.000000000 0.000000000 0.000000000 0.000000000 1.000000000 0.000000000
0.999991238 -0.002539216 -0.003323168 -0.001279989 0.002532250 0.999994576 -0.002098745 -0.005460165 0.003328480 0.002090311 0.999992251 0.670537651
0.999971330 -0.001506542 -0.007418213 -0.011600312 0.001480430 0.999992669 -0.003524182 -0.013570184 0.007423469 0.003513099 0.999966204 1.359997988
0.999935150 -0.001499392 -0.011286875 -0.027221911 0.001443313 0.999986529 -0.004975033 -0.018228756 0.011294182 0.004958420 0.999923885 2.066107035
0.999870062 0.000008777 -0.016116982 -0.045833521 -0.000098480 0.999984503 -0.005564934 -0.024160612 0.016116682 0.005565798 0.999854565 2.793498516
0.999783874 -0.000951902 -0.020764569 -0.058047693 0.000828506 0.999981940 -0.005950429 -0.028921572 0.020769857 0.005931941 0.999766588 3.532337666
0.999677300 0.001003849 -0.025380796 -0.080170043 -0.001184463 0.999974072 -0.007102175 -0.041353192 0.025373006 0.007129947 0.999652505 4.287501812
0.999534965 0.003672464 -0.030270606 -0.109499201 -0.003905744 0.999963105 -0.007650945 -0.050097346 0.030241389 0.007765618 0.999512374 5.046808243
0.999394178 0.003830871 -0.034592550 -0.142296821 -0.004043745 0.999973357 -0.006085884 -0.058109853 0.034568310 0.006222081 0.999382913 5.821765900
0.999232113 0.003289726 -0.039043222 -0.177603781 -0.003425009 0.999988437 -0.003398578 -0.068164632 0.039031584 0.003529693 0.999231696 6.607927799
0.999090672 0.002974927 -0.042533688 -0.216133282 -0.003008445 0.999995291 -0.000724055 -0.082204938 0.042531326 0.000851359 0.999094725 7.416387081
0.998970628 0.004704983 -0.045117527 -0.260376632 -0.004766770 0.999987900 -0.001262000 -0.093945846 0.045111038 0.001475768 0.998980820 8.229202271
0.998865187 0.004181287 -0.047443062 -0.300484836 -0.004253232 0.999990046 -0.001415646 -0.103394054 0.047436662 0.001615828 0.998872876 9.052124023
0.998784542 0.001112982 -0.049276985 -0.337658077 -0.001209356 0.999997497 -0.001926042 -0.110784665 0.049274709 0.001983297 0.998783231 9.889019012
0.998664141 0.001051304 -0.051660489 -0.377760023 -0.001105781 0.999998927 -0.001025995 -0.122022294 0.051659346 0.001081752 0.998664081 10.725925446
0.998581886 -0.000330971 -0.053235386 -0.421323389 0.000266030 0.999999285 -0.001227002 -0.133259773 0.053235739 0.001211102 0.998581171 11.571056366
0.998480022 0.002033984 -0.055077318 -0.472370923 -0.002226608 0.999991655 -0.003436233 -0.147654817 0.055069856 0.003553647 0.998476148 12.425636292
0.998393714 0.002729340 -0.056590572 -0.522768497 -0.003080059 0.999976635 -0.006111222 -0.156354830 0.056572560 0.006275710 0.998378754 13.280910492
0.998269320 0.006711632 -0.058422238 -0.580907583 -0.007171826 0.999944925 -0.007670966 -0.167794779 0.058367521 0.008076686 0.998262465 14.153449059
0.998209953 0.007596686 -0.059321001 -0.639030337 -0.008045448 0.999940872 -0.007329821 -0.181562245 0.059261795 0.007793966 0.998211980 15.039717674
0.998132050 0.007113355 -0.060677066 -0.693312228 -0.007486229 0.999954581 -0.005920138 -0.195109576 0.060632184 0.006363323 0.998139858 15.914356232
0.998032391 0.007933709 -0.062195946 -0.751872599 -0.008230350 0.999956012 -0.004514733 -0.207356513 0.062157381 0.005017746 0.998053730 16.806554794
0.997973621 0.007698942 -0.063161127 -0.811520815 -0.007991415 0.999958575 -0.004379277 -0.220719993 0.063124783 0.004875151 0.997993708 17.709548950
0.997854650 0.007631581 -0.065021880 -0.868213952 -0.007993001 0.999954104 -0.005300131 -0.233883828 0.064978428 0.005808482 0.997869730 18.608310699
0.997788787 0.005926449 -0.066199005 -0.928056657 -0.006342059 0.999961555 -0.006069853 -0.246473104 0.066160470 0.006476271 0.997787893 19.503841400
0.997744560 0.006182313 -0.066839479 -0.988147259 -0.006489741 0.999969423 -0.004383386 -0.258799434 0.066810317 0.004807272 0.997754037 20.436941147
0.997730494 0.007373614 -0.066928148 -1.051236629 -0.007445280 0.999972045 -0.000821466 -0.275272936 0.066920206 0.001317902 0.997757375 21.342060089
0.997776926 0.008343451 -0.066115975 -1.116850138 -0.008168814 0.999962509 0.002911210 -0.286388785 0.066137768 -0.002364647 0.997807622 22.268167496
0.997883856 0.006986614 -0.064643040 -1.176974535 -0.006623700 0.999961197 0.005826655 -0.291694701 0.064681225 -0.005386147 0.997891307 23.197841644
0.997977614 0.007184201 -0.063155845 -1.239113092 -0.006782877 0.999955535 0.006566529 -0.297979504 0.063200191 -0.006124869 0.997981966 24.137573242
0.998063862 0.007441587 -0.061746873 -1.300294757 -0.007213918 0.999966502 0.003909157 -0.309401184 0.061773866 -0.003456150 0.998084068 25.071893692
0.998117387 0.008378255 -0.060753364 -1.364569306 -0.008458431 0.999963820 -0.001062707 -0.314207405 0.060742233 0.001574585 0.998152077 25.991333008
0.998193741 0.007662612 -0.059581582 -1.422001362 -0.007908854 0.999961317 -0.003898226 -0.329995990 0.059549373 0.004362407 0.998215675 26.925411224
0.998251081 0.005123310 -0.058889128 -1.476113915 -0.005293839 0.999982417 -0.002740232 -0.342986733 0.058874018 0.003047189 0.998260617 27.873777390
0.998245120 0.003453194 -0.059112277 -1.537054658 -0.003320167 0.999991894 0.002348356 -0.358704746 0.059119873 -0.002147972 0.998248398 28.852170944
0.998205960 -0.000252599 -0.059868287 -1.597368240 0.000603525 0.999982893 0.005843476 -0.372783929 0.059865750 -0.005869124 0.998189032 29.827955246
0.998112679 -0.007382880 -0.060959902 -1.648166180 0.007721563 0.999956131 0.005321929 -0.384317368 0.060917903 -0.005782588 0.998125911 30.774837494
0.998010814 -0.009385016 -0.062336467 -1.708596468 0.009493992 0.999953985 0.001451996 -0.391405165 0.062319938 -0.002040927 0.998053968 31.748165131
0.997924566 -0.009095974 -0.063743971 -1.772785902 0.008949833 0.999956727 -0.002578015 -0.400780857 0.063764632 0.002002169 0.997962773 32.728351593
0.997792125 -0.007564504 -0.065978028 -1.842271924 0.007374232 0.999968052 -0.003127123 -0.415018409 0.065999545 0.002633684 0.997815967 33.705455780
0.997751594 -0.007838932 -0.066557147 -1.909585953 0.007754109 0.999968886 -0.001532861 -0.431845695 0.066567071 0.001013325 0.997781217 34.693317413
0.997676730 -0.004893385 -0.067947000 -1.982841253 0.005000958 0.999986589 0.001412998 -0.448133379 0.067939155 -0.001749513 0.997687697 35.675167084
0.997611225 -0.005047254 -0.068891190 -2.055958748 0.005245741 0.999982655 0.002700385 -0.459113538 0.068876348 -0.003055317 0.997620285 36.672615051
0.997542500 -0.003995779 -0.069947414 -2.129361868 0.004378225 0.999976337 0.005314996 -0.466546714 0.069924511 -0.005608176 0.997536242 37.651329041
0.997573137 -0.004357801 -0.069487713 -2.211411238 0.004948425 0.999953091 0.008329658 -0.472731888 0.069448143 -0.008653293 0.997547746 38.645198822
0.997536063 0.001168510 -0.070144139 -2.292679787 -0.000416956 0.999942422 0.010727970 -0.476183534 0.070152618 -0.010672284 0.997478902 39.622814178
0.997542620 0.001322224 -0.070048764 -2.375563622 -0.000618332 0.999949217 0.010069179 -0.479868114 0.070058502 -0.010001116 0.997492433 40.622474670
0.997557402 0.001304827 -0.069838643 -2.450716496 -0.000721497 0.999964774 0.008376971 -0.480830222 0.069847099 -0.008306115 0.997522831 41.611190796
0.997552037 0.003544854 -0.069837697 -2.529451847 -0.003114349 0.999975622 0.006272145 -0.487805039 0.069858216 -0.006039286 0.997538328 42.587982178
0.997493446 0.003334303 -0.070680737 -2.602223158 -0.002894090 0.999975920 0.006329545 -0.494267225 0.070700131 -0.006109117 0.997478604 43.576759338
0.997397482 0.001186047 -0.072088830 -2.672415495 -0.000626102 0.999969602 0.007789387 -0.503914654 0.072095871 -0.007723974 0.997367442 44.558994293
0.997340322 0.001811413 -0.072862275 -2.747280121 -0.001174830 0.999960899 0.008778571 -0.511062920 0.072875313 -0.008669615 0.997303009 45.544586182
0.997322559 0.004447696 -0.072991937 -2.824879169 -0.004082067 0.999978483 0.005157458 -0.521638632 0.073013291 -0.004845686 0.997318804 46.508403778
0.997257411 0.005140352 -0.073831081 -2.904530525 -0.005076498 0.999986708 0.001052377 -0.531887829 0.073835500 -0.000674684 0.997269809 47.462532043
0.997196794 0.005995104 -0.074581817 -2.980283976 -0.006026237 0.999981940 -0.000192515 -0.543421566 0.074579313 0.000641425 0.997214437 48.426063538
0.997195721 0.004720822 -0.074687675 -3.054291725 -0.004485137 0.999984503 0.003322921 -0.558699548 0.074702211 -0.002978614 0.997200966 49.398353577
0.997193515 0.002878678 -0.074810460 -3.126272678 -0.002395322 0.999975741 0.006549897 -0.573052227 0.074827515 -0.006352313 0.997175813 50.368793488
0.997154534 0.000765332 -0.075379744 -3.195431232 -0.000216090 0.999973416 0.007294126 -0.584592223 0.075383343 -0.007257075 0.997127771 51.328674316
0.997130990 -0.002124695 -0.075664446 -3.267348528 0.002592753 0.999978125 0.006088172 -0.594255686 0.075649880 -0.006266879 0.997114301 52.275497437
0.997083724 -0.004703790 -0.076169536 -3.335155487 0.005089522 0.999975145 0.004870686 -0.607103944 0.076144755 -0.005244143 0.997082531 53.220306396
0.996988237 -0.006337551 -0.077292822 -3.409599066 0.006830530 0.999957979 0.006115264 -0.617538691 0.077250838 -0.006624792 0.996989191 54.173896790
0.996873438 -0.009439514 -0.078447573 -3.479121208 0.010277051 0.999894381 0.010279426 -0.626425147 0.078342266 -0.011053490 0.996864736 55.117858887
0.996802568 -0.010253049 -0.079242006 -3.549902201 0.011510542 0.999814689 0.015428428 -0.633811891 0.079069145 -0.016291205 0.996735513 56.057888031
0.996768951 -0.008534319 -0.079865977 -3.627632618 0.009980815 0.999792993 0.017729770 -0.639490306 0.079698138 -0.018469602 0.996647418 56.999855042
0.996667862 -0.007267151 -0.081240721 -3.707761765 0.008405909 0.999871016 0.013683736 -0.640902460 0.081130810 -0.014321035 0.996600091 57.925094604
0.996557832 -0.005922889 -0.082686789 -3.787488699 0.006437600 0.999961495 0.005959486 -0.643639922 0.082648315 -0.006471273 0.996557295 58.843734741
0.996492565 -0.004605511 -0.083552793 -3.869392395 0.004713498 0.999988258 0.001095111 -0.646654010 0.083546780 -0.001485092 0.996502280 59.756381989
0.996413946 0.000100169 -0.084610917 -3.954619408 0.000072852 0.999997914 0.002041694 -0.658470392 0.084610954 -0.002040532 0.996411502 60.658027649
0.996304095 0.002735217 -0.085851423 -4.039029121 -0.002362205 0.999987364 0.004446043 -0.672273099 0.085862502 -0.004226808 0.996297538 61.531925201
0.996218860 0.005322495 -0.086714789 -4.122927666 -0.004816450 0.999970198 0.006043826 -0.686419725 0.086744376 -0.005603311 0.996214330 62.427051544
0.996114254 0.006194752 -0.087850735 -4.201155186 -0.005708511 0.999967039 0.005784914 -0.696519792 0.087883674 -0.005260934 0.996116340 63.288997650
0.995950103 0.007681206 -0.089577116 -4.280675411 -0.007119926 0.999953091 0.006583653 -0.705820084 0.089623481 -0.005919202 0.995957613 64.145256042
0.995821416 0.008490792 -0.090924390 -4.361202717 -0.007860027 0.999942601 0.007293005 -0.717626274 0.090981096 -0.006547857 0.995830536 64.980369568
0.995702505 0.008620013 -0.092205390 -4.441382885 -0.007937099 0.999938428 0.007770502 -0.726680636 0.092266694 -0.007005260 0.995709121 65.792785645
0.995577335 0.008555426 -0.093553193 -4.515686512 -0.007753978 0.999930263 0.008926835 -0.737252533 0.093623035 -0.008161941 0.995573640 66.595603943
0.995419264 0.011388607 -0.094922431 -4.597025871 -0.010325492 0.999878585 0.011683427 -0.744730175 0.095043957 -0.010649784 0.995415449 67.383514404
0.995273173 0.012972277 -0.096241385 -4.677333355 -0.011506408 0.999809623 0.015770499 -0.750096619 0.096427634 -0.014588556 0.995232463 68.163642883
0.995058477 0.016117595 -0.097969897 -4.756915569 -0.014467211 0.999741793 0.017532922 -0.755512774 0.098227181 -0.016028928 0.995034337 68.931861877
0.994883299 0.018820865 -0.099257946 -4.838568687 -0.017559342 0.999753952 0.013567915 -0.763167024 0.099488869 -0.011755586 0.994968653 69.673614502
0.994755328 0.019050179 -0.100489303 -4.918603897 -0.018513860 0.999809146 0.006267013 -0.770157099 0.100589499 -0.004373698 0.994917810 70.400779724
0.994611800 0.018253358 -0.102045834 -4.992260456 -0.018301450 0.999832630 0.000464985 -0.774920464 0.102037236 0.001405107 0.994778991 71.099266052
0.994555295 0.019283416 -0.102406725 -5.069334030 -0.019457662 0.999810636 -0.000702807 -0.782166898 0.102373779 0.002691575 0.994741738 71.789848328
0.994414032 0.022107968 -0.103204265 -5.145317078 -0.021924958 0.999755621 0.002907459 -0.797467768 0.103243314 -0.000628468 0.994655311 72.450416565
0.994274139 0.022436459 -0.104473494 -5.219313145 -0.022007814 0.999744236 0.005253966 -0.812571347 0.104564652 -0.002924647 0.994513154 73.104011536
0.994242013 0.019217147 -0.105416574 -5.288589478 -0.019113718 0.999815583 0.001991353 -0.822168827 0.105435401 0.000035016 0.994425535 73.743812561
0.994363487 0.011254783 -0.105421886 -5.344351292 -0.011637992 0.999927878 -0.003020634 -0.836507559 0.105380289 0.004230505 0.994422376 74.359100342
0.994499743 0.007294986 -0.104481220 -5.400352478 -0.008151940 0.999936640 -0.007777421 -0.848091781 0.104417868 0.008586364 0.994495809 74.950531006
0.994802475 0.009796279 -0.101347931 -5.464384556 -0.010662223 0.999911249 -0.008006188 -0.858137786 0.101260513 0.009045166 0.994818151 75.529289246
0.995151877 0.014966231 -0.097201109 -5.528681755 -0.015530712 0.999866724 -0.005053383 -0.870233297 0.097112536 0.006538484 0.995251238 76.093978882
0.995611668 0.013597550 -0.092584044 -5.576714516 -0.013836601 0.999902487 -0.001940634 -0.881870270 0.092548639 0.003213165 0.995702267 76.650070190
0.996172786 0.009985671 -0.086829841 -5.613531113 -0.009828441 0.999949336 0.002238011 -0.893307090 0.086847804 -0.001376043 0.996219993 77.191574097
0.996882915 0.005770521 -0.078679666 -5.643806458 -0.005340029 0.999969780 0.005680596 -0.907557189 0.078710079 -0.005242735 0.996883094 77.716705322
0.997637630 0.009469992 -0.068035193 -5.677439690 -0.009118585 0.999943614 0.005473620 -0.915445089 0.068083204 -0.004840303 0.997667253 78.231803894
0.998488724 0.014688139 -0.052951727 -5.706894398 -0.014443024 0.999883294 0.005008580 -0.923027873 0.053019132 -0.004236225 0.998583853 78.732017517
0.999188602 0.019969931 -0.034967143 -5.722930431 -0.019792341 0.999789596 0.005417455 -0.928239167 0.035067998 -0.004720976 0.999373138 79.218269348
0.999743283 0.018537348 -0.013003623 -5.713613510 -0.018462613 0.999812663 0.005843421 -0.933494508 0.013109546 -0.005601836 0.999897778 79.693618774
0.999800682 0.015011685 0.013132879 -5.684465885 -0.015099142 0.999864519 0.006586337 -0.940030456 -0.013032177 -0.006783316 0.999891520 80.159126282
0.999002934 0.013861155 0.042428121 -5.640783787 -0.014212199 0.999867320 0.007983564 -0.947995603 -0.042311773 -0.008578598 0.999067128 80.611053467
0.997076094 0.013415363 0.075221986 -5.581914425 -0.014147251 0.999857724 0.009205400 -0.954220295 -0.075087726 -0.010242665 0.997123778 81.060554504
0.993516088 0.013665303 0.112862781 -5.509391785 -0.014820522 0.999846101 0.009402963 -0.956081092 -0.112716854 -0.011014677 0.993565500 81.508445740
0.987910628 0.014012506 0.154386371 -5.415995598 -0.015604083 0.999836981 0.009102070 -0.958946228 -0.154233590 -0.011401086 0.987968087 81.936019897
0.979832590 0.013699042 0.199347422 -5.300216198 -0.015778705 0.999836504 0.008847397 -0.965509117 -0.199193567 -0.011814410 0.979888380 82.356109619
0.968542099 0.015923658 0.248337924 -5.169329166 -0.018126778 0.999814093 0.006587252 -0.975416839 -0.248186812 -0.010881595 0.968650460 82.760910034
0.953335166 0.016671242 0.301452011 -5.013635159 -0.018607069 0.999820650 0.003551255 -0.985350966 -0.301338673 -0.008994672 0.953474104 83.150947571
0.933870792 0.016990302 0.357205391 -4.834954262 -0.018641207 0.999825597 0.001179023 -0.992822826 -0.357122988 -0.007759795 0.934024453 83.520347595
0.910009623 0.017564183 0.414213747 -4.634782314 -0.018945282 0.999820232 -0.000774054 -1.001529336 -0.414152831 -0.007142999 0.910178661 83.869316101
0.881148696 0.017488031 0.472514749 -4.425195694 -0.018668905 0.999823272 -0.002190086 -1.017608881 -0.472469538 -0.006891542 0.881319404 84.193176270
0.847898960 0.015736096 0.529923260 -4.187067509 -0.016006809 0.999863505 -0.004079419 -1.032654405 -0.529915154 -0.005023445 0.848035157 84.500099182
0.811348915 0.015456896 0.584356844 -3.926485062 -0.015017802 0.999871492 -0.005596274 -1.043207288 -0.584368289 -0.004235225 0.811476886 84.790733337
0.772023797 0.014175367 0.635434628 -3.649582386 -0.014147517 0.999886811 -0.005117014 -1.051954389 -0.635435283 -0.005039367 0.772137046 85.056327820
0.729817450 0.013672208 0.683504581 -3.360055208 -0.015496416 0.999873936 -0.003454135 -1.059263229 -0.683465719 -0.008070985 0.729937315 85.303627014
0.684814632 0.012823580 0.728603780 -3.056395769 -0.014751152 0.999884248 -0.003733548 -1.063626528 -0.728567362 -0.008190958 0.684924483 85.534591675
0.638465643 0.011882465 0.769557893 -2.738967419 -0.011523539 0.999916315 -0.005878795 -1.067749500 -0.769563437 -0.005114623 0.638549089 85.741783142
0.592003524 0.009564951 0.805877924 -2.412914515 -0.005817350 0.999954283 -0.007594956 -1.073292971 -0.805913746 -0.000191833 0.592032075 85.921577454
0.545469403 0.011687158 0.838048577 -2.081118584 -0.007677411 0.999930561 -0.008947617 -1.082606077 -0.838095009 -0.001553392 0.545521140 86.093467712
0.498164624 0.014862272 0.866954446 -1.744272232 -0.011494771 0.999878466 -0.010535919 -1.089407682 -0.867005706 -0.004716821 0.498274803 86.256668091
0.452754229 0.017053764 0.891471624 -1.404295564 -0.012343833 0.999841154 -0.012857748 -1.099720716 -0.891549408 -0.005182778 0.452892721 86.395492554
0.410686761 0.014624195 0.911658525 -1.052849770 -0.004925163 0.999892354 -0.013820861 -1.107257247 -0.911762774 0.001185979 0.410714477 86.507675171
0.371306926 0.007517070 0.928479135 -0.689316750 0.010191301 0.999873996 -0.012170664 -1.109912276 -0.928453803 0.013981465 0.371183395 86.597831726
0.336085588 0.004039615 0.941822171 -0.327204317 0.014468270 0.999850631 -0.009451438 -1.115437508 -0.941719830 0.016803034 0.335976779 86.689033508
0.302934736 0.008149568 0.952975810 0.032185853 0.012089170 0.999850154 -0.012393346 -1.123764873 -0.952934206 0.015275063 0.302790582 86.785415649
0.271638274 0.015655635 0.962271452 0.396809012 0.001307943 0.999860823 -0.016636394 -1.140345812 -0.962398112 0.005777677 0.271579742 86.889022827
0.243355393 0.019881282 0.969732821 0.774987340 -0.003828375 0.999801874 -0.019537000 -1.162759900 -0.969929278 0.001041930 0.243383005 86.973754883
0.217790306 0.021545557 0.975757122 1.166646242 -0.002605734 0.999765635 -0.021494064 -1.180575371 -0.975991845 0.002138631 0.217795119 87.041152954
0.194463506 0.022960596 0.980640352 1.565858603 0.004712599 0.999692619 -0.024341187 -1.192902088 -0.980898142 0.009354835 0.194295242 87.095115662
0.174449638 0.029389715 0.984226763 1.974093556 0.011584884 0.999424040 -0.031896867 -1.193608642 -0.984597623 0.016966548 0.174008384 87.142059326
0.154638201 0.036146022 0.987309098 2.393142700 0.013508408 0.999159753 -0.038695633 -1.197887897 -0.987878501 0.019320795 0.154019699 87.194602966
0.136937767 0.037015744 0.989887178 2.827825546 0.011094283 0.999181628 -0.038898028 -1.213075042 -0.990517259 0.016308695 0.136414751 87.252616882
0.121440031 0.032594055 0.992062807 3.281074524 0.008888505 0.999384940 -0.033922665 -1.240973592 -0.992558658 0.012937522 0.121075340 87.304939270
0.107034527 0.029357562 0.993821144 3.748822689 0.009177266 0.999492168 -0.030513465 -1.263520122 -0.994212627 0.012386552 0.106710464 87.346504211
0.093868725 0.026902473 0.995220363 4.233867168 0.011657148 0.999536574 -0.028118631 -1.283158422 -0.995516062 0.014240890 0.093511328 87.381088257
0.082243636 0.026156129 0.996268332 4.730239391 0.015216257 0.999505997 -0.027497247 -1.301706195 -0.996495843 0.017420948 0.081804715 87.411338806
0.072226733 0.026802139 0.997027397 5.242382050 0.018419590 0.999432504 -0.028201133 -1.318437696 -0.997217834 0.020401713 0.071691759 87.436027527
0.064413145 0.027411664 0.997546136 5.766021252 0.020470696 0.999375939 -0.028783759 -1.336046815 -0.997713029 0.022274515 0.063811496 87.463073730
0.058914237 0.027824743 0.997874558 6.314844608 0.022173025 0.999328315 -0.029174356 -1.354037642 -0.998016477 0.023844682 0.058257390 87.488594055
0.053351879 0.028907552 0.998156607 6.876738548 0.023431143 0.999269366 -0.030192168 -1.373249292 -0.998300612 0.024998758 0.052635241 87.513671875
0.047371894 0.029654220 0.998436391 7.454788685 0.023935068 0.999238431 -0.030813651 -1.392985940 -0.998590291 0.025357340 0.046625718 87.541503906
0.043022159 0.029631989 0.998633921 8.050482750 0.026494294 0.999174595 -0.030789416 -1.416741371 -0.998722494 0.027782723 0.042201243 87.563056946
0.040201016 0.029612934 0.998751998 8.670430183 0.027945196 0.999136269 -0.030749140 -1.439524055 -0.998800516 0.029146463 0.039338425 87.584007263
0.037191533 0.029192908 0.998880923 9.308383942 0.028927542 0.999122679 -0.030277021 -1.462527633 -0.998889148 0.030021217 0.036314093 87.605422974
0.034883372 0.028588861 0.998981655 9.965420723 0.031147243 0.999073863 -0.029679112 -1.485434055 -0.998905659 0.032150835 0.033960268 87.624542236
0.034237500 0.028235238 0.999014080 10.632605553 0.035398010 0.998939157 -0.029446241 -1.508327007 -0.998786390 0.036371283 0.033201378 87.642166138
0.035273712 0.027927328 0.998986661 11.322806358 0.038567025 0.998826563 -0.029284617 -1.531313300 -0.998633027 0.039560929 0.034154918 87.661071777
0.037704527 0.027879583 0.998899162 12.030325890 0.040247496 0.998757005 -0.029394781 -1.554434061 -0.998477936 0.041311517 0.036535248 87.685043335
0.041631360 0.027807703 0.998745203 12.754922867 0.042680465 0.998650372 -0.029584123 -1.579281330 -0.998220861 0.043858550 0.040388007 87.713096619
0.045992251 0.027393799 0.998565316 13.487793922 0.042997003 0.998642921 -0.029376281 -1.605629563 -0.998015881 0.044286415 0.044751670 87.747497559
0.050004825 0.025711974 0.998417139 14.240866661 0.044522334 0.998617113 -0.027946968 -1.631613851 -0.997756004 0.045849372 0.048790608 87.784957886
0.053975675 0.024105258 0.998250425 14.984418869 0.044337053 0.998664439 -0.026512554 -1.660036206 -0.997557342 0.045690548 0.052834522 87.827850342
0.058160435 0.022041555 0.998063087 15.758031845 0.041249197 0.998848975 -0.024462624 -1.685183287 -0.997454643 0.042592086 0.057183996 87.878936768
0.062237747 0.020984674 0.997839868 16.548429489 0.040606555 0.998897552 -0.023539629 -1.708993912 -0.997234941 0.041983921 0.061316717 87.932327271
0.066377595 0.022009918 0.997550905 17.339767456 0.037986528 0.998975813 -0.024568982 -1.736298323 -0.997071207 0.039524350 0.065473236 87.991134644
0.069457881 0.026012931 0.997244835 18.119089127 0.035716947 0.998953879 -0.028545167 -1.768827796 -0.996945202 0.037601247 0.068455823 88.048072815
0.070827596 0.031430949 0.996992469 18.900682449 0.029763708 0.998991549 -0.033608403 -1.798979878 -0.997044384 0.032054607 0.069820374 88.111236572
0.070827588 0.034578938 0.996888220 19.697727203 0.027264416 0.998958230 -0.036587819 -1.831335545 -0.997115850 0.029771011 0.069810733 88.168113708
0.070917070 0.034142293 0.996896923 20.502964020 0.024930885 0.999040902 -0.035989232 -1.869230986 -0.997170568 0.027405780 0.069997557 88.234222412
0.071114473 0.032649502 0.996932864 21.313924789 0.022514347 0.999156773 -0.034328334 -1.904677391 -0.997213960 0.024886537 0.070319131 88.294876099
0.071004771 0.031466018 0.996978700 22.130025864 0.023531590 0.999171078 -0.033211108 -1.941164374 -0.997198284 0.025818648 0.070205174 88.353927612
0.071467638 0.030970784 0.996961176 22.935014725 0.021026403 0.999248743 -0.032549113 -1.978590488 -0.997221172 0.023288721 0.070762448 88.415443420
0.071656682 0.031376280 0.996934950 23.742330551 0.019402783 0.999271870 -0.032844424 -2.016849995 -0.997240543 0.021696838 0.070995435 88.477394104
0.071759716 0.031996768 0.996907771 24.549625397 0.016358610 0.999312818 -0.033251472 -2.057370424 -0.997287750 0.018694140 0.071186699 88.540336609
0.070613846 0.033434808 0.996942401 25.356527328 0.013665380 0.999311566 -0.034482170 -2.095010281 -0.997410059 0.016058510 0.070108049 88.604377747
0.067689970 0.033198189 0.997153103 26.170040131 0.010821832 0.999362707 -0.034006357 -2.131332159 -0.997647643 0.013092904 0.067287281 88.670036316
0.063646540 0.032061789 0.997456491 26.974262238 0.008362799 0.999431193 -0.032658868 -2.168255568 -0.997937322 0.010420144 0.063341931 88.729972839
0.058704950 0.029723991 0.997831881 27.785766602 0.006606707 0.999522805 -0.030163031 -2.203310966 -0.998253286 0.008363093 0.058480270 88.787002563
0.052546304 0.027620340 0.998235583 28.580764771 0.004336359 0.999601305 -0.027886374 -2.243550062 -0.998608947 0.005794021 0.052405290 88.826499939
0.045207229 0.027824935 0.998589218 29.382965088 0.004129305 0.999597847 -0.028039966 -2.279866457 -0.998969018 0.005391075 0.045073852 88.863601685
0.036600180 0.028831216 0.998913229 30.179471970 0.003947294 0.999571323 -0.028994830 -2.315075874 -0.999322116 0.005004206 0.036470383 88.892158508
0.026751075 0.029380489 0.999209464 30.982561111 0.005015279 0.999551058 -0.029524792 -2.346150875 -0.999629498 0.005801121 0.026591402 88.913482666
0.016477719 0.028390186 0.999460280 31.782804489 0.006458590 0.999572515 -0.028499845 -2.380307198 -0.999843299 0.006924705 0.016286992 88.927505493
0.005625720 0.027309468 0.999610424 32.579811096 0.005695002 0.999609470 -0.027341485 -2.415236950 -0.999967873 0.005846587 0.005467663 88.933731079
-0.005396582 0.026559448 0.999631882 33.356067657 0.006874986 0.999624133 -0.026522119 -2.448442459 -0.999961734 0.006729316 -0.005577495 88.921829224
-0.016431984 0.027092995 0.999497056 34.137355804 0.007569173 0.999607027 -0.026971528 -2.475414276 -0.999836266 0.007122161 -0.016630957 88.910316467
-0.027406499 0.027589077 0.999242842 34.912528992 0.007619452 0.999595284 -0.027389823 -2.513831615 -0.999595225 0.006863014 -0.027605994 88.884887695
-0.037968110 0.028757574 0.998864353 35.687316895 0.007231024 0.999567032 -0.028502941 -2.546465635 -0.999252677 0.006140599 -0.038160004 88.855094910
-0.048300706 0.029573852 0.998394251 36.458774567 0.007946185 0.999540806 -0.029223392 -2.584397793 -0.998801112 0.006521904 -0.048513927 88.818336487
-0.057819646 0.030269871 0.997867346 37.226657867 0.008854175 0.999515951 -0.029806841 -2.618292332 -0.998287678 0.007111860 -0.058060080 88.772224426
-0.067584343 0.031093108 0.997228265 37.985717773 0.009990120 0.999484777 -0.030486414 -2.643305540 -0.997663379 0.007902015 -0.067860566 88.722145081
-0.076790527 0.031404350 0.996551871 38.724441528 0.010518841 0.999473274 -0.030685874 -2.679518700 -0.996991575 0.008126175 -0.077080853 88.660011292
-0.085324451 0.030987572 0.995870531 39.453365326 0.011796609 0.999477148 -0.030089090 -2.711914778 -0.996283233 0.009180549 -0.085645832 88.592605591
-0.092572905 0.029905716 0.995256007 40.182884216 0.013538988 0.999493837 -0.028773744 -2.745031357 -0.995613694 0.010811081 -0.092931390 88.521156311
-0.097712122 0.028207798 0.994814217 40.899181366 0.016238198 0.999509871 -0.026746012 -2.779036760 -0.995082021 0.013540573 -0.098122738 88.446037292
-0.101430245 0.026621940 0.994485736 41.602317810 0.019428350 0.999503732 -0.024774730 -2.808058262 -0.994652689 0.016808307 -0.101897605 88.371154785
-0.103947371 0.025761010 0.994248450 42.311790466 0.021417694 0.999490142 -0.023657640 -2.831942081 -0.994351923 0.018835358 -0.104446597 88.291709900
-0.105864711 0.024977814 0.994066119 42.998794556 0.021331692 0.999510944 -0.022842882 -2.859698534 -0.994151473 0.018786855 -0.106346242 88.224105835
-0.106588215 0.025415201 0.993977726 43.654941559 0.022211811 0.999484181 -0.023174144 -2.887686014 -0.994054914 0.019607954 -0.107098237 88.154670715
-0.105841920 0.026341489 0.994033337 44.310214996 0.022716060 0.999451697 -0.024066340 -2.917411327 -0.994123220 0.020033292 -0.106382750 88.088706970
-0.102729455 0.028108729 0.994311452 44.936279297 0.023948187 0.999380291 -0.025777774 -2.942139864 -0.994420826 0.021163819 -0.103339426 88.023849487
-0.097522020 0.028663773 0.994819820 45.554172516 0.024224408 0.999356866 -0.026419796 -2.968096733 -0.994938314 0.021522408 -0.098154135 87.967208862
-0.089642607 0.029400416 0.995539248 46.157562256 0.023579888 0.999346137 -0.027389618 -2.994450808 -0.995694697 0.021019423 -0.090277709 87.922622681
-0.078663297 0.029359864 0.996468127 46.750255585 0.022380548 0.999365747 -0.027678484 -3.021922112 -0.996649861 0.020124216 -0.079270937 87.889221191
-0.065071173 0.029567530 0.997441828 47.307220459 0.021405734 0.999371767 -0.028228283 -3.052137136 -0.997650862 0.019514121 -0.065663621 87.865058899
-0.048004545 0.030833161 0.998370409 47.849662781 0.020316299 0.999346316 -0.029886443 -3.081372499 -0.998640358 0.018848501 -0.048599981 87.853912354
-0.026930228 0.033472396 0.999076009 48.383129120 0.018553641 0.999283314 -0.032979235 -3.107283592 -0.999464989 0.017648352 -0.027532339 87.857002258
-0.002455758 0.036184087 0.999341369 48.880649567 0.015899396 0.999219775 -0.036140621 -3.138510466 -0.999870479 0.015800161 -0.003029494 87.873565674
0.025580378 0.037815794 0.998956442 49.400436401 0.013585137 0.999178350 -0.038172077 -3.166916132 -0.999580383 0.014547405 0.025045313 87.910148621
0.058811240 0.036951821 0.997584164 49.900924683 0.011090067 0.999228299 -0.037666529 -3.198294878 -0.998207450 0.013278479 0.058355782 87.956199646
0.096818790 0.034318160 0.994709373 50.410026550 0.009820454 0.999323249 -0.035433207 -3.226493835 -0.995253503 0.013199087 0.096416026 88.026473999
0.138675556 0.030479968 0.989867926 50.908790588 0.007484559 0.999464929 -0.031824034 -3.253598928 -0.990309477 0.011821929 0.138373062 88.122947693
0.184418246 0.025981521 0.982503593 51.397930145 0.004755774 0.999614716 -0.027326684 -3.281299353 -0.982836246 0.009712093 0.184223518 88.236099243
0.232372984 0.022777706 0.972359240 51.878265381 -0.000074832 0.999725640 -0.023400892 -3.304804325 -0.972626626 0.005364956 0.232310876 88.386352539
0.283658534 0.021392867 0.958685935 52.343864441 -0.004186348 0.999768674 -0.021070957 -3.325080395 -0.958916068 0.001963545 0.283682495 88.559883118
0.337876409 0.021292543 0.940948784 52.786319733 -0.005359909 0.999770820 -0.020698981 -3.340303421 -0.941175044 0.001950278 0.337913215 88.757492065
0.395239711 0.021580568 0.918323636 53.218711853 -0.004078140 0.999754786 -0.021739000 -3.361784220 -0.918568790 0.004847048 0.395230979 88.981559753
0.455076486 0.024587234 0.890111983 53.626689911 -0.003330545 0.999658167 -0.025910430 -3.382521391 -0.890445888 0.008826656 0.455003053 89.225013733
0.514474809 0.026367320 0.857099056 54.016784668 -0.001711373 0.999556184 -0.029722543 -3.412890673 -0.857503474 0.013824675 0.514291883 89.496414185
0.572091222 0.030576065 0.819618881 54.378654480 -0.005888840 0.999431670 -0.033173643 -3.428691626 -0.820168436 0.014151737 0.571946561 89.802139282
0.627727151 0.032252945 0.777763963 54.700275421 -0.008547088 0.999366045 -0.034544244 -3.447249651 -0.778385997 0.015036736 0.627605379 90.111778259
0.680473685 0.033044439 0.732025981 55.015205383 -0.010057999 0.999309182 -0.035760228 -3.461093426 -0.732702911 0.016971171 0.680336535 90.455871582
0.728956997 0.030868281 0.683862090 55.293521881 -0.010236626 0.999362051 -0.034197737 -3.479460955 -0.684482336 0.017928233 0.728808582 90.808349609
0.773980618 0.026745506 0.632643044 55.555683136 -0.011546836 0.999536991 -0.028129768 -3.498939514 -0.633103251 0.014466863 0.773931742 91.190963745
0.815208256 0.021215394 0.578778028 55.800666809 -0.011501386 0.999724209 -0.020445710 -3.513683081 -0.579052925 0.010010753 0.815228105 91.597732544
0.851213574 0.018776927 0.524482191 56.010593414 -0.013480145 0.999811709 -0.013916425 -3.523521185 -0.524645388 0.004775740 0.851307094 92.021705627
0.881983697 0.015101570 0.471036524 56.202831268 -0.013708218 0.999885082 -0.006388925 -3.533871651 -0.471079439 -0.000822162 0.882090032 92.464912415
0.907138944 0.015616426 0.420539796 56.356616974 -0.016899135 0.999856412 -0.000676103 -3.546665192 -0.420490503 -0.006493463 0.907273352 92.901985168
0.926981390 0.017336616 0.374704599 56.497585297 -0.019986391 0.999794543 0.003186384 -3.558777332 -0.374572873 -0.010442739 0.927138329 93.353843689
0.941957414 0.023325823 0.334919065 56.611965179 -0.026902981 0.999619126 0.006044789 -3.567642927 -0.334650993 -0.014704289 0.942227066 93.810173035
0.953546524 0.027948825 0.299944222 56.714572906 -0.030918296 0.999507964 0.005157462 -3.568616867 -0.299652934 -0.014191679 0.953942418 94.265640259
0.962666035 0.029660206 0.269059271 56.821739197 -0.032331761 0.999461412 0.005502320 -3.569708824 -0.268751532 -0.013996091 0.963107586 94.729484558
0.968716681 0.024123549 0.246991247 56.936523438 -0.026407529 0.999633014 0.005938304 -3.573606253 -0.246757686 -0.012274994 0.968999207 95.202064514
0.972632408 0.021391783 0.231359705 57.044261932 -0.023577627 0.999699056 0.006686596 -3.579685926 -0.231147349 -0.011958543 0.972845078 95.684547424
0.975464880 0.025701802 0.218646646 57.136924744 -0.027763741 0.999593675 0.006362710 -3.581310987 -0.218394548 -0.012277080 0.975783169 96.176681519
0.977404356 0.031173555 0.209063679 57.224117279 -0.033325385 0.999421000 0.006777163 -3.577481031 -0.208731636 -0.013591189 0.977878332 96.675521851
0.978381932 0.038994182 0.203093350 57.310245514 -0.040952690 0.999145627 0.005448193 -3.577112675 -0.202707648 -0.013647666 0.979144037 97.190101624
0.978739262 0.044614621 0.200193971 57.401336670 -0.045903143 0.998943686 0.001796805 -3.579530954 -0.199902594 -0.010948166 0.979754508 97.710685730
0.978860855 0.045891467 0.199308887 57.505081177 -0.046702735 0.998908043 -0.000631559 -3.588843822 -0.199120477 -0.008690089 0.979936421 98.236160278
0.978426456 0.044577807 0.201725468 57.620800018 -0.044656266 0.998993158 -0.004164336 -3.596734285 -0.201708257 -0.004933833 0.979433119 98.769592285
0.977709770 0.042870905 0.205534309 57.737937927 -0.041553613 0.999078095 -0.010723342 -3.599343300 -0.205804825 0.001943608 0.978590965 99.314773560
0.976812243 0.043406490 0.209648192 57.857524872 -0.041073304 0.999035656 -0.015472261 -3.604664564 -0.210117921 0.006502541 0.977654219 99.865257263
0.975644708 0.048177641 0.213997722 57.975971222 -0.046030317 0.998826563 -0.015008966 -3.615121126 -0.214470029 0.004793023 0.976718605 100.438369751
0.974232137 0.051153030 0.219667464 58.100837708 -0.049941540 0.998690069 -0.011068461 -3.625157118 -0.219946235 -0.000187300 0.975511789 101.029655457
0.973333597 0.047960985 0.224321544 58.241374969 -0.047705486 0.998839080 -0.006561876 -3.634032011 -0.224376217 -0.004314497 0.974492848 101.633117676
0.972665191 0.043448735 0.228107914 58.390869141 -0.044387780 0.999013007 -0.001014509 -3.643317461 -0.227927253 -0.009138454 0.973635077 102.243507385
0.971896827 0.040834069 0.231835723 58.537914276 -0.042819824 0.999075711 0.003537455 -3.650303364 -0.231477395 -0.013365239 0.972748280 102.864860535
0.971363544 0.036219317 0.234818503 58.690196991 -0.038259320 0.999258459 0.004136078 -3.654401302 -0.234494969 -0.013001662 0.972030163 103.494026184
0.971445918 0.032794636 0.234980956 58.852375031 -0.033995312 0.999420583 0.001059453 -3.660321712 -0.234810457 -0.009017478 0.971999109 104.134277344
0.971545696 0.032085147 0.234666198 59.008487701 -0.031571183 0.999482989 -0.005947712 -3.668596983 -0.234736100 -0.001630232 0.972057521 104.786048889
0.971677601 0.034283672 0.233807459 59.162574768 -0.032230325 0.999400258 -0.012598580 -3.676313400 -0.234099537 0.004706059 0.972201049 105.440528870
0.972200811 0.037214890 0.231169567 59.312194824 -0.034356248 0.999274611 -0.016380796 -3.682816982 -0.231611863 0.007983300 0.972775340 106.108085632
0.972832143 0.035569884 0.228760272 59.474884033 -0.033684440 0.999357939 -0.012142679 -3.691873074 -0.229045704 0.004107116 0.973406851 106.802520752
0.973252892 0.031616870 0.227547839 59.635047913 -0.031391159 0.999495685 -0.004611837 -3.704903364 -0.227579296 -0.002654525 0.973755777 107.504234314
0.973834395 0.031788491 0.225022107 59.794227600 -0.032937918 0.999455631 0.001354839 -3.721163511 -0.224856943 -0.008731175 0.974352479 108.217163086
0.974117815 0.034981504 0.223314881 59.948558807 -0.036067903 0.999348164 0.000786617 -3.733663321 -0.223142192 -0.008820784 0.974745870 108.942008972
0.974370956 0.040837731 0.221206576 60.097446442 -0.041004580 0.999150693 -0.003839838 -3.740324736 -0.221175924 -0.005329080 0.975219250 109.671264648
0.975199819 0.041763950 0.217347488 60.253524780 -0.040755633 0.999126613 -0.009121864 -3.747826099 -0.217539027 0.000037489 0.976051509 110.412292480
0.976115465 0.040482841 0.213444740 60.412914276 -0.038829878 0.999173701 -0.011932710 -3.756261349 -0.213751853 0.003359657 0.976882100 111.161125183
0.977013290 0.038365938 0.209695056 60.571605682 -0.037002478 0.999259949 -0.010423014 -3.768748283 -0.209940165 0.002424172 0.977711082 111.927612305
0.977862000 0.034721568 0.206347406 60.734390259 -0.033712171 0.999395311 -0.008406932 -3.782245159 -0.206514940 0.001264387 0.978442430 112.708808899
0.978268981 0.033591818 0.204597771 60.896820068 -0.033135679 0.999433875 -0.005656108 -3.798211575 -0.204672351 -0.001246308 0.978829563 113.497795105
0.978638768 0.030283626 0.203342140 61.063060760 -0.030238429 0.999536157 -0.003329944 -3.809556246 -0.203349084 -0.002889953 0.979101837 114.285057068
0.978856742 0.025042053 0.203005776 61.231609344 -0.025129896 0.999680877 -0.002145426 -3.816795826 -0.202995151 -0.003001468 0.979174912 115.085899353
0.978971303 0.026017237 0.202329457 61.389293671 -0.026443196 0.999649107 -0.000598114 -3.827351332 -0.202274457 -0.004764722 0.979317009 115.879020691
0.978694797 0.031616114 0.202869087 61.539676666 -0.031747032 0.999491453 -0.002609663 -3.838101625 -0.202848867 -0.003886448 0.979202092 116.689979553
0.978384376 0.037402496 0.203381717 61.699054718 -0.036966562 0.999297738 -0.005943327 -3.848974943 -0.203461647 -0.001703483 0.979081154 117.508857727
0.977828562 0.046300042 0.204221815 61.858020782 -0.045724168 0.998924553 -0.007540289 -3.862093449 -0.204351768 -0.001964783 0.978895247 118.331161499
0.976887345 0.052304551 0.207253933 62.013164520 -0.052013956 0.998621702 -0.006854978 -3.876272917 -0.207327321 -0.004083580 0.978262842 119.156814575
0.976091862 0.055147119 0.210243598 62.175495148 -0.055367090 0.998453140 -0.004844320 -3.893762589 -0.210186049 -0.006912105 0.977636695 119.989173889
0.975518286 0.055647526 0.212758780 62.356746674 -0.055742461 0.998428524 -0.005557137 -3.911428452 -0.212734193 -0.006438638 0.977088571 120.826988220
0.975214422 0.054135725 0.214534611 62.538150787 -0.053609639 0.998526514 -0.008274257 -3.926282644 -0.214666948 -0.003431972 0.976680934 121.651939392
0.975197017 0.048239179 0.216015548 62.726226807 -0.047858313 0.998828471 -0.006996855 -3.943180323 -0.216100529 -0.003514851 0.976364434 122.491668701
0.975480616 0.041659243 0.216104254 62.919219971 -0.040813345 0.999130487 -0.008377629 -3.964270830 -0.216265887 -0.000647741 0.976333916 123.312454224
0.975228965 0.041034020 0.217355981 63.102966309 -0.040164307 0.999156415 -0.008419630 -3.986357689 -0.217518657 -0.000518903 0.976055622 124.149734497
0.974658966 0.043780774 0.219367430 63.283603668 -0.043648947 0.999030888 -0.005450006 -4.001866817 -0.219393969 -0.004263283 0.975626707 125.001571655
0.974229932 0.045911286 0.220832571 63.456649780 -0.047107030 0.998888612 0.000148410 -4.013849258 -0.220580861 -0.010547385 0.975311339 125.835052490
0.973871648 0.049326863 0.221674651 63.631141663 -0.051591400 0.998657167 0.004433222 -4.028837681 -0.221158817 -0.015753934 0.975110233 126.649017334
0.973644614 0.048766650 0.222793117 63.812404633 -0.049563646 0.998767734 -0.002016294 -4.042858124 -0.222617388 -0.009079313 0.974863291 127.476440430
0.973924398 0.044741075 0.222414583 63.998771667 -0.042191621 0.998977005 -0.016203471 -4.062145233 -0.222912475 0.006396919 0.974817097 128.282928467
