1.000000000 0.000000000 0.000000000 0.000000000 0.000000000 1.000000000 0.000000000 0.000000000 0.000000000 0.000000000 1.000000000 0.000000000
0.999990940 -0.002566421 -0.003389670 -0.000641894 0.002559280 0.999994516 -0.002109251 -0.005393848 0.003395064 0.002100557 0.999992013 0.670326889
0.999971390 -0.001472959 -0.007419686 -0.012680958 0.001446581 0.999992609 -0.003559185 -0.012147778 0.007424873 0.003548350 0.999966145 1.349981070
0.999935210 -0.001465812 -0.011288396 -0.028303672 0.001409329 0.999986410 -0.005009905 -0.016830718 0.011295586 0.004993671 0.999923766 2.056090117
0.999870837 -0.000011522 -0.016074385 -0.048551429 -0.000077694 0.999984622 -0.005549591 -0.024647219 0.016074199 0.005550122 0.999855399 2.782151699
0.999784827 -0.000967605 -0.020722426 -0.060791463 0.000844802 0.999982059 -0.005934063 -0.029427685 0.020727795 0.005915280 0.999767601 3.520642996
0.999678373 0.000972706 -0.025340963 -0.082989991 -0.001152693 0.999974191 -0.007088948 -0.041755330 0.025333412 0.007115878 0.999653697 4.276379585
0.999536753 0.003684159 -0.030210635 -0.112734593 -0.003915934 0.999963284 -0.007616390 -0.051124491 0.030181464 0.007731164 0.999514520 5.034397602
0.999393523 0.003956583 -0.034597777 -0.142915070 -0.004167139 0.999973178 -0.006015849 -0.060685318 0.034573048 0.006156374 0.999383211 5.810992241
0.999231279 0.003201173 -0.039072275 -0.177266538 -0.003333028 0.999988914 -0.003309980 -0.070684098 0.039061248 0.003437664 0.999230862 6.606164932
0.999090195 0.002611162 -0.042568091 -0.215244085 -0.002637314 0.999996305 -0.000558214 -0.085277185 0.042566478 0.000669972 0.999093354 7.412872791
0.998970628 0.004303704 -0.045158703 -0.259809077 -0.004358630 0.999989808 -0.001117878 -0.095982701 0.045153432 0.001313557 0.998979151 8.225205421
0.998867571 0.003707644 -0.047434989 -0.301656306 -0.003772437 0.999992013 -0.001276476 -0.106629670 0.047429882 0.001453975 0.998873472 9.046655655
0.998785257 0.000632903 -0.049273532 -0.338670880 -0.000724288 0.999997973 -0.001836770 -0.113328911 0.049272280 0.001870227 0.998783588 9.883265495
0.998666167 0.000592922 -0.051631004 -0.378377706 -0.000641098 0.999999285 -0.000916486 -0.124120601 0.051630437 0.000948363 0.998665750 10.718854904
0.998582065 -0.000813000 -0.053229954 -0.421698183 0.000753713 0.999998987 -0.001133822 -0.134918228 0.053230833 0.001092094 0.998581588 11.565046310
0.998484492 0.001607969 -0.055012818 -0.473725557 -0.001795113 0.999992669 -0.003352553 -0.148876458 0.055007037 0.003446226 0.998479962 12.421297073
0.998399079 0.002309561 -0.056517545 -0.523538709 -0.002654316 0.999978185 -0.006025635 -0.158178836 0.056502413 0.006166003 0.998383343 13.276506424
0.998280346 0.006361665 -0.058275767 -0.581934512 -0.006822724 0.999946833 -0.007716135 -0.168076694 0.058223594 0.008100465 0.998270631 14.148089409
0.998215377 0.007221753 -0.059279732 -0.637089372 -0.007672344 0.999943256 -0.007377016 -0.181936696 0.059223101 0.007818665 0.998214126 15.035908699
0.998138189 0.006671724 -0.060627811 -0.692183137 -0.007045004 0.999957442 -0.005945243 -0.194830075 0.060585570 0.006361297 0.998142719 15.911150932
0.998036921 0.007513543 -0.062176969 -0.749435067 -0.007810165 0.999959171 -0.004528952 -0.207451910 0.062140405 0.005005674 0.998054862 16.802467346
0.997991979 0.007314249 -0.062917612 -0.815266728 -0.007608343 0.999961197 -0.004435967 -0.217664987 0.062882729 0.004905759 0.998008847 17.700403214
0.997873187 0.007081080 -0.064800084 -0.874486089 -0.007441811 0.999958158 -0.005327164 -0.231728807 0.064759657 0.005798066 0.997883976 18.607431412
0.997808933 0.005306307 -0.065948062 -0.937849939 -0.005705896 0.999966562 -0.005872295 -0.245586485 0.065914698 0.006235724 0.997805655 19.516637802
0.997765243 0.005452559 -0.066593878 -0.997278392 -0.005744507 0.999974787 -0.004193314 -0.256866425 0.066569336 0.004566494 0.997771263 20.442171097
0.997751117 0.006600177 -0.066701986 -1.060443521 -0.006656221 0.999977708 -0.000618021 -0.273468256 0.066696420 0.001060617 0.997772694 21.356332779
0.997797489 0.007543126 -0.065904237 -1.125723839 -0.007354018 0.999968171 0.003111547 -0.284236848 0.065925613 -0.002620030 0.997821033 22.284805298
0.997906387 0.006125777 -0.064384639 -1.188019633 -0.005749049 0.999965310 0.006034843 -0.289449096 0.064419374 -0.005652054 0.997906864 23.214250565
0.998007953 0.006584778 -0.062744297 -1.256471992 -0.006167568 0.999957621 0.006840720 -0.298786521 0.062786683 -0.006440109 0.998006165 24.160940170
0.998096228 0.006956135 -0.061282594 -1.317674041 -0.006712793 0.999968767 0.004175792 -0.310034215 0.061309729 -0.003756462 0.998111665 25.094671249
0.998150110 0.007900707 -0.060282886 -1.381545663 -0.007963150 0.999967992 -0.000795670 -0.314611405 0.060274672 0.001274243 0.998180926 26.013982773
0.998234391 0.007137091 -0.058967303 -1.443680048 -0.007370318 0.999965906 -0.003738656 -0.325516522 0.058938611 0.004166666 0.998252809 26.944618225
0.998289347 0.004677772 -0.058278896 -1.496159315 -0.004842611 0.999984682 -0.002687573 -0.336389512 0.058265433 0.002965201 0.998296618 27.889373779
0.998282969 0.002932925 -0.058501706 -1.556474566 -0.002793209 0.999993086 0.002469841 -0.352750301 0.058508549 -0.002302190 0.998284101 28.867927551
0.998236120 -0.000996379 -0.059360228 -1.612363338 0.001351672 0.999981463 0.005945493 -0.364252090 0.059353214 -0.006015238 0.998218715 29.834835052
0.998130083 -0.008211619 -0.060572326 -1.658449650 0.008566313 0.999947727 0.005598315 -0.379336566 0.060523197 -0.006106724 0.998147905 30.784986496
0.998027802 -0.009980199 -0.061976440 -1.715699553 0.010107588 0.999947488 0.001742188 -0.387645692 0.061955810 -0.002365182 0.998075902 31.751106262
0.997942209 -0.009723971 -0.063379012 -1.779299855 0.009600089 0.999951482 -0.002258941 -0.397527128 0.063397914 0.001645849 0.997986734 32.729766846
0.997814417 -0.008263371 -0.065560289 -1.848846078 0.008100082 0.999963522 -0.002756160 -0.411893010 0.065580681 0.002219093 0.997844577 33.707042694
0.997772753 -0.008437768 -0.066169381 -1.915425420 0.008379500 0.999964356 -0.001158148 -0.428667217 0.066176802 0.000601104 0.997807503 34.690700531
0.997696638 -0.005673875 -0.067596197 -1.989600182 0.005807774 0.999981642 0.001784454 -0.444204837 0.067584850 -0.002172925 0.997710884 35.667877197
0.997632384 -0.005817609 -0.068525396 -2.061853409 0.006047706 0.999976873 0.003150791 -0.457517684 0.068505503 -0.003557750 0.997644126 36.652999878
0.997567654 -0.004604161 -0.069552056 -2.136415958 0.005018148 0.999970853 0.005778580 -0.465704143 0.069523446 -0.006113544 0.997561276 37.631366730
0.997586250 -0.004761683 -0.069273569 -2.209797621 0.005386923 0.999946535 0.008841604 -0.474351019 0.069227785 -0.009193429 0.997558236 38.635753632
0.997543812 0.001168596 -0.070035115 -2.282424927 -0.000376606 0.999935985 0.011320554 -0.482845843 0.070043877 -0.011266366 0.997480035 39.606723785
0.997556508 0.001292433 -0.069851823 -2.367604494 -0.000556397 0.999944270 0.010555482 -0.482653022 0.069861591 -0.010490818 0.997501314 40.605003357
0.997571170 0.001265318 -0.069642588 -2.442546844 -0.000649143 0.999960601 0.008869550 -0.483236969 0.069651082 -0.008802792 0.997532368 41.591014862
0.997544944 0.003620302 -0.069934681 -2.510314703 -0.003158668 0.999972641 0.006710354 -0.488489717 0.069957070 -0.006472972 0.997528791 42.563930511
0.997485697 0.003515758 -0.070779577 -2.582382202 -0.003049615 0.999973059 0.006692783 -0.491999835 0.070801213 -0.006460098 0.997469306 43.546543121
0.997389734 0.001363776 -0.072192557 -2.652024746 -0.000776248 0.999966502 0.008165728 -0.501613498 0.072201289 -0.008088366 0.997357070 44.525909424
0.997332335 0.001987825 -0.072966188 -2.726995468 -0.001323354 0.999957383 0.009153733 -0.508350313 0.072981291 -0.009032745 0.997292221 45.511814117
0.997312963 0.004521626 -0.073117629 -2.804626703 -0.004128612 0.999976337 0.005525302 -0.518086910 0.073140904 -0.005208573 0.997307777 46.478153229
0.997241855 0.005347624 -0.074026860 -2.880810976 -0.005258590 0.999985337 0.001397535 -0.527217269 0.074033275 -0.001004396 0.997254968 47.430492401
0.997180879 0.006210756 -0.074777067 -2.956789017 -0.006216963 0.999980748 0.000149728 -0.538458169 0.074776590 0.000315587 0.997199953 48.394134521
0.997181535 0.004914619 -0.074864164 -3.031571388 -0.004652715 0.999982476 0.003672348 -0.553577065 0.074880928 -0.003313668 0.997186661 49.364933014
0.997180283 0.002978419 -0.074982882 -3.104382515 -0.002472823 0.999973595 0.006834704 -0.564199805 0.075001284 -0.006630004 0.997161090 50.332847595
0.997146964 0.000797333 -0.075478956 -3.176834345 -0.000228370 0.999971509 0.007546301 -0.574542165 0.075482853 -0.007507525 0.997118533 51.289875031
0.997123241 -0.001999212 -0.075768702 -3.249159813 0.002490327 0.999976516 0.006387772 -0.586423695 0.075754181 -0.006558077 0.997104645 52.241901398
0.997086883 -0.004485974 -0.076140031 -3.319580317 0.004887798 0.999975145 0.005091832 -0.597135365 0.076115318 -0.005449149 0.997083843 53.192550659
0.996996462 -0.006109122 -0.077204108 -3.393417835 0.006611334 0.999958634 0.006250988 -0.605215013 0.077162750 -0.006742627 0.996995389 54.139839172
0.996888280 -0.009170470 -0.078290537 -3.465882301 0.010014969 0.999895811 0.010400834 -0.613303900 0.078187026 -0.011152538 0.996876001 55.085868835
0.996823072 -0.009923035 -0.079025567 -3.536736965 0.011184602 0.999816775 0.015537356 -0.620268881 0.078856945 -0.016371854 0.996751189 56.023071289
0.996791303 -0.008120914 -0.079629563 -3.614880800 0.009569553 0.999795318 0.017827449 -0.625284970 0.079468533 -0.018532254 0.996664762 56.968208313
0.996690273 -0.006855755 -0.081001841 -3.694843054 0.007998209 0.999872983 0.013787939 -0.626652718 0.080897070 -0.014390164 0.996618271 57.893531799
0.996576786 -0.005538940 -0.082485318 -3.772603512 0.006064073 0.999962926 0.006117153 -0.631984890 0.082448415 -0.006596401 0.996573210 58.810928345
0.996509612 -0.004268629 -0.083367087 -3.852834463 0.004388274 0.999989629 0.001251927 -0.635018110 0.083360918 -0.001613387 0.996517837 59.718585968
0.996430814 0.000570533 -0.084410556 -3.937977076 -0.000384806 0.999997556 0.002216488 -0.648226202 0.084411651 -0.002176087 0.996428311 60.618457794
0.996323705 0.003247378 -0.085605532 -4.023220062 -0.002862777 0.999985337 0.004615054 -0.661833763 0.085619301 -0.004353009 0.996318161 61.490673065
0.996237576 0.005911571 -0.086461358 -4.107028008 -0.005393149 0.999966085 0.006228316 -0.676585913 0.086495288 -0.005738575 0.996235490 62.384429932
0.996131361 0.006836787 -0.087609306 -4.183764935 -0.006336130 0.999962032 0.005991442 -0.687563360 0.087646976 -0.005413151 0.996136606 63.241714478
0.995966733 0.008351605 -0.089332692 -4.263170719 -0.007775823 0.999946773 0.006791424 -0.696618915 0.089384690 -0.006069389 0.995978415 64.097824097
0.995837808 0.009223522 -0.090673894 -4.343726158 -0.008578220 0.999935091 0.007503847 -0.708657146 0.090737253 -0.006694785 0.995852113 64.932777405
0.995717585 0.009348568 -0.091972508 -4.424274445 -0.008653924 0.999930978 0.007948614 -0.716334045 0.092040509 -0.007118641 0.995729566 65.752410889
0.995598912 0.009282211 -0.093255430 -4.501028061 -0.008471943 0.999922872 0.009080799 -0.725779951 0.093332574 -0.008250769 0.995600522 66.552696228
0.995439947 0.012044863 -0.094626322 -4.583446503 -0.010977639 0.999870181 0.011790764 -0.731794417 0.094756104 -0.010698212 0.995442688 67.339202881
0.995292246 0.013591072 -0.095960595 -4.664371014 -0.012124131 0.999800801 0.015853465 -0.736132205 0.096156992 -0.014615379 0.995258510 68.119262695
0.995079815 0.016791668 -0.097641207 -4.744573593 -0.015142641 0.999730349 0.017605247 -0.741347373 0.097910538 -0.016040068 0.995065570 68.880424500
0.994906902 0.019489795 -0.098893389 -4.825683117 -0.018227747 0.999740660 0.013649290 -0.749065280 0.099133797 -0.011777157 0.995004058 69.621452332
0.994778633 0.019722154 -0.100130148 -4.905452251 -0.019182516 0.999795794 0.006349416 -0.756007969 0.100234963 -0.004395504 0.994953692 70.348579407
0.994626522 0.018864170 -0.101793244 -4.973799706 -0.018901931 0.999821067 0.000593696 -0.761655509 0.101786263 0.001333594 0.994805038 71.044815063
0.994569600 0.019864976 -0.102158085 -5.050935745 -0.020029578 0.999799132 -0.000585609 -0.768287182 0.102125965 0.002628624 0.994767606 71.738586426
0.994429350 0.022670079 -0.102935590 -5.127098083 -0.022477224 0.999742627 0.003033237 -0.782173157 0.102977887 -0.000702622 0.994683027 72.404029846
0.994287610 0.023028949 -0.104217671 -5.201825619 -0.022592301 0.999730229 0.005368478 -0.797409058 0.104313210 -0.002983283 0.994539618 73.057907104
0.994259953 0.019829495 -0.105135195 -5.270567894 -0.019717924 0.999803245 0.002100636 -0.807592094 0.105156198 -0.000015520 0.994455338 73.693267822
0.994390965 0.011799208 -0.105103873 -5.326800823 -0.012179160 0.999921262 -0.002973901 -0.820024252 0.105060540 0.004237307 0.994456410 74.304023743
0.994527042 0.007862006 -0.104180887 -5.382394791 -0.008714452 0.999931991 -0.007729689 -0.831914008 0.104113072 0.008595275 0.994527936 74.893630981
0.994828343 0.010397384 -0.101034187 -5.446076393 -0.011260671 0.999904573 -0.007977906 -0.842390537 0.100941636 0.009074370 0.994850576 75.471740723
0.995173752 0.015560712 -0.096883915 -5.510210037 -0.016123662 0.999857128 -0.005030303 -0.854435682 0.096791834 0.006568161 0.995282590 76.036499023
0.995633066 0.014186789 -0.092265256 -5.558073044 -0.014425474 0.999893844 -0.001920497 -0.866044998 0.092228256 0.003243092 0.995732188 76.592697144
0.996193588 0.010592982 -0.086518884 -5.595009327 -0.010437430 0.999942720 0.002250077 -0.877090335 0.086537801 -0.001338466 0.996247292 77.136276245
0.996903896 0.006378022 -0.078366540 -5.625070572 -0.005950512 0.999965847 0.005687569 -0.891374111 0.078400172 -0.005203629 0.996908009 77.661453247
0.997656047 0.010066250 -0.067678660 -5.660667896 -0.009717314 0.999937534 0.005483021 -0.899566770 0.067729652 -0.004812505 0.997691691 78.174468994
0.998498619 0.015294505 -0.052592449 -5.689949036 -0.015051459 0.999873936 0.005014309 -0.907292426 0.052662537 -0.004215178 0.998603046 78.673652649
0.999189079 0.020521365 -0.034632515 -5.705363750 -0.020345066 0.999778092 0.005435346 -0.912997544 0.034736391 -0.004726328 0.999384940 79.157951355
0.999737561 0.019072678 -0.012666414 -5.695833683 -0.018999871 0.999802291 0.005843637 -0.918009639 0.012775384 -0.005601434 0.999902308 79.634544373
0.999785125 0.015648428 0.013575034 -5.669353008 -0.015738243 0.999854684 0.006534885 -0.923552454 -0.013470781 -0.006747119 0.999886096 80.097061157
0.998974979 0.014496851 0.042874940 -5.625498295 -0.014849123 0.999858379 0.007909257 -0.931469440 -0.042754184 -0.008537795 0.999048769 80.549308777
0.997031629 0.014132351 0.075681016 -5.566722393 -0.014861181 0.999848247 0.009075799 -0.936929345 -0.075541243 -0.010173558 0.997090399 80.999687195
0.993476152 0.014336452 0.113132954 -5.490012646 -0.015484418 0.999836922 0.009274833 -0.939483285 -0.112981521 -0.010966113 0.993536174 81.447921753
0.987858653 0.014688403 0.154657722 -5.396516800 -0.016266646 0.999827564 0.008944151 -0.942392766 -0.154499650 -0.011351309 0.987927258 81.875724792
0.979767144 0.014379585 0.199622557 -5.280751228 -0.016439715 0.999827147 0.008666337 -0.949144125 -0.199463397 -0.011772719 0.979834199 82.295562744
0.968466103 0.016599739 0.248590991 -5.149111748 -0.018767495 0.999803483 0.006352638 -0.958900154 -0.248436660 -0.010817735 0.968587399 82.701217651
0.953240454 0.017353326 0.301713437 -4.993470669 -0.019239340 0.999809325 0.003280275 -0.968948662 -0.301598966 -0.008931649 0.953392684 83.091285706
0.933699131 0.017956585 0.357607394 -4.816416740 -0.019396294 0.999811590 0.000439321 -0.971099198 -0.357532114 -0.007346441 0.933871567 83.461257935
0.909967184 0.018366767 0.414272726 -4.613086700 -0.019533712 0.999808013 -0.001419840 -0.981802642 -0.414219260 -0.006800265 0.910151362 83.807365417
0.881102026 0.018395577 0.472567827 -4.403880596 -0.019269908 0.999809682 -0.002990724 -0.996986389 -0.472532928 -0.006471195 0.881288886 84.130691528
0.848001361 0.016589629 0.529734015 -4.162428379 -0.016511030 0.999851525 -0.004881300 -1.012974024 -0.529736400 -0.004607095 0.848149419 84.436843872
0.811438501 0.016535772 0.584203541 -3.901335239 -0.015503097 0.999856710 -0.006767491 -1.020524383 -0.584231734 -0.003565551 0.811578631 84.729301453
0.772102177 0.015247216 0.635315180 -3.624087334 -0.014614410 0.999873579 -0.006235440 -1.031086802 -0.635329962 -0.004470350 0.772227407 84.996040344
0.729910672 0.014767527 0.683382690 -3.335028648 -0.015923789 0.999862492 -0.004598520 -1.038945436 -0.683356643 -0.007525524 0.730045438 85.242767334
0.684952021 0.013959172 0.728454113 -3.030436993 -0.015035949 0.999874234 -0.005022290 -1.042541981 -0.728432596 -0.007512963 0.685075700 85.473999023
0.638580680 0.012920204 0.769446194 -2.713274479 -0.011760819 0.999906003 -0.007029411 -1.048628449 -0.769464672 -0.004560464 0.638672471 85.681701660
0.592036307 0.010620002 0.805841148 -2.386788607 -0.005982697 0.999943435 -0.008782653 -1.054247022 -0.805888832 0.000378553 0.592066109 85.862884521
0.545426667 0.012750637 0.838061392 -2.057280540 -0.007906454 0.999917984 -0.010067517 -1.064775109 -0.838120937 -0.001134995 0.545482457 86.034988403
0.498154551 0.015901448 0.866942286 -1.719899178 -0.011712639 0.999863923 -0.011609283 -1.072743654 -0.867008746 -0.004370958 0.498272747 86.197738647
0.452752203 0.018116016 0.891452134 -1.380123854 -0.012656188 0.999823332 -0.013890477 -1.083998322 -0.891546130 -0.004993436 0.452901244 86.335876465
0.410679042 0.015724681 0.911644161 -1.027553678 -0.005216130 0.999875307 -0.014896778 -1.091654420 -0.911764622 0.001362544 0.410709620 86.448783875
0.371286601 0.008630004 0.928478003 -0.664865077 0.009878497 0.999863327 -0.013243795 -1.094899893 -0.928465366 0.014089213 0.371150374 86.538833618
0.336001247 0.005173588 0.941847086 -0.302123457 0.014169699 0.999843776 -0.010547159 -1.100808263 -0.941754520 0.016889552 0.335875213 86.630744934
0.302881837 0.009282595 0.952982664 0.058640003 0.011881464 0.999837875 -0.013515214 -1.109358311 -0.952953637 0.015416346 0.302722216 86.727149963
0.271578819 0.016769543 0.962269843 0.422474414 0.001253640 0.999840915 -0.017778104 -1.126260161 -0.962414980 0.006034498 0.271514356 86.830184937
0.243258700 0.021009063 0.969733596 0.799795151 -0.003904243 0.999778271 -0.020680584 -1.149198771 -0.969953179 0.001244657 0.243286565 86.915451050
0.217694432 0.022673402 0.975753248 1.191440225 -0.002651527 0.999739945 -0.022639200 -1.167469859 -0.976012945 0.002341192 0.217697725 86.982803345
0.194396049 0.024072442 0.980627418 1.591369152 0.004826677 0.999662995 -0.025496542 -1.180045605 -0.980910838 0.009689600 0.194214121 87.036460876
0.174450874 0.030538509 0.984191895 1.992696285 0.011958176 0.999379218 -0.033129372 -1.178463936 -0.984592855 0.017548587 0.173977166 87.080894470
0.154636711 0.037297469 0.987266839 2.411720037 0.013879414 0.999106228 -0.039918683 -1.183310390 -0.987873495 0.019875577 0.153980613 87.133506775
0.136933461 0.038167160 0.989844382 2.846386194 0.011487152 0.999128759 -0.040114261 -1.199030519 -0.990513265 0.016863475 0.136375502 87.191505432
0.121434011 0.033745430 0.992025435 3.299725056 0.009305559 0.999338984 -0.035133298 -1.227460980 -0.992555559 0.013497724 0.121039480 87.243797302
0.106982663 0.030502485 0.993792593 3.766015053 0.009500489 0.999451995 -0.031698916 -1.250925541 -0.994215131 0.012832746 0.106633998 87.285400391
0.093794353 0.028043073 0.995196342 4.250135422 0.011875325 0.999500275 -0.029283563 -1.271903276 -0.995520353 0.014564909 0.093414217 87.320487976
0.082172304 0.027295586 0.996244073 4.746301174 0.015440010 0.999469697 -0.028657487 -1.291106701 -0.996498108 0.017736869 0.081707045 87.350654602
0.072158985 0.027941776 0.997001469 5.258427143 0.018654974 0.999394476 -0.029359015 -1.308429122 -0.997218251 0.020717552 0.071593799 87.375289917
0.064347684 0.028551402 0.997518837 5.782048702 0.020715130 0.999336660 -0.029939722 -1.326642990 -0.997712135 0.022590281 0.063713312 87.402282715
0.058840722 0.028947188 0.997847438 6.327868938 0.022346014 0.999290466 -0.030306747 -1.346041083 -0.998016953 0.024081180 0.058151878 87.427749634
0.053302441 0.030029135 0.998126686 6.891569138 0.023639962 0.999229252 -0.031324748 -1.365346432 -0.998298287 0.025265357 0.052551232 87.452674866
0.047324553 0.030777156 0.998405218 7.469591618 0.024158299 0.999197125 -0.031946685 -1.385722518 -0.998587132 0.025631627 0.046542797 87.480438232
0.042977061 0.030752975 0.998602509 8.065217972 0.026709514 0.999133110 -0.031918824 -1.410270452 -0.998718739 0.028043957 0.042118162 87.501899719
0.040154040 0.030780196 0.998719156 8.683165550 0.028161367 0.999093056 -0.031923968 -1.431716323 -0.998796284 0.029407168 0.039250568 87.522865295
0.037131850 0.030356554 0.998849094 9.321191788 0.029094288 0.999081492 -0.031445198 -1.455919504 -0.998886466 0.030228416 0.036214296 87.544639587
0.034827016 0.029751441 0.998950303 9.978101730 0.031326368 0.999032676 -0.030846056 -1.479615688 -0.998902023 0.032367755 0.033861075 87.563667297
0.034189112 0.029396236 0.998982847 10.645256996 0.035585955 0.998897195 -0.030611617 -1.503310323 -0.998781323 0.036596335 0.033105072 87.581176758
0.035229299 0.029088221 0.998955727 11.335379601 0.038754057 0.998784244 -0.030449942 -1.527112126 -0.998627305 0.039786313 0.034058936 87.600013733
0.037652720 0.029047346 0.998868525 12.043867111 0.040400907 0.998715460 -0.030565830 -1.550826192 -0.998473585 0.041506078 0.036430568 87.623962402
0.041574154 0.028965013 0.998715401 12.768905640 0.042819358 0.998609185 -0.030744413 -1.576552153 -0.998217106 0.044042524 0.040275831 87.652008057
0.045934066 0.028579779 0.998535454 13.504954338 0.043098968 0.998602629 -0.030564331 -1.603037596 -0.998013973 0.044439793 0.044637889 87.686676025
0.049963921 0.026896007 0.998388708 14.257883072 0.044655040 0.998576939 -0.029135834 -1.629924297 -0.997751892 0.046038833 0.048691548 87.723838806
0.053934570 0.025289331 0.998224020 15.001405716 0.044465031 0.998626232 -0.027702002 -1.659233332 -0.997553587 0.045880169 0.052735753 87.766654968
0.058116578 0.023224898 0.998039424 15.775001526 0.041373331 0.998813808 -0.025652133 -1.685312629 -0.997451782 0.042783037 0.057086520 87.817649841
0.062200971 0.022158429 0.997817457 16.565927505 0.040747639 0.998863041 -0.024721749 -1.710049510 -0.997231126 0.042196430 0.061227120 87.870880127
0.066358387 0.023188004 0.997526169 17.357162476 0.038199022 0.998937428 -0.025761938 -1.737670541 -0.997064054 0.039814051 0.065401897 87.928924561
0.069369085 0.027213562 0.997219622 18.139009476 0.035988420 0.998908341 -0.029763106 -1.770261049 -0.996941328 0.037953004 0.068313755 87.989265442
0.070731662 0.032630894 0.996961355 18.920574188 0.030033587 0.998941481 -0.034826521 -1.801370978 -0.997042716 0.032405663 0.069676541 88.052314758
0.070696935 0.035754502 0.996856689 19.718696594 0.027446063 0.998908758 -0.037774589 -1.836356282 -0.997119725 0.030030338 0.069638237 88.110038757
0.070973672 0.035270914 0.996854305 20.517780304 0.025269844 0.998989761 -0.037145648 -1.875547767 -0.997157633 0.027826712 0.070010461 88.169738770
0.071134530 0.033714343 0.996896684 21.327274323 0.022676246 0.999115109 -0.035407480 -1.914734364 -0.997208536 0.025124565 0.070306845 88.230384827
0.070919670 0.032518428 0.996951759 22.147481918 0.023647031 0.999132216 -0.034271747 -1.952670455 -0.997201324 0.026005486 0.070088938 88.294242859
0.071370505 0.032027468 0.996935487 22.953285217 0.021127772 0.999211013 -0.033613138 -1.990838051 -0.997225702 0.023462007 0.070637308 88.355865479
0.071605764 0.032416496 0.996906042 23.758054733 0.019522412 0.999234140 -0.033894487 -2.030198574 -0.997241557 0.021889046 0.070917867 88.415946960
0.071703896 0.033031762 0.996878743 24.564661026 0.016469449 0.999275386 -0.034295827 -2.071719646 -0.997289658 0.018877182 0.071107715 88.478828430
0.070564494 0.034469012 0.996911407 25.370822906 0.013834933 0.999272227 -0.035529952 -2.110067129 -0.997410953 0.016299346 0.070036054 88.542427063
0.067710079 0.034315858 0.997114599 26.182973862 0.011431823 0.999315441 -0.035167914 -2.144545555 -0.997639239 0.013780051 0.067271218 88.605911255
0.063661896 0.033198804 0.997419059 26.987329483 0.009061338 0.999385476 -0.033842638 -2.181613684 -0.997930110 0.011192426 0.063321725 88.666336060
0.058624737 0.030806717 0.997804523 27.798786163 0.007138564 0.999484599 -0.031278033 -2.219706059 -0.998254299 0.008956547 0.058374383 88.725715637
0.052270927 0.028806265 0.998217285 28.606430054 0.005240425 0.999561548 -0.029119495 -2.256959677 -0.998618960 0.006753175 0.052096829 88.775039673
0.044930756 0.029029937 0.998568177 29.408409119 0.005047245 0.999557674 -0.029285837 -2.294097662 -0.998977184 0.006355842 0.044764135 88.811851501
0.036307503 0.029751310 0.998897672 30.207693100 0.004816669 0.999539256 -0.029945526 -2.332925558 -0.999328971 0.005898594 0.036147241 88.841125488
0.026423950 0.030304670 0.999191403 31.008716583 0.005858684 0.999517858 -0.030469544 -2.364517450 -0.999633610 0.006659061 0.026233431 88.862998962
0.016096862 0.029408364 0.999437928 31.811704636 0.007314129 0.999536514 -0.029529102 -2.398151159 -0.999843597 0.007785333 0.015874065 88.879226685
0.005205143 0.028327640 0.999585211 32.611953735 0.006580902 0.999575436 -0.028361667 -2.433260679 -0.999964714 0.006725788 0.005016266 88.886322021
-0.005668184 0.027821166 0.999596894 33.392631531 0.008548377 0.999577105 -0.027772179 -2.460658550 -0.999947309 0.008387503 -0.005903864 88.874656677
-0.016766924 0.028353481 0.999457359 34.173404694 0.009119129 0.999559999 -0.028203446 -2.488860846 -0.999817729 0.008641285 -0.017018363 88.863487244
-0.027730461 0.028862730 0.999198735 34.950958252 0.009300830 0.999546647 -0.028614696 -2.526646137 -0.999572039 0.008499868 -0.027986599 88.838516235
-0.038361758 0.030095141 0.998810709 35.725940704 0.008878326 0.999516547 -0.029775459 -2.558522940 -0.999224305 0.007725517 -0.038610674 88.811035156
-0.048511837 0.030952785 0.998342931 36.491195679 0.009816392 0.999485612 -0.030511253 -2.596125841 -0.998774230 0.008319958 -0.048790999 88.769294739
-0.058029406 0.031648900 0.997813106 37.259021759 0.010736567 0.999458730 -0.031076735 -2.630995035 -0.998256981 0.008909712 -0.058338076 88.722946167
-0.067687131 0.032095056 0.997190297 38.014198303 0.011753221 0.999438107 -0.031369660 -2.665137291 -0.997637212 0.009596864 -0.068026602 88.669342041
-0.076892719 0.032406311 0.996512651 38.752876282 0.012290020 0.999425888 -0.031552773 -2.701984406 -0.996963501 0.009820969 -0.077247135 88.607063293
-0.085403606 0.031979721 0.995833158 39.481445312 0.013587402 0.999428570 -0.030929962 -2.735229015 -0.996253669 0.010889243 -0.085789606 88.539016724
-0.092686199 0.030931193 0.995214880 40.212902069 0.015365034 0.999442160 -0.029631648 -2.768359661 -0.995576739 0.012545056 -0.093110032 88.468009949
-0.097834095 0.029231863 0.994773388 40.929794312 0.018046010 0.999455631 -0.027594710 -2.802987814 -0.995039046 0.015251979 -0.098308638 88.393066406
-0.101527534 0.027530834 0.994451761 41.628364563 0.020891428 0.999454916 -0.025536502 -2.836196661 -0.994613290 0.018182853 -0.102047637 88.315315247
-0.104167297 0.026641626 0.994202912 42.340827942 0.022686819 0.999444067 -0.024405114 -2.861345291 -0.994300961 0.020013083 -0.104714081 88.238639832
-0.106084667 0.025858438 0.994020820 43.027790070 0.022602258 0.999465644 -0.023587948 -2.889623642 -0.994100153 0.019964794 -0.106612720 88.170837402
-0.106896907 0.026223982 0.993924201 43.685981750 0.023209296 0.999444902 -0.023873519 -2.920197248 -0.993999124 0.020516274 -0.107446499 88.103698730
-0.106148154 0.027172297 0.993978977 44.345062256 0.023750491 0.999410033 -0.024784470 -2.950013876 -0.994066596 0.020976661 -0.106731176 88.036903381
-0.103028797 0.028959882 0.994256675 44.970462799 0.024992500 0.999335229 -0.026518032 -2.974489450 -0.994364381 0.022116834 -0.103684373 87.971832275
-0.097863138 0.029493794 0.994762659 45.586986542 0.025154550 0.999314070 -0.027154123 -3.001185894 -0.994881988 0.022365417 -0.098538190 87.915664673
-0.089981712 0.030196397 0.995485485 46.191097260 0.024412418 0.999306202 -0.028105708 -3.028872967 -0.995644212 0.021773204 -0.090656720 87.870475769
-0.079003870 0.030040758 0.996421576 46.779228210 0.022975089 0.999334574 -0.028306995 -3.059162140 -0.996609569 0.020656504 -0.079641759 87.836662292
-0.065412596 0.030248946 0.997399747 47.338462830 0.021910455 0.999342322 -0.028870959 -3.089425564 -0.997617722 0.019964948 -0.066032611 87.812126160
-0.048346013 0.031516049 0.998333335 47.880908966 0.020817868 0.999316096 -0.030538986 -3.119006634 -0.998613656 0.019306723 -0.048969302 87.800750732
-0.027276017 0.034136850 0.999044895 48.415874481 0.019075828 0.999251842 -0.033623166 -3.145040274 -0.999445915 0.018140487 -0.027907044 87.803680420
-0.002989581 0.037039243 0.999309361 48.921073914 0.016596355 0.999177337 -0.036984753 -3.173465967 -0.999857843 0.016474305 -0.003602065 87.823493958
0.025053615 0.038697623 0.998936892 49.440959930 0.014361870 0.999132752 -0.039065462 -3.201709270 -0.999583006 0.015325312 0.024475910 87.859794617
0.058036756 0.037776768 0.997599542 49.945133209 0.011981018 0.999184728 -0.038533863 -3.234593868 -0.998242676 0.014188616 0.057536647 87.910324097
0.096020862 0.035107866 0.994760096 50.451568604 0.010613070 0.999284089 -0.036292028 -3.263016701 -0.995322883 0.014042228 0.095579363 87.980216980
0.137856036 0.031274259 0.989958525 50.949817657 0.008189255 0.999430358 -0.032713935 -3.290565729 -0.990418553 0.012616813 0.137521297 88.076271057
0.183601841 0.026778078 0.982636034 51.439098358 0.005423884 0.999585211 -0.028253455 -3.318697453 -0.982985854 0.010517065 0.183380395 88.189010620
0.231498241 0.023588825 0.972549438 51.919570923 0.000526916 0.999701917 -0.024372883 -3.342634439 -0.972835422 0.006154703 0.231416792 88.339141846
0.282802254 0.022189263 0.958921671 52.384819031 -0.003611038 0.999749064 -0.022069108 -3.363549709 -0.959171712 0.002778459 0.282811433 88.511962891
0.337012440 0.022042790 0.941242218 52.827026367 -0.004819151 0.999752343 -0.021687590 -3.379793406 -0.941488147 0.002772968 0.337035269 88.709335327
0.394385874 0.022365674 0.918672800 53.259407043 -0.003631616 0.999733090 -0.022780148 -3.401336908 -0.918938100 0.005647874 0.394361913 88.933120728
0.453980267 0.025523880 0.890646160 53.666412354 -0.003064455 0.999627650 -0.027085088 -3.421634436 -0.891006887 0.009566724 0.453889549 89.178489685
0.513617218 0.027053757 0.857592881 54.056945801 -0.001385731 0.999526858 -0.030701371 -3.453393221 -0.858018756 0.014580339 0.513411939 89.448211670
0.571584344 0.029842481 0.820000529 54.419704437 -0.004638014 0.999439180 -0.033139959 -3.480156898 -0.820530593 0.015139090 0.571402490 89.746963501
0.191493392 0.301352501 0.934086204 54.851802826 0.576783717 0.735475004 -0.355521321 -3.659448862 -0.794135153 0.606846213 -0.032976896 89.771186829
0.256483674 0.302971333 0.917836845 55.271339417 0.551119447 0.734265864 -0.396382749 -3.861395359 -0.794029832 0.607504070 0.021353573 89.811759949
0.319482714 0.301558524 0.898328006 55.658210754 0.524278343 0.733439505 -0.432662517 -4.075199604 -0.789343357 0.609202743 0.076220483 89.871711731
0.380429953 0.296278536 0.876066208 56.050495148 0.494449973 0.735369623 -0.463410020 -4.318129063 -0.781531990 0.609466553 0.133261666 89.959854126
0.438930571 0.290552139 0.850246608 56.426868439 0.462832123 0.737964272 -0.491114348 -4.567327976 -0.770147026 0.609087169 0.189438254 90.081756592
0.493245631 0.286205113 0.821459234 56.791107178 0.429277331 0.741245449 -0.516017675 -4.832058430 -0.756590962 0.607157886 0.242754832 90.226799011
0.543167233 0.280806631 0.791275501 57.152645111 0.396950603 0.744558692 -0.536712766 -5.112671852 -0.739864707 0.605622709 0.292953700 90.394287109
0.586197078 0.278675139 0.760731936 57.466655731 0.363884658 0.748374104 -0.554546833 -5.392357826 -0.723851681 0.601893008 0.337289333 90.571159363
0.622689009 0.278322309 0.731296778 57.783420563 0.333411574 0.751132727 -0.569766998 -5.684585094 -0.707880974 0.598611057 0.374926507 90.765670776
0.651297331 0.281513512 0.704671443 58.080173492 0.303519070 0.754468977 -0.581937075 -5.980150223 -0.695477009 0.592895865 0.405939221 90.978919983
0.675673604 0.285582721 0.679637849 58.369026184 0.278669864 0.754567146 -0.594112396 -6.271330357 -0.682501733 0.590821207 0.430258095 91.201698303
0.696734846 0.287216067 0.657318294 58.665248871 0.258165091 0.754537523 -0.603342354 -6.565462112 -0.669262052 0.590066850 0.451563805 91.428413391
0.713203847 0.283276439 0.641166568 58.967697144 0.248693168 0.752935827 -0.609292507 -6.866284370 -0.655356646 0.594004095 0.466548234 91.653213501
0.724308670 0.281056166 0.629590511 59.272583008 0.240882248 0.752447486 -0.613022566 -7.172777653 -0.646028697 0.595675230 0.477303207 91.882423401
0.731242537 0.284580141 0.619917989 59.569110870 0.229650870 0.753047287 -0.616586089 -7.489548206 -0.642296910 0.593239129 0.485306561 92.133468628
0.735690713 0.288560480 0.612773836 59.862991333 0.219452783 0.754350662 -0.618703246 -7.807074547 -0.640780807 0.589649618 0.491643846 92.394744873
0.737109125 0.295205772 0.607884347 60.165405273 0.209860861 0.755065441 -0.621154368 -8.138878822 -0.642361939 0.585430145 0.494613975 92.664848328
0.737324893 0.301205575 0.604670823 60.476634979 0.204317123 0.753740311 -0.624602437 -8.476307869 -0.643899560 0.584080040 0.494210541 92.934486389
0.737561345 0.303290516 0.603338838 60.795623779 0.203215748 0.752358019 -0.626624882 -8.819810867 -0.643977284 0.584782779 0.493277341 93.195724487
0.736611128 0.303794712 0.604245365 61.126491547 0.206477091 0.749763966 -0.628664613 -9.163609505 -0.644027472 0.587844729 0.489558369 93.455703735
0.735025585 0.305382997 0.605374455 61.466968536 0.211425424 0.745087624 -0.632567585 -9.513111115 -0.644233465 0.592945457 0.483093262 93.725753784
0.732483327 0.307841510 0.607207835 61.810420990 0.214537233 0.742099226 -0.635027945 -9.867101669 -0.646097481 0.595416665 0.477532357 93.995300293
0.728215456 0.311129659 0.610655487 62.162979126 0.213606864 0.743594050 -0.633591354 -10.242690086 -0.651209950 0.591831803 0.475037754 94.278549194
0.723546863 0.311426967 0.616029739 62.528385162 0.214184567 0.747101367 -0.629255533 -10.627483368 -0.656204939 0.587240517 0.473860502 94.567840576
0.721418679 0.306880563 0.620788991 62.912567139 0.218689337 0.749613166 -0.624702394 -11.018299103 -0.657061756 0.586432457 0.473673910 94.857086182
0.720135450 0.300966501 0.625158906 63.306213379 0.223406851 0.752453804 -0.619597077 -11.412521362 -0.656882286 0.585859179 0.474631190 95.146675110
0.718313754 0.296891451 0.629190266 63.704463959 0.226824626 0.755018950 -0.615219355 -11.812497139 -0.657705009 0.584636927 0.474998742 95.444816589
0.717747092 0.293149650 0.631586850 64.111572266 0.232147247 0.754413188 -0.613975883 -12.214785576 -0.656465292 0.587301135 0.473424494 95.746894836
0.718813956 0.292027593 0.630892932 64.531677246 0.235525981 0.751532316 -0.616218090 -12.624936104 -0.654090166 0.591538429 0.471432328 96.049736023
0.719571233 0.294738084 0.628765583 64.951721191 0.237248167 0.746626973 -0.621497869 -13.044897079 -0.652633488 0.596386015 0.467325747 96.361503601
0.719760597 0.299364299 0.626358747 65.367752075 0.236406803 0.742624879 -0.626592636 -13.469273567 -0.652730048 0.599072695 0.463740826 96.677627563
0.720737934 0.303287953 0.623340130 65.789093018 0.233241111 0.740683556 -0.630067289 -13.899140358 -0.652790546 0.599502444 0.463099897 97.002929688
0.722615063 0.300141752 0.622689426 66.231437683 0.232153356 0.743118048 -0.627597570 -14.347119331 -0.651100993 0.598071337 0.467309773 97.335540771
0.724253416 0.293784827 0.623816609 66.675575256 0.232955977 0.747246385 -0.622376680 -14.802495956 -0.648990571 0.596080661 0.472757250 97.672012329
0.725528598 0.291306078 0.623497188 67.124237061 0.230015039 0.751244009 -0.618646801 -15.267185211 -0.648615181 0.592260122 0.478044689 98.014366150
0.725606859 0.294214308 0.622038782 67.576278687 0.226368517 0.751603246 -0.619554758 -15.737106323 -0.649809361 0.590363681 0.478768170 98.369918823
0.725367308 0.300719380 0.619200885 68.024368286 0.221429050 0.749783099 -0.623532414 -16.208099365 -0.651775718 0.589399636 0.477280706 98.732994080
0.727759242 0.303860545 0.614845335 68.483276367 0.219316095 0.746311486 -0.628424823 -16.686649323 -0.649820745 0.592188060 0.476494193 99.098701477
0.730741560 0.304262161 0.611098051 68.950607300 0.218321845 0.744002938 -0.631500840 -17.170614243 -0.646801710 0.594880581 0.477247417 99.467849731
0.733657002 0.302104652 0.608670473 69.421989441 0.217214271 0.744474471 -0.631326973 -17.670530319 -0.643867552 0.595389962 0.480568111 99.845611572
0.736769497 0.298516452 0.606678009 69.902244568 0.217484728 0.744949102 -0.630673647 -18.178894043 -0.640211821 0.596604884 0.483933687 100.228401184
0.738052845 0.296466559 0.606123090 70.383285522 0.216743603 0.746526599 -0.629061401 -18.695268631 -0.638983786 0.595654428 0.486719579 100.616508484
0.739682972 0.293071657 0.605786860 70.873512268 0.217968553 0.747322977 -0.627691031 -19.206993103 -0.636678100 0.596335411 0.488902390 101.005157471
0.741338253 0.288638711 0.605891824 71.368522644 0.221460178 0.747014582 -0.626835346 -19.725187302 -0.633540213 0.598878503 0.489869237 101.400474548
0.741419196 0.288646728 0.605788887 71.851455688 0.220054835 0.748253584 -0.625851691 -20.240550995 -0.633935034 0.597325861 0.491252214 101.795272827
0.739569902 0.293748975 0.605596721 72.335548401 0.216445550 0.748154819 -0.627226830 -20.763326645 -0.637328684 0.594957471 0.489732921 102.199012756
0.737644315 0.299589187 0.605084002 72.824798584 0.212941781 0.747207940 -0.629550457 -21.289447784 -0.640731454 0.593232632 0.487379491 102.601806641
0.734403431 0.307024479 0.605299115 73.321296692 0.206945583 0.748069048 -0.630526662 -21.827024460 -0.646394074 0.588325560 0.485847980 103.013641357
0.730565012 0.311173111 0.607820272 73.816078186 0.204103842 0.749926209 -0.629245520 -22.369485855 -0.651626110 0.583763778 0.484359056 103.428848267
0.727771282 0.312270343 0.610602677 74.321380615 0.203382909 0.752003968 -0.626995265 -22.917922974 -0.654969096 0.580495894 0.483777255 103.838562012
0.726070404 0.312863559 0.612321496 74.843116760 0.204774246 0.751707971 -0.626897335 -23.465410233 -0.656421721 0.580559909 0.481727302 104.245933533
0.725524604 0.312931269 0.612933636 75.357528687 0.207586080 0.749641418 -0.628445208 -24.000827789 -0.656142056 0.583189547 0.478923857 104.643905640
0.726420581 0.307928413 0.614404440 75.884986877 0.212802678 0.749282479 -0.627127171 -24.548023224 -0.653474152 0.586305618 0.478766888 105.047836304
0.728518844 0.303583354 0.614082277 76.407211304 0.218224436 0.746881783 -0.628126860 -25.083986282 -0.649337173 0.591610610 0.477868825 105.434181213
0.727972806 0.303057134 0.614989161 76.928443909 0.219543323 0.746726155 -0.627852261 -25.631662369 -0.649505019 0.592076719 0.477062821 105.833908081
0.725774407 0.303695261 0.617268443 77.455589294 0.218113184 0.749400675 -0.625158310 -26.182880402 -0.652440429 0.588358879 0.477656633 106.245758057
0.723968089 0.302688956 0.619878411 77.968696594 0.216301739 0.753667593 -0.620641887 -26.723094940 -0.655045152 0.583406270 0.480159879 106.656486511
0.722205102 0.303244293 0.621660948 78.473320007 0.213321298 0.757306397 -0.617234707 -27.253168106 -0.657962084 0.578384101 0.482242852 107.052680969
0.721942782 0.305723995 0.620750427 78.993064880 0.215766668 0.752905846 -0.621751785 -27.792228699 -0.657452404 0.582807004 0.477590621 107.454841614
0.724018931 0.309182018 0.616605818 79.503440857 0.221454903 0.742402613 -0.632292509 -28.319423676 -0.653264582 0.594342709 0.469044387 107.838073730
0.725469410 0.311672419 0.613640070 80.014282227 0.224478543 0.735681653 -0.639045894 -28.847150803 -0.650618017 0.601357877 0.463751465 108.222259521
