1.000000000 0.000000000 0.000000000 0.000000000 0.000000000 1.000000000 0.000000000 0.000000000 0.000000000 0.000000000 1.000000000 0.000000000
0.999990940 -0.002566421 -0.003389670 -0.000641896 0.002559280 0.999994516 -0.002109251 -0.005393846 0.003395064 0.002100557 0.999992013 0.670326889
0.999970913 -0.001345370 -0.007506129 -0.009732891 0.001318477 0.999992728 -0.003586626 -0.011476396 0.007510900 0.003576625 0.999965429 1.352138758
0.999934375 -0.001339100 -0.011375506 -0.025411192 0.001281870 0.999986470 -0.005036772 -0.016178625 0.011382097 0.005021859 0.999922633 2.058229923
0.999869406 0.000132867 -0.016156973 -0.045872860 -0.000223681 0.999984205 -0.005619039 -0.023755047 0.016155973 0.005621920 0.999853671 2.783751488
0.999784231 -0.000910736 -0.020749748 -0.059858009 0.000787320 0.999981999 -0.005955239 -0.030006509 0.020754799 0.005937619 0.999766946 3.521924257
0.999680281 0.000889322 -0.025267463 -0.085942797 -0.001070671 0.999973834 -0.007164530 -0.039864980 0.025260432 0.007189294 0.999655008 4.275128841
0.999538958 0.003567777 -0.030150510 -0.115396827 -0.003801892 0.999963105 -0.007711091 -0.048818551 0.030121887 0.007822166 0.999515533 5.034982204
0.999399483 0.003793290 -0.034442790 -0.149553925 -0.004010252 0.999972582 -0.006232277 -0.055675562 0.034418207 0.006366660 0.999387145 5.810809612
0.999238968 0.003036779 -0.038887393 -0.184620664 -0.003175668 0.999988794 -0.003510300 -0.066275865 0.038876303 0.003631124 0.999237359 6.602301598
0.999092281 0.002595052 -0.042518359 -0.216997921 -0.002633694 0.999996185 -0.000852827 -0.078645363 0.042515989 0.000964035 0.999095261 7.416768551
0.998972297 0.004369838 -0.045112856 -0.261354893 -0.004437114 0.999989152 -0.001391241 -0.090569273 0.045106295 0.001589984 0.998980880 8.229866028
0.998866320 0.003859918 -0.047445990 -0.301382035 -0.003940781 0.999990880 -0.001610862 -0.099599861 0.047439344 0.001796012 0.998872459 9.052682877
0.998784542 0.000793185 -0.049281720 -0.338455081 -0.000901283 0.999997199 -0.002171262 -0.106561780 0.049279865 0.002213042 0.998782516 9.889419556
0.998665512 0.000804375 -0.051636003 -0.378294975 -0.000871823 0.999998689 -0.001283683 -0.117224321 0.051634911 0.001326989 0.998665094 10.725419998
0.998582959 -0.000577681 -0.053211302 -0.421832025 0.000499389 0.999998689 -0.001484587 -0.128697038 0.053212091 0.001455912 0.998582125 11.570466042
0.998479784 0.001719771 -0.055088315 -0.472698987 -0.001923553 0.999991417 -0.003646361 -0.143430844 0.055081572 0.003746785 0.998474777 12.426896095
0.998393238 0.002395088 -0.056610249 -0.522839427 -0.002756836 0.999976158 -0.006312888 -0.152723804 0.056593779 0.006458813 0.998376369 13.282769203
0.998271108 0.006359108 -0.058428273 -0.580899239 -0.006832729 0.999945283 -0.007909789 -0.163207069 0.058374774 0.008295342 0.998260260 14.154946327
0.998198867 0.007196304 -0.059554726 -0.635319114 -0.007668177 0.999940872 -0.007698556 -0.175367013 0.059495803 0.008141370 0.998195350 15.044620514
0.998121321 0.006669075 -0.060899843 -0.690696836 -0.007063924 0.999955297 -0.006270555 -0.188483208 0.060855296 0.006688971 0.998124182 15.919527054
0.998020411 0.007527043 -0.062433712 -0.748566866 -0.007848932 0.999957085 -0.004912015 -0.200468943 0.062394053 0.005392333 0.998037040 16.812824249
0.997961462 0.007324740 -0.063392818 -0.808810771 -0.007639275 0.999959588 -0.004720690 -0.216388971 0.063355669 0.005195345 0.997977495 17.717035294
0.997836888 0.007257278 -0.065332957 -0.865342617 -0.007642926 0.999954700 -0.005654770 -0.229128033 0.065288953 0.006141877 0.997847497 18.625236511
0.997779608 0.005732551 -0.066351794 -0.928798139 -0.006162493 0.999961197 -0.006276846 -0.243409723 0.066313230 0.006671806 0.997776568 19.537790298
0.997736752 0.005630025 -0.067001820 -0.990694046 -0.005952106 0.999971509 -0.004608355 -0.254688263 0.066973954 0.004996731 0.997742236 20.466020584
0.997725129 0.006887529 -0.067057602 -1.054384708 -0.006978736 0.999974787 -0.001125928 -0.270407379 0.067048155 0.001591346 0.997748494 21.371664047
0.997771680 0.007834828 -0.066255920 -1.120041847 -0.007679189 0.999966919 0.002603454 -0.281650335 0.066274114 -0.002088861 0.997799277 22.300107956
0.997881949 0.006507469 -0.064721189 -1.181681633 -0.006163195 0.999965549 0.005517622 -0.288350493 0.064754851 -0.005107046 0.997888148 23.228731155
0.997978449 0.006807584 -0.063184060 -1.246195197 -0.006426825 0.999959707 0.006227526 -0.295174628 0.063223898 -0.005808865 0.997982502 24.173524857
0.998067796 0.007217552 -0.061709691 -1.307777882 -0.007011111 0.999968827 0.003561278 -0.307021648 0.061733454 -0.003121743 0.998087823 25.108020782
0.998120606 0.008288921 -0.060712103 -1.372038126 -0.008382509 0.999963820 -0.001286924 -0.318735957 0.060699221 0.001793428 0.998154461 26.034500122
0.998198092 0.007656200 -0.059509564 -1.430572987 -0.007918051 0.999959767 -0.004165549 -0.333393127 0.059475262 0.004629246 0.998219013 26.972085953
0.998248935 0.004972781 -0.058938287 -1.483252764 -0.005168048 0.999981403 -0.003161067 -0.343701303 0.058921453 0.003460130 0.998256624 27.917949677
0.998250425 0.003131040 -0.059040114 -1.551357150 -0.003016837 0.999993205 0.002023407 -0.361571193 0.059046026 -0.001841751 0.998253524 28.901931763
0.998195887 -0.000699394 -0.060032494 -1.601604581 0.001030906 0.999984205 0.005491460 -0.373861283 0.060027681 -0.005543441 0.998181283 29.865024567
0.998100281 -0.007975847 -0.061087735 -1.654535413 0.008294885 0.999953032 0.004970793 -0.384508967 0.061045200 -0.005468065 0.998119950 30.813993454
0.997994304 -0.010027823 -0.062500693 -1.714913726 0.010115033 0.999948025 0.001079072 -0.390960276 0.062486608 -0.001709102 0.998044252 31.788185120
0.997908890 -0.009840159 -0.063878410 -1.779637575 0.009675021 0.999948800 -0.002894003 -0.402408004 0.063903600 0.002269929 0.997953415 32.764755249
0.997780085 -0.008373857 -0.066062443 -1.849296451 0.008168443 0.999960661 -0.003378884 -0.417806238 0.066088125 0.002831759 0.997809708 33.739700317
0.997735381 -0.008535593 -0.066713646 -1.915591955 0.008432495 0.999962509 -0.001826825 -0.434175760 0.066726729 0.001260128 0.997770429 34.734245300
0.997647882 -0.005562652 -0.068316966 -1.983809352 0.005653489 0.999983072 0.001136352 -0.451877862 0.068309478 -0.001519908 0.997662961 35.715854645
0.997582972 -0.005738909 -0.069243759 -2.057637215 0.005925314 0.999979019 0.002486898 -0.464239597 0.069228038 -0.002891178 0.997596562 36.701732635
0.997516870 -0.004714904 -0.070264913 -2.133013964 0.005086164 0.999973714 0.005105746 -0.472003490 0.070239000 -0.005450448 0.997515202 37.679592133
0.997546077 -0.005094378 -0.069821626 -2.214365005 0.005672697 0.999950945 0.008087034 -0.475930005 0.069777004 -0.008463270 0.997526586 38.670879364
0.997502804 0.000607807 -0.070619084 -2.289614916 0.000137567 0.999944091 0.010549521 -0.482949883 0.070621550 -0.010532897 0.997447431 39.650466919
0.997515559 0.000715542 -0.070437387 -2.376052856 -0.000032626 0.999952734 0.009696048 -0.481579036 0.070440993 -0.009669666 0.997468948 40.657592773
0.997530282 0.000684136 -0.070228890 -2.451420069 -0.000121251 0.999967575 0.008018980 -0.483167887 0.070232101 -0.007990665 0.997498512 41.641216278
0.997522950 0.002905533 -0.070277154 -2.528124094 -0.002499768 0.999979377 0.005861076 -0.488065541 0.070292741 -0.005670884 0.997510135 42.613670349
0.997464001 0.002538155 -0.071123421 -2.600908041 -0.002122009 0.999979913 0.005926018 -0.494937837 0.071137033 -0.005760068 0.997449756 43.602569580
0.997365236 0.000386732 -0.072537810 -2.670872450 0.000150283 0.999972403 0.007397655 -0.505304456 0.072538666 -0.007389070 0.997338057 44.581905365
0.997310698 0.001077216 -0.073276713 -2.747004032 -0.000462777 0.999964356 0.008401677 -0.513365686 0.073283143 -0.008345176 0.997276068 45.564937592
0.997293711 0.003527784 -0.073431261 -2.825358868 -0.003184333 0.999983251 0.004793765 -0.522170126 0.073446937 -0.004546966 0.997288585 46.534736633
0.997227848 0.004226526 -0.074284039 -2.905469894 -0.004186087 0.999990821 0.000700106 -0.531998754 0.074286319 -0.000387208 0.997236669 47.494049072
0.997167826 0.005076624 -0.075033277 -2.981672525 -0.005132123 0.999986529 -0.000546816 -0.543833494 0.075029492 0.000930345 0.997180641 48.457923889
0.997166753 0.003621017 -0.075131685 -3.056313515 -0.003406164 0.999989569 0.002987663 -0.559196413 0.075141728 -0.002723290 0.997168899 49.430717468
0.997164786 0.001829823 -0.075223088 -3.131046534 -0.001370460 0.999979913 0.006157871 -0.570261478 0.075232849 -0.006037324 0.997147501 50.404804230
0.997115612 -0.000156478 -0.075893953 -3.196940660 0.000682417 0.999975741 0.006904067 -0.583486915 0.075891040 -0.006935947 0.997091830 51.356945038
0.997087359 -0.003051999 -0.076203845 -3.269581079 0.003499484 0.999977231 0.005739396 -0.595380247 0.076184593 -0.005989354 0.997075617 52.312545776
0.997046471 -0.005580718 -0.076594323 -3.342382669 0.005938379 0.999972343 0.004442614 -0.606247127 0.076567404 -0.004884339 0.997052312 53.266670227
0.996946394 -0.007315785 -0.077742025 -3.415806770 0.007777145 0.999953747 0.005633418 -0.615126908 0.077697210 -0.006220828 0.996957481 54.214614868
0.996842384 -0.010311727 -0.078729473 -3.488223553 0.011116127 0.999890268 0.009785874 -0.625484169 0.078619905 -0.010630144 0.996847868 55.150863647
0.996776104 -0.011012503 -0.079470605 -3.559713364 0.012235296 0.999813795 0.014916243 -0.632896066 0.079291530 -0.015840506 0.996725500 56.089092255
0.996746600 -0.009214716 -0.080067039 -3.639837980 0.010622285 0.999796033 0.017171811 -0.636883795 0.079892457 -0.017966446 0.996641457 57.034240723
0.996644914 -0.007997450 -0.081451550 -3.719854593 0.009098634 0.999871969 0.013157355 -0.640018165 0.081335872 -0.013854312 0.996590376 57.960411072
0.996541083 -0.006501306 -0.082843073 -3.799045324 0.006977501 0.999960661 0.005459999 -0.646090090 0.082804292 -0.006019152 0.996547580 58.874073029
0.996479154 -0.004929293 -0.083692037 -3.880652189 0.005003296 0.999987185 0.000674592 -0.653492570 0.083687611 -0.001090953 0.996491373 59.783424377
0.996398687 -0.000239439 -0.084788151 -3.965487242 0.000378466 0.999998510 0.001623725 -0.665758908 0.084787615 -0.001649966 0.996397614 60.684871674
0.996286809 0.002412683 -0.086059265 -4.050936222 -0.002073420 0.999989629 0.004031463 -0.679281652 0.086068079 -0.003838056 0.996281803 61.566040039
0.996200442 0.005031980 -0.086941101 -4.134815216 -0.004559812 0.999973655 0.005628733 -0.694426775 0.086967111 -0.005210912 0.996197462 62.463191986
0.996095896 0.005919177 -0.088075936 -4.213196278 -0.005467239 0.999970496 0.005371685 -0.705002666 0.088105105 -0.004869182 0.996099234 63.324455261
0.995931804 0.007405783 -0.089802504 -4.292905807 -0.006879379 0.999957144 0.006170008 -0.714659274 0.089844324 -0.005527122 0.995940387 64.180694580
0.995803535 0.008216591 -0.091144539 -4.373720646 -0.007621237 0.999947131 0.006878211 -0.726725578 0.091196224 -0.006154713 0.995813847 65.016197205
0.995682478 0.008251731 -0.092453979 -4.453927040 -0.007605542 0.999943972 0.007339561 -0.735547304 0.092509352 -0.006604711 0.995689869 65.832824707
0.995563507 0.008116707 -0.093737900 -4.530798912 -0.007357924 0.999937177 0.008437609 -0.744091690 0.093800485 -0.007710462 0.995561123 66.630432129
0.995409489 0.010910247 -0.095080175 -4.613330364 -0.009893343 0.999888599 0.011160179 -0.750843942 0.095191330 -0.010168292 0.995407045 67.415832520
0.995263577 0.012499074 -0.096403025 -4.693754196 -0.011079659 0.999822259 0.015245141 -0.756610572 0.096576422 -0.014104827 0.995225608 68.195968628
0.995053649 0.015673637 -0.098091654 -4.774325848 -0.014073131 0.999756575 0.016987238 -0.761972845 0.098334014 -0.015522766 0.995032370 68.959327698
0.994881511 0.018372867 -0.099360846 -4.857315063 -0.017163409 0.999767900 0.013013688 -0.769557416 0.099576883 -0.011241714 0.994966388 69.703857422
0.994750142 0.018520359 -0.100640289 -4.937344074 -0.018037550 0.999820888 0.005705406 -0.776851237 0.100727931 -0.003860154 0.994906485 70.431465149
0.994599521 0.017677756 -0.102266945 -5.007454872 -0.017776743 0.999841809 -0.000056455 -0.782703698 0.102249771 0.001874121 0.994756997 71.130348206
0.994544148 0.018614057 -0.102638535 -5.084821701 -0.018838858 0.999821603 -0.001221102 -0.789943278 0.102597497 0.003148032 0.994717956 71.823799133
0.994408667 0.021426611 -0.103399538 -5.163045406 -0.021299323 0.999770284 0.002335224 -0.802818954 0.103425816 -0.000119831 0.994637191 72.494262695
0.994263768 0.021763241 -0.104713939 -5.235860825 -0.021392504 0.999760151 0.004662517 -0.817765832 0.104790300 -0.002395683 0.994491458 73.146331787
0.994231641 0.018585842 -0.105627082 -5.304823875 -0.018541984 0.999827027 0.001397348 -0.828521371 0.105634779 0.000569245 0.994404912 73.782684326
0.994348824 0.010617409 -0.105625294 -5.360915184 -0.011061453 0.999932170 -0.003618987 -0.843023062 0.105579704 0.004766905 0.994399488 74.399360657
0.994479537 0.006624897 -0.104716726 -5.416945934 -0.007543420 0.999936283 -0.008377883 -0.855404675 0.104654558 0.009121560 0.994466841 74.989776611
0.994785726 0.009200357 -0.101566926 -5.481304646 -0.010127798 0.999911368 -0.008619417 -0.866533697 0.101478636 0.009603127 0.994791329 75.568000793
0.995139360 0.014346713 -0.097421899 -5.545816898 -0.014970305 0.999871612 -0.005672934 -0.878730893 0.097328030 0.007103799 0.995226920 76.133964539
0.995599151 0.012974567 -0.092807256 -5.593969822 -0.013269154 0.999908388 -0.002557778 -0.890691757 0.092765592 0.003777997 0.995680690 76.690132141
0.996157646 0.009385421 -0.087069608 -5.631201267 -0.009280072 0.999955297 0.001614668 -0.901972353 0.087080888 -0.000800454 0.996200860 77.233963013
0.996866286 0.005154968 -0.078931704 -5.661644936 -0.004769499 0.999975443 0.005071347 -0.916207552 0.078955919 -0.004678994 0.996867120 77.760780334
0.997625947 0.008855284 -0.068287253 -5.695404053 -0.008542546 0.999951303 0.004870450 -0.924405158 0.068327069 -0.004275545 0.997653782 78.275871277
0.998484075 0.014073316 -0.053203736 -5.724978447 -0.013857982 0.999893844 0.004414182 -0.932287455 0.053260207 -0.003670198 0.998573899 78.776069641
0.999191403 0.019365447 -0.035222456 -5.741280079 -0.019207207 0.999803483 0.004825537 -0.937441945 0.035308968 -0.004145115 0.999367833 79.264167786
0.999751091 0.017920865 -0.013257038 -5.732034206 -0.017852480 0.999826372 0.005259404 -0.942726851 0.013348961 -0.005021429 0.999898314 79.740661621
0.999810278 0.014494567 0.012978710 -5.705841064 -0.014573056 0.999875546 0.005972956 -0.948377252 -0.012890571 -0.006160968 0.999898016 80.203308105
0.999016583 0.013337994 0.042273443 -5.662193298 -0.013661776 0.999879003 0.007379421 -0.956482232 -0.042169981 -0.007949702 0.999078929 80.655570984
0.997093856 0.012924002 0.075072452 -5.603491783 -0.013607659 0.999870002 0.008602177 -0.962633729 -0.074951619 -0.009598748 0.997141063 81.106040955
0.993523002 0.013184634 0.112858981 -5.533946037 -0.014273420 0.999858618 0.008844629 -0.965239525 -0.112726554 -0.010398236 0.993571758 81.553596497
0.987914979 0.013584118 0.154396862 -5.440564632 -0.015082924 0.999849439 0.008540125 -0.967764795 -0.154257789 -0.010765686 0.987972081 81.982833862
0.979839444 0.013277004 0.199341983 -5.324487686 -0.015237446 0.999849081 0.008303556 -0.974430978 -0.199201882 -0.011173628 0.979894876 82.403373718
0.968555808 0.015491353 0.248311281 -5.192921162 -0.017544368 0.999827385 0.006056976 -0.984412193 -0.248174861 -0.010222997 0.968661427 82.808891296
0.953346074 0.016238080 0.301440746 -5.037364006 -0.017995913 0.999832988 0.003055179 -0.994542956 -0.301341146 -0.008337355 0.953480065 83.198997498
0.933837235 0.016707886 0.357306421 -4.860138416 -0.018099897 0.999835610 0.000551928 -1.000116944 -0.357238889 -0.006982630 0.933987081 83.568572998
0.909969687 0.017283436 0.414313227 -4.659936905 -0.018364888 0.999829948 -0.001373399 -1.008977652 -0.414267004 -0.006359074 0.910133362 83.917556763
0.881131172 0.017112955 0.472561121 -4.448445320 -0.017903453 0.999835253 -0.002824733 -1.024335027 -0.472532183 -0.005971525 0.881293356 84.242477417
0.847812653 0.015658800 0.530063748 -4.210471153 -0.015273442 0.999869764 -0.005108364 -1.034979939 -0.530075371 -0.003764969 0.847942293 84.551315308
0.811224997 0.015420494 0.584529996 -3.949422598 -0.014270788 0.999876022 -0.006572423 -1.046025395 -0.584559560 -0.003009996 0.811345279 84.843170166
0.771876216 0.014118629 0.635615349 -3.672128677 -0.013387109 0.999892116 -0.005953180 -1.056525111 -0.635631561 -0.003913940 0.771982789 85.109451294
0.729664445 0.013615586 0.683669209 -3.382027149 -0.014658825 0.999882936 -0.004268128 -1.063733101 -0.683647990 -0.006907494 0.729779363 85.357154846
0.684658051 0.012872420 0.728750169 -3.077449799 -0.013828596 0.999892950 -0.004669914 -1.066500902 -0.728733003 -0.006880307 0.684763432 85.588790894
0.638562202 0.011796687 0.769479156 -2.758350134 -0.010401469 0.999922931 -0.006697791 -1.071432233 -0.769499719 -0.003726764 0.638636291 85.792289734
0.592008770 0.009498620 0.805874944 -2.431861401 -0.004647998 0.999953568 -0.008371699 -1.076832891 -0.805917978 0.001210414 0.592025995 85.973457336
0.545474648 0.011611042 0.838046312 -2.100429058 -0.006470673 0.999931991 -0.009642285 -1.086528420 -0.838102221 -0.000163104 0.545513213 86.145072937
0.498167872 0.014783839 0.866954029 -1.763704419 -0.010253406 0.999884546 -0.011158877 -1.093573093 -0.867019832 -0.003330244 0.498262435 86.308227539
0.452747852 0.016942639 0.891477108 -1.423967123 -0.011039743 0.999848664 -0.013395604 -1.104322672 -0.891570091 -0.003776854 0.452866852 86.447143555
0.410678416 0.014527689 0.911664009 -1.072194815 -0.003598388 0.999890387 -0.014312657 -1.111836433 -0.911772966 0.002597379 0.410686105 86.559455872
0.371337980 0.007409726 0.928467751 -0.708431184 0.011581562 0.999852657 -0.012611453 -1.114500403 -0.928425312 0.015436232 0.371197879 86.649314880
0.336125255 0.003939332 0.941808641 -0.345262527 0.015953582 0.999823213 -0.009875740 -1.119711280 -0.941681862 0.018344723 0.336003393 86.740959167
0.302957386 0.008075681 0.952969491 0.014581263 0.013458764 0.999827325 -0.012751446 -1.128284454 -0.952908754 0.016688952 0.302796781 86.837310791
0.271661997 0.015581055 0.962266147 0.379083604 0.002687600 0.999851942 -0.016948417 -1.144996762 -0.962388635 0.007190437 0.271580309 86.940864563
0.243392661 0.019809378 0.969725072 0.757341385 -0.002201868 0.999799311 -0.019871101 -1.166502118 -0.969924986 0.002701279 0.243387818 87.025886536
0.217823029 0.021475699 0.975751519 1.149239302 -0.000980016 0.999761403 -0.021785386 -1.184391022 -0.975987494 0.003789114 0.217792466 87.093414307
0.194495872 0.022890501 0.980635762 1.548450708 0.006344771 0.999676585 -0.024593381 -1.196778893 -0.980882466 0.011005235 0.194288075 87.147369385
0.174494952 0.029311996 0.984221220 1.954533577 0.013260727 0.999395370 -0.032114957 -1.197179079 -0.984568417 0.018655410 0.174001068 87.193687439
0.154692620 0.036064990 0.987303734 2.372696877 0.015145049 0.999128640 -0.038869917 -1.201776505 -0.987846255 0.020965679 0.154011920 87.245719910
0.136990756 0.036941789 0.989882827 2.807352304 0.012726266 0.999155343 -0.039049055 -1.216973305 -0.990490258 0.017946893 0.136405185 87.303749084
0.121529371 0.032523666 0.992054403 3.258777380 0.010653181 0.999361813 -0.034068298 -1.244146824 -0.992530406 0.014708851 0.121105604 87.354995728
0.107071601 0.029287968 0.993819416 3.726366520 0.010827605 0.999471486 -0.030621095 -1.266927242 -0.994192064 0.014039350 0.106698155 87.397064209
0.093881607 0.026828147 0.995221376 4.210674763 0.013197835 0.999514580 -0.028188882 -1.287351489 -0.995495558 0.015781203 0.093482204 87.432159424
0.082256719 0.026081830 0.996269405 4.707087994 0.016761519 0.999478996 -0.027549786 -1.305894971 -0.996469915 0.018965164 0.081776917 87.462394714
0.072241418 0.026706178 0.997029126 5.219380856 0.019969877 0.999401450 -0.028216694 -1.322787404 -0.997186899 0.021948989 0.071665071 87.487060547
0.064416185 0.027324622 0.997548580 5.744187355 0.021973543 0.999342978 -0.028792726 -1.340264559 -0.997680902 0.023774421 0.063773647 87.514472961
0.058863606 0.027766613 0.997879446 6.290454865 0.023691863 0.999291778 -0.029203488 -1.357823372 -0.997984588 0.025360672 0.058164269 87.541786194
0.053301159 0.028849484 0.998161316 6.852351189 0.024950080 0.999231160 -0.030212745 -1.377039790 -0.998266518 0.026514605 0.052540563 87.566810608
0.047321130 0.029596170 0.998440862 7.430404186 0.025454087 0.999199748 -0.030825086 -1.396784425 -0.998555124 0.026873106 0.046530090 87.594589233
0.042975336 0.029567743 0.998638213 8.025583267 0.028000485 0.999132812 -0.030787380 -1.420722604 -0.998683393 0.029285481 0.042110324 87.616004944
0.040153723 0.029548882 0.998756170 8.645543098 0.029450985 0.999092400 -0.030742891 -1.443494081 -0.998759151 0.030648824 0.039247204 87.636894226
0.037137397 0.029124755 0.998885334 9.283592224 0.030388644 0.999079049 -0.030260241 -1.466936231 -0.998847783 0.031478588 0.036218300 87.658424377
0.034829818 0.028519616 0.998985887 9.940529823 0.032617901 0.999026835 -0.029658033 -1.489847183 -0.998860598 0.033617839 0.033865832 87.677444458
0.034199364 0.028154124 0.999018073 10.608109474 0.036925163 0.998884082 -0.029414427 -1.513269901 -0.998732448 0.037894893 0.033121765 87.694587708
0.035235602 0.027846076 0.998990715 11.298259735 0.040094353 0.998766601 -0.029254023 -1.536239386 -0.998574257 0.041084703 0.034075838 87.713432312
0.037666284 0.027798397 0.998903334 12.005782127 0.041774780 0.998694360 -0.029367829 -1.559338093 -0.998416662 0.042835180 0.036456000 87.737342834
0.041589703 0.027725391 0.998749673 12.730059624 0.044200134 0.998584270 -0.029561387 -1.584235668 -0.998156488 0.045374364 0.040305525 87.765357971
0.045950547 0.027340701 0.998569131 13.466441154 0.044503242 0.998575866 -0.029388783 -1.609619856 -0.997951686 0.045790043 0.044668533 87.799926758
0.049963631 0.025659826 0.998421013 14.219493866 0.046025462 0.998547733 -0.027966337 -1.635621309 -0.997689784 0.047350138 0.048710249 87.837310791
0.054075234 0.024089009 0.998245895 14.967603683 0.045940164 0.998589396 -0.026585907 -1.662482619 -0.997479320 0.047297269 0.052892487 87.875198364
0.058252200 0.022030413 0.998058379 15.741167068 0.042840347 0.998779356 -0.024546744 -1.687647462 -0.997382104 0.044187117 0.057237495 87.926460266
0.062350377 0.020935412 0.997834325 16.534730911 0.042213921 0.998829007 -0.023594065 -1.713045716 -0.997160971 0.043593645 0.061393794 87.979499817
0.066510916 0.021964813 0.997543514 17.325918198 0.039667889 0.998908103 -0.024639718 -1.739811063 -0.996996701 0.041209299 0.065567203 88.037635803
0.069542646 0.025982004 0.997240186 18.109039307 0.037441574 0.998887420 -0.028635928 -1.772138715 -0.996875882 0.039329704 0.068492681 88.097290039
0.070910141 0.031473219 0.996985674 18.889068604 0.031610701 0.998928189 -0.033782855 -1.800558090 -0.996981442 0.033911001 0.069839463 88.160377502
0.070853472 0.034524567 0.996888697 19.690433502 0.028889030 0.998909593 -0.036647853 -1.837008834 -0.997068048 0.031395808 0.069779038 88.219207764
0.071055703 0.034117661 0.996888340 20.491588593 0.026773395 0.998988569 -0.036097903 -1.872819185 -0.997112691 0.029255077 0.070070602 88.281517029
0.071185850 0.032508887 0.996932805 21.304836273 0.024081994 0.999120414 -0.034299813 -1.912173390 -0.997171998 0.026449818 0.070340574 88.343475342
0.071177401 0.031203570 0.996975124 22.114053726 0.025032045 0.999138892 -0.033058431 -1.951073170 -0.997149169 0.027309369 0.070335247 88.397087097
0.071628161 0.030695533 0.996958613 22.921861649 0.022501245 0.999221265 -0.032381855 -1.989465237 -0.997177184 0.024752289 0.070881911 88.459175110
0.071866788 0.031092040 0.996929169 23.727592468 0.020908432 0.999246418 -0.032671578 -2.027631998 -0.997194648 0.023192253 0.071162768 88.519493103
0.071966887 0.031717874 0.996902227 24.534952164 0.017854502 0.999292135 -0.033082854 -2.068067312 -0.997246802 0.020180084 0.071349859 88.582565308
0.070795745 0.033134375 0.996940017 25.341911316 0.015112025 0.999296844 -0.034285869 -2.105882406 -0.997375906 0.017493095 0.070245460 88.646896362
0.067900665 0.032927908 0.997148216 26.154226303 0.012494935 0.999347806 -0.033851396 -2.141491175 -0.997613370 0.014757851 0.067445166 88.711250305
0.063888878 0.031823006 0.997449100 26.959867477 0.010168524 0.999417841 -0.032537144 -2.177174330 -0.997904718 0.012221363 0.063528299 88.770965576
0.058847088 0.029434923 0.997832596 27.772033691 0.008204156 0.999516249 -0.029968439 -2.214265108 -0.998232782 0.009949944 0.058577336 88.830535889
0.052612182 0.027323853 0.998240769 28.572185516 0.005882417 0.999598861 -0.027671067 -2.254067659 -0.998597264 0.007327916 0.052430544 88.873329163
0.045226596 0.027568256 0.998595953 29.374544144 0.005623072 0.999595404 -0.027850524 -2.289777040 -0.998960555 0.006874774 0.045053467 88.911155701
0.036579762 0.028579606 0.998921633 30.170282364 0.005397541 0.999569893 -0.028795810 -2.324819326 -0.999315798 0.006445076 0.036409948 88.940124512
0.026713090 0.029151279 0.999217629 30.975025177 0.006494137 0.999547720 -0.029334527 -2.355332375 -0.999621689 0.007272685 0.026511867 88.962234497
0.016448025 0.028236600 0.999465585 31.774597168 0.007859305 0.999565780 -0.028368773 -2.388479948 -0.999833465 0.008321729 0.016219124 88.976440430
0.005555598 0.027148990 0.999615610 32.573947906 0.007080067 0.999604404 -0.027188038 -2.422870636 -0.999959171 0.007228404 0.005361334 88.983863831
-0.005354665 0.026653687 0.999630034 33.355365753 0.008994249 0.999604702 -0.026604837 -2.449125051 -0.999944925 0.008848476 -0.005592138 88.972816467
-0.016441220 0.027186239 0.999494791 34.136280060 0.009655723 0.999587178 -0.027029922 -2.476346254 -0.999817967 0.009206456 -0.016696805 88.961669922
-0.027397554 0.027695796 0.999240518 34.913833618 0.009830671 0.999574423 -0.027435511 -2.513204575 -0.999576032 0.009071556 -0.027658040 88.936790466
-0.037942976 0.028853206 0.998862922 35.688232422 0.009429396 0.999548078 -0.028514812 -2.546062946 -0.999235153 0.008336753 -0.038197782 88.906608582
-0.048038974 0.029770203 0.998401344 36.448181152 0.010498264 0.999514759 -0.029298268 -2.582134247 -0.998790085 0.009074040 -0.048328094 88.863746643
-0.057554640 0.030466519 0.997877002 37.215900421 0.011412191 0.999488175 -0.029857488 -2.616063356 -0.998276889 0.009669545 -0.057872776 88.817680359
-0.067101814 0.031134488 0.997259915 37.967376709 0.012638583 0.999458492 -0.030352730 -2.644790888 -0.997665823 0.010567247 -0.067458883 88.762214661
-0.076335609 0.031425957 0.996586502 38.706531525 0.013227925 0.999446332 -0.030502919 -2.681341887 -0.996994197 0.010854331 -0.076708965 88.700973511
-0.084816463 0.031034585 0.995912850 39.435771942 0.014651950 0.999444842 -0.029896824 -2.712353230 -0.996288598 0.012056342 -0.085224025 88.631904602
-0.092106365 0.029981242 0.995297372 40.166061401 0.016410023 0.999455869 -0.028587896 -2.744707346 -0.995613694 0.013699747 -0.092548177 88.561607361
-0.097271092 0.028311534 0.994854748 40.888988495 0.019117005 0.999463379 -0.026573529 -2.777673960 -0.995074034 0.016433831 -0.097760066 88.487190247
-0.100960813 0.026557673 0.994535506 41.583824158 0.021839630 0.999461293 -0.024472138 -2.810862541 -0.994650424 0.019249588 -0.101486385 88.409591675
-0.103566311 0.025627539 0.994291961 42.291996002 0.023630641 0.999448597 -0.023299051 -2.836579561 -0.994341493 0.021082787 -0.104114756 88.333290100
-0.105442680 0.024837915 0.994114757 42.981002808 0.023605756 0.999468267 -0.022467870 -2.864697456 -0.994144797 0.021097787 -0.105972886 88.264442444
-0.106255524 0.025202576 0.994018972 43.639163971 0.024210984 0.999447346 -0.022752166 -2.894546032 -0.994043648 0.021648666 -0.106806934 88.197723389
-0.105507277 0.026150618 0.994074225 44.298316956 0.024753008 0.999412954 -0.023663858 -2.923624039 -0.994109988 0.022109648 -0.106092595 88.131340027
-0.102403000 0.027880475 0.994351804 44.924564362 0.025865514 0.999343216 -0.025356665 -2.949590921 -0.994406283 0.023122853 -0.103056833 88.066314697
-0.097202368 0.028423723 0.994858265 45.540977478 0.026116803 0.999320209 -0.025999455 -2.975510359 -0.994921505 0.023455340 -0.097878568 88.010070801
-0.089314811 0.029124139 0.995577097 46.144309998 0.025401849 0.999313295 -0.026954582 -3.002620459 -0.995679080 0.022882089 -0.089993224 87.965118408
-0.078311704 0.029115040 0.996503294 46.734691620 0.024265090 0.999332428 -0.027290780 -3.029604912 -0.996633112 0.022043085 -0.078965835 87.931739807
-0.064740226 0.029444858 0.997467220 47.294052124 0.023371257 0.999334633 -0.027983069 -3.057952642 -0.997627914 0.021500463 -0.065385230 87.907821655
-0.047652043 0.030700264 0.998391688 47.837013245 0.022307519 0.999310434 -0.029663794 -3.087201595 -0.998614371 0.020858128 -0.048303951 87.896575928
-0.026474228 0.033187822 0.999098003 48.362655640 0.020290243 0.999260068 -0.032655541 -3.115704298 -0.999443054 0.019407434 -0.027127940 87.896492004
-0.002029447 0.036071587 0.999346733 48.868335724 0.017946582 0.999188900 -0.036029439 -3.143636227 -0.999836385 0.017861761 -0.002675062 87.914489746
0.026015570 0.037731126 0.998948753 49.388210297 0.015738398 0.999147475 -0.038148500 -3.171434164 -0.999537110 0.016714333 0.025399679 87.951263428
0.058995571 0.036860481 0.997577071 49.899780273 0.013057650 0.999203444 -0.037692785 -3.202285767 -0.998172283 0.015249741 0.058467403 88.003837585
0.096964464 0.034205150 0.994699538 50.406330109 0.011700319 0.999300480 -0.035503924 -3.230108500 -0.995218456 0.015080941 0.096496575 88.074432373
0.138799757 0.030387694 0.989853740 50.905815125 0.009331533 0.999444067 -0.031990595 -3.257202387 -0.990275860 0.013677160 0.138439193 88.171470642
0.184518412 0.025964264 0.982485592 51.398052216 0.006381898 0.999597669 -0.027615050 -3.284297943 -0.982807696 0.011365629 0.184278652 88.286499023
0.232409164 0.022779010 0.972350895 51.878402710 0.001515050 0.999715447 -0.023782190 -3.307972670 -0.972616255 0.007000378 0.232308716 88.437057495
0.283709764 0.021385275 0.958671272 52.343776703 -0.002556814 0.999764025 -0.021545269 -3.328468323 -0.958906114 0.003661477 0.283697724 88.610260010
0.337933362 0.021365801 0.940927088 52.788635254 -0.003796649 0.999764502 -0.021338265 -3.343032360 -0.941161752 0.003638559 0.337935179 88.808799744
0.395298719 0.021604734 0.918298066 53.221523285 -0.002484514 0.999744236 -0.022451403 -3.365433216 -0.918548584 0.006593504 0.395251572 89.032981873
0.454864919 0.024759132 0.890215755 53.628299713 -0.001898200 0.999637485 -0.026832517 -3.385650396 -0.890557706 0.010515383 0.454747319 89.278732300
0.514329910 0.027181474 0.857161045 54.018402100 -0.000866271 0.999512851 -0.031175800 -3.412992477 -0.857591271 0.015292134 0.514103234 89.547790527
0.571853757 0.031413056 0.819753468 54.372901917 -0.005251533 0.999385595 -0.034633152 -3.430292130 -0.820338070 0.015500158 0.571667731 89.850082397
0.627336979 0.033355419 0.778032720 54.712600708 -0.008276358 0.999310732 -0.036168609 -3.452205420 -0.778703153 0.016250653 0.627181053 90.179542542
0.680084527 0.034217034 0.732334256 55.027412415 -0.009950201 0.999248326 -0.037447840 -3.466289282 -0.733065426 0.018180845 0.679914176 90.522956848
0.728678167 0.031862322 0.684114158 55.304222107 -0.010075551 0.999307096 -0.035810411 -3.486356258 -0.684781373 0.019201461 0.728494704 90.870582581
0.773866475 0.027148269 0.632766068 55.573291779 -0.011176219 0.999509990 -0.029214686 -3.510294676 -0.633249342 0.015536355 0.773791075 91.258300781
0.815009534 0.021679357 0.579041183 55.815998077 -0.011222135 0.999702275 -0.021633616 -3.525230408 -0.579337955 0.011133543 0.815010667 91.664192200
0.851032078 0.019239178 0.524760365 56.026062012 -0.013278968 0.999796808 -0.015120123 -3.535644293 -0.524944782 0.005899449 0.851115108 92.088081360
0.881816089 0.015470838 0.471338630 56.219696045 -0.013504949 0.999879539 -0.007553156 -3.546526194 -0.471398830 0.000295103 0.881919384 92.533859253
0.906987607 0.016015302 0.420851678 56.373111725 -0.016790705 0.999856532 -0.001862991 -3.559985399 -0.420821279 -0.005376678 0.907126963 92.969871521
0.926844537 0.017735360 0.375025153 56.514419556 -0.019937439 0.999798417 0.001992190 -3.572546482 -0.374914348 -0.009323484 0.927011967 93.422096252
0.941831946 0.023716049 0.335245222 56.628753662 -0.026898360 0.999625564 0.004851864 -3.582087517 -0.335004747 -0.013587182 0.942117929 93.877876282
0.953434944 0.028350197 0.300261945 56.731994629 -0.030969536 0.999511600 0.003966829 -3.583484173 -0.300002933 -0.013081082 0.953848004 94.334129333
0.962561190 0.030087933 0.269387811 56.838443756 -0.032448091 0.999463260 0.004311593 -3.585072279 -0.269113570 -0.012891287 0.963021636 94.798713684
0.968616843 0.024549058 0.247341380 56.951751709 -0.026550870 0.999635220 0.004760710 -3.589757681 -0.247134343 -0.011178426 0.968916237 95.268867493
0.972533166 0.021820329 0.231737077 57.058528900 -0.023743546 0.999701977 0.005512996 -3.596484900 -0.231547773 -0.010863825 0.972762346 95.751998901
0.975369096 0.026112791 0.219025731 57.151332855 -0.027927434 0.999595523 0.005192682 -3.598741293 -0.218801603 -0.011181601 0.975704789 96.244331360
0.977303088 0.031548645 0.209481090 57.236858368 -0.033464760 0.999423146 0.005607996 -3.595883846 -0.209183380 -0.012490940 0.977796137 96.745780945
0.978280663 0.039351322 0.203512415 57.322982788 -0.041081410 0.999145627 0.004282067 -3.596224546 -0.203170076 -0.012549632 0.979062498 97.260086060
0.978641748 0.045009520 0.200582519 57.416931152 -0.046069477 0.998937070 0.000617411 -3.598585367 -0.200341567 -0.009844945 0.979676127 97.783180237
0.978771031 0.046258956 0.199665248 57.521331787 -0.046840057 0.998899817 -0.001814845 -3.608296156 -0.199529558 -0.007576001 0.979861975 98.309654236
0.978337109 0.044868056 0.202094287 57.636165619 -0.044705983 0.998984814 -0.005368630 -3.615888596 -0.202130035 -0.003782477 0.979350805 98.840690613
0.977623761 0.043162599 0.205882519 57.754222870 -0.041598689 0.999062300 -0.011920634 -3.619486094 -0.206204057 0.003089475 0.978503525 99.385116577
0.976710737 0.043768290 0.210046113 57.871704102 -0.041184746 0.999011695 -0.016660338 -3.626049280 -0.210567787 0.007621663 0.977548897 99.937225342
0.975538552 0.048564583 0.214394465 57.990261078 -0.046171065 0.998801887 -0.016160520 -3.638478518 -0.214922503 0.005866414 0.976612866 100.513092041
0.974131644 0.051470123 0.220039502 58.118103027 -0.050005730 0.998673201 -0.012223491 -3.649571657 -0.220376760 0.000904075 0.975413859 101.109611511
0.973242700 0.048331995 0.224636585 58.260105133 -0.047842316 0.998824835 -0.007625638 -3.660866499 -0.224741206 -0.003325521 0.974412262 101.713378906
0.972563624 0.043891873 0.228456497 58.408058167 -0.044596158 0.999001920 -0.002081131 -3.670865297 -0.228319883 -0.008164238 0.973551333 102.323425293
0.971794605 0.041265495 0.232188076 58.555435181 -0.043014675 0.999070346 0.002473469 -3.678392172 -0.231870189 -0.012391190 0.972667217 102.945518494
0.971267700 0.036621109 0.235152513 58.709197998 -0.038421825 0.999255836 0.003079026 -3.683843851 -0.234864786 -0.012025541 0.971953034 103.575012207
0.971351385 0.033204667 0.235313952 58.871761322 -0.034164138 0.999415219 0.000000665 -3.690385580 -0.235176340 -0.008039935 0.971918821 104.215744019
0.971473396 0.032451380 0.234914973 59.030750275 -0.031696923 0.999472082 -0.006987650 -3.700037003 -0.235017732 -0.000657748 0.971990228 104.866226196
0.971594155 0.034727339 0.234088674 59.183876038 -0.032436296 0.999379814 -0.013630981 -3.708908558 -0.234416872 0.005650836 0.972119153 105.521835327
0.972117126 0.037656810 0.231449872 59.333686829 -0.034562040 0.999249816 -0.017412772 -3.716104269 -0.231931955 0.008927903 0.972690463 106.189392090
0.972749472 0.036010694 0.229042634 59.496574402 -0.033892967 0.999337554 -0.013174202 -3.725896120 -0.229365319 0.005052289 0.973326743 106.883766174
0.973167717 0.032081254 0.227847263 59.655735016 -0.031626754 0.999482691 -0.005646357 -3.739486217 -0.227910548 -0.001711200 0.973680019 107.583518982
0.973750055 0.032322112 0.225311026 59.816566467 -0.033240784 0.999446213 0.000284135 -3.754792213 -0.225177079 -0.007766181 0.974286318 108.296493530
0.974028230 0.035718895 0.223589078 59.972866058 -0.036571536 0.999329865 -0.000327545 -3.765515089 -0.223450944 -0.007857947 0.974682927 109.021034241
0.974278033 0.041581471 0.221477032 60.122200012 -0.041515350 0.999124408 -0.004955598 -3.772858620 -0.221489176 -0.004366549 0.975152493 109.750885010
0.975109577 0.042486098 0.217611849 60.278507233 -0.041246481 0.999095380 -0.010237509 -3.781392097 -0.217849925 0.001006995 0.975981176 110.491722107
0.976030707 0.041223016 0.213689953 60.439544678 -0.039339457 0.999139309 -0.013060994 -3.789646626 -0.214044437 0.004341512 0.976813674 111.241584778
0.976925731 0.039169557 0.209953725 60.598121643 -0.037582885 0.999225616 -0.011543132 -3.803320169 -0.210243255 0.003386142 0.977642655 112.009361267
0.977777243 0.035529599 0.206610516 60.761028290 -0.034301385 0.999364913 -0.009524704 -3.817734957 -0.206817687 0.002226036 0.978376389 112.790283203
0.978180885 0.034427464 0.204879180 60.922870636 -0.033759329 0.999405921 -0.006756485 -3.835702896 -0.204990044 -0.000307500 0.978763402 113.579673767
0.978556216 0.031165961 0.203605115 61.090892792 -0.030912718 0.999511123 -0.004424616 -3.847921610 -0.203643441 -0.001964236 0.979042530 114.364509583
0.978778660 0.025925593 0.203270376 61.259624481 -0.025806103 0.999660492 -0.003238603 -3.856111526 -0.203285322 -0.002075727 0.979116678 115.165069580
0.978892028 0.026903000 0.202596113 61.417530060 -0.027122932 0.999629438 -0.001690996 -3.867523670 -0.202566534 -0.003839687 0.979260325 115.958244324
0.978634059 0.032430504 0.203032508 61.573085785 -0.032353356 0.999468386 -0.003699630 -3.879147768 -0.203044549 -0.002948184 0.979164422 116.767700195
0.978322208 0.038204409 0.203530326 61.731361389 -0.037564728 0.999268353 -0.007006465 -3.892180443 -0.203649104 -0.000790962 0.979043007 117.575813293
0.977762043 0.047117874 0.204352215 61.890830994 -0.046340209 0.998887479 -0.008591710 -3.906656742 -0.204529703 -0.001069055 0.978859186 118.396125793
0.976816177 0.053096157 0.207387090 62.045562744 -0.052610271 0.998582900 -0.007861268 -3.923242569 -0.207510605 -0.003231655 0.978226840 119.222023010
0.976040900 0.055837948 0.210296944 62.211914062 -0.055868432 0.998419940 -0.005800507 -3.944291830 -0.210288569 -0.006087411 0.977619767 120.055572510
0.975458622 0.056382898 0.212837726 62.392314911 -0.056288600 0.998392045 -0.006507380 -3.963123560 -0.212862417 -0.005632639 0.977065265 120.894828796
0.975157619 0.054864883 0.214606330 62.573219299 -0.054154031 0.998488963 -0.009194732 -3.979876041 -0.214786544 -0.002655463 0.976656735 121.713829041
0.975125372 0.048940856 0.216179758 62.757698059 -0.048368681 0.998796642 -0.007939785 -3.996826887 -0.216308236 -0.002714023 0.976320684 122.560676575
0.975414574 0.042356446 0.216265127 62.950759888 -0.041318975 0.999101281 -0.009318326 -4.018770695 -0.216465473 0.000153402 0.976289570 123.381004333
0.975171745 0.041688558 0.217486501 63.135658264 -0.040618107 0.999129295 -0.009391897 -4.040549755 -0.217688695 0.000324848 0.976017475 124.216308594
0.974604309 0.044404335 0.219483197 63.317089081 -0.044071447 0.999006450 -0.006414961 -4.056718349 -0.219550014 -0.003420872 0.975594580 125.069206238
0.974177897 0.046491321 0.220939025 63.490337372 -0.047484882 0.998870313 -0.000814969 -4.069411755 -0.220727369 -0.009697326 0.975286663 125.903244019
0.973818243 0.049896903 0.221779898 63.664943695 -0.051959340 0.998641849 0.003471189 -4.085241795 -0.221305519 -0.014903839 0.975089967 126.716537476
0.973601699 0.049312685 0.222858459 63.848339081 -0.049903948 0.998748243 -0.002981114 -4.100098133 -0.222726509 -0.008219082 0.974845707 127.546218872
0.973885894 0.045289576 0.222470284 64.034790039 -0.042533644 0.998946190 -0.017165937 -4.120264530 -0.223013297 0.007255234 0.974787772 128.352478027
