1.000000000 0.000000000 0.000000000 0.000000000 0.000000000 1.000000000 0.000000000 0.000000000 0.000000000 0.000000000 1.000000000 0.000000000
0.999985933 0.001191409 0.005174079 0.000618143 -0.001176882 0.999995351 -0.002809754 0.014985478 -0.005177402 0.002803625 0.999982655 0.006089650
0.999944329 0.004556862 0.009522283 0.000950116 -0.004569990 0.999988616 0.001357352 0.034196470 -0.009515989 -0.001400792 0.999953747 0.012802616
0.999919832 0.005634631 0.011344043 0.000987378 -0.005765694 0.999916613 0.011554112 0.055729069 -0.011277993 -0.011618590 0.999868929 0.019414833
0.999923408 0.005206514 0.011235110 0.000544085 -0.005472260 0.999702871 0.023753528 0.079291746 -0.011108098 -0.023813188 0.999654710 0.026056241
0.999937356 0.002036449 0.011013444 -0.000064255 -0.002405120 0.999433577 0.033565648 0.104260094 -0.010938852 -0.033590030 0.999375820 0.032580487
0.999934375 0.000000830 0.011463087 -0.000770247 -0.000469826 0.999162674 0.040910907 0.130369559 -0.011453455 -0.040913600 0.999096990 0.040141452
0.999933004 -0.004035697 0.010857634 -0.001538067 0.003536697 0.998953879 0.045591407 0.155307770 -0.011030269 -0.045549940 0.998901129 0.047161393
0.999927878 -0.006470767 0.010132894 -0.002403138 0.005963092 0.998763502 0.049354523 0.179876864 -0.010439727 -0.049290527 0.998729885 0.053114448
0.999934494 -0.006985527 0.009090249 -0.002809913 0.006486289 0.998528719 0.053836241 0.202548772 -0.009452949 -0.053773738 0.998508334 0.058481142
0.999945581 -0.005611033 0.008825798 -0.003472356 0.005079552 0.998237371 0.059129909 0.223914474 -0.009142021 -0.059081838 0.998211205 0.063981764
0.999958396 -0.000966209 0.009099472 -0.004108189 0.000356111 0.997765541 0.066812091 0.243687913 -0.009143694 -0.066806048 0.997723997 0.067961745
0.999975264 0.000158889 0.007068187 -0.005078009 -0.000710113 0.996948957 0.078052886 0.261867374 -0.007034221 -0.078055955 0.996924102 0.070668660
0.999969423 0.002926387 0.007278369 -0.005853580 -0.003590677 0.995659709 0.092999198 0.277946979 -0.006974628 -0.093022466 0.995639563 0.072469667
0.999976158 0.003329049 0.006089005 -0.006686025 -0.003981786 0.993863821 0.110538684 0.290322274 -0.005683654 -0.110560253 0.993853152 0.073748268
0.999981880 0.002911208 0.005304587 -0.007394600 -0.003564922 0.991803586 0.127721891 0.297065169 -0.004889285 -0.127738461 0.991795778 0.074010104
0.999995947 0.000507046 0.002872329 -0.008164813 -0.000906509 0.990033150 0.140831381 0.295632839 -0.002772295 -0.140833378 0.990029395 0.072599977
1.000000119 -0.000202504 0.000185963 -0.009234641 0.000173232 0.989317536 0.145776421 0.285506576 -0.000213499 -0.145776391 0.989317536 0.068876356
0.999999404 0.001091364 0.000457051 -0.010153590 -0.001145731 0.989612699 0.143754691 0.267313480 -0.000295417 -0.143755138 0.989613175 0.066191584
0.999981940 0.004922572 0.003472305 -0.010962722 -0.005348713 0.990713060 0.135863781 0.242351323 -0.002771261 -0.135879919 0.990721345 0.061052717
0.999909222 0.010589942 0.008338779 -0.011255131 -0.011551232 0.992059410 0.125238001 0.211847425 -0.006946303 -0.125322968 0.992091596 0.054852705
0.999762535 0.015967507 0.014836482 -0.011048641 -0.017486211 0.993929923 0.108615734 0.191588804 -0.013012102 -0.108849399 0.993972957 0.047605336
0.999428451 0.022521770 0.025212618 -0.011313839 -0.024792302 0.995291710 0.093699120 0.154913753 -0.022983640 -0.094270669 0.995281160 0.040197812
0.998927355 0.029182706 0.035953276 -0.012395028 -0.031906389 0.996468306 0.077670954 0.120218545 -0.033559650 -0.078734815 0.996330440 0.031948872
0.998635352 0.033219475 0.040298134 -0.013742601 -0.035712387 0.997386456 0.062806860 0.082132109 -0.038106404 -0.064160325 0.997211635 0.022637522
0.998553813 0.035628375 0.040262364 -0.014976264 -0.037581272 0.998099446 0.048836205 0.046312086 -0.038445894 -0.050278716 0.997994840 0.014777363
0.998661160 0.034678061 0.038386829 -0.016493702 -0.036048129 0.998715878 0.035593830 0.012714300 -0.037103213 -0.036929972 0.998628676 0.007843300
0.998685002 0.033152953 0.039105717 -0.016691245 -0.034034066 0.999176502 0.022085173 -0.017773725 -0.038341325 -0.023387086 0.998990834 0.002047931
0.998820484 0.027704034 0.039876971 -0.016785409 -0.027973466 0.999589264 0.006214509 -0.045581691 -0.039688427 -0.007322704 0.999185145 -0.003083741
0.998889327 0.023920756 0.040594276 -0.016223878 -0.023539299 0.999674320 -0.009848846 -0.071444020 -0.040816646 0.008882316 0.999127030 -0.008958817
0.998983502 0.019644473 0.040570013 -0.015919136 -0.018533129 0.999447465 -0.027589928 -0.092347674 -0.041089583 0.026809964 0.998795569 -0.014477436
0.998974860 0.021551806 0.039808251 -0.015205333 -0.019853037 0.998895466 -0.042586967 -0.108094968 -0.040682100 0.041752961 0.998299181 -0.019337373
0.998924911 0.021922251 0.040844105 -0.014786799 -0.019734299 0.998387635 -0.053222261 -0.115895890 -0.041944992 0.052358977 0.997746885 -0.021176549
0.998605788 0.027114296 0.045289159 -0.014586586 -0.024577700 0.998147368 -0.055656251 -0.115713656 -0.046714325 0.054465514 0.997422159 -0.020799166
0.998317361 0.032835241 0.047793191 -0.013485656 -0.030397823 0.998242915 -0.050862174 -0.107894324 -0.049379274 0.049323745 0.997561276 -0.019355249
0.997992158 0.038067412 0.050621323 -0.013242289 -0.036061142 0.998549759 -0.039972495 -0.092086561 -0.052069545 0.038066737 0.997917533 -0.017820215
0.998009741 0.035394698 0.052189711 -0.011809957 -0.033985212 0.999039650 -0.027651571 -0.069620900 -0.053118300 0.025822818 0.998254180 -0.011333246
0.998178899 0.032927249 0.050544225 -0.010832861 -0.032229904 0.999374449 -0.014550346 -0.043097682 -0.050991703 0.012894774 0.998615742 -0.005437660
0.998356044 0.028631857 0.049653329 -0.009309550 -0.028442841 0.999585152 -0.004509112 -0.013700912 -0.049761832 0.003089378 0.998756230 0.002990797
0.998281062 0.031686068 0.049304210 -0.010369939 -0.031897113 0.999484956 0.003499579 0.012621108 -0.049167927 -0.005066265 0.998777568 0.001022150
0.998519480 0.027975246 0.046649441 -0.008025478 -0.028326333 0.999574959 0.006882154 0.045200340 -0.046437081 -0.008193413 0.998887479 0.009616913
0.998777568 0.027926844 0.040783186 -0.006851147 -0.028343640 0.999551356 0.009677798 0.078471750 -0.040494613 -0.010821952 0.999120951 0.016938856
0.998911500 0.026823049 0.038159270 -0.004241045 -0.027371494 0.999528289 0.013923659 0.110959962 -0.037767794 -0.014953021 0.999174476 0.020069700
0.999141216 0.022239564 0.034956515 -0.003974800 -0.023062831 0.999461770 0.023327425 0.143028200 -0.034418911 -0.024113633 0.999116361 0.026977431
0.999033988 0.019637663 0.039307442 -0.003518009 -0.021092471 0.999094605 0.036945403 0.174287468 -0.038546331 -0.037738852 0.998543799 0.034907542
0.998942137 0.015981231 0.043115079 -0.003297617 -0.018261224 0.998426557 0.053017125 0.202718243 -0.042199962 -0.053748421 0.997662246 0.042289075
0.998770118 0.016618699 0.046709836 -0.003488467 -0.019889345 0.997316837 0.070451811 0.228064299 -0.045413688 -0.071294241 0.996420801 0.047880035
0.998792112 0.017368589 0.045961745 -0.003937333 -0.021340670 0.995945334 0.087393209 0.249926835 -0.044257488 -0.088268548 0.995112896 0.052314945
0.998965144 0.016157974 0.042513713 -0.005339328 -0.020423165 0.994586527 0.101885878 0.265341580 -0.040637292 -0.102648750 0.993887126 0.054570336
0.999093473 0.016857646 0.039086811 -0.006762200 -0.021203369 0.993302763 0.113578476 0.273423463 -0.036910370 -0.114304341 0.992759764 0.055163156
0.999221742 0.015672375 0.036194764 -0.007237425 -0.019935472 0.992500901 0.120601140 0.273253471 -0.034033228 -0.121228896 0.992040932 0.055109311
0.999319971 0.015745210 0.033338185 -0.008896938 -0.019715598 0.992293358 0.122332424 0.263674438 -0.031155108 -0.122906573 0.991929054 0.053159058
0.999395549 0.014778608 0.031460568 -0.011115798 -0.018374078 0.992932200 0.117252640 0.245728955 -0.029505374 -0.117759898 0.992603600 0.048990939
0.999415934 0.015068924 0.030665757 -0.013337947 -0.018199462 0.994357169 0.104512699 0.222223043 -0.028917814 -0.105009831 0.994050622 0.043387808
0.999438226 0.013844242 0.030514184 -0.014986899 -0.016506588 0.995912790 0.088800699 0.194604889 -0.029160079 -0.089254573 0.995581806 0.035971440
0.999296784 0.017448928 0.033181760 -0.015853729 -0.019920047 0.996934652 0.075662710 0.165216058 -0.031759802 -0.076270558 0.996581137 0.029209161
0.999165535 0.018135438 0.036590807 -0.016721882 -0.020524949 0.997607231 0.066022038 0.132916600 -0.035305902 -0.066718042 0.997146964 0.020727560
0.998863935 0.021887019 0.042323478 -0.017121904 -0.024390077 0.997926950 0.059558991 0.101245299 -0.040932156 -0.060523678 0.997327089 0.014865573
0.998619139 0.022070145 0.047667153 -0.016865633 -0.024681063 0.998187006 0.054898851 0.068240233 -0.046369091 -0.055999592 0.997353375 0.006062284
0.998534143 0.020697916 0.050005224 -0.016254378 -0.023223417 0.998456061 0.050463483 0.036008358 -0.048883509 -0.051550876 0.997473180 -0.002466630
0.998394728 0.017002359 0.054020487 -0.014930842 -0.019370792 0.998860300 0.043626763 0.003864855 -0.053217139 -0.044603225 0.997586250 -0.009949990
0.998106480 0.011992379 0.060323611 -0.013153384 -0.014071252 0.999317646 0.034156371 -0.028435625 -0.059872810 -0.034940600 0.997594237 -0.016707266
0.997574389 0.007311395 0.069218159 -0.011008680 -0.008750124 0.999751687 0.020505361 -0.059374336 -0.069051020 -0.021061366 0.997390687 -0.022458617
0.997133732 0.002725346 0.075605594 -0.009653459 -0.003062334 0.999986112 0.004341908 -0.087525219 -0.075592682 -0.004561067 0.997128308 -0.028807396
0.996841431 0.003099275 0.079352148 -0.008388866 -0.002106361 0.999918759 -0.012593115 -0.113007650 -0.079384699 0.012386122 0.996767044 -0.035891768
0.996549964 0.003335235 0.082922168 -0.007078276 -0.000901301 0.999568403 -0.029371880 -0.131867915 -0.082984306 0.029195741 0.996123016 -0.040561508
0.996581674 0.005614834 0.082416646 -0.006252237 -0.002273573 0.999174058 -0.040578838 -0.142156973 -0.082576379 0.040252682 0.995771408 -0.042646520
0.996404827 0.008154882 0.084320866 -0.005297273 -0.004304409 0.998944163 -0.045745663 -0.145661250 -0.084604844 0.045218188 0.995387912 -0.041643586
0.995987475 0.013129766 0.088519439 -0.005184210 -0.009137524 0.998929441 -0.045355301 -0.145361930 -0.089020133 0.044364404 0.995041192 -0.041609779
0.995854139 0.016672540 0.089419208 -0.004559959 -0.012886430 0.999002874 -0.042752415 -0.135629967 -0.090042792 0.041422814 0.995075941 -0.039763302
0.995961368 0.018419895 0.087868392 -0.004561383 -0.015069657 0.999139845 -0.038639966 -0.120173328 -0.088504523 0.037159707 0.995382249 -0.036413774
0.996120214 0.018094668 0.086117968 -0.004387866 -0.015177886 0.999293029 -0.034404576 -0.099794984 -0.086679593 0.032963939 0.995690584 -0.030345619
0.996195555 0.019995291 0.084816143 -0.003024339 -0.017609714 0.999430895 -0.028781880 -0.076542020 -0.085343346 0.027178727 0.995980680 -0.022281524
0.996587574 0.018067259 0.080535561 -0.002028955 -0.016188562 0.999583125 -0.023919659 -0.049089015 -0.080934115 0.022534216 0.996464491 -0.013201098
0.996880770 0.021583028 0.075908102 -0.000308497 -0.020326052 0.999644101 -0.017292945 -0.017585941 -0.076254293 0.015696028 0.996964633 -0.005608764
0.997099757 0.022159724 0.072802462 0.001828656 -0.021418154 0.999710858 -0.010950981 0.016280904 -0.073024049 0.009359861 0.997286022 0.004061366
0.997054458 0.025636949 0.072278924 0.003909080 -0.025542360 0.999671459 -0.002232728 0.049863283 -0.072312385 0.000379913 0.997381747 0.012143126
0.996629655 0.028162621 0.077040777 0.005455889 -0.028909817 0.999545217 0.008600535 0.084644206 -0.076763488 -0.010798846 0.996990621 0.022317685
0.997131944 0.024687698 0.071535856 0.006141787 -0.026578883 0.999318898 0.025606651 0.117772318 -0.070854932 -0.027434617 0.997109056 0.031249987
0.997530878 0.016186677 0.068332218 0.006058862 -0.019391848 0.998729944 0.046506166 0.150016680 -0.067492634 -0.047716483 0.996577859 0.038194705
0.997918844 0.007418626 0.064048544 0.006394245 -0.011851368 0.997538865 0.069109380 0.179282442 -0.063378200 -0.069724672 0.995550692 0.045335330
0.997979343 0.001688024 0.063510962 0.006248060 -0.007386161 0.995951355 0.089591891 0.206006810 -0.063102581 -0.089880012 0.993951321 0.049925588
0.997986019 0.000633946 0.063425556 0.006618660 -0.007285621 0.994477570 0.104697891 0.230431706 -0.063008912 -0.104949176 0.992479324 0.055239305
0.997874081 0.006547805 0.064836293 0.007099748 -0.013993668 0.993259847 0.115063116 0.251783103 -0.063645862 -0.115725845 0.991239846 0.059727777
0.997836649 0.016157884 0.063719384 0.006812936 -0.024031404 0.991890252 0.124806397 0.253647506 -0.061186023 -0.126067713 0.990132749 0.057993639
0.998127818 0.019147960 0.058081038 0.005819589 -0.026441125 0.991483092 0.127524644 0.265044928 -0.055144526 -0.128821671 0.990133166 0.058664188
0.998478413 0.021391982 0.050818421 0.004138825 -0.027735932 0.991436720 0.127610236 0.270080805 -0.047653411 -0.128825590 0.990521431 0.057904445
0.998779178 0.020934071 0.044734124 0.002686662 -0.026494078 0.991477728 0.127555624 0.267647177 -0.041682623 -0.128585145 0.990821898 0.056560311
0.998939455 0.021591540 0.040657684 0.001402629 -0.026625644 0.991461098 0.127657339 0.257869154 -0.037554190 -0.128604531 0.990984440 0.054275896
0.998923540 0.023948040 0.039719224 0.000326930 -0.028823772 0.991468906 0.127117828 0.241350085 -0.036336154 -0.128125876 0.991091847 0.051316917
0.998955369 0.023571037 0.039139781 -0.000899092 -0.028278479 0.991824031 0.124441959 0.218957335 -0.035886556 -0.125418812 0.991454482 0.046606421
0.998918951 0.024440221 0.039533786 -0.002164076 -0.029052986 0.992268264 0.120664775 0.192612290 -0.036279056 -0.121682942 0.991905630 0.041080713
0.998716116 0.028004058 0.042204019 -0.002873382 -0.032788664 0.992553771 0.117312141 0.163085848 -0.038604550 -0.118545383 0.992197692 0.035117637
0.998158097 0.034497436 0.049896311 -0.002604755 -0.039976012 0.992752492 0.113334484 0.130076706 -0.045624949 -0.115120433 0.992303014 0.029270921
0.997566164 0.040110834 0.057027217 -0.002720838 -0.046058100 0.993178844 0.107120581 0.095737450 -0.052341536 -0.109486476 0.992609084 0.024012487
0.997277200 0.041942026 0.060647883 -0.003026664 -0.047680046 0.994191587 0.096488595 0.061036222 -0.056248698 -0.099117622 0.993484497 0.017624563
0.997125804 0.040800914 0.063831665 -0.003171717 -0.046031106 0.995507956 0.082736075 0.024186745 -0.060169235 -0.085436568 0.994524956 0.011426986
0.996860862 0.039476823 0.068621986 -0.003980245 -0.043956496 0.996913791 0.065045230 -0.012432773 -0.065842435 -0.067857474 0.995519817 0.005909694
0.996387362 0.038015280 0.075935036 -0.004454466 -0.041453954 0.998160899 0.044233024 -0.047575962 -0.074113868 -0.047221079 0.996130943 -0.000366627
0.995906293 0.038468476 0.081791602 -0.004992241 -0.040414460 0.998934865 0.022270201 -0.080130227 -0.080847800 -0.025484642 0.996400356 -0.006681898
0.995287538 0.038161166 0.089137815 -0.005672622 -0.038498625 0.999256611 0.002068810 -0.110662520 -0.088992618 -0.005490787 0.996016920 -0.014036153
0.994967639 0.038633272 0.092444479 -0.006714811 -0.037432317 0.999191284 -0.014690759 -0.137365088 -0.092937276 0.011156380 0.995609283 -0.021552846
0.994982421 0.034477439 0.093916506 -0.006573277 -0.031845026 0.999060929 -0.029385827 -0.156473070 -0.094841450 0.026247576 0.995146155 -0.027002268
0.995177805 0.031582940 0.092858709 -0.007775013 -0.028083580 0.998854280 -0.038753454 -0.173328906 -0.093976252 0.035958741 0.994924724 -0.031918444
0.995177209 0.025481233 0.094721220 -0.008852193 -0.021411123 0.998813689 -0.043740310 -0.182785287 -0.095723398 0.041501243 0.994542301 -0.033989802
0.994885266 0.022612935 0.098443061 -0.008773964 -0.018360199 0.998867691 -0.043893680 -0.183318943 -0.099324152 0.041861717 0.994174004 -0.033050124
0.994597554 0.019952534 0.101866245 -0.008691321 -0.015967900 0.999080956 -0.039783098 -0.183416575 -0.102566384 0.037941553 0.994002104 -0.032917511
0.994541883 0.019539176 0.102487877 -0.008678142 -0.016223136 0.999320865 -0.033089843 -0.183317363 -0.103064820 0.031246532 0.994183540 -0.032969050
0.994047701 0.018198878 0.107410863 -0.007898889 -0.015362347 0.999512732 -0.027176909 -0.169303805 -0.107853107 0.025365032 0.993843019 -0.029456681
0.993421376 0.018758990 0.112965137 -0.006304172 -0.016521689 0.999649167 -0.020709045 -0.150734335 -0.113313965 0.018706404 0.993382990 -0.023657247
0.992548048 0.025086660 0.119239435 -0.004352706 -0.023549149 0.999620736 -0.014286143 -0.127968356 -0.119552597 0.011371667 0.992762566 -0.017732250
0.991882145 0.029102352 0.123781465 -0.003685995 -0.027971119 0.999549806 -0.010867400 -0.089538559 -0.124041997 0.007316844 0.992249846 -0.015433559
0.991277874 0.037929285 0.126208231 -0.000616639 -0.037590992 0.999280512 -0.005061951 -0.063132286 -0.126309440 0.000273476 0.991990685 -0.008209895
0.990986764 0.041891560 0.127237320 0.001705200 -0.042499345 0.999094427 0.002064466 -0.037434783 -0.127035633 -0.007453395 0.991869926 -0.000581123
0.991578877 0.045364045 0.121294431 0.002824666 -0.047117077 0.998821855 0.011622280 -0.011650821 -0.120624304 -0.017239481 0.992548347 0.005336236
0.992133677 0.047008231 0.116016939 0.004639893 -0.049913626 0.998505473 0.022264270 0.014246074 -0.114796944 -0.027879994 0.992997527 0.010738734
0.993398070 0.047736373 0.104309447 0.005987041 -0.051529240 0.998093665 0.033972930 0.038681630 -0.102488846 -0.039123669 0.993964314 0.012998431
0.994722009 0.046656027 0.091379315 0.006262491 -0.051103413 0.997589409 0.046948880 0.059805408 -0.088968575 -0.051370926 0.994708598 0.011871081
0.996008992 0.041957866 0.078768075 0.006623922 -0.046824742 0.997039497 0.060992289 0.078015491 -0.075975761 -0.064437211 0.995025218 0.010414374
0.997154534 0.035961375 0.066245437 0.006442896 -0.041003633 0.996234059 0.076398268 0.092410237 -0.063248567 -0.078897230 0.994874060 0.007516420
0.997863233 0.029503798 0.058286611 0.006372897 -0.034810495 0.995128810 0.092234857 0.103494607 -0.055281401 -0.094066814 0.994029701 0.004749979
0.998570800 0.020860113 0.049194831 0.005779395 -0.026102638 0.993758798 0.108455226 0.110778138 -0.046625402 -0.109584391 0.992883146 0.000059367
0.999031305 0.013443124 0.041888013 0.005140977 -0.018665966 0.991739273 0.126905933 0.115418337 -0.039835975 -0.127564937 0.991029739 -0.004730163
0.999309063 0.006839185 0.036516681 0.004455578 -0.012086086 0.989289939 0.145463005 0.117628463 -0.035130735 -0.145803913 0.988689363 -0.009584624
0.999324203 0.001182627 0.036723610 0.004238246 -0.007293079 0.985979378 0.166708320 0.118770011 -0.036011569 -0.166863576 0.985321939 -0.013711776
0.999075592 -0.004668064 0.042720657 0.004122960 -0.003555773 0.981695175 0.190426111 0.119163223 -0.042827588 -0.190402076 0.980771363 -0.016502764
0.998408377 -0.007927260 0.055826508 0.004468734 -0.004260270 0.976633072 0.214871764 0.119142383 -0.056225363 -0.214767724 0.975045145 -0.018539088
0.997585297 -0.013716539 0.068075031 0.003507848 -0.002747682 0.971734285 0.236061662 0.118338354 -0.069388799 -0.235678822 0.969350398 -0.020900633
0.996758044 -0.020256726 0.077857845 0.001587994 -0.000234481 0.967045426 0.254604012 0.116778031 -0.080449544 -0.253796995 0.963905811 -0.023979966
0.996314943 -0.026684718 0.081505932 -0.000775844 0.003571912 0.962448835 0.271439821 0.115512945 -0.085688621 -0.270148546 0.958997786 -0.027464502
0.996142983 -0.031122919 0.082031786 -0.002790763 0.006039129 0.957074404 0.289779633 0.114648663 -0.087529346 -0.288166672 0.953571260 -0.032169200
0.995866597 -0.037864916 0.082550809 -0.004281866 0.010543132 0.950996995 0.309020519 0.114114754 -0.090206638 -0.306873024 0.947465718 -0.036602426
0.995608866 -0.043761875 0.082744107 -0.004928638 0.014165484 0.944241762 0.328948319 0.114467807 -0.092525862 -0.326331884 0.940715671 -0.041317478
0.995311737 -0.050924607 0.082219362 -0.005505974 0.019162193 0.937126398 0.348463804 0.114879601 -0.094795346 -0.345254719 0.933709025 -0.047056656
0.995316923 -0.051835734 0.081584908 -0.005177870 0.018374603 0.930120289 0.366795212 0.115867510 -0.094896905 -0.363578498 0.926717222 -0.053539071
0.995407045 -0.051158480 0.080909193 -0.003887482 0.016365729 0.923719466 0.382719964 0.116381086 -0.094316795 -0.379638165 0.920314491 -0.059448577
0.995713830 -0.049768023 0.077946879 -0.001785755 0.014987597 0.918547928 0.395025432 0.115975589 -0.091257602 -0.392164201 0.915357232 -0.064523913
0.995979488 -0.048802603 0.075112201 0.001288311 0.014556584 0.915583849 0.401863605 0.114677742 -0.088383533 -0.399154693 0.912613511 -0.068398982
0.995916963 -0.050053004 0.075118378 0.005403094 0.015611044 0.915148914 0.402813464 0.112563089 -0.088906556 -0.399996221 0.912194133 -0.070505656
0.996057510 -0.049127735 0.073855229 0.009720059 0.015739974 0.917295158 0.397896767 0.110557310 -0.087294839 -0.395165712 0.914452374 -0.071469180
0.996308446 -0.049672727 0.070005856 0.013618735 0.018438524 0.920362473 0.390631497 0.108740278 -0.083834529 -0.387898803 0.917881131 -0.071340129
0.996568084 -0.048902620 0.066777118 0.018121751 0.019677412 0.923643589 0.382747084 0.106844619 -0.080395624 -0.380119711 0.921436429 -0.070214912
0.996787667 -0.045963675 0.065575123 0.021472150 0.018022019 0.926625192 0.375554144 0.106269419 -0.078025438 -0.373166174 0.924477458 -0.068461992
0.997161210 -0.040613644 0.063390911 0.023340993 0.014318807 0.928950787 0.369926095 0.106182232 -0.073911108 -0.367968529 0.926895797 -0.066317260
0.997519732 -0.037342556 0.059652127 0.024438314 0.012979455 0.930692136 0.365572840 0.105885528 -0.069169223 -0.363892078 0.928869069 -0.064055152
0.997967005 -0.030505305 0.055943165 0.025386317 0.008119172 0.931676567 0.363198012 0.105498783 -0.063200422 -0.362005651 0.930030704 -0.061425239
0.998177826 -0.027769275 0.053555544 0.026290771 0.006359969 0.931249082 0.364327669 0.104796685 -0.059990685 -0.363323450 0.929729402 -0.058924496
0.998357356 -0.023529250 0.052222501 0.027607931 0.002637073 0.929645598 0.368445665 0.104049273 -0.057217680 -0.367703021 0.928181112 -0.056535017
0.998439491 -0.020422269 0.051958043 0.030265538 -0.000421892 0.927902579 0.372822732 0.103372909 -0.055825897 -0.372263163 0.926446438 -0.054220155
0.998533905 -0.019377232 0.050524481 0.034264274 -0.001014980 0.926816225 0.375514090 0.102596946 -0.054103337 -0.375015110 0.925438166 -0.051741630
0.998462439 -0.020752208 0.051382635 0.039839458 -0.000163465 0.926125169 0.377216667 0.101907127 -0.055414829 -0.376645327 0.924698234 -0.048978560
0.998366356 -0.023007773 0.052281223 0.047478843 0.001527000 0.925712287 0.378225714 0.101225793 -0.057099499 -0.377528280 0.924235582 -0.045757726
0.998182058 -0.024886848 0.054875072 0.056975543 0.002178647 0.925029755 0.379888743 0.100029677 -0.060215306 -0.379078835 0.923402786 -0.042092443
0.998015821 -0.027699802 0.056526255 0.068006545 0.004051013 0.924378991 0.381454170 0.098948263 -0.062817894 -0.380468547 0.922657549 -0.038813699
0.997791708 -0.032139387 0.058109719 0.080367818 0.007423960 0.923578143 0.383338720 0.097939387 -0.065989152 -0.382061034 0.921777725 -0.036020149
0.997619629 -0.036758181 0.058325563 0.094868794 0.011443652 0.922560096 0.385684222 0.096367612 -0.067985900 -0.384098947 0.920785129 -0.033911366
0.997404218 -0.040510993 0.059511892 0.110800400 0.014375032 0.922071815 0.386752307 0.095150463 -0.070541970 -0.384893179 0.920261025 -0.031980131
0.997071385 -0.044447787 0.062218130 0.128367975 0.017047076 0.922430933 0.385786176 0.093798667 -0.074539281 -0.383595973 0.920487523 -0.029545322
0.996646702 -0.048795968 0.065668888 0.146616727 0.020091537 0.924063981 0.381709903 0.091725595 -0.079308175 -0.379110754 0.921945989 -0.027437776
0.996029496 -0.054592732 0.070306376 0.165720358 0.024274286 0.926493645 0.375527114 0.089162156 -0.085639484 -0.372329652 0.924140513 -0.024983004
0.995251417 -0.061064631 0.075788498 0.184803680 0.028924689 0.929080486 0.368745327 0.086404912 -0.092930950 -0.364802331 0.926435292 -0.022777349
0.994421840 -0.065822341 0.082406223 0.203882203 0.031474620 0.930950344 0.363787115 0.084231302 -0.100661464 -0.359164327 0.927829444 -0.020728286
0.993569970 -0.070824727 0.088321969 0.222442091 0.034218077 0.931529105 0.362053663 0.083242886 -0.107916884 -0.356703579 0.927963197 -0.018769421
0.992765427 -0.074328147 0.094289020 0.240499184 0.035061352 0.930576324 0.364415407 0.083402976 -0.114829503 -0.358473241 0.926450372 -0.016944189
0.991640449 -0.077831067 0.102907076 0.257633477 0.034295786 0.927881241 0.371295661 0.084493361 -0.124383934 -0.364662617 0.922794104 -0.015396977
0.990366757 -0.080496661 0.112659924 0.274046898 0.031676523 0.923786998 0.381594777 0.085976765 -0.134790927 -0.374350220 0.917438030 -0.014302555
0.989045680 -0.086677827 0.119473264 0.288527906 0.033377722 0.919788361 0.390993088 0.087626114 -0.143780604 -0.382722378 0.912606120 -0.012702950
0.988599360 -0.089945324 0.120745450 0.301038235 0.034891929 0.916982234 0.397399575 0.089475349 -0.146465734 -0.388655990 0.909666777 -0.011504395
0.988453925 -0.089495167 0.122261107 0.312053829 0.033291265 0.915481508 0.400980741 0.091291137 -0.147813693 -0.392280817 0.907891095 -0.010484960
0.988611698 -0.089056090 0.121302262 0.321114540 0.033173632 0.915229023 0.401566565 0.093106158 -0.146781370 -0.392969429 0.907760739 -0.009543203
0.988740683 -0.089197174 0.120141618 0.327935487 0.034023229 0.915890515 0.399984211 0.094599515 -0.145714104 -0.391393125 0.908613324 -0.008692951
0.988947511 -0.090278484 0.117605180 0.332559496 0.036527421 0.917144835 0.396877140 0.095531210 -0.143690526 -0.388194889 0.910306096 -0.008064148
0.989340127 -0.090018645 0.114460029 0.334933490 0.038064364 0.918573260 0.393414050 0.096447453 -0.140554592 -0.384863526 0.912208259 -0.007864309
0.989322424 -0.091663182 0.113302097 0.335183412 0.040455751 0.919614077 0.390734553 0.097061194 -0.140010253 -0.381978810 0.913503528 -0.008071759
0.989226639 -0.093735345 0.112439983 0.333987266 0.042833444 0.919829428 0.389973521 0.097507566 -0.139979973 -0.380956084 0.913935125 -0.008680281
0.988935888 -0.092544153 0.115929976 0.330705553 0.040223390 0.919542968 0.390925974 0.097728305 -0.142780572 -0.381937712 0.913091779 -0.009624283
0.988761961 -0.091362476 0.118326671 0.325096518 0.038227167 0.919722676 0.390703499 0.096918456 -0.144523412 -0.381789535 0.912879527 -0.010904623
0.988810897 -0.091378167 0.117905296 0.317032784 0.038537301 0.920063555 0.389869571 0.095763616 -0.144105986 -0.380963564 0.913290501 -0.012698809
0.989113390 -0.090347283 0.116149455 0.307291329 0.038401071 0.920453906 0.388960570 0.094594389 -0.142051801 -0.380265892 0.913902879 -0.014922872
0.989534914 -0.090757459 0.112170570 0.295199841 0.040214032 0.920073152 0.389677703 0.094565496 -0.138571322 -0.381088972 0.914094388 -0.017581543
0.990303874 -0.087713227 0.107718468 0.281671345 0.038758062 0.919108510 0.392094165 0.095346406 -0.133396849 -0.384117514 0.913596451 -0.020234670
0.990907252 -0.086147994 0.103343703 0.267032743 0.038675833 0.918088973 0.394483775 0.096395008 -0.128862724 -0.386900038 0.913072944 -0.022619747
0.991575718 -0.084716544 0.097975954 0.250987440 0.039256565 0.917425275 0.395967603 0.097306721 -0.123430640 -0.388785779 0.913022459 -0.024335273
0.992208481 -0.083406188 0.092543542 0.232670248 0.040273976 0.917680025 0.395274341 0.097992532 -0.117893703 -0.388467580 0.913889229 -0.026481928
0.992871046 -0.080538303 0.087858334 0.213253379 0.039621945 0.918259025 0.393993467 0.097912781 -0.112408288 -0.387703776 0.914904177 -0.029197799
0.993611991 -0.076775447 0.082699329 0.192716122 0.038605921 0.919925034 0.390189618 0.097956434 -0.106034182 -0.384504586 0.917012811 -0.031804707
0.994400322 -0.072308794 0.077057727 0.171270877 0.037227336 0.922186494 0.384950161 0.097067207 -0.098896898 -0.379926115 0.919714630 -0.035412885
0.995163202 -0.066930130 0.071895607 0.149468586 0.034731291 0.924407840 0.379821420 0.095983960 -0.091882378 -0.375487536 0.922261417 -0.038679108
0.995643675 -0.063484795 0.068277396 0.126457512 0.033319715 0.926273346 0.375377029 0.094243243 -0.087074272 -0.371467054 0.924353659 -0.041750617
0.996040046 -0.060698971 0.064947985 0.102741860 0.032195963 0.927315593 0.372893572 0.092851594 -0.082861535 -0.369326174 0.925597906 -0.044348918
0.996443152 -0.057819650 0.061289288 0.078556284 0.030855112 0.927266061 0.373130202 0.092076831 -0.078405730 -0.369912237 0.925751984 -0.047508951
0.997000575 -0.053150661 0.056243319 0.054624535 0.028200753 0.926378131 0.375537843 0.091893487 -0.072062671 -0.372825652 0.925098538 -0.050168388
0.997440040 -0.049850512 0.051251780 0.030272570 0.026710857 0.924751401 0.379633754 0.092831239 -0.066320099 -0.377293229 0.923715711 -0.052110504
0.997888446 -0.044466563 0.047327168 0.006310780 0.022998432 0.923543751 0.382803380 0.094181754 -0.060730670 -0.380906910 0.922616363 -0.053794436
0.998167753 -0.039883882 0.045485012 -0.017290255 0.019397879 0.923200190 0.383830249 0.095037170 -0.057300419 -0.382244945 0.922282338 -0.055721071
0.998312533 -0.038501762 0.043453619 -0.041476950 0.018978626 0.923768699 0.382480919 0.096332610 -0.054867290 -0.381011069 0.922940612 -0.057066649
0.998527288 -0.037113141 0.039552625 -0.065021075 0.019314174 0.924739897 0.380109727 0.097905539 -0.050682966 -0.378786236 0.924094915 -0.058502626
0.998718917 -0.034304295 0.037179571 -0.088675514 0.017728468 0.925686061 0.377877325 0.099610195 -0.047379438 -0.376734316 0.925108373 -0.059895985
0.998909116 -0.031368908 0.034569819 -0.112299740 0.016097302 0.926610827 0.375677317 0.101332463 -0.043817371 -0.374711245 0.926105082 -0.061676968
0.999051690 -0.029277779 0.032202359 -0.135736749 0.015093069 0.927057505 0.374615371 0.103384711 -0.040821362 -0.373774320 0.926620424 -0.062961347
0.999303818 -0.027239868 0.025459060 -0.158403769 0.015710160 0.926868379 0.375057727 0.105909169 -0.033813737 -0.374396920 0.926651299 -0.064341068
0.999514401 -0.024342733 0.019406542 -0.180866510 0.015175382 0.925263464 0.379021436 0.108598895 -0.027182596 -0.378543168 0.925183952 -0.065616250
0.999704182 -0.020996206 0.012201380 -0.200869739 0.014683361 0.922823370 0.384943366 0.112128273 -0.019342078 -0.384650618 0.922859132 -0.066925421
0.999826789 -0.018057005 0.004305391 -0.219179496 0.014941760 0.920453846 0.390565515 0.115642846 -0.011015362 -0.390433818 0.920564651 -0.068132073
0.999843240 -0.016994298 -0.004784796 -0.235922530 0.017505459 0.919052482 0.393746108 0.118865326 -0.002293959 -0.393768430 0.919206321 -0.068920515
0.999786019 -0.015464455 -0.013671193 -0.250812501 0.019592445 0.919421971 0.392784089 0.121422380 0.006495408 -0.392968178 0.919528604 -0.069877341
0.999707103 -0.013569687 -0.019991346 -0.263002098 0.020265723 0.921452045 0.387963176 0.122384533 0.013156534 -0.388255000 0.921457529 -0.070595451
0.999593675 -0.011856257 -0.025883995 -0.272820145 0.020839730 0.924140155 0.381484926 0.122802190 0.019397464 -0.381869644 0.924012065 -0.071422040
0.999436259 -0.011260376 -0.031598493 -0.279945076 0.022300864 0.926709175 0.375116974 0.122464329 0.025058668 -0.375610441 0.926438272 -0.072523370
0.999154389 -0.011051910 -0.039576940 -0.280009449 0.024953652 0.928411365 0.370715052 0.122185804 0.032646589 -0.371389419 0.927902520 -0.073424287
0.999137700 -0.010136792 -0.040237736 -0.280045718 0.024298623 0.928983688 0.369322300 0.122041173 0.033636473 -0.369981825 0.928429365 -0.074170977
0.999257088 -0.007328250 -0.037808947 -0.277541190 0.020839522 0.928475618 0.370808452 0.121596061 0.032387320 -0.371321231 0.927938938 -0.075599283
0.999419332 -0.007244847 -0.033263527 -0.271868378 0.019134261 0.927697301 0.372842759 0.121062934 0.028157303 -0.373263031 0.927297652 -0.076677397
0.999591768 -0.006670373 -0.027745256 -0.262984842 0.016572367 0.927224219 0.374139994 0.120284133 0.023230426 -0.374447376 0.926956594 -0.078195237
0.999770164 -0.007320778 -0.020097235 -0.251269042 0.014304490 0.927410424 0.373771667 0.119237378 0.015902091 -0.373973608 0.927302480 -0.079497159
0.999883950 -0.007186454 -0.013351521 -0.236723781 0.011634862 0.928293347 0.371666640 0.117559530 0.009723166 -0.371779233 0.928269744 -0.081022114
0.999955952 -0.007044679 -0.006017725 -0.220346406 0.008767731 0.929449022 0.368846327 0.115704969 0.002994764 -0.368883222 0.929470420 -0.082430862
0.999969721 -0.007626296 0.000444985 -0.202891096 0.006935621 0.930733860 0.365631402 0.114104398 -0.003202581 -0.365617603 0.930759132 -0.083612576
0.999924541 -0.009296861 0.007891332 -0.184231982 0.005789414 0.931463778 0.363787889 0.112646379 -0.010732584 -0.363715142 0.931447864 -0.084286481
0.999840379 -0.010833887 0.014130096 -0.163957477 0.004948159 0.931388676 0.363992512 0.111561753 -0.017104078 -0.363864869 0.931294143 -0.084742613
0.999704599 -0.014535577 0.019423883 -0.142619044 0.006398616 0.930265605 0.366830826 0.110773273 -0.023401486 -0.366598576 0.930084348 -0.084491789
0.999614358 -0.018684927 0.020489564 -0.120384194 0.009734349 0.928319752 0.371655017 0.110657476 -0.025965234 -0.371312648 0.928144336 -0.083349809
0.999446571 -0.024030207 0.022954540 -0.098061472 0.013592952 0.925920963 0.377472222 0.110607907 -0.030324850 -0.376951724 0.925735950 -0.081904367
0.999309182 -0.027076408 0.025412137 -0.074428052 0.015308605 0.923875451 0.382386535 0.110415377 -0.033831336 -0.381733775 0.923652530 -0.080716595
0.999185026 -0.028244484 0.028796924 -0.050607659 0.015008092 0.922987163 0.384537488 0.110621519 -0.037440289 -0.383792341 0.922659695 -0.078788698
0.999135435 -0.029106926 0.029647294 -0.026595784 0.015486274 0.923061371 0.384340435 0.110722937 -0.038553279 -0.383549422 0.922714889 -0.076763056
0.999153197 -0.030342322 0.027750105 -0.003527798 0.017419605 0.923680604 0.382766843 0.110261373 -0.037246302 -0.381959707 0.923427761 -0.074999020
0.999161303 -0.032018263 0.025480956 0.019461907 0.019879295 0.924087763 0.381662488 0.109523177 -0.035766844 -0.380836248 0.923950076 -0.072630927
0.999050677 -0.035388347 0.025360120 0.041008465 0.023048190 0.924075305 0.381514341 0.108891919 -0.036935858 -0.380568057 0.924014628 -0.070320398
0.998958468 -0.037421148 0.026063381 0.061977163 0.024601821 0.923449934 0.382928878 0.108260155 -0.038397904 -0.381889254 0.923409760 -0.068283953
0.998814344 -0.039769873 0.028034031 0.081492126 0.025922300 0.922503769 0.385115951 0.108638205 -0.041177560 -0.383933067 0.922441959 -0.065704949
0.998640180 -0.041531421 0.031471629 0.099237055 0.026094718 0.921355844 0.387842655 0.109530255 -0.045104276 -0.386494488 0.921187818 -0.063055232
0.998367608 -0.044300489 0.036015376 0.114828229 0.026754243 0.920280337 0.390343100 0.111127816 -0.050436690 -0.388742834 0.919964433 -0.060099579
0.998099208 -0.047414284 0.039336219 0.128455251 0.028263425 0.919749260 0.391486704 0.113197044 -0.054741587 -0.389631331 0.919342279 -0.057296187
0.997833490 -0.050876506 0.041682232 0.139318123 0.030513512 0.919512033 0.391874790 0.115589909 -0.058264609 -0.389754474 0.919073522 -0.053900495
0.997552633 -0.051831376 0.046900146 0.149680749 0.029472532 0.920273602 0.390163064 0.118223779 -0.063383736 -0.387826502 0.919550180 -0.049780108
0.996773601 -0.055151898 0.058292449 0.159093082 0.028636912 0.923040628 0.383634299 0.120668493 -0.074964553 -0.380727798 0.921643138 -0.044849716
0.995462298 -0.059359029 0.074354559 0.167386338 0.027506556 0.927689075 0.372338146 0.122851431 -0.091079652 -0.368603915 0.925113499 -0.038957596
0.994153321 -0.061710112 0.088590279 0.173700064 0.026348690 0.934414387 0.355210960 0.124417223 -0.104700260 -0.350800484 0.930578411 -0.033237908
0.993036747 -0.060597934 0.101009883 0.178030744 0.023346238 0.941762924 0.335465014 0.125507340 -0.115455985 -0.330771416 0.936621308 -0.028480740
0.991823614 -0.058638349 0.113334209 0.181852818 0.020020142 0.948669553 0.315633237 0.125514776 -0.126025081 -0.310784012 0.942088246 -0.024056140
0.990310133 -0.058072880 0.126137361 0.185220361 0.018410331 0.955242753 0.295248270 0.124329567 -0.137637883 -0.290065557 0.947057009 -0.019787217
0.988913238 -0.058651090 0.136410952 0.188099056 0.018539706 0.960265219 0.278471202 0.122777298 -0.147323504 -0.272855252 0.950707674 -0.016191714
0.987355828 -0.061699584 0.146009833 0.191278264 0.020518789 0.963133276 0.268239826 0.120885246 -0.157177359 -0.261852622 0.952222526 -0.012332290
0.985800445 -0.069277398 0.152955487 0.194426253 0.026123174 0.963105798 0.267851084 0.119286947 -0.165868491 -0.260052443 0.951241136 -0.008231364
0.984067500 -0.077158585 0.160171673 0.199103653 0.030562898 0.960921764 0.275126517 0.117555417 -0.175140992 -0.265848190 0.947971344 -0.003057566
0.981677353 -0.087756649 0.169131890 0.205084696 0.036996923 0.958522022 0.282606065 0.115474395 -0.186917379 -0.271171063 0.944207311 0.003699029
0.979250908 -0.097795360 0.177485123 0.211990535 0.042870913 0.955997109 0.290225834 0.113297127 -0.198058188 -0.276595414 0.940354824 0.012114563
0.976832807 -0.107339546 0.185130015 0.219333500 0.048087843 0.953081489 0.298868954 0.110862888 -0.208524629 -0.283042997 0.936164200 0.021666963
0.975040555 -0.113963544 0.190539762 0.226438686 0.050714102 0.949841321 0.308591962 0.108381547 -0.216150954 -0.291227132 0.931914568 0.031953745
0.974056661 -0.118018411 0.193086505 0.233000800 0.051729035 0.946769118 0.317729235 0.105489902 -0.220306426 -0.299498618 0.928312898 0.043138742
0.974009514 -0.120318711 0.191900894 0.238136724 0.052432537 0.944001436 0.325747848 0.102068417 -0.220348448 -0.307220161 0.925776124 0.054951955
0.974308848 -0.125268131 0.187155366 0.241192967 0.057131827 0.941324234 0.332632303 0.097977825 -0.217842251 -0.313394636 0.924298465 0.068220697
0.975940645 -0.125160366 0.178526402 0.242077515 0.058739994 0.939478576 0.337534249 0.093345128 -0.209967747 -0.318927348 0.924228370 0.081655629
0.978098214 -0.122474395 0.168288037 0.240735173 0.059500780 0.939336419 0.337796479 0.088125795 -0.199450597 -0.320385456 0.926051736 0.096574344
0.981113195 -0.114818849 0.155661568 0.236601368 0.057456441 0.941430211 0.332276642 0.082462698 -0.184696198 -0.317057818 0.930247724 0.111528665
0.984151900 -0.105560228 0.142474532 0.230397165 0.054577738 0.944816589 0.323021293 0.076875515 -0.168710545 -0.310126692 0.935605407 0.126911893
0.987485707 -0.092843756 0.127471372 0.222164810 0.048855577 0.948664188 0.312488943 0.072038800 -0.149940193 -0.302351266 0.941329300 0.141432002
0.990405500 -0.079013981 0.113360174 0.211672395 0.041115064 0.951733172 0.304160357 0.068060413 -0.131921545 -0.296581864 0.945851505 0.156316340
0.993086219 -0.066327184 0.096835464 0.198565438 0.034544580 0.953649163 0.298931181 0.064271048 -0.112174295 -0.293519914 0.949348271 0.169931114
0.995656312 -0.054135900 0.075725526 0.182387501 0.029321987 0.954481900 0.296823800 0.061198946 -0.088347405 -0.293314666 0.951924562 0.181909442
0.997762322 -0.043383889 0.050839789 0.163296551 0.026372008 0.954522312 0.296970487 0.058649946 -0.061411344 -0.294965804 0.953531861 0.192252308
0.999184847 -0.034088701 0.021546181 0.140983492 0.026065795 0.953602135 0.299938798 0.057512660 -0.030770857 -0.299133241 0.953714609 0.199357256
0.999711156 -0.023090851 -0.006403478 0.116131753 0.023943754 0.952077866 0.304916620 0.057860207 -0.000943979 -0.304982454 0.952357054 0.203963310
0.999345601 -0.012414750 -0.033924203 0.089344993 0.022347651 0.950292230 0.310555995 0.059015799 0.028382666 -0.311111480 0.949949086 0.205880195
0.998010159 -0.001825672 -0.062999800 0.061021045 0.021679739 0.948527455 0.315951467 0.061767407 0.059180491 -0.316689163 0.946681023 0.204029962
0.995958149 0.010166010 -0.089222468 0.030720353 0.019070040 0.946965277 0.320768982 0.065251164 0.087751843 -0.321174502 0.942945302 0.198755175
0.993328691 0.024782134 -0.112608157 -0.000099931 0.013127515 0.945971668 0.323982835 0.069781378 0.114553481 -0.323300242 0.939336836 0.189799741
0.989914417 0.032581516 -0.137856930 -0.031279854 0.014319624 0.945187390 0.326213658 0.074215963 0.140929565 -0.324898213 0.935189426 0.176779613
