1.000000000 0.000000000 0.000000000 0.000000000 0.000000000 1.000000000 0.000000000 0.000000000 0.000000000 0.000000000 1.000000000 0.000000000
0.999991238 -0.002635402 -0.003253553 -0.002335647 0.002628876 0.999994516 -0.002008348 -0.006711497 0.003258828 0.001999778 0.999992669 0.672793806
0.999972641 -0.001380179 -0.007266575 -0.015630826 0.001354819 0.999992967 -0.003493733 -0.012142813 0.007271346 0.003483793 0.999967456 1.359595180
0.999936342 -0.001351831 -0.011202337 -0.029748004 0.001295801 0.999986649 -0.005007347 -0.015976042 0.011208957 0.004992512 0.999924660 2.068515539
0.999871790 0.000163058 -0.016012963 -0.048459087 -0.000253118 0.999984145 -0.005622382 -0.022196006 0.016011791 0.005625714 0.999855936 2.791079521
0.999787807 -0.000800562 -0.020588303 -0.062313512 0.000679279 0.999982357 -0.005897229 -0.030158658 0.020592660 0.005881991 0.999770641 3.528577328
0.999682665 0.001108350 -0.025168747 -0.087531470 -0.001286945 0.999974072 -0.007080819 -0.041680101 0.025160246 0.007110962 0.999658108 4.281862736
0.999542236 0.003616819 -0.030039566 -0.121028490 -0.003843636 0.999964476 -0.007496326 -0.058216780 0.030011386 0.007608355 0.999520540 5.057314396
0.999401748 0.003884678 -0.034369610 -0.152419478 -0.004094595 0.999973357 -0.006039374 -0.064703777 0.034345232 0.006176489 0.999390900 5.827977657
0.999238074 0.003434690 -0.038880941 -0.187080741 -0.003573687 0.999987423 -0.003506001 -0.071733795 0.038868409 0.003642277 0.999237657 6.620544434
0.999100745 0.002974280 -0.042296890 -0.226579875 -0.003004514 0.999995172 -0.000651253 -0.086517662 0.042294748 0.000777747 0.999104857 7.430049419
0.998981953 0.004725634 -0.044864532 -0.271458924 -0.004785889 0.999987602 -0.001235735 -0.097263306 0.044858135 0.001449193 0.998992324 8.238168716
0.998876512 0.004136246 -0.047210202 -0.310972035 -0.004200759 0.999990165 -0.001267368 -0.110121302 0.047204498 0.001464262 0.998884201 9.059649467
0.998801291 0.001255198 -0.048933402 -0.349021167 -0.001343917 0.999997318 -0.001780157 -0.116489075 0.048931036 0.001843785 0.998800516 9.890305519
0.998683989 0.001268157 -0.051271629 -0.388479531 -0.001315509 0.999998569 -0.000889779 -0.127467558 0.051270425 0.000956055 0.998684406 10.726999283
0.998605847 -0.000179484 -0.052786458 -0.430720687 0.000121752 0.999999225 -0.001096875 -0.138827533 0.052786611 0.001088917 0.998605251 11.571028709
0.998499095 0.001997693 -0.054732196 -0.481010824 -0.002179483 0.999992132 -0.003261941 -0.152173221 0.054725245 0.003376332 0.998495758 12.432286263
0.998415172 0.002599235 -0.056218162 -0.532115340 -0.002936823 0.999978006 -0.005923159 -0.161047757 0.056201525 0.006078874 0.998400927 13.290968895
0.998301506 0.006825177 -0.057858758 -0.593089879 -0.007291464 0.999942422 -0.007851769 -0.167378113 0.057801835 0.008260308 0.998293877 14.162142754
0.998238921 0.007732464 -0.058817629 -0.647200286 -0.008192252 0.999937594 -0.007580086 -0.181043059 0.058755338 0.008048584 0.998239934 15.042994499
0.998151183 0.006967284 -0.060381226 -0.697850823 -0.007348878 0.999954283 -0.006099985 -0.193790689 0.060335960 0.006532440 0.998156726 15.927974701
0.998034716 0.007952229 -0.062158629 -0.751947105 -0.008261884 0.999954581 -0.004726255 -0.207436070 0.062118217 0.005230513 0.998055100 16.823324203
0.997979045 0.007588008 -0.063091151 -0.810670555 -0.007893443 0.999958217 -0.004593329 -0.221129492 0.063053653 0.005082052 0.997997224 17.729372025
0.997868955 0.007486369 -0.064821020 -0.874183059 -0.007855679 0.999954224 -0.005444392 -0.238806397 0.064777277 0.005942002 0.997882068 18.624315262
0.997811854 0.006120740 -0.065835744 -0.936571479 -0.006540678 0.999959528 -0.006164943 -0.252410173 0.065795325 0.006582063 0.997811437 19.526428223
0.997782052 0.006192247 -0.066278778 -1.001981020 -0.006509734 0.999968290 -0.004575317 -0.261307359 0.066248320 0.004996626 0.997790635 20.465480804
0.997769296 0.007345575 -0.066353761 -1.065317035 -0.007436328 0.999971688 -0.001120861 -0.274795115 0.066343620 0.001611789 0.997795522 21.380769730
0.997814357 0.008168026 -0.065576255 -1.129160404 -0.008012204 0.999964356 0.002638801 -0.286276132 0.065595448 -0.002107622 0.997844040 22.315002441
0.997927845 0.007089721 -0.063955128 -1.194948435 -0.006748320 0.999961793 0.005552553 -0.295184672 0.063992023 -0.005109456 0.997937322 23.247243881
0.998024225 0.007580728 -0.062374145 -1.260454893 -0.007198883 0.999953926 0.006344267 -0.307003528 0.062419333 -0.005882706 0.998032689 24.189544678
0.998119354 0.007642259 -0.060825553 -1.328191519 -0.007439217 0.999965966 0.003563822 -0.313237280 0.060850684 -0.003104623 0.998142064 25.127901077
0.998181522 0.008508723 -0.059679609 -1.396615624 -0.008601181 0.999962211 -0.001292570 -0.320119530 0.059666317 0.001803534 0.998216748 26.058513641
0.998262167 0.007488592 -0.058454800 -1.458511233 -0.007745716 0.999961376 -0.004173377 -0.330013812 0.058421247 0.004618897 0.998281360 27.008363724
0.998314977 0.004919918 -0.057822555 -1.509871960 -0.005111809 0.999981940 -0.003171201 -0.339769125 0.057805873 0.003461434 0.998321831 27.952316284
0.998308063 0.003117727 -0.058065381 -1.567074180 -0.003013141 0.999993682 0.001888617 -0.354032755 0.058070865 -0.001710462 0.998310983 28.919462204
0.998267114 -0.000591657 -0.058844596 -1.625217199 0.000903400 0.999985754 0.005271258 -0.363567084 0.058840595 -0.005315282 0.998253226 29.889623642
0.998176336 -0.007724292 -0.059871100 -1.676578164 0.008019234 0.999956906 0.004687565 -0.374850601 0.059832267 -0.005159136 0.998195052 30.841272354
0.998068750 -0.009969745 -0.061315428 -1.734833717 0.010040459 0.999949276 0.000845276 -0.381494910 0.061303839 -0.001459277 0.998118043 31.816390991
0.997985423 -0.009777924 -0.062686898 -1.797344685 0.009602848 0.999949157 -0.003093564 -0.393961370 0.062713906 0.002485359 0.998028398 32.782791138
0.997855604 -0.008441006 -0.064908445 -1.864466906 0.008218189 0.999959469 -0.003699025 -0.405760825 0.064936981 0.003157663 0.997884274 33.747493744
0.997811675 -0.008460419 -0.065577157 -1.930406094 0.008333948 0.999962926 -0.002201882 -0.422131836 0.065593302 0.001650548 0.997844934 34.740272522
0.997737646 -0.005612576 -0.066993527 -2.007159233 0.005672323 0.999983728 0.000701654 -0.436738282 0.066988446 -0.001080074 0.997752964 35.722141266
0.997668684 -0.005985763 -0.067980930 -2.081159830 0.006133750 0.999979317 0.001968376 -0.443985492 0.067967691 -0.002380763 0.997684479 36.721961975
0.997605503 -0.004815130 -0.068992816 -2.154595852 0.005145092 0.999976218 0.004605662 -0.454054058 0.068968952 -0.004949606 0.997606337 37.705284119
0.997625649 -0.005277316 -0.068666890 -2.230411053 0.005811575 0.999954402 0.007583027 -0.457404554 0.068623692 -0.007964082 0.997610629 38.695472717
0.997588515 0.000266452 -0.069405049 -2.310057640 0.000427111 0.999950171 0.009977956 -0.461761922 0.069404200 -0.009983535 0.997538447 39.680461884
0.997587562 -0.000004671 -0.069419816 -2.387498617 0.000659144 0.999955595 0.009404873 -0.465607315 0.069416642 -0.009427939 0.997542977 40.669200897
0.997599661 -0.000511518 -0.069243506 -2.464056253 0.001048405 0.999969721 0.007717503 -0.463809729 0.069237411 -0.007771571 0.997569740 41.672191620
0.997601092 0.001406978 -0.069210283 -2.548821688 -0.001021102 0.999983788 0.005610489 -0.468137920 0.069216996 -0.005526358 0.997586131 42.663921356
0.997542024 0.001032609 -0.070063554 -2.620591640 -0.000645628 0.999984443 0.005545720 -0.475599945 0.070068128 -0.005486852 0.997526944 43.652221680
0.997437060 -0.000840432 -0.071544327 -2.685123920 0.001329122 0.999976158 0.006783269 -0.481928587 0.071536854 -0.006860973 0.997414172 44.617912292
0.997390330 -0.000266370 -0.072197169 -2.761273623 0.000825552 0.999969959 0.007715493 -0.488027722 0.072192878 -0.007754959 0.997360349 45.591098785
0.997374654 0.002292135 -0.072378151 -2.836046219 -0.002000740 0.999989629 0.004098262 -0.498944968 0.072386734 -0.003942691 0.997368634 46.551998138
0.997306645 0.003284164 -0.073271148 -2.909637213 -0.003291456 0.999994636 0.000021243 -0.512560010 0.073270768 0.000219983 0.997311831 47.495193481
0.997252762 0.004098918 -0.073960468 -2.987274408 -0.004204029 0.999990404 -0.001265532 -0.523193896 0.073954523 0.001572987 0.997260153 48.464565277
0.997233033 0.002545136 -0.074294969 -3.057359934 -0.002381051 0.999994636 0.002297064 -0.537474990 0.074300364 -0.002113807 0.997233450 49.436336517
0.997223675 0.000730481 -0.074460253 -3.129958391 -0.000321642 0.999984860 0.005502538 -0.550185502 0.074463099 -0.005463311 0.997208595 50.411064148
0.997189343 -0.001429607 -0.074908324 -3.203072071 0.001903882 0.999978662 0.006260371 -0.562574327 0.074897729 -0.006385391 0.997170508 51.366413116
0.997160673 -0.004182809 -0.075185731 -3.273579836 0.004579660 0.999976575 0.005106642 -0.576906323 0.075162552 -0.005436468 0.997156203 52.319438934
0.997132957 -0.006551758 -0.075383708 -3.350557089 0.006852922 0.999969602 0.003737100 -0.587129354 0.075356886 -0.004242985 0.997147322 53.267951965
0.997045517 -0.007559806 -0.076439299 -3.424731731 0.007950801 0.999956846 0.004812073 -0.598614693 0.076399580 -0.005405609 0.997062325 54.219139099
0.996935546 -0.010541973 -0.077512600 -3.496998787 0.011261044 0.999897480 0.008845581 -0.604021907 0.077411354 -0.009691346 0.996951818 55.171146393
0.996858537 -0.011548263 -0.078354932 -3.567493439 0.012688610 0.999820471 0.014071342 -0.613787174 0.078178316 -0.015021351 0.996825933 56.117599487
0.996832967 -0.009671593 -0.078932680 -3.644799471 0.010989049 0.999807239 0.016273586 -0.618293285 0.078760020 -0.017089441 0.996746778 57.052719116
0.996731162 -0.008532142 -0.080337562 -3.723725557 0.009550919 0.999878705 0.012305463 -0.623730183 0.080222771 -0.013032538 0.996691346 57.989166260
0.996623039 -0.007321302 -0.081785053 -3.801667452 0.007721162 0.999959767 0.004573957 -0.628784120 0.081748217 -0.005189992 0.996639132 58.909049988
0.996565759 -0.005922962 -0.082592331 -3.883839130 0.005919160 0.999982476 -0.000290900 -0.634145021 0.082592539 -0.000198984 0.996583045 59.818450928
0.996490002 -0.001286619 -0.083701320 -3.967550993 0.001347767 0.999998927 0.000674057 -0.647549748 0.083700284 -0.000784509 0.996490359 60.724143982
0.996384978 0.001364080 -0.084940568 -4.053946495 -0.001104957 0.999994695 0.003097586 -0.662531793 0.084944256 -0.002992540 0.996380925 61.606430054
0.996304393 0.004080690 -0.085794501 -4.138991833 -0.003694661 0.999982417 0.004657770 -0.678161800 0.085811906 -0.004323582 0.996301651 62.500949860
0.996202767 0.004939978 -0.086922616 -4.216287613 -0.004572565 0.999979854 0.004425511 -0.691081643 0.086942635 -0.004011254 0.996204913 63.363170624
0.996042669 0.006543644 -0.088634133 -4.294760704 -0.006104304 0.999967813 0.005226952 -0.702148557 0.088665396 -0.004665224 0.996050239 64.217079163
0.995918810 0.007373596 -0.089950502 -4.376960754 -0.006867922 0.999958932 0.005929934 -0.715675890 0.089990444 -0.005287967 0.995928288 65.058074951
0.995792270 0.007445438 -0.091334745 -4.453639984 -0.006882673 0.999955475 0.006475020 -0.727717102 0.091378793 -0.005819155 0.995798886 65.874923706
0.995675683 0.007320703 -0.092606701 -4.530579090 -0.006646487 0.999949217 0.007586775 -0.736082494 0.092657454 -0.006938465 0.995673537 66.673912048
0.995510101 0.010036135 -0.094120301 -4.605443954 -0.009104464 0.999905288 0.010322955 -0.743094623 0.094214909 -0.009419697 0.995507002 67.463035583
0.995364666 0.011512987 -0.095479280 -4.685514450 -0.010184564 0.999844611 0.014388919 -0.749089837 0.095630020 -0.013349812 0.995327175 68.243217468
0.995165050 0.014636662 -0.097118586 -4.766619205 -0.013128531 0.999783397 0.016149707 -0.756063461 0.097333848 -0.014796604 0.995141506 69.007369995
0.994989336 0.017458279 -0.098443456 -4.846793175 -0.016334301 0.999791980 0.012212031 -0.766374826 0.098636098 -0.010542842 0.995067418 69.753799438
0.994859874 0.017509371 -0.099733889 -4.925130844 -0.017101984 0.999841571 0.004938324 -0.774670422 0.099804476 -0.003207301 0.995001554 70.478790283
0.994697273 0.016674664 -0.101482794 -4.991264820 -0.016850650 0.999857664 -0.000877081 -0.779956102 0.101453640 0.002582472 0.994836569 71.177627563
0.994656861 0.017510312 -0.101737842 -5.073423862 -0.017818652 0.999839008 -0.002122668 -0.785008848 0.101684213 0.003924148 0.994808614 71.871345520
0.994524419 0.020241641 -0.102522515 -5.152019024 -0.020199964 0.999794960 0.001444825 -0.797732711 0.102530658 0.000634028 0.994729280 72.541542053
0.994384646 0.020478975 -0.103823461 -5.227147102 -0.020189751 0.999788880 0.003836019 -0.814123988 0.103880025 -0.001718318 0.994588017 73.199592590
0.994344115 0.017328141 -0.104780532 -5.293333530 -0.017358182 0.999849200 0.000625284 -0.827328622 0.104775496 0.001197043 0.994494915 73.834289551
0.994452834 0.009204137 -0.104777165 -5.349254131 -0.009727967 0.999942660 -0.004489530 -0.838889182 0.104729764 0.005483885 0.994485319 74.444831848
0.994587064 0.005182039 -0.103774883 -5.407847881 -0.006180561 0.999937654 -0.009302774 -0.850462794 0.103720136 0.009893795 0.994557023 75.042587280
0.994894564 0.007698162 -0.100623801 -5.473369598 -0.008698407 0.999917030 -0.009505481 -0.862050295 0.100542217 0.010332209 0.994878769 75.625984192
0.995250642 0.012833904 -0.096493527 -5.536337852 -0.013528649 0.999887049 -0.006549101 -0.874853909 0.096398525 0.007823416 0.995311677 76.192398071
0.995704949 0.011418803 -0.091873467 -5.583354950 -0.011784745 0.999924600 -0.003441606 -0.887316048 0.091827184 0.004509522 0.995764315 76.748519897
0.996252775 0.007849738 -0.086129434 -5.620264053 -0.007811500 0.999969125 0.000780969 -0.900625885 0.086132854 -0.000105250 0.996283233 77.292465210
0.996947110 0.003660050 -0.077990934 -5.650481701 -0.003341126 0.999985456 0.004219308 -0.913554013 0.078005187 -0.003945856 0.996944726 77.819831848
0.997703731 0.007363508 -0.067324109 -5.683625221 -0.007106695 0.999966443 0.004053256 -0.922839582 0.067351654 -0.003565503 0.997722507 78.331382751
0.998557448 0.012617095 -0.052185517 -5.715725899 -0.012445327 0.999915898 0.003615161 -0.930827081 0.052226704 -0.002960487 0.998630404 78.834526062
0.999253750 0.017925510 -0.034206167 -5.731149197 -0.017797191 0.999833286 0.004052200 -0.936501324 0.034273066 -0.003440410 0.999406159 79.321441650
0.999789596 0.016473515 -0.012199607 -5.723890305 -0.016420007 0.999855101 0.004473236 -0.940464020 0.012271492 -0.004271985 0.999915123 79.805160522
0.999814987 0.013079753 0.014088220 -5.699306488 -0.013154238 0.999899864 0.005207535 -0.945906818 -0.014018732 -0.005391898 0.999886751 80.268890381
0.998985469 0.011921793 0.043421399 -5.656448841 -0.012223189 0.999902904 0.006682361 -0.954859078 -0.043337546 -0.007206335 0.999034047 80.723472595
0.997025073 0.011428218 0.076222546 -5.597147465 -0.012078476 0.999894381 0.008075535 -0.963688970 -0.076122232 -0.008972169 0.997057736 81.176155090
0.993448675 0.011463954 0.113700315 -5.521456718 -0.012509692 0.999885619 0.008488100 -0.968517125 -0.113590017 -0.009854853 0.993478477 81.624198914
0.987810612 0.011621564 0.155224860 -5.429431438 -0.013068817 0.999880016 0.008306344 -0.972904384 -0.155109733 -0.010233704 0.987843871 82.049186707
0.979701459 0.011316354 0.200141549 -5.313071251 -0.013210691 0.999879539 0.008131971 -0.979398906 -0.200025469 -0.010610916 0.979732871 82.467353821
0.968389452 0.013499562 0.249076962 -5.181107521 -0.015488889 0.999861717 0.006028594 -0.989880621 -0.248961195 -0.009695956 0.968464553 82.871620178
0.953150392 0.014214036 0.302162051 -5.025003910 -0.015910869 0.999868274 0.003154901 -1.000149369 -0.302077442 -0.007814760 0.953251004 83.260742188
0.933543384 0.014567347 0.358167768 -4.849236012 -0.015848309 0.999873996 0.000640968 -1.004169703 -0.358113348 -0.006274728 0.933656633 83.628402710
0.909461975 0.015298925 0.415505111 -4.650010109 -0.016086858 0.999869049 -0.001604157 -1.008253455 -0.415475368 -0.005225257 0.909588993 83.982093811
0.880588770 0.015535146 0.473626256 -4.433332443 -0.015527730 0.999871492 -0.003926310 -1.012601972 -0.473626524 -0.003896881 0.880716741 84.312423706
0.847387314 0.014109693 0.530787528 -4.190711021 -0.012804787 0.999898970 -0.006137391 -1.022568345 -0.530820549 -0.001595879 0.847482264 84.620384216
0.810999870 0.013837308 0.584882438 -3.927740812 -0.011445037 0.999903977 -0.007786270 -1.029843807 -0.584934056 -0.000379342 0.811080277 84.906875610
0.771586537 0.012539267 0.636000574 -3.650678635 -0.010520930 0.999920309 -0.006950396 -1.040617824 -0.636036992 -0.001328490 0.771656871 85.172714233
0.729320645 0.012167309 0.684063673 -3.361824274 -0.011792729 0.999916673 -0.005212399 -1.046892285 -0.684069991 -0.004265470 0.729403257 85.419929504
0.684269786 0.011570956 0.729137003 -3.057466984 -0.011020944 0.999923766 -0.005525398 -1.048993111 -0.729145288 -0.004254919 0.684345067 85.650924683
0.638268948 0.010401917 0.769742966 -2.738824129 -0.007498956 0.999945045 -0.007294632 -1.054877520 -0.769776523 -0.001116335 0.638311744 85.851806641
0.592077255 0.007972085 0.805841625 -2.406698942 -0.001423908 0.999959588 -0.008846276 -1.060055375 -0.805879593 0.004090231 0.592064500 86.030334473
0.545332849 0.010059678 0.838159025 -2.075106382 -0.003271847 0.999945700 -0.009872690 -1.070475817 -0.838212729 0.002641571 0.545336008 86.205093384
0.498087019 0.013039406 0.867028773 -1.737938881 -0.006873838 0.999914646 -0.011089046 -1.078180790 -0.867099285 -0.000436509 0.498134017 86.367378235
0.452691019 0.015263121 0.891536593 -1.395358920 -0.007697481 0.999882936 -0.013209498 -1.088127494 -0.891633689 -0.000882768 0.452755362 86.507507324
0.410590142 0.012911141 0.911728442 -1.042456627 -0.000322503 0.999901533 -0.014014537 -1.094762325 -0.911819398 0.005460191 0.410553753 86.620864868
0.371262968 0.005733520 0.928509891 -0.677405715 0.014827678 0.999816597 -0.012102655 -1.097410798 -0.928408802 0.018260906 0.371109784 86.710891724
0.336040050 0.002290726 0.941844761 -0.311172515 0.019403314 0.999767780 -0.009354496 -1.100505710 -0.941647232 0.021418385 0.335917473 86.804565430
0.302921236 0.006454033 0.952993572 0.051201642 0.017110227 0.999778867 -0.012209584 -1.107724547 -0.952861369 0.020004468 0.302743703 86.901618958
0.271911949 0.013951706 0.962220788 0.421003014 0.007108595 0.999838293 -0.016505940 -1.121185064 -0.962295294 0.011328193 0.271768719 87.005615234
0.243615523 0.018220361 0.969700515 0.800697267 0.002448146 0.999808609 -0.019401120 -1.141131639 -0.969868183 0.007100375 0.243524179 87.092514038
0.218115568 0.019934434 0.975719154 1.192737699 0.003742671 0.999766707 -0.021262385 -1.157750607 -0.975915194 0.008289445 0.217989966 87.159317017
0.194816172 0.021276768 0.980608761 1.596633196 0.011482973 0.999646485 -0.023971142 -1.169214010 -0.980772018 0.015930260 0.194502860 87.214775085
0.174826071 0.027670646 0.984210193 2.005413294 0.018240858 0.999342203 -0.031336211 -1.170701146 -0.984429836 0.023431212 0.174206212 87.260848999
0.155063614 0.034469441 0.987302721 2.423998117 0.020143745 0.999072731 -0.038044091 -1.174416304 -0.987698615 0.025787214 0.154225349 87.312255859
0.137399718 0.035326049 0.989885330 2.859649181 0.017608630 0.999118507 -0.038099695 -1.189965487 -0.990358651 0.022665394 0.136656418 87.368614197
0.122008525 0.030903053 0.992047608 3.310126066 0.015835585 0.999327064 -0.033077374 -1.214447141 -0.992402196 0.019745363 0.121436909 87.418777466
0.107582763 0.027635247 0.993811786 3.775406599 0.016158581 0.999432683 -0.029540757 -1.236743331 -0.994064271 0.019236650 0.107075043 87.461410522
0.094345734 0.025164930 0.995221198 4.259691715 0.018646540 0.999460161 -0.027039783 -1.256040812 -0.995364308 0.021108506 0.093825422 87.498634338
0.082687818 0.024401527 0.996276498 4.759303093 0.022188941 0.999407053 -0.026319811 -1.274477363 -0.996327877 0.024282634 0.082097195 87.530761719
0.072673604 0.025044151 0.997041047 5.269324303 0.025481954 0.999311447 -0.026958538 -1.290113449 -0.997029662 0.027365716 0.071985245 87.555877686
0.064869657 0.025596701 0.997565210 5.794206142 0.027615096 0.999241769 -0.027435472 -1.307343602 -0.997511029 0.029327575 0.064113468 87.582885742
0.059386101 0.025926318 0.997898161 6.339657784 0.029299367 0.999186397 -0.027703425 -1.325973034 -0.997804463 0.030882969 0.058578014 87.608108521
0.053811334 0.026990034 0.998186171 6.903143406 0.030595057 0.999120414 -0.028664647 -1.345737457 -0.998081803 0.032082025 0.052938092 87.634109497
0.047857277 0.027730173 0.998469114 7.479705334 0.031145014 0.999086738 -0.029240128 -1.365082860 -0.998368025 0.032496665 0.046949770 87.660972595
0.043541033 0.027720775 0.998666883 8.075633049 0.033748649 0.999003232 -0.029201524 -1.386485100 -0.998480976 0.034975100 0.042561948 87.680831909
0.040695954 0.027683739 0.998787880 8.695034027 0.035190471 0.998955846 -0.029122239 -1.408413172 -0.998551250 0.036332950 0.039679106 87.701942444
0.037676860 0.027188782 0.998919904 9.334429741 0.036174331 0.998937070 -0.028553655 -1.430000544 -0.998634577 0.037211046 0.036653124 87.723815918
0.035388771 0.026586713 0.999019742 9.989835739 0.038392186 0.998871565 -0.027942751 -1.451625466 -0.998635471 0.039343391 0.034327962 87.742774963
0.034796160 0.026249304 0.999049425 10.659894943 0.042821620 0.998697340 -0.027731495 -1.473310828 -0.998476148 0.043745842 0.033626638 87.759559631
0.035904050 0.025873505 0.999020040 11.345267296 0.046286408 0.998548448 -0.027524786 -1.497161508 -0.998282313 0.047229279 0.034654185 87.778305054
0.038318284 0.025808388 0.998932064 12.054153442 0.047929559 0.998467863 -0.027634935 -1.519865274 -0.998115003 0.048937272 0.037022434 87.803161621
0.042214092 0.025730994 0.998777032 12.778787613 0.050308671 0.998344958 -0.027846195 -1.543760300 -0.997840703 0.051422618 0.040849574 87.831764221
0.046571083 0.025388688 0.998592079 13.514391899 0.050650287 0.998330534 -0.027744198 -1.567058325 -0.997629523 0.051871032 0.045207229 87.867683411
0.050569430 0.023702875 0.998439014 14.267369270 0.052148163 0.998291433 -0.026340591 -1.591360211 -0.997357607 0.053398769 0.049246810 87.905929565
0.054606035 0.022126529 0.998262584 15.025000572 0.052011568 0.998333752 -0.024973189 -1.617661834 -0.997151911 0.053284865 0.053364053 87.947784424
0.058746092 0.020073501 0.998070836 15.797273636 0.048872408 0.998540640 -0.022959553 -1.642014146 -0.997075438 0.050126888 0.057679161 88.000411987
0.062821947 0.019031223 0.997842968 16.587862015 0.048193853 0.998593450 -0.022079701 -1.664821863 -0.996859908 0.049476970 0.061816238 88.054321289
0.066964857 0.020053761 0.997553468 17.379541397 0.045586519 0.998691976 -0.023136817 -1.691056490 -0.996712923 0.047024325 0.065962926 88.113365173
0.070083603 0.024035057 0.997251272 18.169767380 0.043359619 0.998691022 -0.027116921 -1.723542452 -0.996597886 0.045140862 0.068949550 88.171295166
0.071143121 0.029437516 0.997031391 18.943126678 0.037529867 0.998777211 -0.032166991 -1.751779675 -0.996759415 0.039706890 0.069951177 88.241043091
0.071071245 0.032585200 0.996938586 19.744659424 0.034843117 0.998774827 -0.035129152 -1.784263372 -0.996862054 0.037233096 0.069848634 88.300491333
0.071220830 0.032146405 0.996942163 20.544370651 0.032746118 0.998866022 -0.034547787 -1.818210006 -0.996922493 0.035106484 0.070087239 88.363410950
0.071304031 0.030559307 0.996986091 21.359191895 0.030082637 0.999009609 -0.032772813 -1.855125189 -0.997000456 0.032328784 0.070313945 88.427543640
0.071026072 0.029337954 0.997042656 22.178876877 0.030905072 0.999022365 -0.031597771 -1.892076015 -0.996995151 0.033057917 0.070049770 88.492622375
0.071479708 0.028803283 0.997025788 22.991811752 0.028422814 0.999117851 -0.030901419 -1.929175735 -0.997036636 0.030547081 0.070597805 88.555786133
0.071728863 0.029079603 0.996999860 23.795864105 0.026886582 0.999154925 -0.031076789 -1.967626929 -0.997061372 0.029034998 0.070886210 88.615081787
0.071758784 0.029767506 0.996977389 24.606735229 0.023976941 0.999213815 -0.031560037 -2.005275488 -0.997133434 0.026169153 0.070988454 88.682090759
0.070588268 0.031271741 0.997014880 25.414134979 0.021511007 0.999227881 -0.032864109 -2.039411306 -0.997273207 0.023766592 0.069860898 88.747566223
0.067752890 0.031136390 0.997215807 26.225030899 0.018891918 0.999293208 -0.032484800 -2.072425842 -0.997522831 0.021040235 0.067116596 88.810554504
0.063877650 0.030132314 0.997502387 27.024776459 0.016930811 0.999367058 -0.031272840 -2.102695942 -0.997813702 0.018886136 0.063326880 88.867713928
0.058952425 0.027689572 0.997876406 27.834403992 0.014944154 0.999478281 -0.028616881 -2.138868570 -0.998148501 0.016599428 0.058507700 88.924110413
0.052570615 0.025672093 0.998286903 28.650342941 0.012855286 0.999568820 -0.026382022 -2.175461054 -0.998534083 0.014220155 0.052217748 88.975624084
0.045135368 0.025982592 0.998642683 29.452083588 0.012668381 0.999565959 -0.026579177 -2.209274292 -0.998900175 0.013850819 0.044786438 89.015647888
0.036460266 0.026950955 0.998971403 30.255922318 0.012537989 0.999544740 -0.027424030 -2.243088961 -0.999256074 0.013524951 0.036105573 89.046691895
0.026549509 0.027496740 0.999269068 31.060493469 0.013468089 0.999520600 -0.027861491 -2.273111820 -0.999556422 0.014197925 0.026166264 89.069282532
0.016284101 0.026539866 0.999514937 31.860937119 0.014796413 0.999531329 -0.026781362 -2.305406809 -0.999757588 0.015225317 0.015883584 89.083190918
0.005500983 0.025512479 0.999659181 32.656024933 0.013969479 0.999574542 -0.025587186 -2.339514971 -0.999886990 0.014105444 0.005142051 89.088325500
-0.005575871 0.024811994 0.999676347 33.445167542 0.015499579 0.999573767 -0.024722988 -2.369457722 -0.999864042 0.015356682 -0.005958270 89.080375671
-0.016471332 0.025166184 0.999547303 34.228008270 0.016036827 0.999560833 -0.024902249 -2.401481628 -0.999735475 0.015619365 -0.016867887 89.066032410
-0.027525038 0.025675138 0.999291003 35.006698608 0.016226446 0.999549448 -0.025234820 -2.435165882 -0.999489129 0.015520326 -0.027929461 89.043617249
-0.038234029 0.026939902 0.998905301 35.788181305 0.015882900 0.999526262 -0.026348706 -2.463282108 -0.999142289 0.014858070 -0.038644012 89.017692566
-0.048563566 0.027898040 0.998430073 36.558948517 0.016775904 0.999491274 -0.027111700 -2.496611118 -0.998678863 0.015432902 -0.049007095 88.981628418
-0.058051214 0.028580708 0.997904062 37.317443848 0.017824706 0.999460042 -0.027588340 -2.528054714 -0.998154104 0.016185785 -0.058529537 88.935844421
-0.067747906 0.029139360 0.997276545 38.072360992 0.018764924 0.999433398 -0.027927611 -2.557855844 -0.997525632 0.016821757 -0.068256542 88.883903503
-0.076990455 0.029579761 0.996592641 38.819068909 0.019518148 0.999412596 -0.028155593 -2.589827061 -0.996840417 0.017283905 -0.077522799 88.820152283
-0.085502684 0.029171452 0.995910466 39.555530548 0.020936418 0.999402821 -0.027476257 -2.618715048 -0.996117592 0.018501479 -0.086062588 88.753173828
-0.092724942 0.028062537 0.995295882 40.289733887 0.022981260 0.999396443 -0.026037125 -2.647662163 -0.995426118 0.020458842 -0.093314111 88.679908752
-0.097882852 0.026432127 0.994846523 41.010417938 0.025704503 0.999380529 -0.024023507 -2.678013802 -0.994865537 0.023220528 -0.098501876 88.604980469
-0.101426408 0.024250176 0.994547069 41.706592560 0.027267374 0.999394715 -0.021587558 -2.722192287 -0.994468927 0.024929119 -0.102026477 88.521347046
-0.104046583 0.023511762 0.994294047 42.432090759 0.029310750 0.999358416 -0.020564310 -2.739404440 -0.994140089 0.027003840 -0.104669198 88.445190430
-0.105890431 0.022765623 0.994116724 43.124404907 0.029391721 0.999372363 -0.019755237 -2.764859915 -0.993942976 0.027126892 -0.106493309 88.375144958
-0.106655590 0.023093645 0.994027317 43.783596039 0.030138884 0.999345541 -0.019983385 -2.793065310 -0.993838787 0.027827518 -0.107282028 88.306678772
-0.105935238 0.024039164 0.994081914 44.436546326 0.030787144 0.999307394 -0.020884646 -2.819985867 -0.993896008 0.028392510 -0.106602184 88.240287781
-0.102933228 0.025671251 0.994356453 45.070133209 0.031466141 0.999250293 -0.022540277 -2.845112562 -0.994190097 0.028968407 -0.103664048 88.176811218
-0.097738899 0.026192639 0.994866848 45.680057526 0.031648502 0.999229491 -0.023198221 -2.869834423 -0.994708359 0.029218666 -0.098492764 88.120590210
-0.089842111 0.026856218 0.995593369 46.275638580 0.030885989 0.999230444 -0.024167156 -2.896155119 -0.995476604 0.028578646 -0.090602659 88.075752258
-0.078876361 0.026712786 0.996526003 46.852420807 0.029551517 0.999263942 -0.024447115 -2.924423218 -0.996445894 0.027520545 -0.079607919 88.043136597
-0.065283746 0.027018970 0.997500420 47.411491394 0.028665988 0.999271214 -0.025190802 -2.950429678 -0.997454524 0.026949774 -0.066010907 88.019950867
-0.048209831 0.028226705 0.998437881 47.951274872 0.027571298 0.999256968 -0.026918558 -2.978517056 -0.998456240 0.026230477 -0.048952468 88.009651184
-0.027040437 0.030737111 0.999161243 48.478454590 0.025607232 0.999220073 -0.030045897 -3.005492449 -0.999305964 0.024773287 -0.027806647 88.009757996
-0.002343567 0.033559725 0.999433517 48.993312836 0.023277916 0.999167323 -0.033496186 -3.033771038 -0.999725938 0.023186216 -0.003123010 88.022514343
0.025800390 0.035303771 0.999043107 49.516735077 0.021225706 0.999131143 -0.035855025 -3.059978724 -0.999441445 0.022130454 0.025028447 88.057998657
0.059179254 0.034661941 0.997645020 50.009727478 0.019022422 0.999175966 -0.035843510 -3.087738037 -0.998065829 0.021098802 0.058470976 88.101097107
0.096995249 0.032101512 0.994766653 50.515731812 0.017689051 0.999265850 -0.033971474 -3.114258528 -0.995127380 0.020891536 0.096356049 88.173286438
0.138836145 0.028325826 0.989909828 51.017383575 0.015302751 0.999409735 -0.030743884 -3.140125275 -0.990196884 0.019416694 0.138320610 88.270599365
0.183994234 0.024044782 0.982632756 51.506690979 0.012332392 0.999565184 -0.026768295 -3.165632248 -0.982849777 0.017043412 0.183617592 88.388534546
0.232063308 0.020688443 0.972480178 51.989307404 0.007358273 0.999707460 -0.023023566 -3.190955162 -0.972672760 0.012498685 0.231843084 88.538597107
0.283270001 0.019424213 0.958842993 52.457778931 0.003210373 0.999769688 -0.021201726 -3.209814787 -0.959034741 0.009084040 0.283142358 88.713447571
0.337407917 0.018903591 0.941168189 52.904579163 0.002027982 0.999781072 -0.020807857 -3.231898546 -0.941356242 0.008929391 0.337295711 88.914527893
0.396226197 0.019997790 0.917934537 53.345039368 0.003318820 0.999724686 -0.023212191 -3.243722439 -0.918146789 0.012243724 0.396050811 89.122886658
0.455951571 0.023208028 0.889701307 53.756565094 0.003583657 0.999603570 -0.027911371 -3.265022039 -0.889997125 0.015914608 0.455687791 89.371841431
0.515766978 0.025440469 0.856350482 54.153541565 0.004877340 0.999455273 -0.032629352 -3.292706728 -0.856714725 0.021005850 0.515362144 89.641471863
0.574051559 0.028530441 0.818321228 54.522190094 0.001188306 0.999362350 -0.035675935 -3.315900803 -0.818817914 0.021452239 0.573651910 89.938102722
0.629854918 0.031235222 0.776083708 54.862480164 -0.002804872 0.999275684 -0.037941668 -3.336221457 -0.776707232 0.021720927 0.629486680 90.263076782
0.682718217 0.032389302 0.729962766 55.184265137 -0.004909741 0.999197543 -0.039743558 -3.351302624 -0.730664790 0.023549721 0.682329714 90.608322144
0.731243014 0.031289123 0.681398213 55.480335236 -0.006159505 0.999209225 -0.039272573 -3.362142563 -0.682088614 0.024520718 0.730857849 90.982955933
0.776043117 0.028293045 0.630043983 55.745376587 -0.008743595 0.999379575 -0.034108821 -3.377599478 -0.630618513 0.020961065 0.775809348 91.374015808
0.816797853 0.023200078 0.576456189 55.979694366 -0.009399446 0.999593318 -0.026911270 -3.393372059 -0.576846480 0.016562697 0.816684186 91.779449463
0.852680624 0.020822700 0.522016287 56.191390991 -0.011917951 0.999720335 -0.020410558 -3.405682564 -0.522295594 0.011182318 0.852690697 92.210876465
0.883210778 0.017734939 0.468639672 56.376602173 -0.013087745 0.999827266 -0.013171341 -3.417212963 -0.468792647 0.005499625 0.883290648 92.645530701
0.908338904 0.017974131 0.417847246 56.529857635 -0.016414627 0.999838173 -0.007326004 -3.434737444 -0.417911589 -0.000204325 0.908487201 93.080963135
0.928018510 0.019826187 0.372004628 56.665683746 -0.019959087 0.999794424 -0.003493728 -3.449935436 -0.371997684 -0.004182642 0.928223789 93.526901245
0.942855299 0.025894487 0.332192987 56.778968811 -0.027226843 0.999628782 -0.000643827 -3.461860418 -0.332086593 -0.008437547 0.943210721 93.987831116
0.954369485 0.030409528 0.297074109 56.882869720 -0.031375766 0.999506176 -0.001516154 -3.465483189 -0.296973735 -0.007873974 0.954852700 94.444297791
0.963373125 0.032309707 0.266208827 56.987449646 -0.033178847 0.999448299 -0.001233033 -3.469560862 -0.266102016 -0.007644648 0.963914096 94.911956787
0.969350934 0.026770882 0.244214743 57.093795776 -0.027419103 0.999623358 -0.000745403 -3.477739096 -0.244142950 -0.005973608 0.969720423 95.382072449
0.973216355 0.023869731 0.228645802 57.196453094 -0.024522634 0.999698877 0.000014480 -3.486431360 -0.228576839 -0.005621104 0.973509192 95.862632751
0.975996315 0.028190641 0.215951920 57.287487030 -0.028804934 0.999584556 -0.000302843 -3.490783691 -0.215870976 -0.005924922 0.976403475 96.355819702
0.977895677 0.033709265 0.206355140 57.373226166 -0.034482274 0.999404848 0.000149674 -3.491806984 -0.206227511 -0.007261976 0.978476703 96.856742859
0.978854775 0.041434232 0.200312778 57.460208893 -0.042058505 0.999114037 -0.001139860 -3.494521379 -0.200182751 -0.007309116 0.979730904 97.367492676
0.979185820 0.047252126 0.197385326 57.552680969 -0.047239423 0.998871684 -0.004775482 -3.499210119 -0.197388485 -0.004648301 0.980313897 97.893417358
0.979312062 0.048496757 0.196454912 57.655265808 -0.048016235 0.998819947 -0.007210942 -3.511723995 -0.196573019 -0.002371276 0.980485916 98.412796021
0.978901625 0.046998486 0.198850036 57.769519806 -0.045765825 0.998893321 -0.010793072 -3.521356583 -0.199137449 0.001464809 0.979970038 98.949424744
0.978197277 0.045558047 0.202615574 57.887046814 -0.042948734 0.998927593 -0.017258421 -3.529979229 -0.203184783 0.008180054 0.979105830 99.488021851
0.977315307 0.045904730 0.206751257 58.004215240 -0.042259566 0.998863518 -0.022014901 -3.538361549 -0.207527116 0.012778282 0.978145361 100.044639587
0.976151586 0.050667979 0.211090833 58.120906830 -0.047171738 0.998653352 -0.021568663 -3.553125381 -0.211899653 0.011096764 0.977227986 100.617843628
0.974749565 0.053588621 0.216771871 58.244590759 -0.050964400 0.998543322 -0.017682191 -3.566634655 -0.217403933 0.006188056 0.976061642 101.211753845
0.973864436 0.050505918 0.221439943 58.384037018 -0.048798516 0.998721123 -0.013178082 -3.580512524 -0.221822575 0.002027717 0.975084484 101.815032959
0.973196805 0.046131585 0.225295946 58.529632568 -0.045584921 0.998930693 -0.007630516 -3.594002724 -0.225407317 -0.002844116 0.974260032 102.431777954
0.972448111 0.043561049 0.229009479 58.678256989 -0.044023138 0.999025047 -0.003093009 -3.605037451 -0.228921235 -0.007073942 0.973418832 103.059028625
0.971929789 0.039046992 0.232004508 58.829296112 -0.039554603 0.999213696 -0.002465289 -3.614025831 -0.231918648 -0.006780776 0.972711086 103.690742493
0.972021997 0.035557620 0.232179075 58.988552094 -0.035233095 0.999363065 -0.005545706 -3.624682426 -0.232228681 -0.002789851 0.972656727 104.336433411
0.972139299 0.034865908 0.231792480 59.145023346 -0.032855827 0.999380887 -0.012527796 -3.637880802 -0.232086077 0.004563024 0.972684085 104.987327576
0.972229660 0.037283458 0.231036067 59.291408539 -0.033762660 0.999245167 -0.019175451 -3.650030136 -0.231576934 0.010842551 0.972755671 105.644248962
0.972731471 0.040359918 0.228391707 59.439540863 -0.036061779 0.999084949 -0.022962842 -3.660196304 -0.229109809 0.014100472 0.973297954 106.314895630
0.973337233 0.038884241 0.226055086 59.595504761 -0.035567936 0.999190986 -0.018726207 -3.674202919 -0.226600707 0.010186600 0.973933935 107.006469727
0.973777592 0.034813549 0.224818885 59.755157471 -0.033155531 0.999387205 -0.011147078 -3.692218542 -0.225069538 0.003400774 0.974336267 107.709350586
0.974334717 0.035108548 0.222345501 59.911312103 -0.034828123 0.999379039 -0.005183224 -3.712669373 -0.222389773 -0.002693699 0.974953592 108.423522949
0.974589527 0.038511403 0.220658973 60.064018250 -0.038177796 0.999253452 -0.005777852 -3.728524208 -0.220717117 -0.002793258 0.975333333 109.153587341
0.974833548 0.044187855 0.218506873 60.210556030 -0.042960946 0.999022186 -0.010365074 -3.740386963 -0.218751580 0.000716944 0.975779772 109.882232666
0.975660682 0.045056835 0.214602962 60.365524292 -0.042703208 0.998965263 -0.015593149 -3.753695250 -0.215083852 0.006049376 0.976576328 110.622009277
0.976576805 0.043764755 0.210667148 60.526317596 -0.040801011 0.998997033 -0.018396337 -3.767939329 -0.211261332 0.009369995 0.977384210 111.382080078
0.977482378 0.041530535 0.206885695 60.684284210 -0.038883362 0.999100924 -0.016846774 -3.786567211 -0.207399681 0.008423006 0.978219509 112.152961731
0.978343070 0.037701357 0.203523561 60.844257355 -0.035445124 0.999262393 -0.014720779 -3.806480646 -0.203928769 0.007188045 0.978958845 112.933639526
0.978735983 0.036688540 0.201812252 61.003360748 -0.035001855 0.999315321 -0.011921039 -3.829092026 -0.202111796 0.004603734 0.979351103 113.724822998
0.979091227 0.033520162 0.200636849 61.165824890 -0.032243256 0.999432802 -0.009629473 -3.844937801 -0.200846180 0.002958933 0.979617774 114.524696350
0.979328573 0.028359156 0.200273767 61.332435608 -0.027232774 0.999593198 -0.008377274 -3.860959530 -0.200430200 0.002750080 0.979703605 115.319374084
0.979472339 0.029246744 0.199441478 61.496189117 -0.028471747 0.999570966 -0.006753211 -3.880515814 -0.199553743 0.000936120 0.979885936 116.113761902
0.979212165 0.034761433 0.199833959 61.650447845 -0.033697248 0.999393165 -0.008724979 -3.896704674 -0.200016335 0.001809735 0.979790390 116.923316956
0.978891730 0.040566709 0.200309277 61.807685852 -0.038954537 0.999168277 -0.011984761 -3.915513277 -0.200629205 0.003928813 0.979658902 117.744583130
0.978294909 0.049398836 0.201239496 61.959461212 -0.047632325 0.998771369 -0.013613834 -3.931619167 -0.201665103 0.003732822 0.979446948 118.571914673
0.977355599 0.055248592 0.204260200 62.113178253 -0.053734515 0.998470366 -0.012955629 -3.949736357 -0.204663888 0.001686413 0.978830397 119.405174255
0.976595163 0.057939816 0.207131207 62.280384064 -0.056922544 0.998318493 -0.010872699 -3.974771023 -0.207413226 -0.001172234 0.978252232 120.244766235
0.976019740 0.058483973 0.209674940 62.458766937 -0.057326056 0.998287261 -0.011600861 -3.997653723 -0.209994629 -0.000697193 0.977701783 121.090866089
0.975722730 0.056988291 0.211461663 62.636371613 -0.055209026 0.998371363 -0.014313445 -4.017976761 -0.211933300 0.002291340 0.977280915 121.916984558
0.975752473 0.050920911 0.212867916 62.822284698 -0.049269632 0.998699307 -0.013058257 -4.039102554 -0.213256285 0.002253681 0.976993203 122.753334045
0.976024091 0.044372581 0.213088065 63.006160736 -0.042258322 0.999001145 -0.014468596 -4.064186573 -0.213517517 0.005116937 0.976925313 123.573623657
0.975797474 0.043644678 0.214272916 63.188907623 -0.041488681 0.999032199 -0.014550870 -4.090212822 -0.214700893 0.005308785 0.976664901 124.408187866
0.975240111 0.046265244 0.216251433 63.367794037 -0.044813260 0.998926997 -0.011615559 -4.110200882 -0.216557086 0.001637006 0.976268053 125.259002686
0.974801600 0.048464887 0.217741683 63.537742615 -0.048312336 0.998813212 -0.006027306 -4.127455235 -0.217775673 -0.004644211 0.975987315 126.089599609
0.974439800 0.051794916 0.218592957 63.710052490 -0.052694734 0.998608291 -0.001715317 -4.148552418 -0.218377873 -0.009847261 0.975814164 126.910827637
0.974240720 0.051131349 0.219633847 63.891712189 -0.050572503 0.998686135 -0.008169691 -4.168404102 -0.219763294 -0.003148217 0.975547731 127.739898682
0.974548578 0.047062807 0.219177157 64.079101562 -0.043197576 0.998814642 -0.022396723 -4.192468166 -0.219971702 0.012358762 0.975427568 128.552780151
