1.000000000 0.000000000 0.000000000 0.000000000 0.000000000 1.000000000 0.000000000 0.000000000 0.000000000 0.000000000 1.000000000 0.000000000
0.999044120 -0.000207812 0.043712322 0.027645810 0.000310148 0.999997199 -0.002334363 -0.031534400 -0.043711714 0.002345689 0.999041438 1.086403370
0.996043026 -0.004425658 0.088762596 0.128011569 0.005102535 0.999959588 -0.007400240 -0.053838894 -0.088726260 0.007823871 0.996025324 2.155342102
0.991197705 -0.003982831 0.132330090 0.545638800 0.005592399 0.999914765 -0.011793852 -0.070605934 -0.132271856 0.012430081 0.991135538 3.454912901
0.983925045 -0.001932995 0.178571522 0.726253510 0.004582511 0.999885440 -0.014425999 -0.089011192 -0.178523198 0.015012409 0.983821154 4.590294361
0.974515915 -0.004406936 0.224274948 0.968705237 0.007799675 0.999868095 -0.014243913 -0.125550538 -0.224182606 0.015630191 0.974421740 5.643930435
0.962993324 -0.004964438 0.269479543 1.252914548 0.009496951 0.999834478 -0.015518365 -0.153220996 -0.269357890 0.017503316 0.962880969 6.683118820
0.949698269 -0.007146146 0.313085020 1.598734260 0.013632009 0.999735355 -0.018531829 -0.178378195 -0.312869698 0.021867622 0.949544132 7.658566952
0.934804857 -0.009312336 0.355039865 2.001185656 0.017640760 0.999639809 -0.020227822 -0.214462906 -0.354723573 0.025172235 0.934632123 8.635180473
0.917793155 -0.009635078 0.396942109 2.416976452 0.019575337 0.999587893 -0.020998027 -0.249742687 -0.396576166 0.027042117 0.917603254 9.576325417
0.898183346 -0.009759722 0.439512819 2.872411728 0.020331858 0.999605954 -0.019352924 -0.297509968 -0.439150691 0.026318584 0.898027599 10.567668915
0.876303494 -0.009153087 0.481672645 3.369473934 0.020576542 0.999618173 -0.018439287 -0.334456921 -0.481319934 0.026069567 0.876156986 11.514896393
0.852674425 -0.009323406 0.522359610 3.928850412 0.021313697 0.999629140 -0.016949417 -0.385988712 -0.522007823 0.025585745 0.852556586 12.368800163
0.827155471 -0.009251753 0.561897159 4.505810261 0.022582309 0.999604106 -0.016784184 -0.424997061 -0.561519325 0.026572058 0.827036560 13.233020782
0.800058007 -0.010612343 0.599829078 5.224171638 0.025602596 0.999536574 -0.016464908 -0.469549954 -0.599376261 0.028530052 0.799958587 14.137777328
0.771468580 -0.009736007 0.636193216 5.851628304 0.026506377 0.999506712 -0.016846497 -0.510357916 -0.635715246 0.029859712 0.771345675 14.913386345
0.740378857 -0.013408494 0.672056377 6.410331726 0.032064840 0.999367356 -0.015385778 -0.533054888 -0.671424806 0.032940675 0.740339994 15.645647049
0.708226919 -0.012587663 0.705872953 7.122016430 0.032284271 0.999372542 -0.014570352 -0.580137134 -0.705246449 0.033107698 0.708188474 16.393943787
0.674167395 -0.011102238 0.738495409 7.919560909 0.033279974 0.999328136 -0.015357558 -0.617487788 -0.737828493 0.034930661 0.674083471 17.113086700
0.638571382 -0.012204943 0.769466102 8.788967133 0.037786193 0.999165535 -0.015509991 -0.671595454 -0.768634439 0.038979415 0.638499260 17.848485947
0.602111578 -0.010438330 0.798344016 9.655159950 0.037962537 0.999157965 -0.015567390 -0.713079333 -0.797509015 0.039680451 0.602000415 18.501548767
0.564408541 -0.009273601 0.825443804 10.499910355 0.040823516 0.999027014 -0.016689872 -0.756099939 -0.824485660 0.043117408 0.564237535 19.088190079
0.526090026 -0.007583536 0.850395322 11.456582069 0.046076439 0.998745680 -0.019598318 -0.790792465 -0.849179804 0.049493652 0.525779128 19.651456833
0.487862498 -0.006755271 0.872894585 12.378400803 0.048136499 0.998656750 -0.019175036 -0.817555904 -0.871592283 0.051372852 0.487531990 20.129459381
0.449784100 -0.008613864 0.893095970 13.366092682 0.053483643 0.998418748 -0.017305905 -0.854110897 -0.891534567 0.055549927 0.449533224 20.607856750
0.412863463 -0.009506350 0.910743535 14.380757332 0.057497788 0.998223007 -0.015645750 -0.926250219 -0.908976257 0.058825277 0.412676066 21.067470551
0.377687722 -0.007186144 0.925905347 15.380153656 0.059063908 0.998120308 -0.016346231 -0.963196695 -0.924047351 0.060861334 0.377401918 21.473901749
0.344777435 -0.007950697 0.938650966 16.384845734 0.060154077 0.998095810 -0.013641059 -0.976165295 -0.936755061 0.061166786 0.344598889 21.806098938
0.311540663 -0.009881308 0.950181603 17.353216171 0.062667482 0.997982562 -0.010168667 -1.010941505 -0.948164165 0.062713422 0.311531126 22.118492126
0.278471470 -0.009639127 0.960396349 18.472810745 0.062870264 0.997987747 -0.008213097 -1.035448074 -0.958384633 0.062667459 0.278516889 22.453174591
0.246539950 -0.006923792 0.969108105 19.487667084 0.060722858 0.998119891 -0.008316739 -1.061304808 -0.967228472 0.060897395 0.246496603 22.702663422
0.215994358 -0.005275054 0.976380587 20.634994507 0.061459977 0.998075724 -0.008203860 -1.073919177 -0.974458396 0.061780289 0.215902686 22.940622330
0.185719356 -0.005180930 0.982589364 21.694768906 0.063988410 0.997927129 -0.006832642 -1.092881560 -0.980517209 0.064143263 0.185665652 23.132949829
0.155605048 -0.005767498 0.987802684 22.770843506 0.066617742 0.997767508 -0.004668362 -1.110264778 -0.985570550 0.066531591 0.155641645 23.283424377
0.125521183 -0.006517772 0.992069721 23.855407715 0.065987334 0.997818649 -0.001793460 -1.121263504 -0.989894092 0.065689132 0.125677228 23.415334702
0.096337251 -0.006841858 0.995325387 25.004110336 0.066750661 0.997769415 0.000397898 -1.130703926 -0.993108094 0.066400275 0.096578814 23.523555756
0.069430456 -0.006637409 0.997564912 26.167455673 0.069600999 0.997573078 0.001793255 -1.140945554 -0.995155990 0.069306985 0.069723681 23.598199844
0.044603515 -0.006263438 0.998985350 27.381561279 0.074279159 0.997232914 0.002935991 -1.146551490 -0.996239662 0.074072815 0.044945087 23.626827240
0.021993482 -0.005929919 0.999740720 28.581886292 0.078755639 0.996884882 0.004180437 -1.152196765 -0.996651471 0.078643255 0.022391729 23.644210815
0.002306350 -0.006017975 0.999979377 29.751462936 0.084890455 0.996373057 0.005800498 -1.153047323 -0.996387720 0.084875308 0.002808593 23.623674393
-0.015321539 -0.006699223 0.999860287 31.018085480 0.089207299 0.995980322 0.008040227 -1.154932141 -0.995895326 0.089318007 -0.014662597 23.596050262
-0.030782841 -0.006784403 0.999503136 32.249588013 0.092558704 0.995660543 0.009608973 -1.155885339 -0.995231390 0.092808485 -0.030021574 23.546110153
-0.045292534 -0.007705554 0.998944163 33.482078552 0.094659746 0.995437324 0.011970432 -1.157029986 -0.994478941 0.095101945 -0.044356752 23.504367828
-0.058673423 -0.009018565 0.998236597 34.746768951 0.094542131 0.995414078 0.014549993 -1.150486231 -0.993790448 0.095229089 -0.057552002 23.441972733
-0.070675164 -0.008970945 0.997459114 35.995864868 0.094620138 0.995389879 0.015656684 -1.144003749 -0.993001640 0.095486239 -0.069500804 23.341732025
-0.081966095 -0.006221048 0.996615767 37.256164551 0.094574057 0.995418966 0.013991786 -1.136195779 -0.992137849 0.095400825 -0.081002563 23.241477966
-0.092168435 -0.002883937 0.995739281 38.536590576 0.094832137 0.995424390 0.011660976 -1.125898361 -0.991217494 0.095502846 -0.091473535 23.129741669
-0.101704374 -0.000451460 0.994814575 39.816284180 0.095708244 0.995356202 0.010236411 -1.114829779 -0.990200222 0.096253037 -0.101189196 23.006591797
-0.109007470 0.000587571 0.994040728 41.117954254 0.095376387 0.995391786 0.009870718 -1.104542255 -0.989454865 0.095883995 -0.108561508 22.861785889
-0.115012318 0.001047455 0.993363500 42.442543030 0.094713576 0.995454669 0.009916364 -1.095551491 -0.988838553 0.095225506 -0.114589073 22.727054596
-0.119942620 0.002502995 0.992777646 43.770725250 0.095703192 0.995368242 0.009052895 -1.084981322 -0.988157272 0.096097820 -0.119626939 22.564134598
-0.124557912 0.004089806 0.992203832 45.136947632 0.094792962 0.995465934 0.007796757 -1.080257416 -0.987673819 0.095025092 -0.124381162 22.398895264
-0.128816336 0.004735541 0.991657078 46.518085480 0.095010176 0.995446801 0.007588212 -1.073455811 -0.987106562 0.095195003 -0.128680050 22.235956192
-0.131756559 0.003667129 0.991275311 47.879981995 0.094959438 0.995440364 0.008939132 -1.066246629 -0.986723304 0.095308721 -0.131504342 22.058588028
-0.134140149 0.001742226 0.990960836 49.277519226 0.095316634 0.995383859 0.011152433 -1.055314898 -0.986367643 0.095951021 -0.133687332 21.877031326
-0.136485696 0.000478305 0.990641952 50.720764160 0.095052756 0.995391607 0.012615316 -1.043073177 -0.986071348 0.095885038 -0.135902509 21.684017181
-0.138483480 0.001328366 0.990363836 52.183036804 0.097801298 0.995128691 0.012340906 -1.027429223 -0.985523880 0.098567866 -0.137939125 21.473060608
-0.139475748 0.001051556 0.990224898 53.644107819 0.097516909 0.995152354 0.012678739 -1.014104247 -0.985412121 0.098332033 -0.138902500 21.270181656
-0.140049890 0.002352523 0.990141630 55.119655609 0.099724852 0.994944990 0.011741594 -1.003250480 -0.985109687 0.100386120 -0.139576897 21.055160522
-0.140106708 0.002438343 0.990133405 56.596660614 0.099495798 0.994969189 0.011628706 -0.990651667 -0.985124826 0.100143351 -0.139644831 20.849525452
-0.139555514 0.003672630 0.990207374 58.132797241 0.099503204 0.994982719 0.010333224 -0.988055825 -0.985202253 0.099970847 -0.139221147 20.635440826
-0.138421670 0.003432447 0.990367353 59.685794830 0.100032374 0.994927526 0.010533090 -0.976541936 -0.985308647 0.100526795 -0.138063252 20.415645599
-0.136968046 0.002122124 0.990573108 61.250556946 0.099421442 0.994976699 0.011615613 -0.974595964 -0.985573590 0.100075163 -0.136491373 20.197685242
-0.135995626 0.002934371 0.990705013 62.828666687 0.100197107 0.994907975 0.010807410 -0.959777355 -0.985629678 0.100735523 -0.135597512 19.984836578
-0.135140821 0.003378915 0.990820527 64.431404114 0.100296162 0.994903505 0.010286853 -0.956115007 -0.985737205 0.100765653 -0.134791330 19.783733368
-0.134256065 0.003947266 0.990938723 66.042556763 0.101369299 0.994799972 0.009771258 -0.946636260 -0.985748351 0.101762585 -0.133958429 19.569675446
-0.133357599 0.003715764 0.991060913 67.686531067 0.100995027 0.994837105 0.009860029 -0.936348438 -0.985908687 0.101407096 -0.133044735 19.354200363
-0.132476404 0.002060548 0.991183877 69.359001160 0.103147909 0.994596004 0.011718575 -0.927395999 -0.985804677 0.103790939 -0.131973416 19.116046906
-0.132131562 0.000119172 0.991232038 71.036911011 0.104291022 0.994450331 0.013782481 -0.911916196 -0.985730708 0.105197668 -0.131411061 18.906116486
-0.131549746 0.001320401 0.991308510 72.710861206 0.105734214 0.994312286 0.012706872 -0.898199558 -0.985654771 0.106486782 -0.130941510 18.706991196
-0.130972445 0.002913228 0.991381526 74.419929504 0.107826889 0.994104207 0.011323904 -0.889556825 -0.985504985 0.108380683 -0.130514756 18.479906082
-0.130473465 0.002713212 0.991447926 76.155601501 0.107009865 0.994192004 0.011361672 -0.871746182 -0.985660195 0.107577078 -0.130006403 18.261032104
-0.129918188 0.002449345 0.991521537 77.947937012 0.108178601 0.994061351 0.011718939 -0.873761654 -0.985605955 0.108783886 -0.129412010 17.978582382
-0.130050018 0.001187344 0.991506517 79.650848389 0.107736260 0.994094193 0.012940692 -0.870190203 -0.985637009 0.108504117 -0.129410282 17.786148071
-0.129621431 0.001417350 0.991562307 81.418182373 0.109470770 0.993905365 0.012889815 -0.859052181 -0.985502362 0.110217854 -0.128986984 17.530078888
-0.129848555 0.001239528 0.991532862 83.219451904 0.110458434 0.993791699 0.013223006 -0.842354000 -0.985362232 0.111240134 -0.129179731 17.302293777
-0.129539177 0.002603821 0.991570652 85.067901611 0.110087909 0.993851066 0.011772128 -0.796548188 -0.985444427 0.110684872 -0.129029706 17.020671844
-0.129867822 0.003490930 0.991524935 86.865821838 0.109559059 0.993919969 0.010850460 -0.781739950 -0.985460103 0.110039651 -0.129461095 16.782445908
-0.131030917 0.004440686 0.991368115 88.666191101 0.108682998 0.994025946 0.009912249 -0.765233040 -0.985403061 0.109043650 -0.130731180 16.552921295
-0.132663012 0.004996027 0.991148353 90.526847839 0.107680388 0.994140029 0.009401685 -0.762068510 -0.985294700 0.107974485 -0.132423997 16.316297531
-0.133843005 0.004135342 0.990993679 92.356834412 0.106490441 0.994259953 0.010233574 -0.756635725 -0.985264421 0.106901042 -0.133515537 16.082458496
-0.134895742 0.003928541 0.990851760 94.154449463 0.106772557 0.994225919 0.010594236 -0.754876077 -0.985090256 0.107224897 -0.134536728 15.851462364
-0.135309234 0.002901894 0.990798891 95.990638733 0.104523823 0.994456351 0.011361783 -0.743831694 -0.985274673 0.105099447 -0.134862885 15.604896545
-0.136986047 0.004033550 0.990564466 97.842651367 0.104465887 0.994472980 0.010397226 -0.728187919 -0.985049069 0.104904480 -0.136650726 15.356953621
-0.139545232 0.004906988 0.990203261 99.683921814 0.103380196 0.994594097 0.009640206 -0.718427062 -0.984804392 0.103712656 -0.139298588 15.112529755
-0.143669993 0.005869621 0.989607930 101.590202332 0.104178078 0.994514763 0.009225724 -0.713938236 -0.984126925 0.104420923 -0.143493861 14.839538574
-0.148458868 0.005062847 0.988905311 103.483039856 0.102190346 0.994710982 0.010248711 -0.704786539 -0.983624458 0.102578104 -0.148191497 14.589479446
-0.153537527 0.004306775 0.988133073 105.381225586 0.100976914 0.994822919 0.011354017 -0.708083391 -0.982969940 0.101521924 -0.153177992 14.306959152
-0.158277184 0.005133046 0.987381041 107.286499023 0.099400364 0.994988322 0.010761296 -0.701330304 -0.982378721 0.099849321 -0.157994613 14.022298813
-0.163098514 0.007027198 0.986584425 109.147949219 0.100217655 0.994919300 0.009481061 -0.698322117 -0.981506646 0.100419544 -0.162974566 13.744030952
-0.167879701 0.008780470 0.985768080 111.049949646 0.100040004 0.994948745 0.008174925 -0.706981182 -0.980718315 0.099988662 -0.167910576 13.433513641
-0.173038900 0.009151538 0.984872162 112.957572937 0.098607175 0.995092511 0.008078473 -0.707396507 -0.979966402 0.098513357 -0.173092619 13.127345085
-0.179270208 0.008798111 0.983760178 114.866920471 0.096984029 0.995246112 0.008772538 -0.715482831 -0.979007781 0.096981689 -0.179271773 12.842388153
-0.184607893 0.008162108 0.982778013 116.843307495 0.094863720 0.995443285 0.009552194 -0.711509407 -0.978223264 0.094993383 -0.184541494 12.464741707
-0.190471128 0.007732736 0.981661975 118.885322571 0.093828797 0.995533168 0.010363537 -0.703637958 -0.977198482 0.094082102 -0.190346420 12.078032494
-0.195923194 0.007418910 0.980590820 120.861404419 0.093665637 0.995539665 0.011182503 -0.697099447 -0.976135671 0.094038554 -0.195744753 11.691076279
-0.200310811 0.009034369 0.979690373 122.809448242 0.094508044 0.995471179 0.010143546 -0.688950539 -0.975163460 0.094620459 -0.200258002 11.284058571
-0.206050396 0.010203611 0.978487790 124.753852844 0.093960710 0.995530248 0.009404965 -0.676246464 -0.974019766 0.093877286 -0.206088677 10.897521019
-0.211956427 0.010274053 0.977224767 126.748336792 0.094244607 0.995497882 0.009975146 -0.669924378 -0.972724199 0.094212435 -0.211971000 10.448369026
-0.217463121 0.010210798 0.976014793 128.689895630 0.093222208 0.995590270 0.010354998 -0.662952125 -0.971606553 0.093238063 -0.217456594 10.018153191
-0.222843781 0.011143119 0.974790096 130.665710449 0.092465810 0.995666802 0.009756569 -0.653720737 -0.970458925 0.092308931 -0.222909078 9.577578545
-0.227598429 0.011937262 0.973681509 132.643157959 0.091834016 0.995730042 0.009258671 -0.639108717 -0.969414890 0.091524325 -0.227723390 9.119702339
-0.232273355 0.011676503 0.972580016 134.625335693 0.092821948 0.995629132 0.010214698 -0.623336136 -0.968211174 0.092649370 -0.232342511 8.615075111
-0.236503109 0.011734454 0.971559405 136.564712524 0.095247172 0.995389879 0.011163402 -0.623013020 -0.966950834 0.095178470 -0.236531049 8.132811546
-0.239919350 0.012542920 0.970711350 138.586624146 0.096461348 0.995274901 0.010980921 -0.614203393 -0.965988398 0.096270666 -0.239996225 7.629431725
-0.242939308 0.013262792 0.969950318 140.599868774 0.097471960 0.995178342 0.010805646 -0.614499331 -0.965131760 0.097168095 -0.243061289 7.113988876
-0.245506749 0.013345583 0.969302535 142.619567871 0.096556596 0.995268166 0.010752965 -0.600820541 -0.964573920 0.096232504 -0.245634258 6.594364643
-0.250836372 0.013736795 0.967931569 144.690353394 0.095400266 0.995381355 0.010596329 -0.615877509 -0.963316917 0.094998889 -0.250988960 6.112546921
-0.254448920 0.014223805 0.966981173 146.710205078 0.095665492 0.995356560 0.010531989 -0.649814725 -0.962342680 0.095186599 -0.254628718 5.514797688
-0.258728772 0.013759553 0.965851486 148.712249756 0.093760379 0.995533526 0.010933798 -0.644997180 -0.961388528 0.093387522 -0.258863866 4.995688438
-0.263143122 0.013947266 0.964655459 150.740295410 0.094068572 0.995500743 0.011267237 -0.646645784 -0.960159540 0.093708694 -0.263271809 4.456754208
-0.266904294 0.014607967 0.963611841 152.775375366 0.094144918 0.995496631 0.010985252 -0.638499498 -0.959113300 0.093651205 -0.267078251 3.835067272
-0.271394461 0.014308039 0.962361395 154.758316040 0.093471743 0.995553553 0.011558352 -0.649358511 -0.957918346 0.093090504 -0.271525800 3.279759645
-0.275596559 0.013571710 0.961177111 156.740249634 0.093803868 0.995506585 0.012839790 -0.659023821 -0.956685305 0.093700767 -0.275631964 2.744616747
-0.279580146 0.013574080 0.960025966 158.762161255 0.094464019 0.995436251 0.013435209 -0.662302434 -0.955463707 0.094444156 -0.279587209 2.149243832
-0.283555627 0.014171275 0.958850622 160.786453247 0.095633239 0.995322764 0.013570795 -0.672833622 -0.954174936 0.095546097 -0.283585340 1.589917421
-0.287316203 0.015817493 0.957704723 162.827423096 0.095778242 0.995325446 0.012295129 -0.655509114 -0.953034699 0.095259890 -0.287488848 1.010091543
-0.291443080 0.017379533 0.956429839 164.845260620 0.095671117 0.995350122 0.011066133 -0.662075996 -0.951791525 0.094727881 -0.291751415 0.476383924
-0.294279397 0.018403951 0.955541790 166.822937012 0.096377559 0.995287955 0.010512060 -0.654907465 -0.950847089 0.095186286 -0.294667244 -0.187016785
-0.297450334 0.019157713 0.954544604 168.893692017 0.096293427 0.995301068 0.010030787 -0.653436363 -0.949868500 0.094900049 -0.297898173 -0.837921619
-0.301231652 0.019073846 0.953359723 170.828201294 0.096777730 0.995247483 0.010666836 -0.671114922 -0.948626816 0.095477201 -0.301646739 -1.395067930
-0.305351019 0.019184258 0.952046096 172.812820435 0.096357644 0.995286226 0.010849359 -0.678066134 -0.947351754 0.095049798 -0.305760980 -1.996933341
-0.309304088 0.020006670 0.950752199 174.913101196 0.098451301 0.995078683 0.011089316 -0.671855330 -0.945852935 0.097032785 -0.309752315 -2.671529531
-0.312465489 0.020319739 0.949711263 176.783843994 0.100466900 0.994869351 0.011768804 -0.664618373 -0.944601059 0.099091910 -0.312904596 -3.271829367
-0.315148175 0.019999405 0.948831260 178.819046021 0.101164021 0.994788170 0.012632909 -0.654847801 -0.943634927 0.099968843 -0.315529674 -3.938513756
-0.317909181 0.019564275 0.947918832 180.948638916 0.100725479 0.994824648 0.013248547 -0.643506169 -0.942755282 0.099691428 -0.318235308 -4.649675846
-0.320942491 0.020246845 0.946881771 182.990203857 0.099730127 0.994934261 0.012528881 -0.630046606 -0.941832900 0.098453701 -0.321336687 -5.305679798
-0.323624313 0.022481978 0.945918024 185.115097046 0.099450536 0.994986951 0.010376536 -0.629694760 -0.940944314 0.097430170 -0.324238688 -6.023964882
-0.326906890 0.024313306 0.944743216 187.122772217 0.098908156 0.995057762 0.008616763 -0.628278732 -0.939866126 0.096259713 -0.327696949 -6.706233501
-0.330434471 0.025224907 0.943491280 189.212493896 0.097843699 0.995170832 0.007660748 -0.626575232 -0.938743293 0.094846070 -0.331307769 -7.410665035
-0.333427578 0.026057042 0.942415059 191.248962402 0.096065775 0.995352507 0.006467479 -0.623546004 -0.937868237 0.092690282 -0.334382087 -8.115534782
-0.337252289 0.026090531 0.941052198 193.241882324 0.096842788 0.995272815 0.007112536 -0.640308857 -0.936419666 0.093532853 -0.338185638 -8.804044724
-0.341151386 0.025413537 0.939664304 195.299591064 0.096534707 0.995294929 0.008129498 -0.651665568 -0.935038090 0.093483627 -0.342000484 -9.500837326
-0.344420880 0.025028205 0.938481212 197.373184204 0.096697517 0.995272100 0.008945072 -0.652814090 -0.933821917 0.093829699 -0.345213622 -10.258725166
-0.348576605 0.024907604 0.936948836 199.483581543 0.096811190 0.995255351 0.009559440 -0.655866086 -0.932266891 0.094039366 -0.349335045 -10.995444298
-0.351803154 0.025270797 0.935732365 201.550170898 0.095807008 0.995356500 0.009139122 -0.626465619 -0.931157947 0.092864923 -0.352591634 -11.799213409
-0.355857909 0.025624920 0.934188187 203.507720947 0.094735868 0.995462239 0.008781834 -0.652335703 -0.929725647 0.091626249 -0.356671661 -12.499439240
-0.358773440 0.026277607 0.933054268 205.567428589 0.094969310 0.995442569 0.008482502 -0.656725049 -0.928580582 0.091654845 -0.359634876 -13.292213440
-0.361759484 0.027093982 0.931877196 207.667648315 0.095848434 0.995360136 0.008269140 -0.663631558 -0.927330971 0.092310429 -0.362678796 -14.082931519
-0.363846719 0.026788739 0.931073070 209.765167236 0.097083539 0.995231330 0.009303834 -0.675670266 -0.926385343 0.093777061 -0.364713281 -14.915329933
-0.366285741 0.026357180 0.930128634 211.782348633 0.098588847 0.995070100 0.010626979 -0.677436352 -0.925264537 0.095592842 -0.367079377 -15.692101479
-0.369174153 0.027002262 0.928967476 213.901138306 0.099677555 0.994960904 0.010691644 -0.682604671 -0.923999131 0.096544303 -0.370006233 -16.511018753
-0.371348530 0.027893268 0.928074062 215.994918823 0.099567845 0.994979739 0.009935788 -0.687715054 -0.923139215 0.096096002 -0.372262418 -17.336332321
-0.374764323 0.028175311 0.926691473 218.087203979 0.098964781 0.995041549 0.009769024 -0.691511810 -0.921822786 0.095370919 -0.375695318 -18.078924179
-0.377571464 0.029589783 0.925507128 220.294387817 0.098829560 0.995066524 0.008504983 -0.697203815 -0.920691073 0.094678715 -0.378633946 -18.968521118
-0.380396366 0.030677576 0.924314201 222.428634644 0.098847054 0.995071709 0.007653976 -0.717817724 -0.919525683 0.094277300 -0.381554902 -19.835041046
-0.382542491 0.030832026 0.923422933 224.519653320 0.097029589 0.995255649 0.006965602 -0.726015508 -0.918828726 0.092263997 -0.383720011 -20.694946289
-0.385677725 0.031860333 0.922082901 226.620483398 0.097950421 0.995168030 0.006583914 -0.749653816 -0.917419314 0.092857689 -0.386935711 -21.554315567
-0.388193876 0.031471647 0.921039820 228.609848022 0.099709168 0.994982779 0.008026524 -0.756534457 -0.916167796 0.094951972 -0.389385074 -22.360689163
-0.390933722 0.030481676 0.919913590 230.660766602 0.100468762 0.994891107 0.009729921 -0.783271790 -0.914918959 0.096226349 -0.391999781 -23.209609985
-0.393977702 0.030323051 0.918619275 232.596603394 0.099913381 0.994944274 0.010008398 -0.792514205 -0.913673222 0.095725462 -0.395016402 -23.995124817
-0.396788508 0.030569475 0.917400539 234.452255249 0.099215947 0.995016575 0.009756502 -0.815899611 -0.912532210 0.094892047 -0.397845000 -24.750408173
-0.400345653 0.030117862 0.915868759 236.575424194 0.097829796 0.995151043 0.010038467 -0.819850385 -0.911127150 0.093618132 -0.401351660 -25.665023804
-0.405214101 0.029506190 0.913745165 238.656509399 0.097902112 0.995130599 0.011281928 -0.878481984 -0.908964634 0.094029188 -0.406130522 -26.360937119
-0.408745259 0.029880062 0.912158906 240.647979736 0.097661979 0.995155513 0.011164245 -0.877383113 -0.907408059 0.093646586 -0.409684092 -27.222450256
-0.412571281 0.029880142 0.910434783 242.729003906 0.097673729 0.995149374 0.011601243 -0.854458570 -0.905673623 0.093711905 -0.413489431 -28.130413055
-0.417157680 0.029462092 0.908356130 244.641281128 0.097002551 0.995207071 0.012268851 -0.872104287 -0.903642535 0.093230918 -0.418017030 -28.897909164
-0.421488881 0.029438164 0.906355262 246.680633545 0.096143678 0.995289028 0.012383685 -0.881164372 -0.901722491 0.092359938 -0.422334403 -29.775819778
-0.425233185 0.030361162 0.904574096 248.816894531 0.096629575 0.995246470 0.012020320 -0.875595987 -0.899910748 0.092520073 -0.426146418 -30.757129669
-0.428807288 0.030992297 0.902863860 250.881622314 0.097404130 0.995169938 0.012100389 -0.881575763 -0.898129523 0.093131430 -0.429755747 -31.690256119
-0.432394147 0.031217385 0.901143849 252.937591553 0.097639203 0.995143473 0.012376321 -0.868959606 -0.896382630 0.093338430 -0.433343142 -32.636436462
-0.433594912 0.031507123 0.900556564 254.842346191 0.096293807 0.995284557 0.011541701 -0.856257796 -0.895948052 0.091722459 -0.434585154 -33.764511108
-0.437252164 0.031787794 0.898776650 256.921478271 0.097128406 0.995197356 0.012054692 -0.868649483 -0.894078612 0.092567697 -0.438240558 -34.758140564
-0.440734893 0.032330159 0.897054613 259.002288818 0.097898029 0.995119750 0.012234146 -0.863943815 -0.892282784 0.093211904 -0.441749930 -35.764022827
-0.444369435 0.033618703 0.895212293 261.090270996 0.099856511 0.994925439 0.012203891 -0.873066485 -0.890260816 0.094815820 -0.445472389 -36.728691101
-0.446871012 0.035915814 0.893876851 263.029815674 0.102257043 0.994693935 0.011154180 -0.863789439 -0.888734818 0.096389696 -0.448173404 -37.770084381
-0.450479627 0.036503240 0.892039835 265.043609619 0.104065821 0.994498134 0.011857233 -0.899977505 -0.886700749 0.098172314 -0.451800793 -38.670413971
-0.453084648 0.038297303 0.890644193 266.924926758 0.105318129 0.994378150 0.010819160 -0.893369079 -0.885224402 0.098702990 -0.454571784 -39.667545319
-0.455380619 0.040641308 0.889368474 268.873596191 0.107240997 0.994186282 0.009479131 -0.901522040 -0.883814335 0.099693395 -0.457092494 -40.669677734
-0.458274841 0.041366875 0.887847126 270.924285889 0.108144723 0.994088173 0.009503537 -0.890638471 -0.882206798 0.100371242 -0.460040122 -41.715393066
-0.461143225 0.042028520 0.886329591 272.902313232 0.107623987 0.994150758 0.008853806 -0.876302361 -0.880774617 0.099473223 -0.462970048 -42.774539948
-0.465189099 0.042073634 0.884210706 275.118164062 0.107126795 0.994202673 0.009052709 -0.887470663 -0.878705263 0.098933905 -0.467000335 -43.839252472
-0.468398035 0.043577019 0.882442057 277.227539062 0.108558886 0.994051933 0.008534216 -0.885639966 -0.876822829 0.099794365 -0.470343500 -44.952419281
-0.471683860 0.043854196 0.880676329 279.313751221 0.108103625 0.994102657 0.008397143 -0.906647563 -0.875115931 0.099165134 -0.473643869 -46.036476135
-0.474617422 0.043454025 0.879118741 281.356658936 0.106413037 0.994285822 0.008303495 -0.918830633 -0.873735905 0.097490698 -0.476530373 -47.112445831
-0.478221774 0.043826412 0.877144754 283.418060303 0.108692653 0.994027555 0.009593092 -0.959119439 -0.871487081 0.099926829 -0.480130166 -48.123935699
-0.479425728 0.044097953 0.876473665 285.459716797 0.110585734 0.993809700 0.010488250 -0.951838672 -0.870586932 0.101953849 -0.481335491 -49.295917511
-0.481970191 0.044379629 0.875062823 287.488372803 0.112027109 0.993639290 0.011309349 -0.969594359 -0.868996263 0.103481561 -0.483877152 -50.368083954
-0.484292626 0.044412274 0.873777986 289.597503662 0.112714231 0.993553817 0.011971793 -0.987702549 -0.867615104 0.104285099 -0.486177623 -51.458953857
-0.486866593 0.044003233 0.872367084 291.710113525 0.113538057 0.993443668 0.013254907 -1.006779075 -0.866065741 0.105500266 -0.488671511 -52.574039459
-0.489304155 0.044528656 0.870975554 293.887664795 0.114943013 0.993274808 0.013792465 -0.978507817 -0.864505291 0.106861293 -0.491132736 -53.791324615
-0.491407692 0.044308547 0.869801700 295.990600586 0.115065239 0.993251860 0.014410643 -0.961158335 -0.863294959 0.107165478 -0.493191004 -54.968654633
-0.493517369 0.045152873 0.868562937 298.056030273 0.114605799 0.993318021 0.013480651 -0.951488495 -0.862151861 0.106195316 -0.495395511 -56.107852936
-0.496624380 0.047956087 0.866639614 300.135894775 0.115385473 0.993256509 0.011158669 -0.953643024 -0.860261619 0.105539314 -0.498809904 -57.190914154
-0.500573635 0.047682863 0.864379644 302.202087402 0.114173427 0.993394732 0.011319447 -0.949066520 -0.858131766 0.104355417 -0.502712369 -58.313301086
-0.505384386 0.046299126 0.861651242 304.301239014 0.113022879 0.993506908 0.012907185 -0.956619203 -0.855460227 0.103909403 -0.507336795 -59.454700470
-0.510203898 0.044105142 0.858921766 306.409942627 0.111431323 0.993654788 0.015167166 -0.957121015 -0.852804065 0.103449143 -0.511882246 -60.667964935
-0.515198708 0.043061867 0.855988204 308.598052979 0.110578835 0.993727684 0.016563665 -0.936649263 -0.849907219 0.103187770 -0.516730011 -61.923858643
-0.519266784 0.043311164 0.853513896 310.781372070 0.111153714 0.993652701 0.017202033 -0.914219379 -0.847352624 0.103803694 -0.520786107 -63.254009247
-0.527999401 0.044027850 0.848102570 312.990356445 0.113733709 0.993323267 0.019239934 -0.931017756 -0.841594219 0.106616542 -0.529482603 -64.339546204
-0.532890141 0.045419104 0.844964504 315.174468994 0.116856359 0.992939174 0.020324158 -0.945770562 -0.838076532 0.109570026 -0.534436047 -65.559127808
-0.536804438 0.045231123 0.842493296 317.370147705 0.117501974 0.992836773 0.021565098 -0.921671748 -0.835484207 0.110570878 -0.538275003 -66.925254822
-0.543967485 0.042393688 0.838034570 319.453338623 0.115680628 0.992973685 0.024856580 -0.902936220 -0.831093848 0.110465549 -0.545050621 -68.086967468
-0.549045682 0.042894565 0.834690750 321.501922607 0.120726436 0.992277205 0.028418940 -0.976620197 -0.827026904 0.116372563 -0.549985170 -69.193313599
-0.552616179 0.042688616 0.832341731 323.595245361 0.119415671 0.992436767 0.028384103 -0.916961074 -0.824836254 0.115080185 -0.553535461 -70.577033997
-0.557026744 0.043016575 0.829379618 325.731353760 0.120423637 0.992285013 0.029412925 -0.879453659 -0.821717083 0.116260722 -0.557910621 -71.905548096
-0.560905278 0.043386053 0.826742232 327.871582031 0.122206464 0.992023349 0.030851549 -0.833510101 -0.818810403 0.118338078 -0.561734378 -73.304229736
-0.564937413 0.043272369 0.823998213 330.099731445 0.122704953 0.991924226 0.032036122 -0.767609596 -0.815958917 0.119207099 -0.565685987 -74.813835144
-0.569110632 0.042103224 0.821182191 332.281188965 0.121230476 0.992068827 0.033152521 -0.716692746 -0.813274801 0.118419804 -0.569702268 -76.286437988
-0.572906733 0.041181851 0.818585217 334.508697510 0.120283835 0.992146075 0.034270130 -0.647302508 -0.810746133 0.118096203 -0.573361874 -77.800354004
-0.575526893 0.040784355 0.816765130 336.641387939 0.120383136 0.992098391 0.035287566 -0.577251911 -0.808873415 0.118633732 -0.575890183 -79.274436951
-0.579052150 0.040193826 0.814299047 338.826538086 0.118332379 0.992349446 0.035164364 -0.521984577 -0.806657076 0.116719984 -0.579379439 -80.792694092
-0.581642210 0.039757520 0.812472522 340.923645020 0.115198448 0.992762446 0.033889782 -0.444954634 -0.805246055 0.113307334 -0.582013667 -82.238594055
-0.584577858 0.038727250 0.810412705 342.975067139 0.111494765 0.993216455 0.032962028 -0.397576183 -0.803639948 0.109625690 -0.584931433 -83.723876953
-0.587712467 0.034906343 0.808316410 345.102264404 0.108338729 0.993464947 0.035869382 -0.416155040 -0.801783144 0.108652897 -0.587654710 -85.152458191
-0.591609895 0.034461748 0.805487335 347.336456299 0.108730659 0.993367136 0.037359964 -0.338539541 -0.798858464 0.109683737 -0.591434181 -86.724266052
-0.594476521 0.034050386 0.803391516 349.528564453 0.107364118 0.993516684 0.037336495 -0.278383583 -0.796912849 0.108451135 -0.594279408 -88.358543396
-0.597843766 0.032667805 0.800946474 351.643951416 0.105099156 0.993736804 0.037917245 -0.231499270 -0.794692636 0.106847435 -0.597534120 -89.885520935
-0.601076424 0.028725786 0.798674881 353.733825684 0.102440968 0.993877470 0.041349679 -0.165617496 -0.792598486 0.106671393 -0.600340426 -91.422523499
-0.604566395 0.026096735 0.796126842 355.807067871 0.099502377 0.994107008 0.042974129 -0.090711609 -0.790315151 0.105197273 -0.603601873 -92.956260681
-0.601479888 0.027820785 0.798403025 355.791534424 0.100141101 0.994134486 0.040800538 -0.029216357 -0.792586207 0.104493707 -0.600739419 -93.112648010
-0.602544487 0.029304266 0.797546804 355.777526855 0.101290427 0.994050562 0.040000256 -0.030059682 -0.791631043 0.104885824 -0.601929426 -93.093215942
-0.603177190 0.029090608 0.797076166 355.785217285 0.101438679 0.994015813 0.040484186 -0.029170256 -0.791130066 0.105273522 -0.602520108 -93.101966858
-0.604755521 0.028784424 0.795890450 355.805145264 0.101227514 0.994017541 0.040967561 -0.027203195 -0.789951324 0.105341397 -0.604052961 -93.124481201
-0.607528508 0.027809998 0.793810427 355.873718262 0.098803379 0.994268894 0.040784642 -0.038726583 -0.788128316 0.103209004 -0.606796145 -93.146720886
-0.607932329 0.024687788 0.793604434 355.884826660 0.089330122 0.995295107 0.037468363 -0.039037269 -0.788947105 0.093671009 -0.607279181 -93.209228516
-0.612883270 0.027598219 0.789690852 355.919891357 0.082659580 0.996143878 0.029339200 -0.067870155 -0.785837531 0.083256990 -0.612802982 -93.193756104
-0.616680741 0.037387479 0.786324501 355.975585938 0.092189245 0.995426357 0.024970448 -0.106697582 -0.781796038 0.087889440 -0.617308855 -93.213302612
-0.615946770 0.025630083 0.787370265 355.968841553 0.085903488 0.995693803 0.034789588 -0.109075174 -0.783089459 0.089066379 -0.615498006 -93.198738098
-0.619801700 0.016351964 0.784587622 356.039428711 0.084152281 0.995400846 0.045732297 -0.110310495 -0.780232787 0.094369799 -0.618329108 -93.225273132
-0.622890890 0.006055966 0.782284796 356.055084229 0.078273468 0.995432556 0.054618925 -0.106694914 -0.778382361 0.095253795 -0.620521843 -93.243759155
-0.626431882 -0.000491640 0.779475510 356.121032715 0.072607696 0.995613098 0.058979776 -0.101849809 -0.776086390 0.093542755 -0.623650074 -93.301399231
-0.626615524 -0.001735431 0.779326081 356.102447510 0.072220281 0.995563090 0.060285553 -0.094684064 -0.775974274 0.094059043 -0.623711884 -93.386329651
-0.632069588 0.003521597 0.774903059 356.142822266 0.077801183 0.995223165 0.058937706 -0.088308483 -0.770995319 0.097541139 -0.629326284 -93.408432007
-0.636327267 0.010200588 0.771351159 356.160491943 0.082806826 0.995036185 0.055152979 -0.080718026 -0.766961098 0.098968521 -0.634015381 -93.451866150
-0.638859928 0.012555297 0.769219935 356.175933838 0.083336823 0.995110452 0.052971438 -0.082376391 -0.764795065 0.097945713 -0.636784613 -93.525123596
-0.646560788 0.012512790 0.762759149 356.238555908 0.082026966 0.995206833 0.053205047 -0.077845909 -0.758438706 0.096967153 -0.644490182 -93.547828674
-0.649162054 0.012082768 0.760553420 356.228302002 0.082775503 0.995055854 0.054843914 -0.074669152 -0.756131828 0.098557822 -0.646954834 -93.618843079
-0.656130672 0.010897061 0.754567862 356.238128662 0.081595361 0.995056033 0.056580819 -0.073675558 -0.750222147 0.098693691 -0.653778136 -93.625450134
-0.662809193 0.011341454 0.748701692 356.266601562 0.081921749 0.994979322 0.057451472 -0.076520324 -0.744292498 0.099414356 -0.660412788 -93.635375977
-0.667952120 0.011548910 0.744113863 356.274108887 0.081350125 0.995018721 0.057580769 -0.076323293 -0.739743650 0.098994993 -0.665566623 -93.638038635
-0.672791481 0.011629093 0.739740014 356.366882324 0.081077017 0.995010972 0.058097277 -0.072806574 -0.735375285 0.099063300 -0.670379937 -93.696517944
-0.676562250 0.010772746 0.736305892 356.362182617 0.082220383 0.994743645 0.060995191 -0.080052510 -0.731779993 0.101806447 -0.673893929 -93.730636597
-0.680471241 0.009664484 0.732710302 356.368408203 0.083165720 0.994468570 0.064119317 -0.080136009 -0.728039145 0.104567789 -0.677513242 -93.734764099
-0.684205830 0.009489119 0.729226530 356.338928223 0.084647313 0.994188190 0.066484474 -0.080408864 -0.724358976 0.107216194 -0.681034803 -93.725158691
-0.688561678 0.009641783 0.725112975 356.346252441 0.082862489 0.994406283 0.065463051 -0.074469276 -0.720427215 0.105160080 -0.685511231 -93.742553711
-0.693100035 0.009594836 0.720776796 356.346160889 0.078269273 0.994999051 0.062018659 -0.071276888 -0.716578722 0.099399872 -0.690387130 -93.748863220
-0.697718203 0.008413745 0.716322184 356.372192383 0.073515832 0.995490491 0.059913762 -0.066758230 -0.712589324 0.094463997 -0.695192635 -93.781196594
-0.703914285 0.006478840 0.710254610 356.411590576 0.070423581 0.995665610 0.060712643 -0.072369955 -0.706784248 0.092755221 -0.701321840 -93.810935974
-0.709674537 0.004004392 0.704517543 356.417053223 0.066688485 0.995873451 0.061516259 -0.096919447 -0.701365411 0.090639777 -0.707015395 -93.820388794
-0.710402489 0.002480938 0.703790545 358.275238037 0.063294530 0.996164560 0.060377624 0.028573439 -0.700942874 0.087438546 -0.707837105 -95.664108276
-0.715972066 0.001995420 0.698125303 358.255340576 0.062522225 0.996158600 0.061273299 -0.006175235 -0.695322812 0.087518364 -0.713348866 -95.663932800
-0.716248155 0.000604584 0.697844684 358.201843262 0.062688582 0.996009946 0.063478932 -0.018939544 -0.695023477 0.089213610 -0.713430524 -95.761276245
-0.717945695 -0.000027528 0.696098387 358.158538818 0.065412171 0.995570004 0.067504570 -0.035046395 -0.693018138 0.093997978 -0.714765728 -95.816825867
-0.716971397 -0.000438146 0.697101653 360.028198242 0.070253201 0.994860828 0.072880991 0.118797243 -0.693552732 0.101227291 -0.713258326 -97.734756470
-0.715750039 -0.000737744 0.698355317 361.879638672 0.074223392 0.994252503 0.077122532 0.283420742 -0.694400191 0.107034862 -0.711583912 -99.584907532
-0.713535726 -0.003060946 0.700611353 362.835815430 0.069022633 0.994816303 0.074642278 0.476854563 -0.697209835 0.101618059 -0.709628046 -101.030662537
-0.719641864 -0.007229487 0.694307089 363.045257568 0.059283588 0.995652139 0.071814105 0.484329611 -0.691809237 0.092841499 -0.716086745 -101.182891846
-0.718094826 -0.009574322 0.695878625 364.852478027 0.054794904 0.996020913 0.070248172 0.636200309 -0.693783939 0.088575490 -0.714715302 -102.990066528
-0.715683579 -0.010061434 0.698351443 366.221801758 0.053104699 0.996215224 0.068775602 0.785041749 -0.696402133 0.086307354 -0.712442935 -104.562240601
-0.713152170 -0.009277382 0.700947225 368.035614014 0.055377170 0.996039510 0.069524512 0.933187962 -0.698817909 0.088398069 -0.709816277 -106.406448364
-0.711395144 -0.009488254 0.702727556 369.881835938 0.055791784 0.995988131 0.069927834 1.085116148 -0.700573623 0.088952787 -0.708014011 -108.229919434
-0.708680689 -0.008700460 0.705475032 371.841888428 0.053993635 0.996320128 0.066526398 1.239744544 -0.703459680 0.085237175 -0.705605388 -110.099624634
-0.706652164 -0.012882061 0.707443118 372.179107666 0.048678424 0.996577561 0.066771038 1.278837442 -0.705884039 0.081621148 -0.703608930 -110.597663879
-0.705781341 -0.019325290 0.708165348 374.071197510 0.040398803 0.996900618 0.067467496 1.430949092 -0.707276285 0.076226354 -0.702815473 -112.437431335
-0.705219269 -0.023470284 0.708599925 375.863159180 0.033064660 0.997273028 0.065938681 1.550710917 -0.708217263 0.069930851 -0.702522457 -114.212593079
-0.704577625 -0.024196750 0.709213614 377.712677002 0.031464238 0.997367740 0.065286510 1.694297075 -0.708928525 0.068314269 -0.701963961 -116.027015686
-0.703657687 -0.023964336 0.710134208 377.735198975 0.033298749 0.997218192 0.066647418 1.694249988 -0.709757924 0.070543543 -0.700904548 -116.040161133
-0.702194750 -0.024718326 0.711555004 377.749359131 0.035104059 0.996977091 0.069275752 1.695151925 -0.711118460 0.073623538 -0.699206710 -116.057037354
-0.700685620 -0.027098948 0.712954581 379.578643799 0.033450585 0.996929169 0.070767611 1.827946901 -0.712684989 0.073434599 -0.697629809 -117.809234619
-0.699877262 -0.027450996 0.713734686 381.463897705 0.031271044 0.997122765 0.069014341 1.977878809 -0.713577688 0.070620790 -0.697007537 -119.629020691
-0.699863553 -0.026417831 0.713787138 381.889099121 0.030698987 0.997277200 0.067010216 2.013734341 -0.713615954 0.068810537 -0.697149336 -120.066078186
-0.698703885 -0.024405867 0.714993894 382.284149170 0.032379661 0.997312248 0.065684602 2.047834873 -0.714677334 0.069045328 -0.696038008 -120.525360107
-0.697587371 -0.023265321 0.716121316 382.612854004 0.035095043 0.997160852 0.066582508 2.068113327 -0.715639234 0.071579412 -0.694792628 -120.866989136
