1.000000000 0.000000000 0.000000000 0.000000000 0.000000000 1.000000000 0.000000000 0.000000000 0.000000000 0.000000000 1.000000000 0.000000000
0.999997258 -0.001704603 -0.001593991 -0.000393666 0.001703227 0.999998152 -0.000864076 -0.010470563 0.001595461 0.000861359 0.999998331 0.567609429
0.999994397 -0.002062245 -0.002643562 -0.007549727 0.002056036 0.999995112 -0.002349232 -0.022456404 0.002648394 0.002343784 0.999993682 1.127609253
0.999987066 -0.002232198 -0.004570617 -0.013805494 0.002215293 0.999990702 -0.003700538 -0.037916850 0.004578835 0.003690365 0.999982655 1.682418823
0.999969721 -0.004282155 -0.006501125 -0.020845942 0.004246902 0.999976218 -0.005426950 -0.052644920 0.006524210 0.005399176 0.999964118 2.235886097
0.999945045 -0.006643428 -0.008116785 -0.024220709 0.006582835 0.999950409 -0.007469317 -0.062781408 0.008166004 0.007415474 0.999939144 2.796835184
0.999923944 -0.007807031 -0.009552032 -0.030076161 0.007728767 0.999936402 -0.008203211 -0.074830577 0.009615467 0.008128761 0.999920726 3.361481667
0.999908090 -0.008032466 -0.010932177 -0.043513656 0.007950098 0.999939740 -0.007557264 -0.088160820 0.010992222 0.007469655 0.999911726 3.946054459
0.999891520 -0.008402718 -0.012108555 -0.050603144 0.008306547 0.999933660 -0.007970992 -0.102837101 0.012174728 0.007869546 0.999894977 4.523093700
0.999883354 -0.007774799 -0.013154680 -0.066989258 0.007635890 0.999914885 -0.010577148 -0.120283365 0.013235794 0.010475466 0.999857605 5.112049103
0.999877989 -0.006067475 -0.014399282 -0.084139317 0.005858992 0.999877989 -0.014476992 -0.135742977 0.014485363 0.014390861 0.999791563 5.705843925
0.999866903 -0.004564198 -0.015670102 -0.099568471 0.004278580 0.999824941 -0.018212344 -0.150294334 0.015750483 0.018142875 0.999711335 6.315577984
0.999852955 -0.002681057 -0.016942669 -0.109293267 0.002373028 0.999831915 -0.018174658 -0.163690940 0.016988548 0.018131780 0.999691248 6.942485809
0.999835432 -0.000043037 -0.018144771 -0.131486803 -0.000163097 0.999935329 -0.011358874 -0.175764084 0.018144090 0.011359965 0.999770820 7.585566998
0.999822974 0.000840335 -0.018796707 -0.154452950 -0.000857563 0.999999046 -0.000908544 -0.187985271 0.018795928 0.000924502 0.999822855 8.248147964
0.999807894 0.001987346 -0.019499268 -0.181114346 -0.001875320 0.999981463 0.005761685 -0.203574434 0.019510360 -0.005724012 0.999793231 8.924871445
0.999778211 0.004248610 -0.020628719 -0.209598526 -0.004150146 0.999979615 0.004813566 -0.218630180 0.020648753 -0.004726888 0.999775589 9.617891312
0.999752164 0.006639260 -0.021249784 -0.236368448 -0.006696536 0.999973953 -0.002625442 -0.221846506 0.021231802 0.002767092 0.999770761 10.312022209
0.999731064 0.006343700 -0.022307547 -0.259872466 -0.006538021 0.999941051 -0.008648989 -0.222837090 0.022251369 0.008792511 0.999713719 11.015971184
0.999716461 0.004430135 -0.023398468 -0.283913970 -0.004593808 0.999965131 -0.006945965 -0.229194373 0.023366885 0.007051485 0.999702096 11.754870415
0.999711871 0.003465779 -0.023753380 -0.306209445 -0.003411336 0.999991238 0.002332078 -0.239310563 0.023761259 -0.002250377 0.999715149 12.514123917
0.999705672 0.003056415 -0.024066309 -0.334024131 -0.002821753 0.999948025 0.009778499 -0.247577757 0.024094949 -0.009707715 0.999662578 13.294014931
0.999692261 0.002099036 -0.024717886 -0.354074866 -0.001798275 0.999924004 0.012183651 -0.249206185 0.024741584 -0.012135457 0.999620259 14.079208374
0.999690533 0.000096101 -0.024876302 -0.375508875 0.000181765 0.999937534 0.011167365 -0.249884546 0.024875822 -0.011168436 0.999628186 14.883248329
0.999704301 -0.000247500 -0.024316223 -0.402239025 0.000457187 0.999962687 0.008618109 -0.249340907 0.024313184 -0.008626684 0.999667227 15.708498001
0.999714375 0.002267006 -0.023793498 -0.431303442 -0.002146276 0.999984622 0.005098305 -0.248428434 0.023804689 -0.005045786 0.999703944 16.542406082
0.999738991 -0.000846952 -0.022833014 -0.453488737 0.000838105 0.999999464 -0.000397100 -0.255516350 0.022833338 0.000377856 0.999739289 17.398778915
0.999747396 -0.003591891 -0.022190019 -0.475423127 0.003445340 0.999971867 -0.006639141 -0.267729402 0.022213243 0.006561008 0.999731839 18.272220612
0.999775887 -0.002550525 -0.021021651 -0.501093030 0.002298390 0.999925017 -0.012009571 -0.279046178 0.021050707 0.011958561 0.999707043 19.161859512
0.999780357 -0.001258056 -0.020928089 -0.526458025 0.000990270 0.999917269 -0.012801076 -0.296533734 0.020942464 0.012777536 0.999699175 20.068696976
0.999776483 -0.000980572 -0.021127505 -0.554046035 0.000725772 0.999926627 -0.012064504 -0.320896238 0.021137789 0.012046470 0.999704123 20.992200851
0.999776185 0.000632526 -0.021154298 -0.584259868 -0.000914888 0.999910295 -0.013340846 -0.344521433 0.021143962 0.013357210 0.999687314 21.924402237
0.999774694 0.003616493 -0.020924143 -0.617169857 -0.003938453 0.999873936 -0.015366493 -0.367694229 0.020865934 0.015445436 0.999663055 22.871679306
0.999752939 0.007047346 -0.021089284 -0.652100980 -0.007388837 0.999841869 -0.016158996 -0.391372740 0.020972071 0.016310826 0.999647141 23.843797684
0.999739826 0.008702972 -0.021093568 -0.683533967 -0.009041909 0.999830425 -0.016026817 -0.420284688 0.020950511 0.016213372 0.999649167 24.822935104
0.999727428 0.009438377 -0.021362739 -0.713649809 -0.009784798 0.999821126 -0.016170422 -0.448612869 0.021206297 0.016375044 0.999641120 25.806766510
0.999722660 0.009556128 -0.021535473 -0.738952696 -0.009903458 0.999821424 -0.016080022 -0.476804107 0.021377966 0.016288837 0.999638915 26.792619705
0.999705553 0.010403550 -0.021935092 -0.771243930 -0.010735024 0.999828875 -0.015048572 -0.503924608 0.021774780 0.015279613 0.999646306 27.788326263
0.999691844 0.011077958 -0.022227749 -0.800081909 -0.011369975 0.999849856 -0.013054645 -0.533558846 0.022079794 0.013303348 0.999667883 28.807115555
0.999678731 0.011636653 -0.022530198 -0.831311047 -0.011905835 0.999858618 -0.011850818 -0.561439812 0.022389110 0.012115249 0.999676108 29.816345215
0.999679804 0.011342102 -0.022631256 -0.862257838 -0.011633532 0.999850273 -0.012787759 -0.592858911 0.022482825 0.013046945 0.999662280 30.846343994
0.999657691 0.012647887 -0.022915628 -0.892814219 -0.012967709 0.999819517 -0.013862385 -0.616341591 0.022736162 0.014154800 0.999641478 31.878095627
0.999650896 0.012107676 -0.023495000 -0.921128035 -0.012415648 0.999837995 -0.013007003 -0.643860161 0.023333710 0.013294165 0.999639511 32.919666290
0.999645174 0.011418594 -0.024076043 -0.949939549 -0.011673491 0.999876678 -0.010473595 -0.669702053 0.023953479 0.010750928 0.999655426 33.975605011
0.999631822 0.011666197 -0.024506509 -0.979312360 -0.011837881 0.999905944 -0.006872483 -0.695941269 0.024424028 0.007160054 0.999676228 35.034526825
0.999613762 0.011783857 -0.025176957 -1.009245276 -0.011902457 0.999918401 -0.004566162 -0.717820406 0.025121095 0.004864062 0.999672771 36.094932556
0.999605954 0.011772634 -0.025490824 -1.047814250 -0.011883858 0.999920189 -0.004216309 -0.739562273 0.025439149 0.004517572 0.999666333 37.159240723
0.999596000 0.011245617 -0.026112711 -1.081670284 -0.011400664 0.999917924 -0.005796480 -0.757976770 0.026045378 0.006091837 0.999642372 38.229534149
0.999571264 0.011878266 -0.026770957 -1.121913433 -0.012056804 0.999905765 -0.006517692 -0.777914107 0.026691010 0.006837666 0.999620497 39.306598663
0.999555230 0.011520646 -0.027516698 -1.158880711 -0.011671523 0.999917388 -0.005328887 -0.799431860 0.027453030 0.005647674 0.999607265 40.389717102
0.999533415 0.011676187 -0.028234620 -1.197338581 -0.011774301 0.999924898 -0.003311290 -0.823576391 0.028193830 0.003642183 0.999596000 41.479831696
0.999518812 0.011674325 -0.028747309 -1.235387087 -0.011701058 0.999930978 -0.000761970 -0.846740603 0.028736420 0.001097972 0.999586582 42.563480377
0.999487638 0.012927845 -0.029289169 -1.272232294 -0.012959375 0.999915361 -0.000887076 -0.868722141 0.029275212 0.001266186 0.999570727 43.635929108
0.999460638 0.014037380 -0.029694786 -1.317101121 -0.014180704 0.999888480 -0.004621682 -0.893653393 0.029626587 0.005040278 0.999548495 44.710613251
0.999441266 0.015388456 -0.029678179 -1.361717820 -0.015649341 0.999840438 -0.008578515 -0.917997122 0.029541422 0.009038161 0.999522865 45.778373718
0.999438882 0.015717085 -0.029584782 -1.400247693 -0.015987547 0.999832034 -0.008927930 -0.945085168 0.029439481 0.009395906 0.999522567 46.865127563
0.999434650 0.016220905 -0.029455574 -1.441664457 -0.016412709 0.999845326 -0.006281888 -0.972723246 0.029349107 0.006761780 0.999546528 47.950332642
0.999429822 0.016824367 -0.029277956 -1.479158998 -0.016950741 0.999847829 -0.004073865 -1.002742648 0.029204946 0.004567822 0.999563217 49.036197662
0.999449611 0.015453628 -0.029357955 -1.513084888 -0.015544431 0.999874830 -0.002867513 -1.024937153 0.029309951 0.003322284 0.999565065 50.121498108
0.999462724 0.015403537 -0.028932972 -1.549595475 -0.015519200 0.999872208 -0.003777592 -1.052022576 0.028871069 0.004224576 0.999574482 51.213245392
0.999482512 0.014579238 -0.028674273 -1.583438158 -0.014747815 0.999874890 -0.005676633 -1.074679136 0.028587906 0.006096576 0.999572933 52.302330017
0.999490738 0.014571359 -0.028390456 -1.616645455 -0.014798641 0.999859750 -0.007812287 -1.100157976 0.028272619 0.008228447 0.999566615 53.397010803
0.999508083 0.013792329 -0.028167127 -1.652782083 -0.014083957 0.999848783 -0.010181789 -1.133252621 0.028022418 0.010573485 0.999551594 54.489925385
0.999528289 0.012270614 -0.028154125 -1.686069012 -0.012652282 0.999829710 -0.013418819 -1.168362856 0.027984655 0.013768704 0.999513745 55.577613831
0.999557614 0.010811930 -0.027707957 -1.732136011 -0.011234883 0.999821782 -0.015155026 -1.197058082 0.027539145 0.015459619 0.999501407 56.658824921
0.999577880 0.009220621 -0.027552681 -1.763719082 -0.009579046 0.999870598 -0.012905466 -1.229217768 0.027430102 0.013163948 0.999537230 57.739810944
0.999595821 0.007988702 -0.027284887 -1.799679995 -0.008179999 0.999942482 -0.006906992 -1.261828899 0.027228121 0.007127389 0.999604046 58.824329376
0.999612808 0.006744099 -0.026996883 -1.833344460 -0.006769618 0.999976575 -0.000854207 -1.290225625 0.026990470 0.001036631 0.999635339 59.918403625
0.999626875 0.005289275 -0.026798515 -1.867534637 -0.005293809 0.999985874 -0.000098534 -1.309283733 0.026797593 0.000240359 0.999641061 60.990684509
0.999645889 0.002016841 -0.026533488 -1.896830559 -0.002102510 0.999992549 -0.003201480 -1.325343609 0.026526809 0.003256130 0.999643028 62.076412201
0.999646127 0.000500036 -0.026596123 -1.932824016 -0.000671123 0.999979079 -0.006424516 -1.346543312 0.026592329 0.006440089 0.999625862 63.173240662
0.999642134 0.002307966 -0.026649471 -1.970053554 -0.002585481 0.999942660 -0.010384033 -1.376279354 0.026623953 0.010449218 0.999591112 64.255424500
0.999646008 0.002605893 -0.026474489 -2.012390375 -0.002997425 0.999886513 -0.014760386 -1.404562831 0.026432995 0.014834518 0.999540687 65.349029541
0.999649942 0.005603217 -0.025853185 -2.051551580 -0.006003817 0.999862671 -0.015443934 -1.434525251 0.025763072 0.015593747 0.999546647 66.439659119
0.999646485 0.009497653 -0.024826698 -2.094969273 -0.009791709 0.999882996 -0.011749994 -1.468141198 0.024712168 0.011988937 0.999622941 67.536354065
0.999631941 0.011069112 -0.024763202 -2.135376215 -0.011311077 0.999889433 -0.009652756 -1.500932097 0.024653587 0.009929301 0.999646962 68.631484985
0.999639809 0.010539924 -0.024673684 -2.171584368 -0.010763865 0.999901891 -0.008961216 -1.526794076 0.024576783 0.009223571 0.999655604 69.744842529
0.999656856 0.008910112 -0.024626199 -2.209835768 -0.009112334 0.999925554 -0.008111930 -1.554656982 0.024552058 0.008333546 0.999664009 70.835395813
0.999656796 0.007615790 -0.025061332 -2.237207651 -0.007787100 0.999946952 -0.006745397 -1.583332300 0.025008600 0.006938234 0.999663353 71.927490234
0.999660850 0.006052956 -0.025322732 -2.271632433 -0.006173639 0.999969959 -0.004690656 -1.604465961 0.025293548 0.004845396 0.999668539 73.038421631
0.999649644 0.004872008 -0.026011838 -2.305433750 -0.004950202 0.999983430 -0.002942861 -1.632534742 0.025997037 0.003070590 0.999657512 74.142074585
0.999638021 0.004270411 -0.026560269 -2.343171597 -0.004380698 0.999981999 -0.004095817 -1.662818670 0.026542271 0.004210684 0.999639034 75.223533630
0.999621272 0.004698933 -0.027113136 -2.380392313 -0.004913504 0.999957085 -0.007852998 -1.691781282 0.027075041 0.007983241 0.999601722 76.307456970
0.999601066 0.005494263 -0.027702274 -2.420046091 -0.005768164 0.999935150 -0.009817393 -1.721292377 0.027646506 0.009973265 0.999568224 77.382873535
0.999571621 0.007542407 -0.028277669 -2.462488651 -0.007772964 0.999937296 -0.008052586 -1.750452995 0.028215133 0.008268935 0.999567866 78.456069946
0.999548733 0.008608810 -0.028778968 -2.500838995 -0.008721464 0.999954700 -0.003791593 -1.775770903 0.028744996 0.004040870 0.999578834 79.536430359
0.999522626 0.009994696 -0.029234512 -2.547965288 -0.009993202 0.999949932 0.000196897 -1.799708605 0.029234987 0.000095336 0.999572814 80.613349915
0.999497771 0.011018181 -0.029713541 -2.595872402 -0.010997428 0.999939084 0.000861532 -1.823113799 0.029721197 -0.000534335 0.999558330 81.684577942
0.999481320 0.010986102 -0.030274691 -2.637953997 -0.011029319 0.999938309 -0.001261101 -1.842372775 0.030258941 0.001594350 0.999541104 82.747932434
0.999468267 0.010687501 -0.030806553 -2.682505846 -0.010756167 0.999939978 -0.002064299 -1.861584663 0.030782612 0.002394556 0.999523520 83.797531128
0.999458134 0.009837016 -0.031413060 -2.720197201 -0.009910822 0.999948442 -0.002194948 -1.886200547 0.031389818 0.002505082 0.999504387 84.848297119
0.999440134 0.008728654 -0.032300841 -2.754885912 -0.008793933 0.999959528 -0.001879667 -1.911248326 0.032283094 0.002162660 0.999476731 85.881584167
0.999430954 0.007379159 -0.032914724 -2.792464733 -0.007395175 0.999972522 -0.000365081 -1.935168266 0.032911096 0.000608276 0.999458432 86.914009094
0.999410808 0.007395955 -0.033519354 -2.831248045 -0.007318434 0.999970138 0.002434630 -1.960544944 0.033536330 -0.002187895 0.999435425 87.917236328
0.999386728 0.006580692 -0.034396037 -2.873484135 -0.006471465 0.999973536 0.003285757 -1.982220411 0.034416720 -0.003061158 0.999403179 88.891960144
0.999316692 0.005643089 -0.036531188 -2.916246414 -0.005516352 0.999978304 0.003569012 -2.003667116 0.036550503 -0.003365063 0.999326408 89.840309143
0.999200284 0.004869707 -0.039690003 -2.964109898 -0.004762487 0.999984622 0.002795417 -2.027016878 0.039702974 -0.002604167 0.999208391 90.775512695
0.999064863 0.004791488 -0.042973138 -3.016236782 -0.004712251 0.999986947 0.001944865 -2.046715021 0.042981867 -0.001740554 0.999074578 91.682365417
0.998930156 0.004675480 -0.046008836 -3.067031622 -0.004579680 0.999987066 0.002187296 -2.065536737 0.046018437 -0.001974258 0.998938859 92.575172424
0.998776436 0.005710180 -0.049124215 -3.119572639 -0.005555042 0.999979079 0.003293934 -2.084574938 0.049141970 -0.003017026 0.998787463 93.440353394
0.998614252 0.006550134 -0.052219130 -3.170221567 -0.006326694 0.999970078 0.004442976 -2.104103804 0.052246641 -0.004106454 0.998625934 94.280242920
0.998444676 0.007522807 -0.055243187 -3.223803520 -0.007202480 0.999956071 0.005995205 -2.120253801 0.055285830 -0.005588001 0.998455107 95.096679688
0.998286068 0.009177470 -0.057799499 -3.283508778 -0.008800576 0.999938309 0.006771818 -2.133818388 0.057858050 -0.006251552 0.998305440 95.881286621
0.998115063 0.011194338 -0.060341761 -3.337548256 -0.010773708 0.999915361 0.007291580 -2.150628805 0.060418248 -0.006627740 0.998151302 96.645576477
0.997927904 0.013094028 -0.062996738 -3.394323349 -0.012728881 0.999899805 0.006194070 -2.169445276 0.063071504 -0.005379365 0.997994661 97.373931885
0.997738242 0.014476192 -0.065642409 -3.449270725 -0.014340383 0.999893963 0.002539595 -2.183870077 0.065672182 -0.001592522 0.997840106 98.072036743
0.997534871 0.016998578 -0.068082303 -3.505908489 -0.017116025 0.999852896 -0.001142137 -2.198584318 0.068052851 0.002304612 0.997679174 98.735847473
0.997367322 0.018751925 -0.070047498 -3.560895205 -0.019059593 0.999811471 -0.003726518 -2.215096712 0.069964387 0.005051777 0.997536778 99.376945496
0.997266114 0.020716228 -0.070929922 -3.610875607 -0.021100633 0.999766529 -0.004674512 -2.230976582 0.070816495 0.006158391 0.997470438 99.987396240
0.997278273 0.023037687 -0.070037164 -3.662049532 -0.023386847 0.999717891 -0.004169428 -2.248451233 0.069921315 0.005796020 0.997535765 100.572441101
0.997390091 0.026844660 -0.067024365 -3.711625814 -0.027080420 0.999629915 -0.002611363 -2.266433954 0.066929422 0.004419588 0.997748017 101.138290405
0.997677445 0.029389940 -0.061447930 -3.750227451 -0.029515736 0.999563754 -0.001140359 -2.282609224 0.061387569 0.002951383 0.998109758 101.679367065
0.998083711 0.030206686 -0.054003302 -3.778346539 -0.030212240 0.999543369 0.000713691 -2.294716120 0.054000162 0.000919230 0.998540640 102.199310303
0.998564899 0.030050227 -0.044328269 -3.798015833 -0.029941764 0.999546945 0.003108880 -2.306519032 0.044401564 -0.001777161 0.999012291 102.695663452
0.999028921 0.029710431 -0.032532912 -3.807514906 -0.029587151 0.999553263 0.004264325 -2.318263769 0.032645024 -0.003297637 0.999461651 103.171096802
0.999401569 0.028837014 -0.019099157 -3.812045336 -0.028760266 0.999577284 0.004281028 -2.329992771 0.019214489 -0.003729178 0.999808490 103.623100281
0.999581575 0.028647518 -0.003975477 -3.807482481 -0.028634379 0.999584556 0.003323277 -2.341426373 0.004068982 -0.003208060 0.999986589 104.054344177
0.999530137 0.027303206 0.013921271 -3.787957430 -0.027309777 0.999627054 0.000282226 -2.355362415 -0.013908423 -0.000662289 0.999903083 104.478805542
0.999021351 0.026876120 0.035126474 -3.759461880 -0.026737936 0.999632835 -0.004397839 -2.368249893 -0.035231829 0.003454318 0.999373198 104.893287659
0.997919917 0.024850896 0.059482053 -3.719136477 -0.024338782 0.999660313 -0.009318708 -2.378244400 -0.059693478 0.007851595 0.998185873 105.295776367
0.995980799 0.022687582 0.086645573 -3.663961172 -0.021711681 0.999689877 -0.012189066 -2.388891697 -0.086895302 0.010258848 0.996164620 105.692520142
0.992991865 0.019937962 0.116488203 -3.597651720 -0.018477451 0.999736607 -0.013604421 -2.401031017 -0.116728827 0.011356667 0.993098915 106.073814392
0.988700628 0.017604537 0.148865536 -3.515105724 -0.015446515 0.999758244 -0.015640317 -2.414468527 -0.149104953 0.013164131 0.988733768 106.449325562
0.982720912 0.015350954 0.184455037 -3.416214228 -0.012341378 0.999771416 -0.017453117 -2.427598476 -0.184680879 0.014875109 0.982685924 106.820320129
0.974761128 0.012366906 0.222906873 -3.304036856 -0.008526535 0.999798238 -0.018182829 -2.441628695 -0.223086864 0.015823286 0.974670112 107.178161621
0.964721084 0.010321967 0.263070822 -3.181103706 -0.005452400 0.999800086 -0.019233832 -2.456877470 -0.263216853 0.017120913 0.964584708 107.522148132
0.952274859 0.011166655 0.305036813 -3.049544334 -0.005196942 0.999778807 -0.020375475 -2.473200560 -0.305196971 0.017817792 0.952122509 107.859268188
0.936878383 0.013044409 0.349411398 -2.902254581 -0.006144914 0.999763727 -0.020847326 -2.489930868 -0.349600852 0.017384304 0.936737418 108.187629700
0.918878257 0.013054776 0.394324660 -2.738951206 -0.005747004 0.999789178 -0.019707695 -2.503317356 -0.394498885 0.015842784 0.918759823 108.506248474
0.898327231 0.012403108 0.439151436 -2.559865236 -0.004693935 0.999815226 -0.018636240 -2.516821384 -0.439301521 0.014680090 0.898219764 108.811676025
0.874987185 0.011371157 0.484012157 -2.364429951 -0.002246996 0.999808669 -0.019426977 -2.530939579 -0.484140515 0.015910780 0.874845624 109.100799561
0.849509954 0.011953720 0.527436852 -2.157478333 -0.000611583 0.999764860 -0.021673433 -2.547320127 -0.527571917 0.018089222 0.849317789 109.378349304
0.821763754 0.014151475 0.569652259 -1.935046434 0.000238785 0.999682903 -0.025178898 -2.563941479 -0.569827974 0.020827128 0.821500063 109.644668579
0.790953338 0.018804086 0.611587226 -1.700838327 -0.000738588 0.999556243 -0.029777532 -2.577565908 -0.611875892 0.023100924 0.790616453 109.901786804
0.756825805 0.024937684 0.653140426 -1.451023936 -0.003431462 0.999409676 -0.034182459 -2.585199356 -0.653607488 0.023628941 0.756464839 110.155181885
0.719222188 0.029671840 0.694145918 -1.182109475 -0.005405665 0.999296367 -0.037114803 -2.595975161 -0.694758952 0.022941472 0.718876779 110.398582458
0.679950416 0.029925169 0.732646883 -0.892906904 -0.002887854 0.999268353 -0.038135257 -2.611155510 -0.733252287 0.023814309 0.679539561 110.616233826
0.638776720 0.027557017 0.768898249 -0.582457364 0.001381012 0.999315679 -0.036962390 -2.624255657 -0.769390881 0.024672573 0.638301611 110.820075989
0.594863594 0.025528060 0.803420961 -0.257406116 0.003283763 0.999410033 -0.034186795 -2.637009382 -0.803819895 0.022974724 0.594428837 111.014022827
0.548225462 0.023953948 0.835987270 0.078305572 0.003941978 0.999504566 -0.031224364 -2.653047085 -0.836321294 0.020413434 0.547859430 111.196189880
0.500481248 0.021413023 0.865482330 0.427619427 0.005852097 0.999587536 -0.028115021 -2.668750763 -0.865727603 0.019135926 0.500149548 111.353668213
0.449642599 0.017799234 0.893031001 0.794598579 0.008517462 0.999670506 -0.024213247 -2.683885574 -0.893167973 0.018493664 0.449342847 111.498138428
0.398084879 0.017849566 0.917174757 1.162731886 0.006564263 0.999729633 -0.022305317 -2.699550867 -0.917325139 0.014899984 0.397860080 111.623413086
0.346878529 0.022574667 0.937638223 1.541016817 0.003394246 0.999673486 -0.025323933 -2.715578556 -0.937904000 0.011966899 0.346688598 111.738174438
0.296287060 0.027684072 0.954697490 1.925503850 0.003165661 0.999545813 -0.029967025 -2.727608204 -0.955093741 0.011901085 0.296064794 111.830131531
0.249621272 0.029762337 0.967885971 2.334131241 0.005131832 0.999472797 -0.032057147 -2.741866112 -0.968330026 0.012969168 0.249336883 111.903602600
0.208393499 0.029543918 0.977598667 2.750528336 0.012489155 0.999381781 -0.032864522 -2.759640932 -0.977965415 0.019058129 0.207895607 111.956451416
0.173323721 0.029573008 0.984420776 3.193517685 0.020443270 0.999225616 -0.033617146 -2.774600267 -0.984652758 0.025951423 0.172584862 111.999923706
0.142903671 0.030877952 0.989254773 3.649011612 0.024997169 0.999081731 -0.034795675 -2.788158178 -0.989420950 0.029700993 0.142000496 112.040771484
0.114798807 0.029360812 0.992954671 4.115542412 0.023123372 0.999213278 -0.032219242 -2.806247950 -0.993119717 0.026659185 0.114029467 112.084426880
0.089287572 0.025807008 0.995671391 4.602075100 0.016900286 0.999481022 -0.027421298 -2.823578596 -0.995862603 0.019275503 0.088804990 112.125244141
0.065417193 0.021696962 0.997622013 5.104535103 0.011974722 0.999674380 -0.022526823 -2.843538284 -0.997786283 0.013419878 0.065135978 112.154449463
0.042873777 0.019227723 0.998895347 5.629159927 0.016322756 0.999667764 -0.019943187 -2.864264250 -0.998947322 0.017159756 0.042545576 112.160606384
0.022752186 0.019973313 0.999541521 6.159154892 0.024174200 0.999496937 -0.020522697 -2.885134697 -0.999448955 0.024630046 0.022257784 112.147415161
0.005533122 0.022523917 0.999730885 6.714478493 0.029461803 0.999308467 -0.022677464 -2.901043177 -0.999550641 0.029579347 0.004865576 112.136749268
-0.008966729 0.028151523 0.999563336 7.294313908 0.029989753 0.999161363 -0.027871178 -2.911674261 -0.999510050 0.029726738 -0.009803595 112.131385803
-0.019893967 0.032840341 0.999262512 7.883033752 0.027416609 0.999102235 -0.032289252 -2.924812555 -0.999426186 0.026754018 -0.020776609 112.123466492
-0.026212242 0.032562248 0.999125838 8.493592262 0.029846324 0.999049008 -0.031776726 -2.944622755 -0.999210775 0.028987283 -0.027159311 112.100608826
-0.028803494 0.029368611 0.999153435 9.126151085 0.035680007 0.998961210 -0.028334385 -2.970958471 -0.998948157 0.034833666 -0.029821582 112.072456360
-0.028292680 0.027796928 0.999212980 9.775385857 0.037468527 0.998939991 -0.026728416 -2.993325472 -0.998897254 0.036682818 -0.029304337 112.052421570
-0.026392339 0.027494935 0.999273300 10.441524506 0.036452755 0.998983026 -0.026524175 -3.015227556 -0.998986840 0.035726231 -0.027367901 112.040489197
-0.024999898 0.027859759 0.999298990 11.131181717 0.032678694 0.999099910 -0.027036667 -3.041082859 -0.999153197 0.031979870 -0.025887951 112.034835815
-0.023894798 0.029071897 0.999291480 11.844465256 0.031537972 0.999101222 -0.028312229 -3.066611290 -0.999216914 0.030839112 -0.024790326 112.026443481
-0.022990087 0.029893180 0.999288440 12.574325562 0.031218817 0.999086618 -0.029168902 -3.095505714 -0.999248147 0.030526008 -0.023902453 112.015396118
-0.022174589 0.029416980 0.999320984 13.315219879 0.030625341 0.999117672 -0.028731422 -3.124837399 -0.999284923 0.029967440 -0.023056066 112.005744934
-0.021613270 0.028110906 0.999370873 14.064885139 0.029607760 0.999183953 -0.027465316 -3.153366804 -0.999327958 0.028995520 -0.022428069 111.997535706
-0.021214133 0.026663678 0.999419093 14.827691078 0.030143773 0.999206722 -0.026018152 -3.187513113 -0.999320447 0.029574314 -0.022001183 111.983253479
-0.021812962 0.024471717 0.999462247 15.608326912 0.030702699 0.999245107 -0.023796309 -3.217821360 -0.999290466 0.030167127 -0.022547979 111.968994141
-0.023111274 0.022791937 0.999472797 16.398059845 0.028036101 0.999361515 -0.022141092 -3.249043465 -0.999339640 0.027509617 -0.023735652 111.959892273
-0.024297062 0.021749267 0.999467909 17.193342209 0.027159473 0.999408484 -0.021087714 -3.276746750 -0.999335766 0.026632657 -0.024873527 111.946891785
-0.025326129 0.019189941 0.999494791 17.989614487 0.029636567 0.999390543 -0.018436968 -3.303310871 -0.999239862 0.029154662 -0.025879556 111.922851562
-0.026456267 0.017557280 0.999495506 18.810016632 0.031065350 0.999377131 -0.016732899 -3.330150127 -0.999167144 0.030606994 -0.026985351 111.900993347
-0.028315170 0.016715597 0.999458969 19.638591766 0.028354255 0.999471128 -0.015912496 -3.359355927 -0.999196827 0.027888356 -0.028774293 111.886375427
-0.029181655 0.021458158 0.999343455 20.464567184 0.025678566 0.999455571 -0.020710714 -3.384274006 -0.999244273 0.025057338 -0.029716922 111.867248535
-0.029924551 0.026172886 0.999209106 21.291152954 0.026918447 0.999315560 -0.025369499 -3.410785437 -0.999189615 0.026137995 -0.030608742 111.842880249
-0.030999709 0.027808810 0.999132156 22.130210876 0.026994657 0.999271512 -0.026975116 -3.441933393 -0.999154806 0.026135018 -0.031727955 111.819801331
-0.032472678 0.025534613 0.999146104 22.973274231 0.023454688 0.999417722 -0.024779251 -3.475682974 -0.999197364 0.022630019 -0.033052817 111.800857544
-0.033610921 0.021302115 0.999207675 23.820013046 0.020370482 0.999579728 -0.020624815 -3.510334730 -0.999227345 0.019661130 -0.034030870 111.782615662
-0.033975653 0.015961561 0.999294937 24.683467865 0.018967915 0.999702632 -0.015323152 -3.541730642 -0.999242604 0.018433938 -0.034268450 111.761474609
-0.034239858 0.010409160 0.999359190 25.531713486 0.015737673 0.999827385 -0.009874817 -3.565937281 -0.999289691 0.015389485 -0.034397904 111.740051270
-0.034221996 0.009105175 0.999372542 26.378934860 0.013191885 0.999875486 -0.008658003 -3.594369650 -0.999327183 0.012887321 -0.034337990 111.721260071
-0.033290513 0.015897809 0.999319017 27.212850571 0.016233457 0.999750197 -0.015363861 -3.627003193 -0.999313891 0.015710939 -0.033540413 111.694023132
-0.032237157 0.027110269 0.999112308 28.046121597 0.018405097 0.999478638 -0.026526339 -3.654611588 -0.999310791 0.017533632 -0.032719456 111.669380188
-0.031615146 0.032254636 0.998979330 28.880180359 0.020271016 0.999294221 -0.031623259 -3.684635401 -0.999294579 0.019250559 -0.032246809 111.644409180
-0.030203333 0.026733916 0.999185979 29.709478378 0.022213893 0.999413252 -0.026068497 -3.719256163 -0.999296963 0.021408461 -0.030779617 111.618324280
-0.029356571 0.018962938 0.999388874 30.546062469 0.025203915 0.999516129 -0.018224981 -3.756482601 -0.999251246 0.024653498 -0.029820448 111.594810486
-0.028938636 0.016070025 0.999451816 31.367919922 0.026490854 0.999531865 -0.015304262 -3.785647631 -0.999230146 0.026033456 -0.029350938 111.573272705
-0.029119082 0.016679676 0.999436557 32.184982300 0.025429161 0.999549448 -0.015940649 -3.815304756 -0.999252498 0.024950663 -0.029530253 111.554634094
-0.030147493 0.017540684 0.999391317 33.000877380 0.022366621 0.999607444 -0.016869748 -3.845427513 -0.999295235 0.021844434 -0.030528124 111.540428162
-0.032228027 0.017564727 0.999325991 33.814785004 0.020129794 0.999654174 -0.016921291 -3.876577616 -0.999277890 0.019570895 -0.032570593 111.523567200
-0.034449287 0.017386964 0.999255002 34.620750427 0.019496445 0.999670029 -0.016722025 -3.908355713 -0.999216318 0.018905865 -0.034777045 111.500015259
-0.036510956 0.017639738 0.999177337 35.414497375 0.018233957 0.999689400 -0.016982470 -3.939646721 -0.999166906 0.017598916 -0.036821403 111.473876953
-0.038573764 0.017885966 0.999095500 36.214477539 0.016493330 0.999714851 -0.017260248 -3.968809128 -0.999119639 0.015812626 -0.038857911 111.448188782
-0.040643111 0.017114041 0.999027014 37.020111084 0.015740080 0.999740064 -0.016485890 -3.993598938 -0.999049723 0.015054734 -0.040902067 111.426589966
-0.042754773 0.015961200 0.998957932 37.808784485 0.016495479 0.999747217 -0.015267798 -4.022533417 -0.998949409 0.015825529 -0.043007396 111.397628784
-0.044740215 0.015982768 0.998870611 38.595726013 0.016175814 0.999752402 -0.015272331 -4.053405285 -0.998867691 0.015474268 -0.044987809 111.367401123
-0.046686228 0.016833751 0.998767555 39.372375488 0.015159222 0.999754667 -0.016141770 -4.085450172 -0.998794615 0.014386952 -0.046930101 111.334869385
-0.047668807 0.016977111 0.998718739 40.146709442 0.015485212 0.999747813 -0.016255479 -4.115282059 -0.998743176 0.014690503 -0.047919821 111.299621582
-0.048933577 0.015678275 0.998678803 40.915302277 0.016912643 0.999746323 -0.014866325 -4.146018505 -0.998658836 0.016162848 -0.049186464 111.261230469
-0.050451152 0.014870121 0.998615623 41.686973572 0.016939161 0.999758005 -0.014031327 -4.175342560 -0.998582900 0.016207827 -0.050690968 111.224998474
-0.051802896 0.014351785 0.998553991 42.447933197 0.015530537 0.999787331 -0.013563800 -4.203851700 -0.998536587 0.014805446 -0.052014906 111.192390442
-0.052968744 0.013554037 0.998503983 43.193405151 0.014087033 0.999818504 -0.012824570 -4.228460312 -0.998496771 0.013386669 -0.053150207 111.159362793
-0.053928036 0.012234315 0.998469651 43.929698944 0.012730823 0.999852061 -0.011563633 -4.254638195 -0.998463631 0.012087747 -0.054075949 111.129562378
-0.054760531 0.011842607 0.998429060 44.648590088 0.012782875 0.999856055 -0.011158412 -4.282103539 -0.998417616 0.012151765 -0.054904167 111.097396851
-0.054955121 0.014389726 0.998384893 45.356281281 0.012959888 0.999822259 -0.013697056 -4.308917046 -0.998404622 0.012186246 -0.055131976 111.063148499
-0.055143304 0.017169131 0.998330593 46.049938202 0.013091859 0.999778688 -0.016470877 -4.333020210 -0.998392582 0.012161756 -0.055356011 111.033866882
-0.055440180 0.018771000 0.998285353 46.741546631 0.011073885 0.999773383 -0.018183967 -4.359642982 -0.998400569 0.010046785 -0.055635624 111.004379272
-0.055544104 0.019647202 0.998262703 47.438327789 0.011733923 0.999750197 -0.019023575 -4.386126995 -0.998387218 0.010656901 -0.055760916 110.969772339
-0.055616196 0.019416684 0.998263180 48.129589081 0.013128247 0.999738693 -0.018713953 -4.412868500 -0.998365879 0.012064656 -0.055856720 110.934646606
-0.055977207 0.018815508 0.998254538 48.814281464 0.013356362 0.999747038 -0.018094664 -4.440588474 -0.998342633 0.012320171 -0.056214511 110.899604797
-0.056370743 0.018847438 0.998231828 49.497676849 0.009277778 0.999788463 -0.018352892 -4.466623306 -0.998366654 0.008226817 -0.056533840 110.872024536
-0.056280121 0.018856682 0.998236716 50.174335480 0.005514533 0.999812186 -0.018575519 -4.499434471 -0.998399615 0.004459387 -0.056373697 110.842071533
-0.056149207 0.017423894 0.998270094 50.845558167 0.007110211 0.999829233 -0.017051166 -4.526874065 -0.998396814 0.006140513 -0.056263667 110.803710938
-0.057152122 0.016895078 0.998222291 51.518817902 0.007321388 0.999836922 -0.016503211 -4.549173832 -0.998338342 0.006365190 -0.057266656 110.767318726
-0.060847729 0.016349755 0.998012900 52.194503784 0.003812524 0.999862254 -0.016147587 -4.575172424 -0.998139441 0.002822416 -0.060901839 110.735954285
-0.065992184 0.015810588 0.997694612 52.853691101 -0.000047232 0.999874294 -0.015848236 -4.600118637 -0.997819841 -0.001092971 -0.065983303 110.698753357
-0.071692847 0.019657444 0.997232795 53.520580292 0.003856961 0.999803603 -0.019430820 -4.622660160 -0.997419000 0.002453248 -0.071754754 110.647758484
-0.078226730 0.022500504 0.996681392 54.182315826 0.006357624 0.999736071 -0.022070454 -4.645149708 -0.996914983 0.004610038 -0.078349300 110.590591431
-0.085705690 0.024089934 0.996029019 54.853626251 0.005596155 0.999703348 -0.023697251 -4.669708729 -0.996304452 0.003542954 -0.085815251 110.537216187
-0.091951169 0.023162564 0.995493889 55.522617340 0.001758660 0.999731481 -0.023098703 -4.695879936 -0.995761693 -0.000373207 -0.091967389 110.480949402
-0.097254887 0.021939950 0.995017469 56.201461792 0.001247008 0.999758720 -0.021922596 -4.723499775 -0.995258451 -0.000891274 -0.097258963 110.416221619
-0.101933867 0.022472773 0.994537175 56.887050629 -0.001168281 0.999741256 -0.022710096 -4.749217510 -0.994790196 -0.003476817 -0.101881415 110.350654602
-0.105913177 0.021849444 0.994135201 57.570602417 -0.003082499 0.999746442 -0.022301160 -4.770989895 -0.994370341 -0.005426397 -0.105819151 110.284141541
-0.108556509 0.018719912 0.993913949 58.275405884 -0.002457737 0.999814510 -0.019099470 -4.794806480 -0.994086921 -0.004516140 -0.108490534 110.210365295
-0.110387757 0.015632093 0.993765593 58.982276917 -0.000521894 0.999875188 -0.015786156 -4.818342686 -0.993888140 -0.002261228 -0.110365994 110.133842468
-0.111898795 0.012741223 0.993637919 59.695537567 -0.001045700 0.999915600 -0.012939472 -4.843070984 -0.993718684 -0.002486947 -0.111876212 110.059234619
-0.113404244 0.012587966 0.993469179 60.420402527 -0.002115411 0.999914289 -0.012911093 -4.863281250 -0.993546307 -0.003565757 -0.113368072 109.986343384
-0.113912694 0.016297419 0.993357122 61.140636444 -0.000704406 0.999863744 -0.016484937 -4.886070728 -0.993490100 -0.002577560 -0.113885872 109.906967163
-0.114055455 0.020347871 0.993266046 61.871429443 0.005162949 0.999788702 -0.019888630 -4.910417557 -0.993460596 0.002859784 -0.114136592 109.819099426
-0.114572108 0.025164418 0.993096232 62.608783722 0.012427617 0.999637008 -0.023896394 -4.938010693 -0.993336856 0.009603965 -0.114843428 109.726493835
-0.115375184 0.026384978 0.992971599 63.346145630 0.012929580 0.999602258 -0.025058847 -4.963943958 -0.993237436 0.009947543 -0.115670606 109.643806458
-0.115718208 0.024131361 0.992989004 64.094970703 0.010861685 0.999675691 -0.023028085 -4.992515087 -0.993222237 0.008120773 -0.115942955 109.564361572
-0.115698241 0.019323338 0.993096530 64.844337463 0.011243641 0.999772012 -0.018143311 -5.020861149 -0.993220329 0.009066881 -0.115889288 109.479850769
-0.115724027 0.017323781 0.993130386 65.585311890 0.013292014 0.999785185 -0.015891014 -5.049165726 -0.993192077 0.011361739 -0.115929596 109.394805908
-0.116934381 0.016836533 0.992996991 66.329452515 0.013009891 0.999796212 -0.015419781 -5.078523636 -0.993054032 0.011115687 -0.117129758 109.313568115
-0.118789271 0.017682495 0.992762029 67.069091797 0.011419252 0.999799371 -0.016441461 -5.104716778 -0.992853403 0.009383540 -0.118967518 109.233467102
-0.120993637 0.018331503 0.992483974 67.805809021 0.010574259 0.999796331 -0.017177451 -5.130908966 -0.992596567 0.008416428 -0.121162981 109.150810242
-0.123107195 0.018575549 0.992219448 68.545440674 0.012090370 0.999778509 -0.017216975 -5.156214237 -0.992319345 0.009876775 -0.123304643 109.061485291
-0.124924384 0.018670887 0.991990507 69.285285950 0.012337531 0.999774694 -0.017263688 -5.182169914 -0.992089093 0.010082066 -0.125126719 108.971755981
-0.127008080 0.018277833 0.991733193 70.029914856 0.011746499 0.999787688 -0.016921936 -5.206980228 -0.991831660 0.009500179 -0.127195925 108.883430481
-0.128705546 0.018496415 0.991510272 70.775894165 0.009289091 0.999804556 -0.017445343 -5.235639095 -0.991638899 0.006964924 -0.128852323 108.792892456
-0.129828125 0.019926904 0.991336167 71.519653320 0.009360722 0.999778032 -0.018870682 -5.262294292 -0.991491854 0.006829686 -0.129985958 108.699554443
-0.130750284 0.020328984 0.991206765 72.288017273 0.008056213 0.999778509 -0.019442078 -5.285833359 -0.991382062 0.005443325 -0.130885214 108.605056763
-0.132024199 0.020582628 0.991032660 73.050186157 0.007747591 0.999775231 -0.019732069 -5.311646461 -0.991215646 0.005073014 -0.132154122 108.507331848
-0.133124337 0.018852394 0.990919888 73.813728333 0.008052334 0.999806643 -0.017939676 -5.338511944 -0.991066098 0.005591020 -0.133250520 108.408897400
-0.134152055 0.016539272 0.990822554 74.589515686 0.005586203 0.999857426 -0.015933737 -5.363420010 -0.990944505 0.003397403 -0.134225458 108.310470581
-0.135908276 0.014359367 0.990617156 75.371856689 0.002728002 0.999896586 -0.014119596 -5.388126850 -0.990717173 0.000783448 -0.135933533 108.213050842
-0.138119534 0.013725749 0.990320265 76.158966064 0.003742778 0.999904096 -0.013336567 -5.415328026 -0.990408003 0.001864521 -0.138157770 108.105392456
-0.139879987 0.014260218 0.990065575 76.946067810 0.004712333 0.999894619 -0.013736004 -5.441473484 -0.990156770 0.002744139 -0.139932558 107.996467590
-0.142147794 0.015480300 0.989724219 77.738220215 0.004063911 0.999878466 -0.015055439 -5.465071678 -0.989836574 0.001882066 -0.142193556 107.888206482
-0.143714547 0.018950628 0.989437521 78.535186768 0.005541407 0.999816418 -0.018344522 -5.493084431 -0.989603162 0.002846512 -0.143793300 107.776901245
-0.144130751 0.022811899 0.989295423 79.343307495 0.007497535 0.999730766 -0.021960195 -5.521190643 -0.989529669 0.004252148 -0.144263119 107.659446716
-0.145112708 0.026677441 0.989055157 80.150474548 0.008530324 0.999633014 -0.025711186 -5.552620411 -0.989377797 0.004705951 -0.145287156 107.542800903
-0.144876748 0.027671812 0.989062428 80.972297668 0.010495031 0.999595582 -0.026429197 -5.584207058 -0.989393413 0.006551274 -0.145108700 107.424613953
-0.144259796 0.026980039 0.989171684 81.794425964 0.014089052 0.999582887 -0.025209265 -5.619913578 -0.989438832 0.010299815 -0.144579872 107.301788330
-0.144174710 0.024838198 0.989240110 82.627067566 0.014309362 0.999632657 -0.023013638 -5.657194138 -0.989448130 0.010837419 -0.144477293 107.182418823
-0.143552810 0.023324467 0.989367366 83.468650818 0.013782974 0.999672294 -0.021567550 -5.686179638 -0.989546001 0.010540353 -0.143827379 107.068298340
-0.141779453 0.020913633 0.989676952 84.309967041 0.012765794 0.999732196 -0.019297302 -5.716069221 -0.989815235 0.009898062 -0.142008618 106.955863953
-0.140097246 0.017707231 0.989979029 85.159187317 0.013258161 0.999783933 -0.016006360 -5.745676041 -0.990048289 0.010882865 -0.140301883 106.840492249
-0.138439953 0.014384064 0.990266025 86.019439697 0.013929976 0.999823868 -0.012575462 -5.771300793 -0.990272164 0.012053446 -0.138616070 106.725654602
-0.136731610 0.014079886 0.990507722 86.854484558 0.012057756 0.999848485 -0.012548177 -5.799750328 -0.990534067 0.010227579 -0.136880800 106.614204407
-0.135420710 0.018200371 0.990620613 87.701698303 0.012950232 0.999778271 -0.016598279 -5.830378532 -0.990702868 0.010581026 -0.135626510 106.504463196
-0.133427024 0.024399843 0.990757823 88.539054871 0.013563785 0.999648094 -0.022792121 -5.860642433 -0.990965128 0.010397349 -0.133711144 106.393836975
-0.132050917 0.027826916 0.990851820 89.389213562 0.011428478 0.999582052 -0.026549011 -5.889857292 -0.991176307 0.007818117 -0.132313862 106.288955688
-0.130728617 0.025280293 0.991095424 90.241676331 0.009896794 0.999658167 -0.024193281 -5.924616337 -0.991367996 0.006645924 -0.130934253 106.183517456
