1.000000000 0.000000000 0.000000000 0.000000000 0.000000000 1.000000000 0.000000000 0.000000000 0.000000000 0.000000000 1.000000000 0.000000000
0.999055922 -0.001124744 0.043428533 0.049934987 0.001225367 0.999996603 -0.002290427 -0.026337260 -0.043425810 0.002341480 0.999053895 1.039339542
0.996066451 -0.005620919 0.088431165 0.143358663 0.006278772 0.999954581 -0.007162753 -0.050062627 -0.088386893 0.007689817 0.996056557 2.041202545
0.991025507 -0.005232401 0.133570924 0.284957469 0.006771717 0.999915779 -0.011072649 -0.073915087 -0.133501738 0.011877781 0.990977466 3.047994614
0.983642519 -0.003125869 0.180104867 0.430053294 0.005662301 0.999891877 -0.013570702 -0.103805222 -0.180042967 0.014368526 0.983553946 4.160056591
0.974165559 -0.005501683 0.225768432 0.669110179 0.008767354 0.999870896 -0.013464598 -0.132019803 -0.225665212 0.015096137 0.974088132 5.181925774
0.962597072 -0.006414659 0.270861477 0.964505792 0.010751529 0.999836624 -0.014530594 -0.169791013 -0.270724028 0.016899280 0.962508798 6.243562698
0.949190319 -0.008699312 0.314582646 1.302513480 0.014765809 0.999748051 -0.016906342 -0.206542224 -0.314356327 0.020692401 0.949079692 7.246065617
0.934082448 -0.010865975 0.356892288 1.667880774 0.018663056 0.999656379 -0.018410571 -0.245887786 -0.356569618 0.023857690 0.933964252 8.197997093
0.916792274 -0.010383688 0.399229556 2.083318472 0.019593054 0.999627650 -0.018993929 -0.277794123 -0.398883700 0.025235612 0.916654408 9.159217834
0.897149384 -0.010250130 0.441608608 2.532682896 0.019920636 0.999652505 -0.017266907 -0.313749373 -0.441278219 0.024288118 0.897041798 10.092594147
0.875227094 -0.009460027 0.483620018 3.020958185 0.019836426 0.999669671 -0.016344380 -0.344506800 -0.483305752 0.023898335 0.875125587 11.002266884
0.851366699 -0.009689903 0.524481773 3.552916765 0.020682795 0.999671996 -0.015104264 -0.379711181 -0.524163544 0.023707015 0.851287842 11.858424187
0.825730503 -0.009587714 0.563983619 4.129541397 0.021858884 0.999648333 -0.015009645 -0.415134400 -0.563641608 0.024721973 0.825649679 12.721013069
0.798357129 -0.011473526 0.602075219 4.742442608 0.025380146 0.999571145 -0.014605823 -0.446768552 -0.601649642 0.026941421 0.798305869 13.536441803
0.769774675 -0.010526151 0.638229251 5.416951180 0.026209336 0.999541938 -0.015126133 -0.481162310 -0.637777925 0.028371276 0.769697905 14.345620155
0.739195466 -0.014069116 0.673344374 6.081972122 0.031362519 0.999416173 -0.013547475 -0.515968204 -0.672760844 0.031132005 0.739205062 15.066147804
0.707168639 -0.012944349 0.706926823 6.795126915 0.031262659 0.999426901 -0.012973092 -0.547372818 -0.706353962 0.031274572 0.707167923 15.783028603
0.673174381 -0.011358305 0.739396930 7.614548683 0.032257564 0.999381185 -0.014016389 -0.568304718 -0.738780320 0.033286612 0.673124075 16.502658844
0.637426257 -0.012087969 0.770416975 8.421195984 0.036303952 0.999237478 -0.014358877 -0.603152514 -0.769656122 0.037121899 0.637378871 17.186182022
0.600908995 -0.010432126 0.799249768 9.266275406 0.036413562 0.999233842 -0.014334801 -0.646907330 -0.798487961 0.037717432 0.600828290 17.817426682
0.562891126 -0.009073244 0.826481700 10.156185150 0.039369382 0.999098957 -0.015844980 -0.680570543 -0.825593293 0.041457061 0.562740862 18.452867508
0.524366796 -0.007495055 0.851459980 11.060533524 0.044345155 0.998844445 -0.018517269 -0.712228715 -0.850337386 0.047467951 0.524092972 18.993175507
0.485772043 -0.006466298 0.874062121 11.931261063 0.046020608 0.998774707 -0.018187640 -0.744273484 -0.872873604 0.049059898 0.485474110 19.469200134
0.447944254 -0.008338989 0.894023061 12.958531380 0.051463809 0.998538792 -0.016471714 -0.787582219 -0.892579496 0.053388223 0.447718561 19.933080673
0.411405742 -0.009090925 0.911407411 14.006623268 0.055760361 0.998328090 -0.015212062 -0.827998757 -0.909745455 0.057078723 0.411224484 20.351373672
0.376336098 -0.006914391 0.926457882 15.025250435 0.057610594 0.998211503 -0.015952045 -0.867747068 -0.924690723 0.059377100 0.376060992 20.751173019
0.342908949 -0.007535805 0.939338863 16.052337646 0.058332298 0.998208642 -0.013286300 -0.885358989 -0.937556148 0.059349768 0.342733860 21.141357422
0.309955984 -0.009324757 0.950705588 17.098873138 0.061155401 0.998076499 -0.010148923 -0.908738136 -0.948782384 0.061286490 0.309929609 21.445613861
0.276571840 -0.009527067 0.960946381 18.290855408 0.061728764 0.998061776 -0.007871211 -0.951832056 -0.959008992 0.061494980 0.276623398 21.831457138
0.244454861 -0.006604241 0.969638586 19.297519684 0.059070319 0.998220861 -0.008093230 -0.966746807 -0.967860103 0.059255276 0.244409576 22.083829880
0.213836044 -0.004939980 0.976857483 20.386028290 0.059552800 0.998193026 -0.007988323 -0.977218270 -0.975053012 0.059882771 0.213743344 22.308010101
0.183764398 -0.004916847 0.982958436 21.498533249 0.061687257 0.998073936 -0.006539969 -0.999842525 -0.981033206 0.061837804 0.183713272 22.505170822
0.153738260 -0.005331575 0.988097668 22.614500046 0.064035557 0.997936964 -0.004578608 -1.011000514 -0.986034870 0.063977271 0.153762013 22.642797470
0.123376295 -0.005849232 0.992343187 23.780534744 0.063331328 0.997990429 -0.001991326 -1.012198091 -0.990337431 0.063092068 0.123498298 22.803659439
0.094460033 -0.006325467 0.995509028 24.892168045 0.064463340 0.997919917 0.000224134 -1.020485878 -0.993439734 0.064152636 0.094670810 22.893768311
0.067441404 -0.006055751 0.997705340 26.115711212 0.067672223 0.997706354 0.001481378 -1.022604823 -0.995425999 0.067417003 0.067696020 22.976266861
0.042571843 -0.005741911 0.999077380 27.275487900 0.071926557 0.997406185 0.002667460 -1.023702383 -0.996501327 0.071746603 0.042873908 23.031372070
0.020021569 -0.005364866 0.999785662 28.506719589 0.076611035 0.997053623 0.003816031 -1.026974082 -0.996860385 0.076518163 0.020373076 23.037010193
0.000034083 -0.005755281 0.999983966 29.758358002 0.082595378 0.996566534 0.005732825 -1.041846752 -0.996583521 0.082593799 0.000508817 23.010578156
-0.017837007 -0.006364297 0.999821186 31.000547409 0.086585343 0.996213078 0.007886059 -1.029640079 -0.996085107 0.086710468 -0.017218916 23.006568909
-0.033462334 -0.006475335 0.999419510 32.241077423 0.089424744 0.995948613 0.009446975 -1.023300529 -0.995431662 0.089688897 -0.032748222 22.976701736
-0.047756717 -0.007338028 0.998832524 33.526374817 0.091732711 0.995714724 0.011701125 -1.028830886 -0.994638205 0.092184372 -0.046879441 22.910835266
-0.061061554 -0.008589362 0.998097539 34.838474274 0.092055365 0.995652437 0.014200106 -1.029756904 -0.993880272 0.092747264 -0.060005900 22.829908371
-0.073372506 -0.008678476 0.997267306 36.055686951 0.091455057 0.995689988 0.015393454 -1.023564696 -0.993102789 0.092334554 -0.072263092 22.758434296
-0.084438100 -0.005835830 0.996412098 37.240879059 0.091755994 0.995688319 0.013607222 -1.014622092 -0.992195368 0.092575714 -0.083539084 22.658235550
-0.094724678 -0.002620676 0.995500565 38.529285431 0.091857210 0.995707095 0.011361724 -1.006921291 -0.991256833 0.092520103 -0.094077833 22.546371460
-0.104158029 -0.000367515 0.994561255 39.786602020 0.092742324 0.995638847 0.010080629 -1.001905203 -0.990227580 0.093287848 -0.103670217 22.418199539
-0.111816943 0.000697283 0.993729174 41.063091278 0.092195153 0.995693743 0.009675406 -0.990401864 -0.989443123 0.092698835 -0.111400239 22.289527893
-0.117509276 0.001407337 0.993071437 42.382762909 0.091705799 0.995741129 0.009440381 -0.977468491 -0.988828719 0.092179678 -0.117138408 22.134275436
-0.122729525 0.003081087 0.992435992 43.713813782 0.092695884 0.995658994 0.008372171 -0.964662433 -0.988102019 0.093022183 -0.122482881 21.978885651
-0.127297997 0.004756930 0.991853774 45.086032867 0.091739699 0.995758116 0.006998573 -0.957649410 -0.987613142 0.091883205 -0.127194941 21.804533005
-0.131349280 0.005531729 0.991321385 46.498130798 0.092416793 0.995697618 0.006689033 -0.957601130 -0.987019360 0.092493281 -0.131295919 21.609424591
-0.134343907 0.004368606 0.990925789 47.898452759 0.092341252 0.995693922 0.008129491 -0.955020607 -0.986623287 0.092595421 -0.134169355 21.418855667
-0.136671975 0.002486706 0.990613878 49.312400818 0.092772454 0.995633781 0.010300259 -0.943146050 -0.986263037 0.093309380 -0.136306480 21.222486496
-0.138959080 0.001147350 0.990298092 50.759906769 0.092614010 0.995631337 0.011842143 -0.935504973 -0.985958278 0.093360990 -0.138458818 21.023694992
-0.141043425 0.001859600 0.990002275 52.196556091 0.095448114 0.995364964 0.011728640 -0.928107262 -0.985391855 0.096148044 -0.140567720 20.823535919
-0.142123163 0.001583120 0.989848375 53.653518677 0.095132992 0.995391130 0.012067311 -0.914655149 -0.985267162 0.095882215 -0.141619265 20.616186142
-0.142797232 0.002838597 0.989748538 55.126239777 0.096850410 0.995236516 0.011118910 -0.901077032 -0.985002339 0.097445235 -0.142392457 20.407642365
-0.142920479 0.002844739 0.989730716 56.617782593 0.096341439 0.995286703 0.011051356 -0.889668524 -0.985034406 0.096931487 -0.142521441 20.195184708
-0.142503724 0.004013016 0.989786744 58.155563354 0.095995322 0.995333374 0.009785376 -0.883245528 -0.985128522 0.096409284 -0.142224476 19.981254578
-0.141281828 0.003824590 0.989962637 59.705802917 0.096553348 0.995277941 0.009934454 -0.870031238 -0.985249996 0.096987709 -0.140984505 19.757839203
-0.140109375 0.002755485 0.990132809 61.274436951 0.095540665 0.995367229 0.010749526 -0.859462261 -0.985516071 0.096104011 -0.139724076 19.541604996
-0.138970420 0.003569424 0.990290701 62.871868134 0.096322395 0.995300472 0.009929761 -0.844757795 -0.985601246 0.096767068 -0.138661683 19.315633774
-0.137984723 0.004395833 0.990425169 64.487541199 0.096115716 0.995329499 0.008973149 -0.828336656 -0.985759854 0.096433535 -0.137763321 19.091670990
-0.137046069 0.004969496 0.990552783 66.109115601 0.097064503 0.995242119 0.008436190 -0.819900572 -0.985797763 0.097303614 -0.136876926 18.871305466
-0.136123210 0.004666073 0.990681469 67.746986389 0.096725360 0.995273650 0.008602746 -0.813540757 -0.985958934 0.096995004 -0.135931730 18.650714874
-0.135280803 0.003094200 0.990803003 69.425399780 0.098713703 0.995061576 0.010370561 -0.802426398 -0.985877812 0.099208720 -0.134918720 18.413824081
-0.134803146 0.001114290 0.990872324 71.100273132 0.100175180 0.994890928 0.012509551 -0.790168881 -0.985795796 0.100947097 -0.134226605 18.196386337
-0.134308368 0.002293244 0.990937471 72.746246338 0.101746991 0.994743705 0.011488432 -0.780615330 -0.985702336 0.102367856 -0.133836299 18.009201050
-0.133780956 0.003860447 0.991003990 74.441268921 0.103830218 0.994543016 0.010142403 -0.777287483 -0.985556841 0.104252972 -0.133452311 17.787878036
-0.132977486 0.003791332 0.991112351 76.210365295 0.102833323 0.994648039 0.009992318 -0.752060592 -0.985770106 0.103248082 -0.132656232 17.534126282
-0.132973135 0.003591841 0.991113663 77.915718079 0.103405528 0.994585931 0.010269049 -0.750306606 -0.985710859 0.103852093 -0.132625178 17.316976547
-0.132833794 0.002351617 0.991136014 79.636512756 0.103135489 0.994600952 0.011462593 -0.744482458 -0.985757947 0.103743874 -0.132359698 17.097696304
-0.132849142 0.002621457 0.991133273 81.356788635 0.104464121 0.994463325 0.011371889 -0.734264731 -0.985615909 0.105048575 -0.132387996 16.880466461
-0.132500559 0.002497141 0.991180241 83.151924133 0.106206782 0.994274974 0.011692774 -0.729355872 -0.985476494 0.106819332 -0.132007763 16.625007629
-0.132136524 0.003510426 0.991225779 84.935096741 0.106478229 0.994257390 0.010673077 -0.706234634 -0.985496044 0.106954232 -0.131752059 16.364650726
-0.131528020 0.004714037 0.991301656 86.768074036 0.105411574 0.994385242 0.009257566 -0.671270013 -0.985692084 0.105712272 -0.131287009 16.065359116
-0.131628260 0.005304055 0.991285384 88.607147217 0.105264112 0.994406283 0.008656818 -0.673578441 -0.985694468 0.105486222 -0.131450847 15.770101547
-0.132732183 0.006146919 0.991133332 90.445281982 0.104336120 0.994511127 0.007804814 -0.659393489 -0.985645115 0.104446910 -0.132645532 15.520993233
-0.133610204 0.005456981 0.991019368 92.239578247 0.103164159 0.994628251 0.008431870 -0.652336061 -0.985649824 0.103364214 -0.133456007 15.278537750
-0.134393260 0.005399160 0.990913808 94.103530884 0.103124991 0.994631112 0.008567002 -0.645557284 -0.985547483 0.103339270 -0.134229064 15.012467384
-0.135176182 0.004467005 0.990811944 95.932662964 0.100346595 0.994909525 0.009204808 -0.635711432 -0.985727251 0.100668825 -0.134936884 14.795899391
-0.136613086 0.005740447 0.990608275 97.793174744 0.100463524 0.994907379 0.008089421 -0.622898877 -0.985517204 0.100625068 -0.136494637 14.542205811
-0.139165729 0.006686463 0.990247011 99.651527405 0.099068068 0.995054126 0.007203776 -0.612634003 -0.985301316 0.099104315 -0.139140427 14.289039612
-0.143237963 0.007588195 0.989659607 101.548255920 0.099691518 0.994994700 0.006799738 -0.610223353 -0.984654605 0.099634595 -0.143278077 14.012237549
-0.148094371 0.006789638 0.988950312 103.424415588 0.097328886 0.995221674 0.007742246 -0.604963124 -0.984172404 0.097399972 -0.148048162 13.762926102
-0.153523862 0.006095437 0.988126576 105.321418762 0.096038617 0.995338380 0.008781493 -0.608933032 -0.983466923 0.096246421 -0.153394192 13.515212059
-0.157659113 0.006903874 0.987469912 107.268318176 0.094433226 0.995497644 0.008117207 -0.593808472 -0.982968032 0.094529659 -0.157601833 13.181914330
-0.161876038 0.008499513 0.986774981 109.167907715 0.095423698 0.995411158 0.007079965 -0.601071060 -0.982186615 0.095307730 -0.161944866 12.866075516
-0.166281402 0.010762819 0.986020088 111.049102783 0.095269077 0.995437562 0.005200495 -0.593404949 -0.981465459 0.094801903 -0.166548714 12.549680710
-0.171329498 0.011109282 0.985151589 112.976669312 0.093780175 0.995579541 0.005082638 -0.595983267 -0.980740309 0.093258440 -0.171614572 12.227055550
-0.176417843 0.010779725 0.984256744 114.897407532 0.091833070 0.995758533 0.005554466 -0.601463914 -0.980022252 0.091367170 -0.176660106 11.899448395
-0.181800693 0.010005049 0.983284891 116.841659546 0.089809962 0.995937467 0.006471312 -0.610056758 -0.979225636 0.089485213 -0.181961298 11.555825233
-0.188325852 0.009918296 0.982056856 118.808990479 0.088494428 0.996052265 0.006910678 -0.598127007 -0.978111565 0.088207960 -0.188460708 11.215602875
-0.194177523 0.009667630 0.980919063 120.796424866 0.088359244 0.996058643 0.007674314 -0.598121107 -0.976978958 0.088163383 -0.194267035 10.839172363
-0.199920461 0.011214767 0.979748249 122.764839172 0.088313177 0.996070266 0.006618990 -0.590054512 -0.975824118 0.087847888 -0.200125858 10.454667091
-0.205675840 0.012246629 0.978543818 124.745262146 0.087667897 0.996131420 0.005959819 -0.589886785 -0.974685550 0.087012604 -0.205954432 10.044790268
-0.211638868 0.012327533 0.977270484 126.723274231 0.087683253 0.996127188 0.006423424 -0.589593053 -0.973406792 0.087049633 -0.211900786 9.631299019
-0.217459187 0.012336311 0.975991786 128.695327759 0.086649738 0.996215701 0.006714384 -0.589073896 -0.972215772 0.086029470 -0.217705831 9.219570160
-0.222967178 0.013159837 0.974737465 130.687438965 0.085926570 0.996281624 0.006204677 -0.587548912 -0.971031666 0.085139215 -0.223269537 8.775491714
-0.226471633 0.014059799 0.973916650 132.658996582 0.085520573 0.996320665 0.005503493 -0.569612443 -0.970256209 0.084536217 -0.226841405 8.275738716
-0.229178533 0.015951576 0.973254085 133.784713745 0.095368192 0.995422602 0.006142090 -0.565180838 -0.968701422 0.094225049 -0.229651406 7.807722569
-0.235243380 0.014657820 0.971826315 134.060058594 0.105718583 0.994339168 0.010593235 -0.571826875 -0.966169953 0.105232030 -0.235461935 7.701960564
-0.238716140 0.015374081 0.970968008 136.073745728 0.106857315 0.994218111 0.010529087 -0.570540309 -0.965192378 0.106268436 -0.238979369 7.211022377
-0.242357045 0.015707415 0.970060289 138.098800659 0.107127510 0.994187593 0.010666370 -0.576105833 -0.964254618 0.106505163 -0.242631674 6.721243858
-0.245516807 0.015361123 0.969270945 140.106430054 0.106315188 0.994269252 0.011172427 -0.572814167 -0.963544846 0.105791204 -0.245743543 6.212426662
-0.249713764 0.015547799 0.968195200 142.170654297 0.104217574 0.994494200 0.010909371 -0.563099325 -0.962695122 0.103627130 -0.249959871 5.716551304
-0.253916532 0.016209053 0.967090607 144.205032349 0.103425011 0.994581521 0.010485190 -0.554871500 -0.961680710 0.102683678 -0.254217744 5.193078518
-0.257302165 0.015647270 0.966204643 146.000701904 0.104142442 0.994493961 0.011627963 -0.581701815 -0.960702896 0.103614762 -0.257515639 4.641818523
-0.262397379 0.014832810 0.964846194 148.238143921 0.102996856 0.994599938 0.012720606 -0.699077010 -0.959447443 0.102713943 -0.262508780 4.175605774
-0.267266989 0.016583711 0.963480055 150.444900513 0.105557643 0.994338334 0.012166613 -0.652755678 -0.957823575 0.104954392 -0.267504990 3.708034754
-0.271869957 0.016580399 0.962191403 152.343475342 0.105821840 0.994302750 0.012766559 -0.660142481 -0.956498086 0.105291687 -0.272076219 3.221100330
-0.276036799 0.015940739 0.961015105 154.347229004 0.105879381 0.994281113 0.013919718 -0.647992194 -0.955297530 0.105594017 -0.276146591 2.667131901
-0.280185014 0.015985189 0.959813118 156.368041992 0.106681466 0.994185805 0.014584430 -0.642029881 -0.953999758 0.106480591 -0.280261934 2.103765488
-0.285289615 0.016247874 0.958303869 158.300643921 0.108558409 0.993969262 0.015465583 -0.701481760 -0.952273667 0.108444095 -0.285333604 1.679142952
-0.288721561 0.017128268 0.957260132 160.347579956 0.108627237 0.993969202 0.014978250 -0.698983908 -0.951230884 0.108309045 -0.288841605 1.043385267
-0.292500466 0.018520584 0.956086278 162.160263062 0.109343715 0.993902087 0.014198998 -0.702150166 -0.949993491 0.108695202 -0.292742610 0.525215149
-0.295648783 0.019786447 0.955092013 164.150817871 0.110101737 0.993828237 0.013493088 -0.679736078 -0.948930800 0.109146476 -0.296003312 -0.097499490
-0.298518032 0.020726284 0.954179227 166.235671997 0.110170305 0.993828714 0.012879627 -0.664205909 -0.948024154 0.108966976 -0.298959941 -0.767266810
-0.301434517 0.020858316 0.953259051 168.350280762 0.110800363 0.993753195 0.013292360 -0.656645954 -0.947027326 0.109628186 -0.301863402 -1.443607450
-0.305325836 0.021204459 0.952012181 170.418289185 0.110548981 0.993780792 0.013320107 -0.646594703 -0.945809305 0.109310903 -0.305771887 -2.102166176
-0.309238672 0.022019511 0.950729847 172.543960571 0.112725802 0.993531644 0.013654904 -0.635531783 -0.944279850 0.111394361 -0.309721410 -2.784060001
-0.312360853 0.022312567 0.949701846 174.612487793 0.114761621 0.993287861 0.014409006 -0.622778177 -0.943006098 0.113490082 -0.312825680 -3.459085703
-0.315042019 0.021892140 0.948825598 176.716384888 0.115297489 0.993211508 0.015366422 -0.606387973 -0.942048311 0.114238232 -0.315428287 -4.148487091
-0.317855954 0.021276994 0.947900653 178.790252686 0.114827245 0.993252516 0.016209628 -0.590278208 -0.941160083 0.113997094 -0.318155229 -4.846117973
-0.320742667 0.022098312 0.946908951 180.854141235 0.113759011 0.993389130 0.015350124 -0.563576341 -0.940310001 0.112642817 -0.321136981 -5.520900726
-0.323623657 0.024304345 0.945874095 182.972915649 0.113202147 0.993483543 0.013203602 -0.548983097 -0.939389706 0.111347921 -0.324266911 -6.240790844
-0.326887548 0.026135406 0.944702208 185.078948975 0.112597302 0.993573725 0.011473689 -0.539262533 -0.938331723 0.110121466 -0.327730507 -6.958291531
-0.330727875 0.027067563 0.943338335 187.131103516 0.112212807 0.993624449 0.010830605 -0.554349184 -0.937031209 0.109436557 -0.331657499 -7.607196808
-0.333689779 0.028027130 0.942266643 189.247848511 0.110552073 0.993823290 0.009589739 -0.546134591 -0.936178148 0.107369445 -0.334727973 -8.378190994
-0.337779820 0.028227057 0.940802217 191.327362061 0.111649565 0.993693829 0.010272007 -0.562316358 -0.934579790 0.108509757 -0.338802069 -9.042003632
-0.342018872 0.027597981 0.939288139 193.392837524 0.111194007 0.993733823 0.011290903 -0.565499604 -0.933091223 0.108304836 -0.342945278 -9.711608887
-0.345708519 0.027060220 0.937952101 195.479476929 0.111432992 0.993693769 0.012403378 -0.578238189 -0.931701958 0.108806692 -0.346544653 -10.451357841
-0.350014091 0.026842270 0.936360180 197.544113159 0.111717030 0.993650615 0.013275567 -0.587237716 -0.930058956 0.109253950 -0.350791305 -11.155456543
-0.353603452 0.027030664 0.935005248 199.724594116 0.110711187 0.993764997 0.013139755 -0.568992674 -0.928820729 0.108161725 -0.354392171 -11.977845192
-0.357233822 0.027666127 0.933605671 201.860641479 0.109702066 0.993884861 0.012523867 -0.562564552 -0.927550375 0.106892340 -0.358085155 -12.775851250
-0.360515803 0.028022548 0.932332575 203.934524536 0.109580375 0.993898630 0.012499717 -0.582981467 -0.926294088 0.106671616 -0.361387700 -13.544845581
-0.363555193 0.028711941 0.931130588 206.032546997 0.110462710 0.993801177 0.012485188 -0.596834123 -0.925000429 0.107394181 -0.364473999 -14.337513924
-0.366249681 0.028429642 0.930082738 208.194152832 0.111313604 0.993693531 0.013459264 -0.595017016 -0.923834741 0.108460225 -0.367105365 -15.167358398
-0.368503511 0.028083695 0.929202557 210.216735840 0.112839729 0.993503451 0.014722939 -0.578402281 -0.922752678 0.110276341 -0.369279265 -15.970836639
-0.371622294 0.028430359 0.927949071 212.316787720 0.113905579 0.993374884 0.015181708 -0.599628747 -0.921369910 0.111340366 -0.372399420 -16.773096085
-0.374208301 0.029528871 0.926874876 214.489974976 0.113977291 0.993378758 0.014368601 -0.589444160 -0.920313835 0.111019470 -0.375096977 -17.639196396
-0.377037227 0.029322535 0.925734341 216.565414429 0.113269702 0.993455291 0.014665403 -0.609428823 -0.919245899 0.110386983 -0.377891779 -18.448736191
-0.379651815 0.030666469 0.924621522 218.680877686 0.113312893 0.993465841 0.013576753 -0.609688699 -0.918163776 0.109925911 -0.380646825 -19.315229416
-0.382540584 0.031658046 0.923396647 220.748016357 0.113163307 0.993492961 0.012819532 -0.617903531 -0.916982472 0.109398529 -0.383634716 -20.148876190
-0.385317266 0.031516448 0.922246277 222.786804199 0.111082666 0.993732393 0.012451291 -0.632016063 -0.916073859 0.107243188 -0.386404008 -20.941968918
-0.388378650 0.032543477 0.920925498 224.875167847 0.112021886 0.993630946 0.012129873 -0.633751214 -0.914665639 0.107874721 -0.389551431 -21.815694809
-0.391013056 0.032038383 0.919827819 226.910537720 0.113511898 0.993442059 0.013650779 -0.638547421 -0.913358569 0.109748952 -0.392086387 -22.645162582
-0.394379646 0.030610504 0.918438077 228.929412842 0.114092454 0.993342340 0.015884621 -0.666471183 -0.911837518 0.111051351 -0.395247251 -23.463312149
-0.397484273 0.030188678 0.917112708 230.782165527 0.113211602 0.993435323 0.016365863 -0.677249849 -0.910598397 0.110332899 -0.398293436 -24.230211258
-0.400680959 0.030318808 0.915716350 232.735198975 0.112142019 0.993559718 0.016172733 -0.692129493 -0.909328878 0.109170303 -0.401501328 -25.007766724
-0.404346734 0.029842896 0.914119303 234.927566528 0.110503383 0.993738949 0.016437290 -0.675760984 -0.907905757 0.107659549 -0.405113727 -25.959457397
-0.407814562 0.029199759 0.912598312 237.128616333 0.109878674 0.993793547 0.017304005 -0.678771973 -0.906429291 0.107331835 -0.408492804 -26.913009644
-0.411621034 0.029002013 0.910894096 239.191619873 0.109476693 0.993828654 0.017828519 -0.688574195 -0.904755831 0.107060179 -0.412256718 -27.822357178
-0.415430844 0.028453210 0.909180224 241.274459839 0.108771920 0.993891954 0.018596765 -0.684270203 -0.903097987 0.106618866 -0.415989220 -28.757940292
-0.419182718 0.027993813 0.907470822 243.298751831 0.108051136 0.993958175 0.019249655 -0.674899101 -0.901449382 0.106122293 -0.419675767 -29.673387527
-0.422941387 0.028087858 0.905722201 245.403518677 0.107364468 0.994031489 0.019309089 -0.663905501 -0.899774194 0.105408914 -0.423433572 -30.643600464
-0.426765054 0.028913675 0.903900802 247.460021973 0.107690342 0.994001269 0.019048834 -0.646951556 -0.897927880 0.105470680 -0.427319616 -31.587879181
-0.430297315 0.029360421 0.902210176 249.541229248 0.108077958 0.993956327 0.019200284 -0.639922619 -0.896193862 0.105770789 -0.430870831 -32.548110962
-0.433596432 0.029347911 0.900629699 251.564529419 0.108320594 0.993918896 0.019761721 -0.626953185 -0.894573033 0.106125273 -0.434139580 -33.502891541
-0.437794894 0.029796150 0.898581564 253.551208496 0.107321180 0.994035900 0.019326275 -0.624150336 -0.892646611 0.104897693 -0.438382477 -34.372035980
-0.441481978 0.030067006 0.896766782 255.640243530 0.107892036 0.993964970 0.019789822 -0.605418146 -0.890759826 0.105490766 -0.442062527 -35.389003754
-0.444857478 0.030741522 0.895074189 257.800018311 0.108873092 0.993854225 0.019976482 -0.584587812 -0.888959229 0.106336109 -0.445471346 -36.449115753
-0.448336601 0.031819813 0.893298864 259.874847412 0.110371068 0.993688524 0.019998260 -0.578506351 -0.887024581 0.107560217 -0.449019879 -37.462055206
-0.452268213 0.033933979 0.891236782 262.009155273 0.112791143 0.993428290 0.019412221 -0.587914646 -0.884721279 0.109303057 -0.453124464 -38.458526611
-0.455201954 0.034855910 0.889706314 264.042724609 0.114758998 0.993195117 0.019804081 -0.586743295 -0.882961869 0.111116573 -0.456105411 -39.439453125
-0.458472490 0.036983751 0.887939334 265.989562988 0.116521835 0.993009269 0.018804064 -0.562230349 -0.881036758 0.112085380 -0.459577888 -40.394248962
-0.461207360 0.039463725 0.886414945 267.980285645 0.118824340 0.992757916 0.017626911 -0.576315939 -0.879300117 0.113457255 -0.462557584 -41.377975464
-0.464088172 0.040208846 0.884876549 270.003784180 0.120170869 0.992590547 0.017922252 -0.565503955 -0.877599716 0.114653818 -0.465482533 -42.404628754
-0.467258781 0.041135274 0.883163750 272.059967041 0.120623030 0.992541671 0.017588727 -0.562554777 -0.875853539 0.114748307 -0.468736798 -43.456546783
-0.470823765 0.041217275 0.881264508 274.213348389 0.119963661 0.992620230 0.017666288 -0.551345766 -0.874033034 0.114037357 -0.472294897 -44.562534332
-0.474356413 0.042510644 0.879306436 276.325195312 0.120760202 0.992532492 0.017161487 -0.531489491 -0.872010946 0.114325814 -0.475948900 -45.682083130
-0.477560759 0.042759221 0.877558231 278.424194336 0.119990043 0.992629826 0.016931627 -0.513128877 -0.870366752 0.113384061 -0.479172885 -46.814445496
-0.480729759 0.042347535 0.875846267 280.466125488 0.118403487 0.992819428 0.016985461 -0.509665608 -0.868838131 0.111868590 -0.482293069 -47.874683380
-0.483936965 0.043080159 0.874042451 282.516571045 0.120764583 0.992518127 0.017944934 -0.517852068 -0.866730154 0.114237502 -0.485519886 -48.915714264
-0.486604899 0.043328635 0.872547686 284.596862793 0.122712187 0.992256463 0.019161429 -0.514678955 -0.864961028 0.116396189 -0.488154948 -49.996326447
-0.489652395 0.043497808 0.870832741 286.627563477 0.124733754 0.991975784 0.020586541 -0.533511817 -0.862949789 0.118702389 -0.491150141 -51.044860840
-0.491180688 0.043715727 0.869960725 288.747924805 0.125059873 0.991931021 0.020764193 -0.495089382 -0.862033606 0.118996054 -0.492685616 -52.230915070
-0.493653417 0.043199439 0.868585825 290.868682861 0.125360087 0.991868317 0.021916436 -0.477789283 -0.860576272 0.119705021 -0.495055884 -53.398384094
-0.495972157 0.043868966 0.867230296 293.052947998 0.127318382 0.991602302 0.022653528 -0.441201270 -0.858954072 0.121649772 -0.497393668 -54.637393951
-0.498107344 0.043721937 0.866013110 295.131378174 0.127572179 0.991554320 0.023316022 -0.403136492 -0.857679904 0.122092947 -0.499479383 -55.818042755
-0.499539256 0.044822052 0.865131617 297.307403564 0.126724124 0.991697669 0.021792945 -0.336134553 -0.856972575 0.120519377 -0.501073182 -57.098819733
-0.501819491 0.047531769 0.863666117 299.475952148 0.127328023 0.991669953 0.019405512 -0.315063000 -0.855549634 0.119706854 -0.503692687 -58.344322205
-0.505685747 0.046892192 0.861443162 301.500579834 0.125937462 0.991836905 0.019937942 -0.307755381 -0.853476465 0.118570194 -0.507464528 -59.473953247
-0.510573685 0.045438163 0.858633339 303.628143311 0.124917172 0.991926968 0.021788239 -0.311292261 -0.850711823 0.118382446 -0.512129068 -60.643363953
-0.515569568 0.043360181 0.855750680 305.841796875 0.123313077 0.992075980 0.024025569 -0.282590359 -0.847928226 0.117912002 -0.516832352 -61.938987732
-0.520678878 0.042131480 0.852713168 307.999145508 0.122187532 0.992176175 0.025587304 -0.239257857 -0.844964027 0.117513590 -0.521754384 -63.175434113
-0.524957120 0.042321254 0.850076616 310.300811768 0.122616492 0.992103815 0.026328612 -0.188940093 -0.842250407 0.118054703 -0.526002526 -64.572257996
-0.529265583 0.043382250 0.847347140 312.491973877 0.124132670 0.991903901 0.026751898 -0.130690038 -0.839326799 0.119342223 -0.530367076 -65.920593262
-0.533863604 0.044901147 0.844378412 314.663085938 0.126699597 0.991562188 0.027378768 -0.106580786 -0.836024702 0.121598832 -0.535049260 -67.184997559
-0.537782967 0.045480136 0.841856480 316.881500244 0.128124908 0.991353393 0.028290477 -0.056457072 -0.833290994 0.123076834 -0.538961470 -68.559814453
-0.541430175 0.043992721 0.839594722 319.099578857 0.127775580 0.991334260 0.030455247 0.006452635 -0.830979645 0.123769000 -0.542360902 -69.991676331
-0.545475066 0.042920761 0.837028086 321.269317627 0.127467424 0.991317630 0.032235723 0.044524755 -0.828377545 0.124277517 -0.546211481 -71.349067688
-0.549635530 0.042847697 0.834305823 323.467620850 0.126711786 0.991403878 0.032561127 0.098258153 -0.825739324 0.123613052 -0.550341427 -72.758644104
-0.553657591 0.042721789 0.831648648 325.599639893 0.126908332 0.991345406 0.033561923 0.153748199 -0.823017716 0.124124877 -0.554288983 -74.149635315
-0.557243168 0.043039370 0.829234004 327.829437256 0.128607884 0.991077065 0.034984760 0.211277008 -0.820329547 0.126140982 -0.557807505 -75.630531311
-0.561045647 0.043472588 0.826643407 329.936920166 0.130130485 0.990834177 0.036212754 0.287482053 -0.817492723 0.127888441 -0.561561704 -77.005218506
-0.564604461 0.041648630 0.824311018 332.136260986 0.127465189 0.991142929 0.037228283 0.361668259 -0.815460026 0.126090139 -0.564913809 -78.518997192
-0.567629218 0.041109476 0.822258174 334.355651855 0.127321318 0.991118908 0.038341891 0.439773232 -0.813379943 0.126454890 -0.567823589 -80.031608582
-0.570287287 0.040464554 0.820448935 336.481262207 0.127323449 0.991068244 0.039621986 0.510274053 -0.811518192 0.127058223 -0.570347130 -81.506317139
-0.572944105 0.039483313 0.818643689 338.640716553 0.124670111 0.991412878 0.039436877 0.584923208 -0.810057402 0.124655448 -0.572948039 -83.024490356
-0.576001585 0.038546070 0.816540122 340.798187256 0.121164933 0.991878390 0.038648665 0.659286916 -0.808419347 0.121197633 -0.575995445 -84.483428955
-0.578919411 0.038056374 0.814497113 342.930847168 0.118124902 0.992285550 0.037596207 0.730300128 -0.806783497 0.117977478 -0.578950107 -85.996803284
-0.581059754 0.035037614 0.813107252 345.026031494 0.114998162 0.992582500 0.039408170 0.820424676 -0.805695832 0.116404250 -0.580780268 -87.499114990
-0.584970713 0.034634173 0.810315549 347.339508057 0.115215234 0.992502987 0.040753264 0.921882331 -0.802829623 0.117200062 -0.584576845 -89.098129272
-0.587553442 0.034886826 0.808433950 349.545410156 0.115237534 0.992493391 0.040922631 0.998204410 -0.800938129 0.117206052 -0.587164462 -90.696617126
-0.590947926 0.033348005 0.806021094 351.734832764 0.112660050 0.992764235 0.041524347 1.067312956 -0.798804581 0.115344986 -0.590430319 -92.262626648
-0.593740880 0.029750699 0.804107130 353.836761475 0.110584982 0.992849708 0.044920422 1.146413445 -0.797021508 0.115593135 -0.592786789 -93.804634094
-0.596555829 0.027372310 0.802105665 355.966094971 0.107915744 0.993076622 0.046371620 1.240578651 -0.795283496 0.114222959 -0.595380962 -95.370758057
-0.600341916 0.026291065 0.799312115 358.103973389 0.105984665 0.993258238 0.046931852 1.336019397 -0.792689919 0.112889856 -0.599082470 -96.937194824
-0.603000641 0.026652364 0.797296286 360.196166992 0.105442800 0.993334293 0.046541478 1.427281260 -0.790741682 0.112133570 -0.601792991 -98.482292175
-0.605611980 0.026046801 0.795334637 362.321441650 0.105292939 0.993297815 0.047645871 1.516385794 -0.788763583 0.112597913 -0.604297101 -100.080627441
-0.607055187 0.025872890 0.794239283 362.384002686 0.105318151 0.993271291 0.048140544 1.530246854 -0.787650049 0.112871669 -0.605696797 -100.187034607
-0.609884918 0.024350688 0.792116761 364.381286621 0.102196984 0.993597269 0.048141383 1.598901033 -0.785873234 0.110312521 -0.608469963 -101.679626465
-0.612823069 0.020666601 0.789950848 366.527191162 0.092159525 0.994704127 0.045471560 1.689578891 -0.784828067 0.100667380 -0.611483634 -103.307327271
-0.616505265 0.023302106 0.787006915 366.559448242 0.084347636 0.995762944 0.036590979 1.666167855 -0.782820165 0.088940546 -0.615859985 -103.303771973
-0.618999720 0.033353861 0.784683645 366.599853516 0.094217472 0.995034873 0.032028574 1.630924702 -0.779719830 0.093756422 -0.619070351 -103.323204041
-0.619802177 0.034177527 0.784014523 366.675323486 0.100760512 0.994246304 0.036313947 1.643368840 -0.778262913 0.101505011 -0.619681299 -103.504760742
-0.622392416 0.024800621 0.782313347 367.795166016 0.099588707 0.993882060 0.047722980 1.677409410 -0.776344180 0.107611865 -0.621056139 -104.369987488
-0.624715209 0.014283745 0.780723035 370.016296387 0.093493983 0.994006753 0.056625627 1.795338392 -0.775235653 0.108367674 -0.622308195 -106.178573608
-0.627873421 0.008549117 0.778269589 372.386291504 0.087516263 0.994372189 0.059681222 1.983111024 -0.773379922 0.105583377 -0.625089586 -108.091140747
-0.629571080 0.009088674 0.776890755 373.619659424 0.087327264 0.994421482 0.059134051 2.183392286 -0.772019923 0.105072714 -0.626854241 -109.561332703
-0.636144280 0.014113557 0.771442056 373.684661865 0.092841536 0.993966818 0.058373984 2.178732395 -0.765964448 0.108756028 -0.633618057 -109.587371826
-0.640091121 0.020638634 0.768022716 373.704986572 0.097466320 0.993742526 0.054526746 2.187141895 -0.762092054 0.109758325 -0.638098776 -109.629898071
-0.643065274 0.023332626 0.765456855 375.784942627 0.098180756 0.993797660 0.052189302 2.330973387 -0.759492159 0.108714148 -0.641368926 -111.019630432
-0.650467873 0.023450060 0.759172678 375.817413330 0.098036058 0.993752897 0.053302336 2.327241898 -0.753180742 0.109097645 -0.648704648 -111.056144714
-0.653351784 0.022983812 0.756706417 376.947692871 0.098707102 0.993591368 0.055046290 2.399413824 -0.750592411 0.110656790 -0.651434779 -111.978645325
-0.655960143 0.021843586 0.754480422 378.822814941 0.098666474 0.993484080 0.057019301 2.500197411 -0.748319387 0.111844212 -0.653842568 -113.518669128
-0.657940507 0.022346165 0.752739251 380.785583496 0.099253625 0.993411541 0.057262819 2.616893768 -0.746500909 0.112387553 -0.655825019 -115.196266174
-0.658819616 0.022688137 0.751959682 382.792968750 0.100378461 0.993257105 0.057976615 2.695369482 -0.745574594 0.113676615 -0.656656086 -116.949821472
-0.659812033 0.023514545 0.751063704 382.737335205 0.101530850 0.993132651 0.058101784 2.696217299 -0.744540334 0.114592306 -0.657669723 -117.032424927
-0.660829306 0.022926079 0.750187039 384.735565186 0.102975972 0.992848635 0.060368069 2.815963745 -0.743438840 0.117144145 -0.658465743 -118.793884277
-0.661786139 0.022439742 0.749357820 386.669403076 0.104858950 0.992495358 0.062884241 2.944916964 -0.742323637 0.120192721 -0.659174144 -120.471916199
-0.662929118 0.022334285 0.748350024 388.363677979 0.106630594 0.992180169 0.064847782 3.089116573 -0.741050243 0.122786425 -0.660128176 -121.983978271
-0.664321780 0.022513207 0.747108579 390.184875488 0.105168663 0.992416322 0.063609645 3.213295698 -0.740011215 0.120829619 -0.661653042 -123.528999329
-0.665615320 0.022521706 0.745956123 392.066436768 0.101243369 0.993027449 0.060358003 3.341008663 -0.739396036 0.115698248 -0.663256049 -125.226104736
-0.666939676 0.021467606 0.744803429 393.736602783 0.097941794 0.993436098 0.059068654 3.418025255 -0.738646984 0.112342536 -0.664666057 -126.720527649
-0.667990386 0.020558855 0.743886888 395.641113281 0.097222120 0.993460238 0.059846457 3.531799793 -0.737792134 0.112299055 -0.665622175 -128.399154663
-0.668877125 0.019161226 0.743126988 397.605072021 0.094946638 0.993680716 0.059838295 3.651791334 -0.737284899 0.110581808 -0.666471183 -130.129684448
-0.669201732 0.018234234 0.742857933 399.567901611 0.092258804 0.994000971 0.058712251 3.778364658 -0.737331510 0.107825458 -0.666871071 -131.910140991
-0.669799566 0.017642638 0.742333233 401.561126709 0.091302298 0.994086742 0.058755133 3.903707504 -0.736907601 0.107130826 -0.667451382 -133.686157227
-0.669447958 0.016209329 0.742682993 401.519805908 0.091880068 0.993890405 0.061127819 3.893001556 -0.737155259 0.109159589 -0.666848958 -133.799484253
-0.669231236 0.014791550 0.742907882 403.351013184 0.094017603 0.993450403 0.064913593 4.007524490 -0.737082481 0.113288566 -0.666240394 -135.405212402
-0.667023540 0.013427932 0.744916558 405.356781006 0.097960167 0.992736399 0.069821663 4.151496887 -0.738568783 0.119544804 -0.663495600 -137.232345581
-0.665497959 0.012627724 0.746293783 407.355010986 0.101967879 0.992019236 0.074142970 4.306438923 -0.739402115 0.125439957 -0.661476076 -138.995742798
-0.664336741 0.009960215 0.747367978 409.340240479 0.095846139 0.992789626 0.071966805 4.464180946 -0.741262913 0.119442485 -0.660502911 -140.686843872
-0.663879991 0.009327257 0.747781873 411.367675781 0.088582784 0.993861854 0.066247001 4.623459339 -0.742574513 0.110220596 -0.660632908 -142.398361206
-0.662182033 0.007185033 0.749309540 413.394653320 0.083928913 0.994371772 0.064634964 4.763603687 -0.744628370 0.105688773 -0.659059763 -144.166641235
-0.659658134 0.006674535 0.751537144 415.371948242 0.082068056 0.994619191 0.063201420 4.888477802 -0.747071922 0.103368439 -0.656658053 -145.891433716
-0.657073915 0.007223329 0.753792524 417.354431152 0.084066346 0.994417250 0.063750662 5.025732517 -0.749124289 0.105257399 -0.654014528 -147.592346191
-0.654319584 0.006989364 0.756186783 419.332427979 0.084592029 0.994356275 0.064005710 5.164523125 -0.751472235 0.105847485 -0.651219726 -149.287307739
-0.651566625 0.007809110 0.758552134 421.235076904 0.082327083 0.994767308 0.060474809 5.289895058 -0.754111171 0.101852670 -0.648801744 -150.941543579
-0.650134504 0.002776508 0.759815037 423.059265137 0.075136334 0.995325446 0.060653131 5.409335613 -0.756095350 0.096522324 -0.647305667 -152.472427368
-0.649452984 -0.003220170 0.760395885 425.018585205 0.066933431 0.995865881 0.061385058 5.536541462 -0.757450402 0.090762533 -0.646554172 -154.095993042
-0.649101555 -0.006915024 0.760671258 427.003570557 0.059457280 0.996436894 0.059794772 5.651091576 -0.758374870 0.084040239 -0.646379232 -155.768463135
-0.648415864 -0.007685547 0.761248410 429.025604248 0.057616562 0.996584237 0.059138048 5.776993752 -0.759103179 0.082206488 -0.645759821 -157.466857910
-0.647219181 -0.007493015 0.762268007 431.033233643 0.059847265 0.996364415 0.060608648 5.900023460 -0.759951293 0.084846660 -0.644419372 -159.156768799
-0.645967662 -0.008683986 0.763316214 431.577636719 0.061335318 0.996110439 0.063238278 5.934939861 -0.760896862 0.087668046 -0.642924190 -159.627105713
-0.644550681 -0.011000425 0.764483213 433.599822998 0.059710097 0.996116817 0.064676188 6.069508076 -0.762226582 0.087334380 -0.641392708 -161.308990479
-0.643641710 -0.011230026 0.765245318 433.603271484 0.057579380 0.996346414 0.063050970 6.070215225 -0.763158023 0.084644511 -0.640645266 -161.311431885
-0.642737448 -0.010346505 0.766017437 435.637268066 0.056459170 0.996548414 0.060833067 6.200759888 -0.764003336 0.082348309 -0.639936566 -162.996643066
-0.641698241 -0.008887999 0.766906559 437.688446045 0.057347488 0.996576130 0.059534408 6.326897144 -0.764810324 0.082183190 -0.638993144 -164.693923950
-0.640398562 -0.008279550 0.767998993 439.690124512 0.059584133 0.996391237 0.060426176 6.448170662 -0.765728235 0.084457286 -0.637595832 -166.341186523
