1.000000000 0.000000000 0.000000000 0.000000000 0.000000000 1.000000000 0.000000000 0.000000000 0.000000000 0.000000000 1.000000000 0.000000000
0.999997914 0.001157546 0.001667627 -0.010138803 -0.001149705 0.999988317 -0.004695274 -0.001607994 -0.001673042 0.004693347 0.999987602 0.955042183
0.999996364 -0.001105398 0.002459894 -0.009049786 0.001118979 0.999984086 -0.005526668 0.000378933 -0.002453746 0.005529400 0.999981701 1.915666819
0.999992847 -0.002725730 0.002613297 -0.011779937 0.002729519 0.999995232 -0.001447742 -0.000715129 -0.002609339 0.001454865 0.999995530 2.865816116
0.999984801 -0.005144337 0.001961665 -0.009417591 0.005135486 0.999976695 0.004490797 -0.003831064 -0.001984722 -0.004480655 0.999988019 3.819245815
0.999962449 -0.008637563 0.000620583 -0.008687713 0.008634723 0.999952853 0.004442542 -0.000304392 -0.000658927 -0.004437018 0.999989986 4.746214390
0.999938607 -0.011077425 -0.000286690 -0.010731477 0.011077886 0.999937236 0.001655446 0.000682915 0.000268334 -0.001658521 0.999998629 5.675415039
0.999929726 -0.011809883 -0.001062296 -0.014773979 0.011807988 0.999928653 -0.001773994 0.000476887 0.001083171 0.001761326 0.999997914 6.594030380
0.999932706 -0.011455623 -0.001840926 -0.022050111 0.011451237 0.999931514 -0.002376085 -0.000148863 0.001868019 0.002354844 0.999995530 7.516793728
0.999937534 -0.010834977 -0.002729747 -0.032927781 0.010833528 0.999941051 -0.000545763 -0.001390334 0.002735500 0.000516156 0.999996185 8.436828613
0.999935329 -0.010780004 -0.003616885 -0.038325660 0.010788974 0.999938607 0.002469389 -0.003368885 0.003590043 -0.002508253 0.999990463 9.363114357
0.999931216 -0.010839270 -0.004466489 -0.048396859 0.010856811 0.999933183 0.003921164 -0.000379830 0.004423688 -0.003969387 0.999982357 10.273641586
0.999913096 -0.012217071 -0.004944121 -0.059476532 0.012240534 0.999913633 0.004743031 0.002313606 0.004885749 -0.004803139 0.999976516 11.185959816
0.999906778 -0.012335000 -0.005843517 -0.065860800 0.012362332 0.999912500 0.004664110 0.006574336 0.005785475 -0.004735915 0.999972045 12.090978622
0.999897242 -0.012797086 -0.006449221 -0.078715935 0.012818296 0.999912322 0.003257792 0.010265268 0.006406967 -0.003340126 0.999973893 12.995354652
0.999881148 -0.013233625 -0.007904707 -0.088894241 0.013244130 0.999911249 0.001277518 0.012550655 0.007887103 -0.001382057 0.999967933 13.902342796
0.999850631 -0.014537998 -0.009342630 -0.101552360 0.014538424 0.999894023 -0.000022748 0.014002318 0.009341976 -0.000113082 0.999956310 14.800342560
0.999837697 -0.014193486 -0.011095348 -0.114586666 0.014186258 0.999898851 -0.000730344 0.015781825 0.011104597 0.000572825 0.999938130 15.704880714
0.999838531 -0.012904480 -0.012505186 -0.134988576 0.012885139 0.999915361 -0.001626383 0.014917932 0.012525121 0.001464990 0.999920487 16.598634720
0.999835908 -0.011446069 -0.014038770 -0.156941593 0.011424718 0.999933124 -0.001600465 0.013535414 0.014056157 0.001439814 0.999900162 17.494007111
0.999809980 -0.011817283 -0.015498628 -0.174726427 0.011806729 0.999929726 -0.000772560 0.012106064 0.015506675 0.000589425 0.999879539 18.387435913
0.999796569 -0.011173741 -0.016786665 -0.197827652 0.011185814 0.999936938 0.000625215 0.010146101 0.016778627 -0.000812860 0.999858856 19.263416290
0.999776900 -0.010833849 -0.018129250 -0.218944177 0.010857526 0.999940038 0.001207869 0.009856653 0.018115085 -0.001404438 0.999834895 20.142942429
0.999734104 -0.012117901 -0.019616622 -0.242565453 0.012140269 0.999925494 0.001021405 0.010147286 0.019602790 -0.001259284 0.999807000 21.020599365
0.999701500 -0.012143066 -0.021201305 -0.265391707 0.012158183 0.999925673 0.000584055 0.010652460 0.021192644 -0.000841650 0.999774992 21.891519547
0.999677122 -0.012007632 -0.022394683 -0.288046837 0.012033404 0.999926865 0.001016170 0.009275932 0.022380851 -0.001285326 0.999748588 22.757522583
0.999651730 -0.011904671 -0.023553215 -0.310586274 0.011977062 0.999923766 0.002934638 0.011178967 0.023516491 -0.003215714 0.999718189 23.611858368
0.999611199 -0.013284744 -0.024515597 -0.330726236 0.013426710 0.999893785 0.005635176 0.014785469 0.024438139 -0.005962149 0.999683499 24.462543488
0.999597788 -0.013103198 -0.025151374 -0.356392860 0.013289290 0.999885261 0.007245844 0.017251385 0.025053553 -0.007577173 0.999657333 25.299167633
0.999589324 -0.012560146 -0.025757397 -0.383165985 0.012723346 0.999899745 0.006181758 0.018699018 0.025677180 -0.006506939 0.999649048 26.124725342
0.999591172 -0.010801957 -0.026473081 -0.413218170 0.010897091 0.999934435 0.003451781 0.025403457 0.026434069 -0.003738849 0.999643505 26.934677124
0.999578118 -0.010345817 -0.027138453 -0.440814853 0.010395755 0.999944270 0.001699501 0.029166790 0.027119370 -0.001980908 0.999630213 27.731977463
0.999559879 -0.009435192 -0.028124785 -0.468916595 0.009477259 0.999953866 0.001362595 0.029792413 0.028110646 -0.001628540 0.999603450 28.520223618
0.999525189 -0.009608154 -0.029277671 -0.498398960 0.009638403 0.999952912 0.000892013 0.028094323 0.029267736 -0.001173778 0.999570906 29.295061111
0.999468923 -0.009204824 -0.031260755 -0.528028548 0.009208788 0.999957323 -0.000017335 0.029764839 0.031259593 -0.000270547 0.999511242 30.066717148
0.999404967 -0.009121845 -0.033263896 -0.556303144 0.009122423 0.999958098 -0.000134545 0.030345893 0.033263743 -0.000168981 0.999446571 30.831251144
0.999338269 -0.009103838 -0.035214104 -0.586949408 0.009140287 0.999957561 0.000874080 0.032687120 0.035204664 -0.001195368 0.999379396 31.589748383
0.999253929 -0.009760944 -0.037365485 -0.616423488 0.009889361 0.999945521 0.003253397 0.032111466 0.037331704 -0.003620490 0.999296367 32.334175110
0.999183834 -0.008837616 -0.039413389 -0.651982129 0.009030387 0.999947786 0.004715527 0.032814626 0.039369669 -0.005067597 0.999211848 33.069942474
0.999102652 -0.007234848 -0.041728929 -0.677174807 0.007440773 0.999960542 0.004781504 0.037792962 0.041692700 -0.005087710 0.999117494 33.804908752
0.999035060 -0.004535188 -0.043680940 -0.715244949 0.004711243 0.999980867 0.003928261 0.040711585 0.043662302 -0.004130263 0.999037802 34.518978119
0.998957217 -0.002782417 -0.045568101 -0.751408458 0.002922552 0.999990880 0.003008833 0.047289927 0.045559328 -0.003138870 0.998956680 35.236682892
0.998887539 -0.002563763 -0.047084298 -0.789202154 0.002758250 0.999987543 0.004065966 0.052972775 0.047073305 -0.004191313 0.998882592 35.926918030
0.998838782 -0.001344393 -0.048157491 -0.831331015 0.001640910 0.999979556 0.006118095 0.051729076 0.048148297 -0.006190014 0.998820961 36.612552643
0.998835325 0.001431060 -0.048226658 -0.871968985 -0.001107474 0.999976337 0.006735600 0.051967729 0.048235171 -0.006674346 0.998813689 37.284542084
0.998880684 0.004538961 -0.047080155 -0.912231982 -0.004323050 0.999979317 0.004686682 0.050937776 0.047100462 -0.004477907 0.998880088 37.948822021
0.998956203 0.006247070 -0.045246709 -0.951827586 -0.006178199 0.999979198 0.001661649 0.050774585 0.045256156 -0.001380371 0.998974442 38.592136383
0.999050438 0.006979768 -0.043003965 -0.986236453 -0.006994043 0.999975145 -0.000181662 0.054462854 0.043001637 0.000482264 0.999074876 39.228397369
0.999180973 0.008318474 -0.039597329 -1.018818736 -0.008303098 0.999965012 0.000552541 0.056904484 0.039600544 -0.000223307 0.999215543 39.868789673
0.999249101 0.013146135 -0.036443774 -1.050704479 -0.013033113 0.999909163 0.003336888 0.056079973 0.036484331 -0.002859406 0.999330103 40.496784210
0.999315798 0.017438799 -0.032610904 -1.080533743 -0.017221389 0.999827325 0.006935516 0.053294599 0.032726221 -0.006369167 0.999444008 41.114036560
0.999347329 0.022424771 -0.028313190 -1.104990721 -0.022208951 0.999721646 0.007913844 0.054946311 0.028482772 -0.007279875 0.999567747 41.717971802
0.999391735 0.026360653 -0.022824060 -1.128840327 -0.026182905 0.999624372 0.008051406 0.061443448 0.023027720 -0.007448911 0.999707043 42.293357849
0.999399900 0.030180855 -0.016986035 -1.143436790 -0.030015055 0.999499679 0.009931913 0.067719847 0.017277282 -0.009416120 0.999806345 42.859405518
0.999330699 0.035066999 -0.010391713 -1.156660914 -0.034950893 0.999326408 0.011150148 0.070175223 0.010775702 -0.010779492 0.999883771 43.410072327
0.999259293 0.038325258 -0.003402798 -1.161676407 -0.038286455 0.999207914 0.010812311 0.072581150 0.003814470 -0.010674029 0.999935687 43.943576813
0.999117494 0.041816454 0.003903297 -1.164536715 -0.041856498 0.999064684 0.010817056 0.073151410 -0.003447338 -0.010970895 0.999933779 44.446533203
0.998864174 0.046270620 0.011362811 -1.163107634 -0.046388622 0.998869419 0.010351859 0.077008560 -0.010871003 -0.010867215 0.999881744 44.937343597
0.998541415 0.050563235 0.018924180 -1.159897447 -0.050714564 0.998683810 0.007604209 0.079518527 -0.018514808 -0.008552857 0.999791861 45.396930695
0.998254478 0.052576534 0.026895449 -1.149211645 -0.052715603 0.998599052 0.004488004 0.081765227 -0.026621837 -0.005897988 0.999628007 45.838397980
0.997989893 0.053038206 0.034681462 -1.133814931 -0.053217560 0.998573363 0.004268764 0.082708888 -0.034405611 -0.006105853 0.999389172 46.256374359
0.997717977 0.052352045 0.042635858 -1.112334251 -0.052637998 0.998597443 0.005611628 0.083800063 -0.042282324 -0.007843097 0.999074757 46.659931183
0.997262955 0.053933915 0.050571594 -1.092063308 -0.054323379 0.998502672 0.006357961 0.084144391 -0.050153010 -0.009087788 0.998700023 47.034862518
0.996605575 0.057022080 0.059376936 -1.073380113 -0.057509944 0.998323083 0.006539092 0.084679581 -0.058904544 -0.009931669 0.998214006 47.385234833
0.995768666 0.061706476 0.068095408 -1.052502155 -0.062256210 0.998041868 0.005978843 0.083941460 -0.067593187 -0.010192916 0.997660697 47.714630127
0.994883180 0.065400794 0.077006958 -1.030072808 -0.066058062 0.997797251 0.006016777 0.083187357 -0.076443888 -0.011072931 0.997012198 48.014770508
0.994161367 0.064724259 0.086335607 -0.999040663 -0.065551117 0.997825861 0.006774310 0.080480695 -0.085709490 -0.012394163 0.996242821 48.293579102
0.993261278 0.063552052 0.096917599 -0.963673055 -0.064342462 0.997914732 0.005049200 0.077930436 -0.096394666 -0.011251102 0.995279372 48.560005188
0.992122650 0.062233746 0.108717583 -0.925529003 -0.062667623 0.998033881 0.000575763 0.076859750 -0.108468056 -0.007384310 0.994072258 48.823375702
0.990522027 0.063247576 0.121925138 -0.883571267 -0.063291974 0.997988403 -0.003512321 0.076558627 -0.121902086 -0.004237860 0.992532849 49.084690094
0.988393426 0.065135591 0.137242645 -0.838901758 -0.064985551 0.997870147 -0.005577997 0.071704514 -0.137313738 -0.003405544 0.990521491 49.333385468
0.985914767 0.066631727 0.153401539 -0.791549802 -0.066365525 0.997771323 -0.006860713 0.068934597 -0.153516874 -0.003416506 0.988139808 49.585002899
0.983110368 0.067233667 0.170215711 -0.736635506 -0.066846311 0.997730672 -0.008011950 0.063766405 -0.170368180 -0.003501672 0.985373914 49.828922272
0.979883015 0.066372164 0.188212171 -0.676505208 -0.065819010 0.997788787 -0.009194105 0.061740723 -0.188406289 -0.003378802 0.982085049 50.071762085
0.976059616 0.065226734 0.207491711 -0.608617961 -0.064639591 0.997861922 -0.009615542 0.059756745 -0.207675308 -0.004026845 0.978189170 50.315551758
0.971555769 0.065363646 0.227611065 -0.536361217 -0.064563379 0.997852921 -0.010967588 0.058245406 -0.227839291 -0.004039725 0.973689973 50.560142517
0.966269553 0.067320339 0.248577803 -0.460387796 -0.066099778 0.997724473 -0.013263092 0.056102775 -0.248905078 -0.003615223 0.968520761 50.802642822
0.960062027 0.068636343 0.271237493 -0.376987875 -0.066954218 0.997635841 -0.015461866 0.053340737 -0.271657526 -0.003316153 0.962387919 51.043441772
0.952774107 0.069703363 0.295571834 -0.285144687 -0.067819454 0.997558594 -0.016633958 0.048068285 -0.296009660 -0.004197128 0.955175400 51.283302307
0.944242537 0.072468214 0.321176201 -0.186612874 -0.070563376 0.997351944 -0.017583264 0.042454332 -0.321599960 -0.006060421 0.946855903 51.526538849
0.934348047 0.074628301 0.348459601 -0.081406444 -0.072656468 0.997180521 -0.018743677 0.036165416 -0.348875940 -0.007804733 0.937136114 51.765262604
0.923168838 0.075391024 0.376928777 0.033662409 -0.073220327 0.997112691 -0.020106148 0.025352156 -0.377356291 -0.009037485 0.926023722 51.996055603
0.910526752 0.073587388 0.406848490 0.168173537 -0.070623390 0.997252882 -0.022319648 0.016862646 -0.407373279 -0.008410390 0.913222671 52.226890564
0.895657420 0.070914358 0.439054370 0.312868565 -0.066644430 0.997459233 -0.025153078 0.008303125 -0.439722568 -0.006731994 0.898108006 52.450965881
0.878363967 0.070419371 0.472776532 0.468676269 -0.064037316 0.997507811 -0.029603353 0.000962158 -0.473683029 -0.004272828 0.880684614 52.674499512
0.858818829 0.072443232 0.507131100 0.629583836 -0.063551158 0.997369349 -0.034850337 -0.007001787 -0.508321822 -0.002298650 0.861163676 52.894073486
0.837006569 0.074407667 0.542110026 0.802475512 -0.063115187 0.997226655 -0.039426383 -0.017104883 -0.543540359 -0.001215244 0.839381754 53.112972260
0.812492669 0.077246912 0.577830672 0.997474551 -0.064108022 0.997009456 -0.043141641 -0.028812822 -0.579435468 -0.001991319 0.815015316 53.337841034
0.785096645 0.081254035 0.614020169 1.206286550 -0.067009591 0.996681035 -0.046212345 -0.040263135 -0.615737557 -0.004864097 0.787935972 53.568561554
0.755223274 0.085547395 0.649860859 1.434288979 -0.070634112 0.996294260 -0.049065612 -0.056141354 -0.651650488 -0.008846866 0.758467436 53.799163818
0.722288847 0.086775601 0.686125696 1.687086344 -0.070512898 0.996166587 -0.051757637 -0.072533429 -0.687987208 -0.010996759 0.725639164 54.024936676
0.685840368 0.084513329 0.722827852 1.970859528 -0.067054868 0.996346891 -0.052869614 -0.091921702 -0.724655926 -0.012209028 0.689002275 54.248264313
0.646846473 0.083383143 0.758047819 2.282131672 -0.064280197 0.996427953 -0.054753605 -0.110093988 -0.759906054 -0.013310304 0.649896145 54.468746185
0.604531050 0.083118357 0.792232990 2.614877939 -0.062281825 0.996428013 -0.057016224 -0.127157465 -0.794142723 -0.014873659 0.607548773 54.684429169
0.558654487 0.082913876 0.825245440 2.967847586 -0.058567218 0.996449828 -0.060467638 -0.147121519 -0.827329695 -0.014551833 0.561527491 54.886390686
0.510591626 0.081837848 0.855919600 3.346323013 -0.055493314 0.996520519 -0.062177159 -0.172384590 -0.858030319 -0.015750699 0.513356805 55.076206207
0.462102979 0.079910375 0.883218408 3.748822927 -0.053751994 0.996624053 -0.062047638 -0.198205501 -0.885195434 -0.018802378 0.464838505 55.253311157
0.412475795 0.077755600 0.907643855 4.175169945 -0.053540818 0.996696889 -0.061053067 -0.222320467 -0.909393489 -0.023413109 0.415276617 55.419479370
0.362369001 0.077312879 0.928822398 4.617691994 -0.056370541 0.996546686 -0.060957752 -0.245288163 -0.930328071 -0.030269053 0.365475953 55.572479248
0.313210398 0.077614367 0.946506679 5.075018883 -0.053916648 0.996499896 -0.063872166 -0.267835379 -0.948151648 -0.031027067 0.316299021 55.700557709
0.266267419 0.074483037 0.961016893 5.559237480 -0.042681519 0.996942461 -0.065441705 -0.298496753 -0.962953389 -0.023592699 0.268632501 55.795757294
0.222140878 0.068988182 0.972570658 6.062804222 -0.029620949 0.997510076 -0.063991614 -0.328163117 -0.974564135 -0.014593336 0.223631412 55.872680664
0.179967806 0.068175845 0.981306970 6.584493637 -0.020398086 0.997638822 -0.065569557 -0.356290013 -0.983460605 -0.008216393 0.180933669 55.936431885
0.141611993 0.069821760 0.987456679 7.105755806 -0.016953371 0.997533619 -0.068102971 -0.382409632 -0.989776671 -0.007096541 0.142446548 55.990329742
0.109042563 0.070542783 0.991530716 7.648457527 -0.008213574 0.997508049 -0.070064738 -0.419356674 -0.994002759 -0.000503986 0.109350331 56.024116516
0.080201752 0.068954185 0.994390666 8.203491211 -0.001062828 0.997609198 -0.069091633 -0.459272027 -0.996777713 0.004484389 0.080083355 56.046333313
0.055345356 0.067259751 0.996199131 8.769902229 0.006046636 0.997687101 -0.067696132 -0.494444191 -0.998448610 0.009770308 0.054810703 56.059654236
0.035418157 0.066477478 0.997158945 9.344704628 0.010858312 0.997700095 -0.066899218 -0.522443354 -0.999313176 0.013196899 0.034614909 56.066318512
0.019552212 0.068290457 0.997473717 9.927881241 0.013554708 0.997554183 -0.068561658 -0.555603206 -0.999716520 0.014860987 0.018578773 56.066146851
0.006119976 0.067880452 0.997674525 10.513849258 0.014166576 0.997586787 -0.067961372 -0.594168544 -0.999880433 0.014549543 0.005143608 56.062576294
-0.005472857 0.068725273 0.997620463 11.119562149 0.014698702 0.997532666 -0.068638586 -0.637651443 -0.999876440 0.014288065 -0.006469495 56.056186676
-0.014532049 0.071655206 0.997323453 11.736021996 0.019431945 0.997260153 -0.071367517 -0.672859073 -0.999705017 0.018342810 -0.015884604 56.039810181
-0.021005891 0.073738061 0.997056246 12.361963272 0.023735221 0.997031450 -0.073236190 -0.707257688 -0.999497056 0.022126950 -0.022693696 56.020355225
-0.025589751 0.073187508 0.996989727 13.003046036 0.024107244 0.997070849 -0.072574735 -0.744377494 -0.999381304 0.022177495 -0.027279120 56.004657745
-0.029251838 0.070451811 0.997086048 13.657001495 0.021766208 0.997320652 -0.069829859 -0.784177959 -0.999334574 0.019660123 -0.030706909 55.990333557
-0.031781431 0.063697673 0.997462928 14.331405640 0.019622995 0.997813880 -0.063094877 -0.822855771 -0.999301732 0.017567957 -0.032961868 55.974460602
-0.033085838 0.058054879 0.997764885 15.006381035 0.020721216 0.998136163 -0.057389393 -0.858398616 -0.999237239 0.018776121 -0.034227114 55.956027985
-0.033573501 0.055560604 0.997890592 15.694242477 0.023240590 0.998226345 -0.054797407 -0.895627260 -0.999165535 0.021351820 -0.034805194 55.929180145
-0.033256218 0.057782155 0.997775018 16.385715485 0.026409371 0.998028874 -0.056916650 -0.936183274 -0.999097407 0.024457771 -0.034716640 55.901531219
-0.032471679 0.065221883 0.997342169 17.081804276 0.027163776 0.997556806 -0.064351551 -0.974073470 -0.999103010 0.025001969 -0.034163997 55.882884979
-0.030262109 0.073252283 0.996854067 17.786962509 0.027777672 0.996986687 -0.072418801 -1.011093855 -0.999155462 0.025498729 -0.032205679 55.861133575
-0.028158598 0.074089132 0.996853828 18.499481201 0.028420860 0.996904850 -0.073290139 -1.049106121 -0.999198854 0.026267687 -0.030177103 55.844322205
-0.025814500 0.069717377 0.997232556 19.232791901 0.027849879 0.997227371 -0.068996117 -1.093827367 -0.999278188 0.025991699 -0.027684528 55.828102112
-0.023404596 0.063256234 0.997722685 19.969617844 0.027159048 0.997667372 -0.062615663 -1.142691493 -0.999356508 0.025631694 -0.025067965 55.815158844
-0.020606684 0.061713815 0.997880995 20.706216812 0.025230404 0.997806549 -0.061188228 -1.187616706 -0.999468684 0.023916041 -0.022118531 55.808868408
-0.017160609 0.067065842 0.997600853 21.432737350 0.032838158 0.997246683 -0.066477194 -1.231284022 -0.999312758 0.031618573 -0.019315662 55.789390564
-0.013842324 0.072719947 0.997256219 22.166660309 0.034551602 0.996790349 -0.072206423 -1.275614381 -0.999306440 0.033457279 -0.016310465 55.777118683
-0.011425242 0.073401213 0.997236967 22.901327133 0.028426735 0.996922195 -0.073052406 -1.318974614 -0.999530017 0.027513528 -0.013476611 55.785354614
-0.008378850 0.069903344 0.997518539 23.633440018 0.023758706 0.997285187 -0.069687471 -1.366139412 -0.999682009 0.023115825 -0.010016894 55.793991089
-0.003569069 0.066175871 0.997801602 24.365032196 0.027810894 0.997427821 -0.066051655 -1.419970989 -0.999606252 0.027513986 -0.005400277 55.788532257
0.000045423 0.067235939 0.997737050 25.095251083 0.032428410 0.997211516 -0.067202054 -1.470020533 -0.999473453 0.032358058 -0.002135036 55.784496307
0.002721078 0.072118022 0.997392356 25.829572678 0.032024182 0.996877491 -0.072168209 -1.514049292 -0.999482810 0.032137029 0.000403084 55.791698456
0.006627954 0.073008642 0.997309208 26.546276093 0.028307503 0.996917069 -0.073168114 -1.556525469 -0.999576688 0.028716266 0.004540853 55.807315826
0.010077053 0.072658084 0.997305930 27.293083191 0.027425738 0.996960640 -0.072910093 -1.607088447 -0.999572456 0.028086547 0.008053749 55.825683594
0.013673567 0.069649197 0.997477710 28.036930084 0.031353179 0.997050047 -0.070049159 -1.656795263 -0.999414265 0.032231901 0.011449531 55.834419250
0.017342426 0.070091449 0.997389674 28.771596909 0.035679042 0.996860445 -0.070674673 -1.708343029 -0.999212265 0.036811560 0.014787206 55.843284607
0.020991789 0.071153834 0.997244298 29.509954453 0.038464610 0.996667624 -0.071922392 -1.755342007 -0.999038875 0.039868377 0.018184956 55.854278564
0.023658356 0.071255058 0.997177362 30.248165131 0.038769647 0.996640325 -0.072136536 -1.799875736 -0.998967528 0.040366836 0.020816360 55.876243591
0.027035188 0.069805965 0.997193992 31.001623154 0.040037382 0.996682048 -0.070855625 -1.850104451 -0.998831868 0.041840624 0.024150664 55.901443481
0.030794684 0.068931095 0.997145832 31.754417419 0.041942809 0.996650636 -0.070192210 -1.901987672 -0.998644829 0.043984637 0.027800404 55.921413422
0.033634890 0.069417104 0.997020364 32.492416382 0.040094893 0.996687531 -0.070746578 -1.949959159 -0.998629093 0.042354971 0.030740231 55.951828003
0.036727309 0.071050920 0.996796131 33.231540680 0.037329391 0.996674895 -0.072417729 -1.999786377 -0.998627365 0.039869491 0.033952929 55.984970093
0.039359022 0.071094148 0.996692598 33.984722137 0.038945351 0.996597946 -0.072625361 -2.049512863 -0.998465359 0.041674998 0.036456361 56.015987396
0.042152140 0.071089506 0.996578693 34.739013672 0.036676046 0.996682346 -0.072648212 -2.096469641 -0.998437285 0.039612833 0.039405044 56.051689148
0.044353195 0.071476221 0.996455491 35.492271423 0.034948912 0.996715069 -0.073050469 -2.146035194 -0.998403847 0.038065050 0.041709516 56.093288422
0.047021750 0.071683042 0.996318221 36.245018005 0.031880695 0.996805310 -0.073222727 -2.197942734 -0.998384416 0.035206374 0.044586260 56.138000488
0.050246045 0.073624246 0.996019244 37.003547668 0.030535925 0.996699095 -0.075214960 -2.247529745 -0.998269439 0.034193616 0.047832038 56.182811737
0.053568400 0.077210359 0.995574474 37.756072998 0.029378051 0.996452153 -0.078859188 -2.300544262 -0.998131394 0.033472389 0.051110096 56.226531982
0.056980416 0.079408526 0.995212078 38.516365051 0.029355947 0.996266901 -0.081173487 -2.356491566 -0.997943044 0.033840686 0.054436632 56.272403717
0.059687354 0.081783593 0.994861007 39.284671783 0.023172177 0.996255338 -0.083288476 -2.411912918 -0.997947574 0.028024357 0.057568781 56.330432892
0.062320091 0.081253015 0.994742990 40.052623749 0.019421101 0.996392429 -0.082604498 -2.465142965 -0.997866690 0.024466915 0.060517285 56.387355804
0.066093199 0.081815004 0.994453371 40.820850372 0.021387270 0.996286929 -0.083387323 -2.525963306 -0.997583628 0.026779968 0.064098038 56.442710876
0.069876537 0.082936101 0.994101822 41.597091675 0.020404322 0.996209919 -0.084546253 -2.590638638 -0.997346342 0.026191764 0.067919493 56.499561310
0.073542587 0.083989732 0.993748844 42.379478455 0.016239775 0.996213615 -0.085399926 -2.650583982 -0.997159183 0.022418780 0.071900219 56.567741394
0.077685036 0.082178563 0.993585050 43.173355103 0.015119437 0.996384561 -0.083592303 -2.710581303 -0.996862590 0.021516308 0.076161735 56.633350372
0.082683638 0.081918381 0.993203044 43.971641541 0.015655680 0.996385336 -0.083484232 -2.777562618 -0.996452212 0.022452040 0.081102327 56.698028564
0.087733522 0.085665837 0.992453396 44.762130737 0.012023345 0.996131003 -0.087046199 -2.839467525 -0.996070743 0.019569468 0.086364135 56.773506165
0.093809724 0.094227955 0.991120756 45.552410126 0.010327387 0.995364666 -0.095608972 -2.904330492 -0.995535851 0.019204726 0.092401795 56.855594635
0.101094119 0.098985113 0.989940107 46.342784882 0.008553473 0.994914174 -0.100355998 -2.971358061 -0.994839311 0.018612819 0.099733338 56.940956116
0.108548775 0.102010518 0.988843024 47.138671875 0.004387522 0.994661510 -0.103092417 -3.042659760 -0.994080603 0.015529117 0.107521750 57.034332275
0.115533441 0.100477964 0.988208294 47.946876526 0.000537802 0.994863629 -0.101217546 -3.117752314 -0.993302584 0.012225463 0.114886008 57.138732910
0.123045817 0.099035770 0.987446725 48.742862701 0.000437202 0.995002031 -0.099848025 -3.187049389 -0.992399991 0.012717587 0.122387566 57.243167877
0.130350947 0.095793299 0.986829162 49.551383972 0.000363757 0.995316267 -0.096665241 -3.253855467 -0.991466939 0.012959363 0.129705608 57.360286713
0.138024420 0.090356141 0.986298382 50.348991394 -0.001393090 0.995845973 -0.091035895 -3.322093964 -0.990426958 0.011191165 0.137576982 57.478439331
0.145143434 0.083192639 0.985906601 51.161659241 -0.003805873 0.996497631 -0.083526067 -3.388302565 -0.989402413 0.008371017 0.144951776 57.609001160
0.152781337 0.080419965 0.984982252 51.968364716 -0.003197659 0.996717870 -0.080882184 -3.452920914 -0.988253891 0.009207644 0.152537122 57.742385864
0.160068333 0.082502753 0.983651817 52.761516571 -0.003331722 0.996539831 -0.083041593 -3.514961958 -0.987099290 0.010015068 0.159789413 57.875083923
0.166031912 0.089021876 0.982093632 53.537948608 -0.002477464 0.995950699 -0.089859143 -3.575802326 -0.986116230 0.012486378 0.165580213 58.009422302
0.171106055 0.092568167 0.980894089 54.314060211 -0.003980645 0.995632648 -0.093264706 -3.641836405 -0.985243559 0.012053560 0.170727313 58.149623871
0.176088497 0.095481642 0.979732394 55.079261780 -0.005650284 0.995365500 -0.095989704 -3.716241837 -0.984357178 0.011366908 0.175811976 58.293006897
0.181395620 0.095156834 0.978795290 55.840721130 -0.007876826 0.995415390 -0.095312878 -3.782014132 -0.983377695 0.009579529 0.181313604 58.441558838
0.186822236 0.092151627 0.978061795 56.594524384 -0.003694266 0.995648801 -0.093103044 -3.848415375 -0.982385814 0.013780490 0.186349854 58.583419800
0.191354662 0.085509881 0.977788746 57.351966858 -0.002819656 0.996240854 -0.086571790 -3.914105415 -0.981515884 0.013808879 0.190876514 58.735725403
0.194635108 0.079177007 0.977674603 58.096046448 -0.004452613 0.996797025 -0.079839259 -3.980734825 -0.980864584 0.011186307 0.194364309 58.894367218
0.197787687 0.075930975 0.977299273 58.836589813 -0.008047804 0.997086763 -0.075839676 -4.041806221 -0.980210841 0.007135030 0.197822630 59.054885864
0.200880721 0.075926922 0.976668537 59.562164307 -0.009740639 0.997096539 -0.075511605 -4.100954056 -0.979566216 0.005655440 0.201037124 59.214710236
0.202910051 0.077977359 0.976087332 60.271533966 -0.011619125 0.996944904 -0.077228270 -4.156907082 -0.979127347 0.004329103 0.203196242 59.370731354
0.204311311 0.082333863 0.975437045 60.961906433 -0.015688669 0.996603251 -0.080834396 -4.212594986 -0.978779197 0.001212063 0.204909101 59.527114868
0.206227645 0.086483344 0.974674404 61.648574829 -0.016865984 0.996251881 -0.084829360 -4.269443035 -0.978357673 0.001055305 0.206913382 59.682792664
0.208300248 0.091743350 0.973752320 62.322944641 -0.017463209 0.995780289 -0.090083152 -4.327870369 -0.977907956 0.001759493 0.209023505 59.834300995
0.209862232 0.093829617 0.973217964 62.995147705 -0.016784765 0.995582700 -0.092366464 -4.384236813 -0.977585852 0.003048989 0.210510224 59.983551025
0.211249918 0.093788341 0.972921669 63.659736633 -0.019170912 0.995590985 -0.091811121 -4.442915440 -0.977243006 0.000743285 0.212116644 60.138385773
0.211704791 0.090696976 0.973115861 64.319419861 -0.019155525 0.995877624 -0.088651136 -4.504826069 -0.977144837 0.000127314 0.212569550 60.289794922
0.212423772 0.088156983 0.973192632 64.965888977 -0.019053429 0.996105611 -0.086073734 -4.563090801 -0.976990759 -0.000258559 0.213276342 60.434986115
0.212361440 0.086871870 0.973321736 65.608406067 -0.017814703 0.996218264 -0.085028663 -4.616005421 -0.977027655 0.000717363 0.213106081 60.575820923
0.210811019 0.086299650 0.973709643 66.237243652 -0.018325938 0.996268272 -0.084331468 -4.671828270 -0.977353990 -0.000066146 0.211605996 60.714260101
0.209252670 0.087092884 0.973975182 66.853637695 -0.019356802 0.996198654 -0.084921494 -4.725264549 -0.977669001 -0.001083001 0.210143209 60.850521088
0.207070187 0.089924730 0.974184275 67.453399658 -0.020154553 0.995946467 -0.087649629 -4.780590534 -0.978117466 -0.001484629 0.208043352 60.981315613
0.205059409 0.093730532 0.974250853 68.045936584 -0.018237943 0.995595992 -0.091945477 -4.836508274 -0.978578508 0.001085949 0.205865920 61.105339050
0.203489348 0.094176665 0.974536955 68.630531311 -0.015942657 0.995548844 -0.092878342 -4.887914181 -0.978946269 0.003363041 0.204085127 61.223236084
0.201227218 0.093115456 0.975108445 69.217178345 -0.016828051 0.995652258 -0.091604590 -4.938585281 -0.979398966 0.002024159 0.201919407 61.347305298
0.198717952 0.090175472 0.975899041 69.799674988 -0.017013567 0.995924413 -0.088561535 -4.990639210 -0.979907990 0.000995237 0.199442387 61.469482422
0.196567282 0.086208977 0.976692677 70.368156433 -0.016788257 0.996276081 -0.084558815 -5.047736168 -0.980345547 0.000224522 0.197282687 61.586006165
0.194818974 0.085108176 0.977139473 70.928306580 -0.013105943 0.996364295 -0.084169686 -5.100709438 -0.980750620 0.003591512 0.195226192 61.695682526
0.193173647 0.086533397 0.977340937 71.478042603 -0.009298529 0.996219039 -0.086367033 -5.146576405 -0.981119514 0.007595997 0.193247989 61.799362183
0.190846756 0.088525757 0.977619588 72.029556274 -0.005012296 0.995999157 -0.089211635 -5.191694736 -0.981606007 0.012125631 0.190527007 61.901092529
0.189318240 0.090441577 0.977741420 72.573623657 -0.005483429 0.995829999 -0.091053084 -5.235692024 -0.981899440 0.011876632 0.189024806 62.004909515
0.188123420 0.093070112 0.977725387 73.112327576 -0.005694676 0.995585620 -0.093674578 -5.282115459 -0.982127845 0.012054551 0.187823072 62.110588074
0.186748177 0.091386199 0.978147805 73.652847290 -0.003894971 0.995724082 -0.092284739 -5.332390785 -0.982399046 0.013424149 0.186305702 62.216678619
0.187510535 0.089890055 0.978140593 74.195281982 0.002032878 0.995765209 -0.091899507 -5.378184795 -0.982259452 0.019220566 0.186533853 62.312911987
0.190040365 0.087965317 0.977827251 74.748435974 0.007132914 0.995827019 -0.090970911 -5.423227787 -0.981749356 0.024262907 0.188620001 62.409370422
0.191977352 0.087331846 0.977505624 75.294441223 0.009884173 0.995809197 -0.090908386 -5.470210552 -0.981348574 0.027114190 0.190309733 62.519523621
0.195414379 0.087022632 0.976851940 75.839813232 0.007302838 0.995897651 -0.090180285 -5.520015717 -0.980692565 0.024756320 0.193977341 62.630474091
0.200925544 0.087686695 0.975673795 76.391075134 0.006340296 0.995847404 -0.090805523 -5.565919876 -0.979584992 0.024431214 0.199535355 62.751480103
0.207418784 0.086726367 0.974399984 76.950973511 0.007445907 0.995892525 -0.090224385 -5.608763218 -0.978222966 0.025969530 0.205921188 62.874256134
0.215045661 0.087151207 0.972707212 77.513298035 0.005903072 0.995875001 -0.090532079 -5.647616863 -0.976585269 0.025210496 0.213644251 63.007263184
0.223448515 0.085022539 0.971000135 78.084197998 0.006368484 0.996038675 -0.088680565 -5.695330620 -0.974694073 0.025999343 0.222022012 63.145866394
0.232367963 0.084654719 0.968936563 78.655784607 0.002929278 0.996138513 -0.087733902 -5.746784210 -0.972622633 0.023224834 0.231222838 63.294170380
0.241936848 0.084405176 0.966613531 79.234458923 0.001900317 0.996164978 -0.087461360 -5.793429852 -0.970289230 0.022996999 0.240848765 63.451362610
0.251515895 0.088357687 0.963811219 79.818504333 -0.003517458 0.995899856 -0.090381607 -5.839793205 -0.967845917 0.019342244 0.250795603 63.618930817
0.261007339 0.090642661 0.961071491 80.407920837 -0.006868419 0.995729864 -0.092046209 -5.884702682 -0.965311527 0.017423693 0.260515541 63.791858673
0.271786004 0.093383238 0.957815886 81.004829407 -0.011145830 0.995518386 -0.093896471 -5.936790466 -0.962292314 0.014844094 0.271608979 63.973850250
0.282037765 0.095115133 0.954676449 81.609573364 -0.012586325 0.995353580 -0.095449552 -5.992245197 -0.959319949 0.014904509 0.281924605 64.159301758
0.291873366 0.095892116 0.951637447 82.228157043 -0.015821492 0.995308280 -0.095440149 -6.047561646 -0.956325293 0.012800111 0.292021304 64.361801147
0.302309930 0.096158430 0.948346674 82.856056213 -0.016548583 0.995277107 -0.095641777 -6.102077961 -0.953065276 0.013219663 0.302473605 64.572151184
0.312445998 0.097167358 0.944952428 83.499580383 -0.021013651 0.995217204 -0.095387936 -6.158140659 -0.949702382 0.009946672 0.312993646 64.794975281
0.322965324 0.092264920 0.941902161 84.152359009 -0.020447571 0.995683372 -0.090521991 -6.212780476 -0.946189225 0.009975849 0.323457986 65.026115417
0.333737791 0.085255690 0.938802242 84.807823181 -0.016921528 0.996281981 -0.084460199 -6.266415119 -0.942513406 0.012301592 0.333939821 65.263359070
0.344709843 0.080896817 0.935216486 85.462814331 -0.015270091 0.996629953 -0.080580808 -6.317623138 -0.938584447 0.013496162 0.344783694 65.512466431
0.355049312 0.077727310 0.931610167 86.135726929 -0.016104525 0.996896982 -0.077036820 -6.370627880 -0.934708178 0.012348733 0.355199605 65.774665833
0.364592135 0.075214736 0.928124130 86.830184937 -0.010015916 0.996990263 -0.076861165 -6.420543194 -0.931112826 0.018726969 0.364248395 66.045654297
0.373258948 0.069833368 0.925094664 87.520660400 -0.003729097 0.997266531 -0.073776916 -6.466100216 -0.927719116 0.024088141 0.372499347 66.316871643
0.380278558 0.060385052 0.922898173 88.225601196 0.005513348 0.997699320 -0.067551121 -6.514258385 -0.924854994 0.030776523 0.379071027 66.597053528
0.387350380 0.056101970 0.920223594 88.958328247 0.010815262 0.997800291 -0.065384030 -6.560939312 -0.921868622 0.035279017 0.385891885 66.896018982
0.394557208 0.056198213 0.917150795 89.651977539 0.012469418 0.997707307 -0.066498697 -6.616419315 -0.918786228 0.037673909 0.392952174 67.204826355
0.401946038 0.062412046 0.913533449 90.356887817 0.014749480 0.997102320 -0.074611127 -6.662955761 -0.915543973 0.043463834 0.399861127 67.511970520
0.409226358 0.066617824 0.909997284 91.056068420 0.018584162 0.996514380 -0.081308834 -6.707791805 -0.912243068 0.050185304 0.406562269 67.819602966
0.414378256 0.068715006 0.907506526 91.762985229 0.016685331 0.996403158 -0.083064914 -6.769702911 -0.909951210 0.049562387 0.411741614 68.155563354
0.418912023 0.070222199 0.905306995 92.442047119 0.009893375 0.996591687 -0.081880927 -6.829452991 -0.907972336 0.043257482 0.416789889 68.479507446
0.422741145 0.074027464 0.903221488 93.127662659 0.003183649 0.996529400 -0.083165050 -6.893098354 -0.906244278 0.038032863 0.421038687 68.821876526
0.426823020 0.077027045 0.901048362 93.803764343 0.002398205 0.996264756 -0.086302802 -6.955623150 -0.904331386 0.038996957 0.425044417 69.144065857
0.430763721 0.081212394 0.898802757 94.477767944 -0.000896220 0.995979428 -0.089563452 -7.020427227 -0.902463675 0.037775196 0.429104984 69.480247498
0.434061795 0.084301665 0.896929681 95.136146545 -0.004021595 0.995782137 -0.091646574 -7.083490849 -0.900873542 0.036173221 0.432570428 69.814743042
0.437913537 0.082741424 0.895201027 95.785377502 -0.005306503 0.995974958 -0.089459971 -7.152852535 -0.899000823 0.034425374 0.436590403 70.143913269
0.441774637 0.079733737 0.893575430 96.431808472 -0.004546220 0.996227503 -0.086645849 -7.218022346 -0.897113919 0.034215577 0.440470934 70.474281311
0.445253909 0.077142864 0.892074704 97.058433533 -0.004906054 0.996475697 -0.083722368 -7.275843143 -0.895390272 0.032901175 0.444063604 70.788597107
0.448887348 0.076076590 0.890343666 97.683158875 -0.005799330 0.996595025 -0.082231574 -7.338069439 -0.893568933 0.031749342 0.447800517 71.112922668
0.452205479 0.077756576 0.888517618 98.297233582 -0.007741181 0.996495903 -0.083266295 -7.396019459 -0.891879618 0.030775324 0.451223284 71.436897278
0.455019981 0.078292318 0.887032449 98.900611877 -0.006980640 0.996409059 -0.084365472 -7.453377724 -0.890453339 0.032195944 0.453933001 71.747894287
0.457206696 0.076482952 0.886065423 99.499359131 -0.004964702 0.996497929 -0.083453521 -7.506764889 -0.889346063 0.033756483 0.455985695 72.056579590
0.458934098 0.075305402 0.885272920 100.084953308 -0.003108402 0.996530116 -0.083158113 -7.562305927 -0.888464391 0.035412334 0.457576185 72.360809326
0.460723072 0.075280629 0.884345293 100.663101196 -0.004640280 0.996585667 -0.082417786 -7.621262074 -0.887531281 0.033868194 0.459499806 72.669776917
0.462750226 0.074685834 0.883336782 101.232124329 -0.003115552 0.996574163 -0.082627967 -7.671603680 -0.886482716 0.035484057 0.461398065 72.966712952
0.465536714 0.076475337 0.881718040 101.788429260 -0.003496241 0.996409357 -0.084577143 -7.719612122 -0.885021210 0.036291089 0.464132965 73.261421204
0.468331605 0.076429047 0.880240738 102.342681885 -0.000604561 0.996277690 -0.086182676 -7.774479866 -0.883552134 0.039829936 0.466635019 73.556953430
0.471351504 0.075840428 0.878678322 102.885261536 0.000983243 0.996248543 -0.086515665 -7.828114986 -0.881944478 0.041643266 0.469509125 73.848548889
0.474721998 0.073955081 0.877022982 103.421249390 0.004165321 0.996262074 -0.086264655 -7.879607201 -0.880125582 0.044604838 0.472639889 74.131858826
0.477961719 0.073099896 0.875333428 103.943397522 0.005191678 0.996277094 -0.086034924 -7.933888912 -0.878364980 0.045665879 0.475803256 74.420440674
0.481086910 0.072746284 0.873649240 104.457534790 0.006033821 0.996251345 -0.086277694 -7.984653950 -0.876651824 0.046778537 0.478845000 74.705635071
0.484615028 0.071966432 0.871761858 104.964111328 0.006713118 0.996272922 -0.085977107 -8.034086227 -0.874701440 0.047518063 0.482326239 74.990173340
0.488001198 0.071528241 0.869907022 105.469871521 0.008297343 0.996209800 -0.086568251 -8.081306458 -0.872803211 0.049463347 0.485558569 75.276672363
0.491978735 0.072811082 0.867556989 105.967842102 0.007858688 0.996083081 -0.088054471 -8.129223824 -0.870571434 0.050138805 0.489480019 75.564422607
0.496178865 0.072970353 0.865148306 106.465141296 0.009851230 0.995922983 -0.089650415 -8.179824829 -0.868164182 0.053005438 0.493437618 75.852478027
0.500853181 0.076421723 0.862151742 106.947906494 0.007602843 0.995665967 -0.092673354 -8.229414940 -0.865498662 0.052970573 0.498101979 76.141906738
0.506127834 0.082239076 0.858528435 107.427413940 0.003955014 0.995209992 -0.097663596 -8.284272194 -0.862449169 0.052825782 0.503378808 76.437370300
0.511990428 0.089447677 0.854321182 107.899383545 -0.001310791 0.994642198 -0.103353873 -8.329206467 -0.858989894 0.051796377 0.509365082 76.728141785
0.518066525 0.095878102 0.849949479 108.369125366 -0.006582709 0.994113624 -0.108128205 -8.379446983 -0.855314732 0.050422661 0.515648663 77.023788452
0.524399579 0.100188114 0.845557272 108.838523865 -0.010133757 0.993715882 -0.111458391 -8.434349060 -0.851411700 0.049880080 0.522120059 77.330162048
0.529777706 0.100411959 0.842171431 109.321212769 -0.014247042 0.993878961 -0.109537840 -8.490972519 -0.848016560 0.046032261 0.527966082 77.646278381
0.535186589 0.099467829 0.838857114 109.807518005 -0.020669501 0.994286299 -0.104710974 -8.548688889 -0.844480693 0.038701143 0.534185231 77.976074219
0.540743291 0.097015560 0.835574389 110.301193237 -0.026778001 0.994807303 -0.098174207 -8.607715607 -0.840761065 0.030712010 0.540533841 78.320533752
0.546296000 0.095408611 0.832140446 110.799377441 -0.033189695 0.995175242 -0.092312507 -8.664069176 -0.836934090 0.022811437 0.546827435 78.672203064
0.552298069 0.093418412 0.828395844 111.299537659 -0.035566345 0.995435655 -0.088543259 -8.716315269 -0.832887352 0.019439228 0.553100348 79.023910522
0.558319688 0.097097985 0.823924124 111.803123474 -0.040675208 0.995135307 -0.089712068 -8.765491486 -0.828627884 0.016574699 0.559553683 79.387779236
0.564163923 0.101130523 0.819445908 112.316108704 -0.044628281 0.994753182 -0.092040636 -8.815763474 -0.824455559 0.015355512 0.565717697 79.763275146
0.570096731 0.104621209 0.814888954 112.835685730 -0.047773652 0.994400561 -0.094245799 -8.868339539 -0.820187151 0.014798976 0.571903288 80.148483276
0.576238215 0.106839955 0.810268283 113.363700867 -0.050215639 0.994172335 -0.095377348 -8.920163155 -0.815737367 0.014271908 0.578245819 80.540641785
