1.000000000 0.000000000 0.000000000 0.000000000 0.000000000 1.000000000 0.000000000 0.000000000 0.000000000 0.000000000 1.000000000 0.000000000
0.999875724 0.001669283 0.015677169 0.011399630 -0.001654718 0.999998212 -0.000942024 -0.002406385 -0.015678713 0.000915966 0.999876678 0.121386744
0.999307036 0.004613159 0.036933344 0.029531857 -0.004600361 0.999989390 -0.000431505 -0.006806010 -0.036934942 0.000261299 0.999317646 0.254075080
0.997940660 0.006219830 0.063841045 0.059858598 -0.006293671 0.999979734 0.000955581 -0.007808675 -0.063833818 -0.001355408 0.997959614 0.414482296
0.995198488 0.005813044 0.097704172 0.105127826 -0.006153278 0.999976039 0.003181319 -0.008882022 -0.097683340 -0.003767245 0.995210409 0.589086711
0.990753949 0.002789959 0.135642231 0.166186437 -0.003514322 0.999980867 0.005101081 -0.008966555 -0.135625407 -0.005530606 0.990744770 0.775075316
0.984549105 -0.000216110 0.175108358 0.238450766 -0.000745708 0.999985039 0.005426887 -0.009627454 -0.175106913 -0.005473616 0.984534264 0.961693525
0.975802541 -0.000026205 0.218653455 0.321767092 -0.001438844 0.999977589 0.006541086 -0.006264633 -0.218648732 -0.006697416 0.975780725 1.167602777
0.963809252 0.000310528 0.266592592 0.418193519 -0.002901248 0.999952316 0.009324102 -0.001551909 -0.266577005 -0.009760106 0.963764250 1.381388664
0.949435949 -0.003219284 0.313944280 0.535470128 -0.002048404 0.999862611 0.016447725 -0.001115506 -0.313954145 -0.016259145 0.949298978 1.604929686
0.932522416 -0.012238580 0.360904485 0.675306320 0.003812499 0.999703526 0.024049876 -0.004888622 -0.361091852 -0.021051103 0.932292700 1.818488955
0.911233425 -0.017157497 0.411532670 0.824205518 0.006135617 0.999586642 0.028088715 -0.003930170 -0.411844522 -0.023070371 0.910962105 2.032641172
0.885959148 -0.018347122 0.463400185 0.985448599 0.003987742 0.999481618 0.031947836 -0.001192006 -0.463746190 -0.026456559 0.885573030 2.253476620
0.857663512 -0.020536952 0.513801098 1.165688157 0.002127246 0.999335349 0.036393143 0.001016585 -0.514207065 -0.030120092 0.857137024 2.468821287
0.825452089 -0.025418622 0.563899696 1.365529418 0.003163153 0.999178231 0.040409137 0.005748310 -0.564463496 -0.031572104 0.824854016 2.676641226
0.789363086 -0.030800620 0.613153517 1.569750547 0.004990498 0.999029696 0.043759696 0.000749405 -0.613906443 -0.031482346 0.788750708 2.871643782
0.751353621 -0.034748286 0.658984363 1.824695587 0.005760372 0.998920023 0.046105307 0.009253724 -0.659874797 -0.030845392 0.750742078 3.086169720
0.711470425 -0.037813082 0.701697946 2.098858595 0.006768131 0.998873591 0.046964880 0.019736681 -0.702683449 -0.028664941 0.710924804 3.295304775
0.669572055 -0.039416458 0.741700470 2.392831564 0.005649439 0.998832226 0.047981251 0.032187235 -0.742725611 -0.027936717 0.669012725 3.504540205
0.626976550 -0.039406404 0.778040826 2.709276915 0.000594313 0.998743713 0.050105691 0.045560248 -0.779037893 -0.030952698 0.626212239 3.717513084
0.585229158 -0.040087435 0.809876442 3.056933165 -0.002255093 0.998692870 0.051063068 0.061211444 -0.810864866 -0.031709943 0.584373653 3.929599762
0.545156538 -0.041389167 0.837311924 3.429404497 -0.003951185 0.998642623 0.051936433 0.076953582 -0.838325024 -0.031621862 0.544252813 4.134130955
0.506588101 -0.043342255 0.861098170 3.829446554 -0.005613617 0.998548687 0.053563163 0.094118536 -0.862169981 -0.031968337 0.505609334 4.337279797
0.469318390 -0.043160949 0.881973624 4.258140564 -0.008491887 0.998537958 0.053383958 0.110224023 -0.882988274 -0.032543693 0.468265533 4.537650108
0.432892144 -0.042430885 0.900446653 4.711620331 -0.009216403 0.998631001 0.051488347 0.130975559 -0.901398778 -0.030587777 0.431908280 4.730134010
0.399389684 -0.040984310 0.915864825 5.194163322 -0.007897634 0.998809278 0.048140019 0.152473986 -0.916747451 -0.026459789 0.398590267 4.915022373
0.369718730 -0.039174974 0.928317606 5.704221249 -0.005808117 0.998993695 0.044470694 0.172919422 -0.929125786 -0.021833424 0.369118989 5.095935345
0.344295174 -0.037266359 0.938121676 6.238506317 -0.004692185 0.999131083 0.041411985 0.194312677 -0.938849926 -0.018659785 0.343821019 5.276644707
0.324128330 -0.036811855 0.945296764 6.798137188 -0.003385132 0.999190986 0.040071335 0.213501975 -0.946007252 -0.016188206 0.323741376 5.456006050
0.309553802 -0.037345544 0.950148404 7.388332367 -0.002396721 0.999194503 0.040054150 0.235086411 -0.950879037 -0.014676153 0.309214830 5.638692379
0.298104316 -0.038733881 0.953747213 8.003942490 -0.001414201 0.999157190 0.041020125 0.256130993 -0.954532385 -0.013577063 0.297798157 5.822583199
0.287212014 -0.040614609 0.957005739 8.646183968 -0.002652952 0.999062955 0.043195695 0.277835608 -0.957863510 -0.014945208 0.286834985 6.012883663
0.276738614 -0.042348862 0.960011780 9.313639641 -0.004008692 0.998968720 0.045222949 0.302337855 -0.960937023 -0.016363323 0.276283294 6.201871872
0.266698599 -0.044090614 0.962771118 10.001125336 -0.004766928 0.998880267 0.047064766 0.329046696 -0.963768303 -0.017141562 0.266189665 6.392029762
0.256396830 -0.045880254 0.965482235 10.708971977 -0.005757289 0.998782396 0.048991643 0.357241213 -0.966554582 -0.018119859 0.255820364 6.582942486
0.246158600 -0.047219403 0.968078792 11.441608429 -0.005878987 0.998721242 0.050208937 0.388936520 -0.969211757 -0.018050680 0.245566100 6.765374184
0.235712320 -0.048299771 0.970622003 12.193707466 -0.005842340 0.998675525 0.051114574 0.422674656 -0.971805334 -0.017719034 0.235117808 6.949663162
0.225172132 -0.051244475 0.972970605 12.963265419 -0.007112671 0.998502612 0.054235294 0.451001883 -0.974293053 -0.019132692 0.224470347 7.128812790
0.213422716 -0.054910980 0.975415707 13.739604950 -0.009080927 0.998264313 0.058184199 0.481422842 -0.976917803 -0.021275504 0.212553501 7.308177471
0.201224267 -0.058809649 0.977778375 14.527837753 -0.010080637 0.998018622 0.062101632 0.514504254 -0.979493380 -0.022352979 0.200232595 7.471492767
0.188412607 -0.061039075 0.980191410 15.317523956 -0.010799555 0.997877240 0.064216346 0.548467219 -0.982030630 -0.022684792 0.187353313 7.619566917
0.174478531 -0.061379202 0.982746184 16.114759445 -0.011530867 0.997859120 0.064370349 0.587827861 -0.984593511 -0.022563150 0.173397094 7.760330200
0.159638539 -0.060453918 0.985322833 16.921440125 -0.013033624 0.997906744 0.063337684 0.621613503 -0.987089515 -0.022953454 0.158516288 7.899896145
0.143331870 -0.059553966 0.987881362 17.732982635 -0.013703852 0.997972369 0.062150624 0.654023230 -0.989579856 -0.022445938 0.142224982 8.008780479
0.122901097 -0.057907503 0.990728199 18.544839859 -0.016224828 0.998045206 0.060347922 0.687485576 -0.992286384 -0.023491211 0.121721156 8.109800339
0.097409144 -0.056251187 0.993653655 19.367603302 -0.020630063 0.998072445 0.058523770 0.725223064 -0.995030701 -0.026199881 0.096060768 8.190181732
0.067380928 -0.055630002 0.996175408 20.205295563 -0.024426652 0.998052716 0.057387091 0.758562684 -0.997428358 -0.028200019 0.065890700 8.241441727
0.034125097 -0.055403449 0.997880876 21.032657623 -0.027681965 0.998026311 0.056358226 0.790243447 -0.999034226 -0.029546527 0.032523897 8.267599106
-0.000165630 -0.054643866 0.998506010 21.872100830 -0.029055029 0.998084188 0.054616001 0.821146548 -0.999577880 -0.029002570 -0.001753177 8.261162758
-0.033908062 -0.053518239 0.997991145 22.712324142 -0.029927529 0.998171389 0.052511118 0.846857667 -0.998976886 -0.028086852 -0.035447922 8.224367142
-0.066803418 -0.051523503 0.996435046 23.557508469 -0.032106496 0.998259306 0.049465366 0.873412788 -0.997249544 -0.028687578 -0.068341576 8.163887024
-0.099290147 -0.048529256 0.993874490 24.392278671 -0.034390088 0.998380303 0.045313656 0.899395883 -0.994464159 -0.029680228 -0.100798473 8.078804970
-0.131656498 -0.043762974 0.990328968 25.233427048 -0.031230478 0.998711884 0.039981596 0.919775724 -0.990803421 -0.025664603 -0.132853866 7.957578182
-0.163189203 -0.037371170 0.985886812 26.063062668 -0.025725052 0.999103427 0.033614039 0.938083112 -0.986259460 -0.019876534 -0.164004475 7.806470394
-0.193442583 -0.030940363 0.980623662 26.888687134 -0.019279495 0.999429226 0.027730567 0.946322024 -0.980922282 -0.013541648 -0.193928912 7.626111984
-0.222322226 -0.025178354 0.974648118 27.713079453 -0.013127283 0.999652863 0.022829931 0.951363981 -0.974884927 -0.007718871 -0.222575814 7.423191071
-0.249960229 -0.018901154 0.968071640 28.523351669 -0.004429115 0.999821007 0.018377453 0.951071560 -0.968246043 0.000305945 -0.249999449 7.191684246
-0.276032567 -0.008291517 0.961112499 29.333793640 0.001618113 0.999957085 0.009091379 0.944105148 -0.961146951 0.004064718 -0.276007563 6.939411640
-0.301239371 0.007479770 0.953519166 30.118751526 0.006562817 0.999961555 -0.005770706 0.929293215 -0.953525960 0.004519419 -0.301277161 6.678176880
-0.325887829 0.024792038 0.945083201 30.897760391 0.007908983 0.999692321 -0.023497341 0.903451204 -0.945375323 -0.000182844 -0.325983912 6.401237488
-0.351024032 0.039707333 0.935524106 31.663389206 0.008361434 0.999193311 -0.039272331 0.868267775 -0.936329067 -0.005963208 -0.351073116 6.109648228
-0.375319690 0.050369721 0.925525725 32.418087006 0.012540225 0.998706639 -0.049267091 0.823474884 -0.926810563 -0.006884609 -0.375466168 5.794457436
-0.398788035 0.054421298 0.915426850 33.169635773 0.015611374 0.998495519 -0.052558839 0.769012034 -0.916910231 -0.006668766 -0.399037927 5.463753700
-0.421549708 0.054119460 0.905188799 33.921653748 0.019217758 0.998526156 -0.050750118 0.713401496 -0.906601608 -0.003997998 -0.421968758 5.109673500
-0.441651911 0.049865514 0.895799518 34.647422791 0.022802012 0.998755336 -0.044354647 0.657662392 -0.896896601 0.000836719 -0.442239523 4.744386673
-0.459433407 0.048631161 0.886879742 35.368968964 0.030461468 0.998775065 -0.038986739 0.607006729 -0.887689650 0.009103857 -0.460352302 4.355610371
-0.473099768 0.049176261 0.879635215 36.075412750 0.032828394 0.998731315 -0.038178030 0.556934595 -0.880396903 0.010815002 -0.474114239 3.967327118
-0.484164357 0.053296220 0.873352289 36.771003723 0.036921151 0.998498321 -0.040465064 0.507577837 -0.874197602 0.012653440 -0.485405415 3.576884985
-0.493999720 0.055885743 0.867664039 37.460716248 0.037778690 0.998369098 -0.042795263 0.459204793 -0.868640721 0.011638373 -0.495305717 3.180916786
-0.504897296 0.055190448 0.861413121 38.143859863 0.031935159 0.998464704 -0.045253217 0.407173336 -0.862588286 0.004661146 -0.505885005 2.791865349
-0.516115844 0.053684101 0.854834676 38.822257996 0.031333327 0.998548985 -0.043791573 0.355563700 -0.855945289 0.004183298 -0.517049372 2.390218019
-0.524753869 0.054985974 0.849476159 39.496536255 0.033312228 0.998473406 -0.044052202 0.307407379 -0.850601733 0.005181387 -0.525784791 1.968078256
-0.531985939 0.057952777 0.844767570 40.176765442 0.036345620 0.998298168 -0.045596898 0.256902456 -0.845972538 0.006446702 -0.533187211 1.534088373
-0.535366833 0.060916625 0.842419922 40.869449615 0.037382890 0.998126984 -0.048418794 0.210448042 -0.843791723 0.005570287 -0.536641538 1.091112852
-0.535090327 0.063142061 0.842431724 41.575057983 0.037229549 0.997996151 -0.051154718 0.161028638 -0.843973875 0.003990968 -0.536369145 0.645334721
-0.531859040 0.063326500 0.844461620 42.299934387 0.039036315 0.997972965 -0.050252505 0.111202762 -0.845932424 0.006237430 -0.533253312 0.189262271
-0.526071131 0.062166769 0.848165154 43.038539886 0.037138484 0.998052120 -0.050117817 0.056294776 -0.849628985 0.005134040 -0.527355552 -0.259287387
-0.519192517 0.060620572 0.852504551 43.798240662 0.034632754 0.998153865 -0.049885463 0.003421955 -0.853955030 0.003624432 -0.520333767 -0.715128720
-0.512117565 0.060174059 0.856804788 44.569290161 0.032979254 0.998184502 -0.050391350 -0.049990550 -0.858281612 0.002450493 -0.513172686 -1.167359710
-0.505844831 0.058665562 0.860627115 45.357570648 0.030111615 0.998277187 -0.050350118 -0.107946388 -0.862098455 0.000445529 -0.506740272 -1.617613316
-0.501593709 0.056404687 0.863262415 46.174571991 0.025853205 0.998403430 -0.050212801 -0.165641651 -0.864716649 -0.002868322 -0.502251565 -2.078326941
-0.500456095 0.053576216 0.864102483 47.002349854 0.021621278 0.998545051 -0.049389698 -0.225573838 -0.865491629 -0.006034371 -0.500886738 -2.540452957
-0.500886798 0.050994068 0.864009142 47.840839386 0.018589979 0.998665929 -0.048164494 -0.285257399 -0.865312815 -0.008063045 -0.501166999 -3.014609575
-0.501815259 0.049950916 0.863531172 48.690475464 0.017550193 0.998713136 -0.047571745 -0.345405996 -0.864796400 -0.008717089 -0.502046645 -3.500437737
-0.502310216 0.049038813 0.863295615 49.544502258 0.017208651 0.998759210 -0.046720825 -0.404067159 -0.864515901 -0.008612193 -0.502531290 -3.989214897
-0.502443552 0.048688542 0.863237798 50.416233063 0.017258212 0.998778462 -0.046288278 -0.462693036 -0.864437461 -0.008359301 -0.502670527 -4.492833614
-0.502409041 0.047875825 0.863303363 51.297660828 0.017607326 0.998824775 -0.045144595 -0.522885084 -0.864450455 -0.007480585 -0.502661943 -5.003131866
-0.502594709 0.047478717 0.863217175 52.186328888 0.017147062 0.998841405 -0.044954717 -0.584178209 -0.864351749 -0.007792360 -0.502826869 -5.514977455
-0.502915382 0.045800079 0.863121092 53.068290710 0.015360881 0.998910546 -0.044055182 -0.644633591 -0.864198804 -0.008897725 -0.503071368 -6.015207291
-0.502974570 0.044997200 0.863128841 53.967533112 0.014695337 0.998944283 -0.043514147 -0.709055066 -0.864175916 -0.009202538 -0.503105223 -6.533432961
-0.502561271 0.044051688 0.863418281 54.857398987 0.013058875 0.998973429 -0.043366674 -0.768927097 -0.864442647 -0.010519137 -0.502620995 -7.034431934
-0.501286149 0.042368393 0.864243329 55.750820160 0.012728523 0.999053061 -0.041594349 -0.835523188 -0.865187645 -0.009850125 -0.501351118 -7.541527271
-0.499281824 0.040228281 0.865504920 56.632759094 0.012772189 0.999154270 -0.039072379 -0.898898721 -0.866345167 -0.008453732 -0.499373734 -8.044775963
-0.496866941 0.038969580 0.866951048 57.527683258 0.013000526 0.999212921 -0.037463911 -0.954359651 -0.867729068 -0.007343753 -0.496982872 -8.551488876
-0.494650126 0.038473047 0.868239939 58.417434692 0.012603367 0.999231696 -0.037097156 -1.014723539 -0.869000494 -0.007407361 -0.494755328 -9.045238495
-0.492597729 0.038771730 0.869392753 59.301757812 0.012960306 0.999222577 -0.037218362 -1.073292851 -0.870160282 -0.007066077 -0.492717624 -9.538960457
-0.491749376 0.039260242 0.869850934 60.182540894 0.012640619 0.999199033 -0.037952229 -1.130718827 -0.870644629 -0.007667525 -0.491852164 -10.031654358
-0.492807239 0.040557325 0.869192541 61.070327759 0.011715449 0.999131262 -0.039978072 -1.190497875 -0.870059192 -0.009518498 -0.492854714 -10.522333145
-0.495611221 0.042574931 0.867500067 61.948291779 0.010626259 0.999019682 -0.042958740 -1.247664332 -0.868479073 -0.012072552 -0.495578259 -11.020390511
-0.500179172 0.042819913 0.864862263 62.818531036 0.008955518 0.998978317 -0.044280816 -1.308662176 -0.865875244 -0.014403055 -0.500052154 -11.517995834
-0.505602956 0.041474417 0.861768544 63.683197021 0.010008233 0.999058008 -0.042209897 -1.367355943 -0.862707853 -0.012716671 -0.505542278 -12.022424698
-0.511036634 0.039199058 0.858664334 64.541885376 0.011255611 0.999178469 -0.038914897 -1.427044034 -0.859484851 -0.010222146 -0.511058569 -12.531896591
-0.516333342 0.036666092 0.855602026 65.399986267 0.008218029 0.999248505 -0.037862577 -1.486696601 -0.856347919 -0.012518351 -0.516247213 -13.039364815
-0.521431744 0.039740372 0.852366745 66.249267578 0.010009016 0.999130428 -0.040460046 -1.547763109 -0.853233993 -0.012565802 -0.521376610 -13.554088593
-0.526623666 0.041294295 0.849094629 67.082626343 0.010296091 0.999055505 -0.042201567 -1.604482532 -0.850035846 -0.013481990 -0.526551962 -14.066378593
-0.531158149 0.042249590 0.846218288 67.896606445 0.009251066 0.998985052 -0.044070106 -1.664872766 -0.847221851 -0.015579779 -0.531010449 -14.569037437
-0.534988701 0.042206105 0.843804002 68.723945618 0.007665244 0.998952270 -0.045106523 -1.724050879 -0.844824135 -0.017663522 -0.534752190 -15.086263657
-0.538337767 0.041237306 0.841719329 69.537757874 0.008301147 0.999012589 -0.043634221 -1.786196232 -0.842687905 -0.016502719 -0.538149059 -15.601516724
-0.540644586 0.034459095 0.840544760 70.354171753 0.009229932 0.999343038 -0.035032459 -1.841729999 -0.841200113 -0.011181939 -0.540607989 -16.126127243
-0.542864442 0.025543055 0.839431524 71.178283691 0.008483212 0.999652684 -0.024932291 -1.894129634 -0.839777172 -0.006413777 -0.542893052 -16.654712677
-0.544407010 0.024318172 0.838468373 71.986846924 0.009790180 0.999695301 -0.022637615 -1.939773679 -0.838763773 -0.004115315 -0.544479668 -17.173915863
-0.545685112 0.028600838 0.837501824 72.790855408 0.009231538 0.999561429 -0.028120279 -1.980086684 -0.837939203 -0.007613386 -0.545710206 -17.690639496
-0.546794116 0.035151664 0.836528599 73.583282471 0.011426977 0.999338031 -0.034523860 -2.028715611 -0.837188900 -0.009318449 -0.546834230 -18.206638336
-0.546930015 0.039110843 0.836263955 74.373184204 0.017174855 0.999221563 -0.035499509 -2.076599121 -0.837001860 -0.005053034 -0.547176480 -18.732545853
-0.546907663 0.040353492 0.836219549 75.158683777 0.020732570 0.999183595 -0.034658071 -2.130131245 -0.836935878 -0.001617780 -0.547298312 -19.250986099
-0.546398342 0.036851618 0.836714029 75.955543518 0.019238533 0.999319613 -0.031449996 -2.178131104 -0.837304175 -0.001087068 -0.546736062 -19.770217896
-0.545750678 0.032066476 0.837333560 76.749061584 0.018149199 0.999484897 -0.026447088 -2.222059488 -0.837750793 0.000763425 -0.546052039 -20.281845093
-0.544877648 0.025406415 0.838130295 77.541519165 0.015141022 0.999675453 -0.020460034 -2.265098810 -0.838378608 0.001541944 -0.545085967 -20.790237427
-0.544632852 0.019708171 0.838442624 78.333786011 0.006535735 0.999792695 -0.019255364 -2.304494381 -0.838648856 -0.005007260 -0.544649243 -21.278327942
-0.543138981 0.014352747 0.839519799 79.127975464 -0.000832626 0.999843657 -0.017632393 -2.342035055 -0.839642107 -0.010275846 -0.543042660 -21.768114090
-0.541135371 0.015090164 0.840799749 79.929435730 0.002411035 0.999862194 -0.016393196 -2.378201008 -0.840931714 -0.006843739 -0.541097760 -22.282300949
-0.537999809 0.018308472 0.842745721 80.715019226 0.006567323 0.999824226 -0.017528469 -2.417460918 -0.842919052 -0.003895727 -0.538026094 -22.784965515
-0.532874167 0.021563346 0.845919311 81.499366760 0.008731951 0.999761581 -0.019984391 -2.449298143 -0.846149147 -0.003262636 -0.532936037 -23.271457672
-0.525128603 0.023885906 0.850687265 82.287612915 0.013682188 0.999713182 -0.019624317 -2.483153105 -0.850912631 0.001333979 -0.525305450 -23.758941650
-0.516942084 0.026927574 0.855596364 83.079765320 0.020642862 0.999606013 -0.018987702 -2.521594286 -0.855771124 0.007846427 -0.517294884 -24.245937347
-0.507073224 0.025616251 0.861521840 83.878471375 0.017114248 0.999659836 -0.019650538 -2.551922321 -0.861732781 0.004780049 -0.507339716 -24.712720871
-0.496130824 0.023299793 0.867934704 84.682342529 0.014796042 0.999721050 -0.018379871 -2.582259178 -0.868121445 0.003723189 -0.496337682 -25.163045883
-0.484689921 0.019963777 0.874457777 85.493850708 0.014970014 0.999781847 -0.014527421 -2.615877867 -0.874557674 0.006049365 -0.484883577 -25.604103088
-0.473842591 0.019109610 0.880401790 86.313171387 0.014782553 0.999795735 -0.013744991 -2.653030157 -0.880485296 0.006501640 -0.474028766 -26.034999847
-0.461667866 0.018382693 0.886861980 87.128486633 0.015561910 0.999798715 -0.012622675 -2.681112528 -0.886916220 0.007973800 -0.461861461 -26.455835342
-0.449412167 0.019356549 0.893114448 87.955734253 0.017335027 0.999765396 -0.012945093 -2.715178251 -0.893156171 0.009664499 -0.449642748 -26.873037338
-0.437496394 0.023004316 0.898925543 88.786033630 0.016867004 0.999706209 -0.017374430 -2.753765821 -0.899061859 0.007560947 -0.437756330 -27.269342422
-0.426139265 0.032454878 0.904074907 89.611999512 0.019787373 0.999450982 -0.026551891 -2.785586596 -0.904441118 0.006574478 -0.426547945 -27.649135590
-0.413138211 0.037040304 0.909914434 90.441841125 0.019470761 0.999302685 -0.031838581 -2.821996212 -0.910460174 0.004563004 -0.413571775 -28.023807526
-0.401844084 0.033467513 0.915095985 91.287811279 0.017319646 0.999430239 -0.028946329 -2.863443136 -0.915544271 0.004217239 -0.402195215 -28.385574341
-0.390294939 0.029538084 0.920215607 92.134056091 0.015011764 0.999555886 -0.025717853 -2.904482603 -0.920567453 0.003776523 -0.390565425 -28.738975525
-0.380425334 0.030041575 0.924323261 92.972007751 0.011803536 0.999547899 -0.027628485 -2.949428320 -0.924736261 0.000399714 -0.380608350 -29.077648163
-0.373655379 0.034391347 0.926929533 93.812240601 0.006802157 0.999386489 -0.034337677 -2.996196270 -0.927542627 -0.006525337 -0.373660475 -29.401910782
-0.368768603 0.039466120 0.928682745 94.651931763 0.001737526 0.999125063 -0.041769776 -3.044266462 -0.929519594 -0.013789779 -0.368514955 -29.720245361
-0.365301013 0.041389704 0.929968596 95.498336792 -0.000801208 0.998996019 -0.044776630 -3.097891331 -0.930889070 -0.017102055 -0.364901513 -30.042898178
-0.361689627 0.041169208 0.931388915 96.336135864 -0.001609940 0.998994768 -0.044782747 -3.156270981 -0.932297111 -0.017696943 -0.361260206 -30.358217239
-0.356565624 0.041466177 0.933349371 97.180793762 -0.001811199 0.998981297 -0.045073990 -3.212248564 -0.934268415 -0.017762326 -0.356127739 -30.672723770
-0.350697190 0.037198178 0.935749650 98.021621704 -0.004729044 0.999127030 -0.041489940 -3.264992476 -0.936476886 -0.018975616 -0.350215554 -30.978788376
-0.345284522 0.033416405 0.937902808 98.862792969 -0.004737908 0.999290347 -0.037347853 -3.319401979 -0.938485980 -0.017339338 -0.344881594 -31.282327652
-0.339433670 0.030340247 0.940140426 99.706939697 -0.006340429 0.999382436 -0.034541331 -3.372547626 -0.940608561 -0.017685391 -0.339032084 -31.577703476
-0.333748698 0.028668948 0.942225933 100.565917969 -0.014773892 0.999254823 -0.035637304 -3.419668198 -0.942546248 -0.025814259 -0.333076864 -31.865543365
-0.327772349 0.028867885 0.944315493 101.433036804 -0.022467472 0.999011457 -0.038338464 -3.465627909 -0.944489479 -0.033782691 -0.326800197 -32.144683838
-0.321218699 0.033165600 0.946423948 102.280776978 -0.020825518 0.998896718 -0.042072680 -3.514290571 -0.946775973 -0.033224322 -0.320174068 -32.421577454
-0.313868761 0.036662679 0.948758066 103.124786377 -0.018794646 0.998817742 -0.044814818 -3.562273502 -0.949280322 -0.031897567 -0.312809050 -32.700363159
-0.307472110 0.034729484 0.950922906 103.991050720 -0.020208091 0.998869300 -0.043014713 -3.612933874 -0.951342404 -0.032442186 -0.306423068 -32.970314026
-0.300529957 0.029855702 0.953304768 104.843917847 -0.020854833 0.999064565 -0.037863344 -3.664817810 -0.953544259 -0.031260103 -0.299626589 -33.227867126
-0.293445289 0.027244458 0.955587327 105.703102112 -0.022296594 0.999126136 -0.035332732 -3.716087103 -0.955715716 -0.031674586 -0.292581767 -33.485183716
-0.287277758 0.030444464 0.957363129 106.559974670 -0.024716210 0.998925567 -0.039182834 -3.761775732 -0.957528293 -0.034918766 -0.286217004 -33.731662750
-0.281074107 0.033031687 0.959117174 107.402908325 -0.024621848 0.998829484 -0.041614957 -3.810768127 -0.959370136 -0.035312150 -0.279932201 -33.969886780
-0.274433106 0.033713304 0.961014748 108.256439209 -0.026935503 0.998722792 -0.042728033 -3.858654261 -0.961228848 -0.037611432 -0.273174912 -34.199008942
-0.267574400 0.033208657 0.962964535 109.110488892 -0.026904391 0.998757899 -0.041918851 -3.909871578 -0.963161469 -0.037124418 -0.266348988 -34.426784515
-0.259507656 0.033015884 0.965176344 109.949737549 -0.023167480 0.998914182 -0.040399048 -3.957462788 -0.965463102 -0.032844592 -0.258461386 -34.645267487
-0.251961470 0.034096707 0.967136204 110.807014465 -0.020772256 0.998957455 -0.040630266 -4.007723808 -0.967514277 -0.030326886 -0.250990897 -34.865020752
-0.245559081 0.034603376 0.968763590 111.670616150 -0.020080380 0.998965859 -0.040772114 -4.057898521 -0.969173551 -0.029465128 -0.244610637 -35.076526642
-0.238664836 0.033521555 0.970523000 112.511001587 -0.026423212 0.998809040 -0.040996406 -4.105005741 -0.970742345 -0.035428766 -0.237495199 -35.274536133
-0.232965842 0.031591710 0.971971393 113.366928101 -0.030263469 0.998751819 -0.039715841 -4.159151554 -0.972013772 -0.038667694 -0.231719330 -35.452243805
-0.228429928 0.031583447 0.973047674 114.230293274 -0.027774578 0.998854637 -0.038941413 -4.208222866 -0.973163903 -0.035921410 -0.227291420 -35.652675629
-0.223768696 0.031884175 0.974120378 115.094734192 -0.026328349 0.998901486 -0.038743306 -4.259554863 -0.974286497 -0.034316555 -0.222683758 -35.847969055
-0.219045922 0.033140644 0.975151300 115.957794189 -0.025568191 0.998884082 -0.039690565 -4.310500622 -0.975379348 -0.033626944 -0.217954457 -36.036674500
-0.213156849 0.032155797 0.976488411 116.811462402 -0.019734526 0.999111831 -0.037208658 -4.355220795 -0.976818562 -0.027201843 -0.212333262 -36.220577240
-0.207934007 0.030925827 0.977653623 117.685630798 -0.012364497 0.999336302 -0.034241512 -4.406654835 -0.978064656 -0.019208185 -0.207413912 -36.407882690
-0.202910036 0.029934170 0.978739500 118.556144714 -0.010746824 0.999403536 -0.032794211 -4.457268238 -0.979138374 -0.017172629 -0.202467591 -36.588935852
-0.198833480 0.031545609 0.979525208 119.429092407 -0.012703056 0.999314129 -0.034761533 -4.502645016 -0.979950964 -0.019354736 -0.198296651 -36.760204315
-0.195302710 0.033612687 0.980166614 120.285232544 -0.014000099 0.999214351 -0.037055504 -4.545832157 -0.980643034 -0.020959487 -0.194678962 -36.922153473
-0.193558708 0.032893617 0.980536878 121.153282166 -0.016181597 0.999194026 -0.036713786 -4.597151279 -0.980955184 -0.022972945 -0.192870706 -37.084018707
-0.192622736 0.031865478 0.980755091 122.030029297 -0.016787615 0.999218524 -0.035762526 -4.641080379 -0.981129169 -0.023353234 -0.191937536 -37.248352051
-0.191680804 0.027568286 0.981069803 122.899421692 -0.015536818 0.999394178 -0.031118808 -4.682876110 -0.981334209 -0.021207597 -0.191136613 -37.413951874
-0.190569028 0.022287594 0.981420577 123.772911072 -0.016421875 0.999529243 -0.025887609 -4.728525162 -0.981536329 -0.021050159 -0.190113544 -37.577888489
-0.189730942 0.020444402 0.981623054 124.638595581 -0.015900914 0.999587357 -0.023891950 -4.769384384 -0.981707275 -0.020141760 -0.189327791 -37.740814209
-0.188473642 0.025136637 0.981756330 125.492630005 -0.016102243 0.999458194 -0.028681142 -4.809386730 -0.981946111 -0.021214133 -0.187966987 -37.901405334
-0.188399017 0.028927047 0.981666267 126.337226868 -0.016295375 0.999335706 -0.032575116 -4.848614216 -0.981957257 -0.022133755 -0.187802717 -38.058727264
-0.188399285 0.028084714 0.981690705 127.192222595 -0.019858360 0.999276936 -0.032398943 -4.887809753 -0.981891572 -0.025598723 -0.187705606 -38.213329315
-0.187878430 0.027107252 0.981817961 128.038253784 -0.021887973 0.999254525 -0.031777125 -4.933067799 -0.981948256 -0.027460266 -0.187145308 -38.369003296
-0.187067881 0.027735293 0.981955171 128.872070312 -0.017208921 0.999354661 -0.031505164 -4.979596138 -0.982196033 -0.022792017 -0.186470121 -38.528015137
-0.186322466 0.030439962 0.982016802 129.685791016 -0.019435765 0.999209344 -0.034660552 -5.014873981 -0.982296228 -0.025544314 -0.185583785 -38.675746918
-0.186645150 0.031434692 0.981924176 130.521835327 -0.027695166 0.998921514 -0.037243191 -5.060795784 -0.982036769 -0.034145847 -0.185573533 -38.816501617
-0.186088428 0.032646764 0.981990337 131.355987549 -0.033619761 0.998650074 -0.039571650 -5.110581875 -0.981957436 -0.040378142 -0.184739918 -38.961338043
-0.185719460 0.036240701 0.981934130 132.179901123 -0.030501399 0.998624504 -0.042625662 -5.161056519 -0.982129037 -0.037866812 -0.184358895 -39.112827301
-0.185198888 0.037163433 0.981997967 133.001815796 -0.029522238 0.998622298 -0.043360326 -5.211080551 -0.982257247 -0.037021093 -0.183846876 -39.260887146
-0.183480754 0.038406327 0.982272685 133.830184937 -0.030413566 0.998535454 -0.044723243 -5.260267735 -0.982552528 -0.038080301 -0.182044253 -39.409713745
-0.182166770 0.037278492 0.982560635 134.633651733 -0.022915196 0.998847842 -0.042144943 -5.314320087 -0.983000457 -0.030193003 -0.181102917 -39.546627045
-0.178636700 0.034187645 0.983320892 135.445800781 -0.017547155 0.999125659 -0.037924904 -5.363188267 -0.983758450 -0.024029283 -0.177880883 -39.703479767
-0.176804662 0.029373208 0.983807504 136.252777100 -0.013732597 0.999382734 -0.032306217 -5.411239147 -0.984149933 -0.019222137 -0.176292449 -39.846340179
-0.173259586 0.028873222 0.984452844 137.059097290 -0.012419944 0.999425650 -0.031498261 -5.454946995 -0.984797716 -0.017684234 -0.172801778 -39.982448578
-0.168370068 0.033883736 0.985141277 137.846786499 -0.011225902 0.999277294 -0.036288593 -5.502182007 -0.985659719 -0.017169023 -0.167868316 -40.111877441
-0.161856815 0.036810923 0.986127436 138.619094849 -0.009806648 0.999193668 -0.038908310 -5.547375679 -0.986765325 -0.015968191 -0.161365628 -40.231250763
-0.153701201 0.037409738 0.987408936 139.414825439 -0.010043506 0.999171317 -0.039418798 -5.587896347 -0.988066137 -0.015975775 -0.153198406 -40.349052429
-0.144551054 0.032843024 0.988952100 140.196975708 -0.008695670 0.999367297 -0.034459956 -5.633864403 -0.989458978 -0.013580834 -0.144174293 -40.450668335
-0.132571697 0.031351656 0.990677476 140.987777710 -0.004567471 0.999468684 -0.032241121 -5.679675102 -0.991162717 -0.008799154 -0.132358372 -40.555385590
-0.118658036 0.034020633 0.992352188 141.767593384 0.000071090 0.999412179 -0.034254201 -5.717930794 -0.992935002 -0.003993991 -0.118590996 -40.645973206
-0.104658231 0.035121497 0.993887842 142.550094604 -0.000159163 0.999374688 -0.035332173 -5.757955551 -0.994508088 -0.003855994 -0.104587473 -40.720077515
-0.090604812 0.035166334 0.995265782 143.331573486 0.001487902 0.999379098 -0.035176244 -5.798324585 -0.995885670 -0.001706279 -0.090601139 -40.787239075
-0.077107884 0.036762625 0.996344686 144.107208252 0.002233783 0.999322891 -0.036699664 -5.844173431 -0.997020066 -0.000604214 -0.077138051 -40.842033386
-0.063402146 0.043127462 0.997055709 144.865188599 -0.000857956 0.999062061 -0.043268837 -5.891628265 -0.997987509 -0.003598770 -0.063305929 -40.880508423
-0.050722905 0.052385397 0.997337878 145.623336792 -0.007753021 0.998571694 -0.052844539 -5.938738346 -0.998682559 -0.010412821 -0.050244540 -40.901641846
-0.036953736 0.060341734 0.997493446 146.377655029 -0.011753025 0.998079062 -0.060812600 -5.988142014 -0.999247730 -0.013970834 -0.036173768 -40.914482117
-0.023860993 0.061080471 0.997847557 147.136352539 -0.012253468 0.998037994 -0.061385166 -6.040190697 -0.999640048 -0.013691819 -0.023065936 -40.922630310
-0.012125097 0.057187542 0.998289824 147.904617310 -0.016412867 0.998216331 -0.057382721 -6.099929333 -0.999791622 -0.017080586 -0.011165056 -40.917900085
-0.001341331 0.054783385 0.998497367 148.669815063 -0.020122962 0.998293638 -0.054799277 -6.162158489 -0.999796391 -0.020166250 -0.000236829 -40.904727936
0.007371095 0.061286226 0.998093009 149.415283203 -0.024113663 0.997839868 -0.061092630 -6.222376347 -0.999681830 -0.023617383 0.008832823 -40.881351471
0.013842266 0.069217809 0.997505546 150.156982422 -0.027308051 0.997254252 -0.068821453 -6.279131413 -0.999531031 -0.026287314 0.015694283 -40.858741760
0.016811557 0.072113022 0.997254789 150.903305054 -0.030342786 0.996972203 -0.071581118 -6.334735870 -0.999397993 -0.029056128 0.018948590 -40.833953857
0.016515387 0.067533344 0.997580349 151.659072876 -0.032967798 0.997209728 -0.066962510 -6.396593094 -0.999319792 -0.031782147 0.018695557 -40.810028076
0.014700295 0.063172244 0.997894347 152.416046143 -0.034338783 0.997444451 -0.062637955 -6.465145111 -0.999301970 -0.033345714 0.016831812 -40.787891388
0.011864383 0.060245559 0.998113036 153.170639038 -0.032857962 0.997666776 -0.059828088 -6.523300171 -0.999389470 -0.032086167 0.013816070 -40.777992249
0.009037748 0.060594358 0.998121500 153.911483765 -0.031126264 0.997694671 -0.060286645 -6.575734138 -0.999474466 -0.030522969 0.010902809 -40.768512726
0.005276024 0.060514838 0.998153269 154.653762817 -0.029500620 0.997741222 -0.060333956 -6.634999752 -0.999550700 -0.029127847 0.007049149 -40.762432098
0.000558740 0.058868676 0.998265505 155.395858765 -0.030673429 0.997795999 -0.058823857 -6.694764137 -0.999529123 -0.030587388 0.002363026 -40.753311157
-0.005017940 0.059211500 0.998232782 156.134536743 -0.031746149 0.997731864 -0.059341401 -6.746211052 -0.999483168 -0.031987850 -0.003127013 -40.750141144
-0.011028504 0.057244726 0.998299181 156.867141724 -0.033176929 0.997788370 -0.057581984 -6.800272942 -0.999388456 -0.033755578 -0.009105105 -40.751171112
-0.017071493 0.054383613 0.998374104 157.599365234 -0.030974006 0.998010695 -0.054893490 -6.860539436 -0.999374211 -0.031860795 -0.015353255 -40.759929657
-0.022567715 0.054356869 0.998266399 158.331085205 -0.031938545 0.997970998 -0.055062845 -6.911448002 -0.999234855 -0.033125859 -0.020786053 -40.772144318
-0.027997283 0.055404276 0.998071253 159.055633545 -0.033539187 0.997847617 -0.056332707 -6.965151310 -0.999045014 -0.035051703 -0.026079016 -40.784042358
-0.032314032 0.057594884 0.997816741 159.771942139 -0.034207530 0.997688770 -0.058695316 -7.020876884 -0.998892069 -0.036029574 -0.030269377 -40.797241211
-0.035186589 0.059792109 0.997590303 160.488693237 -0.034559041 0.997537911 -0.061007943 -7.076187134 -0.998782933 -0.036622472 -0.033033807 -40.815330505
-0.036923800 0.061436743 0.997427583 161.194839478 -0.032092549 0.997519732 -0.062630482 -7.127210140 -0.998802483 -0.034322593 -0.034860771 -40.837642670
-0.036518738 0.059733093 0.997545958 161.902328491 -0.029002052 0.997727215 -0.060805701 -7.181769848 -0.998911858 -0.031151468 -0.034703568 -40.858741760
-0.032616105 0.055877984 0.997904539 162.614852905 -0.026413202 0.998038054 -0.056748793 -7.240345001 -0.999118686 -0.028208816 -0.031076405 -40.879943848
-0.025324423 0.055903167 0.998114824 163.316741943 -0.025739001 0.998066783 -0.056553561 -7.294692039 -0.999347687 -0.027122699 -0.023836773 -40.890522003
-0.014067634 0.056802016 0.998286188 164.008758545 -0.023367364 0.998092830 -0.057120331 -7.345824242 -0.999627769 -0.024130898 -0.012713681 -40.895530701
0.000487595 0.056811597 0.998384655 164.702529907 -0.020852312 0.998167455 -0.056789085 -7.397654533 -0.999782324 -0.020790964 0.001671178 -40.893112183
0.015604207 0.054683778 0.998381615 165.387588501 -0.022011029 0.998279214 -0.054334175 -7.443410873 -0.999635816 -0.021127589 0.016780840 -40.871421814
0.031603701 0.049967647 0.998250484 166.070465088 -0.026944941 0.998428226 -0.049123518 -7.490505219 -0.999137104 -0.025345344 0.032900259 -40.831653595
0.047770329 0.043401413 0.997914791 166.750167847 -0.028372347 0.998710513 -0.042077854 -7.533362865 -0.998455226 -0.026303140 0.048939995 -40.784477234
0.064763434 0.036144100 0.997245669 167.422012329 -0.028726997 0.998996317 -0.034341980 -7.570584297 -0.997487009 -0.026423793 0.065736622 -40.731998444
0.082354933 0.028725240 0.996188760 168.090744019 -0.029379031 0.999219179 -0.026383884 -7.605724335 -0.996169925 -0.027094243 0.083134443 -40.665306091
0.099332333 0.022852875 0.994791627 168.750274658 -0.031238254 0.999314189 -0.019837581 -7.638108730 -0.994563758 -0.029105067 0.099978000 -40.584632874
0.117304541 0.020552447 0.992883086 169.397018433 -0.032216936 0.999337494 -0.016879793 -7.666720867 -0.992573202 -0.030007603 0.117888883 -40.494911194
0.135224134 0.019280465 0.990627229 170.036972046 -0.031012889 0.999402225 -0.015217910 -7.689040661 -0.990329444 -0.028664412 0.135741189 -40.398468018
0.152423620 0.018673895 0.988138616 170.670837402 -0.032463577 0.999375641 -0.013878666 -7.710489750 -0.987781823 -0.029963106 0.152934626 -40.285381317
0.168268681 0.017810632 0.985580027 171.296524048 -0.037567012 0.999225378 -0.011643408 -7.729408264 -0.985024929 -0.035066109 0.168807387 -40.157756805
0.182667106 0.014377748 0.983069479 171.920745850 -0.039923880 0.999175906 -0.007194961 -7.747696877 -0.982363760 -0.037933700 0.183090568 -40.024642944
0.194950089 0.010371666 0.980758131 172.541900635 -0.036376122 0.999331653 -0.003337453 -7.765086651 -0.980138242 -0.035025574 0.195197076 -39.896663666
0.205704451 0.009241641 0.978570342 173.158370972 -0.034298141 0.999408185 -0.002228680 -7.780959129 -0.978012860 -0.033104725 0.205899701 -39.765266418
0.215598375 0.013100321 0.976394057 173.756896973 -0.039073657 0.999223888 -0.004778774 -7.795445919 -0.975699961 -0.037121028 0.215942964 -39.620395660
0.224535510 0.020321781 0.974253774 174.344146729 -0.043488991 0.998994291 -0.010814996 -7.814228058 -0.973494887 -0.039940998 0.225193530 -39.465259552
0.233629823 0.030263864 0.971854270 174.926498413 -0.043729670 0.998830080 -0.020591494 -7.830933094 -0.971341610 -0.037688117 0.234679997 -39.319229126
0.241884351 0.035924803 0.969639599 175.515228271 -0.038330700 0.998887002 -0.027446538 -7.848405838 -0.969547510 -0.030528108 0.242992237 -39.174270630
0.248261258 0.034015886 0.968095481 176.109008789 -0.037833814 0.998960137 -0.025398193 -7.865114212 -0.967953861 -0.030321384 0.249290124 -39.014614105
0.254131198 0.026613116 0.966803372 176.710678101 -0.040492360 0.999036551 -0.016856724 -7.883241653 -0.966321588 -0.034864359 0.254964054 -38.843505859
0.258403689 0.016186314 0.965901256 177.317138672 -0.044973753 0.998975933 -0.004708956 -7.904696465 -0.964989483 -0.042223427 0.258867115 -38.668209076
0.260522842 0.008075072 0.965433776 177.929321289 -0.045258857 0.998966753 0.003857546 -7.924720764 -0.964406192 -0.044699445 0.260619193 -38.497875214
0.261351645 0.007329736 0.965215683 178.530853271 -0.042076919 0.999106050 0.003806047 -7.941142082 -0.964325964 -0.041608054 0.261426479 -38.332717896
0.262661666 0.009413728 0.964841902 179.130859375 -0.038567353 0.999254644 0.000749780 -7.949284554 -0.964116752 -0.037408367 0.262829006 -38.172389984
0.264433205 0.008884925 0.964362919 179.735549927 -0.035210650 0.999378741 0.000447368 -7.955611706 -0.963760793 -0.034074169 0.264581829 -38.010295868
0.265925735 0.006907010 0.963968635 180.344970703 -0.037612822 0.999286175 0.003215980 -7.958425045 -0.963259280 -0.037112817 0.265995771 -37.832164764
0.268636286 0.003310961 0.963235855 180.948196411 -0.038254268 0.999240816 0.007233951 -7.965390205 -0.962481678 -0.038791213 0.268559039 -37.655220032
0.271596760 -0.001832532 0.962409258 181.554244995 -0.037675750 0.999210358 0.012534855 -7.974465370 -0.961673319 -0.039663941 0.271313280 -37.479839325
0.275984615 -0.004598061 0.961150944 182.167358398 -0.036446746 0.999218285 0.015245443 -7.977737904 -0.960470676 -0.039238352 0.275601327 -37.299785614
0.282202870 -0.006668388 0.959331453 182.776657104 -0.034964822 0.999238968 0.017231219 -7.975128174 -0.958717287 -0.038405575 0.281754971 -37.115962982
0.290165931 -0.009864998 0.956925392 183.396987915 -0.033365663 0.999233603 0.020418499 -7.974060535 -0.956394434 -0.037853222 0.289614469 -36.925834656
0.299927771 -0.011837326 0.953888416 184.019958496 -0.030734580 0.999282956 0.022064380 -7.975548267 -0.953466654 -0.035935096 0.299349010 -36.726955414
0.310795635 -0.009527042 0.950428903 184.633239746 -0.032438040 0.999259889 0.020623904 -7.974591255 -0.949923038 -0.037239887 0.310256690 -36.513164520
0.322416216 -0.005778871 0.946580231 185.244735718 -0.033642471 0.999278605 0.017559569 -7.974580288 -0.945999980 -0.037506808 0.321989328 -36.294349670
0.334117204 -0.002543044 0.942527950 185.859375000 -0.034913681 0.999275625 0.015072681 -7.969364166 -0.941884637 -0.037943184 0.333786517 -36.063495636
0.345628321 -0.002162472 0.938368917 186.479980469 -0.033683687 0.999323308 0.014709573 -7.965140820 -0.937766731 -0.036691789 0.345321745 -35.826442719
0.356933713 -0.005195634 0.934115171 187.095474243 -0.032941174 0.999291539 0.018145222 -7.962385654 -0.933548689 -0.037247505 0.356509835 -35.582317352
