1.000000000 0.000000000 0.000000000 0.000000000 0.000000000 1.000000000 0.000000000 0.000000000 0.000000000 0.000000000 1.000000000 0.000000000
0.999997973 0.001175974 0.001628701 -0.008475724 -0.001168331 0.999988317 -0.004685985 -0.001892278 -0.001634193 0.004684073 0.999987721 0.960197151
0.999996543 -0.001104434 0.002380322 -0.007040395 0.001117567 0.999984086 -0.005523136 -0.000598044 -0.002374185 0.005525778 0.999981940 1.922041297
0.999992907 -0.002459590 0.002847589 -0.016454194 0.002463778 0.999995887 -0.001468122 -0.001841976 -0.002843966 0.001475128 0.999994874 2.861736059
0.999984622 -0.005132535 0.002077863 -0.010906216 0.005123015 0.999976456 0.004561547 -0.005139569 -0.002101227 -0.004550832 0.999987423 3.820594549
0.999963462 -0.008513069 0.000719151 -0.008151704 0.008509743 0.999953568 0.004506434 -0.001364158 -0.000757481 -0.004500150 0.999989569 4.752499580
0.999940634 -0.010891951 -0.000121418 -0.010878884 0.010892136 0.999939203 0.001650460 0.001917954 0.000103434 -0.001651685 0.999998629 5.685553074
0.999933243 -0.011511827 -0.000878321 -0.015378440 0.011510202 0.999931991 -0.001831208 0.001945984 0.000899342 0.001820977 0.999997973 6.606327534
0.999933779 -0.011385527 -0.001617949 -0.025330879 0.011381702 0.999932349 -0.002352271 -0.001735388 0.001644622 0.002333701 0.999995947 7.531390190
0.999938488 -0.010798897 -0.002495953 -0.036082879 0.010797883 0.999941468 -0.000418039 -0.004588839 0.002500322 0.000391063 0.999996841 8.446922302
0.999942124 -0.010347153 -0.002913404 -0.048154444 0.010354321 0.999943256 0.002457109 -0.006353875 0.002887815 -0.002487133 0.999992788 9.363134384
0.999938011 -0.010446450 -0.003822417 -0.056040533 0.010461438 0.999937475 0.003923344 -0.004235941 0.003781194 -0.003963090 0.999985039 10.281708717
0.999919593 -0.011889557 -0.004376848 -0.065047011 0.011910526 0.999917448 0.004796844 -0.003467944 0.004319456 -0.004848591 0.999978960 11.191121101
0.999917507 -0.011769961 -0.005109725 -0.073627546 0.011793886 0.999919415 0.004678182 0.000164846 0.005054252 -0.004738062 0.999976039 12.095097542
0.999908745 -0.012231027 -0.005716227 -0.085819334 0.012249863 0.999919534 0.003272209 0.003872810 0.005675746 -0.003341935 0.999978304 12.999482155
0.999893904 -0.012621765 -0.007252046 -0.093127608 0.012631478 0.999919295 0.001295433 0.007003590 0.007235112 -0.001386901 0.999972820 13.905146599
0.999863207 -0.014061880 -0.008689435 -0.105516821 0.014063104 0.999901056 0.000080148 0.005320839 0.008687451 -0.000202338 0.999962211 14.810986519
0.999849021 -0.013823776 -0.010515699 -0.116738059 0.013819373 0.999904335 -0.000490874 0.005270494 0.010521483 0.000345478 0.999944568 15.713219643
0.999851227 -0.012537423 -0.011838681 -0.138563141 0.012522987 0.999920726 -0.001292330 0.002482129 0.011853947 0.001143882 0.999929070 16.602806091
0.999850869 -0.010995995 -0.013313610 -0.161259651 0.010977906 0.999938667 -0.001430715 0.003852333 0.013328529 0.001284345 0.999910355 17.494644165
0.999828339 -0.011271536 -0.014702387 -0.178893328 0.011264519 0.999936342 -0.000559781 0.001905224 0.014707765 0.000394069 0.999891758 18.387411118
0.999815106 -0.010592577 -0.016045637 -0.199499756 0.010607217 0.999943316 0.000827873 0.000878988 0.016035963 -0.000997921 0.999870956 19.257341385
0.999797106 -0.010197799 -0.017369851 -0.221367761 0.010222417 0.999946833 0.001329448 0.002179948 0.017355375 -0.001506741 0.999848306 20.135023117
0.999757648 -0.011403060 -0.018829376 -0.244560182 0.011427149 0.999934018 0.001172584 0.001831005 0.018814765 -0.001387468 0.999822080 21.012594223
0.999725699 -0.011567668 -0.020364312 -0.268627673 0.011585539 0.999932587 0.000760104 0.001760471 0.020354152 -0.000995829 0.999792397 21.882541656
0.999702275 -0.011488250 -0.021527564 -0.291602135 0.011516056 0.999933004 0.001168326 0.001542395 0.021512706 -0.001415892 0.999767601 22.744659424
0.999680758 -0.011268131 -0.022616060 -0.313926756 0.011341605 0.999930739 0.003123410 0.003118427 0.022579307 -0.003378917 0.999739349 23.597566605
0.999641955 -0.012650791 -0.023576748 -0.333268553 0.012791439 0.999901175 0.005824558 0.006885623 0.023500739 -0.006124055 0.999705076 24.448268890
0.999629855 -0.012427226 -0.024200466 -0.358078599 0.012611727 0.999892414 0.007486483 0.008628703 0.024104832 -0.007788923 0.999679148 25.281595230
0.999624372 -0.011753973 -0.024756443 -0.384594858 0.011916784 0.999908268 0.006439546 0.009929052 0.024678487 -0.006732145 0.999672830 26.105792999
0.999618173 -0.010260593 -0.025652518 -0.410756946 0.010358856 0.999939501 0.003700878 0.016154129 0.025612999 -0.003965196 0.999664128 26.912666321
0.999605477 -0.009861372 -0.026296766 -0.438821852 0.009915850 0.999948978 0.001942280 0.021482121 0.026276276 -0.002202268 0.999652386 27.710010529
0.999586165 -0.009081963 -0.027293595 -0.466824532 0.009128829 0.999957085 0.001593245 0.022673409 0.027277958 -0.001841744 0.999626279 28.495698929
0.999552190 -0.009202234 -0.028471533 -0.494214982 0.009237897 0.999956667 0.001121566 0.020714022 0.028459987 -0.001384081 0.999594033 29.276372910
0.999503791 -0.008567172 -0.030308925 -0.526158035 0.008578502 0.999963105 0.000244000 0.021168306 0.030305728 -0.000503884 0.999540567 30.048437119
0.999445438 -0.008771596 -0.032120213 -0.559098780 0.008782431 0.999961376 0.000196396 0.022628348 0.032117262 -0.000478380 0.999484003 30.803405762
0.999381423 -0.008574270 -0.034103405 -0.588221550 0.008613495 0.999962330 0.001003622 0.028949361 0.034093529 -0.001296751 0.999417841 31.562892914
0.999300599 -0.009165712 -0.036249593 -0.617174387 0.009294412 0.999951065 0.003383629 0.028525628 0.036216818 -0.003718181 0.999337077 32.306819916
0.999233484 -0.008532654 -0.038201038 -0.653980076 0.008734285 0.999948800 0.005114542 0.024671206 0.038155451 -0.005444281 0.999257028 33.038619995
0.999167204 -0.006896473 -0.040212166 -0.684569359 0.007114140 0.999960780 0.005272530 0.027745835 0.040174238 -0.005554214 0.999177277 33.767616272
0.999098539 -0.004010316 -0.042257510 -0.717514634 0.004201007 0.999981344 0.004424868 0.030483918 0.042238988 -0.004598403 0.999096990 34.485618591
0.999024212 -0.002348878 -0.044100240 -0.754240930 0.002507188 0.999990582 0.003534939 0.037928835 0.044091530 -0.003642057 0.999020875 35.199367523
0.998960137 -0.002172919 -0.045537826 -0.795252502 0.002390153 0.999985993 0.004716637 0.038812749 0.045526944 -0.004820574 0.998951495 35.888370514
0.998904347 -0.000638966 -0.046791237 -0.829047441 0.000942384 0.999978662 0.006462849 0.045423865 0.046786111 -0.006499863 0.998883784 36.579231262
0.998898685 0.002268646 -0.046861082 -0.868590474 -0.001940786 0.999973297 0.007040877 0.046672691 0.046875808 -0.006942175 0.998876572 37.257537842
0.998935461 0.005462087 -0.045801859 -0.905920208 -0.005233752 0.999973238 0.005103859 0.045331135 0.045828518 -0.004858710 0.998937488 37.919246674
0.998993695 0.007202731 -0.044265430 -0.936778784 -0.007122663 0.999972641 0.001966433 0.047909413 0.044278387 -0.001649166 0.999017894 38.568012238
0.999086440 0.007992014 -0.041978523 -0.972735822 -0.007998868 0.999967933 0.000004853 0.052656297 0.041977219 0.000330933 0.999118567 39.202846527
0.999207258 0.009320622 -0.038700800 -1.002162576 -0.009298828 0.999956429 0.000743290 0.055422485 0.038706046 -0.000382828 0.999250591 39.844028473
0.999267280 0.014193085 -0.035542224 -1.033434153 -0.014077571 0.999894738 0.003498403 0.055609260 0.035588138 -0.002995491 0.999362111 40.471279144
0.999325097 0.018649520 -0.031643409 -1.062813759 -0.018438006 0.999805689 0.006963285 0.055466194 0.031767122 -0.006375144 0.999475062 41.091079712
0.999348581 0.023572903 -0.027320622 -1.087429643 -0.023361364 0.999694705 0.008036682 0.055856325 0.027501728 -0.007393202 0.999594450 41.695568085
0.999388516 0.027225653 -0.021931747 -1.107888341 -0.027049793 0.999599695 0.008276165 0.059066772 0.022148291 -0.007677856 0.999725282 42.278255463
0.999387145 0.031112092 -0.016032498 -1.122992873 -0.030953409 0.999470174 0.010053137 0.066739418 0.016336776 -0.009550718 0.999821007 42.845203400
0.999308050 0.035967145 -0.009453416 -1.136633873 -0.035860337 0.999293566 0.011236316 0.069296658 0.009850871 -0.010889540 0.999892235 43.392780304
0.999230146 0.039150503 -0.002451763 -1.141801000 -0.039121531 0.999174654 0.010925441 0.070175484 0.002877470 -0.010821115 0.999937356 43.925411224
0.999075472 0.042702306 0.004923610 -1.145661116 -0.042753853 0.999026239 0.010885330 0.071402684 -0.004453996 -0.011085772 0.999928713 44.426914215
0.998803556 0.047296472 0.012414927 -1.144449353 -0.047425315 0.998821616 0.010295925 0.078589104 -0.011913348 -0.010872390 0.999870002 44.914287567
0.998473942 0.051496200 0.019939190 -1.139596105 -0.051655058 0.998636425 0.007534688 0.080755346 -0.019524008 -0.008553151 0.999772847 45.376876831
0.998175561 0.053535286 0.027914861 -1.128624797 -0.053678282 0.998548448 0.004397502 0.083266914 -0.027638936 -0.005887900 0.999600708 45.817935944
0.997902155 0.053986359 0.035728566 -1.113711119 -0.054175392 0.998521864 0.004342718 0.081065163 -0.035441324 -0.006269217 0.999352157 46.226348877
0.997624338 0.053274568 0.043670420 -1.091580153 -0.053571295 0.998547912 0.005651475 0.082527779 -0.043305941 -0.007977530 0.999030054 46.628978729
0.997152805 0.054919485 0.051668495 -1.072070837 -0.055319272 0.998448491 0.006338056 0.083437599 -0.051240265 -0.009178275 0.998644233 47.003440857
0.996483088 0.058003701 0.060468659 -1.052932262 -0.058504783 0.998265505 0.006547523 0.083658628 -0.059984021 -0.010062204 0.998148680 47.354003906
0.995640099 0.062617838 0.069131792 -1.030881882 -0.063182503 0.997983754 0.006009283 0.081997223 -0.068616152 -0.010351005 0.997589469 47.682567596
0.994741201 0.066321567 0.078043237 -1.007926702 -0.066994846 0.997734904 0.006037387 0.081398264 -0.077466093 -0.011234135 0.996931732 47.983181000
0.994008303 0.065596521 0.087429665 -0.979234517 -0.066437714 0.997767627 0.006742877 0.078649655 -0.086792223 -0.012511106 0.996147931 48.260543823
0.993092597 0.064436905 0.098052412 -0.944603443 -0.065243259 0.997856498 0.005035828 0.075533330 -0.097517803 -0.011398303 0.995168567 48.526199341
0.991951406 0.063080609 0.109783918 -0.904941618 -0.063522898 0.997979999 0.000531862 0.074820891 -0.109528676 -0.007501373 0.993955374 48.789627075
0.990335822 0.064097784 0.122986309 -0.862703979 -0.064146549 0.997933865 -0.003567612 0.074496768 -0.122960947 -0.004356009 0.992402017 49.050895691
0.988181531 0.065899372 0.138396949 -0.819762588 -0.065744638 0.997819960 -0.005694600 0.070402771 -0.138470590 -0.003471553 0.990360558 49.304084778
0.985693991 0.067387670 0.154484510 -0.770500839 -0.067110948 0.997720599 -0.007012017 0.068239406 -0.154605001 -0.003455895 0.987970412 49.554985046
0.982872486 0.067971811 0.171291351 -0.715177715 -0.067567088 0.997680724 -0.008198806 0.063617803 -0.171451464 -0.003515271 0.985186398 49.800941467
0.979619861 0.067123719 0.189310983 -0.655230165 -0.066552468 0.997738540 -0.009380560 0.061689015 -0.189512640 -0.003409726 0.981872439 50.044357300
0.975771666 0.066064164 0.208577290 -0.587641478 -0.065455459 0.997806847 -0.009827186 0.059283584 -0.208769172 -0.004063428 0.977956593 50.286041260
0.971245289 0.066201054 0.228690445 -0.515112579 -0.065374702 0.997797728 -0.011196042 0.057702132 -0.228928119 -0.004076462 0.973434865 50.530551910
0.965939522 0.068149112 0.249631464 -0.438538432 -0.066889256 0.997668326 -0.013537060 0.055846527 -0.249972075 -0.003621678 0.968246400 50.773490906
0.959706306 0.069465376 0.272282541 -0.354876131 -0.067736961 0.997578621 -0.015754325 0.052998345 -0.272717744 -0.003324060 0.962088466 51.014198303
0.952397346 0.070497558 0.296595365 -0.262697756 -0.068555363 0.997502983 -0.016957821 0.048007965 -0.297050387 -0.004182614 0.954852760 51.254238129
0.943836570 0.073245682 0.322191030 -0.163807064 -0.071273506 0.997295439 -0.017930565 0.042369206 -0.322633117 -0.006040156 0.946504951 51.497734070
0.933910370 0.075388797 0.349467397 -0.058377899 -0.073336311 0.997123718 -0.019121811 0.036332130 -0.349903971 -0.007770592 0.936753452 51.737102509
0.922704279 0.076109886 0.377920032 0.058378041 -0.073829487 0.997059047 -0.020542178 0.026849199 -0.378372282 -0.008947288 0.925610304 51.970752716
0.910042226 0.074270129 0.407807052 0.193196550 -0.071179755 0.997203350 -0.022770248 0.017962532 -0.408357918 -0.008305721 0.912784100 52.200160980
0.895134568 0.071603917 0.440007269 0.337688148 -0.067186162 0.997410953 -0.025631167 0.009566478 -0.440703571 -0.006619058 0.897628307 52.424365997
0.877786517 0.071164750 0.473736137 0.491203070 -0.064625889 0.997455478 -0.030092621 0.001803678 -0.474672496 -0.004200726 0.880152464 52.645046234
0.858206809 0.073179990 0.508060277 0.650680006 -0.064127557 0.997315884 -0.035328273 -0.007672775 -0.509282231 -0.002261705 0.860596538 52.861225128
0.836354852 0.075163662 0.543010473 0.824388266 -0.063690901 0.997170150 -0.039930731 -0.017851517 -0.544475555 -0.001188566 0.838775814 53.080177307
0.811716676 0.078153014 0.578798294 1.011824131 -0.064841725 0.996938825 -0.043677911 -0.029302705 -0.580440462 -0.002076193 0.814299941 53.300132751
0.784294009 0.082074307 0.614935815 1.222295880 -0.067657262 0.996613503 -0.046725560 -0.042462461 -0.616688728 -0.004958301 0.787191391 53.531646729
0.754375279 0.086361706 0.650737226 1.450553417 -0.071256168 0.996223330 -0.049607892 -0.058541797 -0.652564228 -0.008946080 0.757680535 53.761928558
0.721410096 0.087584853 0.686946690 1.706648111 -0.071079157 0.996095359 -0.052355882 -0.074507520 -0.688850462 -0.011057535 0.724819124 53.989910126
0.684993923 0.085271329 0.723540962 1.992522478 -0.067492336 0.996282995 -0.053518187 -0.093848005 -0.725415707 -0.012173845 0.688203335 54.213603973
0.645890951 0.084163912 0.758775830 2.303713799 -0.064725175 0.996362567 -0.055421419 -0.112232678 -0.760680854 -0.013315712 0.648989499 54.434757233
0.603473842 0.084005356 0.792945027 2.635950565 -0.062727615 0.996354282 -0.057815719 -0.128067270 -0.794911504 -0.014849280 0.606543601 54.650432587
0.557260156 0.084155120 0.826062024 2.987943649 -0.059257872 0.996344388 -0.061527465 -0.144839108 -0.828220606 -0.014663876 0.560210288 54.856086731
0.509198189 0.083070256 0.856630564 3.365980864 -0.056095384 0.996417582 -0.063281730 -0.170214951 -0.858819127 -0.015830075 0.512034237 55.044044495
0.460673034 0.081131004 0.883853793 3.768749237 -0.054284338 0.996524394 -0.063179858 -0.196613818 -0.885908246 -0.018874159 0.463476390 55.220504761
0.411088318 0.078968771 0.908168316 4.194197655 -0.054281332 0.996593237 -0.062086932 -0.222983673 -0.909977913 -0.023773372 0.413974732 55.382755280
0.360972077 0.078522883 0.929264605 4.635537148 -0.057043310 0.996441782 -0.062040992 -0.246026188 -0.930830300 -0.030613268 0.364167213 55.534004211
0.311794877 0.078850031 0.946871758 5.091764450 -0.054480389 0.996394336 -0.065034226 -0.267827779 -0.948586166 -0.031308606 0.314966708 55.660949707
0.264732033 0.075755961 0.961341500 5.575314045 -0.043166138 0.996840775 -0.066666447 -0.298356444 -0.963355362 -0.023848657 0.267166018 55.757286072
0.220742226 0.070257500 0.972798169 6.075345516 -0.029908201 0.997420311 -0.065249212 -0.327594101 -0.974873483 -0.014691381 0.222274274 55.829536438
0.178565621 0.069452845 0.981473446 6.596697330 -0.020554010 0.997550845 -0.066851079 -0.355868369 -0.983713269 -0.008235900 0.179556012 55.893115997
0.140213430 0.071208611 0.987557054 7.116789341 -0.016986448 0.997436345 -0.069509275 -0.380318612 -0.989975572 -0.007028942 0.141063690 55.945465088
0.107633799 0.071940005 0.991584122 7.659497738 -0.008263005 0.997408509 -0.071465686 -0.418458700 -0.994156241 -0.000501326 0.107949436 55.979011536
0.078786708 0.070353538 0.994405627 8.215806961 -0.001125067 0.997511923 -0.070484221 -0.459976763 -0.996890843 0.004434464 0.078669950 56.000968933
0.053909473 0.068758018 0.996175468 8.783800125 0.006137541 0.997584462 -0.069187462 -0.494710416 -0.998526990 0.009843946 0.053357348 56.015247345
0.033998054 0.067989789 0.997106254 9.360540390 0.010919767 0.997598171 -0.068395704 -0.524698019 -0.999362290 0.013213509 0.033174049 56.021301270
0.018106148 0.069803275 0.997396052 9.947724342 0.013613584 0.997449934 -0.070054211 -0.559035301 -0.999743402 0.014846570 0.017109774 56.022506714
0.004693288 0.069457993 0.997573435 10.535229683 0.014289149 0.997477889 -0.069518603 -0.597205400 -0.999886870 0.014580769 0.003689017 56.017856598
-0.006827659 0.070408396 0.997494519 11.134469032 0.015201661 0.997409701 -0.070298404 -0.635160029 -0.999861121 0.014683623 -0.007880245 56.009445190
-0.015885038 0.073345184 0.997179747 11.752491951 0.019938635 0.997130394 -0.073023975 -0.671413541 -0.999674916 0.018722441 -0.017301813 55.992759705
-0.022417091 0.075466856 0.996895909 12.377417564 0.024206134 0.996895015 -0.074922517 -0.706163645 -0.999455571 0.022451479 -0.024174210 55.973373413
-0.026951790 0.074926667 0.996824384 13.018010139 0.024560954 0.996935129 -0.074270971 -0.743638158 -0.999334931 0.022481252 -0.028709425 55.953662872
-0.030650983 0.072181448 0.996920109 13.668576241 0.022210512 0.997191429 -0.071518287 -0.784675777 -0.999283314 0.019950027 -0.032168057 55.940433502
-0.033165902 0.065437831 0.997304976 14.346393585 0.020099036 0.997695625 -0.064795136 -0.824136615 -0.999247730 0.017895907 -0.034404684 55.922691345
-0.034465797 0.059837740 0.997612596 15.021478653 0.021173362 0.998025119 -0.059131056 -0.860290527 -0.999181509 0.019084841 -0.035664674 55.902561188
-0.034944844 0.057350118 0.997742057 15.708666801 0.023692874 0.998118520 -0.056542017 -0.898740411 -0.999108315 0.021663552 -0.036237858 55.874721527
-0.034618676 0.059576757 0.997622907 16.399999619 0.026871329 0.997915685 -0.058661845 -0.940529525 -0.999039233 0.024776690 -0.036147401 55.846054077
-0.033821031 0.067012899 0.997178376 17.093545914 0.027650185 0.997429907 -0.066092059 -0.979536295 -0.999045312 0.025336899 -0.035587002 55.826175690
-0.031613711 0.075042635 0.996678710 17.802705765 0.028289512 0.996844709 -0.074157879 -1.017588496 -0.999099731 0.025851183 -0.033636853 55.802536011
-0.029516231 0.075891517 0.996678770 18.514480591 0.028912419 0.996760666 -0.075041592 -1.056321383 -0.999146104 0.026601484 -0.031614799 55.784660339
-0.027175859 0.071512319 0.997069120 19.246505737 0.028331801 0.997091770 -0.070741802 -1.102387190 -0.999229133 0.026326329 -0.029122870 55.767948151
-0.024765769 0.065050147 0.997574329 19.982913971 0.027627913 0.997543633 -0.064362317 -1.152741075 -0.999311507 0.025966950 -0.026502104 55.754402161
-0.021923093 0.063443564 0.997744322 20.719461441 0.025712756 0.997689605 -0.062875181 -1.199934363 -0.999428988 0.024276374 -0.023503719 55.746414185
-0.018354030 0.068831258 0.997459233 21.444662094 0.033507295 0.997108996 -0.068190604 -1.245153427 -0.999269903 0.032170631 -0.020607283 55.725757599
-0.015053762 0.074487269 0.997108102 22.179174423 0.035207793 0.996641934 -0.073920980 -1.291072488 -0.999266565 0.033993233 -0.017625708 55.712352753
-0.012595206 0.075124905 0.997094333 22.909210205 0.029167742 0.996776462 -0.074732594 -1.336508870 -0.999495089 0.028141759 -0.014745792 55.717380524
-0.009469826 0.071544908 0.997392237 23.642919540 0.024580641 0.997151911 -0.071294375 -1.386335731 -0.999652863 0.023841433 -0.011201438 55.725418091
-0.004648095 0.067827426 0.997686028 24.368370056 0.028783148 0.997292221 -0.067666642 -1.438203335 -0.999574721 0.028402064 -0.006587756 55.719203949
-0.001035656 0.068892747 0.997623324 25.098236084 0.033379354 0.997070074 -0.068819970 -1.489507556 -0.999442041 0.033228792 -0.003332176 55.714389801
0.001566207 0.073574096 0.997288287 25.827974319 0.032954201 0.996743858 -0.073585756 -1.537817121 -0.999455512 0.032980137 -0.000863426 55.720657349
0.005487575 0.074395217 0.997213483 26.545209885 0.029247524 0.996789753 -0.074524626 -1.581719637 -0.999557018 0.029575035 0.003294127 55.735057831
0.008958381 0.073969156 0.997219980 27.289415359 0.028399812 0.996838808 -0.074196078 -1.634975433 -0.999556363 0.028985590 0.006829397 55.750446320
0.012548301 0.070912018 0.997403264 28.033056259 0.032303333 0.996932447 -0.071285002 -1.686570764 -0.999399185 0.033114012 0.010219160 55.758499146
0.016245127 0.071361549 0.997317791 28.773111343 0.036688041 0.996735275 -0.071917519 -1.739409447 -0.999194562 0.037758008 0.013574025 55.766239166
0.019849660 0.072392128 0.997178257 29.514192581 0.039466057 0.996540785 -0.073131494 -1.787953258 -0.999023557 0.040806394 0.016924014 55.776966095
0.022554602 0.072352245 0.997123599 30.255836487 0.039909139 0.996517301 -0.073211014 -1.837882757 -0.998948574 0.041445658 0.019588590 55.796791077
0.025928527 0.070906535 0.997145414 31.009603500 0.041138019 0.996560276 -0.071934663 -1.889018416 -0.998816848 0.042885818 0.022922441 55.821201324
0.029699765 0.070026077 0.997102439 31.760122299 0.043052241 0.996527255 -0.071268074 -1.941737652 -0.998631120 0.045044210 0.026581906 55.839725494
0.032509595 0.070541486 0.996978402 32.497234344 0.041255213 0.996560991 -0.071857236 -1.987688661 -0.998619437 0.043466676 0.029487653 55.871974945
0.035611961 0.072221890 0.996752024 33.236389160 0.038413450 0.996548831 -0.073579632 -2.037975311 -0.998627007 0.040909063 0.032714829 55.904285431
0.038243536 0.072262250 0.996651590 33.988311768 0.040022701 0.996470332 -0.073784888 -2.088684559 -0.998466432 0.042710546 0.035216480 55.934257507
0.041021928 0.072282948 0.996539593 34.744281769 0.037749413 0.996555090 -0.073838033 -2.135570288 -0.998444676 0.040647823 0.038152035 55.969161987
0.043216217 0.072647586 0.996420264 35.500030518 0.036075916 0.996588349 -0.074224539 -2.187187433 -0.998413920 0.039154537 0.040448017 56.010459900
0.045891110 0.072854571 0.996285558 36.253719330 0.033020590 0.996680856 -0.074404508 -2.239845753 -0.998400271 0.036312502 0.043333158 56.053905487
0.049314093 0.074649453 0.995989025 37.009803772 0.031888094 0.996576548 -0.076272376 -2.292160034 -0.998273849 0.035521552 0.046764910 56.094066620
0.052634798 0.078239009 0.995543480 37.761837006 0.030810693 0.996323824 -0.079929329 -2.345763922 -0.998138130 0.034880504 0.050030779 56.137706757
0.056023553 0.080404818 0.995185971 38.521110535 0.030761292 0.996139407 -0.082213581 -2.402603865 -0.997955143 0.035219159 0.053333994 56.184268951
0.058714464 0.082774632 0.994836569 39.288951874 0.024563881 0.996134341 -0.084332407 -2.458809137 -0.997972250 0.029388631 0.056454316 56.241729736
0.061452068 0.082241260 0.994715452 40.064586639 0.020888012 0.996274829 -0.083660677 -2.512564898 -0.997891188 0.025918795 0.059505381 56.295413971
0.065294191 0.082689904 0.994433463 40.834220886 0.022936521 0.996172428 -0.084340565 -2.576187372 -0.997602105 0.028315840 0.063147746 56.349102020
0.069100529 0.083843306 0.994079590 41.615314484 0.022005117 0.996090949 -0.085542627 -2.641053438 -0.997366667 0.027785925 0.066985518 56.405750275
0.072836444 0.084912173 0.993722081 42.401294708 0.017938474 0.996095896 -0.086429894 -2.700543642 -0.997182250 0.024121149 0.071028985 56.473426819
0.076967858 0.083106302 0.993563294 43.195014954 0.016835688 0.996269047 -0.084636874 -2.760729313 -0.996891081 0.023241684 0.075281650 56.539142609
0.081916742 0.082858153 0.993188262 43.989253998 0.017459173 0.996265292 -0.084554911 -2.827606916 -0.996485949 0.024266753 0.080164284 56.607177734
0.087029330 0.086597756 0.992434084 44.784610748 0.013956938 0.996010363 -0.088133775 -2.890595436 -0.996107697 0.021521606 0.085473582 56.680644989
0.093111202 0.095132418 0.991099775 45.573944092 0.012252536 0.995239496 -0.096680902 -2.957239151 -0.995580018 0.021145603 0.091502450 56.762004852
0.100369729 0.099843636 0.989927173 46.360553741 0.010632701 0.994787157 -0.101411916 -3.025511980 -0.994893074 0.020704327 0.098785043 56.850585938
0.107850611 0.102873951 0.988829553 47.154258728 0.006432224 0.994538248 -0.104169466 -3.099000216 -0.994145989 0.017595150 0.106599987 56.941711426
0.114856608 0.101328358 0.988199949 47.966503143 0.002667170 0.994748473 -0.102309875 -3.174812078 -0.993378162 0.014386696 0.113983311 57.046333313
0.122360505 0.099696398 0.987465024 48.761524200 0.002545861 0.994906664 -0.100763232 -3.247519732 -0.992482066 0.014843421 0.121483609 57.150234222
0.129687220 0.096287847 0.986868083 49.571182251 0.002468338 0.995238960 -0.097429000 -3.319214106 -0.991551459 0.015071252 0.128832236 57.265563965
0.137044191 0.090797946 0.986394107 50.355911255 0.000467848 0.995783567 -0.091727287 -3.387187719 -0.990564406 0.013032205 0.136424020 57.380245209
0.144214690 0.083602607 0.986007869 51.168800354 -0.001759398 0.996444285 -0.084230214 -3.452739716 -0.989544451 0.010412481 0.143849149 57.510311127
0.151828632 0.080869563 0.985092402 51.975086212 -0.001233333 0.996661484 -0.081629269 -3.517868042 -0.988405585 0.011178740 0.151421651 57.642971039
0.159060448 0.082848579 0.983785868 52.768520355 -0.001192173 0.996487617 -0.083725542 -3.580826044 -0.987267613 0.012144607 0.158600688 57.778667450
0.164932176 0.089590922 0.982226849 53.546451569 -0.000428413 0.995871902 -0.090763628 -3.639775753 -0.986304283 0.014549074 0.164289847 57.914302826
0.169983655 0.093203448 0.981028736 54.323070526 -0.001860554 0.995545387 -0.094260275 -3.705302238 -0.985444605 0.014197480 0.169399992 58.055744171
0.175040483 0.096106127 0.979858756 55.089523315 -0.003054135 0.995272100 -0.097072355 -3.776467562 -0.984555960 0.013999001 0.174506575 58.200618744
0.180435017 0.095647208 0.978924632 55.846702576 -0.005089250 0.995337546 -0.096312851 -3.842939138 -0.983573198 0.012396246 0.180080652 58.344215393
0.185813844 0.092626855 0.978208601 56.600898743 -0.001046744 0.995564401 -0.094071493 -3.912432194 -0.982583880 0.016455883 0.185086727 58.486141205
0.190373942 0.085993551 0.977937341 57.358055115 -0.000020241 0.996155977 -0.087591678 -3.976423502 -0.981711090 0.016655412 0.189644009 58.637870789
0.193670318 0.079639986 0.977828145 58.100238800 -0.001756060 0.996725857 -0.080831341 -4.044998169 -0.981064498 0.013937538 0.193176180 58.793853760
0.196827754 0.076453693 0.977451921 58.842559814 -0.005334880 0.997023344 -0.076910272 -4.105994701 -0.980422974 0.009923516 0.196649864 58.954071045
0.199930474 0.076443851 0.976822793 59.568542480 -0.006996837 0.997037351 -0.076593764 -4.165996552 -0.979784489 0.008478785 0.199873149 59.113388062
0.201822296 0.078525133 0.976268470 60.280296326 -0.008834585 0.996885777 -0.078357138 -4.221487045 -0.979381680 0.007189318 0.201887637 59.275653839
0.203225732 0.082886517 0.975616574 60.971916199 -0.012899228 0.996550202 -0.081978060 -4.277777672 -0.979046285 0.004075375 0.203593954 59.431255341
0.205196634 0.087036259 0.974842310 61.659729004 -0.014076930 0.996196985 -0.085979797 -4.335501194 -0.978618860 0.003920003 0.205641598 59.584182739
0.207225576 0.092307679 0.973927796 62.339942932 -0.014767292 0.995719790 -0.091231048 -4.396720409 -0.978181124 0.004523156 0.207701877 59.737800598
0.208793879 0.094380677 0.973393977 63.012401581 -0.014026451 0.995518386 -0.093517214 -4.453896523 -0.977858484 0.005872585 0.209182113 59.886951447
0.210226059 0.094342604 0.973089397 63.680133820 -0.016396802 0.995532811 -0.092976213 -4.513369083 -0.977514684 0.003590494 0.210833997 60.039661407
0.210650176 0.091255404 0.973292053 64.338439941 -0.016437275 0.995822787 -0.089810371 -4.576200962 -0.977422655 0.002920327 0.211270362 60.190570831
0.211361900 0.088723488 0.973371863 64.986335754 -0.016365130 0.996052623 -0.087237298 -4.635356426 -0.977270186 0.002509311 0.211979672 60.335224152
0.211322233 0.087417573 0.973498583 65.627067566 -0.015101937 0.996165097 -0.086174741 -4.689314842 -0.977299094 0.003508952 0.211832136 60.473945618
0.209733680 0.086861707 0.973891795 66.258743286 -0.015278685 0.996215165 -0.085562408 -4.742895126 -0.977638483 0.003065560 0.210267141 60.616573334
0.208138496 0.087645277 0.974163830 66.872474670 -0.016354334 0.996149242 -0.086129092 -4.797452450 -0.977961957 0.001995008 0.208770514 60.752166748
0.205972418 0.090432875 0.974369466 67.472190857 -0.017085003 0.995900631 -0.088819653 -4.853602409 -0.978407979 0.001647323 0.206673235 60.881919861
0.203919590 0.094277002 0.974436879 68.069000244 -0.015226115 0.995536745 -0.093132108 -4.910232067 -0.978868544 0.004154604 0.204445034 61.007797241
0.202357739 0.094733186 0.974718153 68.655403137 -0.012924355 0.995481253 -0.094068028 -4.962252140 -0.979225695 0.006437822 0.202667817 61.124717712
0.200146228 0.093763627 0.975268304 69.236045837 -0.013590192 0.995579541 -0.092927419 -5.009508610 -0.979671121 0.005345019 0.200535864 61.246192932
0.197623625 0.090896785 0.976053774 69.819808960 -0.013847150 0.995850623 -0.089936770 -5.061796188 -0.980179489 0.004258097 0.198062375 61.368320465
0.195466697 0.086927511 0.976849377 70.387626648 -0.013626894 0.996208012 -0.085923485 -5.119711876 -0.980614960 0.003483785 0.195910111 61.484016418
0.193795204 0.085820153 0.977280259 70.947830200 -0.009875303 0.996285975 -0.085530899 -5.173130035 -0.980991602 0.006924570 0.193923041 61.590763092
0.192107797 0.087246314 0.977487087 71.498756409 -0.006117054 0.996126890 -0.087707855 -5.219786644 -0.981354117 0.010870055 0.191897511 61.695384979
0.189758927 0.089274466 0.977762759 72.045867920 -0.001817848 0.995887280 -0.090576559 -5.265477180 -0.981828392 0.015410322 0.189140871 61.794803619
0.188163310 0.091264106 0.977887392 72.588714600 -0.002290179 0.995710671 -0.092486873 -5.309446335 -0.982134461 0.015163135 0.187565327 61.898853302
0.186947793 0.093979307 0.977863371 73.124595642 -0.002604730 0.995456815 -0.095172212 -5.355765820 -0.982365727 0.015245201 0.186343342 62.002357483
0.185584411 0.092385136 0.978274941 73.668579102 -0.000995384 0.995586991 -0.093831234 -5.407466412 -0.982627153 0.016439892 0.184857473 62.107280731
0.186352775 0.090895876 0.978268385 74.211074829 0.004931247 0.995611429 -0.093446702 -5.454095840 -0.982469797 0.022238182 0.185086831 62.202728271
0.188815787 0.088962443 0.977973759 74.762290955 0.010130828 0.995657980 -0.092527084 -5.498524666 -0.981959522 0.027378310 0.187094793 62.300231934
0.190738603 0.088416256 0.977650166 75.301353455 0.012836114 0.995625019 -0.092546210 -5.546449184 -0.981556177 0.030201418 0.188769326 62.406684875
0.194119334 0.088115774 0.977011740 75.850494385 0.010234157 0.995720863 -0.091836564 -5.599486351 -0.980923772 0.027826197 0.192387000 62.520221710
0.199708804 0.088827707 0.975819945 76.400230408 0.009340239 0.995663941 -0.092545673 -5.645224571 -0.979809999 0.027596632 0.198013321 62.639709473
0.206242144 0.087836668 0.974549830 76.958305359 0.010469192 0.995707035 -0.091959193 -5.689371586 -0.978444219 0.029168665 0.204437301 62.760334015
0.213585824 0.088383652 0.972917199 77.529319763 0.008572550 0.995690405 -0.092334449 -5.733395100 -0.976885915 0.028061766 0.211907819 62.905673981
0.221994042 0.086280391 0.971222281 78.095504761 0.009203464 0.995846689 -0.090571634 -5.778141499 -0.975003839 0.029045029 0.220278084 63.043132782
0.230923414 0.085887618 0.969172895 78.670303345 0.005779413 0.995956838 -0.089638293 -5.830837250 -0.972954035 0.026300883 0.229493514 63.191486359
0.240482673 0.085615605 0.966869414 79.249969482 0.004501611 0.995992541 -0.089314125 -5.882723808 -0.970642209 0.025831020 0.239133701 63.348171234
0.250092655 0.089524865 0.964073360 79.829872131 -0.000881979 0.995736003 -0.092236325 -5.929914951 -0.968220711 0.022217382 0.249105364 63.511913300
0.259541988 0.091752931 0.961362481 80.424545288 -0.004250295 0.995574594 -0.093870707 -5.977445602 -0.965721667 0.020277364 0.258783549 63.686172485
0.270514488 0.094477221 0.958068073 81.020759583 -0.008321141 0.995364547 -0.095805623 -6.028804302 -0.962679088 0.017944636 0.270046860 63.864315033
0.280728906 0.096252210 0.954947770 81.628410339 -0.009816966 0.995193899 -0.097422846 -6.084885597 -0.959736049 0.017974764 0.280324787 64.051437378
0.290609866 0.097054020 0.951905966 82.246597290 -0.013239336 0.995154381 -0.097421668 -6.142445087 -0.956749201 0.015709139 0.290486813 64.249252319
0.301013023 0.097350962 0.948637187 82.871643066 -0.014016495 0.995119095 -0.097673453 -6.198501110 -0.953516126 0.016104458 0.300908536 64.458496094
0.311098516 0.098336600 0.945275724 83.510162354 -0.018301619 0.995067239 -0.097493179 -6.252706051 -0.950200498 0.013029951 0.311363876 64.682487488
0.321578622 0.093287900 0.942275524 84.170280457 -0.017629653 0.995551705 -0.092545792 -6.309908390 -0.946717799 0.013148800 0.321792990 64.918395996
0.332358420 0.086280987 0.939197600 84.825263977 -0.014134132 0.996150017 -0.086511321 -6.365073204 -0.943046331 0.015478068 0.332298517 65.154281616
0.343400836 0.081946626 0.935606360 85.485244751 -0.012861604 0.996502578 -0.082559675 -6.423643112 -0.939099967 0.016317705 0.343253940 65.397712708
0.353895009 0.079003714 0.931941748 86.166275024 -0.013377801 0.996751070 -0.079417743 -6.473153114 -0.935188591 0.015638255 0.353802294 65.663467407
0.363519400 0.076559588 0.928434670 86.856163025 -0.007225538 0.996818483 -0.079369508 -6.519615650 -0.931557715 0.022143960 0.362916231 65.928749084
0.372167975 0.071113266 0.925436378 87.542350769 -0.001076777 0.997092485 -0.076186508 -6.571187973 -0.928163886 0.027357737 0.371162623 66.196548462
0.379179418 0.061339624 0.923287034 88.251731873 0.008367952 0.997531772 -0.069708750 -6.629495144 -0.925284445 0.034158193 0.377730399 66.487022400
0.386266649 0.057003729 0.920623302 88.988861084 0.013726001 0.997622311 -0.067530438 -6.679455757 -0.922284126 0.038721282 0.384565949 66.787490845
0.393492103 0.057140067 0.917549789 89.672767639 0.015385060 0.997517049 -0.068717904 -6.733818531 -0.919198334 0.041156560 0.391636163 67.089164734
0.400766104 0.063036226 0.914008558 90.369041443 0.018239269 0.996883154 -0.076749220 -6.777248383 -0.915997863 0.047429379 0.398367435 67.394821167
0.408112854 0.067272462 0.910448790 91.069427490 0.022003511 0.996266365 -0.083476663 -6.823647499 -0.912665308 0.054101020 0.405109078 67.697845459
0.413411677 0.069313072 0.907901525 91.765441895 0.020482490 0.996137857 -0.085376106 -6.877652645 -0.910312831 0.053891614 0.410395533 68.020172119
0.417925358 0.070828073 0.905715406 92.442138672 0.013617112 0.996355414 -0.084199622 -6.939430714 -0.908378303 0.047522441 0.415437937 68.342224121
0.421718299 0.074498735 0.903660417 93.137855530 0.006845874 0.996328533 -0.085333228 -7.010921478 -0.906700015 0.042172987 0.419660151 68.692337036
0.425802022 0.077516429 0.901488960 93.816230774 0.006039972 0.996057272 -0.088500984 -7.074626923 -0.904795110 0.043128926 0.423655212 69.013816833
0.429705203 0.081746005 0.899260521 94.487213135 0.002726034 0.995771229 -0.091821820 -7.140347004 -0.902964056 0.041907787 0.427665442 69.348793030
0.433025390 0.084775604 0.897385418 95.146652222 -0.000378736 0.995583892 -0.093869656 -7.206167698 -0.901380599 0.040308133 0.431145430 69.682296753
0.436887711 0.083205603 0.895658731 95.800804138 -0.001619977 0.995783269 -0.091716915 -7.277175426 -0.899513483 0.038619105 0.435180515 70.012519836
0.440754652 0.080206275 0.894036293 96.448661804 -0.000876187 0.996037424 -0.088925153 -7.344011307 -0.897626042 0.038410891 0.439078629 70.342132568
0.444110125 0.077538699 0.892610013 97.083129883 -0.001338053 0.996304035 -0.085880645 -7.410117626 -0.895970047 0.036946163 0.442572683 70.666839600
0.447727144 0.076492734 0.890891612 97.706169128 -0.002274544 0.996427953 -0.084411122 -7.473223209 -0.894166172 0.035766840 0.446301997 70.989761353
0.451015592 0.078263186 0.889077306 98.320121765 -0.004626814 0.996339142 -0.085358106 -7.537916183 -0.892502964 0.034384303 0.449726731 71.311744690
0.453725040 0.078784496 0.887651503 98.920166016 -0.003859362 0.996248245 -0.086450443 -7.596967697 -0.891132295 0.035799023 0.452326924 71.625274658
0.455879152 0.076963216 0.886707127 99.520545959 -0.001877436 0.996334791 -0.085513346 -7.652203083 -0.890038669 0.037319072 0.454352856 71.934440613
0.457356155 0.075848535 0.886042297 100.112518311 -0.000128971 0.996361196 -0.085225716 -7.712415218 -0.889282525 0.038864292 0.455701828 72.253738403
0.459090322 0.075839825 0.885145783 100.687995911 -0.001649952 0.996420145 -0.084518157 -7.772023201 -0.888387024 0.037341077 0.457572103 72.562736511
0.461167008 0.075197302 0.884120464 101.259162903 -0.000025479 0.996403158 -0.084734052 -7.823596954 -0.887312353 0.039054081 0.459510267 72.858650208
0.463890135 0.077040963 0.882535696 101.818359375 -0.000814543 0.996247649 -0.086539328 -7.880279541 -0.885891378 0.039425932 0.462212265 73.153900146
0.466709554 0.077089742 0.881043673 102.374267578 0.001983670 0.996099651 -0.088207766 -7.935623646 -0.884407401 0.042915165 0.464736372 73.447906494
0.469625980 0.076507546 0.879543424 102.919456482 0.003519986 0.996067405 -0.088522963 -7.992342472 -0.882857442 0.044668719 0.467509925 73.744667053
0.473003477 0.074650414 0.877891600 103.455856323 0.006678492 0.996071160 -0.088298045 -8.044384956 -0.881034255 0.047628328 0.470646650 74.026557922
0.476247579 0.073785618 0.876209199 103.978630066 0.007797441 0.996078968 -0.088118061 -8.098450661 -0.879275680 0.048798256 0.473804921 74.314582825
0.479362786 0.073428616 0.874538839 104.493240356 0.008641465 0.996049881 -0.088367723 -8.150570869 -0.877573371 0.049917549 0.476834804 74.599304199
0.483012170 0.072624452 0.872595847 105.000320435 0.009282729 0.996073127 -0.088039599 -8.201755524 -0.875563502 0.050624322 0.480441391 74.878723145
0.486355841 0.072122641 0.870778382 105.509796143 0.010978284 0.996003866 -0.088626266 -8.250415802 -0.873690963 0.052663606 0.483620614 75.167800903
0.490292013 0.073420554 0.868459523 106.009559631 0.010490805 0.995875537 -0.090115130 -8.300230026 -0.871494234 0.053293616 0.487499624 75.457359314
0.494464219 0.073579319 0.866077363 106.507843018 0.012448567 0.995708287 -0.091699623 -8.352195740 -0.869107962 0.056123655 0.491426259 75.745178223
0.499248683 0.077088244 0.863021970 106.991981506 0.010067267 0.995450377 -0.094741099 -8.403541565 -0.866399348 0.055987697 0.496201396 76.029304504
0.504507601 0.082939729 0.859413624 107.471031189 0.006463556 0.994984031 -0.099817686 -8.457837105 -0.863382161 0.055913705 0.501441121 76.324172974
0.510150611 0.090179697 0.855343580 107.944473267 0.001030512 0.994422555 -0.105457626 -8.509604454 -0.860083580 0.054680768 0.507212579 76.624618530
0.516180217 0.096619762 0.851011872 108.414840698 -0.004295690 0.993895352 -0.110236593 -8.562332153 -0.856468260 0.053246319 0.513444483 76.921279907
0.522498608 0.100915559 0.846646249 108.884178162 -0.007859717 0.993498266 -0.113569051 -8.618739128 -0.852602899 0.052685328 0.519895017 77.226806641
0.527987540 0.101166420 0.843204081 109.365257263 -0.012042064 0.993670583 -0.111678913 -8.674905777 -0.849165678 0.048811216 0.525864363 77.534141541
0.533330142 0.100206673 0.839950144 109.853111267 -0.018498588 0.994102061 -0.106851444 -8.734964371 -0.845703840 0.041449260 0.532038689 77.866775513
0.538898528 0.097782150 0.836675346 110.346252441 -0.024641972 0.994643927 -0.100372240 -8.794801712 -0.842009127 0.033473179 0.538422167 78.209587097
0.544457018 0.096012555 0.833274782 110.844345093 -0.030863035 0.995046794 -0.094486788 -8.853081703 -0.838219702 0.025726655 0.544723868 78.563446045
0.550481737 0.094029330 0.829534233 111.346450806 -0.033304054 0.995318592 -0.090720698 -8.907555580 -0.834181666 0.022313278 0.551036596 78.913780212
0.556527197 0.097626120 0.825072944 111.853309631 -0.038354389 0.995031714 -0.091865681 -8.958538055 -0.829942703 0.019480616 0.557506919 79.279708862
0.562406898 0.101649813 0.820587933 112.367149353 -0.042339355 0.994652390 -0.094193868 -9.010513306 -0.825774968 0.018232156 0.563703477 79.653282166
0.568380654 0.105053157 0.816030562 112.887611389 -0.045365360 0.994306982 -0.096406132 -9.064194679 -0.821513057 0.017775904 0.569911003 80.037284851
0.574522495 0.107285902 0.811426103 113.415466309 -0.047856737 0.994078457 -0.097551569 -9.117565155 -0.817087471 0.017213404 0.576255143 80.427772522
