1.000000000 0.000000000 0.000000000 0.000000000 0.000000000 1.000000000 0.000000000 0.000000000 0.000000000 0.000000000 1.000000000 0.000000000
0.999990940 -0.002523819 -0.003420441 0.002030359 0.002516616 0.999994636 -0.002108445 -0.004897792 0.003425744 0.002099818 0.999991953 0.674185097
0.999970615 -0.001209691 -0.007567877 -0.006272600 0.001182062 0.999992609 -0.003654306 -0.009049670 0.007572242 0.003645253 0.999964714 1.357952356
0.999931753 -0.001375681 -0.011600941 -0.017518112 0.001316102 0.999985874 -0.005141773 -0.013380923 0.011607852 0.005126154 0.999919534 2.063831568
0.999864161 -0.000010116 -0.016481584 -0.032875437 -0.000083645 0.999983788 -0.005688190 -0.020603294 0.016481375 0.005688796 0.999848068 2.791469097
0.999776840 -0.001319597 -0.021083109 -0.047696151 0.001196407 0.999982119 -0.005854607 -0.029741704 0.021090459 0.005828076 0.999760628 3.533447742
0.999673069 0.000321910 -0.025567167 -0.074275322 -0.000502938 0.999974787 -0.007074384 -0.038176142 0.025564246 0.007084930 0.999648154 4.295645237
0.999531984 0.002951006 -0.030448526 -0.104971588 -0.003187113 0.999965191 -0.007708673 -0.046291787 0.030424718 0.007802109 0.999506712 5.069213867
0.999390006 0.003227919 -0.034773186 -0.136369035 -0.003443309 0.999975204 -0.006136062 -0.054935537 0.034752518 0.006252055 0.999376476 5.852120399
0.999228776 0.002196000 -0.039205011 -0.172530159 -0.002328040 0.999991715 -0.003322603 -0.067905858 0.039197393 0.003411312 0.999225736 6.646985054
0.999082029 0.001642213 -0.042807490 -0.209207594 -0.001667658 0.999998450 -0.000558714 -0.080252893 0.042806510 0.000629589 0.999083281 7.455691814
0.998962104 0.003141330 -0.045441091 -0.252710760 -0.003197147 0.999994159 -0.001155733 -0.090937726 0.045437202 0.001299815 0.998966455 8.266978264
0.998860002 0.002823860 -0.047651470 -0.296273410 -0.002891802 0.999994874 -0.001356949 -0.099466398 0.047647394 0.001493200 0.998863220 9.087407112
0.998781502 -0.000405357 -0.049349252 -0.335576653 0.000309474 0.999997973 -0.001950596 -0.105276704 0.049349949 0.001932947 0.998779833 9.925255775
0.998665929 -0.000495914 -0.051634684 -0.375028431 0.000441155 0.999999225 -0.001071899 -0.114810541 0.051635183 0.001047690 0.998665631 10.766085625
0.998586178 -0.001839625 -0.053125173 -0.417584270 0.001771911 0.999997497 -0.001321699 -0.124946654 0.053127479 0.001225697 0.998587191 11.605646133
0.998495042 0.000319700 -0.054840971 -0.472786814 -0.000513774 0.999993622 -0.003524808 -0.138022766 0.054839503 0.003547679 0.998489082 12.463571548
0.998420298 0.000770967 -0.056181472 -0.526811600 -0.001113668 0.999980927 -0.006068849 -0.147999287 0.056175731 0.006121830 0.998402357 13.319415092
0.998310745 0.004855473 -0.057897348 -0.583757043 -0.005315818 0.999955416 -0.007799713 -0.158066452 0.057856902 0.008094310 0.998292267 14.193953514
0.998253703 0.005999491 -0.058766872 -0.645571947 -0.006462212 0.999949515 -0.007686981 -0.168468654 0.058717798 0.008053322 0.998242378 15.076074600
0.998171449 0.005251689 -0.060217161 -0.701252580 -0.005635022 0.999964893 -0.006197812 -0.182727292 0.060182504 0.006525804 0.998166323 15.963538170
0.998081744 0.005686761 -0.061648339 -0.758114278 -0.005986168 0.999971151 -0.004673112 -0.196959049 0.061619997 0.005033184 0.998087227 16.860162735
0.998032272 0.005233840 -0.062484350 -0.821267366 -0.005523314 0.999974787 -0.004460951 -0.212363422 0.062459439 0.004797293 0.998036206 17.760271072
0.997928321 0.005479154 -0.064102449 -0.888141453 -0.005837572 0.999968410 -0.005405419 -0.228438109 0.064070821 0.005768423 0.997928858 18.669336319
0.997856140 0.004069998 -0.065319255 -0.951795518 -0.004484961 0.999970734 -0.006207501 -0.240264475 0.065292090 0.006487146 0.997845292 19.589019775
0.997822881 0.004200281 -0.065817647 -1.015603423 -0.004507991 0.999979615 -0.004527407 -0.252215773 0.065797314 0.004814255 0.997821569 20.525909424
0.997818053 0.005531320 -0.065792613 -1.083599687 -0.005617549 0.999983609 -0.001125722 -0.263979107 0.065785334 0.001492858 0.997832835 21.443874359
0.997859180 0.006433485 -0.065081872 -1.146567106 -0.006280066 0.999977052 0.002561607 -0.274518877 0.065096885 -0.002147406 0.997876823 22.377269745
0.997964680 0.005301623 -0.063547596 -1.207725167 -0.004965914 0.999972880 0.005439561 -0.279565692 0.063574739 -0.005112920 0.997964203 23.304769516
0.998050272 0.005916609 -0.062133882 -1.265775442 -0.005539615 0.999965191 0.006237958 -0.291446835 0.062168650 -0.005881600 0.998048544 24.240329742
0.998131275 0.006134969 -0.060797267 -1.323756456 -0.005933878 0.999976337 0.003487542 -0.300831884 0.060817245 -0.003120263 0.998144209 25.174896240
0.998173833 0.006870553 -0.060014367 -1.386333704 -0.006961907 0.999974966 -0.001313251 -0.309918612 0.060003866 0.001728666 0.998196781 26.121650696
0.998253405 0.005839142 -0.058788117 -1.446401238 -0.006095794 0.999972761 -0.004187339 -0.319735199 0.058762088 0.004538384 0.998261809 27.056957245
0.998299956 0.003277634 -0.058192402 -1.500456572 -0.003467440 0.999989092 -0.003161057 -0.330872864 0.058181431 0.003357461 0.998300493 28.021806717
0.998287499 0.001559058 -0.058477141 -1.558717728 -0.001453717 0.999997318 0.001843864 -0.341894686 0.058479883 -0.001755698 0.998287141 28.999364853
0.998243690 -0.002466232 -0.059189018 -1.618875027 0.002787724 0.999981821 0.005349610 -0.354746401 0.059174776 -0.005505219 0.998232543 29.962598801
0.998134077 -0.009652649 -0.060292263 -1.669250369 0.009956710 0.999939203 0.004744673 -0.365048587 0.060242821 -0.005336134 0.998169601 30.911861420
0.998028100 -0.011551487 -0.061696060 -1.726559758 0.011626930 0.999932051 0.000863893 -0.374109179 0.061681911 -0.001579527 0.998094678 31.877004623
0.997950435 -0.011450563 -0.062958278 -1.793685436 0.011280940 0.999931812 -0.003049064 -0.385686576 0.062988915 0.002332585 0.998011529 32.853271484
0.997814476 -0.010013312 -0.065314032 -1.859583497 0.009793567 0.999945402 -0.003683780 -0.395745307 0.065347366 0.003036070 0.997857988 33.836906433
0.997766554 -0.009917649 -0.066056482 -1.924135566 0.009789838 0.999949694 -0.002258291 -0.411019325 0.066075578 0.001606564 0.997813344 34.831642151
0.997699380 -0.006847425 -0.067445040 -1.998913527 0.006899554 0.999976218 0.000540013 -0.423948497 0.067439757 -0.001004112 0.997722864 35.820320129
0.997627974 -0.007230126 -0.068454355 -2.076047659 0.007370743 0.999971449 0.001801841 -0.431262940 0.068439394 -0.002302128 0.997652650 36.825050354
0.997548878 -0.006359871 -0.069682196 -2.139965534 0.006692874 0.999967575 0.004546474 -0.443861872 0.069651045 -0.005001705 0.997558892 37.795230865
0.997569859 -0.006425789 -0.069375329 -2.217911482 0.006966328 0.999947548 0.007552426 -0.451537579 0.069323182 -0.008017364 0.997561991 38.801517487
0.997537851 -0.000764611 -0.070125818 -2.291569471 0.001472323 0.999948859 0.010040947 -0.458884865 0.070114583 -0.010119472 0.997487545 39.779979706
0.997532487 -0.000695237 -0.070202656 -2.366101980 0.001367909 0.999953985 0.009534286 -0.467022836 0.070192821 -0.009606791 0.997487128 40.773891449
0.997548342 -0.000644349 -0.069976971 -2.438838482 0.001193797 0.999969184 0.007810359 -0.468172669 0.069969796 -0.007874749 0.997518003 41.759990692
0.997552216 0.001585342 -0.069906786 -2.521350384 -0.001188556 0.999983370 0.005717229 -0.476764798 0.069914699 -0.005620148 0.997537076 42.752368927
0.997496784 0.001293625 -0.070699893 -2.594967365 -0.000897584 0.999984145 0.005633265 -0.485225916 0.070706077 -0.005555706 0.997481704 43.738899231
0.997398078 -0.000392445 -0.072088383 -2.662451506 0.000879468 0.999977469 0.006724352 -0.489227861 0.072084136 -0.006770256 0.997375548 44.703510284
0.997341752 0.000385157 -0.072864339 -2.732572556 0.000178268 0.999970555 0.007725927 -0.500035346 0.072865188 -0.007718379 0.997311950 45.681732178
0.997328818 0.002832734 -0.072986968 -2.810225725 -0.002540724 0.999988794 0.004093458 -0.508544862 0.072997771 -0.003897084 0.997324467 46.638172150
0.997260034 0.003558280 -0.073889196 -2.882194281 -0.003571422 0.999993980 -0.000045652 -0.518999100 0.073888622 0.000309415 0.997266352 47.577270508
0.997198164 0.004641186 -0.074659243 -2.957089901 -0.004755829 0.999988139 -0.001357761 -0.529696643 0.074652083 0.001709021 0.997208118 48.544292450
0.997189999 0.003557937 -0.074828111 -3.030425549 -0.003410395 0.999992371 0.002099513 -0.544327497 0.074835040 -0.001838421 0.997194111 49.521793365
0.997177303 0.001817518 -0.075059891 -3.099901915 -0.001431603 0.999985874 0.005194965 -0.555914104 0.075068302 -0.005072845 0.997165322 50.502910614
0.997145772 0.000166982 -0.075499065 -3.174102545 0.000278432 0.999983013 0.005889082 -0.567905843 0.075498797 -0.005893295 0.997128308 51.462280273
0.997122288 -0.002817253 -0.075756431 -3.244319201 0.003185441 0.999984026 0.004739788 -0.579149961 0.075741902 -0.004967466 0.997114897 52.411750793
0.997084439 -0.005396324 -0.076114289 -3.316610336 0.005670546 0.999978483 0.003387117 -0.587754965 0.076094411 -0.003808852 0.997093201 53.362537384
0.996993721 -0.006813052 -0.077180848 -3.387989759 0.007186506 0.999964058 0.004561987 -0.597502172 0.077147029 -0.005102933 0.997006536 54.307983398
0.996897757 -0.009696302 -0.078106411 -3.461627245 0.010395740 0.999909699 0.008553293 -0.603419304 0.078016460 -0.009338733 0.996908188 55.243503571
0.996823192 -0.010713421 -0.078920864 -3.534549475 0.011823838 0.999837697 0.013616119 -0.609778821 0.078762211 -0.014506008 0.996787727 56.189884186
0.996788323 -0.008981533 -0.079574898 -3.612864017 0.010270802 0.999822617 0.015807472 -0.613785386 0.079418838 -0.016573999 0.996703386 57.135700226
0.996692717 -0.007771576 -0.080888748 -3.695510864 0.008750113 0.999893010 0.011749871 -0.615920007 0.080788814 -0.012418797 0.996653736 58.060226440
0.996596813 -0.006177135 -0.082197368 -3.777130365 0.006521958 0.999971330 0.003927222 -0.619554162 0.082170799 -0.004449948 0.996608198 58.978637695
0.996528387 -0.004486947 -0.083130419 -3.856725693 0.004429905 0.999990165 -0.000870606 -0.628075361 0.083133548 0.000499318 0.996538222 59.888893127
0.996458530 0.000466932 -0.084081650 -3.942767620 -0.000464395 1.000000238 0.000049787 -0.641001165 0.084081732 -0.000010569 0.996458769 60.793544769
0.996339858 0.003329087 -0.085412696 -4.023140907 -0.003117822 0.999992073 0.002606808 -0.660358667 0.085420743 -0.002330969 0.996342123 61.659172058
0.996248484 0.006039730 -0.086324655 -4.104047298 -0.005696324 0.999975204 0.004223940 -0.677765727 0.086348064 -0.003716365 0.996257961 62.547462463
0.996154785 0.006948608 -0.087331325 -4.184448242 -0.006624931 0.999970436 0.003995693 -0.689837396 0.087356545 -0.003401769 0.996171176 63.398242950
0.995998919 0.008556615 -0.088951990 -4.266798973 -0.008165706 0.999955714 0.004757682 -0.698330879 0.088988796 -0.004012294 0.996024430 64.252113342
0.995877504 0.009590316 -0.090196989 -4.351794720 -0.009147408 0.999944389 0.005322661 -0.709474325 0.090243056 -0.004475653 0.995909572 65.095123291
0.995760620 0.009650854 -0.091471389 -4.431700706 -0.009156597 0.999941468 0.005821656 -0.720962107 0.091522269 -0.004959412 0.995790541 65.919288635
0.995648086 0.009784645 -0.092674531 -4.510608196 -0.009178042 0.999933898 0.006969586 -0.731755793 0.092736654 -0.006088687 0.995671928 66.720520020
0.995488167 0.012733825 -0.094024181 -4.593769073 -0.011866585 0.999882102 0.009777108 -0.741013348 0.094137654 -0.008617252 0.995521724 67.516136169
0.995342135 0.014341933 -0.095330067 -4.675047398 -0.013084809 0.999819517 0.013799306 -0.746796489 0.095510833 -0.012487656 0.995349944 68.302497864
0.995131075 0.017623443 -0.096968390 -4.757234097 -0.016189059 0.999748290 0.015559427 -0.753629744 0.097218245 -0.013913845 0.995165706 69.071586609
0.994948626 0.020526504 -0.098261319 -4.840136051 -0.019482125 0.999743581 0.011576607 -0.762412310 0.098473802 -0.009603792 0.995093226 69.816925049
0.994809926 0.020673510 -0.099625342 -4.920090675 -0.020344397 0.999784112 0.004318602 -0.771164060 0.099693172 -0.002269374 0.995015502 70.548545837
0.994649887 0.019829467 -0.101379663 -4.989729404 -0.020089606 0.999797404 -0.001545385 -0.776708901 0.101328544 0.003573789 0.994846463 71.258712769
0.994602799 0.020660611 -0.101675443 -5.068536758 -0.021052727 0.999774933 -0.002784711 -0.783119798 0.101595096 0.004910221 0.994813561 71.950920105
0.994461119 0.023790447 -0.102374353 -5.145932674 -0.023846049 0.999715865 0.000681037 -0.796682060 0.102361523 0.001763955 0.994745553 72.619140625
0.994300306 0.023988156 -0.103878908 -5.215717316 -0.023798272 0.999712527 0.003067315 -0.813711345 0.103922680 -0.000577697 0.994585037 73.276451111
0.994270802 0.020779835 -0.104848117 -5.280984879 -0.020915097 0.999781728 -0.000190498 -0.825998485 0.104821324 0.002382311 0.994488060 73.907722473
0.994406939 0.012718494 -0.104844876 -5.336930752 -0.013354417 0.999896884 -0.005365502 -0.836503386 0.104765877 0.006735628 0.994473934 74.523780823
0.994552374 0.008723469 -0.103868954 -5.393271446 -0.009832617 0.999900401 -0.010171056 -0.848244190 0.103769928 0.011136944 0.994538784 75.119384766
0.994856834 0.011197073 -0.100666448 -5.461753368 -0.012304750 0.999870837 -0.010389195 -0.860265076 0.100537159 0.011574430 0.994865775 75.705039978
0.995206475 0.016259903 -0.096431516 -5.527144432 -0.017056489 0.999827325 -0.007441937 -0.873199344 0.096293911 0.009051042 0.995311558 76.277328491
0.995670199 0.014895879 -0.091751136 -5.574882507 -0.015360435 0.999873042 -0.004359019 -0.885653377 0.091674604 0.005749479 0.995772183 76.833648682
0.996228516 0.011324629 -0.086022370 -5.611129761 -0.011380764 0.999935746 -0.000162090 -0.898436904 0.086015061 0.001140476 0.996293008 77.376190186
0.996931553 0.007014838 -0.077958643 -5.639717102 -0.006777441 0.999972105 0.003309375 -0.912751973 0.077979736 -0.002770861 0.996950924 77.901336670
0.997672141 0.010652380 -0.067350976 -5.672382355 -0.010468742 0.999941051 0.003079046 -0.920822620 0.067379862 -0.002366799 0.997724473 78.412223816
0.998503923 0.015957892 -0.052293617 -5.701537609 -0.015846577 0.999871731 0.002542897 -0.927487195 0.052327558 -0.001710419 0.998628378 78.915931702
0.999185145 0.021223538 -0.034321517 -5.717571735 -0.021136198 0.999772847 0.002906220 -0.933180928 0.034375478 -0.002178425 0.999406457 79.402137756
0.999729156 0.019768830 -0.012250571 -5.712185383 -0.019730717 0.999800563 0.003225984 -0.936770201 0.012311978 -0.002983398 0.999919593 79.884666443
0.999767661 0.016377699 0.013989570 -5.684834480 -0.016434155 0.999857664 0.003929016 -0.943572640 -0.013923146 -0.004158011 0.999894261 80.353446960
0.998933971 0.015336727 0.043532804 -5.644537449 -0.015576131 0.999865770 0.005165180 -0.950579822 -0.043447655 -0.005837746 0.999038458 80.806625366
0.996965587 0.014978800 0.076385856 -5.587071419 -0.015510052 0.999859869 0.006366146 -0.958483934 -0.076279692 -0.007531576 0.997057855 81.256324768
0.993361950 0.014927970 0.114055552 -5.515517712 -0.015793568 0.999853313 0.006689232 -0.964953065 -0.113938853 -0.008446172 0.993451715 81.702812195
0.987698317 0.015141780 0.155634716 -5.424117565 -0.016334064 0.999846637 0.006384606 -0.969713032 -0.155514061 -0.008848211 0.987793922 82.131797791
0.979564309 0.014781013 0.200585693 -5.309032440 -0.016352544 0.999847651 0.006179925 -0.977611482 -0.200463668 -0.009333719 0.979656577 82.549331665
0.968213618 0.016900834 0.249551892 -5.177445412 -0.018480293 0.999821782 0.003987337 -0.988781810 -0.249439895 -0.008472384 0.968353152 82.951911926
0.952912569 0.017752767 0.302724302 -5.022559166 -0.018888205 0.999821782 0.000823196 -0.998297215 -0.302655578 -0.006502352 0.953077734 83.340957642
0.933324993 0.017951855 0.358582884 -4.844378471 -0.018589960 0.999826312 -0.001668424 -1.006030202 -0.358550400 -0.005108859 0.933496296 83.712020874
0.909394920 0.018578626 0.415518045 -4.643005371 -0.018751724 0.999817967 -0.003664173 -1.014874339 -0.415510297 -0.004459498 0.909577489 84.059776306
0.880621135 0.018747699 0.473449588 -4.426162720 -0.017987113 0.999819934 -0.006134757 -1.020554066 -0.473479152 -0.003113595 0.880799472 84.385391235
0.847320616 0.017241156 0.530801296 -4.186958790 -0.014876207 0.999851763 -0.008729614 -1.029629707 -0.530872941 -0.000499529 0.847451210 84.692649841
0.810719550 0.016975181 0.585188210 -3.926890135 -0.012921576 0.999855399 -0.011102345 -1.032506585 -0.585291803 0.001439333 0.810821295 84.981376648
0.771153450 0.015759666 0.636453867 -3.652268171 -0.011570455 0.999875844 -0.010739386 -1.040783644 -0.636543810 0.000917654 0.771239817 85.247879028
0.728732288 0.015543482 0.684621930 -3.363451481 -0.012799378 0.999877393 -0.009076932 -1.047990799 -0.684678793 -0.002148081 0.728841543 85.496345520
0.683638513 0.014860522 0.729669094 -3.060005188 -0.011504226 0.999888361 -0.009585362 -1.050730109 -0.729729891 -0.001841355 0.683732867 85.727241516
0.637703240 0.013710742 0.770159721 -2.741401196 -0.007726531 0.999905586 -0.011403121 -1.057911038 -0.770243168 0.001321144 0.637748718 85.926399231
0.591190100 0.011303760 0.806452692 -2.411584854 -0.001582283 0.999916553 -0.012855558 -1.065673709 -0.806530476 0.006324041 0.591158390 86.108848572
0.544602633 0.013382056 0.838587105 -2.078990936 -0.003002672 0.999897778 -0.014006223 -1.076374769 -0.838688552 0.005109822 0.544586957 86.281753540
0.497367471 0.016386924 0.867384911 -1.741518259 -0.006218860 0.999863684 -0.015323812 -1.084572434 -0.867517471 0.002227420 0.497401357 86.443687439
0.451908290 0.018606698 0.891870081 -1.399839520 -0.006629263 0.999825299 -0.017499907 -1.095308423 -0.892039537 0.001995911 0.451952487 86.583183289
0.409817517 0.016264835 0.912022293 -1.048950553 0.000899040 0.999833703 -0.018234851 -1.103800058 -0.912166893 0.008292902 0.409734577 86.695190430
0.370577365 0.009166610 0.928756177 -0.677619576 0.016254267 0.999734521 -0.016352689 -1.108202577 -0.928659201 0.021156179 0.370329827 86.787574768
0.335365534 0.005732759 0.942070484 -0.314641893 0.020780290 0.999693513 -0.013480961 -1.114442229 -0.941858768 0.024097538 0.335143447 86.878852844
0.302222580 0.009891750 0.953185916 0.050509661 0.018711248 0.999692261 -0.016307089 -1.122215152 -0.953053594 0.022763662 0.301944315 86.977066040
0.271129370 0.017422868 0.962385058 0.418178499 0.008469186 0.999754608 -0.020485416 -1.138660073 -0.962505519 0.013704811 0.270915091 87.079078674
0.242815956 0.021692216 0.969829619 0.800102472 0.004282532 0.999716580 -0.023432935 -1.158464193 -0.970062792 0.009843213 0.242654040 87.166549683
0.217225045 0.023449354 0.975839615 1.191840172 0.005642011 0.999664903 -0.025277821 -1.176278591 -0.976105154 0.010996670 0.217019752 87.233833313
0.194152102 0.024800405 0.980657697 1.594912171 0.013707270 0.999514580 -0.027991090 -1.187605262 -0.980875552 0.018876662 0.193717703 87.286186218
0.174157113 0.031303640 0.984219968 2.004354954 0.020672217 0.999158442 -0.035436720 -1.189202428 -0.984500766 0.026517557 0.173363239 87.332000732
0.154452980 0.038175069 0.987262130 2.426551819 0.023059838 0.998842120 -0.042230472 -1.191641927 -0.987730920 0.029288718 0.153393626 87.384468079
0.136795551 0.038972553 0.989832163 2.862204075 0.020589065 0.998898447 -0.042174961 -1.209931612 -0.990385175 0.026149059 0.135842249 87.439773560
0.121302612 0.034470465 0.992016673 3.317144871 0.018688824 0.999140739 -0.037003279 -1.238473177 -0.992439508 0.023028215 0.120553970 87.493484497
0.106825620 0.031192571 0.993788183 3.784085751 0.018870339 0.999264538 -0.033392914 -1.263553858 -0.994098544 0.022320334 0.106158234 87.535545349
0.093605623 0.028729720 0.995194614 4.266360283 0.021244198 0.999298751 -0.030846398 -1.285507798 -0.995382547 0.024029501 0.092929438 87.571136475
0.081958905 0.028041251 0.996241033 4.760084152 0.024847696 0.999236286 -0.030169755 -1.303996921 -0.996325791 0.027226962 0.081199348 87.601287842
0.071960077 0.028674712 0.996995091 5.267884254 0.028147347 0.999130607 -0.030767741 -1.322172165 -0.997010112 0.030276805 0.071090192 87.624855042
0.064137451 0.029205905 0.997513473 5.795046806 0.030099964 0.999060690 -0.031186573 -1.342213511 -0.997486889 0.032025337 0.063197903 87.651664734
0.058485162 0.029589685 0.997849584 6.339597702 0.031753339 0.999000132 -0.031484928 -1.362376928 -0.997783005 0.033526447 0.057486914 87.679367065
0.052962314 0.030684967 0.998124897 6.902518749 0.033273652 0.998918951 -0.032474965 -1.383083701 -0.998041928 0.034931198 0.051883865 87.703445435
0.047127984 0.031418778 0.998394549 7.478443623 0.033630665 0.998889089 -0.033021860 -1.404187202 -0.998322546 0.035132911 0.046018802 87.725494385
0.042796031 0.031404518 0.998590052 8.077840805 0.036215365 0.998800635 -0.032963227 -1.428263545 -0.998427212 0.037574984 0.041607182 87.745925903
0.039962813 0.031373218 0.998708427 8.694328308 0.037616227 0.998751581 -0.032879800 -1.451929212 -0.998492837 0.038881600 0.038732596 87.766151428
0.036939681 0.030859470 0.998840809 9.332399368 0.038636997 0.998731971 -0.032285038 -1.477537274 -0.998570323 0.039784797 0.035700336 87.787597656
0.034684256 0.030256877 0.998940051 9.989104271 0.040880032 0.998662412 -0.031667899 -1.501685262 -0.998561919 0.041935068 0.033400778 87.804954529
0.034034226 0.029895524 0.998973310 10.657605171 0.045131337 0.998487175 -0.031418599 -1.525704503 -0.998401165 0.046154294 0.032633331 87.821708679
0.035078287 0.029506369 0.998948753 11.342041016 0.048581794 0.998332262 -0.031194154 -1.551844358 -0.998203099 0.049624942 0.033586130 87.840156555
0.037419166 0.029369667 0.998867810 12.051818848 0.050370574 0.998242199 -0.031238269 -1.579561710 -0.998029411 0.051482443 0.035873841 87.870635986
0.041257367 0.029244332 0.998720348 12.770429611 0.052699532 0.998116791 -0.031403724 -1.607345462 -0.997757733 0.053927720 0.039638326 87.899520874
0.045522094 0.028894540 0.998545229 13.502501488 0.052810416 0.998114526 -0.031289652 -1.633736968 -0.997566402 0.054157954 0.043910146 87.934486389
0.049469434 0.027256079 0.998403549 14.250369072 0.054118413 0.998086154 -0.029928934 -1.662254930 -0.997308254 0.055512577 0.047899518 87.972640991
0.053513262 0.025748871 0.998234987 15.011709213 0.053994082 0.998130679 -0.028640721 -1.689724088 -0.997106135 0.055431433 0.052022759 88.014480591
0.057613719 0.023701897 0.998057425 15.786636353 0.050777607 0.998354852 -0.026640175 -1.717726469 -0.997046590 0.052213803 0.056315228 88.066955566
0.061636541 0.022644252 0.997841597 16.577033997 0.049971554 0.998419046 -0.025744123 -1.745100379 -0.996846676 0.051450472 0.060407344 88.120452881
0.065708347 0.023647040 0.997558475 17.367649078 0.047160469 0.998528659 -0.026776489 -1.775145531 -0.996723592 0.048804764 0.064496271 88.178894043
0.068890885 0.027602222 0.997242153 18.163866043 0.044902388 0.998518586 -0.030739505 -1.810717583 -0.996612966 0.046896223 0.067549229 88.233749390
0.070089333 0.033191290 0.996988297 18.955759048 0.039312556 0.998578250 -0.036007971 -1.836542845 -0.996765614 0.041717932 0.068684652 88.303222656
0.069948167 0.036373932 0.996887147 19.765382767 0.036651481 0.998566866 -0.039006960 -1.870070934 -0.996876895 0.039265860 0.068514563 88.366981506
0.070141971 0.035814244 0.996893823 20.574403763 0.034366101 0.998675644 -0.038296308 -1.912680268 -0.996944666 0.036945540 0.068818085 88.429504395
0.070222706 0.034150813 0.996946514 21.387561798 0.031446520 0.998841643 -0.036430787 -1.954582095 -0.997035325 0.033908777 0.069067240 88.490852356
0.070106223 0.032964852 0.996994615 22.212583542 0.032561127 0.998845935 -0.035315715 -1.991836071 -0.997007668 0.034939136 0.068951748 88.549728394
0.070432939 0.032561347 0.996984839 23.026443481 0.030168414 0.998940706 -0.034756530 -2.029036283 -0.997059941 0.032525480 0.069375806 88.615798950
0.070545897 0.032912783 0.996965289 23.838348389 0.028598720 0.998978257 -0.035002928 -2.067927361 -0.997098207 0.030981269 0.069532350 88.679748535
0.070637807 0.033541203 0.996937811 24.653728485 0.025664641 0.999042869 -0.035430517 -2.107566357 -0.997171521 0.028088810 0.069709174 88.745056152
0.069512233 0.034767959 0.996974885 25.468145370 0.022850882 0.999075115 -0.036434464 -2.148914576 -0.997319043 0.025314424 0.068653263 88.807647705
0.066620640 0.034598857 0.997178197 26.274820328 0.020398002 0.999142885 -0.036029827 -2.182811022 -0.997569501 0.022740800 0.065857589 88.869232178
0.062791564 0.033265650 0.997471929 27.067613602 0.017620703 0.999251962 -0.034434278 -2.225784302 -0.997870743 0.019738369 0.062158227 88.917266846
0.057791442 0.030727789 0.997855484 27.869188309 0.015454041 0.999379218 -0.031669769 -2.267767429 -0.998208702 0.017251173 0.057280503 88.972045898
0.051629957 0.028580414 0.998257041 28.674394608 0.013280733 0.999482691 -0.029302415 -2.308056116 -0.998577654 0.014770501 0.051223487 89.014076233
0.044171959 0.028790986 0.998608828 29.479787827 0.012832707 0.999486148 -0.029383946 -2.346052647 -0.998941243 0.014112833 0.043779600 89.052803040
0.035584822 0.029853450 0.998920500 30.280231476 0.012807293 0.999458373 -0.030325793 -2.380343199 -0.999284327 0.013872638 0.035183012 89.080978394
0.025775438 0.030334258 0.999207258 31.083162308 0.013610162 0.999436557 -0.030692337 -2.412636280 -0.999574840 0.014390512 0.025347874 89.101066589
0.015636064 0.029373288 0.999446034 31.878524780 0.014816153 0.999452174 -0.029605294 -2.447641850 -0.999767661 0.015270887 0.015192116 89.110420227
0.004759627 0.028384645 0.999585629 32.675064087 0.014138673 0.999495506 -0.028449444 -2.483047009 -0.999888420 0.014268252 0.004355727 89.115341187
-0.006211659 0.027750101 0.999595463 33.465557098 0.015899008 0.999491572 -0.027648451 -2.513227224 -0.999853969 0.015720863 -0.006649873 89.106941223
-0.017122140 0.028144801 0.999457061 34.243625641 0.016265543 0.999479651 -0.027866814 -2.545977354 -0.999720752 0.015779603 -0.017571187 89.093315125
-0.028153021 0.028704531 0.999191284 35.024799347 0.016536873 0.999464512 -0.028246472 -2.581010580 -0.999466419 0.015728304 -0.028612789 89.068183899
-0.038921412 0.029968139 0.998792708 35.808128357 0.016209507 0.999437928 -0.029355872 -2.611173630 -0.999110341 0.015047393 -0.039385457 89.041397095
-0.049044132 0.030977497 0.998315990 36.555423737 0.017430823 0.999393582 -0.030154644 -2.645077944 -0.998644054 0.015922587 -0.049554497 89.000335693
-0.058604792 0.031628668 0.997779965 37.319156647 0.018406894 0.999362648 -0.030597737 -2.680691242 -0.998111069 0.016572881 -0.059149761 88.956268311
-0.068130217 0.032309458 0.997153044 38.081729889 0.019426011 0.999329269 -0.031052731 -2.709926128 -0.997486830 0.017255099 -0.068712294 88.897521973
-0.077587798 0.032816622 0.996445179 38.844871521 0.020654930 0.999296844 -0.031302284 -2.740772009 -0.996771097 0.018152853 -0.078211181 88.840530396
-0.086058751 0.032505274 0.995759547 39.589027405 0.022185402 0.999282658 -0.030702936 -2.769626856 -0.996042609 0.019449092 -0.086718276 88.772598267
-0.093252741 0.031395830 0.995147228 40.320468903 0.024183676 0.999279559 -0.029260041 -2.801386833 -0.995348275 0.021337762 -0.093944944 88.696502686
-0.098302253 0.029781565 0.994710743 41.038108826 0.027041951 0.999263227 -0.027245479 -2.832910061 -0.994788647 0.024220649 -0.099035300 88.618247986
-0.101926737 0.028168343 0.994392872 41.737430573 0.030281868 0.999223948 -0.025201289 -2.862559080 -0.994330466 0.027543409 -0.102700740 88.538917542
-0.104396224 0.027311979 0.994160533 42.438472748 0.032161478 0.999193013 -0.024073005 -2.887508869 -0.994015098 0.029460561 -0.105190493 88.463912964
-0.106187820 0.026411992 0.993995070 43.134883881 0.032382350 0.999209046 -0.023091177 -2.917407274 -0.993818104 0.029735914 -0.106959231 88.391311646
-0.106763639 0.026678488 0.993926287 43.785762787 0.033497158 0.999169350 -0.023221111 -2.948333025 -0.993719459 0.030814551 -0.107568718 88.319595337
-0.105817348 0.027882414 0.993994415 44.438461304 0.034778815 0.999099374 -0.024323195 -2.972484112 -0.993776679 0.031996146 -0.106691867 88.249214172
-0.102696933 0.029460121 0.994276166 45.069293976 0.035686024 0.999027312 -0.025914975 -3.001875401 -0.994071901 0.032820385 -0.103648461 88.182769775
-0.097517826 0.029808274 0.994787037 45.682186127 0.035542242 0.999018371 -0.026450917 -3.031486034 -0.994598448 0.032777540 -0.098481663 88.126411438
-0.089584112 0.030519612 0.995511293 46.284152985 0.034875728 0.999013782 -0.027488612 -3.059114456 -0.995367944 0.032256652 -0.090560280 88.080581665
-0.078306019 0.030490067 0.996462762 46.855125427 0.033797886 0.999039054 -0.027912946 -3.086859226 -0.996355772 0.031492595 -0.079261415 88.039787292
-0.064683288 0.030792879 0.997430384 47.412223816 0.032658424 0.999053895 -0.028725129 -3.115440607 -0.997370839 0.030716479 -0.065627880 88.013717651
-0.047639139 0.032060895 0.998349667 47.948753357 0.031425714 0.999038279 -0.030583465 -3.144712687 -0.998369634 0.029916890 -0.048601005 88.003150940
-0.026543302 0.034532886 0.999050736 48.482105255 0.029519185 0.998994589 -0.033746690 -3.174057484 -0.999211192 0.028595425 -0.027536154 88.004402161
-0.001655011 0.037767608 0.999284863 48.992519379 0.027684297 0.998905480 -0.037707444 -3.196583271 -0.999614835 0.027602104 -0.002698936 88.015037537
0.026608504 0.039438691 0.998867333 49.510074615 0.025418092 0.998871922 -0.040115997 -3.226677179 -0.999322236 0.026456742 0.025575854 88.048591614
0.059705239 0.038822915 0.997460485 50.025333405 0.023060778 0.998923302 -0.040260229 -3.255696535 -0.997949183 0.025405977 0.058745474 88.099388123
0.097296238 0.036310419 0.994592547 50.529502869 0.021516293 0.999024153 -0.038577072 -3.283045053 -0.995022357 0.025153363 0.096419826 88.175003052
0.139245644 0.032719761 0.989716828 51.034591675 0.018995518 0.999182045 -0.035705227 -3.310058594 -0.990075111 0.023771996 0.138510004 88.271682739
0.184361368 0.028477378 0.982445598 51.525348663 0.015995327 0.999361038 -0.031969335 -3.337039948 -0.982727826 0.021608466 0.183787838 88.389533997
0.232227936 0.025344551 0.972330868 52.005855560 0.010669813 0.999534130 -0.028601995 -3.363824129 -0.972602367 0.017016791 0.231849074 88.539184570
0.282860219 0.024010789 0.958860278 52.467006683 0.005955731 0.999623537 -0.026788490 -3.387215376 -0.959142089 0.013288135 0.282610476 88.718528748
0.337382793 0.023975788 0.941061854 52.917800903 0.004186605 0.999627650 -0.026968874 -3.406302214 -0.941357672 0.013038711 0.337156504 88.913566589
0.394931316 0.024928547 0.918372035 53.355667114 0.005108153 0.999556959 -0.029328965 -3.422719240 -0.918695867 0.016274132 0.394628674 89.136192322
0.455088615 0.028151462 0.890000641 53.762527466 0.005003301 0.999403656 -0.034170367 -3.446100235 -0.890431523 0.020003507 0.454676062 89.374404907
0.515703082 0.030879360 0.856210351 54.156902313 0.005309960 0.999216020 -0.039235152 -3.473829031 -0.856750309 0.024780147 0.515134454 89.631072998
0.574325502 0.036443468 0.817815065 54.532211304 -0.000502174 0.999024212 -0.044165883 -3.482429743 -0.818626285 0.024954919 0.573782980 89.927009583
0.630189538 0.040543057 0.775381684 54.863067627 -0.006223089 0.998867571 -0.047170892 -3.494431734 -0.776415765 0.024901345 0.629727781 90.242195129
0.682776511 0.042254250 0.729404032 55.168613434 -0.009512828 0.998755872 -0.048953082 -3.512105465 -0.730564773 0.026485328 0.682328582 90.585838318
0.731645525 0.040193029 0.680498958 55.474666595 -0.010626309 0.998811483 -0.047568917 -3.529059410 -0.681601942 0.027572399 0.731202602 90.951568604
0.776555538 0.037150785 0.628952146 55.738964081 -0.013726736 0.999020755 -0.042061798 -3.549012661 -0.629898787 0.024029873 0.776304603 91.335975647
0.817312121 0.032397620 0.575283229 55.976448059 -0.015213053 0.999283314 -0.034662265 -3.566313505 -0.575993896 0.019578084 0.817218721 91.745079041
0.853047073 0.029888701 0.520976782 56.179679871 -0.018104609 0.999452472 -0.027694669 -3.584380150 -0.521519363 0.014192788 0.853120685 92.161140442
0.883530498 0.026604664 0.467616826 56.355247498 -0.019680778 0.999612451 -0.019686660 -3.603536367 -0.467959464 0.008190717 0.883711278 92.588432312
0.908315182 0.028045338 0.417344451 56.490184784 -0.024547424 0.999604166 -0.013747549 -3.625108957 -0.417564929 0.002242391 0.908643663 93.003791809
0.927943528 0.030173443 0.371496558 56.627910614 -0.028648838 0.999543250 -0.009623728 -3.641330957 -0.371617407 -0.001712653 0.928383768 93.452583313
0.942693114 0.036217984 0.331688553 56.733985901 -0.036160018 0.999325871 -0.006348708 -3.657574654 -0.331695050 -0.006008966 0.943366945 93.899436951
0.954113066 0.040817734 0.296650589 56.833793640 -0.040605910 0.999151587 -0.006878464 -3.664691687 -0.296679825 -0.005482920 0.954960704 94.350730896
0.963091075 0.042685308 0.265768647 56.936531067 -0.042549826 0.999074638 -0.006270419 -3.671554327 -0.265790552 -0.005269411 0.964015841 94.814651489
0.969154358 0.037046857 0.243653104 57.046596527 -0.036817759 0.999306858 -0.005496003 -3.682687521 -0.243688017 -0.003644271 0.969846249 95.281578064
0.973040879 0.034099773 0.228096902 57.147983551 -0.033939216 0.999413192 -0.004627637 -3.692885637 -0.228121042 -0.003238534 0.973626852 95.760215759
0.975778341 0.038440987 0.215356678 57.239288330 -0.038305573 0.999254525 -0.004804186 -3.700033903 -0.215381011 -0.003561525 0.976523101 96.248069763
0.977616608 0.044018514 0.205737025 57.324195862 -0.044110764 0.999018073 -0.004140761 -3.704731941 -0.205717474 -0.005027127 0.978597999 96.746292114
0.978489459 0.051698018 0.199713007 57.408885956 -0.051666372 0.998649895 -0.005374002 -3.709236383 -0.199721396 -0.005060029 0.979839146 97.250450134
0.978769720 0.057444159 0.196747571 57.498718262 -0.056792025 0.998345733 -0.008960010 -3.717987299 -0.196937010 -0.002403895 0.980412722 97.773048401
0.978871107 0.058888029 0.195813999 57.601310730 -0.057789627 0.998264492 -0.011323346 -3.734846115 -0.196141154 -0.000231911 0.980575204 98.299354553
0.978482068 0.057296939 0.198215425 57.712516785 -0.055427864 0.998350382 -0.014969977 -3.746249437 -0.198746368 0.003661208 0.980043709 98.833427429
0.977790296 0.056073509 0.201944128 57.830135345 -0.052848965 0.998374701 -0.021328643 -3.760022879 -0.202812061 0.010182412 0.979164362 99.372055054
0.976918519 0.056430280 0.206022888 57.946117401 -0.052152365 0.998296916 -0.026140740 -3.771149158 -0.207147330 0.014792800 0.978197515 99.925704956
0.975711226 0.061330710 0.210299164 58.065448761 -0.057198428 0.998032451 -0.025682062 -3.788909435 -0.211460665 0.013029502 0.977299273 100.497207642
0.974289060 0.064230569 0.215951174 58.189674377 -0.060948014 0.997902095 -0.021833019 -3.805534601 -0.216900647 0.008109883 0.976159632 101.086769104
0.973406792 0.061278418 0.220734581 58.327327728 -0.058915585 0.998113394 -0.017278682 -3.823342562 -0.221377134 0.003814489 0.975180447 101.689193726
0.972777545 0.057009697 0.224618331 58.472736359 -0.055801559 0.998372972 -0.011728608 -3.840999365 -0.224921703 -0.001124715 0.974375844 102.301033020
0.972050667 0.054322161 0.228399500 58.619464874 -0.054110415 0.998508990 -0.007194102 -3.857028484 -0.228449956 -0.005365748 0.973540545 102.926544189
0.971596479 0.049673893 0.231370732 58.771335602 -0.049499024 0.998752534 -0.006564681 -3.868965149 -0.231408402 -0.005074390 0.972843170 103.561073303
0.971729636 0.046275795 0.231516108 58.931327820 -0.045278110 0.998927951 -0.009624084 -3.880757093 -0.231713489 -0.001130590 0.972783089 104.202369690
0.971873224 0.045486104 0.231069565 59.087203979 -0.042809088 0.998945355 -0.016588770 -3.897564173 -0.231580690 0.006230317 0.972795367 104.852233887
0.971990407 0.047650214 0.230138704 59.235202789 -0.043466359 0.998784840 -0.023218440 -3.912918329 -0.230965704 0.012564821 0.972880363 105.509490967
0.972470045 0.050695308 0.227446064 59.384281158 -0.045743704 0.998588264 -0.026992738 -3.925428391 -0.228493646 0.015845414 0.973416030 106.182662964
0.973082006 0.049169794 0.225152150 59.540428162 -0.045198750 0.998718441 -0.022761168 -3.941195250 -0.225983039 0.011971897 0.974057198 106.873939514
0.973538816 0.045007512 0.224045292 59.697753906 -0.042701416 0.998973072 -0.015130162 -3.962555170 -0.224496439 0.005162759 0.974460781 107.572875977
0.974064231 0.045429911 0.221663505 59.853626251 -0.044514600 0.998966813 -0.009126108 -3.985364676 -0.221849322 -0.000977836 0.975080013 108.285324097
0.974289000 0.048742488 0.219965428 60.006366730 -0.047768787 0.998810589 -0.009746717 -4.002077579 -0.220179141 -0.001011353 0.975458443 109.013282776
0.974481702 0.054354958 0.217786029 60.153072357 -0.052496381 0.998518229 -0.014315367 -4.017539501 -0.218241706 0.002517090 0.975890994 109.745941162
0.975295424 0.055263370 0.213879794 60.306812286 -0.052304599 0.998440981 -0.019472700 -4.033583164 -0.214622781 0.007804741 0.976665378 110.486450195
0.976211965 0.053995997 0.209986806 60.465972900 -0.050438672 0.998478651 -0.022263573 -4.050963879 -0.210869789 0.011142513 0.977450192 111.244354248
0.977147698 0.051628176 0.206195921 60.623142242 -0.048404060 0.998613954 -0.020653907 -4.071192265 -0.206976742 0.010201201 0.978292227 112.014633179
0.978017986 0.048063446 0.202905342 60.782772064 -0.045225788 0.998803258 -0.018601501 -4.091961861 -0.203556880 0.009016054 0.979021132 112.794624329
0.978408217 0.047044571 0.201256126 60.938041687 -0.044785306 0.998871803 -0.015767168 -4.117488384 -0.201771155 0.006413412 0.979411244 113.578399658
0.978796899 0.043703247 0.200116262 61.102275848 -0.041859701 0.999032736 -0.013436584 -4.135416031 -0.200510263 0.004774884 0.979679525 114.376045227
0.979057014 0.038640101 0.199885353 61.264045715 -0.036936518 0.999242127 -0.012246570 -4.151947498 -0.200207442 0.004607026 0.979742289 115.170845032
0.979152083 0.039463602 0.199257672 61.418609619 -0.038099170 0.999216497 -0.010678880 -4.169637203 -0.199523345 0.002864701 0.979888439 115.967941284
0.978814006 0.045096770 0.199722648 61.568298340 -0.043448023 0.998975396 -0.012632884 -4.189297676 -0.200088054 0.003687692 0.979770541 116.781883240
0.978417158 0.050906766 0.200270101 61.721153259 -0.048706912 0.998686135 -0.015899770 -4.210772991 -0.200816706 0.005802071 0.979611218 117.595939636
0.977710903 0.059838455 0.201247394 61.872421265 -0.057465803 0.998191655 -0.017616879 -4.228850842 -0.201937959 0.005659370 0.979381561 118.422431946
0.976714134 0.065696649 0.204238445 62.027046204 -0.063585535 0.997833073 -0.016889360 -4.253106117 -0.204905793 0.003509461 0.978775024 119.242355347
0.975919604 0.068336874 0.207149684 62.191287994 -0.066716693 0.997661710 -0.014805771 -4.281591892 -0.207677424 0.000628893 0.978196800 120.074790955
0.975331903 0.068900280 0.209715262 62.366863251 -0.067135789 0.997622609 -0.015529910 -4.307530880 -0.210287020 0.001067411 0.977638721 120.916305542
0.975019395 0.067561805 0.211595833 62.542106628 -0.065178365 0.997706831 -0.018227004 -4.332944870 -0.212342367 0.003980204 0.977186859 121.751434326
0.975156367 0.061243474 0.212883696 62.735477448 -0.058980066 0.998114586 -0.016972998 -4.356157303 -0.213522106 0.003995428 0.976929724 122.597023010
0.975492895 0.054729830 0.213115841 62.919132233 -0.052013259 0.998477817 -0.018337484 -4.385038376 -0.213795334 0.006803236 0.976854444 123.422271729
0.975251496 0.054056637 0.214388624 63.100242615 -0.051297445 0.998513401 -0.018417107 -4.414714336 -0.215065762 0.006963723 0.976574421 124.258193970
0.974653661 0.056701969 0.216414616 63.279300690 -0.054643262 0.998385608 -0.015489864 -4.438074589 -0.216943830 0.003271653 0.976178288 125.108795166
0.974176466 0.058863994 0.217980325 63.449615479 -0.058107197 0.998261273 -0.009886373 -4.458722115 -0.218183547 -0.003035152 0.975902677 125.940742493
0.973742962 0.062424444 0.218924716 63.620372772 -0.062723033 0.998015225 -0.005593169 -4.482535362 -0.218839601 -0.008285310 0.975725353 126.765563965
0.973555446 0.061709072 0.219959006 63.798744202 -0.060541768 0.998092830 -0.012050729 -4.506324768 -0.220283389 -0.001584652 0.975434363 127.592926025
0.973957241 0.057434388 0.219337344 63.985923767 -0.052964602 0.998252273 -0.026209895 -4.534255981 -0.220459595 0.013910200 0.975296617 128.406005859
