1.000000000 0.000000000 0.000000000 0.000000000 0.000000000 1.000000000 0.000000000 0.000000000 0.000000000 0.000000000 1.000000000 0.000000000
0.999083340 -0.000369607 0.042806108 0.051337976 0.000464449 0.999997437 -0.002205692 -0.032860499 -0.042805184 0.002223551 0.999080956 1.078896165
0.996229351 -0.004987742 0.086615637 0.191734031 0.005613063 0.999959886 -0.006977448 -0.063154653 -0.086577363 0.007437317 0.996217370 2.149708271
0.991277933 -0.004580982 0.131708771 0.344459563 0.006093800 0.999920011 -0.011085317 -0.082201965 -0.131647438 0.011791237 0.991226494 3.214809418
0.984180987 -0.002388782 0.177150071 0.563896239 0.004848948 0.999897718 -0.013455852 -0.108974166 -0.177099809 0.014101986 0.984091878 4.241671562
0.974850714 -0.004896808 0.222804934 0.803854942 0.008056106 0.999879479 -0.013272974 -0.142768353 -0.222713083 0.014734109 0.974772692 5.273201942
0.963395894 -0.005577701 0.268024772 1.085328102 0.009803205 0.999847829 -0.014429694 -0.174802676 -0.267903537 0.016529009 0.963303983 6.312521458
0.950240195 -0.007979332 0.311415821 1.491228580 0.014011128 0.999754965 -0.017136455 -0.204119250 -0.311202824 0.020647034 0.950119197 7.367780209
0.935375214 -0.010027986 0.353514612 1.890271425 0.017842641 0.999663055 -0.018853426 -0.236262694 -0.353206456 0.023942662 0.935238957 8.352710724
0.918333113 -0.010048925 0.395680696 2.295435190 0.019320769 0.999624014 -0.019454479 -0.276316315 -0.395336479 0.025510548 0.918182015 9.292654991
0.898736417 -0.010196539 0.438370585 2.730137348 0.020068778 0.999638438 -0.017892841 -0.317367822 -0.438029706 0.024878509 0.898616135 10.244372368
0.876955152 -0.009839920 0.480471313 3.247827530 0.020589486 0.999641597 -0.017107515 -0.351012886 -0.480130792 0.024895180 0.876843512 11.227830887
0.853231549 -0.010236783 0.521431684 3.770458937 0.021588583 0.999643624 -0.015700869 -0.393038452 -0.521085143 0.024653446 0.853148520 12.099879265
0.827880204 -0.010691464 0.560802877 4.362263203 0.023503350 0.999601424 -0.015639653 -0.428176045 -0.560412169 0.026128504 0.827801526 12.977128029
0.801064014 -0.011887385 0.598460436 5.060888767 0.026384780 0.999532282 -0.015463145 -0.453656137 -0.597996712 0.028177217 0.801003039 13.804846764
0.772364795 -0.010596356 0.635090530 5.717119217 0.026994407 0.999505162 -0.016152699 -0.489018321 -0.634605050 0.029619673 0.772268653 14.637291908
0.740066111 -0.016692875 0.672326684 5.744891167 0.033880323 0.999348044 -0.012481574 -0.497059196 -0.671679974 0.032015841 0.740149140 14.674512863
0.707363188 -0.016814951 0.706650019 6.342174053 0.034598690 0.999342442 -0.010853962 -0.573722839 -0.706002772 0.032126863 0.707479775 15.385658264
0.673328638 -0.014145974 0.739207745 7.251826286 0.034534287 0.999327540 -0.012332761 -0.583387613 -0.738536119 0.033832017 0.673364341 16.191390991
0.636371970 -0.015524158 0.771225929 7.776724339 0.039135102 0.999159813 -0.012179798 -0.601470053 -0.770388722 0.037932895 0.636444807 16.787300110
0.599814653 -0.013986065 0.800016582 8.636449814 0.039361525 0.999152541 -0.012044022 -0.641209900 -0.799170077 0.038714062 0.599856853 17.433660507
0.562256932 -0.012925633 0.826861382 9.503679276 0.042298056 0.999018669 -0.013145417 -0.681486011 -0.825879991 0.042365745 0.562251925 18.018138885
0.524163246 -0.011495287 0.851540089 10.482416153 0.047250412 0.998761237 -0.015602192 -0.716474771 -0.850305855 0.048413731 0.524057150 18.544012070
0.486347020 -0.010714230 0.873699903 11.454523087 0.049404856 0.998662353 -0.015254683 -0.737225950 -0.872367799 0.050584104 0.486225843 19.014167786
0.448317885 -0.012474653 0.893787026 12.458198547 0.054763507 0.998407602 -0.013534185 -0.763399601 -0.892195046 0.055014543 0.448287189 19.494338989
0.412403017 -0.012875811 0.910910368 13.480962753 0.059042584 0.998175621 -0.012621467 -0.772880375 -0.909086227 0.058987651 0.412410915 19.883768082
0.377604932 -0.010612302 0.925905883 14.508727074 0.060433090 0.998084784 -0.013206376 -0.819104433 -0.923992634 0.060942158 0.377523124 20.264902115
0.344557673 -0.011446253 0.938695312 15.538895607 0.061185155 0.998073280 -0.010288343 -0.847741663 -0.936769187 0.060979150 0.344594240 20.619308472
0.311219066 -0.013276469 0.950245380 16.568021774 0.063595183 0.997951865 -0.006885337 -0.878696740 -0.948207974 0.062573880 0.311426044 20.954734802
0.278401196 -0.013384866 0.960371554 17.625329971 0.063844860 0.997949064 -0.004599341 -0.908065379 -0.958340645 0.062595256 0.278684855 21.243810654
0.246440291 -0.010723121 0.969098628 18.648143768 0.061621808 0.998088658 -0.004626439 -0.934202313 -0.967197061 0.060857754 0.246630117 21.500469208
0.215916723 -0.008943833 0.976370752 19.852527618 0.062097456 0.998059392 -0.004589861 -0.937142789 -0.974435270 0.061621174 0.216053143 21.747734070
0.185826585 -0.008868339 0.982542515 20.915599823 0.064719431 0.997898102 -0.003233340 -0.952148080 -0.980448902 0.064190440 0.186009988 21.933095932
0.155371308 -0.009289182 0.987812459 22.081287384 0.066664465 0.997774661 -0.001102675 -0.966241300 -0.985604286 0.066023313 0.155644834 22.120149612
0.125418216 -0.009992428 0.992053688 23.187911987 0.066087805 0.997812212 0.001695424 -0.970009089 -0.989900410 0.065350011 0.125804216 22.244197845
0.096449956 -0.010539798 0.995282114 24.283529282 0.066932231 0.997749031 0.004079709 -0.975437701 -0.993084908 0.066222958 0.096938312 22.343193054
0.069495335 -0.010322122 0.997528970 25.433801651 0.069668457 0.997555017 0.005468764 -0.975359142 -0.995146692 0.069116242 0.070044562 22.425092697
0.044516552 -0.009926398 0.998959422 26.678970337 0.074029893 0.997233868 0.006610264 -0.977877855 -0.996262014 0.073658586 0.045128271 22.461454391
0.022298407 -0.009485542 0.999706447 27.860874176 0.078331470 0.996897280 0.007711709 -0.975553095 -0.996677995 0.078136504 0.022972237 22.471586227
0.002514062 -0.009526958 0.999951541 29.051073074 0.084355645 0.996392250 0.009280963 -0.972410321 -0.996432602 0.084328204 0.003308639 22.448221207
-0.015097685 -0.010266704 0.999833405 30.372106552 0.088669978 0.995993733 0.011566211 -0.971450925 -0.995946705 0.088829800 -0.014126859 22.407638550
-0.030608352 -0.010401849 0.999477386 31.596652985 0.091830485 0.995687306 0.013174653 -0.965875864 -0.995304227 0.092185713 -0.029521152 22.359003067
-0.045666322 -0.010973396 0.998896539 32.850799561 0.093537673 0.995499313 0.015212314 -0.945567369 -0.994567990 0.094129115 -0.044434380 22.344451904
-0.058911178 -0.012296970 0.998187542 34.183124542 0.093960114 0.995416462 0.017808182 -0.948469341 -0.993831515 0.094838895 -0.057485752 22.252822876
-0.070238739 -0.012276397 0.997454703 35.363712311 0.093781821 0.995414019 0.018855205 -0.938247800 -0.993112087 0.094867475 -0.068765342 22.162034988
-0.081465185 -0.009708288 0.996629000 36.631149292 0.093913093 0.995428562 0.017373120 -0.932483435 -0.992241800 0.095011801 -0.080181070 22.062021255
-0.091687433 -0.006579150 0.995766222 37.924999237 0.094173893 0.995438695 0.015248263 -0.926708221 -0.991324723 0.095173240 -0.090649679 21.951931000
-0.101057872 -0.004249361 0.994871557 39.178932190 0.095220305 0.995358586 0.013923808 -0.914036930 -0.990313351 0.096139066 -0.100184232 21.826868057
-0.108536512 -0.003230957 0.994087279 40.478115082 0.094985031 0.995385468 0.013605842 -0.901421428 -0.989544213 0.095900133 -0.107728817 21.685829163
-0.114510000 -0.002603907 0.993418753 41.802165985 0.094420955 0.995440662 0.013492983 -0.885271609 -0.988924801 0.095344618 -0.113742083 21.551031113
-0.119570941 -0.000909129 0.992825389 43.132568359 0.095468700 0.995354831 0.012409224 -0.865599275 -0.988225043 0.096267521 -0.118928760 21.392255783
-0.123786911 0.000757274 0.992308617 44.492832184 0.094411463 0.995472014 0.011017805 -0.850547612 -0.987807393 0.095049165 -0.123297945 21.218631744
-0.128124669 0.001345170 0.991757214 45.871349335 0.094869934 0.995429635 0.010906057 -0.845125139 -0.987210155 0.095485270 -0.127666757 21.058372498
-0.131093472 0.000119376 0.991370082 47.258609772 0.094767526 0.995421708 0.012411692 -0.835899174 -0.986830175 0.095576778 -0.130504653 20.875324249
-0.133452252 -0.002036043 0.991053224 48.662315369 0.096116267 0.995256901 0.014987415 -0.837826312 -0.986383438 0.097256452 -0.132623643 20.697313309
-0.135832489 -0.003406334 0.990726113 50.106018066 0.095741741 0.995268285 0.016548533 -0.821930826 -0.986095011 0.097101673 -0.134863704 20.507625580
-0.138184130 -0.002826406 0.990402639 51.517311096 0.098343134 0.995014429 0.016560722 -0.811024427 -0.985512078 0.099687733 -0.137217313 20.322401047
-0.139253795 -0.003109908 0.990251958 52.984344482 0.097977631 0.995044768 0.016903035 -0.791273177 -0.985397875 0.099376358 -0.138259113 20.120967865
-0.139509201 -0.001665223 0.990219474 54.460010529 0.100434706 0.994817495 0.015822927 -0.771722794 -0.985114336 0.101659864 -0.138619021 19.899314880
-0.139108419 -0.001597593 0.990275979 55.937297821 0.100333504 0.994829655 0.015699239 -0.753313005 -0.985181332 0.101541780 -0.138228968 19.684946060
-0.138822213 -0.000136948 0.990317404 57.463146210 0.099990346 0.994887352 0.014154189 -0.735219836 -0.985256553 0.100987121 -0.138098851 19.481969833
-0.137589186 -0.000533447 0.990489304 59.006668091 0.100637577 0.994816899 0.014515386 -0.721610606 -0.985363662 0.101677634 -0.136822447 19.263965607
-0.136188760 -0.001826690 0.990681291 60.562568665 0.099761687 0.994889498 0.015548680 -0.708455086 -0.985647202 0.100949630 -0.135310620 19.058300018
-0.135325015 -0.000907687 0.990800917 62.160926819 0.100427002 0.994836509 0.014627859 -0.683358133 -0.985698581 0.101482719 -0.134535208 18.852624893
-0.134453133 -0.000070549 0.990920007 63.773109436 0.100109518 0.994882286 0.013654216 -0.657370985 -0.985850155 0.101036415 -0.133758083 18.647329330
-0.133683249 0.000527255 0.991024017 65.388168335 0.101172462 0.994781971 0.013118319 -0.643799424 -0.985846341 0.102018073 -0.133039132 18.443964005
-0.132938549 0.000215228 0.991124332 67.032203674 0.100378051 0.994860709 0.013247581 -0.623158991 -0.986028254 0.101248264 -0.132277027 18.244062424
-0.132205978 -0.001341187 0.991221428 68.700675964 0.102240033 0.994646490 0.014982284 -0.605682731 -0.985935390 0.103323288 -0.131361172 18.027511597
-0.131687343 -0.003513162 0.991285145 70.318649292 0.104048558 0.994420528 0.017346621 -0.597328067 -0.985815525 0.105426148 -0.130587131 17.815450668
-0.130797446 -0.002282029 0.991406500 72.011543274 0.105663531 0.994269073 0.016228944 -0.576445699 -0.985762179 0.106878251 -0.129806817 17.589212418
-0.130435929 -0.000664391 0.991456509 73.703918457 0.107564785 0.994087279 0.014817378 -0.565764964 -0.985604405 0.108578578 -0.129593313 17.386899948
-0.130130827 -0.001005273 0.991496325 75.398727417 0.106685087 0.994179189 0.015010091 -0.551095665 -0.985740364 0.107731193 -0.129266188 17.187030792
-0.130023345 -0.000987557 0.991510451 77.154350281 0.106859796 0.994160533 0.015003438 -0.527791142 -0.985735655 0.107903443 -0.129158616 16.947275162
-0.130199745 -0.002233700 0.991485238 78.848854065 0.106248423 0.994207382 0.016192159 -0.515178621 -0.985778451 0.107452005 -0.129208297 16.760921478
-0.130208269 -0.001951558 0.991484702 80.593147278 0.107529171 0.994071484 0.016078092 -0.495333135 -0.985638380 0.108707078 -0.129226565 16.536340714
-0.130852148 -0.002106659 0.991399646 82.312278748 0.108353220 0.993976474 0.016413391 -0.476267874 -0.985462844 0.109569117 -0.129835799 16.369575500
-0.130968392 -0.000930414 0.991386116 84.063926697 0.108627036 0.993964612 0.015283165 -0.451021522 -0.985417247 0.109692991 -0.130076990 16.143768311
-0.131691247 -0.000085761 0.991290748 85.847434998 0.107971415 0.994048774 0.014429823 -0.431861520 -0.985392928 0.108931392 -0.130898371 15.922811508
-0.132773593 0.000564458 0.991146207 87.686775208 0.106932200 0.994170606 0.013758428 -0.412942111 -0.985360980 0.107812241 -0.132060081 15.669316292
-0.134556085 0.000673363 0.990905702 89.480598450 0.106527351 0.994213641 0.013789855 -0.426004171 -0.985162973 0.107414104 -0.133849353 15.454797745
-0.134730995 -0.000105222 0.990882158 91.319091797 0.105183870 0.994347930 0.014407531 -0.398981392 -0.985283375 0.106166013 -0.133958548 15.152389526
-0.135452509 -0.000100015 0.990783811 93.145713806 0.105275199 0.994337022 0.014492819 -0.380473644 -0.985174656 0.106268100 -0.134675056 14.889365196
-0.135850072 -0.001075076 0.990728796 94.972831726 0.102949001 0.994570076 0.015195764 -0.361202955 -0.985365748 0.104058944 -0.135001868 14.642505646
-0.137623236 0.000026391 0.990484595 96.842605591 0.103075512 0.994570315 0.014295375 -0.347650319 -0.985106409 0.104062147 -0.136878833 14.402647972
-0.140142888 0.000824801 0.990130901 98.723503113 0.101865195 0.994704902 0.013589374 -0.336598188 -0.984877050 0.102764390 -0.139484957 14.144791603
-0.144396529 0.001807233 0.989518225 100.593574524 0.102270082 0.994669795 0.013107242 -0.314788610 -0.984220386 0.103090808 -0.143811837 13.880669594
-0.149284452 0.001619200 0.988792896 102.394142151 0.100126080 0.994882762 0.013487519 -0.289528221 -0.983711481 0.101017483 -0.148682803 13.667171478
-0.154386654 0.000844772 0.988010108 104.312789917 0.098870941 0.994992554 0.014598859 -0.284838766 -0.983050704 0.099939398 -0.153697267 13.381130219
-0.159224749 0.001555446 0.987241089 106.252410889 0.097406216 0.995143592 0.014142036 -0.275387257 -0.982425034 0.098415218 -0.158603191 13.082122803
-0.163597971 0.003190654 0.986521900 108.124992371 0.098135404 0.995086789 0.013055750 -0.269304037 -0.981633604 0.098948650 -0.163107485 12.757061005
-0.168743566 0.005448998 0.985644937 109.991050720 0.097965911 0.995125294 0.011270477 -0.258058220 -0.980779171 0.098461442 -0.168454975 12.491424561
-0.173837721 0.005432043 0.984759331 111.914855957 0.096741244 0.995241463 0.011587693 -0.260531753 -0.980010808 0.097281240 -0.173536181 12.172554016
-0.179097563 0.005314515 0.983816981 113.850662231 0.095047772 0.995400608 0.011925754 -0.252664328 -0.979229093 0.095645495 -0.178779125 11.849931717
-0.183496833 0.004552432 0.983009815 115.781524658 0.093301311 0.995554924 0.012805879 -0.244009599 -0.978582382 0.094065942 -0.183106095 11.497023582
-0.189017579 0.004057801 0.981965363 117.805183411 0.092474401 0.995620370 0.013686087 -0.234209120 -0.977609634 0.093393564 -0.188565165 11.117087364
-0.194524437 0.003707728 0.980890751 119.781608582 0.092366792 0.995618045 0.014554244 -0.225725949 -0.976538956 0.093432881 -0.194014683 10.747509956
-0.200165495 0.005378196 0.979747415 121.741943359 0.092926435 0.995580554 0.013520058 -0.212418407 -0.975345194 0.093750678 -0.199780822 10.361618042
-0.205887809 0.006447517 0.978554428 123.733589172 0.092417084 0.995636404 0.012884490 -0.198374465 -0.974201739 0.093087904 -0.205585450 9.958780289
-0.211861193 0.006564633 0.977277815 125.740325928 0.092649519 0.995608032 0.013397465 -0.180987224 -0.972898066 0.093382709 -0.211539134 9.520519257
-0.217411280 0.006498368 0.976058543 127.710174561 0.091544323 0.995705307 0.013761793 -0.167192429 -0.971777618 0.092344582 -0.217072666 9.089796066
-0.222719550 0.007232424 0.974855781 129.720611572 0.090556271 0.995801926 0.013301042 -0.151885644 -0.970667481 0.091241702 -0.222439721 8.650198936
-0.228138953 0.007499359 0.973599792 131.696517944 0.089466982 0.995900452 0.013293241 -0.139410526 -0.969509184 0.090137728 -0.227874875 8.200853348
-0.237177014 -0.005209939 0.971452594 132.590713501 0.101347044 0.994395792 0.030076548 -0.279594153 -0.966165423 0.105587319 -0.235320047 7.498464584
-0.243304268 -0.004435936 0.969940007 134.454101562 0.104119644 0.994091332 0.030664260 -0.238200426 -0.964345336 0.108450562 -0.241405040 7.068995476
-0.246739179 -0.003605665 0.969075382 136.458419800 0.105277732 0.993974268 0.030503400 -0.188042194 -0.963346303 0.109548442 -0.244873062 6.554643631
-0.249953687 -0.003106201 0.968253016 138.452255249 0.105810516 0.993917763 0.030503446 -0.145071983 -0.962458849 0.110075794 -0.248105019 6.051090717
-0.252283484 -0.003308485 0.967647910 140.452285767 0.104990058 0.993996441 0.030771416 -0.097969845 -0.961940706 0.109356523 -0.250421822 5.510525703
-0.256268263 -0.002925865 0.966601431 142.450881958 0.102978267 0.994221032 0.030311383 -0.051982891 -0.961104512 0.107306778 -0.254486263 4.973048210
-0.260558426 -0.001971668 0.965456188 144.462921143 0.101691142 0.994378686 0.029475266 0.000500049 -0.960087538 0.105858378 -0.258893490 4.436851978
-0.262639344 -0.002597563 0.964890659 146.412887573 0.100095160 0.994527280 0.029922852 0.068445176 -0.959688127 0.104439817 -0.260942191 3.734465837
-0.267362893 -0.003157175 0.963590801 148.381088257 0.098530628 0.994662941 0.030597808 0.042250931 -0.958545029 0.103123948 -0.265625119 3.179116249
-0.271367133 -0.002600085 0.962472379 150.470230103 0.098490357 0.994671285 0.030456230 0.093863808 -0.957423270 0.103059098 -0.269665241 2.583557844
-0.275821626 -0.002952067 0.961204290 152.453033447 0.097597711 0.994740605 0.031061145 0.123055696 -0.956241071 0.102378704 -0.274083078 2.022176743
-0.280000001 -0.003697365 0.959992886 154.466781616 0.097619452 0.994698882 0.032303594 0.163392588 -0.955023766 0.102759011 -0.278154999 1.446766376
-0.284168154 -0.003677947 0.958767414 156.477294922 0.098051101 0.994637668 0.032876834 0.208231553 -0.953747511 0.103350781 -0.282283992 0.875203371
-0.288334757 -0.003114686 0.957524598 158.494476318 0.099295676 0.994505584 0.033135414 0.231962964 -0.952367187 0.104632169 -0.286441505 0.321906567
-0.292301923 -0.001737317 0.956324518 160.551193237 0.099214718 0.994546592 0.032131881 0.289063066 -0.951165557 0.104273699 -0.290535778 -0.285607219
-0.296080112 -0.000278925 0.955163121 162.570877075 0.099283360 0.994573653 0.031066159 0.317489177 -0.949989080 0.104029901 -0.294446021 -0.847254574
-0.299167991 0.000775979 0.954200208 164.655654907 0.099938586 0.994524777 0.030524736 0.368770242 -0.948952377 0.104493476 -0.297607809 -1.516087890
-0.302798539 0.001541257 0.953053415 166.771057129 0.099794917 0.994552195 0.030097902 0.406633139 -0.947815239 0.104223512 -0.301303029 -2.116036415
-0.305813462 0.001312116 0.952090621 168.657348633 0.100081138 0.994502723 0.030775715 0.439154804 -0.946816504 0.104697965 -0.304263890 -2.735312939
-0.309456974 0.001538762 0.950912297 170.722778320 0.099641934 0.994545579 0.030817287 0.488444567 -0.945678294 0.104287378 -0.307922632 -3.410422802
-0.313338548 0.002357596 0.949638665 172.846572876 0.101735108 0.994324863 0.031099543 0.537012815 -0.944176078 0.106356286 -0.311800390 -4.098644257
-0.316526860 0.002597837 0.948580086 174.719238281 0.103698261 0.994097352 0.031880062 0.576448143 -0.942898214 0.108457014 -0.314928114 -4.702280045
-0.318989664 0.002247471 0.947755635 176.800720215 0.104486853 0.993984520 0.032810446 0.632951736 -0.941980779 0.109494209 -0.317305803 -5.394792080
-0.321847171 0.001727416 0.946790159 178.878677368 0.103907354 0.994022012 0.033508170 0.695121408 -0.941072464 0.109162979 -0.320102841 -6.089328766
-0.324853122 0.002371093 0.945761621 180.914230347 0.102967955 0.994140863 0.032875374 0.744715512 -0.940142453 0.108062811 -0.323194087 -6.749932766
-0.327831209 0.004893234 0.944723725 183.012557983 0.102423809 0.994275987 0.030392487 0.805834115 -0.939167619 0.106725812 -0.326456100 -7.462461948
-0.331123322 0.006734964 0.943563521 185.078598022 0.102170423 0.994350672 0.028757047 0.837435663 -0.938039601 0.105926417 -0.329941034 -8.162409782
-0.334300548 0.007826800 0.942434072 187.141143799 0.101766631 0.994418144 0.027840178 0.868509471 -0.936955988 0.105215326 -0.333231270 -8.854557991
-0.338041723 0.008824613 0.941089809 189.182327271 0.100857228 0.994536579 0.026902376 0.875147402 -0.935711265 0.104009822 -0.337085128 -9.470554352
-0.342343688 0.008962344 0.939532101 191.243576050 0.101189099 0.994489729 0.027384365 0.925816000 -0.934109986 0.104445264 -0.341364384 -10.168448448
-0.346960276 0.008413868 0.937842190 193.332000732 0.101370305 0.994437635 0.028580936 0.943114519 -0.932385385 0.104985781 -0.345883518 -10.799236298
-0.350299180 0.008013908 0.936603665 195.357971191 0.101500683 0.994398892 0.029453853 0.980311692 -0.931121826 0.105383553 -0.349150777 -11.533040047
-0.354991019 0.007842197 0.934836864 197.434631348 0.101652049 0.994359195 0.030259401 1.013859630 -0.929326653 0.105769873 -0.353786021 -12.228295326
-0.359037548 0.007922943 0.933289528 199.515853882 0.100604802 0.994465649 0.030260500 1.051810026 -0.927884996 0.104758039 -0.357847869 -12.973635674
-0.363412708 0.008334984 0.931591034 201.611221313 0.099923074 0.994539857 0.030081706 1.067789674 -0.926253915 0.104019500 -0.362261534 -13.676215172
-0.366797835 0.008774042 0.930259347 203.775924683 0.099436738 0.994596303 0.029826691 1.105039716 -0.924970984 0.103442319 -0.365688473 -14.500936508
-0.368870050 0.009721010 0.929430187 205.894851685 0.100225687 0.994530559 0.029375436 1.143928409 -0.924061358 0.103988498 -0.367827028 -15.348355293
-0.372661769 0.008714756 0.927926302 207.942977905 0.101362780 0.994354427 0.031369388 1.138252616 -0.922414541 0.105747357 -0.371441454 -16.056541443
-0.374916971 0.008337514 0.927020907 209.957702637 0.102975227 0.994145691 0.032705259 1.178527355 -0.921321452 0.107721940 -0.373580843 -16.856346130
-0.377915919 0.008918594 0.925796926 212.068466187 0.103943020 0.994040072 0.032854155 1.221458673 -0.919986546 0.108646229 -0.376590759 -17.686437607
-0.381155908 0.009941393 0.924457252 214.128219604 0.104031086 0.994052231 0.032202449 1.256222248 -0.918638945 0.108446442 -0.379923224 -18.419300079
-0.384018362 0.010266080 0.923268259 216.213378906 0.103480838 0.994116604 0.031987287 1.317025661 -0.917508304 0.107824288 -0.382821500 -19.219732285
-0.386762857 0.011736033 0.922104359 218.405715942 0.103474528 0.994156361 0.030747747 1.363235474 -0.916355491 0.107306413 -0.385717243 -20.125484467
-0.389626056 0.012783553 0.920884252 220.517486572 0.103434674 0.994184554 0.029962089 1.390662313 -0.915146291 0.106925391 -0.388682574 -21.001050949
-0.392442644 0.013146640 0.919682324 222.534057617 0.101485945 0.994411230 0.029090732 1.455414057 -0.914160371 0.104751296 -0.391583711 -21.781166077
-0.395598352 0.014067566 0.918315649 224.528930664 0.102269500 0.994338691 0.028824190 1.474105239 -0.912711740 0.105318509 -0.394797564 -22.616483688
-0.397965163 0.013524789 0.917300642 226.379638672 0.103510924 0.994167924 0.030249421 1.517842770 -0.911542118 0.106988870 -0.397044271 -23.441938400
-0.400886506 0.012607604 0.916040778 228.453002930 0.103886440 0.994080961 0.031782072 1.550050497 -0.910218418 0.107905239 -0.399823487 -24.315952301
-0.403846502 0.012104067 0.914746463 230.386932373 0.103194445 0.994132936 0.032404218 1.568492532 -0.908987880 0.107483111 -0.402726263 -25.134296417
-0.406459808 0.012234926 0.913586497 232.236831665 0.102427103 0.994217098 0.032255627 1.585251331 -0.907909274 0.106686659 -0.405362576 -25.901517868
-0.409911692 0.011727379 0.912049532 234.363861084 0.100958258 0.994356513 0.032588974 1.634343147 -0.906520784 0.105437569 -0.408782423 -26.842073441
-0.413302749 0.010991419 0.910527050 236.299682617 0.100310825 0.994390786 0.033528883 1.662074447 -0.905051768 0.105193332 -0.412087113 -27.687503815
-0.416297972 0.011631506 0.909153521 238.394805908 0.100206651 0.994413555 0.033161920 1.729242444 -0.903689563 0.104908511 -0.415138036 -28.640623093
-0.419991851 0.011374147 0.907456279 240.580841064 0.099921651 0.994421363 0.033781860 1.777903914 -0.902010322 0.104862668 -0.418785542 -29.639169693
-0.424366057 0.010569375 0.905428708 242.578796387 0.099100530 0.994467080 0.034838721 1.758217216 -0.900051475 0.104512870 -0.423065603 -30.472599030
-0.429426640 0.010862695 0.903036058 244.805175781 0.098326541 0.994545400 0.034794364 1.797304273 -0.897733092 0.103734083 -0.428152531 -31.332141876
-0.434639931 0.012027319 0.900523603 246.902236938 0.098546937 0.994541407 0.034280874 1.855752826 -0.895196497 0.103643730 -0.433452815 -32.159038544
-0.438148946 0.012371196 0.898816884 248.979980469 0.098713793 0.994519651 0.034431841 1.890042663 -0.893465877 0.103811957 -0.436969101 -33.141410828
-0.441489726 0.012464083 0.897179365 251.001770020 0.098768160 0.994501948 0.034786299 1.941296697 -0.891813755 0.103970610 -0.440293640 -34.127243042
-0.441571712 0.012724898 0.897135377 252.859863281 0.097363621 0.994673967 0.033814155 2.009837151 -0.891927600 0.102279775 -0.440459013 -35.324405670
-0.445102781 0.013038960 0.895384192 255.020111084 0.098103352 0.994585156 0.034284383 2.055161238 -0.890089512 0.103100315 -0.443971992 -36.397922516
-0.448402971 0.013377840 0.893730998 257.135559082 0.098426044 0.994545937 0.034495424 2.112888813 -0.888395846 0.103434309 -0.447274297 -37.484523773
-0.452061981 0.014680421 0.891865253 259.216979980 0.100291438 0.994360566 0.034467410 2.154932737 -0.886330485 0.105027914 -0.450985104 -38.462451935
-0.454613179 0.017275481 0.890520990 261.188049316 0.103054143 0.994117022 0.033324197 2.219192982 -0.884707212 0.106921554 -0.453719199 -39.495384216
-0.457986057 0.018171962 0.888773143 263.190765381 0.104970269 0.993901432 0.033769868 2.240565062 -0.882740080 0.108760945 -0.457100749 -40.409667969
-0.461825520 0.020814715 0.886726081 265.186218262 0.106971316 0.993734121 0.032386281 2.321797132 -0.880496681 0.109811120 -0.461158574 -41.330833435
-0.464830220 0.023496162 0.885087550 267.165802002 0.109237976 0.993531883 0.030994559 2.355703354 -0.878635347 0.111092441 -0.464390576 -42.286376953
-0.467816174 0.024296133 0.883491337 269.192443848 0.110361986 0.993403792 0.031118831 2.402941227 -0.876908481 0.112061806 -0.467411965 -43.327610016
-0.471404552 0.024450280 0.881577611 271.192352295 0.110320114 0.993398309 0.031439658 2.397165060 -0.874989986 0.112076603 -0.470990092 -44.326320648
-0.474798828 0.024668604 0.879748106 273.340332031 0.109696366 0.993470371 0.031345502 2.467183590 -0.873231411 0.111388043 -0.474404871 -45.449344635
-0.478704184 0.026226528 0.877583981 275.464202881 0.110961162 0.993345737 0.030840959 2.517978191 -0.870936394 0.112141505 -0.478429168 -46.535709381
-0.481747001 0.026563620 0.875907183 277.499450684 0.110253163 0.993434787 0.030511079 2.568884134 -0.869347036 0.111270219 -0.481513232 -47.648330688
-0.484446824 0.026348535 0.874423385 279.484771729 0.108445205 0.993645132 0.030139642 2.639229774 -0.868073225 0.109428138 -0.484225869 -48.741100311
-0.486822784 0.026776619 0.873089790 281.500488281 0.110069290 0.993443012 0.030905358 2.680822611 -0.866538286 0.111145861 -0.486578256 -49.871265411
-0.489218026 0.027053718 0.871741414 283.567199707 0.111354113 0.993275821 0.031666037 2.751819611 -0.865023911 0.112563632 -0.488941252 -51.003898621
-0.490479648 0.027478404 0.871018887 285.554168701 0.112648629 0.993115783 0.032103293 2.810045481 -0.864141464 0.113865145 -0.490198731 -52.166000366
-0.492865443 0.027568636 0.869668305 287.645019531 0.113530084 0.992990553 0.032862656 2.834376812 -0.862667441 0.114930429 -0.492540836 -53.252536774
-0.495558500 0.027165644 0.868149281 289.747406006 0.114197582 0.992871642 0.034118023 2.866043806 -0.861034930 0.116048068 -0.495128483 -54.377178192
-0.497354954 0.028056385 0.867093027 291.824310303 0.116912171 0.992526889 0.034944441 2.927448034 -0.859633744 0.118753560 -0.496918529 -55.556648254
-0.499655902 0.028092099 0.865768015 293.871551514 0.117712870 0.992404103 0.035733782 2.980475426 -0.858188868 0.119766675 -0.499167621 -56.692596436
-0.501483977 0.029081188 0.864677727 296.023620605 0.117220081 0.992502451 0.034603402 3.055704117 -0.857189417 0.118710682 -0.501133263 -57.924293518
-0.502902210 0.032124624 0.863745809 298.088165283 0.119402640 0.992309630 0.032614019 3.077805996 -0.856056511 0.119535230 -0.502870739 -59.086441040
-0.506597400 0.031883646 0.861592710 300.153167725 0.118222497 0.992445290 0.032786231 3.133290529 -0.854039192 0.118469089 -0.506539822 -60.231079102
-0.511025429 0.030194210 0.859034777 302.226745605 0.116271712 0.992625296 0.034278255 3.189217806 -0.851665616 0.117398538 -0.510767817 -61.418617249
-0.515848935 0.027943913 0.856223345 304.372528076 0.114251778 0.992783070 0.036432497 3.257956266 -0.849027038 0.116618738 -0.515318990 -62.662563324
-0.520973265 0.026924085 0.853147924 306.541076660 0.113199830 0.992852688 0.037792247 3.333552837 -0.846033812 0.116264984 -0.520297825 -63.907096863
-0.525213182 0.027068481 0.850539804 308.753509521 0.113421671 0.992802382 0.038442452 3.415624619 -0.843378484 0.116660148 -0.524503291 -65.256858826
-0.529509366 0.025761861 0.847912550 309.389343262 0.110522471 0.993113518 0.038846172 3.453546047 -0.841073811 0.114282817 -0.528710485 -65.622451782
-0.533161581 0.027064448 0.845580101 311.731842041 0.112210400 0.992919326 0.038971338 3.534826279 -0.838539243 0.115660928 -0.532423675 -67.102638245
-0.539227188 0.023188785 0.841840684 313.740081787 0.106674835 0.993449152 0.040963847 3.615958929 -0.835377097 0.111892059 -0.538168907 -68.276573181
-0.542470038 0.021579569 0.839797616 314.438903809 0.106305592 0.993396521 0.043141901 3.625586271 -0.833322167 0.112678401 -0.541182339 -68.712844849
-0.546872973 0.020553708 0.836962938 316.538055420 0.105468690 0.993425071 0.044517312 3.725335836 -0.830546081 0.112618722 -0.545445502 -69.986328125
-0.550610542 0.020473652 0.834510803 318.656921387 0.104410999 0.993536890 0.044515178 3.819037676 -0.828207076 0.111642651 -0.549189925 -71.352851868
-0.554629803 0.020548088 0.831843138 320.706726074 0.104984358 0.993433774 0.045458350 3.894614220 -0.825448155 0.112543099 -0.553145528 -72.684028625
-0.558535814 0.020597233 0.829224288 322.833587646 0.105910726 0.993279457 0.046665367 3.985982418 -0.822691441 0.113888048 -0.556963980 -74.101341248
-0.562388599 0.020419391 0.826620519 324.959960938 0.106459051 0.993162274 0.047895636 4.079143524 -0.819991469 0.114937223 -0.560717344 -75.543113708
-0.547577739 0.021318901 0.836482823 325.777648926 0.112013660 0.992544711 0.048029862 4.130991936 -0.829223752 0.119997613 -0.545883715 -76.484664917
-0.557972252 0.017063344 0.829683781 326.787109375 0.110124633 0.992468297 0.053648863 4.143697739 -0.822520494 0.121303231 -0.555649161 -77.083663940
-0.560786843 0.016811969 0.827789128 328.950256348 0.110288166 0.992400527 0.054559637 4.263625145 -0.820582151 0.121891700 -0.558379591 -78.514320374
-0.564356863 0.016374284 0.825368166 331.131652832 0.109472260 0.992457449 0.055163942 4.346909523 -0.818240583 0.121487089 -0.561892986 -79.933288574
-0.567866504 0.016417794 0.822956502 333.245452881 0.108157232 0.992620170 0.054829337 4.431400299 -0.815984070 0.120144472 -0.565451741 -81.235069275
-0.571682811 0.016063429 0.820317030 335.406799316 0.105388850 0.992963254 0.054001708 4.528797150 -0.813678324 0.117324151 -0.569353163 -82.622879028
-0.574595571 0.014332636 0.818311572 337.436157227 0.104592763 0.992933869 0.056050897 4.633483887 -0.811726987 0.117796093 -0.572034776 -83.919319153
-0.580435455 0.015133557 0.814165235 339.665679932 0.106307894 0.992678165 0.057337299 4.780866623 -0.807337463 0.119832806 -0.577794790 -85.205070496
-0.583592236 0.015184117 0.811904550 341.594482422 0.105389245 0.992784798 0.057186168 4.910756111 -0.805179238 0.118939415 -0.580982149 -86.604904175
-0.586582720 0.013250222 0.809780598 343.712677002 0.102100305 0.993098199 0.057708740 5.012199879 -0.803428113 0.116529800 -0.583887517 -88.155105591
-0.588037193 0.010225227 0.808768928 345.819946289 0.102264404 0.992834985 0.061801620 5.121517181 -0.802343309 0.119049937 -0.584869981 -89.702796936
-0.591780007 0.007392970 0.806065261 347.875488281 0.099084996 0.993041456 0.063636184 5.234419823 -0.799986959 0.117527612 -0.588395059 -91.147354126
-0.594386578 0.006536774 0.804152608 350.008117676 0.097599342 0.993160903 0.064066939 5.375793457 -0.798235238 0.116565302 -0.590959907 -92.700080872
-0.597404838 0.006704948 0.801911533 352.188293457 0.097006254 0.993225753 0.063962668 5.514448643 -0.796051443 0.116002038 -0.594008684 -94.285858154
-0.599268675 0.007150397 0.800515771 352.199890137 0.097929798 0.993104279 0.064439826 5.515380859 -0.794535935 0.117011130 -0.595836997 -94.295631409
-0.600454986 0.007064279 0.799627125 352.203369141 0.097835824 0.993097067 0.064693168 5.516545773 -0.793651462 0.117077522 -0.597001672 -94.301658630
-0.603093445 0.005573575 0.797650874 352.290405273 0.094436750 0.993441224 0.064460643 5.523444653 -0.792061031 0.114203356 -0.599664629 -94.365203857
-0.599245131 0.001700736 0.800563633 352.262481689 0.084325619 0.994568467 0.061007190 5.537854195 -0.796112478 0.104066283 -0.596134007 -94.489997864
-0.602746785 0.004277898 0.797920883 352.260040283 0.076173268 0.995726705 0.052202534 5.500079632 -0.794288695 0.092245132 -0.600497186 -94.405464172
-0.606513262 0.014101018 0.794948161 352.310913086 0.085634060 0.995184541 0.047682349 5.464484215 -0.790448606 0.096994601 -0.604800403 -94.426231384
-0.608843863 0.013563063 0.793173969 352.375579834 0.088548653 0.994766951 0.050959982 5.483539104 -0.788332939 0.101261146 -0.606858969 -94.523880005
-0.610846519 0.003513878 0.791741073 352.378814697 0.086256705 0.994332969 0.062135920 5.484167576 -0.787036717 0.106248483 -0.607688129 -94.527091980
-0.615115643 -0.007187314 0.788403988 352.461273193 0.080006152 0.994227350 0.071484640 5.494387150 -0.784367442 0.107048482 -0.610989928 -94.567443848
-0.618358672 -0.013635709 0.785777509 352.504486084 0.073680021 0.994439304 0.075238183 5.510893345 -0.782434881 0.104420267 -0.613915622 -94.601562500
-0.622135937 -0.014153344 0.782781065 352.552917480 0.072957218 0.994437337 0.075964838 5.531638622 -0.779502869 0.104369968 -0.617642820 -94.643470764
-0.626980960 -0.008877780 0.778983772 352.583679199 0.078373730 0.994142711 0.074410461 5.539220333 -0.775082588 0.107705787 -0.622612953 -94.669296265
-0.632692814 -0.002188095 0.774399519 352.615264893 0.083173037 0.994019151 0.070761822 5.545951843 -0.769923747 0.109179653 -0.628727019 -94.697563171
-0.631404936 0.003320575 0.775445879 352.535980225 0.086762920 0.994013906 0.066389903 5.562471867 -0.770584464 0.109198861 -0.627913654 -94.801246643
-0.639068604 0.003439175 0.769141734 352.596069336 0.085534021 0.994104743 0.066623800 5.567148685 -0.764379263 0.108364962 -0.635595560 -94.822067261
-0.641390383 0.003049107 0.767208338 352.581329346 0.086372733 0.993921340 0.068257861 5.570481300 -0.762337565 0.110045813 -0.637755215 -94.896369934
-0.643887401 0.002002143 0.765117347 354.268981934 0.086501770 0.993775189 0.070195317 5.651790142 -0.760214984 0.111381881 -0.640052795 -96.275398254
-0.648253500 0.001862225 0.761422038 354.276885986 0.085773073 0.993810117 0.070594139 5.652335167 -0.756578386 0.111072399 -0.644400895 -96.279190063
-0.654699981 0.002318696 0.755885065 354.290740967 0.085021466 0.993874848 0.070591427 5.653260708 -0.751092374 0.110482655 -0.650887311 -96.283470154
-0.657637894 0.002606412 0.753329456 354.297393799 0.085668221 0.993765295 0.071347870 5.649575233 -0.748447657 0.111457452 -0.653761327 -96.347549438
-0.661105156 0.002128544 0.750289977 354.307861328 0.086983845 0.993469954 0.073825799 5.650280476 -0.745234430 0.114069723 -0.656973600 -96.401252747
-0.665311933 0.001282445 0.746564150 354.328338623 0.088074341 0.993149638 0.076782651 5.656695843 -0.741352558 0.116837554 -0.660867631 -96.434127808
-0.669205785 0.000649677 0.743076622 354.339324951 0.088836879 0.992896855 0.079137214 5.658085823 -0.737748146 0.118971691 -0.664510369 -96.443862915
-0.675212681 0.000757515 0.737622499 354.349731445 0.087336615 0.993046641 0.078927189 5.660252094 -0.732434869 0.117714092 -0.670584261 -96.449295044
-0.678374708 0.000828356 0.734715402 354.335540771 0.082880802 0.993701994 0.075404741 5.668983459 -0.730026901 0.112046473 -0.674171388 -96.484855652
-0.682847440 -0.000218585 0.730560720 354.336639404 0.078598574 0.994173050 0.073762618 5.668817043 -0.726321161 0.107789651 -0.678851783 -96.515129089
-0.681403816 -0.001153416 0.731906533 354.276916504 0.078094795 0.994174778 0.074272759 5.670921326 -0.727729976 0.107767835 -0.677344859 -96.637977600
-0.680866659 -0.002320662 0.732403457 354.230255127 0.076209210 0.994341671 0.073997147 5.663124561 -0.728432298 0.106198072 -0.676837683 -96.740539551
-0.681854844 -0.003758697 0.731477618 354.388427734 0.072676137 0.994690299 0.072856970 5.674481869 -0.727868855 0.102838829 -0.677961648 -96.884834290
-0.682803333 -0.005247874 0.730583072 356.335540771 0.070535786 0.994828761 0.073068671 5.825859070 -0.727189958 0.101423770 -0.678902745 -98.647064209
-0.684481025 -0.005011668 0.729013205 356.288665771 0.070750579 0.994798899 0.073267475 5.829057693 -0.725590110 0.101728283 -0.680566847 -98.720420837
-0.684296608 -0.006262868 0.729176581 358.230773926 0.072992146 0.994351864 0.077039905 5.988823891 -0.725542009 0.105942309 -0.679974914 -100.516128540
-0.683373928 -0.007236769 0.730032325 360.014709473 0.077531300 0.993576169 0.082425214 6.144485474 -0.725940704 0.112927608 -0.678423405 -102.190948486
-0.681870699 -0.007526215 0.731433690 361.945709229 0.081416816 0.992952049 0.086116955 6.348867893 -0.726928174 0.118271649 -0.676452577 -103.955490112
-0.680846155 -0.010180189 0.732355356 363.914215088 0.074088931 0.993816555 0.082692571 6.571679592 -0.728670120 0.110560350 -0.675882459 -105.651626587
-0.680019200 -0.011891185 0.733097553 365.708038330 0.065940998 0.994823933 0.077303112 6.722874165 -0.730223536 0.100908779 -0.675715744 -107.329589844
-0.678074718 -0.013697566 0.734865010 367.666564941 0.061868977 0.995213449 0.075638019 6.906165600 -0.732384980 0.096753560 -0.673982024 -109.101760864
-0.674978793 -0.014874396 0.737686872 368.601806641 0.059526861 0.995439231 0.074538223 6.928808689 -0.735432625 0.094223879 -0.671015322 -110.418434143
-0.671685100 -0.014226373 0.740699828 370.488403320 0.061829425 0.995250285 0.075183816 7.092825413 -0.738252759 0.096296877 -0.667615533 -112.159828186
-0.669916451 -0.014612366 0.742292345 372.411712646 0.062041964 0.995206773 0.075583689 7.254962444 -0.739840269 0.096688017 -0.665799201 -113.838966370
-0.666409850 -0.014012154 0.745453656 374.276702881 0.059623711 0.995619059 0.072015911 7.417880058 -0.743198395 0.092438802 -0.662655234 -115.552230835
-0.664810956 -0.017835546 0.746798396 374.771697998 0.054321520 0.995913208 0.072142810 7.469783306 -0.745034456 0.088528529 -0.661125600 -116.038261414
-0.663576305 -0.023962343 0.747724414 375.229644775 0.046056252 0.996281743 0.072800912 7.509449959 -0.746689975 0.082746312 -0.660005867 -116.505943298
-0.663025200 -0.027418541 0.748094499 376.974853516 0.039185729 0.996687055 0.071259394 7.643423080 -0.747571230 0.076561369 -0.659754634 -118.116363525
-0.662458956 -0.027968898 0.748575568 379.196716309 0.037545364 0.996806324 0.070469528 7.854372501 -0.748157203 0.074788682 -0.659293652 -119.994850159
-0.661375105 -0.027757930 0.749541163 380.941375732 0.039670665 0.996620953 0.071912341 7.995360374 -0.749005914 0.077295803 -0.658039629 -121.561859131
-0.659405828 -0.028548369 0.751244545 380.944519043 0.041720081 0.996348441 0.074482441 7.995674610 -0.750629067 0.080456123 -0.655807555 -121.567085266
-0.657660842 -0.030648628 0.752690077 381.220794678 0.040390342 0.996299386 0.075858980 8.021870613 -0.752231002 0.080290869 -0.653989792 -121.931251526
-0.656733274 -0.030765375 0.753494740 381.694061279 0.038310640 0.996515453 0.074078813 8.070286751 -0.753149569 0.077516861 -0.653266847 -122.370864868
-0.656745851 -0.029781438 0.753523290 382.250122070 0.037169475 0.996726215 0.071789145 8.121978760 -0.753195763 0.075155266 -0.653489530 -122.804771423
-0.656132460 -0.027931206 0.754128277 382.698974609 0.038719442 0.996751785 0.070605382 8.156587601 -0.753652155 0.075525880 -0.652920306 -123.230949402
-0.654618859 -0.027218319 0.755468547 384.265686035 0.041082926 0.996593058 0.071504235 8.330394745 -0.754842281 0.077844858 -0.651271045 -124.934387207
-0.653545260 -0.026997691 0.756405413 386.298645020 0.043127313 0.996410906 0.072826564 8.497851372 -0.755658090 0.080217168 -0.650035918 -126.652778625
