1.000000000 0.000000000 0.000000000 0.000000000 0.000000000 1.000000000 0.000000000 0.000000000 0.000000000 0.000000000 1.000000000 0.000000000
0.999998033 0.001121118 0.001620668 -0.009139076 -0.001113543 0.999988496 -0.004667460 -0.001764039 -0.001625882 0.004665647 0.999987781 0.954554498
0.999996126 -0.000969607 0.002593637 -0.011531882 0.000983887 0.999984324 -0.005510398 -0.000457647 -0.002588253 0.005512929 0.999981463 1.910504818
0.999993026 -0.002490861 0.002775046 -0.015479545 0.002494909 0.999995828 -0.001456164 -0.002208652 -0.002771407 0.001463077 0.999995112 2.855794668
0.999985516 -0.004946447 0.002115112 -0.012498153 0.004936879 0.999977708 0.004505195 -0.005663026 -0.002137349 -0.004494688 0.999987602 3.810766459
0.999964118 -0.008432001 0.000785243 -0.012586807 0.008428462 0.999954820 0.004405826 -0.002133446 -0.000822357 -0.004399050 0.999989986 4.736128807
0.999941468 -0.010812118 -0.000048493 -0.015743228 0.010812179 0.999940395 0.001529755 0.002017430 0.000031950 -0.001530190 0.999998868 5.667714596
0.999935150 -0.011354287 -0.000705972 -0.022037093 0.011352912 0.999933720 -0.001923093 0.001011035 0.000727761 0.001914955 0.999997914 6.585744381
0.999937713 -0.011050284 -0.001473577 -0.029548820 0.011046601 0.999935925 -0.002483784 -0.000986652 0.001500929 0.002467352 0.999995828 7.510164261
0.999940753 -0.010582900 -0.002486715 -0.038184330 0.010581367 0.999943852 -0.000628786 -0.002121944 0.002493229 0.000602437 0.999996722 8.430503845
0.999942124 -0.010277576 -0.003148136 -0.044297162 0.010284796 0.999944568 0.002286136 -0.003854886 0.003124466 -0.002318381 0.999992430 9.353384972
0.999937356 -0.010408767 -0.004085191 -0.052495692 0.010424104 0.999938726 0.003751176 -0.001815570 0.004045895 -0.003793525 0.999984622 10.273235321
0.999919951 -0.011788023 -0.004568561 -0.062684700 0.011809033 0.999919772 0.004599177 -0.000714170 0.004513978 -0.004652759 0.999979019 11.184724808
0.999914050 -0.011894271 -0.005490030 -0.069629021 0.011919199 0.999918759 0.004529950 0.002058483 0.005435704 -0.004594997 0.999974728 12.082973480
0.999904096 -0.012386187 -0.006169869 -0.080588259 0.012405895 0.999918103 0.003165804 0.004265641 0.006130151 -0.003242042 0.999976039 12.989615440
0.999888241 -0.012852327 -0.007617052 -0.091562405 0.012861794 0.999916613 0.001194817 0.007225246 0.007601061 -0.001292651 0.999970376 13.893548965
0.999860168 -0.014060641 -0.009039630 -0.104827806 0.014060449 0.999901175 -0.000085123 0.007363717 0.009039935 -0.000041989 0.999959230 14.788345337
0.999848604 -0.013656485 -0.010768987 -0.118081301 0.013649167 0.999906600 -0.000752908 0.007843535 0.010778264 0.000605808 0.999941826 15.688409805
0.999849021 -0.012419363 -0.012141800 -0.139791131 0.012400480 0.999921799 -0.001629430 0.005671813 0.012161088 0.001478621 0.999925077 16.581438065
0.999848723 -0.010853758 -0.013579085 -0.162318438 0.010832554 0.999939978 -0.001634228 0.004712038 0.013596007 0.001486886 0.999906600 17.471984863
0.999826312 -0.011108005 -0.014953290 -0.180414915 0.011097823 0.999938130 -0.000763884 0.002696937 0.014960850 0.000597804 0.999888062 18.365303040
0.999813795 -0.010386870 -0.016252175 -0.203151762 0.010397675 0.999945760 0.000580360 0.001703133 0.016245266 -0.000749236 0.999867916 19.239160538
0.999796033 -0.009975979 -0.017552890 -0.225173578 0.009996843 0.999949396 0.001101095 0.002099246 0.017541019 -0.001276343 0.999845505 20.118696213
0.999758899 -0.010877053 -0.019068472 -0.245415211 0.010893540 0.999940336 0.000760836 0.003515959 0.019059062 -0.000968376 0.999818087 20.994743347
0.999728739 -0.010718888 -0.020672636 -0.266222119 0.010725132 0.999942422 0.000191046 0.007257265 0.020669403 -0.000412710 0.999786496 21.860593796
0.999703765 -0.010674278 -0.021866564 -0.288417369 0.010690423 0.999942601 0.000621370 0.005802681 0.021858681 -0.000854948 0.999760866 22.723316193
0.999678910 -0.010583784 -0.023014441 -0.311040610 0.010644489 0.999940097 0.002516601 0.006741351 0.022986431 -0.002760771 0.999732137 23.583459854
0.999641776 -0.011967448 -0.023931902 -0.332299799 0.012095484 0.999913216 0.005212237 0.010315146 0.023867451 -0.005499840 0.999700189 24.428821564
0.999628901 -0.011712807 -0.024585448 -0.356127799 0.011884202 0.999905944 0.006836677 0.011986796 0.024503065 -0.007126321 0.999674499 25.265474319
0.999619246 -0.011165051 -0.025226306 -0.382007927 0.011313669 0.999919415 0.005756206 0.013244837 0.025160009 -0.006039419 0.999665380 26.091560364
0.999615073 -0.009580685 -0.026030367 -0.410512298 0.009663112 0.999948680 0.003042458 0.018847845 0.025999887 -0.003292822 0.999656737 26.903415680
0.999601781 -0.009220335 -0.026664535 -0.439604044 0.009257252 0.999956369 0.001261278 0.023078714 0.026651748 -0.001507616 0.999643862 27.691331863
0.999581993 -0.008403325 -0.027659029 -0.467423797 0.008431631 0.999963999 0.000906816 0.023421355 0.027650420 -0.001139648 0.999617219 28.479690552
0.999549627 -0.008321162 -0.028828314 -0.495961398 0.008334535 0.999965131 0.000343613 0.022024292 0.028824454 -0.000583728 0.999584556 29.257778168
0.999491334 -0.008030938 -0.030858086 -0.523754537 0.008018431 0.999967635 -0.000529143 0.021577530 0.030861342 0.000281441 0.999523878 30.030025482
0.999426603 -0.008058789 -0.032881219 -0.551698089 0.008040565 0.999967396 -0.000686545 0.023291036 0.032885689 0.000421769 0.999459267 30.795969009
0.999358535 -0.008035891 -0.034894302 -0.580902874 0.008049714 0.999967515 0.000255587 0.026558015 0.034891125 -0.000536311 0.999391258 31.555986404
0.999273300 -0.008838933 -0.037073191 -0.609815538 0.008943664 0.999956429 0.002660004 0.024946183 0.037048072 -0.002989642 0.999309301 32.303070068
0.999199867 -0.007944851 -0.039193891 -0.641663373 0.008119246 0.999957740 0.004292304 0.023016308 0.039158147 -0.004607096 0.999222696 33.041858673
0.999135554 -0.006106412 -0.041115444 -0.674780250 0.006296188 0.999970019 0.004487723 0.026083037 0.041086823 -0.004742716 0.999144614 33.767005920
0.999063373 -0.003642034 -0.043113280 -0.711360157 0.003806174 0.999985754 0.003725638 0.026467688 0.043099109 -0.003886247 0.999063551 34.476734161
0.998985231 -0.001783187 -0.045000438 -0.749524117 0.001912450 0.999994099 0.002829543 0.031752687 0.044995144 -0.002912733 0.998983264 35.189495087
0.998918831 -0.001612154 -0.046457939 -0.789103687 0.001797693 0.999990523 0.003952131 0.036431588 0.046451144 -0.004031376 0.998912752 35.884426117
0.998860657 -0.000113073 -0.047719594 -0.823567867 0.000384277 0.999983788 0.005674091 0.042029075 0.047718193 -0.005685965 0.998844981 36.572448730
0.998853803 0.002737487 -0.047783479 -0.863339126 -0.002440207 0.999977231 0.006278578 0.042413276 0.047799598 -0.006154782 0.998838305 37.248481750
0.998893678 0.005992056 -0.046638098 -0.902047992 -0.005799978 0.999974072 0.004252676 0.042630538 0.046662387 -0.003977471 0.998903155 37.909530640
0.998962522 0.007854385 -0.044852544 -0.938070953 -0.007800421 0.999968588 0.001377994 0.039431218 0.044861969 -0.001026694 0.998993039 38.554195404
0.999049485 0.008549910 -0.042739470 -0.968592882 -0.008578496 0.999963045 -0.000485534 0.041256536 0.042733751 0.000851716 0.999086499 39.193988800
0.999173939 0.009815623 -0.039430149 -0.999704361 -0.009814618 0.999951780 0.000219023 0.043758862 0.039430410 0.000168153 0.999222696 39.834251404
0.999235451 0.014717900 -0.036215208 -1.032975316 -0.014619573 0.999888659 0.002978375 0.043451265 0.036255024 -0.002446646 0.999339938 40.458942413
0.999293804 0.019081227 -0.032362375 -1.062532306 -0.018877964 0.999800205 0.006574867 0.040994726 0.032481372 -0.005959290 0.999454916 41.077163696
0.999316514 0.024065685 -0.028050225 -1.087111712 -0.023860579 0.999686241 0.007624184 0.041673999 0.028224910 -0.006949679 0.999577820 41.680088043
0.999359250 0.027757233 -0.022583846 -1.109169126 -0.027584875 0.999588192 0.007908236 0.043827467 0.022794057 -0.007280198 0.999714077 42.260017395
0.999360502 0.031631995 -0.016655909 -1.125911832 -0.031471327 0.999456346 0.009822279 0.049112324 0.016957551 -0.009291818 0.999813378 42.822589874
0.999281287 0.036530513 -0.010092660 -1.138863444 -0.036418933 0.999275684 0.011028161 0.050576847 0.010488208 -0.010652676 0.999888539 43.371349335
0.999198735 0.039902624 -0.003007056 -1.145548105 -0.039868359 0.999147475 0.010708149 0.052045204 0.003431765 -0.010579688 0.999938428 43.900695801
0.999046803 0.043424845 0.004373841 -1.150009155 -0.043469962 0.998996198 0.010804326 0.051039297 -0.003900291 -0.010984164 0.999932349 44.401603699
0.998782694 0.047884833 0.011814050 -1.148043036 -0.048006479 0.998794436 0.010235241 0.057001885 -0.011309715 -0.010789937 0.999878109 44.888797760
0.998446941 0.052212443 0.019415986 -1.145027041 -0.052366182 0.998599708 0.007494407 0.058756445 -0.018997522 -0.008499512 0.999783695 45.349166870
0.998156071 0.054170605 0.027377380 -1.134506822 -0.054309737 0.998514533 0.004362893 0.061079346 -0.027100401 -0.005841708 0.999615967 45.790618896
0.997882128 0.054698650 0.035196561 -1.119990110 -0.054881357 0.998483777 0.004244589 0.059864711 -0.034911055 -0.006167236 0.999371707 46.202285767
0.997601628 0.054080095 0.043194927 -1.099263430 -0.054367632 0.998505712 0.005508346 0.062625982 -0.042832531 -0.007843544 0.999051750 46.606292725
0.997142613 0.055609986 0.051122729 -1.078574061 -0.056000318 0.998411238 0.006233079 0.063021995 -0.050694928 -0.009078162 0.998673201 46.981361389
0.996479392 0.058667127 0.059886489 -1.058462501 -0.059156809 0.998227954 0.006434843 0.062911302 -0.059402902 -0.009954887 0.998184741 47.333648682
0.995637298 0.063293152 0.068555392 -1.037150502 -0.063854225 0.997941017 0.006021302 0.059259173 -0.068033181 -0.010372588 0.997629464 47.658267975
0.994747698 0.066944867 0.077427037 -1.013540149 -0.067618154 0.997692525 0.006103538 0.056765668 -0.076839834 -0.011306958 0.996979654 47.957794189
0.994014859 0.066270851 0.086845689 -0.985317707 -0.067116462 0.997721553 0.006849818 0.053662173 -0.086193934 -0.012637601 0.996198535 48.235305786
0.993122816 0.065001778 0.097372636 -0.949530423 -0.065817490 0.997818172 0.005184971 0.049433008 -0.096823223 -0.011558141 0.995234787 48.496871948
0.991981030 0.063732192 0.109139793 -0.909860432 -0.064195812 0.997937024 0.000735632 0.047080103 -0.108867832 -0.007736052 0.994026423 48.760597229
0.990388274 0.064725325 0.122234456 -0.865966141 -0.064819142 0.997891784 -0.003213302 0.043604132 -0.122184828 -0.004740716 0.992496312 49.016147614
0.988244534 0.066710442 0.137557819 -0.821153045 -0.066623196 0.997764349 -0.005243751 0.037594769 -0.137600198 -0.003982435 0.990480125 49.261569977
0.985759974 0.068287931 0.153667703 -0.772488892 -0.068094619 0.997657418 -0.006527344 0.034175463 -0.153753579 -0.004029551 0.988101304 49.509944916
0.982949615 0.068863377 0.170492113 -0.717955768 -0.068562530 0.997617304 -0.007659081 0.028262414 -0.170613438 -0.004160882 0.985329509 49.751426697
0.979706764 0.068089716 0.188515514 -0.659303427 -0.067646213 0.997670531 -0.008793363 0.024420971 -0.188675240 -0.004137444 0.982031047 49.988956451
0.975863397 0.067099027 0.207817271 -0.593519092 -0.066654794 0.997734129 -0.009147651 0.019525651 -0.207960322 -0.004925163 0.978125095 50.223968506
0.971341610 0.067350268 0.227945477 -0.523853719 -0.066716403 0.997716725 -0.010494176 0.016358642 -0.228131950 -0.005014275 0.973617554 50.459796906
0.966033697 0.069349088 0.248936221 -0.448934585 -0.068302803 0.997581840 -0.012849080 0.014278438 -0.249225482 -0.004590401 0.968434870 50.700286865
0.959811270 0.070672944 0.271601498 -0.365960717 -0.069179848 0.997490168 -0.015080856 0.011139555 -0.271985799 -0.004314580 0.962291837 50.939662933
0.952503562 0.071811877 0.295938462 -0.274540305 -0.070117414 0.997404754 -0.016349440 0.006385553 -0.296344668 -0.005177544 0.955067217 51.179069519
0.943948746 0.074606866 0.321549624 -0.176684916 -0.072907411 0.997187912 -0.017341707 0.000256601 -0.321939379 -0.007073670 0.946734071 51.420486450
0.934038937 0.076785527 0.348819286 -0.071487166 -0.075028025 0.997008502 -0.018567607 -0.006413709 -0.349201709 -0.008828358 0.937006176 51.658248901
0.922848880 0.077533923 0.377277166 0.043035433 -0.075579263 0.996939003 -0.020007454 -0.016906446 -0.377673805 -0.010050479 0.925884306 51.885940552
0.910209775 0.075685322 0.407172441 0.177543402 -0.072942987 0.997087240 -0.022279108 -0.025925335 -0.407672882 -0.009421717 0.913079560 52.114948273
0.895330966 0.073017210 0.439375162 0.321726024 -0.068965808 0.997300625 -0.025201429 -0.034341648 -0.440029502 -0.007738248 0.897950053 52.338844299
0.878026307 0.072550111 0.473081291 0.476413727 -0.066375859 0.997350752 -0.029758433 -0.041106153 -0.473987222 -0.005272495 0.880516052 52.561374664
0.858482540 0.074506119 0.507401347 0.636417687 -0.065826654 0.997214973 -0.035056233 -0.050530113 -0.508600414 -0.003305373 0.860996485 52.778572083
0.836666226 0.076563001 0.542335033 0.811167538 -0.065474950 0.997062087 -0.039749209 -0.060567845 -0.543785334 -0.002252541 0.839221537 52.998264313
0.812043548 0.079521269 0.578153253 0.998852432 -0.066615172 0.996828020 -0.043543145 -0.072764248 -0.579782248 -0.003154855 0.814765513 53.218299866
0.784646511 0.083494902 0.614294648 1.207651377 -0.069476433 0.996489763 -0.046699680 -0.084804051 -0.616037846 -0.006036276 0.787693560 53.448169708
0.754761040 0.087653846 0.650116920 1.435852766 -0.072950698 0.996100783 -0.049609091 -0.101641402 -0.651930749 -0.009983488 0.758212864 53.678436279
0.721822679 0.088829309 0.686353207 1.685567737 -0.072737917 0.995973229 -0.052404098 -0.119200416 -0.688244820 -0.012097456 0.725377679 53.899894714
0.685444176 0.086602397 0.722956181 1.967594862 -0.069255985 0.996154189 -0.053666078 -0.138393268 -0.724823952 -0.013283963 0.688806117 54.120574951
0.646375477 0.085498162 0.758213818 2.277986526 -0.066519156 0.996232927 -0.055630382 -0.157314256 -0.760114372 -0.014477648 0.649628043 54.341907501
0.604035556 0.085279167 0.792381167 2.611350775 -0.064498492 0.996227741 -0.058050435 -0.174132168 -0.794343114 -0.016042888 0.607257545 54.558223724
0.558088064 0.085223958 0.825393260 2.965792179 -0.060833149 0.996236980 -0.061731771 -0.193315908 -0.827548921 -0.015759530 0.561172485 54.761631012
0.510296345 0.084099650 0.855876327 3.346466303 -0.057539612 0.996315539 -0.063592747 -0.218738571 -0.858071744 -0.016795674 0.513255298 54.947528839
0.461811990 0.082069516 0.883172512 3.747020483 -0.055631604 0.996429503 -0.063504182 -0.245737374 -0.885231614 -0.019805340 0.464728743 55.123928070
0.412294060 0.079828896 0.907546341 4.173779488 -0.055369727 0.996507585 -0.062499832 -0.272010595 -0.909366846 -0.024482317 0.415274203 55.287864685
0.362162143 0.079303622 0.928735137 4.615329266 -0.057811648 0.996366680 -0.062534831 -0.295016795 -0.930320680 -0.031043999 0.365430892 55.442043304
0.312990874 0.079614423 0.946413100 5.069625378 -0.055467419 0.996311486 -0.065468214 -0.319687694 -0.948135197 -0.032004170 0.316252261 55.569015503
0.266070187 0.076487966 0.960914016 5.554016113 -0.044164784 0.996767104 -0.067112938 -0.351146907 -0.962941527 -0.024581831 0.268587887 55.664104462
0.222008407 0.070964523 0.972458661 6.060641766 -0.030863538 0.997359335 -0.065735608 -0.381619155 -0.974556267 -0.015419669 0.223612159 55.740776062
0.179786637 0.070174195 0.981199205 6.582124233 -0.021871693 0.997490585 -0.067331746 -0.412476927 -0.983462512 -0.009355149 0.180870056 55.804222107
0.141410276 0.071947724 0.987332821 7.100784302 -0.018196318 0.997375548 -0.070073381 -0.435665548 -0.989783883 -0.008056738 0.142348066 55.857742310
0.108772814 0.072665811 0.991406858 7.651438713 -0.009317018 0.997355044 -0.072079554 -0.475850284 -0.994023025 -0.001396669 0.109161846 55.898216248
0.079927638 0.071069531 0.994263530 8.204697609 -0.002186377 0.997464895 -0.071122579 -0.517948508 -0.996798337 0.003510820 0.079880081 55.920661926
0.055082202 0.069341622 0.996070743 8.773343086 0.005149260 0.997552395 -0.069729485 -0.555056810 -0.998468578 0.008969881 0.054589987 55.935974121
0.035175465 0.068493955 0.997030854 9.349146843 0.009946022 0.997574925 -0.068882197 -0.586396575 -0.999331713 0.012339456 0.034408573 55.942646027
0.019308366 0.070337392 0.997335970 9.932703972 0.012711071 0.997424126 -0.070589662 -0.619818449 -0.999732792 0.014040182 0.018364208 55.943523407
0.005915105 0.069946483 0.997532785 10.518140793 0.013424753 0.997454822 -0.070020586 -0.659307063 -0.999892414 0.013805814 0.004960668 55.938724518
-0.005551019 0.070881821 0.997468889 11.116308212 0.014414269 0.997386277 -0.070795700 -0.698011994 -0.999880731 0.013984799 -0.006558598 55.930980682
-0.014583738 0.073823579 0.997164309 11.736112595 0.019199304 0.997107208 -0.073538519 -0.734721839 -0.999709308 0.018072398 -0.015959296 55.915100098
-0.021074032 0.075832635 0.996897399 12.359517097 0.023420965 0.996882737 -0.075336352 -0.771830857 -0.999503553 0.021760667 -0.022784801 55.895572662
-0.025606435 0.075304843 0.996831298 12.998858452 0.023771178 0.996922255 -0.074701026 -0.809881151 -0.999389470 0.021783035 -0.027318103 55.877014160
-0.029314836 0.072571851 0.996931851 13.649557114 0.021409784 0.997177303 -0.071960114 -0.850351274 -0.999340951 0.019234601 -0.030786235 55.865280151
-0.031792749 0.065828905 0.997323811 14.327826500 0.019368609 0.997681558 -0.065235026 -0.890519619 -0.999306858 0.017242780 -0.032994449 55.848262787
-0.033042204 0.060223646 0.997637391 15.006078720 0.020487666 0.998013616 -0.059567735 -0.927118659 -0.999244034 0.018471021 -0.034210809 55.828521729
-0.033589721 0.057721857 0.997766972 15.693981171 0.023029268 0.998110056 -0.056966368 -0.966393709 -0.999170423 0.021064371 -0.034855928 55.802978516
-0.033273440 0.059904616 0.997648895 16.383106232 0.026219174 0.997910500 -0.059045807 -1.008920670 -0.999102414 0.024192888 -0.034774963 55.774955750
-0.032446638 0.067360274 0.997200429 17.075391769 0.026959982 0.997421861 -0.066497952 -1.047137618 -0.999109924 0.024726883 -0.034179412 55.753639221
-0.030302957 0.075369984 0.996694565 17.778924942 0.027580956 0.996836007 -0.074542060 -1.086348057 -0.999160290 0.025230952 -0.032286249 55.732624054
-0.028223068 0.076127961 0.996698022 18.486892700 0.028188063 0.996759474 -0.075334400 -1.127225637 -0.999204278 0.025968825 -0.030277900 55.717178345
-0.026052732 0.071888693 0.997071862 19.218788147 0.027472142 0.997085333 -0.071171768 -1.171786070 -0.999283135 0.025537489 -0.027952122 55.703796387
-0.023611002 0.065418445 0.997578084 19.954694748 0.026830012 0.997538447 -0.064780764 -1.222554326 -0.999361217 0.025235502 -0.025308447 55.690502167
-0.020792738 0.064000405 0.997732759 20.689891815 0.024865678 0.997673035 -0.063478313 -1.267233014 -0.999474645 0.023489419 -0.022336151 55.683811188
-0.017275620 0.069350831 0.997442305 21.415407181 0.032519307 0.997102499 -0.068763904 -1.312866449 -0.999321938 0.031248206 -0.019481184 55.664249420
-0.014180514 0.075056560 0.997078061 22.148590088 0.033834320 0.996643364 -0.074542582 -1.356841922 -0.999326944 0.032678414 -0.016672781 55.655036926
-0.011742544 0.075689554 0.997061908 22.880935669 0.027746458 0.996771455 -0.075340666 -1.402361870 -0.999546111 0.026780248 -0.013805127 55.661022186
-0.008728595 0.072153091 0.997355044 23.612087250 0.022988226 0.997143984 -0.071936570 -1.452415228 -0.999697745 0.022299517 -0.010362712 55.669487000
-0.003915522 0.068423457 0.997648418 24.341789246 0.026993515 0.997299731 -0.068293542 -1.507783651 -0.999628007 0.026662635 -0.005752311 55.664138794
-0.000317125 0.069478489 0.997583091 25.076469421 0.031645875 0.997084200 -0.069433630 -1.559493423 -0.999499202 0.031547375 -0.002515278 55.660465240
0.002362577 0.074145578 0.997244358 25.810558319 0.031153999 0.996757627 -0.074183136 -1.608212709 -0.999511898 0.031243412 0.000044618 55.666458130
0.006252450 0.074911788 0.997170269 26.531427383 0.027376888 0.996803164 -0.075055815 -1.654670715 -0.999605715 0.027768698 0.004181245 55.681278229
0.009703029 0.074550420 0.997169733 27.278343201 0.026451804 0.996848583 -0.074783750 -1.707007766 -0.999603093 0.027102564 0.007700094 55.699661255
0.013304884 0.071541116 0.997348547 28.022497177 0.030370953 0.996947825 -0.071917467 -1.758256555 -0.999450266 0.031247281 0.011091141 55.708435059
0.016984999 0.072058350 0.997255385 28.761489868 0.034704775 0.996755898 -0.072613277 -1.810334086 -0.999253452 0.035842862 0.014428770 55.716789246
0.020532414 0.073017418 0.997118831 29.499601364 0.037365157 0.996576428 -0.073747046 -1.861543536 -0.999090910 0.038771719 0.017733457 55.729579926
0.023241928 0.073029861 0.997058392 30.241573334 0.037823573 0.996549726 -0.073874220 -1.911135554 -0.999014318 0.039429307 0.020399131 55.749618530
0.026658334 0.071573883 0.997078478 30.994981766 0.039053079 0.996597171 -0.072583400 -1.963472605 -0.998881638 0.040873956 0.023772089 55.773460388
0.030377718 0.070688419 0.997035265 31.746673584 0.040938213 0.996570826 -0.071902730 -2.017327070 -0.998699963 0.043001104 0.027379345 55.794017792
0.033228163 0.071176372 0.996909618 32.487411499 0.039130554 0.996603131 -0.072458684 -2.066526890 -0.998681664 0.041417316 0.030329779 55.824558258
0.036301550 0.072843142 0.996681988 33.224887848 0.036282353 0.996585965 -0.074157529 -2.118084192 -0.998682201 0.038854018 0.033534355 55.858802795
0.038917266 0.072855249 0.996582389 33.974452972 0.037837449 0.996515453 -0.074327849 -2.169454336 -0.998525977 0.040600788 0.036024667 55.889823914
0.041616995 0.072796404 0.996477604 34.726982117 0.035491940 0.996604741 -0.074287899 -2.218335629 -0.998503268 0.038458571 0.038891681 55.925518036
0.043814208 0.073139377 0.996358275 35.480892181 0.033782370 0.996637404 -0.074645348 -2.269703150 -0.998468578 0.036929876 0.041195732 55.966793060
0.046531096 0.073230185 0.996228456 36.235332489 0.030703088 0.996732831 -0.074701242 -2.326983452 -0.998445153 0.034063220 0.044130359 56.009483337
0.049830396 0.075094014 0.995930076 36.993904114 0.029332440 0.996628881 -0.076614246 -2.379630566 -0.998327136 0.033030774 0.047459405 56.051864624
0.053150922 0.078683242 0.995481193 37.744129181 0.028107915 0.996377587 -0.080254763 -2.433040380 -0.998191118 0.032246511 0.050746456 56.093971252
0.056588959 0.080846138 0.995118320 38.506393433 0.028070072 0.996192813 -0.082529619 -2.490265131 -0.998003185 0.032603301 0.054103851 56.139068604
0.059228487 0.083259687 0.994765699 39.274784088 0.021787513 0.996170044 -0.084674396 -2.546461344 -0.998006940 0.026688593 0.057187323 56.197834015
0.061721180 0.082691610 0.994661510 40.038879395 0.017861128 0.996310592 -0.083936960 -2.598229647 -0.997933924 0.022946447 0.060016200 56.259567261
0.065508991 0.083416268 0.994358718 40.807498932 0.019756991 0.996195555 -0.084871881 -2.658136606 -0.997656703 0.025205392 0.063611418 56.313892365
0.069294326 0.084572598 0.994004369 41.587341309 0.018812422 0.996111631 -0.086063251 -2.723950624 -0.997419178 0.024663309 0.067433581 56.370506287
0.072951652 0.085616790 0.993653238 42.368885040 0.014639971 0.996108830 -0.086903103 -2.785253048 -0.997228324 0.020886758 0.071414076 56.438026428
0.077099152 0.083620369 0.993510067 43.164318085 0.013365366 0.996300101 -0.084892280 -2.848439455 -0.996934056 0.019823728 0.075696006 56.499408722
0.082035854 0.083377518 0.993135035 43.961456299 0.013741221 0.996304631 -0.084778585 -2.916154146 -0.996534884 0.020601751 0.080586731 56.564750671
0.087316908 0.087114468 0.992363691 44.752662659 0.010336951 0.996035755 -0.088346265 -2.979539394 -0.996127129 0.017972114 0.086070009 56.637729645
0.093389437 0.095643952 0.991024494 45.542304993 0.008581497 0.995260417 -0.096861355 -3.046165228 -0.995592833 0.017550271 0.092125796 56.719654083
0.100589350 0.100415707 0.989847124 46.329727173 0.006810921 0.994800508 -0.101610258 -3.113023281 -0.994904935 0.016962646 0.099382162 56.807723999
0.108000830 0.103304230 0.988768399 47.127407074 0.002395171 0.994556129 -0.104170449 -3.190035820 -0.994148135 0.013618724 0.107165210 56.900024414
0.114923999 0.101786196 0.988145232 47.940010071 -0.001536920 0.994753242 -0.102288038 -3.265450478 -0.993373334 0.010236606 0.114477217 57.006999969
0.122216932 0.100240618 0.987427890 48.737270355 -0.001896288 0.994908035 -0.100765191 -3.340000153 -0.992501795 0.010442722 0.121784464 57.117149353
0.129477292 0.096944153 0.986831546 49.547164917 -0.002047066 0.995232940 -0.097500823 -3.407631159 -0.991580486 0.010603990 0.129058287 57.235378265
0.136837989 0.091639087 0.986345112 50.350654602 -0.003924464 0.995753765 -0.091968685 -3.476457357 -0.990585923 0.008713892 0.136616349 57.363056183
0.143901706 0.084502026 0.985977054 51.163101196 -0.006329792 0.996405363 -0.084471859 -3.542111635 -0.989571929 0.005914573 0.143919095 57.496150970
0.151665717 0.081818976 0.985039234 51.970035553 -0.005585874 0.996622801 -0.081920989 -3.606445789 -0.988416195 0.006922259 0.151610330 57.628158569
0.159103125 0.083586000 0.983716786 52.765693665 -0.006067550 0.996473134 -0.083688468 -3.675857306 -0.987243533 0.007346304 0.159048945 57.755123138
0.165007815 0.090215735 0.982157111 53.542629242 -0.005363028 0.995874882 -0.090574659 -3.737490416 -0.986277938 0.009678149 0.164810762 57.889148712
0.169958457 0.093807787 0.980975688 54.318462372 -0.006908053 0.995547473 -0.094004288 -3.805235624 -0.985427260 0.009200148 0.169849560 58.034370422
0.174958259 0.096723460 0.979812920 55.086719513 -0.008203214 0.995271206 -0.096784554 -3.876383781 -0.984541893 0.008895597 0.174924180 58.180389404
0.180283025 0.096152633 0.978903413 55.845870972 -0.010284714 0.995340109 -0.095872901 -3.944185495 -0.983561218 0.007216468 0.180431634 58.326480865
0.185673863 0.093140230 0.978186727 56.597419739 -0.006277279 0.995589256 -0.093605623 -4.011970043 -0.982591569 0.011239723 0.185439363 58.467277527
0.190220982 0.086494364 0.977923274 57.354572296 -0.005377671 0.996187925 -0.087063670 -4.078266621 -0.981726706 0.011302347 0.189960793 58.618503571
0.193467975 0.080129661 0.977828503 58.099372864 -0.007163676 0.996747732 -0.080262549 -4.147391796 -0.981080532 0.008523347 0.193412602 58.776271820
0.196607515 0.076876551 0.977463365 58.840621948 -0.010811787 0.997030497 -0.076240689 -4.209053993 -0.980422735 0.004421326 0.196854681 58.936077118
0.199699804 0.076758057 0.976845562 59.568286896 -0.012311240 0.997044563 -0.075828291 -4.268670082 -0.979779840 0.003116676 0.200054407 59.096279144
0.201690763 0.078847602 0.976269960 60.281417847 -0.014306227 0.996885002 -0.077556863 -4.324842930 -0.979344845 0.001675723 0.202190310 59.252403259
0.202931508 0.083236784 0.975648284 60.976455688 -0.018252771 0.996528685 -0.081221543 -4.380047798 -0.979022920 -0.001325920 0.203746155 59.415355682
0.204893842 0.087404102 0.974873424 61.665351868 -0.019358519 0.996171713 -0.085244849 -4.436007500 -0.978592873 -0.001406009 0.205801263 59.569221497
0.206942871 0.092678346 0.973953068 62.346370697 -0.020022308 0.995695531 -0.090492889 -4.496294498 -0.978148282 -0.000773977 0.207907572 59.722526550
0.208524138 0.094763346 0.973415017 63.018947601 -0.019255105 0.995499372 -0.092788354 -4.552719593 -0.977827847 0.000605358 0.209410161 59.872219086
0.209924877 0.094726838 0.973117471 63.686080933 -0.021659324 0.995501518 -0.092233226 -4.611717224 -0.977477729 -0.001715066 0.211032093 60.026401520
0.210528716 0.091666564 0.973280072 64.343292236 -0.021388078 0.995787323 -0.089159824 -4.669789314 -0.977353811 -0.002045936 0.211602241 60.172309875
0.211313322 0.089064844 0.973351598 64.983436584 -0.021244522 0.996022582 -0.086527042 -4.729526997 -0.977187574 -0.002394119 0.212364838 60.313880920
0.211267799 0.087784700 0.973477721 65.626640320 -0.020039978 0.996138036 -0.085478842 -4.782882214 -0.977222860 -0.001449589 0.212210953 60.453155518
0.209730476 0.087076105 0.973873675 66.254142761 -0.020483159 0.996198893 -0.084660918 -4.840196133 -0.977544844 -0.002192080 0.210716709 60.592601776
0.208079636 0.087834731 0.974159658 66.864952087 -0.021625493 0.996129155 -0.085196264 -4.893681049 -0.977872968 -0.003339121 0.209173501 60.729179382
0.205931708 0.090629742 0.974360049 67.464370728 -0.022349568 0.995877564 -0.087907434 -4.948947906 -0.978311241 -0.003673648 0.207108125 60.858562469
0.203878194 0.094416611 0.974432290 68.055976868 -0.020421302 0.995531797 -0.092188172 -5.004731655 -0.978783369 -0.001104066 0.204895154 60.981353760
0.202311262 0.094861805 0.974715590 68.643081665 -0.018075209 0.995489299 -0.093131728 -5.055494308 -0.979154587 0.001223365 0.203113154 61.099678040
0.200089499 0.093967602 0.975260615 69.227722168 -0.018955456 0.995574832 -0.092035756 -5.104603767 -0.979594350 -0.000071167 0.200985074 61.222091675
0.197579294 0.091023944 0.976051211 69.809936523 -0.019140186 0.995847642 -0.088995464 -5.156947613 -0.980100095 -0.001098186 0.198500887 61.343681335
0.195408627 0.087085560 0.976847172 70.378784180 -0.018953210 0.996198535 -0.085019179 -5.214092255 -0.980538845 -0.001900954 0.196316153 61.460033417
0.193800673 0.085983962 0.977265000 70.940208435 -0.015086680 0.996294618 -0.084666304 -5.266953468 -0.980925024 0.001664661 0.194379583 61.567470551
0.192124218 0.087340079 0.977475762 71.486808777 -0.011278150 0.996162057 -0.086792871 -5.313602448 -0.981305957 0.005650857 0.192371696 61.670204163
0.189771488 0.089342058 0.977754414 72.031982422 -0.007006017 0.995948672 -0.089644611 -5.358610153 -0.981803417 0.010161797 0.189628407 61.770450592
0.188134894 0.091347300 0.977885365 72.576057434 -0.007516259 0.995769560 -0.091571726 -5.401912212 -0.982114553 0.009877764 0.188025400 61.875671387
0.186907440 0.094040707 0.977865458 73.114845276 -0.007896403 0.995518684 -0.094228953 -5.449380875 -0.982345939 0.009890440 0.186812237 61.981040955
0.185493648 0.092362925 0.978294432 73.658294678 -0.006346133 0.995664060 -0.092799395 -5.503077030 -0.982625067 0.011005281 0.185275316 62.087535858
0.186284423 0.090883575 0.978282690 74.201782227 -0.000357448 0.995718062 -0.092435129 -5.548063755 -0.982495844 0.016869517 0.185519069 62.184219360
0.188924357 0.088920467 0.977956772 74.752357483 0.004987230 0.995791435 -0.091505393 -5.589292526 -0.981979012 0.022164876 0.187685624 62.280433655
0.190843090 0.088385880 0.977632701 75.295463562 0.007711754 0.995771706 -0.091531076 -5.636049747 -0.981590331 0.025007322 0.189354375 62.388729095
0.194075301 0.088022776 0.977028906 75.843338013 0.005174534 0.995859861 -0.090747029 -5.687865734 -0.980973065 0.022667410 0.192816168 62.504562378
0.199581608 0.088682629 0.975859225 76.394233704 0.004119487 0.995810747 -0.091338135 -5.736093521 -0.979872644 0.022249432 0.198380038 62.624961853
0.206037000 0.087673999 0.974608004 76.954513550 0.005185615 0.995865703 -0.090682447 -5.781143665 -0.978530586 0.023737863 0.204730392 62.748020172
0.213652626 0.088205099 0.972918868 77.516098022 0.003542431 0.995838404 -0.091060780 -5.819369793 -0.976903379 0.022901852 0.212450877 62.880214691
0.221637696 0.086059965 0.971323371 78.089218140 0.004103043 0.996006131 -0.089182995 -5.868077755 -0.975120544 0.023751676 0.220399275 63.032070160
0.230483383 0.085726395 0.969292045 78.667655945 0.000594157 0.996098459 -0.088238403 -5.919869900 -0.973076165 0.020913374 0.229533121 63.183219910
0.240143970 0.085496448 0.966964304 79.245933533 -0.000579044 0.996125638 -0.087930925 -5.968057156 -0.970737219 0.020556141 0.239262998 63.335590363
0.249744684 0.089395806 0.964175642 79.830024719 -0.005846965 0.995849609 -0.090817928 -6.014402866 -0.968294144 0.017043760 0.249230757 63.502025604
0.259415120 0.091662832 0.961405456 80.422302246 -0.009259545 0.995675206 -0.092431605 -6.061594963 -0.965721607 0.015075943 0.259141922 63.669525146
0.270163178 0.094470687 0.958167970 81.013061523 -0.013634553 0.995449543 -0.094301991 -6.113193512 -0.962718070 0.012412693 0.270221859 63.848205566
0.280352771 0.096128725 0.955070853 81.627822876 -0.015015702 0.995289624 -0.095768951 -6.170826435 -0.959779680 0.012507987 0.280475616 64.041465759
0.290167332 0.096875109 0.952059269 82.247673035 -0.018335367 0.995242476 -0.095680803 -6.228931427 -0.956800342 0.010307044 0.290563077 64.243217468
0.300564200 0.097210713 0.948793948 82.875366211 -0.019222844 0.995206892 -0.095876433 -6.285744667 -0.953567922 0.010578464 0.300992250 64.452323914
0.310681403 0.098240033 0.945423007 83.516143799 -0.023734473 0.995135486 -0.095606096 -6.342246056 -0.950217783 0.007263875 0.311501861 64.673973083
0.321292430 0.093351811 0.942366838 84.176620483 -0.023115227 0.995605171 -0.090744607 -6.395730972 -0.946697891 0.007372493 0.322038352 64.904067993
0.332240075 0.086303763 0.939237416 84.838188171 -0.019560814 0.996220529 -0.084620364 -6.447986603 -0.942991972 0.009741992 0.332672656 65.133491516
0.343125403 0.081842214 0.935716629 85.490982056 -0.017731654 0.996582985 -0.080663621 -6.502534389 -0.939122140 0.011085900 0.343404233 65.390533447
0.353371561 0.078795210 0.932158053 86.165000916 -0.018788883 0.996842504 -0.077140220 -6.553685665 -0.935294271 0.009744915 0.353736371 65.652259827
0.362903774 0.076351121 0.928692698 86.852920532 -0.012998555 0.996954620 -0.076883674 -6.606667995 -0.931735814 0.015829686 0.362791210 65.917556763
0.371616900 0.070791654 0.925682604 87.535461426 -0.006634030 0.997264862 -0.073602594 -6.655074120 -0.928362310 0.021210942 0.371070266 66.182487488
0.378770709 0.061011791 0.923476696 88.243362427 0.002942904 0.997739494 -0.067125134 -6.709761143 -0.925485730 0.028142726 0.377735078 66.468795776
0.385834634 0.056837685 0.920814812 88.974678040 0.008156198 0.997850597 -0.065010235 -6.756220341 -0.922531724 0.032593548 0.384541869 66.765907288
0.393201739 0.056939550 0.917686820 89.661323547 0.009666665 0.997768760 -0.066050179 -6.810729504 -0.919401228 0.034842022 0.391774118 67.056900024
0.400647670 0.063159682 0.914052069 90.372261047 0.012076597 0.997169793 -0.074196331 -6.852979183 -0.916152477 0.040765233 0.398751110 67.364662170
0.407903075 0.067444667 0.910530210 91.081306458 0.015804147 0.996596158 -0.080899656 -6.897796631 -0.912888229 0.047389388 0.405448884 67.678001404
0.413152903 0.069497809 0.908005357 91.775398254 0.014064102 0.996477067 -0.082668580 -6.954204559 -0.910552859 0.046925060 0.410720110 68.000740051
0.417674035 0.071079083 0.905811846 92.460525513 0.007206456 0.996644080 -0.081529528 -7.012408733 -0.908568144 0.040580466 0.415760279 68.326560974
0.421473235 0.074763365 0.903753161 93.144592285 0.000530010 0.996574461 -0.082689136 -7.077447891 -0.906840503 0.035330251 0.419989973 68.668151855
0.425383210 0.077859864 0.901657403 93.828041077 -0.000336246 0.996305108 -0.085874170 -7.140481472 -0.905013025 0.036226243 0.423837781 69.002883911
0.429264069 0.082140811 0.899435580 94.502822876 -0.003762692 0.996009052 -0.089164510 -7.205999374 -0.903171003 0.034890808 0.427860081 69.339569092
0.432549328 0.085211903 0.897574008 95.160858154 -0.006928837 0.995807827 -0.091198668 -7.269350052 -0.901583493 0.033228759 0.431326538 69.672950745
0.436427593 0.083657146 0.895841241 95.810668945 -0.008137736 0.995993555 -0.089045219 -7.336296082 -0.899702489 0.031571653 0.435359955 70.000907898
0.440351099 0.080590442 0.894200861 96.460220337 -0.007307806 0.996251166 -0.086188987 -7.401218414 -0.897795856 0.031418752 0.439289331 70.330436707
0.443794429 0.077963993 0.892730176 97.087425232 -0.007755063 0.996504247 -0.083171532 -7.460652828 -0.896095037 0.029987866 0.442847729 70.645256042
0.447438419 0.076877475 0.891003788 97.712715149 -0.008638650 0.996622622 -0.081652291 -7.522602558 -0.894272983 0.028837282 0.446591467 70.968002319
0.450694561 0.078649789 0.889206171 98.324523926 -0.010768146 0.996516883 -0.082683444 -7.580217361 -0.892613292 0.027689852 0.449971706 71.289932251
0.453477800 0.079137877 0.887746632 98.926963806 -0.010064954 0.996440530 -0.083685912 -7.638543129 -0.891210735 0.029014556 0.452660292 71.601234436
0.455617815 0.077323496 0.886810303 99.533790588 -0.008114073 0.996538818 -0.082722180 -7.693409920 -0.890138507 0.030494042 0.454668373 71.915191650
0.457248658 0.076078296 0.886078358 100.119651794 -0.006226494 0.996582985 -0.082352996 -7.750813007 -0.889317036 0.032138623 0.456160039 72.223403931
0.459051520 0.076028071 0.885150015 100.703186035 -0.007724648 0.996634603 -0.081597619 -7.808782578 -0.888375998 0.030620024 0.458094060 72.533004761
0.461050510 0.075456694 0.884159386 101.274360657 -0.006229185 0.996627927 -0.081806764 -7.858866215 -0.887351990 0.032209445 0.459965974 72.830871582
0.463798255 0.077340566 0.882557988 101.833106995 -0.006832643 0.996464074 -0.083731681 -7.907250881 -0.885914385 0.032804389 0.462686896 73.125259399
0.466674149 0.077373646 0.881037772 102.389823914 -0.003945206 0.996337235 -0.085409574 -7.957624912 -0.884420395 0.036382552 0.465270281 73.416870117
0.469673634 0.076711178 0.879500449 102.934410095 -0.002349783 0.996321976 -0.085645601 -8.012711525 -0.882836878 0.038158841 0.468126625 73.710868835
0.473104686 0.074909277 0.877815187 103.470596313 0.000838317 0.996338964 -0.085475393 -8.061711311 -0.881005704 0.041174699 0.471310079 73.993629456
0.476556689 0.073965311 0.876026213 103.992553711 0.002268146 0.996346772 -0.085358135 -8.109080315 -0.879140675 0.042664949 0.474648207 74.275390625
0.479710430 0.073572449 0.874336362 104.508163452 0.003179921 0.996325076 -0.085582040 -8.158547401 -0.877420962 0.043834917 0.477713853 74.560394287
0.483357668 0.072710954 0.872397602 105.015914917 0.003874690 0.996356249 -0.085189186 -8.208624840 -0.875414252 0.044557113 0.481314957 74.841384888
0.486747831 0.072179265 0.870554864 105.522125244 0.005551984 0.996303678 -0.085709535 -8.255444527 -0.873524785 0.046552233 0.484548211 75.125816345
0.490913391 0.073481284 0.868103445 106.017692566 0.004974105 0.996183038 -0.087135509 -8.303704262 -0.871194124 0.047094021 0.488674372 75.401382446
0.495083988 0.073634386 0.865718722 106.514152527 0.006963332 0.996033013 -0.088700503 -8.353827477 -0.868817151 0.049942486 0.492607534 75.689270020
0.499816775 0.077078454 0.862694144 106.999336243 0.004832381 0.995767653 -0.091767766 -8.400461197 -0.866117597 0.050035935 0.497329205 75.977554321
0.505102992 0.082934700 0.859064519 107.480712891 0.001210525 0.995302081 -0.096798904 -8.454335213 -0.863058150 0.049933333 0.502629995 76.272521973
0.510819077 0.090001471 0.854963541 107.957313538 -0.004220909 0.994754314 -0.102195241 -8.510285378 -0.859677792 0.048594546 0.508519650 76.573104858
0.516913354 0.096424080 0.850589216 108.431373596 -0.009554023 0.994222701 -0.106900461 -8.560596466 -0.855984271 0.047131713 0.514848530 76.870826721
0.523399830 0.100743011 0.846110225 108.902793884 -0.013229874 0.993826091 -0.110146992 -8.617120743 -0.851984382 0.046456967 0.521501541 77.169288635
0.528919220 0.100915298 0.842650354 109.385429382 -0.017294379 0.993979454 -0.108182915 -8.674087524 -0.848495841 0.042646889 0.527480423 77.479042053
0.534315050 0.100000054 0.839348853 109.870834351 -0.023683174 0.994357646 -0.103391469 -8.730156898 -0.844953477 0.035365146 0.533668935 77.807197571
0.539925873 0.097572498 0.836037517 110.362724304 -0.029897803 0.994853675 -0.096799150 -8.788984299 -0.841181338 0.027268648 0.540064812 78.147644043
0.545503497 0.095966347 0.832595587 110.860473633 -0.036333460 0.995195687 -0.090902723 -8.844590187 -0.837320566 0.019336630 0.546369791 78.498191833
0.551600337 0.094004549 0.828793824 111.362701416 -0.038744804 0.995443046 -0.087119929 -8.895141602 -0.833208203 0.015943885 0.552729189 78.846237183
0.557695091 0.097642049 0.824282229 111.865837097 -0.043948058 0.995136499 -0.088146359 -8.946664810 -0.828881621 0.012933140 0.559274197 79.205513000
0.563516617 0.101700142 0.819820166 112.377555847 -0.047946364 0.994745731 -0.090443179 -8.995360374 -0.824712157 0.011658787 0.565432191 79.580757141
0.569429934 0.105256625 0.815272748 112.896621704 -0.051118143 0.994382143 -0.092676997 -9.042763710 -0.820448995 0.011097777 0.571611762 79.967910767
0.575595438 0.107463121 0.810642123 113.423454285 -0.053540509 0.994151771 -0.093773700 -9.093445778 -0.815979958 0.010573469 0.577983201 80.358970642
