1.000000000 0.000000000 0.000000000 0.000000000 0.000000000 1.000000000 0.000000000 0.000000000 0.000000000 0.000000000 1.000000000 0.000000000
0.999072313 0.000362903 0.043062940 0.111692272 -0.000276731 0.999997973 -0.002007032 -0.045500960 -0.043063581 0.001993253 0.999070346 0.877006292
0.997502983 -0.011463755 0.069688044 0.316848159 0.012465050 0.999825001 -0.013950418 -0.042135753 -0.069515929 0.014784248 0.997471273 1.062111497
0.993312895 -0.011168257 0.114912212 0.452208251 0.013270364 0.999758065 -0.017544437 -0.083714545 -0.114688471 0.018952042 0.993220687 2.178983688
0.986960769 -0.009058219 0.160706460 0.643675208 0.012356469 0.999732852 -0.019535940 -0.118155479 -0.160486579 0.021266971 0.986808896 3.178788424
0.978708804 -0.010268450 0.204997271 1.039918900 0.014257820 0.999736488 -0.017992975 -0.239422962 -0.204758495 0.020532694 0.978597164 3.985062838
0.968113303 -0.010418965 0.250296474 1.344113827 0.015614508 0.999701679 -0.018780755 -0.266005814 -0.250026137 0.022090150 0.967987120 5.076944351
0.955654562 -0.012655710 0.294218272 1.643981457 0.019662119 0.999588847 -0.020867798 -0.314990282 -0.293833226 0.025727358 0.955510497 5.995011330
0.941519260 -0.014585480 0.336643726 2.021965981 0.023455126 0.999476254 -0.022295417 -0.351924837 -0.336142212 0.028887583 0.941368163 6.983475685
0.924915731 -0.013910064 0.379918039 2.267992496 0.024455490 0.999437571 -0.022944486 -0.370932847 -0.379385203 0.030512793 0.924735606 7.512523651
0.906112492 -0.014135659 0.422800958 2.689108372 0.025435841 0.999453843 -0.021096909 -0.416374564 -0.422271788 0.029870469 0.905977011 8.468993187
0.885329783 -0.014240661 0.464745760 3.209567070 0.026554801 0.999448121 -0.019961353 -0.457112551 -0.464204967 0.030013612 0.885219216 9.420544624
0.862273932 -0.014640108 0.506230652 3.711956978 0.027739508 0.999446869 -0.018345479 -0.494080961 -0.505682111 0.029861420 0.862203002 10.293325424
0.838181496 -0.015018488 0.545184612 4.265272617 0.029553818 0.999402821 -0.017905759 -0.536746919 -0.544590175 0.031120567 0.838124752 10.983463287
0.811528146 -0.013423970 0.584159195 4.787284851 0.028038846 0.999479055 -0.015984228 -0.643468976 -0.583640397 0.029350804 0.811481714 11.533603668
0.746361852 -0.010969903 0.665450037 3.485389233 0.027277406 0.999528229 -0.014116891 -0.682473063 -0.664981365 0.028688064 0.746308923 10.664411545
0.713688552 -0.014973410 0.700303197 4.169630051 0.032332432 0.999410033 -0.011581706 -0.813563824 -0.699716806 0.030908242 0.713751554 11.501280785
0.677232921 -0.015816465 0.735598683 4.529866695 0.034543142 0.999349892 -0.010314817 -0.816639602 -0.734957576 0.032395430 0.677339017 12.138394356
0.641661704 -0.014068358 0.766858757 5.360246658 0.035152968 0.999320388 -0.011080933 -0.846851349 -0.766182005 0.034067579 0.641720235 12.835311890
0.604741812 -0.014771795 0.796284556 6.229758263 0.039175887 0.999169171 -0.011216808 -0.886946380 -0.795457602 0.037978437 0.604818225 13.502395630
0.561309040 -0.011420812 0.827527404 6.700215816 0.038551401 0.999180019 -0.012359466 -0.884195924 -0.826708019 0.038839832 0.561289191 14.373227119
0.522039831 -0.009734504 0.852865458 7.652416229 0.041347552 0.999047875 -0.013905862 -0.912778616 -0.851918399 0.042523324 0.521945357 14.992956161
0.480749071 -0.007121050 0.876829207 8.487140656 0.045675498 0.998812616 -0.016931295 -0.932332158 -0.875667870 0.048189335 0.480503559 15.524646759
0.440067470 -0.006286554 0.897942662 9.388404846 0.047333937 0.998747468 -0.016205316 -0.977183759 -0.896716356 0.049634613 0.439813912 16.023807526
0.400254339 -0.008617835 0.916363537 10.278762817 0.052957103 0.998502076 -0.013740597 -1.020145893 -0.914872706 0.054027710 0.400111198 16.416437149
0.366093457 -0.006449836 0.930555701 9.664220810 0.068912558 0.997418046 -0.020197880 -0.980089247 -0.928023040 0.071521319 0.365592688 16.561134338
0.330526382 -0.003469339 0.943790317 10.740205765 0.070775114 0.997268558 -0.021120347 -1.004034519 -0.941139340 0.073777743 0.329869092 16.928661346
0.298272818 -0.003772822 0.954473138 11.818809509 0.072284192 0.997209609 -0.018647052 -1.002989531 -0.951739669 0.074555263 0.297713190 17.193275452
0.264419287 -0.005461455 0.964392304 12.885530472 0.074686676 0.997096658 -0.014831094 -1.041316152 -0.961511552 0.075948909 0.264059424 17.482870102
0.230521902 -0.005200936 0.973053217 14.041537285 0.075110503 0.997097194 -0.012464654 -1.071627498 -0.970164001 0.075959906 0.230243325 17.783994675
0.198567718 -0.002324915 0.980084360 15.141012192 0.073265471 0.997234285 -0.012478177 -1.094350219 -0.977344990 0.074284121 0.198188812 17.963773727
0.167608142 -0.000524098 0.985853493 16.336709976 0.073946185 0.997189343 -0.012041698 -1.108763933 -0.983076632 0.074918412 0.167175740 18.155502319
0.136704773 -0.000095031 0.990611732 17.476125717 0.076408200 0.997021735 -0.010448705 -1.116052270 -0.987660706 0.077119276 0.136304811 18.334577560
0.106158175 -0.000442297 0.994349122 18.620569229 0.078386396 0.996891439 -0.007925214 -1.141475797 -0.991254747 0.078784801 0.105862774 18.459695816
0.076391988 -0.000925525 0.997077346 19.721752167 0.077838585 0.996953130 -0.005038259 -1.149464726 -0.994034886 0.077996008 0.076231189 18.528448105
0.047476441 -0.001209504 0.998871565 20.981515884 0.079170890 0.996857643 -0.002555927 -1.178264856 -0.995729804 0.079202935 0.047422923 18.545743942
0.020899802 -0.000749055 0.999781251 22.131259918 0.082133092 0.996620774 -0.000970248 -1.186751127 -0.996402204 0.082135431 0.020890607 18.554172516
-0.003773749 -0.000291652 0.999992788 23.497190475 0.086538203 0.996248245 0.000617141 -1.207754731 -0.996241391 0.086539932 -0.003734447 18.458917618
-0.025637791 0.000288822 0.999671221 24.692787170 0.090972826 0.995851219 0.002045396 -1.212974072 -0.995523334 0.090995379 -0.025557797 18.401350021
-0.046474367 0.000563284 0.998919249 25.936857224 0.096628346 0.995312631 0.003934355 -1.219034433 -0.994234979 0.096706785 -0.046311058 18.369594574
-0.063461050 0.000040501 0.997984231 27.285684586 0.101408571 0.994824052 0.006408126 -1.234983325 -0.992818773 0.101610854 -0.063136801 18.217237473
-0.080062494 0.000696711 0.996789515 28.570236206 0.104473986 0.994497657 0.007696284 -1.226961732 -0.991299748 0.104754783 -0.079694875 18.182096481
-0.094969563 -0.000141992 0.995480120 29.816514969 0.106354311 0.994274855 0.010288108 -1.230312586 -0.989782572 0.106850684 -0.094410881 18.102939606
-0.108312860 -0.001419326 0.994115829 31.059703827 0.106200069 0.994259655 0.012990456 -1.230696559 -0.988427937 0.106982231 -0.107540511 17.973281860
-0.120632306 -0.001409907 0.992696285 32.315723419 0.105996840 0.994263470 0.014292860 -1.230561972 -0.987021983 0.106946871 -0.119790994 17.840600967
-0.131683022 0.001248355 0.991291165 33.539173126 0.105991662 0.994283915 0.012827807 -1.224535108 -0.985609114 0.106757820 -0.131062791 17.681001663
-0.141766608 0.004421075 0.989890277 34.903366089 0.106240638 0.994281709 0.010774517 -1.221065998 -0.984182477 0.106694058 -0.141425803 17.457237244
-0.151252732 0.006740109 0.988472164 36.172996521 0.107349433 0.994174123 0.009647274 -1.220833778 -0.982648790 0.107571125 -0.151095271 17.274303436
-0.158778861 0.007699733 0.987284184 37.479431152 0.107064113 0.994206667 0.009464755 -1.216744304 -0.981491923 0.107205525 -0.158683553 17.071992874
-0.164609909 0.008529431 0.986321926 38.787532806 0.106673673 0.994251072 0.009205068 -1.203334212 -0.980573356 0.106729835 -0.164573640 16.864440918
-0.169030666 0.010089949 0.985559225 40.142311096 0.108088277 0.994105756 0.008360502 -1.197849035 -0.979665935 0.107940584 -0.169125155 16.596956253
-0.173257202 0.011645662 0.984807849 41.499252319 0.107124627 0.994219899 0.007089483 -1.191279411 -0.979033172 0.106725477 -0.173503503 16.352443695
-0.177376166 0.012150262 0.984068155 42.875213623 0.107833497 0.994142711 0.007162116 -1.195373654 -0.978217423 0.107385911 -0.177647635 16.112998962
-0.180168986 0.010936698 0.983574867 44.269664764 0.107856311 0.994127929 0.008702844 -1.194815278 -0.977704346 0.107652754 -0.180290818 15.849922180
-0.182522207 0.008976833 0.983160734 45.663070679 0.108381256 0.994047582 0.011044582 -1.186653256 -0.977209687 0.108572088 -0.182408884 15.595506668
-0.184716895 0.007850152 0.982760429 47.095062256 0.108101882 0.994062245 0.012378110 -1.172081351 -0.976828158 0.108524695 -0.184468925 15.329148293
-0.186990187 0.008285884 0.982326865 48.492179871 0.110701233 0.993772149 0.012690046 -1.167002439 -0.976104259 0.111117706 -0.186743110 15.106495857
-0.188441396 0.008030498 0.982051611 49.940479279 0.110011593 0.993844926 0.012982694 -1.150785327 -0.975903153 0.110483527 -0.188165203 14.846632004
-0.189006597 0.009422295 0.981930614 51.404293060 0.112182088 0.993613839 0.012058936 -1.139135599 -0.975546718 0.112434238 -0.188856825 14.557796478
-0.189491808 0.009413291 0.981837153 52.828186035 0.111604281 0.993679464 0.012012489 -1.130774498 -0.975518882 0.111853488 -0.189344928 14.340648651
-0.188313678 0.010957433 0.982047796 54.346607208 0.111770943 0.993679464 0.010345551 -1.118995309 -0.975727916 0.111712605 -0.188348413 14.039202690
-0.187066227 0.010756111 0.982288420 55.879470825 0.112204455 0.993629098 0.010487841 -1.105191231 -0.975918114 0.112179041 -0.187081575 13.741793633
-0.185637489 0.009388044 0.982573509 57.436637878 0.111517899 0.993694365 0.011574769 -1.101065159 -0.976269603 0.111723229 -0.185514092 13.452048302
-0.184108764 0.010178909 0.982853174 59.038810730 0.112337105 0.993611336 0.010752746 -1.080739737 -0.976465166 0.112390548 -0.184076250 13.133544922
-0.183363274 0.011003911 0.982983589 60.616802216 0.111682042 0.993695915 0.009709061 -1.058042645 -0.976680517 0.111561902 -0.183436498 12.858958244
-0.182431251 0.011596985 0.983150184 62.229892731 0.112637378 0.993593097 0.009180589 -1.047035575 -0.976745367 0.112414286 -0.182568893 12.556917191
-0.185733512 0.011702593 0.982530415 63.908557892 0.111850441 0.993680835 0.009308347 -1.035683274 -0.976213276 0.111625336 -0.185868964 12.331521988
-0.184448019 0.010437045 0.982786834 65.552078247 0.113862284 0.993436992 0.010819364 -1.020426393 -0.976224363 0.113897964 -0.184426069 12.009625435
-0.183365285 0.008815113 0.983005345 67.221267700 0.117350012 0.993005097 0.012985147 -1.030385733 -0.976015329 0.117736712 -0.183117300 11.670540810
-0.182345241 0.010086921 0.983182847 68.867950439 0.118916094 0.992832720 0.011868757 -1.017294288 -0.976016939 0.119080469 -0.182237998 11.366542816
-0.181644797 0.012070477 0.983290136 70.557212830 0.120840095 0.992619514 0.010137985 -1.003691792 -0.975911200 0.120662384 -0.181762949 11.052919388
-0.179574147 0.012225436 0.983668506 72.318344116 0.122834332 0.992375135 0.010090439 -1.021784306 -0.976045489 0.122640245 -0.179706797 10.662481308
-0.179292083 0.012184542 0.983720481 74.075355530 0.123455919 0.992296815 0.010210202 -1.007325530 -0.976018906 0.123276725 -0.179415390 10.321758270
-0.178886503 0.011212735 0.983805895 75.834152222 0.122986645 0.992346048 0.011052723 -0.985125303 -0.976152599 0.122972161 -0.178896502 9.997336388
-0.178695425 0.011445531 0.983837962 77.571083069 0.124888547 0.992107451 0.011141889 -0.988060594 -0.975946069 0.124861091 -0.178714663 9.674296379
-0.178345695 0.011358112 0.983902395 79.370216370 0.125875056 0.991980255 0.011365199 -0.970591128 -0.975883305 0.125875697 -0.178345293 9.325106621
-0.179629177 0.012396568 0.983656287 81.204162598 0.125495464 0.992038727 0.010414987 -0.951191306 -0.975696743 0.125315249 -0.179755002 9.023736954
-0.180431873 0.013108229 0.983500123 82.970375061 0.125169098 0.992086828 0.009740708 -0.947945178 -0.975590587 0.124861374 -0.180644989 8.730492592
-0.178111792 0.015882935 0.983882070 84.803977966 0.133399844 0.991028011 0.008151021 -1.035322785 -0.974925995 0.132701516 -0.178632721 8.245193481
-0.177847832 0.015429289 0.983937025 86.675376892 0.137537077 0.990451872 0.009328533 -1.161287069 -0.974399209 0.136986896 -0.178271979 7.790574551
-0.178605855 0.015088672 0.983805001 88.478836060 0.136655435 0.990571141 0.009616787 -1.148439050 -0.974384606 0.136159912 -0.178983912 7.454951763
-0.179842547 0.014879307 0.983582854 90.234138489 0.136663765 0.990566194 0.010003231 -1.150855184 -0.974155962 0.136219159 -0.180179551 7.156075001
-0.179831564 0.013868377 0.983599663 92.077812195 0.134553447 0.990848541 0.010629813 -1.134068727 -0.974451721 0.134258315 -0.180052027 6.801328659
-0.181302622 0.015001487 0.983312905 93.930007935 0.134534180 0.990860820 0.009688677 -1.118324280 -0.974181712 0.134045795 -0.181664020 6.457223415
-0.184217364 0.014703034 0.982775509 95.588699341 0.133310691 0.991021454 0.010162147 -1.137828588 -0.973803043 0.132886544 -0.184523582 6.102247715
-0.188875824 0.015683850 0.981875658 97.486869812 0.133323312 0.991023242 0.009816394 -1.126830578 -0.972908497 0.132761031 -0.189271510 5.777190685
-0.182385430 0.012736491 0.983144581 98.781875610 0.131180733 0.991291106 0.011493604 -1.161799073 -0.974436939 0.131065920 -0.182467997 5.218394279
-0.189088359 0.011579570 0.981891751 100.685600281 0.129965454 0.991428077 0.013336129 -1.172132134 -0.973321438 0.130133748 -0.188972607 4.892846107
-0.193233907 0.012230767 0.981076419 102.588356018 0.128628507 0.991607249 0.012972757 -1.161581635 -0.972684622 0.128701225 -0.193185523 4.533532143
-0.197766662 0.014115484 0.980147481 104.481880188 0.129302680 0.991534114 0.011810235 -1.151582003 -0.971683621 0.129071400 -0.197917730 4.149508953
-0.202277333 0.016697809 0.979185939 106.325981140 0.129228666 0.991565704 0.009786754 -1.125934482 -0.970764518 0.128518566 -0.202729300 3.787867546
-0.207576245 0.017230984 0.978067100 108.184700012 0.127351195 0.991810799 0.009554763 -1.118882060 -0.969893634 0.126541376 -0.208070949 3.416802883
-0.212430447 0.016844368 0.977030993 110.095344543 0.125592932 0.992028475 0.010204040 -1.116137385 -0.969071567 0.124875866 -0.212852806 3.019171953
-0.217897326 0.016222183 0.975836873 112.042503357 0.123707712 0.992255330 0.011127909 -1.102662325 -0.968099773 0.123143315 -0.218216836 2.614633083
-0.221012548 0.015550621 0.975146949 114.186157227 0.123049445 0.992326260 0.012063998 -1.084122062 -0.967477322 0.122657605 -0.221230283 2.008914948
-0.226406693 0.015282280 0.973912895 116.144439697 0.123062842 0.992312253 0.013037555 -1.075028658 -0.966227531 0.122804299 -0.226547047 1.569368362
-0.231908083 0.016973076 0.972589552 118.092071533 0.123660453 0.992248952 0.012169911 -1.064468026 -0.964845479 0.123093188 -0.232209682 1.116923332
-0.238723800 0.017759306 0.970924973 120.046630859 0.123184778 0.992308497 0.012137304 -1.067320228 -0.963242710 0.122500673 -0.239075571 0.692936659
-0.244866699 0.017962784 0.969390213 122.156135559 0.123247072 0.992293179 0.012744860 -1.040664315 -0.961691499 0.122595333 -0.245193660 0.192371666
-0.250593483 0.017768076 0.967929244 124.153060913 0.122065887 0.992430747 0.013384572 -1.030995011 -0.960366011 0.121505268 -0.250865817 -0.303284258
-0.255884677 0.018592538 0.966528356 126.104034424 0.121378459 0.992519557 0.013041949 -1.019326806 -0.959057033 0.120652996 -0.256227553 -0.811896443
-0.261244535 0.017545678 0.965113044 128.075027466 0.117305383 0.993000329 0.013700481 -0.989556313 -0.958118379 0.116792172 -0.261474401 -1.330466270
-0.244306520 0.018152658 0.969528019 130.062683105 0.116982326 0.993073344 0.010884276 -0.836878300 -0.962616026 0.116076782 -0.244738072 -2.782806635
-0.234564289 0.021600014 0.971860468 131.955276489 0.120110050 0.992735445 0.006925287 -0.726381660 -0.964651942 0.118354671 -0.235454887 -3.701453447
-0.238093257 0.022324683 0.970985532 133.960098267 0.121071398 0.992619097 0.006865559 -0.724977016 -0.963666737 0.119193263 -0.239039019 -4.187558651
-0.240793914 0.023154898 0.970299900 135.998748779 0.121944033 0.992514193 0.006577142 -0.724459648 -0.962885320 0.119906068 -0.241815224 -4.709245682
-0.245175883 0.023451289 0.969194829 138.009338379 0.121678650 0.992545485 0.006764565 -0.729450107 -0.961812496 0.119588874 -0.246201992 -5.176581860
-0.260037214 0.024379363 0.965290666 140.052581787 0.120240532 0.992716789 0.007319240 -0.795750856 -0.958082974 0.117970385 -0.261074990 -4.624422073
-0.267298728 0.027953185 0.963208079 142.208038330 0.122367717 0.992470443 0.005155705 -0.745189846 -0.955812514 0.119243741 -0.268707007 -5.108195782
-0.271058649 0.025323957 0.962229550 143.809799194 0.116615623 0.993153393 0.006712630 -0.816289306 -0.955472708 0.114030562 -0.272156358 -5.731352806
-0.274290234 0.025120787 0.961318731 145.730499268 0.117318265 0.993064821 0.007523700 -0.892272472 -0.954463899 0.114843965 -0.275335461 -6.400380135
-0.275601476 0.025659574 0.960929453 147.378295898 0.118007928 0.992984533 0.007329974 -0.891927481 -0.954001009 0.115417473 -0.276696414 -7.024261475
-0.280253649 0.025502812 0.959587216 149.321151733 0.117329925 0.993060708 0.007874518 -0.908980548 -0.952728450 0.114795171 -0.281301528 -7.593241215
-0.284754366 0.024748383 0.958281100 151.312927246 0.117674470 0.993007421 0.009321877 -0.930645585 -0.951350391 0.115419671 -0.285675853 -8.118972778
-0.289001942 0.024473678 0.957015753 153.289672852 0.117951326 0.992965698 0.010226193 -0.959548056 -0.950034320 0.115836672 -0.289856136 -8.693851471
-0.293609679 0.024845362 0.955602586 155.297195435 0.119420990 0.992783010 0.010880146 -1.004087448 -0.948436499 0.117313534 -0.294458210 -9.221924782
-0.297083050 0.026101748 0.954494953 157.364257812 0.119563863 0.992774367 0.010065262 -0.990577221 -0.947336257 0.117113329 -0.298057735 -9.874597549
-0.300902188 0.027482804 0.953259051 159.373748779 0.119444616 0.992798209 0.009080698 -1.007423878 -0.946145177 0.116594069 -0.302018285 -10.441139221
-0.304385811 0.028578887 0.952120185 161.240264893 0.120222613 0.992708266 0.008637092 -1.008712769 -0.944931567 0.117095388 -0.305602610 -11.010732651
-0.307711303 0.029390486 0.951025903 163.330551147 0.120037198 0.992734730 0.008159436 -1.006120443 -0.943877518 0.116669238 -0.309004098 -11.664626122
-0.311103046 0.029387301 0.949921906 165.435958862 0.120282449 0.992700577 0.008682219 -1.007037640 -0.942733765 0.116959989 -0.312367409 -12.360512733
-0.315081000 0.029533837 0.948605299 167.511459351 0.119669281 0.992773294 0.008839394 -1.010712504 -0.941489875 0.116304025 -0.316338748 -13.040676117
-0.318599641 0.030437883 0.947400689 169.663009644 0.122222990 0.992458701 0.009216630 -1.009218216 -0.939976394 0.118730545 -0.319917649 -13.768640518
-0.321797788 0.030773090 0.946308315 171.512145996 0.124322988 0.992190123 0.010011628 -1.009409308 -0.938610554 0.120869592 -0.323110819 -14.370796204
-0.325014174 0.030520033 0.945216656 173.651489258 0.124697424 0.992134392 0.010842420 -0.995763659 -0.937451899 0.121390015 -0.326263964 -15.091757774
-0.328296870 0.029931225 0.944100380 175.691680908 0.124415860 0.992158711 0.011808906 -1.007003546 -0.936344802 0.121337876 -0.329446971 -15.726967812
-0.331022233 0.030545752 0.943128586 177.830307007 0.123788618 0.992242932 0.011311245 -1.007292390 -0.935468018 0.120492846 -0.332236171 -16.457660675
-0.334243745 0.032292701 0.941933453 179.947143555 0.123106949 0.992345154 0.009663315 -1.012121201 -0.934411883 0.119188435 -0.335661083 -17.184617996
-0.337188900 0.034471013 0.940805852 182.104370117 0.123538077 0.992307007 0.007918553 -1.024409771 -0.933296204 0.118895374 -0.338853896 -18.004163742
-0.340360880 0.035778407 0.939614058 184.149307251 0.124505371 0.992190719 0.007319747 -1.074615121 -0.932015419 0.119478345 -0.342157960 -18.699895859
-0.344051331 0.036717821 0.938232780 186.205673218 0.123110682 0.992371619 0.006308297 -1.094906330 -0.930844963 0.117676847 -0.345947623 -19.370777130
-0.347752422 0.036837947 0.936862588 188.039901733 0.124113694 0.992241621 0.007054045 -1.105663061 -0.929335237 0.118730523 -0.349627018 -20.035160065
-0.351749808 0.036120046 0.935397089 190.000518799 0.124020308 0.992243469 0.008321835 -1.127373576 -0.927842140 0.118935421 -0.353501588 -20.719787598
-0.355409265 0.035719648 0.934028149 192.033599854 0.123911455 0.992249310 0.009203642 -1.128105164 -0.926461160 0.119007833 -0.357081175 -21.470287323
-0.362383068 0.035419509 0.931356132 194.281448364 0.122662373 0.992396891 0.009986012 -1.103185415 -0.923922360 0.117861100 -0.363973022 -22.303531647
-0.366292357 0.035372160 0.929827452 196.271148682 0.121667698 0.992517412 0.010172250 -1.117016435 -0.922511280 0.116855964 -0.367855757 -23.061195374
-0.366241693 0.034608278 0.929876149 197.826736450 0.119229585 0.992814898 0.010009081 -1.127465367 -0.922849655 0.114534467 -0.367737114 -24.147516251
-0.369852364 0.034748524 0.928440690 199.819824219 0.119286731 0.992804408 0.010361423 -1.161273360 -0.921401143 0.114582822 -0.371336699 -24.898618698
-0.372394711 0.035839178 0.927382350 201.892181396 0.120267667 0.992690444 0.009930965 -1.146874309 -0.920248926 0.115232319 -0.373983532 -25.728319168
-0.375701010 0.035684697 0.926053762 203.940490723 0.121414408 0.992539465 0.011011250 -1.160499811 -0.918753266 0.116573177 -0.377231270 -26.440877914
-0.378165692 0.035273258 0.925065756 205.943710327 0.122821309 0.992350280 0.012370301 -1.150641918 -0.917554259 0.118295796 -0.379605711 -27.242404938
-0.380848289 0.036106776 0.923932433 208.040679932 0.124157928 0.992183506 0.012404314 -1.151255012 -0.916263878 0.119437680 -0.382354915 -28.080814362
-0.376381427 0.040385328 0.925584316 210.207870483 0.121090770 0.992622316 0.005930197 -0.888409615 -0.918517351 0.114311710 -0.378495455 -29.341741562
-0.379886478 0.040645741 0.924139857 212.297317505 0.120306753 0.992718458 0.005792507 -0.896658063 -0.917176485 0.113380730 -0.382010818 -30.103845596
-0.382731110 0.041975521 0.922905803 214.435241699 0.120209627 0.992735982 0.004699619 -0.918959916 -0.916005909 0.112740830 -0.384997338 -30.978334427
-0.384779125 0.042404499 0.922034204 216.280609131 0.119261973 0.992852867 0.004108349 -0.949829638 -0.915271461 0.111544393 -0.387086868 -31.897298813
-0.387871325 0.042343836 0.920740426 218.291397095 0.117020220 0.993121445 0.003623349 -0.973578274 -0.914255023 0.109150603 -0.390159011 -32.670936584
-0.397300482 0.045093812 0.916580021 220.500396729 0.119357757 0.992845714 0.002890802 -0.968720555 -0.909893513 0.110549420 -0.399840981 -32.812088013
-0.399969846 0.044557806 0.915444553 222.436996460 0.120923840 0.992650092 0.004517513 -0.995601892 -0.908516228 0.112505913 -0.402418822 -33.614757538
-0.402515024 0.045333788 0.914290130 224.553726196 0.117981501 0.993010700 0.002704122 -0.929170787 -0.907778621 0.108957745 -0.405050933 -34.527965546
-0.412078917 0.041856531 0.910186231 226.607818604 0.117671184 0.993022084 0.007608680 -1.281904459 -0.903517842 0.110238038 -0.414129436 -34.857799530
-0.415184706 0.041918974 0.908770859 228.496093750 0.116744265 0.993132114 0.007525892 -1.321912408 -0.902215362 0.109218381 -0.417227745 -35.651039124
-0.418739498 0.041414455 0.907161534 230.610015869 0.115343198 0.993292987 0.007894978 -1.329756618 -0.900751591 0.107940823 -0.420708507 -36.619434357
-0.422591746 0.040675625 0.905406892 232.586471558 0.115043931 0.993317604 0.009070788 -1.379366517 -0.898989141 0.107994780 -0.424447954 -37.438041687
-0.439227700 0.039211608 0.897519529 235.039886475 0.117509782 0.992969871 0.014125109 -1.722828150 -0.890657485 0.111671448 -0.440748334 -37.302783966
-0.443804592 0.040847793 0.895192027 237.364898682 0.118474297 0.992864847 0.013430699 -1.617783189 -0.888257563 0.112017833 -0.445478141 -38.265392303
-0.447782755 0.040074591 0.893243790 239.242767334 0.117632121 0.992951095 0.014421014 -1.650197148 -0.886370957 0.111531623 -0.449341208 -39.158721924
-0.451423287 0.040186785 0.891404450 241.367095947 0.116915643 0.993035495 0.014439571 -1.645740628 -0.884617388 0.110737465 -0.452978551 -40.223117828
-0.454332411 0.041106306 0.889883220 243.417465210 0.117406748 0.992982864 0.014073521 -1.630767465 -0.883061707 0.110872343 -0.455971122 -41.287933350
-0.455901980 0.041288529 0.889071643 245.255386353 0.117316313 0.992993951 0.014043224 -1.618009567 -0.882264435 0.110704929 -0.457552403 -42.427593231
-0.460091531 0.041422829 0.886904538 247.411056519 0.117759876 0.992931724 0.014714368 -1.640481234 -0.880027592 0.111211710 -0.461718112 -43.395576477
-0.462842315 0.041614965 0.885463119 249.347702026 0.116302520 0.993112087 0.014118439 -1.635716915 -0.878778040 0.109516189 -0.464494914 -44.487453461
-0.466194123 0.042154953 0.883677363 251.392898560 0.117254153 0.992994845 0.014488883 -1.631168723 -0.876877725 0.110369451 -0.467871904 -45.563838959
-0.468542099 0.043225516 0.882382929 253.515106201 0.118211076 0.992886543 0.014130812 -1.583688021 -0.875496745 0.110928290 -0.470319599 -46.778732300
-0.472361863 0.044549532 0.880277991 255.535125732 0.119969323 0.992675483 0.014138326 -1.588130355 -0.873201966 0.112284735 -0.474247366 -47.775604248
-0.480041921 0.042140096 0.876232684 255.566116333 0.115182281 0.993224502 0.015335764 -1.584753871 -0.869650960 0.108288258 -0.481643975 -47.802162170
-0.483474851 0.042838462 0.874309301 257.580596924 0.116935752 0.993008971 0.016008597 -1.606838584 -0.867512584 0.109977745 -0.485104978 -48.805503845
-0.489244103 0.042944305 0.871088922 257.639312744 0.115257822 0.993208885 0.015769320 -1.609301329 -0.864497483 0.108114824 -0.490872055 -48.834079742
-0.470740765 0.027362069 0.881847143 257.558837891 0.091739170 0.995617390 0.018079264 -2.066938877 -0.877489150 0.089410506 -0.471188605 -51.568954468
-0.475071043 0.027913967 0.879504502 259.575775146 0.092779420 0.995512903 0.018519554 -2.073838949 -0.875042677 0.090397954 -0.475529939 -52.520782471
-0.476960361 0.028854193 0.878450990 261.527191162 0.092737347 0.995532572 0.017652301 -2.029134750 -0.874018729 0.089884594 -0.477506191 -53.659534454
-0.483488351 0.028132623 0.874898553 263.594360352 0.090663433 0.995715857 0.018085005 -2.018652201 -0.870643079 0.088065125 -0.483968347 -54.621833801
-0.498133630 0.023527475 0.866780937 263.695373535 0.086898685 0.995952308 0.022906419 -2.017701864 -0.862734973 0.086732522 -0.498162568 -54.718444824
-0.501334667 0.024045279 0.864919186 265.730316162 0.086550355 0.995992422 0.022478068 -1.985332131 -0.860913932 0.086128041 -0.501407385 -55.841308594
-0.504117191 0.023678506 0.863310516 267.814727783 0.084708221 0.996158302 0.022141822 -1.946896195 -0.859471023 0.084291510 -0.504187047 -57.039859772
-0.508443654 0.024037872 0.860759556 269.870758057 0.086788282 0.995949268 0.023451839 -1.959783673 -0.856710553 0.086627729 -0.508471131 -58.080078125
-0.510249138 0.024618249 0.859674037 271.817504883 0.089124873 0.995720506 0.024384758 -1.922018051 -0.855396211 0.089060597 -0.510260522 -59.165451050
-0.511415958 0.021969393 0.859052300 273.304260254 0.085321076 0.996030331 0.025321312 -1.927694559 -0.855087161 0.086244941 -0.511261106 -60.316143036
-0.516518414 0.021244839 0.856012464 275.324615479 0.086125359 0.995910168 0.027251169 -1.971199036 -0.851933837 0.087800063 -0.516236484 -61.240211487
-0.519053936 0.022327229 0.854449868 277.335510254 0.086784139 0.995868027 0.026696276 -1.867574930 -0.850324512 0.088009447 -0.518847704 -62.365589142
-0.528326988 0.026396388 0.848630607 277.691802979 0.093820512 0.995209217 0.027453566 -1.972573280 -0.843841612 0.094123371 -0.528273284 -62.498332977
-0.529758155 0.026599025 0.847731590 279.657318115 0.094657078 0.995116770 0.027928853 -1.921478748 -0.842850447 0.095039293 -0.529689789 -63.736778259
-0.530996382 0.025467493 0.846991360 281.850341797 0.087772176 0.995823324 0.025083523 -1.720979810 -0.842816412 0.087661475 -0.531014740 -65.223167419
-0.516665459 0.023738042 0.855858266 282.733764648 0.083618075 0.996234536 0.022847073 -1.587435007 -0.852094710 0.083369456 -0.516705692 -67.155799866
-0.507664502 0.018367257 0.861359060 283.947082520 0.077563860 0.996685803 0.024461312 -1.566422820 -0.858056664 0.079228401 -0.507407427 -68.861976624
-0.512259662 0.019794676 0.858602464 286.038269043 0.081707671 0.996321499 0.025778664 -1.598588109 -0.854935408 0.083359718 -0.511993527 -70.004623413
-0.516877532 0.017435187 0.855881751 288.234710693 0.079643317 0.996434271 0.027799126 -1.555943489 -0.852346897 0.082533948 -0.516423941 -71.323570251
-0.517748415 0.015710238 0.855388641 290.006195068 0.077171862 0.996611595 0.028406436 -1.437581182 -0.852045715 0.080719270 -0.517207265 -72.936729431
-0.522031188 0.017332345 0.852750182 292.268524170 0.080391221 0.996341050 0.028962458 -1.414915085 -0.849129796 0.083672896 -0.521515310 -74.288673401
-0.518643618 -0.006638355 0.854964674 293.171752930 0.036819693 0.998867273 0.030091388 -1.002637744 -0.854197860 0.047086131 -0.517812550 -75.365013123
-0.523197353 -0.005188168 0.852195680 295.328399658 0.039251994 0.998771966 0.030178839 -0.954827249 -0.851307631 0.049239762 -0.522352040 -76.577796936
-0.527145207 -0.005289654 0.849758685 297.540527344 0.039962776 0.998718381 0.031007625 -0.905552208 -0.848835588 0.050304130 -0.526259065 -77.919914246
-0.530981660 -0.005271446 0.847366810 298.278381348 0.041719679 0.998603761 0.032354828 -0.749306977 -0.846356213 0.052531593 -0.530021250 -78.534553528
-0.535390675 -0.006298813 0.844580948 300.399108887 0.040998407 0.998597980 0.033436801 -0.676006734 -0.843609333 0.052528124 -0.534382761 -79.789527893
-0.539272904 -0.006574793 0.842105329 302.525177002 0.039982587 0.998640358 0.033401188 -0.625036061 -0.841181815 0.051681798 -0.538277745 -81.141487122
-0.555219531 -0.013632461 0.831591964 302.795928955 0.032058630 0.998770237 0.037777193 -0.699445188 -0.831086099 0.047634222 -0.554100692 -80.820243835
-0.561911583 -0.012878804 0.827096939 304.938812256 0.033106096 0.998726010 0.038042739 -0.590772212 -0.826534927 0.048758496 -0.560770273 -82.028930664
-0.567948401 -0.011523535 0.822983384 305.806457520 0.036586735 0.998558581 0.039230727 -0.593269050 -0.822250962 0.052391205 -0.566709101 -82.547874451
-0.572015464 -0.012015859 0.820154727 307.972839355 0.035251897 0.998607159 0.039216608 -0.499776632 -0.819485366 0.051344417 -0.570796192 -83.974967957
-0.579117775 -0.010713275 0.815173447 310.069427490 0.040806476 0.998277724 0.042109463 -0.468993783 -0.814222395 0.057650607 -0.577684283 -85.029296875
-0.581813633 -0.011398685 0.813242197 311.032897949 0.040972371 0.998219848 0.043303970 -0.417360693 -0.812289834 0.058515217 -0.580312014 -85.788940430
-0.595278144 -0.008661891 0.803472936 313.453918457 0.045009669 0.998010814 0.044105869 -0.414893448 -0.802258492 0.062419236 -0.593705356 -87.171646118
-0.598278105 -0.009956692 0.801226616 315.587371826 0.040884946 0.998239398 0.042933758 -0.318198144 -0.800245225 0.058444347 -0.596818924 -88.711517334
-0.604529798 -0.007787055 0.796544433 316.490570068 0.039394189 0.998434842 0.039658509 -0.277212977 -0.795608222 0.055353880 -0.603278041 -89.329689026
-0.607078552 -0.010228299 0.794575989 318.327606201 0.037671320 0.998420894 0.041634195 -0.222525984 -0.793748796 0.055207860 -0.605735779 -90.660194397
-0.610861361 -0.010884176 0.791662753 320.520141602 0.037949301 0.998352170 0.043008130 -0.125242114 -0.790828049 0.056314964 -0.609442890 -92.278656006
-0.624641776 -0.005895777 0.780889153 321.469207764 0.046343226 0.997927725 0.044604804 -0.123953134 -0.779535592 0.064050876 -0.623075247 -93.011444092
-0.627458870 -0.007610692 0.778612435 322.414031982 0.043367557 0.998057008 0.044704139 0.006932333 -0.777441502 0.061816458 -0.625910819 -94.183380127
-0.628884077 -0.007214623 0.777465582 322.395507812 0.045618970 0.997890294 0.046160739 0.003454083 -0.776160002 0.064496860 -0.627229393 -94.152168274
-0.630980134 -0.008811758 0.775748909 322.356536865 0.043986019 0.997919083 0.047112752 -0.004358913 -0.774551451 0.063849241 -0.629280746 -94.024406433
-0.636506140 -0.008912703 0.771220148 322.357574463 0.043661669 0.997911751 0.047567420 -0.039889254 -0.770035207 0.063949637 -0.634789050 -93.743247986
-0.637920082 -0.008732546 0.770053089 322.368865967 0.043562356 0.997923851 0.047404084 -0.039181214 -0.768869877 0.063785255 -0.636216521 -93.754470825
-0.641377389 -0.013259000 0.767111003 324.356781006 0.037798382 0.998088956 0.048854250 -0.078165248 -0.766294301 0.060329467 -0.639651775 -95.314125061
-0.642507613 -0.013161690 0.766166270 324.365081787 0.037976418 0.998075366 0.048992552 -0.077349551 -0.765338063 0.060574237 -0.640772462 -95.329101562
-0.645498991 -0.001558972 0.763759613 324.314849854 0.055216219 0.997284412 0.048702106 -0.273529738 -0.761762977 0.073609002 -0.643661261 -95.112136841
-0.647151589 -0.006015251 0.762337685 326.375396729 0.045193348 0.997906029 0.046238761 -0.201588675 -0.761021018 0.064375989 -0.645525932 -96.838478088
-0.649842620 -0.003996841 0.760058343 327.718688965 0.037269704 0.998614192 0.037116479 -0.086855769 -0.759154856 0.052446906 -0.648794413 -98.262153625
-0.652772129 0.007170055 0.757520497 329.949401855 0.048327502 0.998310983 0.032195631 0.029151723 -0.756011546 0.057625376 -0.652017474 -100.203948975
-0.655552804 0.013052768 0.755036652 329.978607178 0.055411935 0.997985065 0.030858012 0.042924825 -0.753113866 0.062066995 -0.654956579 -100.213737488
-0.657398283 0.007810682 0.753502965 330.520141602 0.062153101 0.997099578 0.043890022 0.050756227 -0.750975966 0.075685695 -0.655978382 -101.055023193
-0.660278618 -0.002818432 0.751015604 331.692840576 0.055569034 0.997066975 0.052596986 0.257418245 -0.748962343 0.076461807 -0.658186793 -102.692214966
-0.664788902 -0.004116622 0.747020066 331.734375000 0.057284549 0.996757865 0.056471515 0.213771671 -0.744831860 0.080334283 -0.662399232 -102.687583923
-0.670728505 -0.004812987 0.741687477 331.820709229 0.055438198 0.996854842 0.056603059 0.237496883 -0.739628375 0.079083040 -0.668353677 -102.698608398
-0.677092314 -0.001047496 0.735897481 332.355377197 0.052303541 0.997399926 0.049543649 0.313832283 -0.734037220 0.072035588 -0.675278544 -102.825836182
-0.678339601 0.006033410 0.734723866 332.337615967 0.057560518 0.997327864 0.044953268 0.323417932 -0.732490599 0.072784595 -0.676875710 -102.898872375
-0.680974483 0.007671240 0.732267022 332.342620850 0.056862760 0.997478426 0.042430066 0.323757529 -0.730096281 0.070532441 -0.679695010 -102.904586792
-0.683226585 0.010229417 0.730134845 332.310516357 0.059351575 0.997369826 0.041564934 0.315571934 -0.727790534 0.071732841 -0.682038188 -102.965431213
-0.685776353 0.009704512 0.727747738 333.965820312 0.060018893 0.997257888 0.043258920 0.376085192 -0.725333571 0.073344484 -0.684479773 -104.453285217
-0.688093007 0.008764944 0.725569665 335.856506348 0.060243160 0.997163415 0.045085624 0.435701191 -0.723117530 0.074733637 -0.686670661 -106.212348938
-0.694587767 0.008917290 0.719352782 335.926055908 0.060319059 0.997122467 0.045881797 0.430229306 -0.716874897 0.075259544 -0.693128526 -106.241462708
-0.696098745 0.009221851 0.717886984 337.474548340 0.060595699 0.997102678 0.045947906 0.516847491 -0.715384543 0.075485066 -0.694642186 -107.771003723
-0.696752608 0.009029996 0.717254817 337.530273438 0.060395349 0.997107148 0.046115674 0.518650174 -0.714764655 0.075449996 -0.695283771 -107.878868103
-0.700822353 0.008226660 0.713288546 337.527893066 0.061599828 0.996894598 0.049025554 0.510295033 -0.710671306 0.078296587 -0.699154139 -107.915176392
-0.701679587 0.008057745 0.712447226 337.467407227 0.063644044 0.996646047 0.051410049 0.509408474 -0.709644556 0.081416339 -0.699840307 -107.921966553
-0.705453694 0.006631867 0.708725154 337.418640137 0.062197465 0.996676087 0.052583925 0.499844104 -0.706021786 0.081176363 -0.703522623 -107.740829468
-0.709435761 0.006912499 0.704736292 337.416748047 0.060579844 0.996847451 0.051206030 0.512254953 -0.702161729 0.079020135 -0.707619369 -107.765724182
-0.710424840 0.006828595 0.703739941 337.390686035 0.056757990 0.997250080 0.047620460 0.522873700 -0.701480627 0.073773548 -0.708860278 -107.864997864
-0.711209774 0.005305423 0.702959776 337.499298096 0.053101242 0.997518420 0.046195842 0.528210640 -0.700971425 0.070182890 -0.709728122 -107.987190247
-0.717794001 0.004000932 0.696244001 337.517791748 0.050781652 0.997619390 0.046620596 0.507458627 -0.694401264 0.068820320 -0.716289937 -107.939071655
-0.724275351 0.002383852 0.689506650 337.547485352 0.046055350 0.997926414 0.044927489 0.513781726 -0.687971056 0.064295255 -0.722884834 -107.935226440
-0.724865139 0.001180362 0.688889682 339.138061523 0.043190107 0.998107493 0.043735351 0.596244633 -0.687535644 0.061455362 -0.723545849 -109.669357300
-0.727090240 0.000982250 0.686541080 339.089385986 0.042590078 0.998135805 0.043677457 0.578655183 -0.685219586 0.060997207 -0.725778162 -109.728988647
-0.735485375 -0.001530208 0.677538693 339.133941650 0.040043548 0.998149633 0.045722526 0.554445446 -0.676356196 0.060759220 -0.734064758 -109.684974670
-0.735584617 -0.001847250 0.677430153 341.124237061 0.042906824 0.997859776 0.049311146 0.676560819 -0.676072657 0.065338828 -0.733932674 -111.636955261
-0.734273911 -0.002454765 0.678848684 341.023132324 0.047300655 0.997376442 0.054769084 0.656974852 -0.677203357 0.072325446 -0.732232988 -111.712318420
-0.732977927 -0.002059078 0.680249155 342.809997559 0.052053038 0.996892035 0.059105348 0.765025854 -0.678257942 0.078731917 -0.730594277 -113.601371765
-0.731520593 -0.004945553 0.681801260 343.809875488 0.046391536 0.997293591 0.057008542 0.835042238 -0.680239201 0.073332690 -0.729313016 -114.714920044
-0.740134716 -0.009294711 0.672394276 345.038574219 0.034027830 0.998104095 0.051253013 0.893829465 -0.671597064 0.060814179 -0.738416910 -115.061973572
-0.738489211 -0.011754751 0.674162745 346.927947998 0.029546930 0.998321652 0.049772963 1.022164464 -0.673617542 0.056676149 -0.736904144 -116.958129883
-0.736000717 -0.012196556 0.676870823 347.934173584 0.027900405 0.998439968 0.048328590 1.135523200 -0.676405549 0.054454755 -0.734513879 -118.369094849
-0.733618557 -0.011331488 0.679466963 349.675506592 0.030016661 0.998342931 0.049058244 1.234924555 -0.678898215 0.056385275 -0.732064426 -120.235839844
-0.731177270 -0.011424208 0.682091773 351.429534912 0.030659011 0.998297393 0.049585544 1.331652522 -0.681498170 0.057167992 -0.729583740 -122.142852783
-0.730406821 -0.011155995 0.682921171 351.441650391 0.027934438 0.998540223 0.046188604 1.332775712 -0.682440877 0.052813392 -0.729030550 -122.151016235
-0.730665982 -0.017357757 0.682514310 351.853393555 0.017228773 0.998887718 0.043848008 1.354523659 -0.682517588 0.043797016 -0.729555905 -122.620246887
-0.727126777 -0.024462992 0.686067045 352.028930664 0.008684257 0.998955309 0.044823539 1.322561264 -0.686448097 0.038550258 -0.726156354 -124.839813232
-0.726995170 -0.028172616 0.686064184 353.691711426 0.002200034 0.999055326 0.043356549 1.381365657 -0.686638832 0.033029240 -0.726248145 -126.595657349
-0.727908373 -0.028941063 0.685063124 356.325012207 0.000432206 0.999087334 0.042666458 1.492614269 -0.685674071 0.031353235 -0.727233291 -128.135894775
-0.726823211 -0.027845742 0.686259687 356.521697998 0.003326791 0.999021471 0.044059765 1.507941365 -0.686816394 0.034306582 -0.726020992 -128.445388794
-0.730548561 -0.028301280 0.682273805 357.423309326 0.004060785 0.998941183 0.045784950 1.574488878 -0.682848513 0.036218580 -0.729661822 -128.981613159
-0.729355335 -0.030622000 0.683449209 358.466156006 0.002403442 0.998875022 0.047319494 1.645919442 -0.684130728 0.036155239 -0.728462994 -129.774887085
-0.729282737 -0.031159690 0.683502436 358.481506348 -0.000037135 0.998962402 0.045501277 1.647659659 -0.684212446 0.033157788 -0.728528917 -129.788528442
-0.728580117 -0.030263115 0.684291542 358.858428955 -0.000618969 0.999050319 0.043524373 1.668143272 -0.684960246 0.031287309 -0.727908671 -130.258010864
-0.727377534 -0.028767291 0.685634136 360.321716309 0.000282606 0.999106467 0.042219460 1.767096639 -0.686237395 0.030903120 -0.726721168 -132.147216797
-0.727818847 -0.027569026 0.685214877 360.524353027 0.003451272 0.999029875 0.043860886 1.749251485 -0.685760677 0.034287520 -0.727019310 -132.346969604
