1.000000000 0.000000000 0.000000000 0.000000000 0.000000000 1.000000000 0.000000000 0.000000000 0.000000000 0.000000000 1.000000000 0.000000000
0.999980807 0.000483157 -0.006178473 -0.166916817 -0.000479779 0.999999762 0.000548264 -0.038819041 0.006178737 -0.000545289 0.999980748 2.527177572
0.999924481 0.001456597 -0.012200171 -0.213668346 -0.001417766 0.999993920 0.003190931 -0.092548206 0.012204744 -0.003173393 0.999920428 4.824170113
0.999835789 0.001979984 -0.018010510 -0.253053904 -0.001893416 0.999986589 0.004822288 -0.137961507 0.018019816 -0.004787395 0.999826074 7.087826252
0.999715626 0.001921602 -0.023767745 -0.227476418 -0.001802756 0.999985814 0.005020757 -0.195377454 0.023777055 -0.004976482 0.999704778 9.065586090
0.999577105 0.001335385 -0.029048644 -0.318403423 -0.001225702 0.999992132 0.003793335 -0.232603222 0.029053478 -0.003756126 0.999570668 11.753342628
0.999414563 0.000672616 -0.034204829 -0.439011812 -0.000571966 0.999995589 0.002952254 -0.272196740 0.034206659 -0.002930962 0.999410331 14.225736618
0.999236941 0.001854581 -0.039011508 -0.455818594 -0.001755324 0.999995291 0.002578412 -0.277874321 0.039016098 -0.002507967 0.999235272 14.454956055
0.999021173 0.003115924 -0.044122037 -0.555454969 -0.003001461 0.999992132 0.002660264 -0.348771423 0.044129971 -0.002525230 0.999022424 16.718214035
0.998758376 0.005395052 -0.049522258 -0.597662449 -0.005291428 0.999983728 0.002223351 -0.454340100 0.049533438 -0.001958548 0.998770356 18.953636169
0.998484612 0.007039251 -0.054577880 -0.772020221 -0.007006948 0.999975324 0.000783216 -0.510926247 0.054582037 -0.000399606 0.998509049 21.672819138
0.998169422 0.008709179 -0.059847079 -0.905740142 -0.008685441 0.999962211 0.000656808 -0.580783725 0.059850533 -0.000135809 0.998207152 23.917602539
0.997828186 0.009705967 -0.065149084 -1.081689954 -0.009601831 0.999952257 0.001911392 -0.632309735 0.065164521 -0.001281691 0.997873485 26.329593658
0.997442067 0.010095203 -0.070761286 -1.198917150 -0.009860098 0.999944806 0.003671053 -0.702327549 0.070794433 -0.002963950 0.997486353 28.338420868
0.997056305 0.009572854 -0.076071791 -1.408979774 -0.009233207 0.999945939 0.004815278 -0.747986197 0.076113768 -0.004098717 0.997090578 30.817655563
0.996660709 0.008179688 -0.081242725 -1.622760892 -0.007760473 0.999955058 0.005474466 -0.790909827 0.081283845 -0.004825703 0.996679187 33.132156372
0.996208847 0.006202110 -0.086772211 -1.822876334 -0.005678084 0.999964297 0.006284595 -0.854238212 0.086808085 -0.005768068 0.996208251 35.486076355
0.995729387 0.004668031 -0.092201389 -2.058738708 -0.003987891 0.999963641 0.007559525 -0.901022255 0.092233323 -0.007159551 0.995711565 37.960807800
0.995242953 0.003522898 -0.097360574 -2.336803436 -0.002841640 0.999970675 0.007135022 -0.937496901 0.097382851 -0.006824415 0.995223463 40.448818207
0.994698286 0.003518647 -0.102776304 -2.585999012 -0.002977830 0.999981046 0.005415023 -0.979659081 0.102793410 -0.005080262 0.994689643 42.819091797
0.994192600 0.003996004 -0.107540861 -2.875221729 -0.003608328 0.999986410 0.003799249 -1.025817513 0.107554585 -0.003389141 0.994193316 45.221218109
0.993673921 0.005397418 -0.112173192 -3.161636353 -0.005081392 0.999982417 0.003102998 -1.069477320 0.112187967 -0.002513371 0.993683755 47.538692474
0.993208349 0.006586087 -0.116161846 -3.473455191 -0.006181676 0.999973655 0.003841348 -1.115266681 0.116184086 -0.003097182 0.993222773 50.003681183
0.992753386 0.007336302 -0.119944602 -3.795420885 -0.006731076 0.999962628 0.005450237 -1.166458249 0.119980112 -0.004603383 0.992765486 52.356239319
0.992344916 0.007937417 -0.123241231 -4.145887375 -0.007172710 0.999952376 0.006647395 -1.205510974 0.123288125 -0.005712533 0.992354333 54.815750122
0.991918147 0.007324335 -0.126667023 -4.487551212 -0.006695503 0.999963224 0.005389496 -1.237737894 0.126701832 -0.004497838 0.991930544 57.179965973
0.991448939 0.006827003 -0.130315796 -4.886229992 -0.006244355 0.999968767 0.004879124 -1.287975073 0.130345032 -0.004023662 0.991460383 59.474716187
0.990964770 0.005200764 -0.134020284 -5.219143391 -0.004520724 0.999975502 0.005377951 -1.328681111 0.134044960 -0.004723491 0.990963876 61.870368958
0.990484834 0.003197553 -0.137583524 -5.577596664 -0.002339091 0.999976933 0.006400772 -1.373857379 0.137600824 -0.006018046 0.990469396 64.277893066
0.989963114 0.001787870 -0.141313225 -5.958799362 -0.000895161 0.999979436 0.006380534 -1.414725304 0.141321719 -0.006189995 0.989944279 66.699317932
0.989397883 0.001090490 -0.145224512 -6.145395279 -0.000355835 0.999987245 0.005084607 -1.535687208 0.145228192 -0.004979024 0.989385545 68.316322327
0.988874733 0.000452099 -0.148748398 -6.521467209 0.000194672 0.999990821 0.004333474 -1.588741302 0.148748979 -0.004314221 0.988865435 70.693664551
0.988285065 -0.000452666 -0.152617142 -6.858689308 0.001251002 0.999986291 0.005134960 -1.628153443 0.152612701 -0.005265729 0.988271892 72.850578308
0.987753630 -0.000426222 -0.156019539 -7.257800579 0.001454066 0.999978244 0.006473820 -1.667749882 0.156013355 -0.006621402 0.987732530 75.198921204
0.987188578 -0.001303567 -0.159550652 -7.634179592 0.002532191 0.999968946 0.007497431 -1.712118030 0.159535885 -0.007805391 0.987161040 77.437522888
0.986733377 -0.002198617 -0.162332624 -8.074419022 0.003346918 0.999971509 0.006800590 -1.741293907 0.162312999 -0.007253683 0.986712396 79.901031494
0.986229479 -0.002476582 -0.165362626 -8.479895592 0.003380636 0.999981046 0.005185835 -1.790264964 0.165346622 -0.005673454 0.986218929 82.197990417
0.985825956 -0.003001067 -0.167743042 -8.914900780 0.003430464 0.999991715 0.002270103 -1.838290453 0.167734817 -0.002813363 0.985827923 84.567131042
0.985413671 -0.003672546 -0.170135468 -9.358390808 0.004032066 0.999990523 0.001767638 -1.876527309 0.170127332 -0.002427852 0.985418856 86.948295593
0.984969854 -0.006123194 -0.172616839 -9.784545898 0.006939655 0.999967635 0.004126775 -1.918432236 0.172585949 -0.005262650 0.984980106 89.204040527
0.984438777 -0.010489837 -0.175413772 -10.227589607 0.011474641 0.999923766 0.004600775 -1.963046312 0.175352111 -0.006541991 0.984483719 91.422515869
0.983875751 -0.014383457 -0.178273305 -10.737168312 0.015174292 0.999880254 0.003073248 -2.097151518 0.178207740 -0.005728865 0.983975887 93.781715393
0.983398438 -0.015543834 -0.180791646 -11.192846298 0.015725205 0.999876380 -0.000430197 -2.134478807 0.180775970 -0.002419931 0.983521044 96.092712402
0.983056307 -0.013759692 -0.182785898 -11.688421249 0.013770519 0.999904573 -0.001210093 -2.215651512 0.182785094 -0.001327468 0.983151734 98.331222534
0.982801795 -0.008785426 -0.184453845 -12.154281616 0.008800630 0.999961138 -0.000736296 -2.260147333 0.184453130 -0.000899678 0.982840598 100.565559387
0.982562959 -0.003946071 -0.185887516 -12.590683937 0.004041400 0.999992013 0.000133888 -2.304811954 0.185885489 -0.000882800 0.982570708 102.754608154
0.982204914 -0.000104043 -0.187811837 -13.071635246 0.000334526 0.999999404 0.001195489 -2.361097336 0.187811613 -0.001237043 0.982203960 105.100898743
0.981842577 0.002178565 -0.189684391 -13.558030128 -0.001834732 0.999996483 0.001988232 -2.409052610 0.189688057 -0.001604110 0.981842756 107.431938171
0.981399834 0.001992867 -0.191964179 -14.019735336 -0.001657809 0.999996960 0.001906007 -2.457838058 0.191967383 -0.001552315 0.981399775 109.742996216
0.980837762 -0.000558802 -0.194825113 -14.414871216 0.001192519 0.999994576 0.003135459 -2.513193607 0.194822282 -0.003307709 0.980832696 111.949668884
0.980405986 -0.004048051 -0.196945757 -14.841735840 0.005047622 0.999976993 0.004573633 -2.578212023 0.196922690 -0.005478124 0.980403423 114.090217590
0.980071425 -0.007495509 -0.198503986 -15.250977516 0.008694223 0.999949038 0.005167800 -2.611032486 0.198455110 -0.006790650 0.980086148 116.046165466
0.979719102 -0.011027512 -0.200071931 -15.688310623 0.012007326 0.999921322 0.003684463 -2.639808416 0.200015545 -0.006012066 0.979773998 118.096961975
0.979573548 -0.013088889 -0.200659513 -16.168670654 0.013791797 0.999902904 0.002105339 -2.687465906 0.200612441 -0.004829789 0.979658484 120.321235657
0.979548514 -0.015192118 -0.200633511 -16.692514420 0.015704595 0.999876380 0.000962783 -2.747535467 0.200594053 -0.004093960 0.979665577 122.566116333
0.979554772 -0.016795211 -0.200475439 -17.106298447 0.017470740 0.999846280 0.001600745 -2.828617096 0.200417712 -0.005070470 0.979697049 124.542289734
0.979620874 -0.018710986 -0.199982166 -17.543960571 0.019797055 0.999798298 0.003432261 -2.887818813 0.199877575 -0.007321370 0.979793191 126.605484009
0.979721129 -0.022022475 -0.199152365 -18.001226425 0.023562700 0.999708116 0.005366852 -2.940262556 0.198976010 -0.009950581 0.979953527 128.694061279
0.979889572 -0.026172405 -0.197817281 -18.470058441 0.027952150 0.999590158 0.006209428 -2.958685160 0.197573647 -0.011613966 0.980218947 130.892974854
0.980118036 -0.030572910 -0.196046561 -18.925020218 0.032449078 0.999453306 0.006364402 -3.018193722 0.195744783 -0.012599388 0.980573654 133.125320435
0.980456591 -0.035022456 -0.193594083 -19.378564835 0.036775097 0.999308825 0.005465694 -3.054549456 0.193268821 -0.012478310 0.981066227 135.384674072
0.980899870 -0.038794152 -0.190606192 -19.842693329 0.040268701 0.999181628 0.003867400 -3.078333378 0.190300137 -0.011468991 0.981658697 137.562881470
0.981476665 -0.041222695 -0.187095106 -20.304580688 0.042436980 0.999096274 0.002487816 -3.113625526 0.186823413 -0.010381483 0.982338369 139.785766602
0.982067347 -0.042516578 -0.183674470 -20.740781784 0.043543383 0.999050558 0.001558890 -3.155426025 0.183433741 -0.009528743 0.982985616 141.934844971
0.982592523 -0.043475769 -0.180616066 -21.177497864 0.044335924 0.999016643 0.000726023 -3.211412430 0.180406854 -0.008721167 0.983553112 144.131042480
0.982837915 -0.046288885 -0.178570256 -21.604310989 0.046803012 0.998903453 -0.001334775 -3.273176432 0.178436190 -0.007045762 0.983925939 146.286468506
0.983026683 -0.047711618 -0.177151322 -22.058113098 0.048103008 0.998840392 -0.002087223 -3.333916426 0.177045435 -0.006469720 0.984181106 148.442718506
0.982970297 -0.049380857 -0.177006841 -22.432033539 0.049969897 0.998750269 -0.001131186 -3.394256115 0.176841468 -0.007733095 0.984208643 150.780227661
0.983079851 -0.050940722 -0.175953671 -22.856307983 0.051942308 0.998649657 0.001088285 -3.455864668 0.175660625 -0.010209313 0.984397531 153.077255249
0.983120799 -0.053998783 -0.174809486 -23.284765244 0.055315726 0.998465478 0.002666339 -3.488205194 0.174397245 -0.012291049 0.984598339 155.225418091
0.983088732 -0.057450790 -0.173886940 -23.723012924 0.058878981 0.998260558 0.003061709 -3.513773203 0.173408568 -0.013248220 0.984760523 157.460876465
0.983017802 -0.060670592 -0.173193365 -24.155138016 0.062183820 0.998059332 0.003319577 -3.556097507 0.172655821 -0.014033030 0.984881878 159.745956421
0.983133972 -0.062297191 -0.171952233 -24.593793869 0.063880712 0.997950852 0.003685560 -3.603451014 0.171370253 -0.014607832 0.985098064 161.958450317
0.983353972 -0.062438097 -0.170638278 -24.992979050 0.063910596 0.997950852 0.003144421 -3.651036263 0.170092240 -0.013997674 0.985328376 164.095611572
0.983529627 -0.063139334 -0.169362992 -25.412990570 0.064387597 0.997923374 0.001882735 -3.694778442 0.168892354 -0.012756604 0.985551596 166.378570557
0.983890116 -0.062896878 -0.167347610 -25.858560562 0.063724503 0.997967660 -0.000425247 -3.738632441 0.167034179 -0.010245753 0.985897481 168.570281982
0.984325588 -0.061751626 -0.165199399 -26.251037598 0.062203433 0.998060763 -0.002442269 -3.788560390 0.165029779 -0.007871991 0.986256778 170.697189331
0.984920204 -0.059608307 -0.162419394 -26.645771027 0.059862826 0.998201311 -0.003330909 -3.850522280 0.162325725 -0.006442214 0.986715794 172.847198486
0.985399008 -0.058141921 -0.160029516 -27.016023636 0.058348853 0.998290718 -0.003409744 -3.906754732 0.159954146 -0.005977591 0.987105966 174.909408569
0.985860765 -0.056980699 -0.157584563 -27.388874054 0.057253215 0.998355985 -0.002813362 -3.960054159 0.157485723 -0.006248649 0.987501144 177.050231934
0.986186624 -0.057243191 -0.155435845 -27.763319016 0.057683062 0.998333752 -0.001682797 -4.003763199 0.155273110 -0.007306472 0.987844288 179.210815430
0.986313581 -0.060131706 -0.153528348 -28.124866486 0.060701866 0.998155653 -0.000975435 -4.058212757 0.153303772 -0.008357380 0.988143504 181.459167480
0.986323059 -0.064555630 -0.151659727 -28.509782791 0.065085173 0.997878790 -0.001475138 -4.109383106 0.151433200 -0.008415845 0.988431394 183.691619873
0.986206412 -0.069126703 -0.150398627 -28.863529205 0.069738470 0.997564673 -0.001209299 -4.169110298 0.150115892 -0.009295958 0.988624454 185.933120728
0.986157238 -0.073211342 -0.148779675 -29.224460602 0.073927969 0.997263432 -0.000715467 -4.230532646 0.148424849 -0.010293422 0.988869846 188.135726929
0.986310601 -0.076138839 -0.146272659 -29.612258911 0.076866426 0.997041225 -0.000679872 -4.294445515 0.145891577 -0.010572896 0.989243805 190.348022461
0.986590564 -0.077796973 -0.143485665 -29.966651917 0.078549989 0.996910095 -0.000417906 -4.355819702 0.143074766 -0.010858500 0.989652038 192.537841797
0.986990273 -0.078289196 -0.140436828 -30.276758194 0.078984261 0.996875703 -0.000626289 -4.412483692 0.140047029 -0.010474163 0.990089178 194.641815186
0.987550676 -0.077410340 -0.136940807 -30.625646591 0.077952512 0.996956170 -0.001407246 -4.462892056 0.136632875 -0.009285160 0.990577936 196.883651733
0.988245308 -0.075617172 -0.132870853 -30.996383667 0.076010592 0.997104824 -0.002116243 -4.529392242 0.132646173 -0.008008234 0.991130769 199.113128662
0.988957345 -0.074162140 -0.128315151 -31.349014282 0.074505076 0.997218430 -0.002131926 -4.607202530 0.128116339 -0.007451758 0.991730869 201.248764038
0.989517152 -0.073972709 -0.124037653 -31.658700943 0.074350096 0.997231007 -0.001590160 -4.686290264 0.123811819 -0.007648731 0.992275953 203.420166016
0.989926994 -0.075722605 -0.119633630 -31.974901199 0.076069452 0.997101188 -0.001671357 -4.735774994 0.119413398 -0.007445953 0.992816389 205.590881348
0.990307629 -0.077437960 -0.115307361 -32.263824463 0.077685401 0.996975183 -0.002353161 -4.795097351 0.115140818 -0.006627357 0.993326783 207.919662476
0.990570605 -0.079444587 -0.111624382 -32.535865784 0.079680324 0.996817708 -0.002354635 -4.846161366 0.111456245 -0.006561847 0.993747413 210.153656006
0.990786672 -0.081664227 -0.108047597 -32.825515747 0.081844382 0.996641278 -0.002773463 -4.913599968 0.107911214 -0.006095191 0.994141638 212.390258789
0.991044223 -0.083282381 -0.104388244 -33.091758728 0.083290547 0.996516049 -0.004288348 -4.967546940 0.104381740 -0.004444627 0.994527161 214.596481323
0.991340756 -0.084134519 -0.100828670 -33.339485168 0.084119752 0.996445894 -0.004405461 -5.030298233 0.100841001 -0.004114386 0.994893849 216.782150269
0.991665840 -0.084552944 -0.097217605 -33.586608887 0.084620677 0.996407270 -0.003433320 -5.110929012 0.097158663 -0.004821930 0.995257080 218.953643799
0.992029071 -0.084268115 -0.093695231 -33.790641785 0.084486276 0.996423244 -0.001642803 -5.161864281 0.093498580 -0.006286267 0.995599449 221.076171875
0.992464960 -0.083240740 -0.089921683 -34.014015198 0.083577655 0.996501267 -0.000018519 -5.213502407 0.089608654 -0.007497076 0.995948732 223.244140625
0.992917776 -0.082147673 -0.085834652 -34.214679718 0.082529172 0.996588230 0.000899730 -5.278092861 0.085467935 -0.007977232 0.996308923 225.337493896
0.993357122 -0.081878528 -0.080863923 -34.449634552 0.082111090 0.996623039 -0.000450663 -5.314879894 0.080627792 -0.006192169 0.996724963 227.491790771
0.993729770 -0.082401030 -0.075581118 -34.659278870 0.082483478 0.996590316 -0.002035392 -5.358588696 0.075491175 -0.004211578 0.997137487 229.602218628
0.994026959 -0.083251312 -0.070574984 -34.839721680 0.083317056 0.996520996 -0.002016764 -5.417563438 0.070497401 -0.003875396 0.997504413 231.788146973
0.994229615 -0.085182995 -0.065211602 -35.036361694 0.085203625 0.996360421 -0.002469678 -5.465497494 0.065184683 -0.003100853 0.997868419 233.900314331
0.994499564 -0.085931249 -0.059896968 -35.191787720 0.085882068 0.996299446 -0.003399647 -5.523635387 0.059967503 -0.001763143 0.998198807 236.108673096
0.994843900 -0.085734598 -0.054188799 -35.382957458 0.085613042 0.996317923 -0.004564615 -5.574888706 0.054380674 -0.000098206 0.998520315 238.249908447
0.995186031 -0.084899612 -0.048969958 -35.509948730 0.084768027 0.996389210 -0.004761171 -5.646184921 0.049197424 0.000587147 0.998788953 240.466934204
0.995469034 -0.084513687 -0.043589111 -35.632381439 0.084395297 0.996421814 -0.004551982 -5.702104092 0.043817911 0.000852624 0.999039173 242.671890259
0.995734990 -0.083958216 -0.038262062 -35.755054474 0.083870918 0.996468902 -0.003883147 -5.763206482 0.038453046 0.000657495 0.999260187 244.844528198
0.995936632 -0.083805837 -0.032985937 -35.849582672 0.083713576 0.996481001 -0.004169669 -5.820948124 0.033219371 0.001391338 0.999447107 246.931350708
0.996108234 -0.083675124 -0.027714141 -35.929138184 0.083591737 0.996491253 -0.004154851 -5.885969162 0.027964631 0.001821991 0.999607265 249.033691406
0.996205866 -0.083967127 -0.022903848 -35.989841461 0.083913527 0.996467412 -0.003291469 -5.936919689 0.023099389 0.001357021 0.999732316 251.211502075
0.996169925 -0.085388646 -0.018856602 -36.031753540 0.085367560 0.996347487 -0.001919610 -6.000612259 0.018951718 0.000302499 0.999820411 253.476242065
0.996287942 -0.085002847 -0.013648694 -36.092285156 0.084988438 0.996380448 -0.001630309 -6.060231686 0.013737954 0.000464258 0.999905586 255.634521484
0.996294618 -0.085592061 -0.008513775 -36.139122009 0.085575789 0.996328950 -0.002253424 -6.107855797 0.008675478 0.001516483 0.999961317 257.786865234
0.996315718 -0.085706174 -0.003305295 -36.166934967 0.085697584 0.996317506 -0.002643058 -6.164852619 0.003519736 0.002350045 0.999991119 259.918731689
0.996302962 -0.085892349 0.002090914 -36.197532654 0.085899226 0.996297479 -0.003493847 -6.219090939 -0.001782989 0.003660518 0.999991834 262.064300537
0.996211171 -0.086682878 0.007141699 -36.201602936 0.086709678 0.996227145 -0.003540416 -6.267739773 -0.006807770 0.004146235 0.999968350 264.156188965
0.996042311 -0.088085972 0.011923985 -36.183616638 0.088137127 0.996100724 -0.003838409 -6.320831776 -0.011539287 0.004874143 0.999921620 266.279754639
0.995832086 -0.089673959 0.016691519 -36.164379120 0.089749359 0.995956779 -0.003826821 -6.386641979 -0.016280770 0.005308904 0.999853432 268.406372070
0.995628953 -0.090884037 0.021556828 -36.151866913 0.090979956 0.995846272 -0.003512482 -6.444483757 -0.021147959 0.005458347 0.999761522 270.666595459
0.995484352 -0.091527127 0.025206100 -36.051727295 0.091618881 0.995790720 -0.002510047 -6.467844009 -0.024870163 0.004808046 0.999679208 272.775909424
0.995352626 -0.091467150 0.030143535 -36.027008057 0.091559477 0.995797932 -0.001696374 -6.524073601 -0.029861603 0.004448395 0.999544203 274.926452637
0.995234668 -0.091084033 0.034833122 -35.968265533 0.091189951 0.995832145 -0.001462718 -6.573907375 -0.034554604 0.004632157 0.999392152 277.090820312
0.995107532 -0.090461403 0.039743166 -35.915748596 0.090604335 0.995885074 -0.001807984 -6.621532440 -0.039415963 0.005400020 0.999208331 279.184387207
0.994947195 -0.089890070 0.044740811 -35.854316711 0.090068996 0.995933294 -0.001996726 -6.669247627 -0.044379264 0.006016375 0.998996675 281.258270264
0.994788468 -0.089079313 0.049624503 -35.791625977 0.089278691 0.996004820 -0.001812582 -6.720304966 -0.049264666 0.006233524 0.998766303 283.368743896
0.994525909 -0.089144692 0.054527480 -35.693809509 0.089367732 0.995997071 -0.001662009 -6.765257835 -0.054160934 0.006525886 0.998510897 285.540283203
0.994212747 -0.089348719 0.059662625 -35.609767914 0.089583002 0.995978355 -0.001259182 -6.814699650 -0.059310053 0.006596630 0.998217821 287.742034912
0.993770182 -0.090945236 0.064432077 -35.509136200 0.091126539 0.995839059 0.000124568 -6.869704247 -0.064175189 0.005747657 0.997922063 289.885009766
0.993095040 -0.094518408 0.069499098 -35.383903503 0.094742939 0.995501459 0.000064983 -6.911859035 -0.069192477 0.006519991 0.997581959 292.013610840
0.992510080 -0.096952662 0.074334666 -35.238067627 0.097439796 0.995236754 -0.002947203 -6.960146904 -0.073694721 0.010168256 0.997228980 294.136718750
0.992155552 -0.096287929 0.079736054 -35.098312378 0.097070143 0.995259285 -0.005984412 -7.013849258 -0.078781687 0.013677428 0.996798038 296.246154785
0.991889298 -0.093823284 0.085759841 -34.977214813 0.094791554 0.995470226 -0.007280630 -7.065577984 -0.084688142 0.015350858 0.996289194 298.335235596
0.991563857 -0.091789052 0.091530055 -34.819789886 0.092945635 0.995634973 -0.008446241 -7.122835636 -0.090355121 0.016882276 0.995766461 300.369720459
0.991227746 -0.089734033 0.097042233 -34.654243469 0.091018848 0.995809078 -0.008886669 -7.185285091 -0.095837981 0.017641354 0.995240569 302.459655762
0.990845680 -0.087918438 0.102454565 -34.456619263 0.089403741 0.995944917 -0.009988138 -7.250975609 -0.101160839 0.019056493 0.994687557 304.582550049
0.990441799 -0.086106598 0.107761458 -34.267620087 0.087582558 0.996115804 -0.009031085 -7.312453270 -0.106565133 0.018382754 0.994135797 306.633178711
0.989812672 -0.086541787 0.113063149 -34.048534393 0.088015780 0.996085584 -0.008101869 -7.377759933 -0.111919299 0.017970638 0.993554771 308.734283447
0.989102542 -0.087567799 0.118363678 -33.822048187 0.089005813 0.996006608 -0.006908242 -7.437454700 -0.117285945 0.017367980 0.992946267 310.792480469
0.988397181 -0.088709310 0.123302691 -33.587188721 0.090046056 0.995922983 -0.005300350 -7.496517181 -0.122329667 0.016341737 0.992354989 312.839630127
0.987630904 -0.089864567 0.128497124 -33.343967438 0.091285281 0.995810688 -0.005198383 -7.551595688 -0.127491534 0.016863944 0.991696298 314.923614502
0.986888945 -0.090099722 0.133918896 -33.095130920 0.091751054 0.995762169 -0.006198668 -7.606124878 -0.132792756 0.018404560 0.990972936 316.974761963
0.986059427 -0.090777792 0.139456883 -32.823619843 0.092686012 0.995668590 -0.007236884 -7.666997910 -0.138195768 0.020061662 0.990201712 319.075866699
0.985203028 -0.092384875 0.144368008 -32.544750214 0.094355427 0.995514512 -0.006848271 -7.722859859 -0.143087655 0.020368805 0.989500344 321.118804932
0.984384000 -0.093303710 0.149280459 -32.254951477 0.095165007 0.995446563 -0.005358724 -7.777961254 -0.148100600 0.019481281 0.988780379 323.187469482
0.983644366 -0.093055859 0.154228419 -31.969295502 0.094935477 0.995471060 -0.004851400 -7.826974869 -0.153078347 0.019413764 0.988023341 325.232910156
0.982825935 -0.093058072 0.159359589 -31.679168701 0.094888449 0.995479703 -0.003898674 -7.877787590 -0.158276305 0.018953063 0.987212956 327.272399902
0.982055366 -0.092641845 0.164277032 -31.358493805 0.094402857 0.995529175 -0.002928220 -7.931499481 -0.163271174 0.018383857 0.986409962 329.356323242
0.981186390 -0.093275674 0.169042006 -31.025142670 0.095061205 0.995467722 -0.002482789 -7.984632492 -0.168044150 0.018505376 0.985605776 331.446197510
0.980412543 -0.092884183 0.173683509 -30.695249557 0.094746903 0.995497823 -0.002446553 -8.034566879 -0.172674164 0.018854566 0.984798551 333.471160889
0.979577899 -0.092918485 0.178312898 -30.332309723 0.094925731 0.995480001 -0.002739717 -8.086992264 -0.177252203 0.019610208 0.983970106 335.557922363
0.978747129 -0.092147738 0.183207467 -29.973628998 0.094422348 0.995524704 -0.003712353 -8.139143944 -0.182045326 0.020932291 0.983067334 337.632904053
0.977914631 -0.091598496 0.187869042 -29.613147736 0.094003402 0.995563626 -0.003912586 -8.192760468 -0.186677054 0.021486463 0.982186377 339.670135498
0.976985633 -0.091668904 0.192608386 -29.237970352 0.094064653 0.995559990 -0.003311382 -8.239872932 -0.191449508 0.021352772 0.981270254 341.734344482
0.976095021 -0.091910653 0.196959689 -28.829595566 0.094081365 0.995562494 -0.001672539 -8.298735619 -0.195931807 0.020162754 0.980410278 343.856506348
0.975103676 -0.092582069 0.201503456 -28.430416107 0.094577692 0.995516837 -0.000277478 -8.339622498 -0.200574234 0.019328263 0.979487896 345.905975342
0.974121094 -0.091714099 0.206588522 -28.011371613 0.093616232 0.995607615 0.000570409 -8.384942055 -0.205733240 0.018784352 0.978427947 347.990447998
0.973049581 -0.091287203 0.211762279 -27.572183609 0.093145683 0.995651186 0.001204020 -8.430426598 -0.210951075 0.018553132 0.977320671 350.064544678
0.971768916 -0.090320773 0.217966869 -27.137510300 0.092630751 0.995699883 -0.000381500 -8.482760429 -0.216994926 0.020561123 0.975956261 352.241668701
0.970430732 -0.089329943 0.224246547 -26.719400406 0.092405297 0.995715618 -0.003235630 -8.531132698 -0.222996533 0.023861483 0.974527240 354.204528809
0.968858778 -0.089851998 0.230741218 -26.288469315 0.093632169 0.995591223 -0.005462152 -8.571881294 -0.229232937 0.026896814 0.972999990 356.374145508
0.967373192 -0.089209549 0.237134844 -25.821332932 0.093565360 0.995586753 -0.007154732 -8.631247520 -0.235449821 0.029108860 0.971450567 358.445312500
0.965718389 -0.090460896 0.243324906 -25.320861816 0.095230505 0.995423317 -0.007885851 -8.695617676 -0.241497710 0.030787421 0.969912946 360.529388428
0.964203477 -0.091135785 0.249014318 -24.816474915 0.096367382 0.995305598 -0.008873642 -8.760228157 -0.247036427 0.032552809 0.968459368 362.584381104
0.962612450 -0.091233045 0.255060822 -24.295879364 0.096347369 0.995318055 -0.007602631 -8.828516006 -0.253172815 0.031892780 0.966895342 364.638061523
0.960942149 -0.093127266 0.260614306 -23.747144699 0.097581096 0.995218098 -0.004173582 -8.883398056 -0.258979172 0.029441554 0.965434194 366.703155518
0.959184527 -0.095137343 0.266300887 -23.208467484 0.098878391 0.995098591 -0.000643790 -8.936753273 -0.264934152 0.026948873 0.963889956 368.737579346
0.957592368 -0.095445551 0.271862477 -22.673086166 0.099105917 0.995076180 0.000267259 -8.984214783 -0.270549148 0.026687214 0.962336242 370.737304688
0.956059575 -0.095995918 0.277014613 -22.111700058 0.099801980 0.995006561 0.000361228 -9.037617683 -0.275665849 0.027301213 0.960865796 372.759002686
0.954623282 -0.095163502 0.282206565 -21.566642761 0.098823093 0.995103538 0.001271578 -9.094589233 -0.280945569 0.026674608 0.959353030 374.658599854
0.953025341 -0.096759215 0.287023574 -21.002544403 0.100350358 0.994949043 0.002209577 -9.136445999 -0.285787433 0.026697095 0.957921207 376.681213379
0.951805234 -0.098678015 0.290398955 -20.418867111 0.102219738 0.994756699 0.002987182 -9.178980827 -0.289170861 0.026841251 0.956901312 378.669342041
0.950872719 -0.100793168 0.292717993 -19.810544968 0.104484268 0.994521201 0.003039921 -9.227934837 -0.291420430 0.027693806 0.956194341 380.711761475
0.950014949 -0.103142180 0.294678271 -19.232883453 0.106911466 0.994262218 0.003335899 -9.263092995 -0.293331325 0.028335290 0.955591083 382.674102783
0.949091375 -0.102934495 0.297711253 -18.657239914 0.107151203 0.994239688 0.002167854 -9.291370392 -0.296219260 0.029842587 0.954653859 384.650939941
0.947963178 -0.100967266 0.301949173 -18.058631897 0.105246060 0.994443238 0.002109426 -9.331369400 -0.300484091 0.029779263 0.953322053 386.637176514
0.946275234 -0.099441171 0.307695448 -17.446826935 0.103705920 0.994604111 0.002503683 -9.368332863 -0.306283921 0.029540626 0.951481938 388.657745361
0.944584727 -0.098160602 0.313250721 -16.834775925 0.102130294 0.994763196 0.003754036 -9.410046577 -0.311978608 0.028446347 0.949663401 390.623413086
0.942927361 -0.097455032 0.318421602 -16.208047867 0.100889929 0.994880378 0.005729314 -9.456095695 -0.317349583 0.026723171 0.947932243 392.564636230
0.941219866 -0.097108863 0.323538035 -15.542702675 0.100551650 0.994912446 0.006100440 -9.489235878 -0.322484255 0.026790392 0.946195900 394.570129395
0.939570010 -0.096740603 0.328407258 -14.923707008 0.100296192 0.994938016 0.006137902 -9.529328346 -0.327338457 0.027170971 0.944516659 396.284454346
0.938127756 -0.096511953 0.332571208 -14.227602005 0.100832246 0.994893491 0.004286928 -9.552530289 -0.331286490 0.029512180 0.943068802 398.325592041
0.936164439 -0.096553802 0.338046461 -13.542581558 0.101478636 0.994832158 0.003118661 -9.590571404 -0.336600393 0.031384882 0.941124678 400.318847656
0.934301555 -0.096917585 0.343058944 -12.870300293 0.101989880 0.994779348 0.003271813 -9.631315231 -0.341584861 0.031931654 0.939308584 402.253356934
0.932503104 -0.096664652 0.347988188 -12.187563896 0.101738580 0.994803488 0.003709671 -9.678684235 -0.346538305 0.031944510 0.937492013 404.108093262
0.930470526 -0.095263198 0.353767216 -11.498701096 0.100494757 0.994930327 0.003598269 -9.714962006 -0.352316409 0.032203637 0.935326993 406.054870605
0.928350747 -0.095968112 0.359105468 -10.792568207 0.101192579 0.994857013 0.004267411 -9.746632576 -0.357668012 0.032377128 0.933287621 408.008117676
0.926191390 -0.096310697 0.364548355 -10.078495026 0.101857863 0.994790077 0.004030093 -9.780889511 -0.363037109 0.033399455 0.931176126 409.931884766
0.923906386 -0.097699545 0.369937181 -9.318721771 0.104041412 0.994568229 0.002823301 -9.810240746 -0.368203461 0.035880301 0.929052830 411.948059082
0.921707928 -0.099299997 0.374960899 -8.554879189 0.106116541 0.994349837 0.002481812 -9.848052979 -0.373088658 0.037502035 0.927037656 413.882843018
0.919570982 -0.099025711 0.380243182 -7.827151299 0.105884105 0.994373500 0.002894725 -9.893093109 -0.378390282 0.037599787 0.924882412 415.662231445
0.917239428 -0.100791775 0.385375857 -7.031385422 0.107344121 0.994210780 0.004536148 -9.934027672 -0.383601934 0.037207078 0.922748923 417.628967285
0.915074348 -0.101391189 0.390333772 -6.257423878 0.107380599 0.994195879 0.006511292 -9.972780228 -0.388728321 0.035955936 0.920650780 419.527343750
0.912976086 -0.098470286 0.395954490 -5.478260040 0.104423046 0.994510591 0.006551517 -10.016159058 -0.394425929 0.035365373 0.918247223 421.430877686
0.910792887 -0.097493999 0.401189387 -4.675254822 0.103601955 0.994596779 0.006499170 -10.048513412 -0.399655163 0.035644583 0.915972531 423.328796387
0.908641934 -0.096883386 0.406183660 -3.852370739 0.103092700 0.994648874 0.006624368 -10.076143265 -0.404651791 0.035855368 0.913767934 425.262878418
0.906670809 -0.098294280 0.410229266 -3.026646137 0.105055474 0.994446874 0.006088875 -10.083144188 -0.408549637 0.037576202 0.911962569 427.217193604
0.905026615 -0.096528031 0.414259523 -2.183655739 0.103395626 0.994622171 0.005873727 -10.115797997 -0.412598580 0.037516721 0.910140336 429.144256592
0.903637409 -0.094682105 0.417703807 -1.336258173 0.101343848 0.994830966 0.006259753 -10.152264595 -0.416137248 0.036675144 0.908562124 431.034820557
0.902206063 -0.094416179 0.420846313 -0.481575668 0.101240911 0.994842112 0.006152274 -10.177513123 -0.419256389 0.037056226 0.907111466 432.903289795
0.900612831 -0.095919766 0.423907608 0.369276941 0.102004267 0.994747937 0.008373898 -10.223564148 -0.422484279 0.035698727 0.905667067 434.793823242
0.898955286 -0.097940654 0.426952899 1.250501394 0.103298970 0.994592488 0.010656940 -10.246906281 -0.425687730 0.034523662 0.904211402 436.681152344
0.897244632 -0.098686732 0.430365860 2.094155312 0.104381315 0.994481921 0.010425371 -10.278600693 -0.429019719 0.035568025 0.902594686 438.541839600
0.895616353 -0.097917497 0.433918625 2.964058399 0.104568481 0.994479895 0.008581962 -10.302538872 -0.432363480 0.037688047 0.900911510 440.407836914
0.893822670 -0.098570876 0.437454700 3.854902744 0.105604313 0.994372904 0.008286137 -10.338021278 -0.435809672 0.038790748 0.899202585 442.284393311
0.892092764 -0.098301247 0.441032052 4.742006779 0.105170757 0.994413435 0.008911269 -10.377582550 -0.439444005 0.038433976 0.897447467 444.148468018
0.890856862 -0.098951943 0.443378508 5.636980057 0.105639875 0.994356692 0.009661411 -10.409509659 -0.441832244 0.038231499 0.896282732 445.975189209
0.888984263 -0.099491850 0.447001487 6.546489716 0.106904663 0.994230509 0.008683243 -10.432229996 -0.445286304 0.040067259 0.894491374 447.827728271
0.887033701 -0.099174544 0.450929791 7.467525005 0.107579321 0.994170785 0.007030173 -10.462596893 -0.448998332 0.042274699 0.892532051 449.685974121
0.885013878 -0.099071443 0.454903692 8.349263191 0.107792363 0.994149268 0.006801985 -10.500317574 -0.452915996 0.043015268 0.890514970 451.381134033
0.882911921 -0.100837745 0.458585203 9.340351105 0.109751038 0.993931711 0.007251717 -10.522831917 -0.456533611 0.043927547 0.888621211 453.280914307
0.880697310 -0.101971567 0.462575555 10.272404671 0.110976294 0.993791640 0.007787176 -10.544897079 -0.460497737 0.044476748 0.886546016 455.145416260
0.878730774 -0.101442814 0.466415673 11.191944122 0.109821767 0.993907154 0.009264621 -10.573773384 -0.464513689 0.043081455 0.884517491 456.956542969
0.876700878 -0.099592671 0.470615387 12.121413231 0.107740231 0.994131088 0.009673278 -10.620117188 -0.468816757 0.042223614 0.882285774 458.751739502
0.874755740 -0.097041853 0.474749684 13.114090919 0.105648652 0.994365454 0.008590804 -10.667818069 -0.472908348 0.042641785 0.880079269 460.671356201
0.872749448 -0.095022954 0.478833020 14.077578545 0.104251213 0.994522870 0.007345979 -10.696408272 -0.476908475 0.043507703 0.877875566 462.490447998
0.870641768 -0.092914715 0.483065009 15.047241211 0.102012955 0.994754016 0.007474614 -10.731458664 -0.481225371 0.042771164 0.875552893 464.324829102
0.868453443 -0.091733016 0.487212270 16.016693115 0.100450933 0.994906723 0.008269516 -10.757956505 -0.485489339 0.041759226 0.873244762 466.139038086
0.866060436 -0.092077173 0.491389126 17.009466171 0.100353502 0.994905055 0.009556619 -10.785487175 -0.489765406 0.041035999 0.870888054 467.953094482
0.863445461 -0.094802566 0.495455921 18.011949539 0.102225587 0.994685769 0.012176109 -10.809787750 -0.493977249 0.040134855 0.868548095 469.748077393
0.860462368 -0.098506719 0.499903142 19.031248093 0.105425432 0.994321048 0.014468541 -10.826282501 -0.498489439 0.040252857 0.865960836 471.565887451
0.857539594 -0.100473039 0.504512787 20.021503448 0.107834227 0.994059622 0.014676060 -10.846033096 -0.502990365 0.041818433 0.863279879 473.318298340
0.854489863 -0.101317793 0.509493828 21.044580460 0.109748699 0.993865669 0.013576857 -10.857512474 -0.507744014 0.044314984 0.860367656 475.085479736
0.851463079 -0.100831829 0.514631569 22.103723526 0.110568665 0.993797719 0.011778325 -10.869503021 -0.512627304 0.046873301 0.857331038 476.895721436
0.848452270 -0.099586383 0.519820452 23.185333252 0.110642441 0.993810952 0.009802232 -10.891861916 -0.517579436 0.049197465 0.854219854 478.709045410
0.845322073 -0.097570919 0.525273740 24.251045227 0.109370537 0.993962646 0.008621623 -10.919744492 -0.522943795 0.050161414 0.850890219 480.494995117
0.842353463 -0.096635051 0.530192673 25.327260971 0.108129434 0.994091392 0.009394793 -10.944245338 -0.527967989 0.049415693 0.847825706 482.270507812
0.839226246 -0.096466087 0.535159290 26.418340683 0.106792629 0.994210899 0.011743470 -10.966490746 -0.533194244 0.047295637 0.844670057 484.043121338
0.836055338 -0.096299283 0.540129304 27.519618988 0.104815200 0.994376838 0.015045713 -10.980216026 -0.538541198 0.044034712 0.841448069 485.813293457
0.832774878 -0.096975453 0.545053661 28.631694794 0.103645861 0.994439781 0.018572016 -10.996657372 -0.543824375 0.041026250 0.838195980 487.581970215
0.829526007 -0.096497342 0.550069571 29.722892761 0.101990111 0.994569540 0.020670172 -11.007501602 -0.549077392 0.038955208 0.834863544 489.280273438
0.826326191 -0.096500926 0.554864168 30.878263474 0.102387920 0.994532406 0.020487254 -11.014404297 -0.553807855 0.039882235 0.831689179 491.051910400
0.823276460 -0.094757855 0.559677124 32.006267548 0.101798326 0.994628966 0.018655235 -11.020313263 -0.558439195 0.041615780 0.828501284 492.722686768
0.820265889 -0.092791267 0.564407051 33.100402832 0.101548739 0.994701505 0.015950918 -11.033110619 -0.562897086 0.044230834 0.825343013 494.401245117
0.817592978 -0.092895061 0.568255126 34.262550354 0.103298619 0.994551241 0.013960001 -11.041784286 -0.566456079 0.047286373 0.822734535 496.120117188
0.815628052 -0.093430266 0.570984542 35.415702820 0.104359850 0.994444788 0.013647638 -11.061560631 -0.569088101 0.048456464 0.820847869 497.835388184
0.813633204 -0.093731366 0.573774338 36.569839478 0.104571067 0.994415402 0.014161654 -11.077430725 -0.571897864 0.048477802 0.818891466 499.537048340
0.811528444 -0.093786255 0.576738477 37.704036713 0.104049899 0.994453132 0.015304593 -11.089139938 -0.574975133 0.047589466 0.816785932 501.217407227
0.809254467 -0.094396114 0.579825997 38.880119324 0.104037203 0.994432151 0.016691428 -11.081870079 -0.578173578 0.046815857 0.814569831 502.903961182
0.806448340 -0.094664469 0.583679080 40.058582306 0.104168929 0.994406998 0.017352551 -11.084747314 -0.582057655 0.046807285 0.811799467 504.589508057
0.803403497 -0.094500408 0.587889493 41.267272949 0.104423784 0.994383991 0.017138291 -11.093315125 -0.586207807 0.047620680 0.808760166 506.302612305
0.800139964 -0.094448417 0.592331827 42.499652863 0.105883121 0.994256437 0.015506165 -11.103937149 -0.590394676 0.050310846 0.805545330 508.033935547
0.796918392 -0.094877258 0.596591115 43.749977112 0.107592084 0.994089961 0.014372657 -11.118442535 -0.594429314 0.052734647 0.802417159 509.773559570
0.793598056 -0.095133781 0.600960255 44.989334106 0.109894127 0.993867040 0.012211677 -11.119131088 -0.598436773 0.056350838 0.799186170 511.461517334
0.790617466 -0.094079703 0.605041027 46.226993561 0.109674118 0.993902862 0.011232262 -11.134200096 -0.602409124 0.057476919 0.796115637 513.102294922
0.787598789 -0.093097612 0.609116256 47.477996826 0.108309262 0.994044900 0.011884659 -11.155512810 -0.606595755 0.056612588 0.792992473 514.773559570
0.784378052 -0.092707790 0.613317251 48.755176544 0.106424622 0.994218409 0.014176724 -11.163212776 -0.611086011 0.054152146 0.789709985 516.482055664
0.781011283 -0.092622690 0.617611647 50.031677246 0.104232766 0.994400799 0.017320402 -11.180984497 -0.615758181 0.050847944 0.786293030 518.167175293
0.777911782 -0.093693264 0.621350706 51.309238434 0.103435256 0.994424582 0.020451518 -11.193138123 -0.619802952 0.048360091 0.783266246 519.818054199
0.774598718 -0.095216043 0.625246108 52.589138031 0.104083471 0.994313240 0.022474106 -11.190749168 -0.623830676 0.047669362 0.780104697 521.455993652
0.771166861 -0.095651522 0.629408002 53.884048462 0.105932735 0.994143963 0.021289481 -11.183950424 -0.627758861 0.050257161 0.776784062 523.099670410
0.768038869 -0.095984392 0.633170843 55.218475342 0.108879149 0.993879676 0.018594850 -11.181036949 -0.631080806 0.054657530 0.773789465 524.750854492
0.764816344 -0.095622241 0.637114108 56.534446716 0.110561222 0.993732214 0.016424168 -11.184194565 -0.634691656 0.057878647 0.770595253 526.382873535
0.761524320 -0.094629064 0.641192675 57.883171082 0.110419258 0.993762493 0.015521173 -11.194993973 -0.638662279 0.058980275 0.767223716 528.053649902
0.758319557 -0.094040304 0.645065725 59.227901459 0.109250352 0.993876576 0.016460279 -11.199490547 -0.642663956 0.057991516 0.763950586 529.694152832
0.755089700 -0.092712015 0.649034679 60.583461761 0.106673665 0.994131446 0.017903412 -11.207823753 -0.646885991 0.055716228 0.760548890 531.331359863
0.752201140 -0.088050134 0.653025687 61.875144958 0.098777547 0.994899690 0.020367727 -11.268302917 -0.651488721 0.049183652 0.757062554 532.829223633
0.748975337 -0.089092903 0.656582296 63.253692627 0.097566716 0.994945049 0.023710154 -11.264312744 -0.655376077 0.046302263 0.753882349 534.463623047
0.745564044 -0.091119722 0.660176754 64.632156372 0.097151071 0.994885325 0.027600985 -11.259422302 -0.659315586 0.043558571 0.750603676 536.084411621
0.742377937 -0.092021890 0.663633108 66.010032654 0.097705282 0.994801521 0.028644558 -11.248004913 -0.662819564 0.043575361 0.747510254 537.672058105
0.739094973 -0.091510244 0.667357862 67.390869141 0.099310428 0.994704366 0.026411640 -11.237540245 -0.666241109 0.046754867 0.744269431 539.250793457
