1.000000000 0.000000000 0.000000000 0.000000000 0.000000000 1.000000000 0.000000000 0.000000000 0.000000000 0.000000000 1.000000000 0.000000000
0.999990642 -0.002645002 -0.003417040 -0.000965872 0.002637758 0.999994278 -0.002122712 -0.005087763 0.003422635 0.002113678 0.999991894 0.671752155
0.999971092 -0.001543514 -0.007435764 -0.013494342 0.001516909 0.999992430 -0.003582348 -0.011666509 0.007441237 0.003570965 0.999965966 1.353134155
0.999934614 -0.001527925 -0.011329727 -0.028292889 0.001470983 0.999986231 -0.005032509 -0.016585167 0.011337261 0.005015514 0.999923170 2.061102152
0.999869168 0.000017104 -0.016176634 -0.045921139 -0.000108695 0.999983907 -0.005661088 -0.022251997 0.016176276 0.005662105 0.999853194 2.785318136
0.999782681 -0.000942505 -0.020825742 -0.058188096 0.000816691 0.999981344 -0.006048961 -0.027035162 0.020831054 0.006030638 0.999764860 3.524336338
0.999675930 0.000961690 -0.025439169 -0.080083191 -0.001143982 0.999973774 -0.007152221 -0.040215619 0.025431624 0.007179005 0.999650836 4.278051376
0.999535024 0.003563162 -0.030285347 -0.111377269 -0.003796129 0.999963582 -0.007638391 -0.051152274 0.030257029 0.007749805 0.999512136 5.034116268
0.999394536 0.003764861 -0.034591064 -0.145094082 -0.003977327 0.999973595 -0.006075496 -0.057861019 0.034567278 0.006209397 0.999383092 5.812926292
0.999232829 0.003229762 -0.039030299 -0.181288049 -0.003365211 0.999988556 -0.003405157 -0.067497104 0.039018851 0.003533889 0.999232233 6.602297783
0.999089658 0.002835025 -0.042564139 -0.217745006 -0.002870270 0.999995589 -0.000766949 -0.079002000 0.042561773 0.000888421 0.999093473 7.419937134
0.998969853 0.004568901 -0.045146611 -0.262029201 -0.004632528 0.999988437 -0.001304817 -0.090780377 0.045140117 0.001512616 0.998979568 8.232760429
0.998864233 0.004045890 -0.047474120 -0.302143514 -0.004119742 0.999990463 -0.001457882 -0.100298747 0.047467757 0.001651807 0.998871446 9.055540085
0.998784602 0.001054380 -0.049276106 -0.339315027 -0.001154622 0.999997377 -0.002005871 -0.106765263 0.049273849 0.002060328 0.998783231 9.892981529
0.998666644 0.001015181 -0.051612876 -0.379185736 -0.001072623 0.999998927 -0.001085264 -0.117736280 0.051611707 0.001139178 0.998666644 10.728323936
0.998584151 -0.000411512 -0.053192507 -0.422521710 0.000343384 0.999999225 -0.001289936 -0.128619000 0.053192984 0.001269844 0.998583555 11.573300362
0.998482943 0.001969883 -0.055024974 -0.474283397 -0.002167184 0.999991536 -0.003526241 -0.142143175 0.055017550 0.003640140 0.998478889 12.433021545
0.998399317 0.002793840 -0.056487404 -0.525586486 -0.003151816 0.999975681 -0.006249162 -0.150847882 0.056468550 0.006417198 0.998383880 13.290526390
0.998278797 0.006949518 -0.058231320 -0.583728135 -0.007427174 0.999940693 -0.007990315 -0.160841867 0.058172315 0.008409058 0.998271286 14.161932945
0.998209476 0.007894815 -0.059288818 -0.638484895 -0.008366966 0.999935389 -0.007719523 -0.174166635 0.059224021 0.008201770 0.998211145 15.048511505
0.998124421 0.007298867 -0.060778055 -0.691401005 -0.007689300 0.999951422 -0.006192495 -0.189452201 0.060729884 0.006648223 0.998132229 15.925953865
0.998022556 0.008188269 -0.062317163 -0.748792231 -0.008503290 0.999952495 -0.004791565 -0.201672092 0.062274948 0.005311993 0.998045027 16.816549301
0.997974217 0.007935034 -0.063118689 -0.813862324 -0.008250628 0.999954879 -0.004740884 -0.212527633 0.063078202 0.005252051 0.997994900 17.713205338
0.997859180 0.007740743 -0.064935036 -0.875239134 -0.008126408 0.999951005 -0.005677189 -0.226187006 0.064887896 0.006192726 0.997873485 18.617376328
0.997789860 0.005933477 -0.066179037 -0.933019519 -0.006363005 0.999960184 -0.006281483 -0.241078943 0.066139124 0.006688700 0.997788131 19.509218216
0.997743309 0.006029764 -0.066869088 -0.992429495 -0.006351212 0.999969423 -0.004595567 -0.253059059 0.066839330 0.005009898 0.997751296 20.440608978
0.997731328 0.007141782 -0.066939272 -1.056156874 -0.007225608 0.999973536 -0.001010229 -0.269290417 0.066930287 0.001491616 0.997756660 21.349342346
0.997775614 0.008117273 -0.066163510 -1.120593786 -0.007953566 0.999964774 0.002737336 -0.281306118 0.066183396 -0.002205010 0.997805119 22.278371811
0.997884810 0.006898446 -0.064637594 -1.181854367 -0.006543968 0.999962509 0.005694214 -0.290053308 0.064674452 -0.005259183 0.997892618 23.209411621
0.997974634 0.007390756 -0.063179858 -1.244623303 -0.007000196 0.999955177 0.006400868 -0.298356116 0.063224323 -0.005945632 0.997981668 24.154001236
0.998065829 0.007810037 -0.061670169 -1.306648254 -0.007598632 0.999964595 0.003661786 -0.308581501 0.061696570 -0.003186095 0.998089910 25.087106705
0.998120248 0.008661487 -0.060667809 -1.373782396 -0.008742907 0.999961376 -0.001076707 -0.319697648 0.060656123 0.001605097 0.998157442 26.016117096
0.998202503 0.007803664 -0.059417620 -1.434619784 -0.008054147 0.999959826 -0.003977293 -0.332723230 0.059384182 0.004448703 0.998225272 26.949850082
0.998259783 0.005297958 -0.058727611 -1.487344503 -0.005481531 0.999980748 -0.002965143 -0.342337668 0.058710758 0.003281902 0.998269618 27.893112183
0.998254061 0.003509786 -0.058958977 -1.549091101 -0.003387334 0.999992132 0.002176733 -0.357627839 0.058966137 -0.001973218 0.998257995 28.877143860
0.998212934 -0.000268480 -0.059753064 -1.607330322 0.000603404 0.999984443 0.005587153 -0.368188411 0.059750617 -0.005613222 0.998197496 29.846881866
0.998123705 -0.007491719 -0.060766224 -1.661710620 0.007818236 0.999956429 0.005137286 -0.381493628 0.060725074 -0.005602730 0.998138785 30.795608521
0.998005569 -0.009283999 -0.062435471 -1.709411979 0.009390684 0.999955058 0.001415443 -0.395271778 0.062419511 -0.001998930 0.998047948 31.767602921
0.997925818 -0.009081122 -0.063725851 -1.777299881 0.008935909 0.999956906 -0.002563394 -0.406097263 0.063746370 0.001988632 0.997964084 32.744365692
0.997788370 -0.007610639 -0.066029027 -1.842833281 0.007416578 0.999967575 -0.003183655 -0.417289823 0.066051088 0.002686908 0.997812569 33.716415405
0.997747064 -0.007789148 -0.066629082 -1.908797026 0.007697115 0.999969184 -0.001637895 -0.431193531 0.066639759 0.001121357 0.997776389 34.691410065
0.997668028 -0.004874048 -0.068073839 -1.981445551 0.004975086 0.999986887 0.001314786 -0.447426438 0.068066522 -0.001650390 0.997679293 35.674163818
0.997594833 -0.005015482 -0.069128335 -2.049866676 0.005210767 0.999983132 0.002644943 -0.458854318 0.069113888 -0.002998790 0.997604132 36.657047272
0.997530043 -0.003899758 -0.070127942 -2.124730825 0.004279163 0.999977231 0.005260789 -0.466609806 0.070105806 -0.005547881 0.997523963 37.635280609
0.997558951 -0.004372350 -0.069687031 -2.206398010 0.004958140 0.999954045 0.008235270 -0.469651371 0.069647804 -0.008560683 0.997534692 38.627063751
0.997520506 0.001323183 -0.070358612 -2.285356998 -0.000576010 0.999943495 0.010638784 -0.474938244 0.070368700 -0.010571874 0.997464836 39.600334167
0.997532129 0.001486028 -0.070190214 -2.368575811 -0.000795665 0.999951363 0.009862594 -0.478038996 0.070201434 -0.009782403 0.997484684 40.596935272
0.997546613 0.001455546 -0.069985241 -2.443372250 -0.000883645 0.999966323 0.008202067 -0.479954034 0.069994800 -0.008120098 0.997514129 41.576946259
0.997540474 0.003705297 -0.069989547 -2.523857832 -0.003295175 0.999977112 0.005974391 -0.483821183 0.070010066 -0.005729065 0.997529626 42.559394836
0.997471154 0.003127211 -0.070999049 -2.591650724 -0.002707734 0.999978662 0.006003758 -0.490660995 0.071016297 -0.005796326 0.997458100 43.543823242
0.997368753 0.001044002 -0.072482876 -2.658408642 -0.000514256 0.999973357 0.007326894 -0.496219069 0.072488576 -0.007270336 0.997342527 44.522609711
0.997308552 0.001583900 -0.073297493 -2.733680964 -0.000976734 0.999965250 0.008318734 -0.502906859 0.073308103 -0.008224748 0.997275174 45.515964508
0.997293353 0.004022058 -0.073410839 -2.812387943 -0.003689116 0.999982655 0.004670432 -0.511446238 0.073428333 -0.004386967 0.997290552 46.470260620
0.997227669 0.004647390 -0.074261189 -2.892682076 -0.004617638 0.999989569 0.000572405 -0.521246254 0.074263044 -0.000227905 0.997238338 47.424171448
0.997167766 0.005505580 -0.075004071 -2.968418121 -0.005572403 0.999984622 -0.000681589 -0.532865584 0.074999139 0.001097612 0.997182667 48.383541107
0.997163653 0.004272318 -0.075138383 -3.041332722 -0.004073242 0.999988139 0.002802583 -0.547161579 0.075149439 -0.002488574 0.997168839 49.354408264
0.997162342 0.002536905 -0.075233988 -3.115458250 -0.002090159 0.999980032 0.006016289 -0.560575604 0.075247727 -0.005841963 0.997147381 50.329113007
0.997114837 0.000420256 -0.075901955 -3.182529926 0.000091474 0.999977589 0.006738433 -0.572346270 0.075903066 -0.006725932 0.997092128 51.289337158
0.997093320 -0.002386072 -0.076147698 -3.256841898 0.002817137 0.999980927 0.005554025 -0.584308267 0.076132968 -0.005752397 0.997080684 52.236499786
0.997063458 -0.004268198 -0.076455101 -3.328112841 0.004607083 0.999980628 0.004256642 -0.598522723 0.076435424 -0.004596375 0.997063518 53.176063538
0.996973455 -0.005864488 -0.077515833 -3.402109146 0.006304118 0.999965668 0.005427986 -0.607947409 0.077481315 -0.005900225 0.996975899 54.120773315
0.996860564 -0.009045751 -0.078653149 -3.473229170 0.009828773 0.999906063 0.009573912 -0.616112471 0.078559130 -0.010316916 0.996855617 55.071582794
0.996792972 -0.009715908 -0.079426222 -3.544376850 0.010916136 0.999832690 0.014690980 -0.624450326 0.079270177 -0.015510889 0.996732056 56.010784149
0.996760309 -0.007952347 -0.080029532 -3.622188568 0.009339994 0.999812424 0.016979786 -0.630958080 0.079879478 -0.017672246 0.996647418 56.952442169
0.996654689 -0.006730456 -0.081444167 -3.701493025 0.007812617 0.999885499 0.012975782 -0.634855390 0.081347503 -0.013568660 0.996593058 57.874973297
0.996550858 -0.005153712 -0.082818381 -3.782147169 0.005608231 0.999970675 0.005256470 -0.639561594 0.082788855 -0.005702800 0.996550441 58.793842316
0.996486306 -0.003578425 -0.083673596 -3.863728285 0.003630700 0.999993503 0.000472632 -0.647169948 0.083671354 -0.000774761 0.996492803 59.703086853
0.996409118 0.001234132 -0.084654175 -3.951147079 -0.001121045 0.999998689 0.001383474 -0.659331620 0.084655747 -0.001283602 0.996409118 60.604652405
0.996290743 0.003877961 -0.085956626 -4.033162117 -0.003562194 0.999986589 0.003826744 -0.675028741 0.085970283 -0.003506353 0.996291220 61.480487823
0.996212006 0.006697484 -0.086692087 -4.121470928 -0.006261933 0.999966621 0.005295214 -0.688478470 0.086724639 -0.004732294 0.996220767 62.378097534
0.996106029 0.007584311 -0.087829240 -4.199644089 -0.007169385 0.999961853 0.005038868 -0.699318886 0.087864086 -0.004389562 0.996122539 63.239402771
0.995939970 0.009070734 -0.089554511 -4.279165268 -0.008582086 0.999946415 0.005840143 -0.709254920 0.089602672 -0.005047865 0.995964527 64.095649719
0.995811045 0.009895407 -0.090891227 -4.359857559 -0.009339575 0.999935329 0.006538798 -0.721495569 0.090950049 -0.005662519 0.995839119 64.931030273
0.995687842 0.009976191 -0.092222370 -4.439008713 -0.009374551 0.999932230 0.006954867 -0.728469312 0.092285492 -0.006060331 0.995713949 65.751106262
0.995561779 0.009897770 -0.093581550 -4.513406277 -0.009178802 0.999925375 0.008110266 -0.739475727 0.093654834 -0.007215302 0.995578349 66.554809570
0.995397270 0.012730782 -0.094978862 -4.595293999 -0.011752654 0.999872386 0.010850868 -0.747587204 0.095104881 -0.009684668 0.995419860 67.343788147
0.995254338 0.014362653 -0.096235275 -4.676850796 -0.012986139 0.999804735 0.014914927 -0.753000200 0.096430704 -0.013594419 0.995246589 68.121078491
0.995032489 0.017500537 -0.097993031 -4.755436897 -0.015940832 0.999734163 0.016677132 -0.758956790 0.098258831 -0.015032196 0.995047092 68.889801025
0.994854808 0.020165088 -0.099275947 -4.838356495 -0.018995779 0.999739110 0.012709882 -0.766436756 0.099506326 -0.010758663 0.994978487 69.636558533
0.994720638 0.020350717 -0.100574225 -4.917692661 -0.019902328 0.999787331 0.005459987 -0.775630891 0.100663938 -0.003429498 0.994914293 70.361686707
0.994571805 0.019535536 -0.102194838 -4.990155697 -0.019672608 0.999806762 -0.000333296 -0.781414211 0.102168567 0.002341930 0.994764090 71.063346863
0.994513273 0.020542288 -0.102566011 -5.066974163 -0.020803390 0.999782860 -0.001476324 -0.790267348 0.102513395 0.003601948 0.994724870 71.753753662
0.994363725 0.023351798 -0.103410974 -5.141540527 -0.023259262 0.999727607 0.002101003 -0.802916348 0.103431843 0.000316105 0.994636297 72.422554016
0.994222462 0.023680739 -0.104686774 -5.217172623 -0.023345750 0.999718010 0.004424518 -0.818359613 0.104762010 -0.001954961 0.994495213 73.080528259
0.994186640 0.020657925 -0.105662316 -5.283638954 -0.020644419 0.999786496 0.001221861 -0.832231522 0.105664983 0.000966584 0.994401157 73.720489502
0.994323611 0.012603514 -0.105641350 -5.340315819 -0.013081440 0.999907494 -0.003832225 -0.844732583 0.105583251 0.005192420 0.994396746 74.332313538
0.994466543 0.008665485 -0.104688242 -5.396835804 -0.009619283 0.999917030 -0.008609314 -0.856301546 0.104604922 0.009568708 0.994467676 74.925086975
0.994767904 0.011175469 -0.101539873 -5.462479591 -0.012134126 0.999887764 -0.008828342 -0.867399454 0.101429783 0.010014255 0.994792163 75.504905701
0.995111406 0.016345808 -0.097389057 -5.526896000 -0.016999081 0.999838591 -0.005881687 -0.879952312 0.097277164 0.007508463 0.995228887 76.069572449
0.995574355 0.014977784 -0.092767783 -5.575046062 -0.015301193 0.999879479 -0.002775754 -0.892060757 0.092714995 0.004182931 0.995683730 76.625640869
0.996140778 0.011394210 -0.087018654 -5.611114025 -0.011314834 0.999935448 0.001405478 -0.904571891 0.087029010 -0.000415449 0.996205568 77.166084290
0.996858656 0.007189897 -0.078864276 -5.641512394 -0.006830105 0.999965489 0.004831017 -0.919234991 0.078896239 -0.004277187 0.996873558 77.691154480
0.997610629 0.010873960 -0.068214104 -5.675174236 -0.010583404 0.999933839 0.004619559 -0.927680194 0.068259768 -0.003886582 0.997659922 78.205955505
0.998456895 0.016125675 -0.053123351 -5.705204010 -0.015928745 0.999865055 0.004128689 -0.935579240 0.053182699 -0.003276128 0.998579323 78.707008362
0.999152005 0.021418829 -0.035140265 -5.721522808 -0.021273535 0.999764025 0.004504078 -0.940962195 0.035228372 -0.003752699 0.999372184 79.195114136
0.999713659 0.019931717 -0.013178235 -5.712046623 -0.019868793 0.999791145 0.004890222 -0.946291924 0.013272874 -0.004626985 0.999901175 79.673019409
0.999779820 0.016427046 0.012993889 -5.684285641 -0.016500577 0.999848843 0.005570781 -0.952631652 -0.012900500 -0.005783960 0.999900043 80.138252258
0.998984456 0.015302813 0.042359468 -5.642226696 -0.015610424 0.999854565 0.006940322 -0.961434126 -0.042247195 -0.007594521 0.999078333 80.591316223
0.997062027 0.014866835 0.075131685 -5.582617760 -0.015522990 0.999846756 0.008156778 -0.968850791 -0.074999005 -0.009299080 0.997140288 81.040023804
0.993523300 0.015007590 0.112626515 -5.507026196 -0.016054140 0.999836445 0.008390842 -0.973108768 -0.112482280 -0.010144616 0.993601978 81.486999512
0.987926483 0.015349191 0.154156178 -5.413557529 -0.016786985 0.999827385 0.008029327 -0.976263344 -0.154006451 -0.010520200 0.988013864 81.915649414
0.979878604 0.015074611 0.199020356 -5.296597481 -0.016938398 0.999827683 0.007665363 -0.982599258 -0.198870644 -0.010882208 0.979965389 82.335723877
0.968602777 0.017391242 0.248001039 -5.165794373 -0.019298945 0.999800444 0.005263058 -0.991639674 -0.247860178 -0.009883969 0.968745410 82.739837646
0.953409791 0.018144354 0.301129222 -5.010393143 -0.019710824 0.999803901 0.002164193 -1.002183199 -0.301031083 -0.007998865 0.953580856 83.129974365
0.933906913 0.018675344 0.357025653 -4.833964348 -0.019787947 0.999804497 -0.000536630 -1.006865978 -0.356966108 -0.006563638 0.934094310 83.498962402
0.910185695 0.019110229 0.413757265 -4.630576134 -0.019816238 0.999800742 -0.002585975 -1.015899539 -0.413724482 -0.005845390 0.910383403 83.847732544
0.881348908 0.019351013 0.472067654 -4.417572975 -0.019334346 0.999801576 -0.004886738 -1.023804069 -0.472068816 -0.004820193 0.881548584 84.176704407
0.848245263 0.017827444 0.529301703 -4.177609921 -0.016442534 0.999838471 -0.007325244 -1.034897208 -0.529347062 -0.002489450 0.848401785 84.482833862
0.811622560 0.017892689 0.583906531 -3.917295933 -0.015290415 0.999839544 -0.009384678 -1.041610718 -0.583981037 -0.001311347 0.811766267 84.777671814
0.772218645 0.016638462 0.635137558 -3.641286135 -0.014308771 0.999859452 -0.008795928 -1.053496599 -0.635194957 -0.002295649 0.772348464 85.045234680
0.730031669 0.016171975 0.683220625 -3.352090359 -0.015457727 0.999855459 -0.007149976 -1.062125564 -0.683237851 -0.005341322 0.730176449 85.292335510
0.685062587 0.015276249 0.728322804 -3.048564672 -0.014461518 0.999868751 -0.007369264 -1.068269372 -0.728340149 -0.005484240 0.685193896 85.523155212
0.639086246 0.014175033 0.769003272 -2.729504585 -0.010842317 0.999897361 -0.009420514 -1.074309945 -0.769058228 -0.002317248 0.639174581 85.725433350
0.592517853 0.011836464 0.805469215 -2.401922464 -0.004719876 0.999926388 -0.011222012 -1.079730392 -0.805543125 0.002847539 0.592530370 85.907966614
0.546002269 0.013955968 0.837666392 -2.070283890 -0.006370518 0.999902010 -0.012506516 -1.090324521 -0.837759197 0.001492227 0.546037912 86.080017090
0.498702884 0.017132260 0.866602659 -1.733466506 -0.010000921 0.999852359 -0.014011318 -1.098464608 -0.866715074 -0.001679332 0.498800814 86.243530273
0.453312725 0.019309482 0.891141355 -1.393386126 -0.010708705 0.999811649 -0.016216794 -1.110306621 -0.891287029 -0.002191683 0.453434348 86.382781982
0.411274433 0.016890401 0.911354065 -1.041707516 -0.003136072 0.999849141 -0.017115267 -1.118829131 -0.911505997 0.004181011 0.411265552 86.495315552
0.371882617 0.009728796 0.928227782 -0.676253021 0.012268327 0.999806762 -0.015394170 -1.122886419 -0.928198516 0.017112643 0.371691585 86.587905884
0.336604565 0.006273448 0.941624165 -0.313144118 0.016713316 0.999781013 -0.012635458 -1.129054666 -0.941497624 0.019990833 0.336426169 86.680541992
0.303446949 0.010398717 0.952790558 0.048237532 0.014446897 0.999775827 -0.015512595 -1.138070583 -0.952738643 0.018472135 0.303228885 86.777946472
0.272289425 0.017957369 0.962046802 0.412544549 0.004094597 0.999795735 -0.019820884 -1.154345512 -0.962206483 0.009336227 0.272160470 86.879707336
0.243991017 0.022184255 0.969522715 0.791764736 -0.000501088 0.999741614 -0.022749610 -1.176305294 -0.969777167 0.005064900 0.243939281 86.966194153
0.218430549 0.023847632 0.975560069 1.183328629 0.000803143 0.999697208 -0.024617493 -1.195299983 -0.975852013 0.006160743 0.218345419 87.033798218
0.195148215 0.025245270 0.980447829 1.584346414 0.008355330 0.999590158 -0.027401205 -1.208276153 -0.980737984 0.013539280 0.194857478 87.087882996
0.175159216 0.031670362 0.984029651 1.992902756 0.015356061 0.999273598 -0.034894384 -1.209371209 -0.984420180 0.021222914 0.174545825 87.135490417
0.155402914 0.038455728 0.987101436 2.411627054 0.017427254 0.998980343 -0.041662138 -1.214318037 -0.987697303 0.023676908 0.154574454 87.187889099
0.137697190 0.039334815 0.989692092 2.846244812 0.015058956 0.999013007 -0.041800443 -1.230711102 -0.990359783 0.020659553 0.136969134 87.246177673
0.122261897 0.034937564 0.991881847 3.295586348 0.013095018 0.999236941 -0.036810759 -1.257563949 -0.992411375 0.017489281 0.121711291 87.296676636
0.107832476 0.031705353 0.993662477 3.762626410 0.013465919 0.999353528 -0.033348262 -1.281035662 -0.994077742 0.016976619 0.107336022 87.339759827
0.094672680 0.029245047 0.995077908 4.245819569 0.015971972 0.999395609 -0.030891530 -1.302073836 -0.995380163 0.018817956 0.094148554 87.374427795
0.083057351 0.028495464 0.996136427 4.742119312 0.019567261 0.999352276 -0.030218963 -1.321944475 -0.996352553 0.022001583 0.082446158 87.404968262
0.073032662 0.029143032 0.996902764 5.253814697 0.022834403 0.999262571 -0.030884851 -1.339656711 -0.997067988 0.025019301 0.072313525 87.430824280
0.065196030 0.029752225 0.997427940 5.777939320 0.024917215 0.999195695 -0.031433642 -1.358610034 -0.997561157 0.026902497 0.064402431 87.459335327
0.059691325 0.030146724 0.997760713 6.323713779 0.026556132 0.999142587 -0.031777203 -1.378785253 -0.997863412 0.028393509 0.058839746 87.485168457
0.054172054 0.031212216 0.998042881 6.886816502 0.027958911 0.999072552 -0.032761976 -1.400083780 -0.998139918 0.029678995 0.053249333 87.509628296
0.048240498 0.031960033 0.998323560 7.463872433 0.028504504 0.999037325 -0.033360265 -1.421061397 -0.998428762 0.030066051 0.047283232 87.535881042
0.043896209 0.031933632 0.998524785 8.059449196 0.031061539 0.998962700 -0.033313133 -1.446424842 -0.998552918 0.032478057 0.042858940 87.557762146
0.041053612 0.031922821 0.998646021 8.679486275 0.032472666 0.998919368 -0.033266485 -1.470643997 -0.998628914 0.033794422 0.039972804 87.579475403
0.038029689 0.031494223 0.998779297 9.317454338 0.033404663 0.998905003 -0.032770105 -1.495879292 -0.998717904 0.034610141 0.036936168 87.601799011
0.035727475 0.030887203 0.998883247 9.974318504 0.035639483 0.998847604 -0.032160830 -1.520425916 -0.998725653 0.036748730 0.034585666 87.621284485
0.035104796 0.030519227 0.998916626 10.641793251 0.039941471 0.998692691 -0.031916037 -1.545488238 -0.998584867 0.041018628 0.033840086 87.638931274
0.036150925 0.030186391 0.998889446 11.331701279 0.043142226 0.998565197 -0.031737953 -1.571065068 -0.998414338 0.044241693 0.034796912 87.658264160
0.038580567 0.030113298 0.998800755 12.039970398 0.044814393 0.998488426 -0.031834919 -1.596555233 -0.998249769 0.045988880 0.037172902 87.683090210
0.042509466 0.030037958 0.998643517 12.764163971 0.047229677 0.998370528 -0.032040175 -1.623246551 -0.997978747 0.048527643 0.041021679 87.711616516
0.046849743 0.029686086 0.998459876 13.498593330 0.047517437 0.998360991 -0.031912751 -1.649234533 -0.997770727 0.048939381 0.045362510 87.747581482
0.050883453 0.027987521 0.998311460 14.251958847 0.049047139 0.998331547 -0.030487981 -1.677197099 -0.997499108 0.050515678 0.049426012 87.785301208
0.054982722 0.026423404 0.998136699 14.999419212 0.048947394 0.998377085 -0.029126041 -1.705641270 -0.997286439 0.050457641 0.053600296 87.824142456
0.059154745 0.024365831 0.997950435 15.772838593 0.045845449 0.998581409 -0.027098769 -1.732836366 -0.997195125 0.047354538 0.057953931 87.875877380
0.063228697 0.023287078 0.997726381 16.561195374 0.045188412 0.998636067 -0.026172014 -1.759156466 -0.996975064 0.046740524 0.062090315 87.929862976
0.067362607 0.024315353 0.997431219 17.352481842 0.042562146 0.998723388 -0.027221320 -1.788557768 -0.996819913 0.044286545 0.066241860 87.989257812
0.070386037 0.028386133 0.997114897 18.136016846 0.040432751 0.998692870 -0.031285178 -1.821468711 -0.996699631 0.042518172 0.069146469 88.049964905
0.071754895 0.033782836 0.996849120 18.918767929 0.034462921 0.998746037 -0.036327809 -1.854320526 -0.996826291 0.036961064 0.070500813 88.113586426
0.071582682 0.037009459 0.996746898 19.723821640 0.031792283 0.998719454 -0.039365895 -1.889414310 -0.996927440 0.034506805 0.070314541 88.177207947
0.071781293 0.036690708 0.996744454 20.530832291 0.029751940 0.998800278 -0.038908981 -1.925597429 -0.996976137 0.032448046 0.070603691 88.240356445
0.071959622 0.035152730 0.996787071 21.342378616 0.027269522 0.998936415 -0.037197147 -1.964067221 -0.997034252 0.029858630 0.070924617 88.301811218
0.071790621 0.033949055 0.996841013 22.161256790 0.028199136 0.998952627 -0.036051806 -2.003670692 -0.997020602 0.030698268 0.070758224 88.363655090
0.072250336 0.033452742 0.996824622 22.969259262 0.025726127 0.999042988 -0.035391819 -2.043076992 -0.997054279 0.028201539 0.071320713 88.426185608
0.072435655 0.033864014 0.996797323 23.776983261 0.024108995 0.999072611 -0.035693262 -2.083523512 -0.997081280 0.026617277 0.071552172 88.488571167
0.072443478 0.034524996 0.996774077 24.586399078 0.021074811 0.999125242 -0.036138095 -2.125645876 -0.997149408 0.023624826 0.071652621 88.555503845
0.071365394 0.035985637 0.996800184 25.395317078 0.018561190 0.999128759 -0.037398566 -2.164622068 -0.997277081 0.021170793 0.070635401 88.618560791
0.068272687 0.035814721 0.997022927 26.218971252 0.015860075 0.999190867 -0.036978625 -2.201677322 -0.997540176 0.018337522 0.067649536 88.694175720
0.064311109 0.034732223 0.997324526 27.023502350 0.013602845 0.999271452 -0.035677165 -2.238938093 -0.997836709 0.015860923 0.063791916 88.752372742
0.059365038 0.032396004 0.997709751 27.834873199 0.011861752 0.999380529 -0.033156019 -2.276478767 -0.998165369 0.013802928 0.058944102 88.809722900
0.053011894 0.030303355 0.998133183 28.642017365 0.009718378 0.999477148 -0.030860290 -2.318044186 -0.998546124 0.011336233 0.052689791 88.858840942
0.045624711 0.030487200 0.998492479 29.445751190 0.009431198 0.999477208 -0.030948188 -2.357625484 -0.998913646 0.010829019 0.045313444 88.897422791
0.037050005 0.031552929 0.998814285 30.242927551 0.009294597 0.999448001 -0.031917695 -2.394881248 -0.999269724 0.010466163 0.036736399 88.926231384
0.027199231 0.032116938 0.999113083 31.047380447 0.010310536 0.999422312 -0.032407541 -2.428307056 -0.999576449 0.011182888 0.026852498 88.948318481
0.016927507 0.031189021 0.999369323 31.847492218 0.011716577 0.999439299 -0.031389639 -2.464126110 -0.999787688 0.012240571 0.016552713 88.962913513
0.006067158 0.030102286 0.999527574 32.645771027 0.010864690 0.999486566 -0.030166980 -2.501052856 -0.999922156 0.011042620 0.005737121 88.969985962
-0.004848989 0.029517166 0.999551654 33.428184509 0.012765388 0.999485314 -0.029453261 -2.532345057 -0.999906361 0.012616880 -0.005223157 88.959938049
-0.015820142 0.030083422 0.999421299 34.207839966 0.013630340 0.999461532 -0.029868852 -2.561525822 -0.999781549 0.013149956 -0.016221534 88.947769165
-0.026810408 0.030586349 0.999171615 34.982948303 0.013813849 0.999448359 -0.030224137 -2.600561380 -0.999544680 0.012992119 -0.027217995 88.924171448
-0.037488833 0.031819157 0.998789430 35.762462616 0.013427788 0.999419391 -0.031335205 -2.633002520 -0.999206364 0.012236848 -0.037894189 88.898597717
-0.047581796 0.032735735 0.998329878 36.522319794 0.014524926 0.999380469 -0.032077890 -2.671165705 -0.998761296 0.012974380 -0.048027661 88.855911255
-0.057094917 0.033431716 0.997807920 37.289955139 0.015465135 0.999349535 -0.032598428 -2.707197428 -0.998248518 0.013570066 -0.057574660 88.810035706
-0.066727467 0.034002975 0.997190773 38.043727875 0.016647972 0.999318600 -0.032961510 -2.740119696 -0.997631848 0.014401801 -0.067247935 88.756629944
-0.075894788 0.034322947 0.996523976 38.786014557 0.017210025 0.999304235 -0.033107989 -2.778014898 -0.996966839 0.014637517 -0.076432526 88.693328857
-0.084368683 0.033874486 0.995857716 39.512916565 0.018622402 0.999301672 -0.032413937 -2.812083483 -0.996260107 0.015810579 -0.084940434 88.626106262
-0.091664545 0.032873090 0.995246291 40.245548248 0.020678459 0.999302924 -0.031102533 -2.844701529 -0.995574772 0.017729197 -0.092280254 88.555366516
-0.096816599 0.031167639 0.994813204 40.960929871 0.023355735 0.999306142 -0.029035376 -2.880354166 -0.995027721 0.020423526 -0.097477205 88.481361389
-0.100498460 0.029483935 0.994499385 41.660808563 0.026315074 0.999290586 -0.026966713 -2.914055824 -0.994588673 0.023460247 -0.101202875 88.403495789
-0.103068382 0.028497651 0.994265020 42.373592377 0.028115008 0.999274254 -0.025726728 -2.941940546 -0.994276345 0.025302192 -0.103794627 88.326087952
-0.104915261 0.027587602 0.994097471 43.066734314 0.028067607 0.999299765 -0.024769749 -2.973832130 -0.994084477 0.025303248 -0.105615944 88.256736755
-0.105733752 0.027867848 0.994002938 43.725257874 0.028646370 0.999278367 -0.024968570 -3.006335497 -0.993981242 0.025834590 -0.106455602 88.190162659
-0.104959220 0.028838161 0.994057357 44.382827759 0.029222567 0.999237895 -0.025902921 -3.036711693 -0.994046569 0.026330194 -0.105721802 88.123657227
-0.101896487 0.030526331 0.994325638 45.010761261 0.030191179 0.999164224 -0.027580932 -3.065298319 -0.994336307 0.027209500 -0.102732792 88.059646606
-0.096757278 0.031078288 0.994821787 45.627651215 0.030352565 0.999140322 -0.028261065 -3.092108965 -0.994844615 0.027460963 -0.097617254 88.005363464
-0.088804357 0.031779822 0.995541096 46.232978821 0.029657358 0.999132693 -0.029248964 -3.120806217 -0.995607018 0.026927717 -0.089669704 87.958564758
-0.077790134 0.031666648 0.996465862 46.825454712 0.028248241 0.999164701 -0.029547177 -3.151072741 -0.996569097 0.025849961 -0.078619547 87.924072266
-0.064231209 0.031847950 0.997425854 47.383785248 0.026923779 0.999182582 -0.030170228 -3.182605028 -0.997571409 0.024916636 -0.065036029 87.900741577
-0.047145508 0.033122316 0.998337865 47.929576874 0.025897373 0.999155164 -0.031926446 -3.212149620 -0.998551846 0.024349172 -0.047963321 87.889358521
-0.026074752 0.035738621 0.999020040 48.461715698 0.024011502 0.999095321 -0.035114594 -3.239799738 -0.999371111 0.023072403 -0.026909161 87.892715454
-0.001847155 0.038705260 0.999248028 48.968990326 0.021545244 0.999020755 -0.038656615 -3.267939806 -0.999765694 0.021457674 -0.002679123 87.914176941
0.026197612 0.040362898 0.998840630 49.489082336 0.019249316 0.998979449 -0.040873360 -3.297302961 -0.999471009 0.020297822 0.025394056 87.950767517
0.059825063 0.039590523 0.997422516 49.994064331 0.016605854 0.999035954 -0.040650561 -3.329432487 -0.998070300 0.018995015 0.059110098 87.991218567
0.097671479 0.036976572 0.994530618 50.501701355 0.015064746 0.999140680 -0.038627442 -3.358470201 -0.995104194 0.018755190 0.097030640 88.063674927
0.139532760 0.033169333 0.989660800 51.002883911 0.012583941 0.999299288 -0.035266574 -3.387063503 -0.990136981 0.017374715 0.139017731 88.160926819
0.184905797 0.028834037 0.982332170 51.492912292 0.009602332 0.999469340 -0.031144500 -3.415178537 -0.982708812 0.015191519 0.184530944 88.278533936
0.232778504 0.025650783 0.972190440 51.973136902 0.004558865 0.999612927 -0.027465854 -3.440809488 -0.972518563 0.010825585 0.232571602 88.429176331
0.284087569 0.024306940 0.958489239 52.437244415 0.000202257 0.999677658 -0.025411393 -3.462804794 -0.958797753 0.007412961 0.283991218 88.601776123
0.338320345 0.024239751 0.940717816 52.881206512 -0.001201042 0.999679089 -0.025327064 -3.479902029 -0.941029608 0.007438858 0.338241011 88.800155640
0.395739496 0.024582827 0.918032825 53.319641113 -0.000000437 0.999642253 -0.026767939 -3.501454830 -0.918362141 0.010592767 0.395598054 89.025695801
0.455463111 0.027673095 0.889823496 53.727718353 0.000327564 0.999512076 -0.031252008 -3.524324656 -0.890253901 0.014525650 0.455231905 89.270332336
0.514635861 0.031555064 0.856826961 54.120597839 0.000114946 0.999320567 -0.036871817 -3.540785789 -0.857408106 0.019074088 0.514282703 89.545951843
0.571803093 0.035909284 0.819603562 54.475929260 -0.004676943 0.999168575 -0.040513642 -3.559324265 -0.820376754 0.019332627 0.571495771 89.855606079
0.627582490 0.038075682 0.777617276 54.819313049 -0.008410135 0.999077201 -0.042131878 -3.583240509 -0.778503716 0.019901406 0.627323747 90.181015015
0.680436254 0.039584439 0.731736064 55.134582520 -0.010870193 0.998975873 -0.043933071 -3.595535755 -0.732725620 0.021939589 0.680169880 90.523017883
0.729271352 0.037096445 0.683216810 55.417007446 -0.011361673 0.999048531 -0.042117517 -3.619113445 -0.684129119 0.022952657 0.728999257 90.872528076
0.774398863 0.031937249 0.631889582 55.681068420 -0.012382936 0.999299347 -0.035331383 -3.652034760 -0.632575274 0.019535977 0.774252117 91.253692627
0.815413535 0.026991159 0.578247666 55.921054840 -0.013243789 0.999521136 -0.027979476 -3.667239904 -0.578726053 0.015156692 0.815380931 91.659233093
0.851412177 0.024554279 0.523920298 56.130466461 -0.015730832 0.999650061 -0.021286177 -3.681203842 -0.524259746 0.009881643 0.851500869 92.079162598
0.882129312 0.020959012 0.470538586 56.319381714 -0.016498800 0.999771774 -0.013601747 -3.695451498 -0.470716447 0.004235210 0.882274210 92.519691467
0.907224119 0.021562802 0.420092046 56.469329834 -0.020192316 0.999766767 -0.007709764 -3.712219954 -0.420160472 -0.001488118 0.907448411 92.951477051
0.927025855 0.023284489 0.374271095 56.610004425 -0.023626890 0.999714434 -0.003674069 -3.727427483 -0.374249846 -0.005436877 0.927311778 93.403327942
0.941945791 0.029276963 0.334483117 56.724182129 -0.030829683 0.999524713 -0.000667168 -3.738720655 -0.334343791 -0.009683547 0.942401230 93.858200073
0.953526795 0.033617795 0.299423426 56.828689575 -0.034802631 0.999393582 -0.001376530 -3.742643118 -0.299288213 -0.009108136 0.954119086 94.315902710
0.962609589 0.035425622 0.268562615 56.934505463 -0.036495287 0.999333620 -0.001010202 -3.745326042 -0.268419504 -0.008828811 0.963261425 94.780822754
0.968661368 0.029949287 0.246568814 57.044170380 -0.030786369 0.999526143 -0.000460427 -3.752712727 -0.246465832 -0.007144932 0.969124913 95.250762939
0.972591579 0.027170265 0.230922639 57.152042389 -0.028009865 0.999607861 0.000357491 -3.761728287 -0.230822429 -0.006815775 0.972971797 95.731414795
0.975393116 0.031482555 0.218208402 57.244457245 -0.032280177 0.999479115 0.000090324 -3.766351938 -0.218091965 -0.007131878 0.975901961 96.224098206
0.977286696 0.036941480 0.208671331 57.329425812 -0.037885327 0.999282241 0.000526512 -3.765690565 -0.208502159 -0.008420107 0.977985442 96.723701477
0.978213727 0.044789463 0.202705398 57.415416718 -0.045581818 0.998960555 -0.000760434 -3.768318892 -0.202528819 -0.008495784 0.979239225 97.238983154
0.978544474 0.050442718 0.199759707 57.508914948 -0.050580632 0.998710454 -0.004416663 -3.773068428 -0.199724957 -0.005782040 0.979834735 97.763168335
0.978670537 0.051672950 0.198825717 57.612842560 -0.051337305 0.998658180 -0.006846719 -3.785393953 -0.198912784 -0.003506463 0.980010688 98.290023804
0.978260100 0.050283629 0.201187834 57.729629517 -0.049192827 0.998735189 -0.010421371 -3.795580149 -0.201457456 0.000297848 0.979497015 98.826568604
0.977550268 0.048874814 0.204950050 57.850929260 -0.046373535 0.998779833 -0.016993035 -3.802201748 -0.205530584 0.007107326 0.978624701 99.369773865
0.976657927 0.049407728 0.209035799 57.970191956 -0.045865659 0.998710752 -0.021761732 -3.811073780 -0.209841579 0.011666246 0.977665544 99.920280457
0.975481272 0.054076824 0.213330075 58.090785980 -0.050684851 0.998486817 -0.021341963 -3.824003696 -0.214161456 0.010006124 0.976746798 100.487556458
0.974035859 0.057072531 0.219076678 58.211975098 -0.054567877 0.998357356 -0.017472047 -3.836916447 -0.219714075 0.005063890 0.975550950 101.075515747
0.973182082 0.053912871 0.223624185 58.356773376 -0.052343760 0.998545408 -0.012943352 -3.848754168 -0.223996803 0.000890943 0.974589288 101.669876099
0.972530246 0.049442057 0.227459952 58.504451752 -0.049042217 0.998769403 -0.007413065 -3.862179279 -0.227546632 -0.003945679 0.973758996 102.277740479
0.971773326 0.046841510 0.231214434 58.651271820 -0.047462352 0.998869061 -0.002879963 -3.873268604 -0.231087938 -0.008175282 0.972898304 102.899414062
0.971271992 0.042231981 0.234189719 58.804069519 -0.042888176 0.999077439 -0.002292763 -3.881908655 -0.234070584 -0.007817045 0.972187996 103.528823853
0.971378207 0.038815919 0.234340072 58.965694427 -0.038634408 0.999239147 -0.005367286 -3.892147541 -0.234370217 -0.003839894 0.972139597 104.169288635
0.971497118 0.038165055 0.233953729 59.123374939 -0.036279969 0.999265373 -0.012357735 -3.905101538 -0.234253585 0.003517707 0.972168922 104.820533752
0.971605003 0.040583659 0.233096927 59.276321411 -0.037174102 0.999128163 -0.019003835 -3.916742325 -0.233665049 0.009799095 0.972267509 105.478874207
0.972110450 0.043438129 0.230460390 59.424442291 -0.039250247 0.998970985 -0.022727814 -3.929638386 -0.231210589 0.013048364 0.972815990 106.147621155
0.972744226 0.041798770 0.228077054 59.586502075 -0.038598586 0.999084055 -0.018475952 -3.943307638 -0.228640512 0.009168968 0.973467529 106.841659546
0.973179281 0.037835564 0.226910219 59.746208191 -0.036299851 0.999281168 -0.010938728 -3.960875034 -0.227161065 0.002408574 0.973854005 107.543067932
0.973745525 0.038166657 0.224411517 59.906597137 -0.038016114 0.999264717 -0.004993391 -3.979615688 -0.224437162 -0.003668929 0.974481463 108.258087158
0.974001288 0.041569471 0.222690403 60.062244415 -0.041362360 0.999128580 -0.005596365 -3.994061470 -0.222729072 -0.003760101 0.974872947 108.984046936
0.974216282 0.047457572 0.220562652 60.210727692 -0.046353463 0.998873174 -0.010182152 -4.005561829 -0.220797434 -0.000304186 0.975319445 109.714210510
0.975053012 0.048316408 0.216643974 60.367294312 -0.046063516 0.998819113 -0.015440041 -4.018174171 -0.217134267 0.005075521 0.976128399 110.453788757
0.975974023 0.047070052 0.212736040 60.526016235 -0.044199191 0.998856246 -0.018233677 -4.031298161 -0.213351101 0.008392884 0.976939440 111.205139160
0.976881444 0.044954363 0.208995864 60.684131622 -0.042396873 0.998961091 -0.016703442 -4.048670769 -0.209529757 0.007456559 0.977773726 111.971649170
0.977748930 0.041316327 0.205663756 60.846244812 -0.039134204 0.999126136 -0.014668642 -4.067179680 -0.206090212 0.006293807 0.978512645 112.752647400
0.978152633 0.040225420 0.203953490 61.007221222 -0.038610015 0.999183357 -0.011895353 -4.089140415 -0.204265565 0.003760864 0.978908181 113.543151855
0.978531122 0.037056260 0.202734813 61.174610138 -0.035859905 0.999310732 -0.009572634 -4.104791164 -0.202949926 0.002097107 0.979186773 114.334861755
0.978778064 0.031888146 0.202421337 61.341987610 -0.030841416 0.999489367 -0.008324134 -4.119223118 -0.202583537 0.001904557 0.979263008 115.130752563
0.978884995 0.032835346 0.201751649 61.498519897 -0.032129545 0.999460518 -0.006773286 -4.134590626 -0.201865315 0.000148116 0.979413152 115.919960022
0.978584945 0.038342107 0.202235326 61.650299072 -0.037345570 0.999263883 -0.008742750 -4.151265144 -0.202421799 0.001002968 0.979297757 116.732742310
0.978248954 0.044189036 0.202667370 61.809738159 -0.042637445 0.999018013 -0.012017861 -4.169620514 -0.202999532 0.003115282 0.979173720 117.536468506
0.977634668 0.053082783 0.203495488 61.968269348 -0.051384866 0.998585701 -0.013622434 -4.187674522 -0.203930944 0.002861217 0.978980958 118.359535217
0.976722956 0.058770094 0.206291273 62.130722046 -0.057334166 0.998270929 -0.012937546 -4.205949306 -0.206695080 0.000808899 0.978404999 119.165931702
0.975932121 0.061513972 0.209213421 62.296058655 -0.060576774 0.998103857 -0.010890952 -4.231265068 -0.209486842 -0.002044610 0.977809191 119.999565125
0.975357175 0.061985418 0.211740330 62.476768494 -0.060901396 0.998075604 -0.011644186 -4.252380371 -0.212054819 -0.001538007 0.977256417 120.843582153
0.975057542 0.060561765 0.213524923 62.655811310 -0.058850277 0.998163104 -0.014369016 -4.272746086 -0.214003116 0.001444655 0.976831734 121.670455933
0.975078464 0.054667369 0.215014353 62.842956543 -0.053092096 0.998503447 -0.013099660 -4.294907093 -0.215408891 0.001357672 0.976522803 122.510269165
0.975403249 0.048093822 0.215111792 63.034446716 -0.046053160 0.998833597 -0.014491729 -4.320832729 -0.215558052 0.004228742 0.976481676 123.334152222
0.975165367 0.047438506 0.216332331 63.218196869 -0.045358993 0.998864233 -0.014570740 -4.347074509 -0.216778040 0.004396305 0.976210833 124.169326782
0.974579334 0.050171480 0.218346909 63.399085999 -0.048813242 0.998740137 -0.011614094 -4.367733479 -0.218654722 0.000660671 0.975801885 125.023490906
0.974134505 0.052265119 0.219835773 63.571304321 -0.052219763 0.998617232 -0.006021678 -4.384782791 -0.219846725 -0.005613821 0.975518107 125.857612610
0.973747969 0.055703688 0.220702380 63.744495392 -0.056722861 0.998388231 -0.001722442 -4.405452251 -0.220442832 -0.010841624 0.975339472 126.671821594
0.973546565 0.055043891 0.221754000 63.925128937 -0.054592535 0.998475075 -0.008169362 -4.424823761 -0.221865773 -0.004152829 0.975068212 127.496528625
0.973870099 0.051021740 0.221294791 64.110328674 -0.047240604 0.998633265 -0.022349399 -4.449278355 -0.222132891 0.011311361 0.974950612 128.302780151
