1.000000000 0.000000000 0.000000000 0.000000000 0.000000000 1.000000000 0.000000000 0.000000000 0.000000000 0.000000000 1.000000000 0.000000000
0.999998569 0.000874807 0.001458244 -0.006685657 -0.000868068 0.999988973 -0.004615563 -0.002464887 -0.001462266 0.004614290 0.999988258 0.959842145
0.999996424 -0.001401276 0.002278813 -0.006207087 0.001413619 0.999984264 -0.005423652 -0.001247507 -0.002271177 0.005426854 0.999982655 1.921100020
0.999992669 -0.002874510 0.002525605 -0.012580730 0.002877878 0.999994934 -0.001331096 -0.002706519 -0.002521766 0.001338355 0.999995887 2.863291264
0.999983490 -0.005485449 0.001749112 -0.007256564 0.005477249 0.999974132 0.004659102 -0.005496636 -0.001774624 -0.004649444 0.999987602 3.822591543
0.999959707 -0.008978676 0.000408046 -0.006723500 0.008976700 0.999949098 0.004610389 -0.001814322 -0.000449421 -0.004606540 0.999989271 4.749559402
0.999936342 -0.011280659 -0.000415319 -0.010273746 0.011281362 0.999934852 0.001732895 0.001449665 0.000395744 -0.001737471 0.999998391 5.680479050
0.999929368 -0.011839219 -0.001125043 -0.015248353 0.011837307 0.999928534 -0.001690758 0.001139462 0.001144980 0.001677320 0.999997914 6.600727558
0.999931276 -0.011572493 -0.001900967 -0.023204738 0.011568241 0.999930620 -0.002232314 0.000167340 0.001926668 0.002210169 0.999995649 7.524651527
0.999935091 -0.011024205 -0.002880750 -0.032433257 0.011023057 0.999939144 -0.000414292 -0.000324949 0.002885142 0.000382510 0.999995708 8.445700645
0.999933243 -0.010971894 -0.003641573 -0.040302031 0.010981269 0.999936402 0.002564576 -0.003498879 0.003613203 -0.002604395 0.999990046 9.361920357
0.999926865 -0.011174273 -0.004634990 -0.046782628 0.011193188 0.999929070 0.004075187 -0.002920014 0.004589124 -0.004126769 0.999980927 10.285429955
0.999909282 -0.012459459 -0.005115390 -0.057185598 0.012484380 0.999910235 0.004868870 0.000102192 0.005054267 -0.004932291 0.999975026 11.199726105
0.999901474 -0.012671100 -0.006039754 -0.064469010 0.012700266 0.999907792 0.004815154 0.003868561 0.005978183 -0.004891387 0.999970138 12.097474098
0.999891579 -0.013139634 -0.006646485 -0.077523969 0.013162497 0.999907613 0.003407735 0.007722318 0.006601094 -0.003494851 0.999972045 13.002127647
0.999874830 -0.013585723 -0.008110875 -0.087831214 0.013597488 0.999906600 0.001397011 0.011666954 0.008091137 -0.001507125 0.999966085 13.902903557
0.999843419 -0.014892599 -0.009558192 -0.100320309 0.014894276 0.999889076 0.000104171 0.012880481 0.009555579 -0.000246517 0.999954224 14.807461739
0.999828935 -0.014632412 -0.011312421 -0.114044577 0.014627622 0.999892890 -0.000506157 0.013450441 0.011318615 0.000340596 0.999935806 15.704638481
0.999827862 -0.013442697 -0.012788745 -0.133225128 0.013426656 0.999908924 -0.001339437 0.012501141 0.012805584 0.001167496 0.999917269 16.592845917
0.999826610 -0.011959714 -0.014272099 -0.157273442 0.011941983 0.999927819 -0.001326904 0.011798785 0.014286936 0.001156236 0.999897242 17.488063812
0.999802053 -0.012245896 -0.015682921 -0.175366610 0.012239336 0.999924898 -0.000514251 0.010819685 0.015688039 0.000322200 0.999876857 18.380268097
0.999789715 -0.011570870 -0.016934559 -0.199117750 0.011586351 0.999932468 0.000816364 0.009828134 0.016923968 -0.001012403 0.999856234 19.256343842
0.999771714 -0.011197850 -0.018200077 -0.222736776 0.011224492 0.999935985 0.001362253 0.011669938 0.018183658 -0.001566230 0.999833405 20.131772995
0.999727845 -0.012360128 -0.019787233 -0.242561162 0.012385202 0.999922574 0.001144982 0.013108477 0.019771550 -0.001389740 0.999803483 21.008457184
0.999696493 -0.012258810 -0.021370763 -0.264274269 0.012274933 0.999924421 0.000623258 0.014949691 0.021361509 -0.000885394 0.999771357 21.876676559
0.999673545 -0.012088688 -0.022511717 -0.288049102 0.012114541 0.999926031 0.001012166 0.014658246 0.022497818 -0.001284556 0.999746025 22.738988876
0.999647141 -0.012030217 -0.023685906 -0.311614305 0.012101432 0.999922574 0.002865441 0.017480133 0.023649603 -0.003151064 0.999715328 23.594680786
0.999613047 -0.013217550 -0.024476906 -0.334869772 0.013355887 0.999895573 0.005496758 0.021877175 0.024401698 -0.005821543 0.999685287 24.441318512
0.999603093 -0.012932966 -0.025028769 -0.361506730 0.013116891 0.999887884 0.007198310 0.022909258 0.024932871 -0.007523753 0.999660790 25.276847839
0.999595523 -0.012373688 -0.025607016 -0.389089674 0.012534822 0.999902427 0.006141588 0.024247009 0.025528528 -0.006460084 0.999653220 26.100051880
0.999591351 -0.010809989 -0.026464431 -0.416843563 0.010903845 0.999934614 0.003404660 0.030756295 0.026425900 -0.003691832 0.999643981 26.908548355
0.999573052 -0.010541440 -0.027252806 -0.442512542 0.010589060 0.999942482 0.001603526 0.034999024 0.027234338 -0.001891422 0.999627352 27.707271576
0.999553323 -0.009734799 -0.028256446 -0.470843047 0.009773967 0.999951243 0.001248196 0.035368487 0.028242923 -0.001523815 0.999599934 28.495300293
0.999517918 -0.009850921 -0.029442502 -0.498386264 0.009877833 0.999950707 0.000768558 0.033158079 0.029433487 -0.001059015 0.999566197 29.276130676
0.999460280 -0.009353330 -0.031491056 -0.526793301 0.009354461 0.999956012 -0.000111622 0.032545742 0.031490721 -0.000183019 0.999504030 30.050516129
0.999400616 -0.009218710 -0.033368245 -0.558692157 0.009214516 0.999957323 -0.000279655 0.035449192 0.033369403 -0.000027984 0.999443054 30.807468414
0.999332964 -0.009074721 -0.035373505 -0.587945342 0.009103782 0.999958098 0.000660365 0.039605971 0.035366036 -0.000981956 0.999373913 31.564277649
0.999252856 -0.009425176 -0.037482336 -0.617322326 0.009542526 0.999949872 0.002952942 0.041129872 0.037452631 -0.003308412 0.999292910 32.309474945
0.999179661 -0.008502700 -0.039596330 -0.649723530 0.008684664 0.999952257 0.004425549 0.041457769 0.039556816 -0.004765800 0.999205947 33.052417755
0.999099135 -0.006767828 -0.041894231 -0.675607324 0.006961357 0.999965549 0.004475119 0.046020195 0.041862503 -0.004762729 0.999112070 33.785701752
0.999031842 -0.004104889 -0.043801613 -0.714236856 0.004270349 0.999983907 0.003684417 0.048068970 0.043785781 -0.003867899 0.999033511 34.499542236
0.998957932 -0.002442472 -0.045575183 -0.752973735 0.002574894 0.999992430 0.002846905 0.053250283 0.045567878 -0.002961290 0.998956919 35.215850830
0.998889804 -0.002166362 -0.047057696 -0.792456329 0.002356861 0.999989033 0.003992903 0.055247124 0.047048524 -0.004099379 0.998884261 35.907341003
0.998833120 -0.000644417 -0.048289370 -0.827750444 0.000922126 0.999982953 0.005728707 0.060548801 0.048284851 -0.005766553 0.998817027 36.593200684
0.998825252 0.002142917 -0.048409030 -0.867021143 -0.001838327 0.999978065 0.006335461 0.060847327 0.048421536 -0.006239028 0.998807609 37.265937805
0.998868585 0.005434623 -0.047243793 -0.906982481 -0.005240155 0.999977112 0.004238946 0.061518833 0.047265738 -0.003986586 0.998874485 37.929187775
0.998932660 0.007206867 -0.045623850 -0.939521253 -0.007163279 0.999973536 0.001118558 0.063625775 0.045630697 -0.000790547 0.998958111 38.578872681
0.999020815 0.007808613 -0.043546811 -0.969811440 -0.007846879 0.999968827 -0.000708125 0.066348061 0.043539915 0.001049139 0.999051213 39.220973969
0.999146581 0.009188951 -0.040268950 -0.998970330 -0.009194352 0.999957621 0.000050814 0.068448909 0.040267698 0.000319477 0.999188960 39.859725952
0.999211133 0.013957337 -0.037177563 -1.029534698 -0.013859368 0.999899685 0.002891313 0.066368833 0.037214175 -0.002373775 0.999304593 40.488758087
0.999277651 0.018366598 -0.033266339 -1.059603453 -0.018162718 0.999814332 0.006420270 0.064737238 0.033378068 -0.005811426 0.999426007 41.108757019
0.999305427 0.023413602 -0.028986484 -1.083507895 -0.023208102 0.999703109 0.007405468 0.066707745 0.029151252 -0.006727605 0.999552488 41.713661194
0.999354422 0.027070476 -0.023615636 -1.104746819 -0.026896700 0.999608815 0.007645052 0.069134772 0.023813337 -0.007004936 0.999691963 42.296981812
0.999363959 0.030941505 -0.017720595 -1.120986462 -0.030776504 0.999480903 0.009509232 0.075603224 0.018005608 -0.008957808 0.999797821 42.859653473
0.999298275 0.035738420 -0.011199410 -1.133435607 -0.035619602 0.999308705 0.010634785 0.078112349 0.011571717 -0.010228406 0.999880791 43.410919189
0.999230504 0.038992777 -0.004205896 -1.138767600 -0.038947865 0.999188244 0.010278693 0.080530234 0.004603255 -0.010106976 0.999938428 43.945316315
0.999092221 0.042483449 0.003105784 -1.142014146 -0.042513259 0.999043047 0.010261456 0.081646025 -0.002666894 -0.010384181 0.999942660 44.449390411
0.998843431 0.046909817 0.010539904 -1.140274405 -0.047013007 0.998846352 0.009765902 0.085942596 -0.010069657 -0.010250121 0.999896884 44.939651489
0.998524308 0.051200397 0.018099610 -1.137443900 -0.051334318 0.998656690 0.007013530 0.088184498 -0.017716233 -0.007932313 0.999811709 45.399242401
0.998241484 0.053234611 0.026076563 -1.127283931 -0.053353354 0.998567879 0.003878916 0.090466827 -0.025832761 -0.005263366 0.999652565 45.840320587
0.997983098 0.053693891 0.033861320 -1.112212062 -0.053847983 0.998542190 0.003654766 0.091153972 -0.033615757 -0.005470757 0.999419987 46.258323669
0.997715056 0.053048234 0.041838497 -1.091674209 -0.053303976 0.998565435 0.005020182 0.091552928 -0.041512206 -0.007238870 0.999111891 46.661525726
0.997260869 0.054680750 0.049807355 -1.072099686 -0.055032119 0.998467982 0.005709763 0.092184961 -0.049418882 -0.008435127 0.998742580 47.036548615
0.996607065 0.057781771 0.058614317 -1.053658843 -0.058225729 0.998285770 0.005893430 0.092282437 -0.058173355 -0.009286296 0.998263359 47.386680603
0.995776594 0.062431760 0.067314945 -1.032909155 -0.062936656 0.998002589 0.005404143 0.089958638 -0.066843159 -0.009617897 0.997717142 47.715206146
0.994900525 0.066090606 0.076190457 -1.010055304 -0.066700205 0.997757673 0.005481575 0.087988287 -0.075657398 -0.010535541 0.997078240 48.012840271
0.994177699 0.065486863 0.085570440 -0.980315506 -0.066264570 0.997782052 0.006276925 0.084119536 -0.084969655 -0.011910666 0.996312380 48.290782928
0.993297637 0.064225733 0.096099213 -0.944744647 -0.064967453 0.997876465 0.004606158 0.080184467 -0.095599376 -0.010818605 0.995361149 48.554492950
0.992169678 0.062908113 0.107898690 -0.906837642 -0.063290648 0.997994840 0.000121048 0.079068340 -0.107674792 -0.006949074 0.994161904 48.817928314
0.990547836 0.063753337 0.121452451 -0.875713050 -0.063733272 0.997958481 -0.004053900 0.081244625 -0.121463008 -0.003724976 0.992588997 49.077503204
0.988418102 0.065570101 0.136859313 -0.833420515 -0.065344043 0.997843623 -0.006148625 0.076577485 -0.136967406 -0.002865524 0.990571439 49.328472137
0.985957623 0.067054890 0.152942657 -0.784542441 -0.066701710 0.997744977 -0.007444917 0.074016839 -0.153097019 -0.002861159 0.988207042 49.578491211
0.983162224 0.067642957 0.169754788 -0.729580104 -0.067154504 0.997705102 -0.008624088 0.069231987 -0.169948623 -0.002920915 0.985448599 49.824485779
0.979941308 0.066762432 0.187771633 -0.669651628 -0.066101603 0.997764707 -0.009786073 0.066773124 -0.188005298 -0.002822222 0.982163966 50.067695618
0.976127028 0.065619141 0.207051814 -0.601847231 -0.064912044 0.997838497 -0.010214573 0.064665899 -0.207274601 -0.003469427 0.978276610 50.311611176
0.971632123 0.065756053 0.227172643 -0.529700160 -0.064823389 0.997829437 -0.011572120 0.062996790 -0.227440551 -0.003482251 0.973785698 50.556236267
0.966356635 0.067712188 0.248133287 -0.453761667 -0.066342048 0.997700036 -0.013889320 0.060839374 -0.248503149 -0.003039628 0.968626320 50.798702240
0.960158467 0.069021001 0.270798743 -0.371037602 -0.067172281 0.997611225 -0.016100926 0.058142133 -0.271263272 -0.002730725 0.962501287 51.038047791
0.952878833 0.070082001 0.295144916 -0.279272676 -0.068008773 0.997534513 -0.017296955 0.053270761 -0.295629561 -0.003590537 0.955295861 51.279006958
0.944358528 0.072834328 0.320752621 -0.180726022 -0.070719600 0.997328877 -0.018254384 0.047547590 -0.321225554 -0.005444811 0.946986973 51.522548676
0.934475183 0.074996248 0.348039806 -0.075625107 -0.072794281 0.997157574 -0.019419188 0.041083477 -0.348507047 -0.007188554 0.937278509 51.761325836
0.923307240 0.075735867 0.376520753 0.040385731 -0.073299088 0.997092426 -0.020817189 0.031352218 -0.377002746 -0.008377965 0.926174223 51.994514465
0.910686910 0.073902532 0.406432956 0.174757689 -0.070650913 0.997235060 -0.023023110 0.022350403 -0.407010794 -0.007748014 0.913390458 52.224079132
0.895852566 0.071222164 0.438606411 0.320520759 -0.066639930 0.997441709 -0.025855575 0.013569873 -0.439325988 -0.006065917 0.898307204 52.447494507
0.878565133 0.070755117 0.472352654 0.475419343 -0.064036489 0.997486830 -0.030310184 0.006266976 -0.473310351 -0.003618331 0.880888283 52.670948029
0.859059215 0.072745353 0.506680608 0.638035536 -0.063496724 0.997348845 -0.035535324 -0.003237445 -0.507922590 -0.001645607 0.861401081 52.890205383
0.837265253 0.074707158 0.541669250 0.810765147 -0.063030414 0.997205019 -0.040107843 -0.013548044 -0.543151915 -0.000560728 0.839634180 53.109100342
0.812685907 0.077698044 0.577498436 0.997849703 -0.064174265 0.996975482 -0.043826163 -0.025025008 -0.579157293 -0.001443628 0.815214455 53.329353333
0.785292029 0.081731260 0.613706946 1.206695318 -0.067081243 0.996644557 -0.046893161 -0.036491565 -0.615480661 -0.004343397 0.788139939 53.560386658
0.755430281 0.086025909 0.649557173 1.434605002 -0.070673831 0.996257722 -0.049749032 -0.052592088 -0.651406467 -0.008324771 0.758683205 53.791065216
0.722504497 0.087264016 0.685836732 1.687510848 -0.070534632 0.996129632 -0.052439146 -0.069210485 -0.687758803 -0.010487726 0.725863457 54.016906738
0.686127126 0.084937684 0.722505987 1.971353054 -0.066946290 0.996317983 -0.053551529 -0.088987060 -0.724394739 -0.011625942 0.689287305 54.240165710
0.647150457 0.083807290 0.757741630 2.282514811 -0.064134881 0.996400297 -0.055428803 -0.107415333 -0.759659886 -0.012726901 0.650196075 54.460754395
0.604850769 0.083542347 0.791944385 2.615144253 -0.062099200 0.996401370 -0.057682045 -0.124743067 -0.793913841 -0.014290091 0.607862294 54.676555634
0.558998406 0.083317645 0.824971855 2.967007637 -0.058333971 0.996424854 -0.061106540 -0.145272210 -0.827114165 -0.013965434 0.561860323 54.877941132
0.510974348 0.082273871 0.855649412 3.345572948 -0.055229936 0.996494293 -0.062834576 -0.170174211 -0.857819796 -0.015150619 0.513727129 55.067367554
0.462524444 0.080295429 0.882962883 3.748402834 -0.053409219 0.996604979 -0.062652417 -0.196649820 -0.884996414 -0.018180100 0.465242743 55.244747162
0.412964344 0.078117236 0.907390654 4.173625946 -0.053380590 0.996677697 -0.061509810 -0.222889125 -0.909181535 -0.023035707 0.415762305 55.408725739
0.362895072 0.077731587 0.928582013 4.612840176 -0.056185987 0.996526420 -0.061461419 -0.244413584 -0.930134535 -0.029869271 0.366001964 55.559890747
0.313740075 0.078044102 0.946295857 5.071650028 -0.053771224 0.996476889 -0.064355105 -0.267556936 -0.947985053 -0.030692730 0.316831321 55.688694000
0.266823173 0.074905038 0.960829914 5.556692600 -0.042544991 0.996918082 -0.065903664 -0.298862875 -0.962805808 -0.023293894 0.269187689 55.783962250
0.222775057 0.069429509 0.972394109 6.056591988 -0.029395988 0.997485042 -0.064486429 -0.327318579 -0.974426389 -0.014218532 0.224255726 55.858394623
0.180627570 0.068592548 0.981156588 6.574035645 -0.020134233 0.997613549 -0.066036433 -0.355443060 -0.983345330 -0.007826847 0.181577548 55.920398712
0.142278790 0.070238285 0.987331152 7.094858646 -0.016667577 0.997507274 -0.068560354 -0.381720245 -0.989686131 -0.006701746 0.143094778 55.974487305
0.109657630 0.071004897 0.991429806 7.645331860 -0.007817453 0.997475564 -0.070573248 -0.419970959 -0.993938506 -0.000011569 0.109935805 56.013847351
0.080821298 0.069406040 0.994308949 8.199302673 -0.000676029 0.997575819 -0.069579154 -0.460782021 -0.996728182 0.004951289 0.080672204 56.036151886
0.055937141 0.067801878 0.996129274 8.766808510 0.006500419 0.997645319 -0.068270124 -0.495379776 -0.998412907 0.010294089 0.055364579 56.051963806
0.036005780 0.066943511 0.997106671 9.341491699 0.011295561 0.997662425 -0.067388743 -0.524658322 -0.999287546 0.013689261 0.035165336 56.058971405
0.020106396 0.068745732 0.997431338 9.931181908 0.014021269 0.997515321 -0.069034189 -0.558946609 -0.999699354 0.015373280 0.019092411 56.062953949
0.006692276 0.068400942 0.997635245 10.518801689 0.014679844 0.997543097 -0.068493135 -0.596509874 -0.999869645 0.015103502 0.005671585 56.059490204
-0.004868800 0.069342591 0.997580826 11.120216370 0.015567394 0.997476697 -0.069259413 -0.633588552 -0.999866724 0.015192521 -0.005936137 56.054332733
-0.013901636 0.072277330 0.997287512 11.734383583 0.020344751 0.997197509 -0.071987256 -0.668942809 -0.999696136 0.019288823 -0.015333284 56.037414551
-0.020425327 0.074367993 0.997021437 12.360631943 0.024596792 0.996964693 -0.073859900 -0.703382969 -0.999488533 0.023014914 -0.022192691 56.018291473
-0.024997145 0.073828384 0.996957421 13.001560211 0.024875341 0.997005880 -0.073208295 -0.741215527 -0.999377728 0.022969656 -0.026758954 56.001232147
-0.028686302 0.071092732 0.997056901 13.652462959 0.022488082 0.997260511 -0.070460282 -0.781226099 -0.999335229 0.020400651 -0.030206604 55.988460541
-0.031197391 0.064354077 0.997439146 14.331769943 0.020374954 0.997758090 -0.063737415 -0.820068657 -0.999305308 0.018334333 -0.032438811 55.971721649
-0.032501340 0.058710910 0.997745633 15.006796837 0.021476544 0.998083174 -0.058031216 -0.856040120 -0.999240696 0.019542035 -0.033700097 55.953647614
-0.032985888 0.056214213 0.997873545 15.694355011 0.023997545 0.998173177 -0.055437863 -0.893738985 -0.999167502 0.022117848 -0.034274779 55.927192688
-0.032668378 0.058434628 0.997756422 16.385803223 0.027162654 0.997972071 -0.057557933 -0.934724331 -0.999096870 0.025221389 -0.034189515 55.899940491
-0.031871580 0.065870166 0.997318923 17.079429626 0.027942386 0.997494221 -0.064988814 -0.972965419 -0.999101102 0.025796171 -0.033632431 55.881423950
-0.029760459 0.073912293 0.996820509 17.784811020 0.028573049 0.996917188 -0.073066443 -1.010340452 -0.999148369 0.026307706 -0.031780761 55.861301422
-0.027668243 0.074740700 0.996819019 18.495401382 0.029199170 0.996835232 -0.073931508 -1.048994064 -0.999190390 0.027060730 -0.029763196 55.845584869
-0.025490481 0.070502385 0.997185826 19.227577209 0.028452028 0.997156560 -0.069773063 -1.092434764 -0.999269843 0.026593408 -0.027424086 55.831905365
-0.023081280 0.064039901 0.997680366 19.964284897 0.027769461 0.997601748 -0.063392460 -1.141881824 -0.999347568 0.026241865 -0.024804428 55.819129944
-0.020232469 0.062591977 0.997834086 20.700222015 0.025883740 0.997736156 -0.062061060 -1.186303735 -0.999459922 0.024572028 -0.021806929 55.812362671
-0.016708463 0.067943051 0.997549295 21.424055099 0.033690099 0.997159779 -0.067352295 -1.232401252 -0.999292314 0.032482181 -0.018950164 55.794479370
-0.013388651 0.073595971 0.997198284 22.157941818 0.035400569 0.996696830 -0.073083729 -1.277377009 -0.999283135 0.034322891 -0.015949914 55.782478333
-0.010920692 0.074254885 0.997179508 22.894741058 0.029382845 0.996831656 -0.073907256 -1.322424054 -0.999508202 0.028492849 -0.013068061 55.789016724
-0.007812301 0.070744656 0.997463942 23.629659653 0.024819108 0.997200251 -0.070531636 -1.370839357 -0.999661028 0.024205148 -0.009546397 55.799053192
-0.003054919 0.067012094 0.997747600 24.361408234 0.028738258 0.997345448 -0.066897169 -1.425215483 -0.999581873 0.028469160 -0.004972771 55.794105530
0.000557446 0.068074130 0.997680247 25.092885971 0.033350069 0.997123539 -0.068054862 -1.475778341 -0.999443173 0.033310637 -0.001714585 55.790630341
0.003098351 0.072642930 0.997353375 25.823520660 0.032848872 0.996811867 -0.072705619 -1.525365710 -0.999455154 0.032987196 0.000702084 55.799190521
0.007038615 0.073514365 0.997269452 26.544645309 0.029237553 0.996852040 -0.073690020 -1.569935322 -0.999547362 0.029676393 0.004866926 55.817920685
0.010524604 0.073176287 0.997263610 27.289165497 0.028335791 0.996895969 -0.073448420 -1.620507240 -0.999542713 0.029031266 0.008418275 55.834476471
0.014092091 0.070123166 0.997438908 28.031742096 0.032213595 0.996987820 -0.070546634 -1.671048641 -0.999381363 0.033125237 0.011790571 55.844291687
0.017783962 0.070563771 0.997348785 28.770145416 0.036588788 0.996792078 -0.071176857 -1.723135948 -0.999171853 0.037757590 0.015144916 55.852664948
0.021332664 0.071527317 0.997210562 29.509132385 0.039405901 0.996601880 -0.072326697 -1.771880865 -0.998995245 0.040838901 0.018441422 55.865699768
0.024026999 0.071735948 0.997134268 30.253047943 0.039775547 0.996563435 -0.072653361 -1.817379832 -0.998919427 0.041407205 0.021090940 55.886528015
0.027417980 0.070329040 0.997147024 31.003292084 0.041130595 0.996597528 -0.071421266 -1.866479158 -0.998777211 0.042971473 0.024431860 55.910430908
0.031151682 0.069597475 0.997088730 31.757345200 0.042946309 0.996557951 -0.070902228 -1.916399240 -0.998591244 0.045029994 0.028055346 55.930931091
0.033929590 0.070114851 0.996961832 32.492198944 0.041139103 0.996592283 -0.071488991 -1.961862803 -0.998576820 0.043439697 0.030929349 55.967117310
0.037068356 0.071850099 0.996726453 33.234992981 0.038293000 0.996576846 -0.073263474 -2.010889530 -0.998578429 0.040883392 0.034189954 56.000095367
0.039704848 0.071899250 0.996621370 33.988243103 0.039910883 0.996497393 -0.073480375 -2.061138391 -0.998413742 0.042693552 0.036696058 56.031238556
0.042378969 0.071862541 0.996513903 34.738452911 0.037621111 0.996587396 -0.073467806 -2.109613180 -0.998392701 0.040603433 0.039530639 56.070625305
0.044589903 0.072248898 0.996389508 35.493721008 0.035930444 0.996619821 -0.073873580 -2.160427332 -0.998358727 0.039094713 0.041843086 56.111984253
0.047265831 0.072459795 0.996250868 36.247364044 0.032876048 0.996711910 -0.074053138 -2.212818146 -0.998340845 0.036252949 0.044728063 56.156486511
0.050534889 0.074388497 0.995948195 37.003349304 0.031598181 0.996603549 -0.076040812 -2.263672829 -0.998221993 0.035312835 0.048012547 56.199024200
0.053875323 0.077979624 0.995498300 37.756935120 0.030511033 0.996351659 -0.079697751 -2.317537308 -0.998081088 0.034667395 0.051299367 56.242626190
0.057284456 0.080123834 0.995137691 38.518684387 0.030585872 0.996165216 -0.081967287 -2.374761105 -0.997888923 0.035132572 0.054613963 56.288360596
0.059976857 0.082501069 0.994784832 39.286468506 0.024389097 0.996159673 -0.084085599 -2.430773258 -0.997901440 0.029305059 0.057734236 56.346809387
0.062483430 0.081903405 0.994679928 40.054180145 0.020515973 0.996310651 -0.083326526 -2.486135483 -0.997834742 0.025613321 0.060572423 56.407485962
0.066381179 0.082480177 0.994379759 40.821094513 0.022492802 0.996200204 -0.084132798 -2.546440363 -0.997540355 0.027951190 0.064273573 56.460968018
0.070239693 0.083766095 0.994007111 41.605323792 0.021527357 0.996108174 -0.085464433 -2.609721422 -0.997297406 0.027401313 0.068162903 56.517700195
0.073809914 0.084803984 0.993660331 42.387912750 0.017374637 0.996116817 -0.086304322 -2.669317484 -0.997120559 0.023634577 0.072049700 56.588527679
0.077972606 0.082994841 0.993495166 43.181446075 0.016266536 0.996289790 -0.084505029 -2.729856968 -0.996822417 0.022749778 0.076333113 56.653491974
0.082956277 0.082782343 0.993109167 43.980949402 0.016784199 0.996285915 -0.084449239 -2.797077894 -0.996411502 0.023674110 0.081258573 56.718326569
0.088054702 0.086546719 0.992348969 44.778133392 0.013232724 0.996028423 -0.088041872 -2.859466553 -0.996027410 0.020883955 0.086559571 56.793621063
0.094177008 0.095081866 0.991004825 45.567890167 0.011642482 0.995255113 -0.096596129 -2.925734520 -0.995487034 0.020634862 0.092622995 56.875637054
0.101477683 0.099856868 0.989813805 46.360267639 0.009860308 0.994799376 -0.101370804 -2.993731737 -0.994788587 0.020046715 0.099965163 56.959659576
0.109021410 0.102749892 0.988714933 47.160240173 0.005726925 0.994561493 -0.103989035 -3.069303751 -0.994022489 0.016999299 0.107839905 57.051300049
0.116013035 0.101214096 0.988077521 47.968143463 0.001870149 0.994769990 -0.102119297 -3.145185709 -0.993245482 0.013694993 0.115216844 57.155555725
0.123533778 0.099573880 0.987332284 48.766536713 0.001726913 0.994929492 -0.100556210 -3.219387293 -0.992338359 0.014127098 0.122735277 57.260135651
0.130933449 0.096214935 0.986711562 49.574844360 0.001550015 0.995257914 -0.097254053 -3.291437626 -0.991389453 0.014263199 0.130163252 57.373939514
0.138394535 0.090895161 0.986197531 50.376590729 -0.000188063 0.995781422 -0.091752157 -3.359868765 -0.990376651 0.012512505 0.137827635 57.500968933
0.145480037 0.083736144 0.985811532 51.184036255 -0.002443226 0.996438801 -0.084278345 -3.423773289 -0.989357710 0.009852234 0.145166382 57.634235382
0.153044403 0.080916643 0.984901249 51.991703033 -0.002156124 0.996666610 -0.081548266 -3.493444204 -0.988216460 0.010356914 0.152708545 57.769035339
0.160505503 0.082794994 0.983556569 52.783443451 -0.002451705 0.996505558 -0.083484992 -3.560681343 -0.987031460 0.010988388 0.160147443 57.896606445
0.166402519 0.089503504 0.981987774 53.558845520 -0.001898815 0.995898724 -0.090449721 -3.623372793 -0.986055613 0.013186423 0.165889844 58.031147003
0.171484321 0.093120024 0.980776429 54.334308624 -0.003417852 0.995572686 -0.093927316 -3.689096928 -0.985180497 0.012754887 0.171043187 58.171424866
0.176465362 0.096051000 0.979609549 55.100914001 -0.004773098 0.995298743 -0.096729569 -3.760493994 -0.984294832 0.012393622 0.176094040 58.318725586
0.181768820 0.095641650 0.978679419 55.857723236 -0.006926676 0.995358169 -0.095985152 -3.827269316 -0.983316422 0.010668090 0.181587383 58.466045380
0.187147468 0.092591338 0.977958798 56.614028931 -0.002921656 0.995595515 -0.093702100 -3.898639441 -0.982327044 0.014678829 0.186593533 58.609283447
0.191692457 0.085947610 0.977684915 57.371246338 -0.002065553 0.996190906 -0.087169521 -3.965011120 -0.981452405 0.014690259 0.191139624 58.761077881
0.194964990 0.079540588 0.977580070 58.113914490 -0.003867362 0.996760428 -0.080329955 -4.034897804 -0.980802119 0.011880856 0.194640830 58.918819427
0.198130459 0.076302983 0.977201641 58.855987549 -0.007411046 0.997053087 -0.076350495 -4.095933437 -0.980147183 0.007885259 0.198111922 59.080051422
0.201200321 0.076395445 0.976566970 59.582496643 -0.009029873 0.997056007 -0.076137923 -4.154164791 -0.979508042 0.006500686 0.201297656 59.241321564
0.203123897 0.078489922 0.976002514 60.292327881 -0.010751968 0.996900260 -0.077932879 -4.208275795 -0.979093552 0.005336072 0.203338012 59.403511047
0.204477414 0.082842998 0.975359917 60.985496521 -0.014743883 0.996559620 -0.081552707 -4.264387608 -0.978759825 0.002295085 0.204995185 59.562763214
0.206410974 0.086995468 0.974590838 61.673973083 -0.016019473 0.996206284 -0.085532188 -4.323377132 -0.978333831 0.002042341 0.207021341 59.717742920
0.208468333 0.092182837 0.973675668 62.348155975 -0.016631965 0.995738089 -0.090710670 -4.383265018 -0.977887332 0.002716152 0.209112838 59.869583130
0.210013434 0.094257399 0.973144889 63.020107269 -0.015912043 0.995539367 -0.092992596 -4.440073013 -0.977568686 0.004044960 0.210576251 60.019092560
0.211383030 0.094242856 0.972849727 63.688228607 -0.018361965 0.995547473 -0.092451990 -4.499171257 -0.977230549 0.001679342 0.212172121 60.174499512
0.211826563 0.091171578 0.973045945 64.346252441 -0.018416008 0.995834291 -0.089297794 -4.560958862 -0.977133453 0.000996018 0.212623000 60.325157166
0.212488994 0.088588662 0.973140121 64.992805481 -0.018403469 0.996067762 -0.086657465 -4.621900082 -0.976989865 0.000504599 0.213283598 60.471801758
0.212422371 0.087309279 0.973270297 65.636154175 -0.017164221 0.996179700 -0.085618317 -4.675085068 -0.977026939 0.001481813 0.213109285 60.612838745
0.210914612 0.086653262 0.973656774 66.265151978 -0.017665222 0.996237874 -0.084836371 -4.731882572 -0.977344632 0.000693360 0.211651713 60.751178741
0.209320709 0.087435804 0.973930776 66.878204346 -0.018762542 0.996169686 -0.085399918 -4.786066532 -0.977666795 -0.000397451 0.210159302 60.887340546
0.207126454 0.090188451 0.974148870 67.479148865 -0.019558592 0.995923936 -0.088045932 -4.842267990 -0.978118420 -0.000816343 0.208045989 61.018924713
0.205107301 0.094008043 0.974214971 68.072204590 -0.017674128 0.995569468 -0.092347749 -4.898191452 -0.978579640 0.001722793 0.205859929 61.142917633
0.203541636 0.094470307 0.974498570 68.657241821 -0.015371077 0.995519102 -0.093297690 -4.949292660 -0.978945374 0.004010865 0.204081535 61.260635376
0.201326773 0.093474217 0.975054562 69.243446350 -0.016123679 0.995617211 -0.092116423 -4.997850895 -0.979391158 0.002824030 0.201951399 61.383796692
0.198822036 0.090596430 0.975839853 69.826004028 -0.016359029 0.995885611 -0.089124545 -5.049696445 -0.979898810 0.001756126 0.199485943 61.505977631
0.196722388 0.086706288 0.976618469 70.393325806 -0.015963677 0.996232688 -0.085232228 -5.103315830 -0.980329037 0.001176660 0.197365284 61.621391296
0.194955796 0.085606329 0.977069676 70.954833984 -0.012305126 0.996318221 -0.084837690 -5.157355309 -0.980734587 0.004516628 0.195291281 61.731727600
0.193333209 0.086987600 0.977270067 71.499641418 -0.008430610 0.996171892 -0.087002382 -5.202612400 -0.981096685 0.008581457 0.193326324 61.833671570
0.190995231 0.088991791 0.977549255 72.046348572 -0.004087267 0.995944798 -0.089868002 -5.247461319 -0.981582224 0.013168843 0.190584287 61.934028625
0.189354390 0.090899423 0.977692962 72.590660095 -0.004646401 0.995777071 -0.091681018 -5.292205811 -0.981897533 0.012817438 0.188976973 62.039890289
0.188120499 0.093624897 0.977674007 73.127975464 -0.004938972 0.995523095 -0.094383992 -5.337369919 -0.982133210 0.012926848 0.187740594 62.145668030
0.186734229 0.091930375 0.978100479 73.672653198 -0.003356004 0.995665491 -0.092940725 -5.391421318 -0.982404411 0.014072694 0.186233222 62.252521515
0.187534049 0.090458527 0.978084683 74.216278076 0.002714746 0.995698452 -0.092608213 -5.436042786 -0.982254028 0.020022430 0.186481655 62.349498749
0.190017968 0.088520318 0.977782607 74.768669128 0.007912150 0.995756149 -0.091685265 -5.479936600 -0.981748402 0.025158193 0.188511044 62.447830200
0.192049608 0.087844707 0.977446616 75.313285828 0.010777846 0.995736480 -0.091606252 -5.527386665 -0.981325686 0.028127693 0.190283909 62.555698395
0.195343986 0.087519921 0.976822734 75.860458374 0.008215472 0.995828748 -0.090865880 -5.578378201 -0.980700076 0.025775142 0.193810016 62.671474457
0.200834364 0.088205174 0.975646973 76.409591675 0.007298072 0.995775282 -0.091527373 -5.623588562 -0.979597747 0.025502162 0.199342057 62.792751312
0.207206741 0.087302379 0.974394798 76.969757080 0.008180081 0.995820284 -0.090961710 -5.668566704 -0.978262663 0.026818486 0.205626413 62.916927338
0.214956954 0.087622255 0.972685635 77.534919739 0.006363391 0.995819747 -0.091112673 -5.713084221 -0.976602495 0.025774863 0.213500693 63.046192169
0.223454207 0.085468307 0.970960796 78.104522705 0.006954693 0.995982528 -0.089271523 -5.759223461 -0.974689364 0.026700813 0.221961945 63.182544708
0.232325599 0.085114434 0.968907535 78.677566528 0.003433672 0.996085227 -0.088325366 -5.811103344 -0.972631752 0.023847137 0.231123716 63.331729889
0.241894126 0.084864900 0.966585100 79.256225586 0.002398839 0.996111929 -0.088057801 -5.858114243 -0.970299423 0.023619331 0.240749925 63.488864899
0.251436859 0.088851973 0.963787556 79.839263916 -0.003140790 0.995846450 -0.090988278 -5.905378819 -0.967868388 0.019850738 0.250671446 63.655570984
0.260799050 0.091258727 0.961070895 80.429344177 -0.006582111 0.995666385 -0.092757769 -5.948911190 -0.965370476 0.017865248 0.260269374 63.831947327
0.271584302 0.094050184 0.957808971 81.024291992 -0.010766752 0.995447695 -0.094693318 -5.999294281 -0.962354302 0.015404713 0.271360427 64.013969421
0.281774282 0.095823646 0.954684615 81.635498047 -0.012215529 0.995277464 -0.096292801 -6.055907726 -0.959402800 0.015470842 0.281613976 64.205879211
0.291659683 0.096581697 0.951634526 82.254165649 -0.015475684 0.995234907 -0.096263863 -6.112441063 -0.956396759 0.013349079 0.291764408 64.406517029
0.302056670 0.096867256 0.948356509 82.878814697 -0.016249351 0.995201945 -0.096476831 -6.168205738 -0.953151345 0.013731279 0.302181274 64.616638184
0.312101156 0.097905509 0.944991469 83.519409180 -0.020864276 0.995141685 -0.096210666 -6.226412773 -0.949819624 0.010310883 0.312627435 64.841339111
0.322622120 0.093003429 0.941948473 84.172225952 -0.020307366 0.995611489 -0.091346659 -6.281626701 -0.946309924 0.010341949 0.323094785 65.072235107
0.333484381 0.086069740 0.938819349 84.834678650 -0.016955152 0.996209741 -0.085308641 -6.335874081 -0.942603111 0.012531261 0.333679527 65.306060791
0.344379038 0.081629701 0.935276031 85.489929199 -0.015322598 0.996568263 -0.081337444 -6.390301228 -0.938705683 0.013680039 0.344447821 65.557632446
0.354743987 0.078402780 0.931671202 86.162986755 -0.016025240 0.996840656 -0.077785388 -6.443183422 -0.934826076 0.012663631 0.354879528 65.820732117
0.364241540 0.075960740 0.928202391 86.850028992 -0.010137288 0.996931732 -0.077607468 -6.493575096 -0.931249261 0.018858392 0.363893867 66.087272644
0.372952282 0.070537195 0.925166368 87.543556213 -0.003824051 0.997213781 -0.074488945 -6.541824818 -0.927842557 0.024242921 0.372182786 66.359451294
0.380036145 0.061240681 0.922942996 88.251472473 0.005331949 0.997643471 -0.068393059 -6.589699745 -0.924956203 0.030912898 0.378813952 66.645805359
0.387303829 0.056821112 0.920200408 88.991012573 0.010759858 0.997751713 -0.066138737 -6.641903877 -0.921889365 0.035516988 0.385821551 66.945480347
0.394635737 0.057111822 0.917061925 89.699012756 0.012352830 0.997645736 -0.067446299 -6.694043159 -0.918754578 0.037945006 0.393001050 67.252998352
0.402009189 0.063327022 0.913444042 90.407958984 0.014583168 0.997035384 -0.075540535 -6.742784023 -0.915519416 0.043688875 0.399893790 67.563781738
0.409352809 0.067554042 0.909872770 91.107925415 0.018357592 0.996442676 -0.082240805 -6.788265705 -0.912191391 0.050368551 0.406656414 67.867927551
0.414634883 0.069575422 0.907325149 91.800056458 0.016783468 0.996317804 -0.084069572 -6.842779636 -0.909833074 0.050086215 0.411940277 68.190132141
0.418748498 0.071199380 0.905307770 92.492568970 0.009422419 0.996526599 -0.082731970 -6.918635845 -0.908053339 0.043174058 0.416623026 68.542449951
0.422561675 0.074933007 0.903232276 93.174034119 0.002743776 0.996465385 -0.083951563 -6.983487129 -0.906329989 0.037952967 0.420862377 68.883720398
0.426656544 0.077933498 0.901050746 93.852096558 0.001963297 0.996197581 -0.087092780 -7.045831680 -0.904411554 0.038927723 0.424881130 69.205665588
0.430556476 0.082164094 0.898817062 94.522735596 -0.001344531 0.995904446 -0.090395361 -7.110419273 -0.902562618 0.037711807 0.428903461 69.541549683
0.433887243 0.085200712 0.896930695 95.181816101 -0.004421649 0.995707393 -0.092444912 -7.173556328 -0.900956333 0.036144741 0.432401299 69.875419617
0.437780619 0.083606608 0.895187199 95.834030151 -0.005496684 0.995896637 -0.090324566 -7.240589619 -0.899065077 0.034621771 0.436443657 70.205856323
0.441626430 0.080645032 0.893568397 96.481849670 -0.004757635 0.996147990 -0.087551758 -7.305850506 -0.897186518 0.034413889 0.440308839 70.536926270
0.444963127 0.078028724 0.892144203 97.118095398 -0.005363006 0.996410668 -0.084473461 -7.372791290 -0.895532966 0.032802995 0.443784356 70.863624573
0.448596328 0.076962180 0.890415668 97.742866516 -0.006259340 0.996530831 -0.082980871 -7.435542583 -0.893712699 0.031651493 0.447521687 71.187751770
0.451951236 0.078799017 0.888556480 98.351005554 -0.008547811 0.996426940 -0.084017694 -7.494746208 -0.892001808 0.030376684 0.451009870 71.501922607
0.454694152 0.079239249 0.887116730 98.951972961 -0.007804578 0.996350050 -0.084996179 -7.554448128 -0.890613556 0.031723689 0.453652918 71.815887451
0.456956863 0.077488244 0.886108160 99.554618835 -0.005982562 0.996442795 -0.084051855 -7.609980583 -0.889468789 0.033106871 0.455794901 72.121559143
0.458701819 0.076190703 0.885318756 100.140563965 -0.004042177 0.996485233 -0.083663620 -7.667746544 -0.888581097 0.034798034 0.457397521 72.425964355
0.460575610 0.076183677 0.884346008 100.720474243 -0.005478760 0.996534288 -0.082995199 -7.725563049 -0.887603641 0.033380441 0.459396720 72.733154297
0.462553263 0.075584084 0.883364737 101.289825439 -0.004007615 0.996526837 -0.083168410 -7.777707100 -0.886582553 0.034929633 0.461249590 73.031791687
0.465330303 0.077365614 0.881750524 101.845787048 -0.004449931 0.996364117 -0.085073769 -7.826624870 -0.885126054 0.035663679 0.463982642 73.326293945
0.468140244 0.077337421 0.880264401 102.399215698 -0.001487846 0.996229708 -0.086734772 -7.880158424 -0.883653045 0.039294347 0.466490269 73.621269226
0.471075296 0.076729074 0.878750503 102.942222595 0.000215422 0.996198952 -0.087099940 -7.933207512 -0.882093072 0.041219946 0.469268203 73.918853760
0.474405468 0.074866995 0.877118051 103.475326538 0.003356345 0.996215284 -0.086848199 -7.984597206 -0.880300105 0.044145182 0.472358704 74.202346802
0.477633625 0.074008524 0.875437319 103.997192383 0.004471626 0.996227384 -0.086659908 -8.037643433 -0.878547788 0.045306329 0.475500733 74.491600037
0.480746448 0.073624685 0.873764217 104.511283875 0.005276992 0.996207237 -0.086845569 -8.090637207 -0.876843810 0.046361558 0.478534549 74.777107239
0.484379828 0.072798915 0.871824682 105.020156860 0.006112981 0.996225238 -0.086583175 -8.139783859 -0.874836504 0.047268596 0.482106388 75.062911987
0.487760693 0.072254971 0.869983017 105.528297424 0.007788998 0.996168256 -0.087102279 -8.188078880 -0.872942686 0.049261369 0.485328943 75.350013733
0.491704047 0.073546216 0.867651880 106.026130676 0.007330684 0.996041059 -0.088583693 -8.236429214 -0.870731592 0.049917445 0.489218324 75.639228821
0.495870292 0.073698372 0.865264595 106.523506165 0.009295375 0.995883942 -0.090151101 -8.287532806 -0.868346870 0.052746218 0.493144304 75.927917480
0.500658154 0.077148914 0.862201273 107.006591797 0.006925679 0.995630920 -0.093109906 -8.338219643 -0.865617454 0.052587572 0.497936547 76.212944031
0.505908728 0.082975917 0.858587742 107.485191345 0.003300298 0.995168209 -0.098120295 -8.392263412 -0.862580717 0.052473523 0.503190577 76.509025574
0.511692107 0.090146139 0.854427516 107.961837769 -0.002343149 0.994622171 -0.103534386 -8.448543549 -0.859165668 0.050975699 0.509151757 76.806144714
0.517787576 0.096498467 0.850050330 108.429832458 -0.007688040 0.994101822 -0.108168647 -8.500743866 -0.855474651 0.049473193 0.515475810 77.100570679
0.524118006 0.100829944 0.845656633 108.899139404 -0.011241756 0.993698239 -0.111514285 -8.555356979 -0.851571381 0.048940014 0.521949053 77.406517029
0.529619455 0.101140566 0.842184842 109.380401611 -0.015443093 0.993850052 -0.109643206 -8.610161781 -0.848094761 0.045063268 0.527924657 77.715385437
0.535057902 0.100221880 0.838850439 109.865539551 -0.021872640 0.994247854 -0.104836948 -8.665670395 -0.844532192 0.037745990 0.534172654 78.041069031
0.540716887 0.097690560 0.835513771 110.356361389 -0.027878420 0.994768262 -0.098269351 -8.721502304 -0.840742588 0.029843111 0.540611804 78.382926941
0.546240747 0.096114881 0.832096457 110.852561951 -0.034353826 0.995128632 -0.092394896 -8.777929306 -0.836923480 0.021884175 0.546882033 78.733253479
0.552257657 0.094137967 0.828342378 111.353256226 -0.036736958 0.995385945 -0.088629529 -8.830114365 -0.832863688 0.018515576 0.553168178 79.084167480
0.558389306 0.097817123 0.823792934 111.855056763 -0.041885398 0.995080829 -0.089765079 -8.878907204 -0.828521013 0.015618984 0.559739888 79.440711975
0.564214766 0.101861835 0.819321334 112.368751526 -0.045854837 0.994693577 -0.092087887 -8.929198265 -0.824353755 0.014387520 0.565891922 79.817573547
0.570140719 0.105359025 0.814764142 112.888168335 -0.049008958 0.994337261 -0.094285712 -8.981773376 -0.820083976 0.013825404 0.572075963 80.202896118
0.576279938 0.107577659 0.810141981 113.416107178 -0.051451106 0.994106889 -0.095407546 -9.033601761 -0.815631151 0.013298780 0.578419149 80.595161438
