1.000000000 0.000000000 0.000000000 0.000000000 0.000000000 1.000000000 0.000000000 0.000000000 0.000000000 0.000000000 1.000000000 0.000000000
0.999997318 -0.001691006 -0.001590215 -0.001424033 0.001689653 0.999998212 -0.000852219 -0.011243221 0.001591653 0.000849529 0.999998391 0.559640944
0.999994516 -0.002000683 -0.002624930 -0.008620691 0.001994441 0.999995172 -0.002378494 -0.022771731 0.002629677 0.002373246 0.999993742 1.119673014
0.999987245 -0.002173468 -0.004543508 -0.015701395 0.002156406 0.999990582 -0.003756647 -0.036266092 0.004551631 0.003746802 0.999982655 1.671647787
0.999969780 -0.004214311 -0.006522154 -0.017676510 0.004178255 0.999975920 -0.005531840 -0.047314614 0.006545311 0.005504423 0.999963462 2.225652218
0.999946415 -0.006408353 -0.008120509 -0.022837667 0.006346921 0.999951184 -0.007568180 -0.059399456 0.008168613 0.007516235 0.999938428 2.791320801
0.999924719 -0.007576068 -0.009641709 -0.027841959 0.007496061 0.999937356 -0.008307087 -0.071291320 0.009704040 0.008234188 0.999919057 3.361218691
0.999908268 -0.007837843 -0.011036653 -0.039571293 0.007753455 0.999940515 -0.007668221 -0.084233500 0.011096098 0.007581947 0.999909699 3.939844131
0.999893308 -0.008121131 -0.012129689 -0.054845162 0.008023372 0.999935091 -0.008086446 -0.099604666 0.012194572 0.007988264 0.999893785 4.524199963
0.999884784 -0.007419768 -0.013230007 -0.067763247 0.007278210 0.999916077 -0.010715947 -0.117583007 0.013308406 0.010618425 0.999855101 5.115109921
0.999878407 -0.005707405 -0.014499707 -0.083634272 0.005495330 0.999877930 -0.014624002 -0.132323653 0.014581403 0.014542547 0.999787927 5.713001251
0.999866843 -0.004218800 -0.015750578 -0.100766681 0.003929399 0.999823689 -0.018359780 -0.147148937 0.015825257 0.018295448 0.999707401 6.325497627
0.999853611 -0.002523605 -0.016913299 -0.118088037 0.002212874 0.999828875 -0.018365446 -0.158816501 0.016956754 0.018325331 0.999688327 6.946508408
0.999836266 0.000121395 -0.018085098 -0.142922908 -0.000330024 0.999933422 -0.011533296 -0.172108516 0.018082498 0.011537375 0.999769986 7.593806267
0.999820650 0.000977406 -0.018905148 -0.155747831 -0.000997985 0.999998927 -0.001078997 -0.183809787 0.018904079 0.001097668 0.999820769 8.254040718
0.999805927 0.002082953 -0.019581961 -0.183584660 -0.001973927 0.999982536 0.005585496 -0.198688865 0.019593256 -0.005545762 0.999792755 8.932572365
0.999776065 0.004317035 -0.020710224 -0.208430186 -0.004221288 0.999980271 0.004664856 -0.214102551 0.020729959 -0.004576391 0.999774754 9.618772507
0.999749303 0.006634740 -0.021379808 -0.235137075 -0.006694247 0.999974012 -0.002712801 -0.218689620 0.021361258 0.002855240 0.999767900 10.311548233
0.999727428 0.006333596 -0.022466693 -0.256116927 -0.006531472 0.999940515 -0.008744968 -0.218973130 0.022409976 0.008889323 0.999709487 11.013200760
0.999712646 0.004426906 -0.023553895 -0.281150013 -0.004593673 0.999964833 -0.007030716 -0.225939736 0.023521949 0.007136893 0.999697983 11.751243591
0.999706686 0.003648229 -0.023936436 -0.301285148 -0.003595226 0.999991059 0.002257099 -0.237767503 0.023944462 -0.002170385 0.999711037 12.509105682
0.999700904 0.003240379 -0.024232971 -0.330280751 -0.003006025 0.999948442 0.009701184 -0.245865375 0.024263162 -0.009625443 0.999659359 13.290620804
0.999687552 0.002318534 -0.024880040 -0.350930601 -0.002017802 0.999924660 0.012105688 -0.247887671 0.024906240 -0.012051708 0.999617219 14.073728561
0.999685764 0.000320106 -0.025058478 -0.371784657 -0.000042284 0.999938548 0.011086777 -0.248964667 0.025060493 -0.011082239 0.999624610 14.880815506
0.999698997 -0.000057360 -0.024529217 -0.397068769 0.000266807 0.999963582 0.008535584 -0.248385757 0.024527842 -0.008539564 0.999662757 15.704395294
0.999708891 0.002410268 -0.024001546 -0.426136225 -0.002291066 0.999984920 0.004992788 -0.246799588 0.024013229 -0.004936350 0.999699533 16.538324356
0.999733329 -0.000723620 -0.023075849 -0.447783858 0.000712085 0.999999583 -0.000507956 -0.253813386 0.023076218 0.000491385 0.999733686 17.394372940
0.999742091 -0.003503535 -0.022432111 -0.470093399 0.003352542 0.999971509 -0.006765101 -0.265666991 0.022455182 0.006688150 0.999725580 18.267616272
0.999770522 -0.002447648 -0.021274183 -0.495799363 0.002189132 0.999923587 -0.012166306 -0.276799113 0.021302344 0.012116943 0.999699771 19.157104492
0.999773860 -0.001272177 -0.021219412 -0.519885182 0.000995875 0.999914646 -0.013026558 -0.291844577 0.021234181 0.013002481 0.999690115 20.060420990
0.999769568 -0.001022236 -0.021433262 -0.548908472 0.000758478 0.999923944 -0.012310402 -0.315110415 0.021444222 0.012291310 0.999694586 20.982475281
0.999769330 0.000586312 -0.021460922 -0.579676509 -0.000878675 0.999906898 -0.013616009 -0.338376164 0.021450948 0.013631727 0.999677062 21.917274475
0.999768436 0.003512567 -0.021222983 -0.611830652 -0.003844768 0.999870420 -0.015632257 -0.362805009 0.021165330 0.015710237 0.999652624 22.869194031
0.999746799 0.006921102 -0.021403221 -0.646580696 -0.007273501 0.999838531 -0.016430758 -0.386474341 0.021286054 0.016582279 0.999635935 23.843938828
0.999733686 0.008582467 -0.021412779 -0.678339958 -0.008932553 0.999827147 -0.016307449 -0.415900737 0.021269124 0.016494384 0.999637783 24.823331833
0.999721766 0.009282665 -0.021674996 -0.708480120 -0.009640418 0.999818146 -0.016459372 -0.444287658 0.021518271 0.016663756 0.999629617 25.799186707
0.999718606 0.009400918 -0.021771979 -0.739583135 -0.009759952 0.999817252 -0.016443359 -0.470220834 0.021613421 0.016651234 0.999627769 26.791172028
0.999701202 0.010211894 -0.022202551 -0.770125270 -0.010555330 0.999825716 -0.015406368 -0.497794867 0.022041358 0.015636131 0.999634802 27.783929825
0.999687254 0.010913173 -0.022497537 -0.798687279 -0.011216406 0.999847531 -0.013396512 -0.527687669 0.022347912 0.013644675 0.999657154 28.806543350
0.999674022 0.011542249 -0.022770345 -0.832176805 -0.011822497 0.999855757 -0.012211517 -0.556578398 0.022626115 0.012476750 0.999666154 29.822145462
0.999674797 0.011299336 -0.022860859 -0.863841295 -0.011602285 0.999846280 -0.013162826 -0.587097466 0.022708617 0.013423794 0.999651968 30.848272324
0.999652743 0.012612164 -0.023135472 -0.895052910 -0.012942971 0.999815583 -0.014205060 -0.611467242 0.022952050 0.014499579 0.999631345 31.880992889
0.999645293 0.012163168 -0.023688765 -0.923835814 -0.012481601 0.999833345 -0.013341194 -0.639749527 0.023522547 0.013632147 0.999630272 32.921760559
0.999639869 0.011415191 -0.024283605 -0.952221632 -0.011678861 0.999874353 -0.010743917 -0.669229090 0.024157910 0.011023664 0.999647260 33.977958679
0.999626279 0.011676573 -0.024715666 -0.981774390 -0.011856345 0.999904513 -0.007139495 -0.695833623 0.024629941 0.007429877 0.999668896 35.036819458
0.999608517 0.011823636 -0.025356179 -1.012202740 -0.011949536 0.999917269 -0.004819460 -0.718129277 0.025297100 0.005120582 0.999666691 36.095912933
0.999600887 0.011823306 -0.025655074 -1.050017834 -0.011939093 0.999919415 -0.004364683 -0.742120624 0.025601406 0.004669253 0.999661207 37.160274506
0.999593139 0.011180491 -0.026237911 -1.081937551 -0.011336658 0.999919057 -0.005810752 -0.765373111 0.026170820 0.006105850 0.999638736 38.236141205
0.999568582 0.011816511 -0.026885163 -1.122294903 -0.011994800 0.999907315 -0.006479933 -0.785599113 0.026806101 0.006799634 0.999617457 39.311378479
0.999554038 0.011308390 -0.027636081 -1.156979203 -0.011457069 0.999920964 -0.005227508 -0.811151087 0.027574781 0.005541820 0.999604285 40.405136108
0.999532282 0.011431513 -0.028360693 -1.195036769 -0.011527027 0.999928653 -0.003206640 -0.834819973 0.028322013 0.003532070 0.999592483 41.494323730
0.999517500 0.011437278 -0.028873762 -1.231197238 -0.011461067 0.999934375 -0.000658517 -0.857326686 0.028864333 0.000989139 0.999582708 42.572219849
0.999487042 0.012648574 -0.029418606 -1.268130302 -0.012676675 0.999919593 -0.000768866 -0.880878866 0.029406514 0.001141417 0.999566734 43.648708344
0.999457657 0.013931422 -0.029835451 -1.308065891 -0.014071747 0.999891162 -0.004498456 -0.903925240 0.029769531 0.004915867 0.999544561 44.727657318
0.999437094 0.015274252 -0.029866159 -1.348430872 -0.015533248 0.999843836 -0.008459089 -0.928133607 0.029732287 0.008918259 0.999517918 45.802974701
0.999436557 0.015591770 -0.029720400 -1.391644835 -0.015859256 0.999835908 -0.008785527 -0.953266442 0.029578539 0.009251934 0.999519467 46.877704620
0.999432087 0.016117046 -0.029589340 -1.430238128 -0.016305720 0.999848425 -0.006146125 -0.982008755 0.029485796 0.006625125 0.999543071 47.963729858
0.999427736 0.016772088 -0.029372483 -1.471958041 -0.016896952 0.999849498 -0.004007993 -1.008416533 0.029300837 0.004502022 0.999560297 49.041587830
0.999447346 0.015369047 -0.029471232 -1.504056215 -0.015458024 0.999876916 -0.002793670 -1.031538367 0.029424664 0.003247710 0.999561548 50.122413635
0.999459147 0.015373865 -0.029066727 -1.538140416 -0.015488884 0.999873400 -0.003736081 -1.056360841 0.029005602 0.004184288 0.999570310 51.215789795
0.999478817 0.014555932 -0.028810173 -1.572232723 -0.014724018 0.999876022 -0.005630774 -1.078752160 0.028724633 0.006052056 0.999568820 52.308044434
0.999489665 0.014444304 -0.028489823 -1.607950449 -0.014670491 0.999862731 -0.007746346 -1.101052046 0.028374013 0.008160367 0.999563873 53.396595001
0.999508440 0.013522951 -0.028281746 -1.641857386 -0.013815133 0.999853313 -0.010161472 -1.130467892 0.028140176 0.010547206 0.999548137 54.486427307
0.999528825 0.012151500 -0.028182874 -1.677555799 -0.012534508 0.999831259 -0.013453554 -1.165866971 0.028014628 0.013800485 0.999512017 55.572513580
0.999553323 0.010957850 -0.027802028 -1.717391253 -0.011381291 0.999821246 -0.015118502 -1.201403141 0.027631383 0.015428182 0.999498904 56.654430389
0.999572754 0.009520611 -0.027632741 -1.748661995 -0.009877325 0.999869585 -0.012801644 -1.239304900 0.027507249 0.013069123 0.999535978 57.749721527
0.999589622 0.008281211 -0.027419399 -1.776656151 -0.008471620 0.999941111 -0.006835667 -1.270848632 0.027361166 0.007065163 0.999600470 58.848983765
0.999605179 0.006979011 -0.027215732 -1.807104588 -0.007003035 0.999975562 -0.000787781 -1.298821211 0.027209556 0.000978080 0.999629080 59.938907623
0.999619484 0.005188101 -0.027090108 -1.838365793 -0.005190896 0.999986947 -0.000033117 -1.319277763 0.027089570 0.000173743 0.999632776 61.041671753
0.999638081 0.001918796 -0.026830982 -1.867693067 -0.002003421 0.999993563 -0.003127834 -1.335189342 0.026824793 0.003180471 0.999634862 62.128013611
0.999636829 0.000437018 -0.026943047 -1.897884250 -0.000607381 0.999980330 -0.006315602 -1.356725931 0.026939740 0.006329686 0.999616802 63.212284088
0.999632120 0.002206648 -0.027028276 -1.933922768 -0.002484955 0.999944627 -0.010267956 -1.386353016 0.027004104 0.010331355 0.999581695 64.292015076
0.999635577 0.002463418 -0.026878569 -1.975949287 -0.002857951 0.999889016 -0.014650187 -1.414206505 0.026839480 0.014721676 0.999531150 65.393424988
0.999640226 0.005488031 -0.026249606 -2.015761375 -0.005891651 0.999865651 -0.015323982 -1.443617344 0.026161965 0.015473134 0.999537766 66.480140686
0.999637663 0.009327712 -0.025243228 -2.059362411 -0.009623894 0.999886394 -0.011637373 -1.476033211 0.025131796 0.011876109 0.999613404 67.576370239
0.999623656 0.010788203 -0.025217287 -2.097335577 -0.011032484 0.999893785 -0.009568233 -1.506236315 0.025111370 0.009842857 0.999635994 68.670303345
0.999631643 0.010241969 -0.025127320 -2.133988142 -0.010468021 0.999906123 -0.008881404 -1.531756997 0.025033984 0.009141182 0.999644578 69.785896301
0.999646723 0.008686769 -0.025113495 -2.170438051 -0.008890715 0.999928653 -0.008020922 -1.560223341 0.025042012 0.008241381 0.999652207 70.873947144
0.999644578 0.007447076 -0.025590785 -2.198657990 -0.007618776 0.999949396 -0.006618662 -1.587881207 0.025540182 0.006811297 0.999650419 71.962532043
0.999647439 0.005907805 -0.025877647 -2.231556654 -0.006025777 0.999972105 -0.004483405 -1.614773154 0.025850421 0.004637774 0.999654889 73.063133240
0.999636829 0.004646814 -0.026535926 -2.265085697 -0.004722489 0.999985278 -0.002790017 -1.639790416 0.026522554 0.002914337 0.999643803 74.152481079
0.999624610 0.004003999 -0.027095929 -2.304286003 -0.004112243 0.999984145 -0.003940491 -1.670060873 0.027079703 0.004050454 0.999624908 75.234466553
0.999607444 0.004467401 -0.027652301 -2.340377569 -0.004682200 0.999959707 -0.007708168 -1.696861744 0.027616736 0.007834632 0.999587715 76.314857483
0.999587774 0.005087848 -0.028247757 -2.379451990 -0.005361579 0.999939680 -0.009623257 -1.729364753 0.028197074 0.009770759 0.999554455 77.392509460
0.999557674 0.007142206 -0.028861539 -2.420422077 -0.007372540 0.999942124 -0.007882252 -1.756897330 0.028803555 0.008091566 0.999552131 78.465507507
0.999537528 0.008224561 -0.029269522 -2.464420795 -0.008334361 0.999959052 -0.003631401 -1.781636357 0.029238440 0.003873684 0.999564767 79.548118591
0.999509752 0.009722866 -0.029756973 -2.508423328 -0.009716677 0.999953091 0.000352525 -1.804821968 0.029758986 -0.000063193 0.999556899 80.623619080
0.999483883 0.010719530 -0.030279994 -2.553884983 -0.010693817 0.999942660 0.001010945 -1.827951312 0.030289076 -0.000686594 0.999540746 81.699180603
0.999465823 0.010612283 -0.030906195 -2.593295097 -0.010652049 0.999943018 -0.001122349 -1.846439838 0.030892503 0.001450984 0.999521494 82.769104004
0.999451876 0.010328434 -0.031449080 -2.638434410 -0.010394046 0.999944508 -0.001923562 -1.865905523 0.031427447 0.002249411 0.999503314 83.820312500
0.999443948 0.009446586 -0.031974316 -2.681732178 -0.009517822 0.999952912 -0.002076532 -1.889198065 0.031953175 0.002379723 0.999486327 84.873451233
0.999427557 0.008308865 -0.032791838 -2.721392870 -0.008371119 0.999963760 -0.001761691 -1.913524628 0.032775994 0.002035207 0.999460459 85.907356262
0.999417722 0.007067522 -0.033377271 -2.761740446 -0.007080499 0.999975204 -0.000270662 -1.934376717 0.033374518 0.000506852 0.999442577 86.923973083
0.999396980 0.007046666 -0.033997074 -2.802644014 -0.006965630 0.999972939 0.002501403 -1.958008528 0.034013767 -0.002263062 0.999418557 87.925949097
0.999371707 0.006217943 -0.034891304 -2.842832327 -0.006104352 0.999976039 0.003361048 -1.979574442 0.034911349 -0.003145926 0.999385238 88.897186279
0.999300361 0.005193291 -0.037036330 -2.885675669 -0.005060488 0.999980748 0.003678489 -2.002799749 0.037054703 -0.003488471 0.999306977 89.852066040
0.999182582 0.004427041 -0.040179905 -2.933815479 -0.004313679 0.999986768 0.002907504 -2.026142597 0.040192224 -0.002731782 0.999188066 90.787170410
0.999045372 0.004342986 -0.043467116 -2.986488104 -0.004256956 0.999989092 0.002071461 -2.046250582 0.043475613 -0.001884425 0.999052525 91.691223145
0.998909652 0.004222257 -0.046493370 -3.036766291 -0.004119204 0.999989092 0.002311994 -2.064741850 0.046502601 -0.002117936 0.998915732 92.587829590
0.998754859 0.005278058 -0.049606740 -3.089494467 -0.005114544 0.999981284 0.003422495 -2.083988190 0.049623854 -0.003164495 0.998762786 93.455596924
0.998591542 0.006087565 -0.052705780 -3.140347481 -0.005853752 0.999972522 0.004589377 -2.103872061 0.052732248 -0.004274364 0.998599350 94.294845581
0.998423100 0.007018947 -0.055695929 -3.196992397 -0.006684573 0.999958694 0.006187525 -2.122286081 0.055737037 -0.005805441 0.998428404 95.111305237
0.998261988 0.008646832 -0.058294386 -3.254990101 -0.008254269 0.999941826 0.006971523 -2.137125254 0.058351252 -0.006478205 0.998274863 95.901634216
0.998091638 0.010718696 -0.060811870 -3.309918880 -0.010281506 0.999919295 0.007497510 -2.154020548 0.060887296 -0.006857941 0.998120844 96.666442871
0.997904539 0.012595525 -0.063464545 -3.367834806 -0.012215065 0.999905348 0.006379232 -2.171196461 0.063538849 -0.005590618 0.997963428 97.393020630
0.997717083 0.013984852 -0.066067867 -3.425090790 -0.013832804 0.999900818 0.002758257 -2.187634945 0.066099845 -0.001838035 0.997811019 98.091262817
0.997512043 0.016453138 -0.068548799 -3.480822086 -0.016553700 0.999862850 -0.000899238 -2.203083277 0.068524562 0.002031756 0.997647047 98.754585266
0.997345448 0.018163266 -0.070513561 -3.536641121 -0.018454861 0.999823868 -0.003486000 -2.218814611 0.070437796 0.004778082 0.997504413 99.396240234
0.997245133 0.020133793 -0.071392268 -3.586927414 -0.020502638 0.999780178 -0.004437367 -2.234461308 0.071287207 0.005888889 0.997438133 100.007232666
0.997258544 0.022448448 -0.070509151 -3.638452768 -0.022781312 0.999733031 -0.003920191 -2.251973391 0.070402287 0.005515751 0.997503102 100.593833923
0.997373641 0.026210565 -0.067520171 -3.687506199 -0.026432212 0.999648035 -0.002391253 -2.268300533 0.067433693 0.004169697 0.997714698 101.158500671
0.997664511 0.028759014 -0.061956786 -3.726417780 -0.028871395 0.999583006 -0.000919222 -2.284436703 0.061904483 0.002705873 0.998078108 101.699554443
0.998075724 0.029595083 -0.054490916 -3.755691767 -0.029587006 0.999562025 0.000955081 -2.296165466 0.054495290 0.000659000 0.998513460 102.217391968
0.998558462 0.029524818 -0.044826984 -3.773352146 -0.029405100 0.999562263 0.003327859 -2.306168795 0.044905599 -0.002004897 0.998988807 102.713592529
0.999028206 0.029182471 -0.033033989 -3.783097506 -0.029049799 0.999568105 0.004489196 -2.317751646 0.033150718 -0.003525180 0.999443710 103.189285278
0.999401867 0.028447296 -0.019667484 -3.782019377 -0.028363777 0.999587715 0.004512681 -2.329169750 0.019787749 -0.003952114 0.999795973 103.642158508
0.999590397 0.028256672 -0.004560703 -3.776606798 -0.028240578 0.999595046 0.003555718 -2.339829206 0.004659341 -0.003425442 0.999982834 104.073371887
0.999548674 0.026912635 0.013356497 -3.758715868 -0.026921913 0.999637604 0.000515081 -2.353039742 -0.013337769 -0.000874410 0.999910176 104.496139526
0.999049723 0.026530614 0.034583181 -3.730595112 -0.026402310 0.999642909 -0.004161593 -2.365825415 -0.034681201 0.003244580 0.999392688 104.910987854
0.997961462 0.024493774 0.058934342 -3.691268682 -0.024000090 0.999670923 -0.009070277 -2.375496149 -0.059137061 0.007637371 0.998220146 105.311630249
0.996041358 0.022293996 0.086051404 -3.636284590 -0.021342060 0.999700665 -0.011966684 -2.385730505 -0.086292364 0.010082809 0.996218324 105.707839966
0.993072093 0.019576211 0.115865700 -3.567401886 -0.018148905 0.999746084 -0.013360886 -2.398266554 -0.116097741 0.011165499 0.993174493 106.095214844
0.988799632 0.017219644 0.148253530 -3.485665798 -0.015105288 0.999767721 -0.015375970 -2.411861658 -0.148483753 0.012964350 0.988829315 106.468391418
0.982849002 0.014914259 0.183809042 -3.386516333 -0.011959210 0.999781013 -0.017174866 -2.424894571 -0.184024811 0.014682098 0.982811391 106.839729309
0.974924684 0.011859148 0.222219825 -3.273674965 -0.008085405 0.999807417 -0.017884105 -2.438813210 -0.222388953 0.015638927 0.974831998 107.197761536
0.964921594 0.009897791 0.262352437 -3.149516821 -0.005103210 0.999807417 -0.018950414 -2.453739166 -0.262489289 0.016946830 0.964785516 107.543785095
0.952535987 0.010945293 0.304230094 -3.015744686 -0.005017343 0.999782145 -0.020260027 -2.467759609 -0.304385394 0.017771982 0.952382624 107.882369995
0.937205613 0.013024792 0.348534942 -2.867304802 -0.006134687 0.999763489 -0.020865191 -2.482958794 -0.348724067 0.017416824 0.937063038 108.211273193
0.919236958 0.013051650 0.393489122 -2.704547644 -0.005734538 0.999788165 -0.019765444 -2.496187449 -0.393663466 0.015912650 0.919116378 108.529754639
0.898741126 0.012337609 0.438306689 -2.525708675 -0.004651598 0.999816060 -0.018605143 -2.510568857 -0.438455284 0.014682383 0.898632467 108.834602356
0.875385582 0.011243910 0.483295143 -2.331097126 -0.002130327 0.999809444 -0.019402038 -2.524800062 -0.483420849 0.015954688 0.875242054 109.125953674
0.849829376 0.011847341 0.526925266 -2.126659632 -0.000557302 0.999766886 -0.021579852 -2.541576385 -0.527057707 0.018045535 0.849637210 109.403373718
0.822169960 0.014022647 0.569069862 -1.903698683 0.000309932 0.999685287 -0.025081372 -2.558149815 -0.569242001 0.020797521 0.821906269 109.668853760
0.791559577 0.018743839 0.610804975 -1.667553544 -0.000648628 0.999554634 -0.029832870 -2.570116282 -0.611091614 0.023218308 0.791218579 109.924652100
0.757622123 0.024823705 0.652221620 -1.417388797 -0.003677360 0.999422908 -0.033766638 -2.582450151 -0.652682900 0.023183901 0.757275641 110.176460266
0.720118582 0.029553015 0.693221688 -1.148880124 -0.005697237 0.999310613 -0.036683731 -2.593301058 -0.693827331 0.022467192 0.719789982 110.419357300
0.680902243 0.029785590 0.731768727 -0.860078335 -0.003148711 0.999282420 -0.037744518 -2.608099222 -0.732367218 0.023396201 0.680506885 110.636894226
0.639810562 0.027339311 0.768046618 -0.549521327 0.001086653 0.999333858 -0.036477417 -2.622741699 -0.768531501 0.024173239 0.639354050 110.841011047
0.595708847 0.025350563 0.802800655 -0.231478244 0.002566354 0.999436557 -0.033464201 -2.638570547 -0.803195894 0.021995200 0.595307589 111.033790588
0.549382925 0.023871740 0.835230052 0.106503874 0.003587356 0.999515176 -0.030926811 -2.651681423 -0.835562587 0.019986935 0.549030304 111.214431763
0.501491904 0.021432199 0.864897251 0.454086214 0.005225606 0.999599755 -0.027800096 -2.667639732 -0.865146101 0.018461144 0.501178682 111.373741150
0.450745642 0.017808478 0.892475188 0.818467379 0.007904729 0.999682069 -0.023939986 -2.683211088 -0.892616928 0.017845627 0.450461030 111.517303467
0.399224699 0.017863126 0.916679502 1.186974406 0.005967340 0.999738336 -0.022080526 -2.698659897 -0.916833103 0.014285242 0.399013191 111.643180847
0.348215282 0.022607878 0.937142372 1.562629580 0.002594559 0.999682009 -0.025080672 -2.715216637 -0.937410414 0.011164960 0.348045468 111.752090454
0.297725171 0.027715934 0.954249680 1.948257923 0.002499113 0.999552369 -0.029811468 -2.726646662 -0.954647720 0.011260417 0.297522277 111.843521118
0.251092851 0.029748622 0.967506230 2.354270935 0.004327710 0.999483049 -0.031854998 -2.741872549 -0.967952669 0.012185662 0.250833988 111.916999817
0.209907174 0.029479099 0.977277279 2.766563177 0.011592440 0.999399960 -0.032636341 -2.760735989 -0.977651894 0.018179636 0.209439203 111.968826294
0.174827307 0.029569486 0.984155476 3.211524010 0.019550068 0.999247491 -0.033495855 -2.774132013 -0.984404266 0.025096295 0.174117416 112.014396667
0.144390941 0.030864617 0.989039719 3.668874741 0.024171276 0.999104977 -0.034707520 -2.787091732 -0.989224732 0.028917799 0.143515468 112.057411194
0.116217405 0.029372822 0.992789865 4.138862133 0.022174306 0.999236524 -0.032159325 -2.805148363 -0.992975473 0.025751898 0.115477175 112.103981018
0.090698987 0.025824599 0.995543897 4.623468876 0.016011808 0.999496460 -0.027385900 -2.822077274 -0.995748818 0.018424340 0.090239666 112.145965576
0.066817425 0.021734430 0.997528911 5.129789352 0.011085651 0.999684572 -0.022523964 -2.841722488 -0.997702837 0.012563265 0.066555284 112.176918030
0.044232473 0.019302035 0.998835206 5.660522461 0.015518174 0.999679208 -0.020005567 -2.861050844 -0.998899937 0.016385004 0.043918647 112.186111450
0.024151661 0.020093944 0.999506772 6.198768139 0.023736386 0.999504387 -0.020667467 -2.879303694 -0.999425650 0.024223831 0.023662645 112.176300049
0.006890120 0.022716653 0.999718606 6.765196323 0.029165694 0.999311864 -0.022908434 -2.892844200 -0.999550045 0.029315325 0.006222764 112.169456482
-0.007627397 0.028332818 0.999569833 7.345260620 0.029661175 0.999164939 -0.028095018 -2.903781891 -0.999530077 0.029434117 -0.008461466 112.165321350
-0.018572170 0.033017375 0.999282598 7.932444096 0.027016871 0.999106050 -0.032509431 -2.917465687 -0.999461532 0.026393713 -0.019447636 112.157897949
-0.024913009 0.032748740 0.999153435 8.543325424 0.029453749 0.999053240 -0.032011069 -2.936851025 -0.999254704 0.028631316 -0.025854029 112.137039185
-0.027479827 0.029571472 0.999185205 9.178557396 0.035422727 0.998963177 -0.028590713 -2.962314129 -0.998993576 0.034608185 -0.028498868 112.109169006
-0.027006980 0.028009266 0.999243140 9.829818726 0.037190441 0.998943329 -0.026995715 -2.984424353 -0.998942256 0.036433205 -0.028020149 112.091926575
-0.025090100 0.027610408 0.999304175 10.500077248 0.036209892 0.998987496 -0.026692530 -3.007706642 -0.999028265 0.035514966 -0.026064498 112.081741333
-0.023675377 0.027993450 0.999328077 11.189935684 0.032438658 0.999102831 -0.027218642 -3.033239841 -0.999192357 0.031772438 -0.024562238 112.076133728
-0.022573298 0.029205585 0.999318898 11.903491020 0.031274304 0.999104440 -0.028492887 -3.059038162 -0.999255002 0.030609816 -0.023466500 112.068702698
-0.021730686 0.030043410 0.999312758 12.631642342 0.030796127 0.999093950 -0.029367168 -3.087292433 -0.999288499 0.030136785 -0.022636253 112.059532166
-0.020904457 0.029542895 0.999345303 13.373753548 0.030359877 0.999120891 -0.028901203 -3.115748405 -0.999319494 0.029735830 -0.021783035 112.050048828
-0.020383012 0.028215246 0.999394417 14.129278183 0.029264156 0.999190032 -0.027612636 -3.145578861 -0.999362946 0.028683601 -0.021192232 112.044441223
-0.019944329 0.026855748 0.999440730 14.889417648 0.029716801 0.999213219 -0.026256634 -3.177620173 -0.999358416 0.029176503 -0.020726740 112.031784058
-0.020595772 0.024624648 0.999484956 15.671850204 0.030120660 0.999257922 -0.023998387 -3.209167004 -0.999333143 0.029610876 -0.021322234 112.018913269
-0.021871589 0.022953087 0.999497652 16.456548691 0.027492592 0.999371946 -0.022348603 -3.239702702 -0.999381781 0.026989980 -0.022488926 112.010032654
-0.023064803 0.021867530 0.999495149 17.251703262 0.026464330 0.999423563 -0.021255273 -3.269577026 -0.999382734 0.025960719 -0.023630250 111.997703552
-0.024108857 0.019335551 0.999522686 18.049299240 0.028876564 0.999409020 -0.018636851 -3.295588017 -0.999291301 0.028413463 -0.024652984 111.974899292
-0.025271492 0.017725844 0.999523759 18.867868423 0.030342435 0.999395490 -0.016956415 -3.322176933 -0.999219120 0.029899469 -0.025794089 111.955574036
-0.027116003 0.016856140 0.999490499 19.693464279 0.027579218 0.999489546 -0.016107915 -3.351835489 -0.999250829 0.027128384 -0.027567070 111.941116333
-0.028014343 0.021614797 0.999374151 20.519556046 0.024832150 0.999472439 -0.020920843 -3.376321077 -0.999298096 0.024230527 -0.028536335 111.923660278
-0.028754627 0.026300356 0.999240756 21.345619202 0.026129650 0.999331713 -0.025550842 -3.403922319 -0.999243975 0.025375107 -0.029422658 111.901519775
-0.029819071 0.027955245 0.999164581 22.186529160 0.026185302 0.999287307 -0.027177215 -3.435598135 -0.999211311 0.025353029 -0.030529864 111.879196167
-0.031299070 0.025702138 0.999179780 23.029006958 0.022648720 0.999430537 -0.024999131 -3.469563961 -0.999252439 0.021847701 -0.031863391 111.861274719
-0.032452706 0.021476377 0.999242723 23.877340317 0.019522669 0.999591649 -0.020849841 -3.504290819 -0.999281585 0.018831261 -0.032858759 111.844711304
-0.032728605 0.016171109 0.999333620 24.731290817 0.018106429 0.999714255 -0.015584284 -3.535173178 -0.999299288 0.017584324 -0.033012085 111.822807312
-0.032984767 0.010586221 0.999399960 25.582988739 0.014843569 0.999838412 -0.010100970 -3.561091661 -0.999344647 0.014501500 -0.033136610 111.802032471
-0.032972738 0.009335312 0.999412835 26.430042267 0.012281203 0.999884248 -0.008934543 -3.589189053 -0.999379814 0.011979412 -0.033083610 111.784515381
-0.032067738 0.016120065 0.999355853 27.265485764 0.015307507 0.999760151 -0.015635405 -3.622313738 -0.999367476 0.014796271 -0.032306843 111.759513855
-0.031074433 0.027372317 0.999142349 28.097234726 0.017511941 0.999485970 -0.026837103 -3.648247242 -0.999362648 0.016662989 -0.031537838 111.737831116
-0.030522648 0.032591566 0.999002695 28.927701950 0.019481001 0.999297380 -0.032005984 -3.676422119 -0.999343216 0.018484680 -0.031136153 111.715957642
-0.029095631 0.027076267 0.999209940 29.756494522 0.021286888 0.999422729 -0.026462197 -3.711799383 -0.999348998 0.020500150 -0.029655237 111.690269470
-0.028190987 0.019311890 0.999416053 30.591970444 0.024264531 0.999531507 -0.018629691 -3.750068426 -0.999307096 0.023725186 -0.028646406 111.665451050
-0.027794708 0.016415879 0.999478936 31.413770676 0.025541529 0.999549925 -0.015706765 -3.779621124 -0.999286413 0.025091667 -0.028201517 111.645660400
-0.027975850 0.017056907 0.999463141 32.235034943 0.024445271 0.999566615 -0.016374437 -3.809331179 -0.999308825 0.023974070 -0.028380718 111.627365112
-0.028949460 0.017940873 0.999419928 33.054603577 0.021458635 0.999619186 -0.017322885 -3.839364052 -0.999349713 0.020944715 -0.029323453 111.612388611
-0.030978259 0.018042341 0.999357283 33.856639862 0.019346014 0.999660075 -0.017448127 -3.869409323 -0.999332011 0.018793082 -0.031316809 111.594970703
-0.033213239 0.017887075 0.999288261 34.665786743 0.018835017 0.999672890 -0.017267955 -3.901272297 -0.999269962 0.018248104 -0.033539314 111.573768616
-0.035236970 0.018171523 0.999213815 35.458091736 0.017612785 0.999690056 -0.017559089 -3.932581663 -0.999222934 0.016980225 -0.035546135 111.548118591
-0.037280958 0.018492889 0.999133766 36.253150940 0.016141616 0.999708891 -0.017901251 -3.960470676 -0.999173582 0.015460275 -0.037568644 111.523376465
-0.039419662 0.017678324 0.999066412 37.055046082 0.015059020 0.999739826 -0.017096078 -3.986972570 -0.999108434 0.014371057 -0.039675657 111.502128601
-0.041593496 0.016544215 0.998997688 37.851581573 0.015932119 0.999746144 -0.015893286 -4.015124321 -0.999006748 0.015255108 -0.041846555 111.475929260
-0.043600712 0.016537739 0.998912156 38.638877869 0.015513633 0.999752998 -0.015874533 -4.047088623 -0.998927772 0.014804633 -0.043846533 111.446846008
-0.045526974 0.017412219 0.998811364 39.415260315 0.014633277 0.999751806 -0.016761629 -4.079078197 -0.998855054 0.013852796 -0.045770500 111.414718628
-0.046459511 0.017541969 0.998766184 40.181766510 0.014625813 0.999749959 -0.016878918 -4.110339642 -0.998812199 0.013823599 -0.046704486 111.376098633
-0.047654435 0.016299848 0.998730958 40.952953339 0.016480364 0.999742925 -0.015530022 -4.140050888 -0.998727024 0.015719390 -0.047910839 111.339210510
-0.049236678 0.015489833 0.998667121 41.723583221 0.016323272 0.999758005 -0.014701997 -4.170843124 -0.998652875 0.015577651 -0.049477633 111.304718018
-0.050538309 0.015117236 0.998607814 42.489479065 0.015194022 0.999780655 -0.014366061 -4.197692871 -0.998605669 0.014446846 -0.050756942 111.272644043
-0.051724158 0.014199539 0.998560607 43.238548279 0.013622668 0.999815226 -0.013511764 -4.224432945 -0.998567581 0.012904189 -0.051908065 111.240608215
-0.052634723 0.012960867 0.998529911 43.973102570 0.012392560 0.999846578 -0.012324740 -4.250596523 -0.998535991 0.011725646 -0.052787296 111.210990906
-0.053389370 0.012595165 0.998494506 44.682731628 0.012653229 0.999848008 -0.011935693 -4.277796268 -0.998492718 0.011996953 -0.053540658 111.177696228
-0.053575899 0.015113027 0.998449564 45.387836456 0.012863929 0.999812245 -0.014443409 -4.306072712 -0.998480022 0.012070179 -0.053760290 111.144363403
-0.053693838 0.017814061 0.998398662 46.084686279 0.012690137 0.999771595 -0.017156105 -4.332989693 -0.998475969 0.011748652 -0.053907674 111.111602783
-0.053921200 0.019327905 0.998358250 46.778579712 0.010424932 0.999768317 -0.018792178 -4.361223698 -0.998489976 0.009394533 -0.054110236 111.081222534
-0.053987741 0.020195734 0.998337448 47.471942902 0.011099183 0.999745011 -0.019624013 -4.388029099 -0.998479128 0.010021288 -0.054198172 111.046684265
-0.054059044 0.019903844 0.998339474 48.160751343 0.012279395 0.999738157 -0.019266834 -4.416522026 -0.998461425 0.011217472 -0.054289337 111.011497498
-0.054400597 0.019352598 0.998331726 48.844169617 0.012865823 0.999741971 -0.018678879 -4.443927765 -0.998435497 0.011828231 -0.054635588 110.977767944
-0.054779086 0.019365311 0.998310804 49.526638031 0.008661649 0.999782741 -0.018918606 -4.470907688 -0.998460174 0.007610688 -0.054934964 110.950309753
-0.054485582 0.019395268 0.998326302 50.202713013 0.005811941 0.999799788 -0.019106720 -4.502059937 -0.998496890 0.004761186 -0.054587439 110.919990540
-0.054335881 0.018046150 0.998359740 50.879615784 0.007890000 0.999812484 -0.017643018 -4.527674198 -0.998490810 0.006918423 -0.054468110 110.884483337
-0.055333633 0.017524449 0.998314202 51.556221008 0.008127728 0.999819994 -0.017100409 -4.550190449 -0.998434067 0.007167814 -0.055466138 110.848983765
-0.058969095 0.016847171 0.998117745 52.222393036 0.004622548 0.999850690 -0.016603345 -4.578297615 -0.998248339 0.003634777 -0.059038199 110.817390442
-0.064258933 0.016306471 0.997800052 52.894542694 0.000729490 0.999866188 -0.016293282 -4.605775356 -0.997932255 -0.000319089 -0.064262263 110.785560608
-0.070066325 0.020200722 0.997337818 53.558120728 0.004609711 0.999790013 -0.019926568 -4.628168106 -0.997530937 0.003201272 -0.070144765 110.738838196
-0.076623619 0.023021106 0.996794283 54.224830627 0.007063371 0.999720097 -0.022545738 -4.652017117 -0.997034311 0.005313206 -0.076764800 110.683395386
-0.084116489 0.024505362 0.996154547 54.895694733 0.006025304 0.999691010 -0.024083596 -4.678826332 -0.996436954 0.003976322 -0.084238172 110.630218506
-0.090339772 0.023586683 0.995631635 55.561126709 0.002207035 0.999720991 -0.023483323 -4.705396175 -0.995907843 0.000075931 -0.090366654 110.574508667
-0.095701389 0.022375736 0.995158553 56.240425110 0.001874416 0.999748826 -0.022298709 -4.732381821 -0.995407641 -0.000268661 -0.095719315 110.513275146
-0.100307673 0.022934031 0.994692087 56.922935486 -0.000390576 0.999732614 -0.023089651 -4.758285046 -0.994955659 -0.002704557 -0.100271918 110.448524475
-0.104311801 0.022294274 0.994294703 57.603130341 -0.002503837 0.999738991 -0.022679042 -4.781581402 -0.994540811 -0.004855229 -0.104228772 110.383369446
-0.107002012 0.019103866 0.994075239 58.312656403 -0.002163979 0.999807835 -0.019446982 -4.807295799 -0.994255781 -0.004232009 -0.106940128 110.311561584
-0.108845524 0.016065964 0.993928850 59.021091461 -0.000001797 0.999868631 -0.016162192 -4.830416203 -0.994058013 -0.001760954 -0.108831212 110.235832214
-0.110338055 0.013199124 0.993806541 59.731811523 -0.000392557 0.999910414 -0.013323799 -4.855183601 -0.993893385 -0.001860233 -0.110322997 110.162231445
-0.111831397 0.013076849 0.993641198 60.453960419 -0.001416308 0.999909580 -0.013318768 -4.873900414 -0.993725479 -0.002896744 -0.111802772 110.089866638
-0.112280667 0.016771402 0.993535042 61.176258087 0.000096900 0.999857008 -0.016867191 -4.897284031 -0.993675768 -0.001797571 -0.112266235 110.011482239
-0.112396643 0.020841785 0.993444920 61.911090851 0.006030976 0.999775112 -0.020292278 -4.921964169 -0.993644357 0.003710672 -0.112497069 109.925010681
-0.112910837 0.025629416 0.993274629 62.647361755 0.013233878 0.999616623 -0.024288716 -4.950582981 -0.993516207 0.010402428 -0.113206737 109.832977295
-0.113729529 0.026889382 0.993147910 63.394088745 0.013697810 0.999580383 -0.025494969 -4.976731300 -0.993416548 0.010704434 -0.114050142 109.749809265
-0.114088148 0.024642933 0.993165076 64.140792847 0.011664401 0.999655902 -0.023464080 -5.005638599 -0.993401349 0.008907717 -0.114336349 109.672607422
-0.114053898 0.019834349 0.993276656 64.890487671 0.012120481 0.999753356 -0.018571954 -5.034594536 -0.993399799 0.009920801 -0.114266187 109.588981628
-0.113945819 0.017802438 0.993327558 65.634002686 0.014226649 0.999765456 -0.016285880 -5.063505650 -0.993384242 0.012276028 -0.114172384 109.501770020
-0.115083359 0.017323636 0.993204892 66.377372742 0.014208932 0.999773681 -0.015791828 -5.093745708 -0.993253350 0.012295019 -0.115303472 109.422012329
-0.116942681 0.018163580 0.992972672 67.117996216 0.012649640 0.999778211 -0.016798336 -5.120109081 -0.993057251 0.010596318 -0.117146522 109.343498230
-0.119118802 0.018821506 0.992701650 67.856224060 0.011936853 0.999774516 -0.017523266 -5.146682739 -0.992807329 0.009762399 -0.119316630 109.262481689
-0.121183172 0.018984824 0.992448628 68.590316772 0.013225737 0.999758542 -0.017509742 -5.175382614 -0.992541134 0.011003995 -0.121405020 109.172592163
-0.123051383 0.019078718 0.992216885 69.332008362 0.013339206 0.999755979 -0.017569415 -5.200706005 -0.992309690 0.011073462 -0.123275876 109.085922241
-0.125152066 0.018667769 0.991961896 70.073448181 0.012743455 0.999770045 -0.017206931 -5.225807190 -0.992054760 0.010487558 -0.125361204 108.999794006
-0.126859918 0.018913781 0.991740286 70.823257446 0.010277955 0.999788880 -0.017752573 -5.254083633 -0.991866410 0.007940992 -0.127027571 108.911407471
-0.127972275 0.020337874 0.991569161 71.565849304 0.010279251 0.999762535 -0.019179294 -5.281555176 -0.991723418 0.007738191 -0.128150985 108.818893433
-0.128903672 0.020726250 0.991440415 72.333106995 0.008937454 0.999764562 -0.019738261 -5.305601597 -0.991615832 0.006316639 -0.129058585 108.726478577
-0.130179986 0.020957772 0.991268814 73.090652466 0.008557726 0.999762416 -0.020013498 -5.332572937 -0.991452456 0.005877670 -0.130328447 108.630119324
-0.131262109 0.019138929 0.991162896 73.851470947 0.008751995 0.999796391 -0.018146595 -5.361682415 -0.991308093 0.006292712 -0.131402910 108.531730652
-0.132338002 0.016936339 0.991059899 74.626121521 0.006466261 0.999846876 -0.016223054 -5.382357121 -0.991182506 0.004261546 -0.132427260 108.437896729
-0.134121835 0.014788671 0.990854442 75.412521362 0.003528725 0.999888778 -0.014445868 -5.406358242 -0.990957499 0.001558969 -0.134159118 108.342231750
-0.136339173 0.014120196 0.990561485 76.200836182 0.004513474 0.999896288 -0.013632039 -5.434779167 -0.990650833 0.002612314 -0.136388764 108.236610413
-0.138115034 0.014712048 0.990306795 76.994071960 0.005487109 0.999885082 -0.014089077 -5.459823132 -0.990399837 0.003488030 -0.138179883 108.128982544
-0.140343279 0.015917249 0.989974856 77.791900635 0.004789581 0.999869347 -0.015397348 -5.484957218 -0.990090132 0.002580672 -0.140401170 108.019866943
-0.141867653 0.019380618 0.989695787 78.581916809 0.006213781 0.999805391 -0.018687880 -5.512818336 -0.989864886 0.003498569 -0.141960472 107.906867981
-0.142276853 0.023257181 0.989553511 79.391433716 0.008227212 0.999716520 -0.022313144 -5.540863991 -0.989791453 0.004966644 -0.142427862 107.791267395
-0.143257156 0.027123008 0.989313602 80.198440552 0.009288058 0.999616563 -0.026060523 -5.572635174 -0.989640594 0.005455466 -0.143454149 107.676559448
-0.143004164 0.028171567 0.989320934 81.021789551 0.011203396 0.999576211 -0.026844172 -5.604107380 -0.989657342 0.007244945 -0.143259168 107.559608459
-0.142389268 0.027488429 0.989428818 81.844299316 0.014837394 0.999560595 -0.025634659 -5.639711380 -0.989698172 0.011030462 -0.142734542 107.438911438
-0.142304450 0.025469238 0.989495039 82.678512573 0.015175008 0.999606848 -0.023547122 -5.675419331 -0.989705265 0.011664751 -0.142634988 107.321434021
-0.141673639 0.023854475 0.989625752 83.520156860 0.014659808 0.999649823 -0.021997429 -5.705653667 -0.989803493 0.011391285 -0.141973704 107.208763123
-0.139921591 0.021409739 0.989930868 84.361343384 0.013497338 0.999713838 -0.019713547 -5.737045288 -0.990069211 0.010603098 -0.140170515 107.098258972
-0.138233006 0.018217631 0.990231931 85.212043762 0.013991583 0.999766231 -0.016439864 -5.766522884 -0.990299523 0.011582396 -0.138455585 106.984237671
-0.136597574 0.014880460 0.990514636 86.069465637 0.014550106 0.999808729 -0.013013549 -5.793049812 -0.990518391 0.012634488 -0.136787951 106.871482849
-0.134962618 0.014579218 0.990743160 86.920150757 0.012608334 0.999835372 -0.012995467 -5.823128223 -0.990769088 0.010737735 -0.135124207 106.763580322
-0.133555472 0.018651959 0.990865469 87.762496948 0.013523883 0.999763429 -0.016996616 -5.856799126 -0.990947664 0.011130375 -0.133776113 106.650123596
-0.131550834 0.024872601 0.990997016 88.602104187 0.014228662 0.999628901 -0.023200454 -5.887341499 -0.991205931 0.011048538 -0.131855905 106.538864136
-0.130162537 0.028313050 0.991087973 89.456047058 0.012177798 0.999561787 -0.026955782 -5.915597916 -0.991416454 0.008560653 -0.130450279 106.435173035
-0.128745779 0.025843326 0.991340518 90.309028625 0.010820351 0.999636769 -0.024654362 -5.950802326 -0.991617084 0.007552525 -0.128978640 106.328468323
