1.000000000 0.000000000 0.000000000 0.000000000 0.000000000 1.000000000 0.000000000 0.000000000 0.000000000 0.000000000 1.000000000 0.000000000
0.999998808 0.000733359 0.001365932 -0.005139976 -0.000727045 0.999989092 -0.004617819 -0.002503265 -0.001369304 0.004616820 0.999988377 0.959331334
0.999996543 -0.001390790 0.002242038 -0.005229765 0.001403012 0.999984145 -0.005458839 -0.000415690 -0.002234410 0.005461966 0.999982595 1.916951180
0.999993443 -0.002654550 0.002471637 -0.009608088 0.002658278 0.999995351 -0.001506470 0.000255500 -0.002467626 0.001513031 0.999995828 2.867458344
0.999984682 -0.005240598 0.001793731 -0.006375846 0.005232513 0.999976218 0.004482761 -0.002859755 -0.001817181 -0.004473306 0.999988317 3.826326609
0.999960363 -0.008891341 0.000415465 -0.004808323 0.008889426 0.999950707 0.004400423 0.000520571 -0.000454571 -0.004396555 0.999990225 4.760478497
0.999932289 -0.011618294 -0.000552244 -0.004663530 0.011619145 0.999931157 0.001565515 0.003998690 0.000534018 -0.001571825 0.999998629 5.693490505
0.999923766 -0.012274558 -0.001313759 -0.007855402 0.012272025 0.999922693 -0.001918700 0.005102917 0.001337209 0.001902433 0.999997258 6.618575096
0.999925613 -0.011999282 -0.002153225 -0.015404451 0.011993724 0.999924600 -0.002575536 0.005637730 0.002183968 0.002549521 0.999994278 7.545147419
0.999928296 -0.011527390 -0.003234074 -0.022369970 0.011525001 0.999933124 -0.000756104 0.005960718 0.003242574 0.000718779 0.999994397 8.467250824
0.999927402 -0.011355819 -0.004018789 -0.029603619 0.011364697 0.999932826 0.002193166 0.004491590 0.003993615 -0.002238678 0.999989450 9.391749382
0.999921679 -0.011534415 -0.004852005 -0.038771372 0.011552497 0.999926209 0.003714880 0.004869771 0.004808799 -0.003770640 0.999981284 10.300502777
0.999900758 -0.012992017 -0.005439244 -0.048069164 0.013016583 0.999904990 0.004505554 0.009578160 0.005380192 -0.004575906 0.999975026 11.213171959
0.999893844 -0.013111204 -0.006349296 -0.054070391 0.013139294 0.999903858 0.004402873 0.013937179 0.006290959 -0.004485830 0.999970138 12.125241280
0.999886274 -0.013415094 -0.006883230 -0.068015039 0.013436225 0.999905050 0.003032909 0.015364710 0.006841891 -0.003125048 0.999971688 13.029241562
0.999867320 -0.013941198 -0.008415893 -0.076424554 0.013950294 0.999902070 0.001023286 0.018396433 0.008400803 -0.001140554 0.999963999 13.927803993
0.999832690 -0.015418717 -0.009835877 -0.088791184 0.015417105 0.999881029 -0.000239625 0.018388044 0.009838402 0.000087945 0.999951541 14.829921722
0.999819219 -0.015120236 -0.011522033 -0.103624150 0.015110374 0.999885261 -0.000942340 0.019931424 0.011534961 0.000768068 0.999933124 15.726153374
0.999817252 -0.014023378 -0.012985295 -0.123936057 0.014001026 0.999900281 -0.001810498 0.017727148 0.013009390 0.001628361 0.999913990 16.620834351
0.999813139 -0.012740625 -0.014530886 -0.145976111 0.012713722 0.999917269 -0.001942162 0.019911939 0.014554429 0.001757059 0.999892473 17.509799957
0.999786317 -0.013225755 -0.015878728 -0.165943503 0.013209417 0.999912083 -0.001133168 0.018726084 0.015892319 0.000923178 0.999873221 18.401777267
0.999774158 -0.012601033 -0.017105158 -0.189639658 0.012606834 0.999920487 0.000231478 0.017434495 0.017100880 -0.000447067 0.999853611 19.278337479
0.999754369 -0.012259697 -0.018458018 -0.211563841 0.012276647 0.999924302 0.000805325 0.017062236 0.018446745 -0.001031728 0.999829233 20.158031464
0.999711394 -0.013298935 -0.020003395 -0.233379126 0.013313589 0.999911249 0.000599604 0.017233906 0.019993642 -0.000865747 0.999799669 21.034887314
0.999676824 -0.013338323 -0.021636397 -0.254942626 0.013345616 0.999911010 0.000192831 0.017174277 0.021631895 -0.000481519 0.999765813 21.906362534
0.999650776 -0.013296869 -0.022831462 -0.278073251 0.013313141 0.999911308 0.000560963 0.016971443 0.022821972 -0.000864724 0.999739110 22.765869141
0.999625981 -0.013168566 -0.023965139 -0.299982250 0.013230511 0.999909580 0.002428190 0.018951774 0.023930993 -0.002744351 0.999709785 23.616952896
0.999589741 -0.014283183 -0.024822991 -0.322421700 0.014416794 0.999882579 0.005212006 0.021008251 0.024745628 -0.005567734 0.999678254 24.463777542
0.999577940 -0.014005112 -0.025448019 -0.348614037 0.014182833 0.999876320 0.006816773 0.022330597 0.025349395 -0.007174819 0.999652863 25.296817780
0.999570787 -0.013331130 -0.026082270 -0.373705506 0.013485197 0.999892712 0.005740073 0.023270968 0.026002945 -0.006089332 0.999643266 26.121990204
0.999566495 -0.011607452 -0.027050726 -0.398877084 0.011693097 0.999927223 0.003010138 0.029129077 0.027013810 -0.003325139 0.999629498 26.932374954
0.999555826 -0.011010324 -0.027688993 -0.426095843 0.011049733 0.999938190 0.001270736 0.032450873 0.027673285 -0.001576125 0.999615729 27.732124329
0.999539793 -0.009965883 -0.028646944 -0.454233259 0.009996401 0.999949634 0.000922409 0.033489965 0.028636305 -0.001208349 0.999589086 28.522279739
0.999503851 -0.010130219 -0.029820673 -0.483286172 0.010149803 0.999948323 0.000505524 0.030839156 0.029814009 -0.000807945 0.999555051 29.297801971
0.999441624 -0.009863853 -0.031921905 -0.511369705 0.009858812 0.999951303 -0.000315183 0.029177973 0.031923458 0.000000297 0.999490201 30.066225052
0.999377787 -0.009611720 -0.033934664 -0.540671706 0.009600665 0.999953747 -0.000488636 0.031464446 0.033937789 0.000162538 0.999423862 30.831436157
0.999314308 -0.009451050 -0.035798196 -0.572652280 0.009475775 0.999954879 0.000521140 0.033030260 0.035791658 -0.000859997 0.999358833 31.597167969
0.999232471 -0.009816371 -0.037922055 -0.602033496 0.009933289 0.999946356 0.002896030 0.033032145 0.037891597 -0.003270496 0.999276459 32.347671509
0.999161303 -0.008706664 -0.040010449 -0.634115934 0.008887993 0.999950886 0.004356493 0.033641882 0.039970562 -0.004708450 0.999189675 33.090744019
0.999088347 -0.007342796 -0.042054020 -0.666319609 0.007541378 0.999961019 0.004565436 0.035287980 0.042018864 -0.004878418 0.999104857 33.824260712
0.999018610 -0.005071602 -0.044002030 -0.705788910 0.005248304 0.999978483 0.003901218 0.033575073 0.043981310 -0.004128323 0.999023736 34.531497955
0.998937070 -0.003756340 -0.045942437 -0.742907822 0.003907265 0.999987185 0.003195790 0.035543326 0.045929857 -0.003371901 0.998938859 35.243587494
0.998870552 -0.003515773 -0.047385529 -0.784466565 0.003725673 0.999983549 0.004342097 0.037791573 0.047369499 -0.004513734 0.998867095 35.937030792
0.998821616 -0.002245451 -0.048481319 -0.825788736 0.002549500 0.999977410 0.006210591 0.039989956 0.048466291 -0.006326874 0.998804688 36.625141144
0.998821735 0.000607219 -0.048526172 -0.866926014 -0.000274815 0.999976456 0.006856414 0.039148141 0.048529204 -0.006834999 0.998798251 37.294044495
0.998873293 0.003758703 -0.047308687 -0.909960210 -0.003536834 0.999982357 0.004772711 0.039625730 0.047325805 -0.004600010 0.998868763 37.948165894
0.998946130 0.005403787 -0.045579154 -0.946132898 -0.005335828 0.999984443 0.001612603 0.041481227 0.045587175 -0.001367701 0.998959243 38.592540741
0.999039710 0.005841357 -0.043421943 -0.977580547 -0.005855690 0.999982774 -0.000202844 0.043784898 0.043420028 0.000456914 0.999056578 39.233604431
0.999166489 0.007119479 -0.040191952 -1.007089138 -0.007105689 0.999974549 0.000485990 0.047421046 0.040194411 -0.000199994 0.999191582 39.872440338
0.999242961 0.011862218 -0.037047446 -1.038940072 -0.011746887 0.999925435 0.003329222 0.045677781 0.037084196 -0.002891509 0.999307692 40.499279022
0.999316156 0.016206961 -0.033230007 -1.069059253 -0.015983617 0.999847889 0.006975882 0.043761391 0.033338033 -0.006439975 0.999423087 41.115100861
0.999355078 0.021308521 -0.028896078 -1.094991684 -0.021090172 0.999746740 0.007840188 0.047955502 0.029055849 -0.007225708 0.999551356 41.719451904
0.999405384 0.025218368 -0.023503290 -1.115771174 -0.025036119 0.999654293 0.008016493 0.053150140 0.023697354 -0.007423294 0.999691308 42.302528381
0.999420464 0.029141702 -0.017574726 -1.133219004 -0.028968882 0.999530077 0.010009179 0.057851203 0.017858179 -0.009494257 0.999795139 42.867706299
0.999358058 0.034094498 -0.010974846 -1.147060156 -0.033971049 0.999359429 0.011245260 0.061247949 0.011351245 -0.010865212 0.999876261 43.421428680
0.999292910 0.037372481 -0.004044944 -1.150893927 -0.037326649 0.999243915 0.010868920 0.063787527 0.004448111 -0.010710249 0.999932468 43.951194763
0.999167144 0.040667642 0.003241833 -1.154265642 -0.040700659 0.999112189 0.010867340 0.065446980 -0.002796980 -0.010990231 0.999935448 44.457378387
0.998918951 0.045214683 0.010769818 -1.154018283 -0.045326486 0.998918295 0.010373487 0.070396096 -0.010289109 -0.010850429 0.999888003 44.949150085
0.998608708 0.049446754 0.018305084 -1.150832176 -0.049594522 0.998739600 0.007708103 0.072171532 -0.017900847 -0.008605208 0.999802530 45.411396027
0.998337388 0.051351085 0.026172822 -1.137710214 -0.051489189 0.998662710 0.004629616 0.074166700 -0.025900064 -0.005969532 0.999646485 45.853199005
0.998081088 0.051792931 0.033928398 -1.122221828 -0.051971700 0.998638749 0.004407729 0.076016970 -0.033653900 -0.006162583 0.999414325 46.272613525
0.997821391 0.051072594 0.041755222 -1.098450899 -0.051357206 0.998663604 0.005771340 0.076626971 -0.041404638 -0.007903194 0.999110997 46.674221039
0.997373879 0.052677363 0.049697232 -1.078313112 -0.053062573 0.998570204 0.006462783 0.077888466 -0.049285710 -0.009082869 0.998743176 47.047710419
0.996732771 0.055783611 0.058406740 -1.056997061 -0.056265347 0.998393714 0.006634695 0.079035416 -0.057942793 -0.009899287 0.998270631 47.400840759
0.995894790 0.060607981 0.067228556 -1.037626147 -0.061158326 0.998108983 0.006156377 0.078033730 -0.066728279 -0.010242683 0.997718453 47.727886200
0.995030582 0.064152531 0.076144084 -1.016268373 -0.064815573 0.997877479 0.006265929 0.075929329 -0.075580463 -0.011170106 0.997077048 48.027057648
0.994304717 0.063582793 0.085526280 -0.986957431 -0.064412721 0.997898877 0.006976538 0.074583665 -0.084902972 -0.012445779 0.996311367 48.302947998
0.993408799 0.062411029 0.096142076 -0.952309310 -0.063205257 0.997986734 0.005234747 0.072456501 -0.095621787 -0.011276921 0.995353758 48.568981171
0.992292821 0.060950547 0.107886039 -0.913601935 -0.061397005 0.998112977 0.000818220 0.071029171 -0.107632555 -0.007435786 0.994162858 48.830677032
0.990751445 0.061899066 0.120745480 -0.862976313 -0.061989155 0.998072147 -0.003013698 0.063914649 -0.120699219 -0.004499075 0.992678821 49.088027954
0.988630533 0.063685559 0.136210009 -0.821286321 -0.063591331 0.997963130 -0.005047453 0.059390318 -0.136253983 -0.003671698 0.990666986 49.339633942
0.986156046 0.065210871 0.152456835 -0.775211811 -0.065004811 0.997864664 -0.006341135 0.057311721 -0.152544782 -0.003657067 0.988289595 49.593643188
0.983375847 0.065867104 0.169212252 -0.718875468 -0.065551706 0.997821152 -0.007455979 0.052493419 -0.169334665 -0.003760109 0.985551238 49.837295532
0.980168045 0.064971834 0.187212646 -0.658995330 -0.064494975 0.997880459 -0.008643779 0.051209863 -0.187377438 -0.003601908 0.982281148 50.080802917
0.976354897 0.064024605 0.206473500 -0.592078567 -0.063542880 0.997938693 -0.008970818 0.047820829 -0.206622273 -0.004361210 0.978410780 50.319778442
0.971857548 0.064278364 0.226628557 -0.522284925 -0.063612014 0.997921944 -0.010250242 0.045006182 -0.226816505 -0.004454513 0.973927081 50.559589386
0.966615796 0.066164076 0.247539043 -0.445163608 -0.065095007 0.997800529 -0.012510006 0.043112922 -0.247822329 -0.004021175 0.968796909 50.802673340
0.960398376 0.067583658 0.270308703 -0.363238722 -0.066082366 0.997706354 -0.014662031 0.040161885 -0.270679653 -0.003781236 0.962661803 51.043548584
0.953113794 0.068686210 0.294712782 -0.273409218 -0.067000277 0.997627318 -0.015826847 0.035266291 -0.295100659 -0.004661039 0.955454528 51.284240723
0.944611013 0.071473859 0.320313752 -0.175545603 -0.069801904 0.997420728 -0.016714508 0.029219531 -0.320682257 -0.006569789 0.947163761 51.527389526
0.934746981 0.073625319 0.347601473 -0.070332088 -0.071915716 0.997251093 -0.017836425 0.022396185 -0.347959220 -0.008325449 0.937472403 51.766422272
0.923600614 0.074360877 0.376074046 0.045190208 -0.072480686 0.997185528 -0.019167546 0.012058714 -0.376441002 -0.009554934 0.926391006 51.995700836
0.911011279 0.072499439 0.405957639 0.179877371 -0.069867440 0.997328281 -0.021321826 0.003170894 -0.406418979 -0.008938780 0.913642824 52.223018646
0.896192312 0.069778338 0.438143492 0.325135261 -0.065879717 0.997536063 -0.024114374 -0.004819657 -0.438746691 -0.007253636 0.898581207 52.446540833
0.878942668 0.069322996 0.471861780 0.480502903 -0.063357130 0.997582555 -0.028542642 -0.011749016 -0.472699851 -0.004808442 0.881210089 52.669422150
0.859522820 0.071155064 0.506119490 0.644064963 -0.062700711 0.997461379 -0.033750515 -0.020494914 -0.507236302 -0.002724698 0.861802399 52.888710022
0.837798119 0.073072739 0.541067600 0.818887591 -0.062254149 0.997325182 -0.038296387 -0.030128680 -0.542418897 -0.001599046 0.840106308 53.108608246
0.813285530 0.076007858 0.576878607 1.010976315 -0.063417710 0.997103989 -0.041969135 -0.040933065 -0.578398108 -0.002451414 0.815750599 53.333133698
0.785951734 0.080012679 0.613088310 1.219747543 -0.066382714 0.996779382 -0.044987712 -0.051818434 -0.614713609 -0.005340287 0.788731992 53.563724518
0.756137133 0.084205508 0.648972690 1.446516514 -0.069955625 0.996405125 -0.047778308 -0.068563372 -0.650663137 -0.009272333 0.759309530 53.793155670
0.723248363 0.085447356 0.685281038 1.698696375 -0.069875710 0.996277630 -0.050478362 -0.083972380 -0.687043607 -0.011376110 0.726526737 54.020572662
0.686924696 0.083261006 0.721942961 1.982523680 -0.066546731 0.996447980 -0.051600665 -0.103064492 -0.723675191 -0.012597174 0.690025389 54.243061066
0.647958755 0.082167991 0.757230103 2.293777704 -0.063870288 0.996524036 -0.053480610 -0.119961455 -0.758992672 -0.013711277 0.650954425 54.464275360
0.605672836 0.081928104 0.791484535 2.626342773 -0.061918467 0.996521771 -0.055769712 -0.135532603 -0.793300927 -0.015229308 0.608638823 54.680534363
0.559882402 0.081683047 0.824535728 2.981046438 -0.058204804 0.996547639 -0.059200913 -0.154890299 -0.826525092 -0.014846388 0.562703550 54.882751465
0.511832476 0.080759652 0.855280638 3.363187313 -0.055289015 0.996604145 -0.061017103 -0.177543342 -0.857304215 -0.016057085 0.514559150 55.074989319
0.463419497 0.078869000 0.882622004 3.768793344 -0.053623199 0.996701777 -0.060908180 -0.202444226 -0.884514987 -0.019102978 0.466119856 55.253616333
0.413937509 0.076663390 0.907071114 4.192868710 -0.053558778 0.996772170 -0.059803478 -0.226091772 -0.908728242 -0.023826715 0.416706979 55.416530609
0.363903284 0.076317042 0.928304732 4.641229630 -0.056502916 0.996610820 -0.059783019 -0.248031080 -0.929721236 -0.030696681 0.366981655 55.570384979
0.314850748 0.076568201 0.946047485 5.101933956 -0.054124355 0.996567070 -0.062644139 -0.271430552 -0.947596550 -0.031480651 0.317913681 55.699058533
0.268014461 0.073313057 0.960621119 5.586400509 -0.042730495 0.997023582 -0.064169452 -0.301544517 -0.962466657 -0.023849471 0.270349026 55.793754578
0.223993242 0.067737848 0.972233534 6.090463161 -0.029338710 0.997597992 -0.062745772 -0.329754829 -0.974148870 -0.014469438 0.225442126 55.868839264
0.181983620 0.066963188 0.981018543 6.611349583 -0.019980662 0.997724116 -0.064397059 -0.354366183 -0.983098388 -0.007882178 0.182906970 55.929405212
0.143669412 0.068652883 0.987241328 7.130175114 -0.016348518 0.997619152 -0.066995494 -0.375701249 -0.989490569 -0.006514719 0.144449264 55.982326508
0.111151613 0.069482386 0.991371274 7.669713974 -0.007529890 0.997583032 -0.069073573 -0.408660054 -0.993774831 0.000212732 0.111405671 56.014770508
0.082350723 0.067951210 0.994283855 8.219362259 -0.000482083 0.997675300 -0.068143114 -0.445846170 -0.996603131 0.005132320 0.082191549 56.034065247
0.057622582 0.066270225 0.996136189 8.785138130 0.006957176 0.997743428 -0.066779636 -0.478368431 -0.998314023 0.010778326 0.057030998 56.047317505
0.037844371 0.065492451 0.997134864 9.356291771 0.011843174 0.997750461 -0.065982416 -0.505124211 -0.999213278 0.014306322 0.036983095 56.050170898
0.022007722 0.067258708 0.997492492 9.943323135 0.014632377 0.997605860 -0.067589231 -0.537864625 -0.999650478 0.016083188 0.020970376 56.052902222
0.008595870 0.066916704 0.997721255 10.536059380 0.015288996 0.997632861 -0.067042552 -0.573597431 -0.999845982 0.015830461 0.007551932 56.050052643
-0.002923041 0.067849800 0.997690976 11.140991211 0.016149448 0.997568488 -0.067794211 -0.609785855 -0.999865115 0.015914008 -0.004012174 56.045829773
-0.012020729 0.070683569 0.997426093 11.760593414 0.020958073 0.997296989 -0.070421897 -0.645535648 -0.999707878 0.020057620 -0.013470135 56.033416748
-0.018426931 0.072748303 0.997179806 12.389329910 0.025350453 0.997062624 -0.072271354 -0.679693639 -0.999508560 0.023947231 -0.020217514 56.015369415
-0.022941273 0.072197191 0.997126162 13.027951241 0.025854386 0.997098088 -0.071600363 -0.715511203 -0.999402225 0.024137493 -0.024741821 55.997863770
-0.026689498 0.069462404 0.997227073 13.682738304 0.023376405 0.997353256 -0.068845592 -0.753539503 -0.999370217 0.021474143 -0.028243147 55.987918854
-0.029263247 0.062691905 0.997603416 14.352242470 0.021267513 0.997844160 -0.062083226 -0.791721702 -0.999345243 0.019399801 -0.030533968 55.974575043
-0.030572642 0.057052635 0.997902513 15.029965401 0.022322917 0.998159409 -0.056383457 -0.825997710 -0.999283016 0.020552322 -0.031790458 55.955345154
-0.031169303 0.054512899 0.998026013 15.717918396 0.024671717 0.998249114 -0.053754605 -0.863261700 -0.999209404 0.022947544 -0.032460161 55.931739807
-0.030836308 0.056686390 0.997915268 16.409505844 0.027980873 0.998047888 -0.055829346 -0.902435541 -0.999132574 0.026200989 -0.032362752 55.905242920
-0.029931987 0.064080462 0.997495294 17.099420547 0.028882552 0.997581363 -0.063219354 -0.937825382 -0.999134421 0.026917946 -0.031710904 55.884784698
-0.027803978 0.072048031 0.997013032 17.801324844 0.029505150 0.997023404 -0.071226001 -0.973921359 -0.999177694 0.027436668 -0.029847508 55.868038177
-0.025599141 0.072810166 0.997016728 18.512311935 0.030200794 0.996944845 -0.072029524 -1.011595607 -0.999215841 0.028266815 -0.027720360 55.850513458
-0.023532081 0.068553358 0.997369409 19.240550995 0.029544801 0.997257769 -0.067848638 -1.053876996 -0.999286294 0.027870474 -0.025493449 55.841003418
-0.021202577 0.062082823 0.997845292 19.973361969 0.028850965 0.997692108 -0.061460294 -1.100758791 -0.999358714 0.027485698 -0.022945294 55.831851959
-0.018308822 0.060682002 0.997988760 20.711433411 0.027092593 0.997819781 -0.060174737 -1.142512679 -0.999465108 0.025936389 -0.019913435 55.825656891
-0.014662549 0.066005521 0.997711062 21.434906006 0.034906901 0.997244060 -0.065461665 -1.186337113 -0.999282837 0.033867184 -0.016926682 55.804286957
-0.011460733 0.071807995 0.997352183 22.166479111 0.036530919 0.996782064 -0.071347207 -1.225393534 -0.999266624 0.035616513 -0.014047556 55.793582916
-0.009022337 0.072461605 0.997329950 22.896396637 0.030579651 0.996924222 -0.072155528 -1.268330455 -0.999491453 0.029847000 -0.011210926 55.802032471
-0.006027226 0.069013231 0.997597098 23.631731033 0.025876161 0.997292101 -0.068835832 -1.314179063 -0.999646842 0.025399100 -0.007797189 55.812156677
-0.001294914 0.065270014 0.997866392 24.363216400 0.029914832 0.997423291 -0.065202251 -1.366940379 -0.999551415 0.029766584 -0.003244603 55.809280396
0.002249229 0.066302218 0.997796595 25.100961685 0.034565598 0.997197926 -0.066340387 -1.417273402 -0.999399722 0.034638666 -0.000049331 55.807777405
0.004859948 0.071017779 0.997462749 25.833734512 0.034126673 0.996881962 -0.071142733 -1.462127566 -0.999405503 0.034385849 0.002420712 55.816390991
0.008782946 0.071882442 0.997373998 26.554952621 0.030441703 0.996931195 -0.072118632 -1.504482031 -0.999497712 0.030995188 0.006567288 55.830936432
0.012231757 0.071452722 0.997368574 27.299793243 0.029576853 0.996981084 -0.071787737 -1.555646658 -0.999487400 0.030377122 0.010081005 55.849487305
0.015768487 0.068392254 0.997533441 28.043733597 0.033384226 0.997065425 -0.068887934 -1.605957270 -0.999317884 0.034388151 0.013438514 55.860523224
0.019496655 0.068848006 0.997436166 28.783409119 0.037810668 0.996861637 -0.069547474 -1.656973839 -0.999094427 0.039069686 0.016831802 55.868061066
0.023051161 0.069680892 0.997302532 29.524066925 0.040555652 0.996681452 -0.070574939 -1.707900167 -0.998911083 0.042073105 0.020148236 55.883388519
0.025759414 0.069643274 0.997238874 30.263080597 0.041061509 0.996654510 -0.070663169 -1.754788876 -0.998824179 0.042768393 0.022813102 55.903961182
0.029242033 0.068145692 0.997246265 31.013374329 0.042348638 0.996692896 -0.069349721 -1.804353595 -0.998674512 0.044259969 0.026258975 55.928199768
0.032865055 0.067182712 0.997198761 31.762357712 0.044263057 0.996661246 -0.068605356 -1.855999112 -0.998478770 0.046393808 0.029781139 55.952148438
0.035734095 0.067547463 0.997075438 32.504268646 0.042353250 0.996714175 -0.069040932 -1.904444218 -0.998463035 0.044696525 0.032755353 55.982692719
0.038775221 0.069204830 0.996848106 33.244537354 0.039516766 0.996712029 -0.070732541 -1.953209162 -0.998465836 0.042134907 0.035912506 56.018100739
0.041442055 0.069315568 0.996733069 33.997978210 0.041086212 0.996628344 -0.071016595 -2.000152826 -0.998295307 0.043895084 0.038453940 56.049934387
0.044113062 0.069281317 0.996620834 34.753860474 0.038749825 0.996722817 -0.071003616 -2.046951532 -0.998274267 0.041751094 0.041283391 56.088970184
0.046282042 0.069654085 0.996496439 35.505695343 0.036974151 0.996762693 -0.071389988 -2.094414711 -0.998243451 0.040148709 0.043556344 56.130786896
0.049041599 0.069817945 0.996352971 36.260227203 0.033870272 0.996863544 -0.071520902 -2.145391464 -0.998221815 0.037254266 0.046522565 56.176002502
0.052176382 0.071755290 0.996056020 37.025249481 0.032273758 0.996772707 -0.073497556 -2.196659565 -0.998115718 0.035981324 0.049691722 56.224037170
0.055393562 0.075269111 0.995622873 37.783863068 0.030939326 0.996545851 -0.077060312 -2.250004053 -0.997984588 0.035072558 0.052872993 56.271873474
0.058810722 0.077363499 0.995266318 38.543933868 0.030875990 0.996374130 -0.079274148 -2.305179596 -0.997791052 0.035392016 0.056208357 56.319335938
0.061475176 0.079687171 0.994921923 39.308193207 0.024759537 0.996378899 -0.081333786 -2.359359264 -0.997801006 0.029633824 0.059279099 56.378086090
0.064013235 0.078983568 0.994817972 40.077880859 0.021027703 0.996534526 -0.080472976 -2.412943602 -0.997726977 0.026070079 0.062130108 56.439407349
0.067865439 0.079431109 0.994526982 40.846199036 0.023116792 0.996432483 -0.081160814 -2.472288609 -0.997426093 0.028498294 0.065786690 56.495254517
0.071718879 0.080507375 0.994169950 41.618850708 0.022289695 0.996358514 -0.082292616 -2.534155130 -0.997175217 0.028061688 0.069662780 56.553359985
0.075396769 0.081513599 0.993815780 42.400283813 0.018412152 0.996369004 -0.083119921 -2.589470148 -0.996983051 0.024565266 0.073621720 56.623989105
0.079685882 0.079721101 0.993626535 43.197170258 0.017464850 0.996531725 -0.081354879 -2.645905733 -0.996666431 0.023836380 0.078016743 56.685729980
0.084532641 0.079419777 0.993250072 43.980445862 0.018037058 0.996532738 -0.081217393 -2.709979534 -0.996256948 0.024780838 0.082806602 56.753028870
0.089599803 0.083127834 0.992502213 44.774883270 0.014568470 0.996294439 -0.084760696 -2.770430088 -0.995870769 0.022053787 0.088056296 56.830196381
0.095666043 0.091711991 0.991179049 45.560543060 0.012910581 0.995548069 -0.093362398 -2.832242727 -0.995329201 0.021728311 0.094055645 56.912834167
0.102875426 0.096429497 0.990008593 46.350193024 0.011364409 0.995110512 -0.098107398 -2.897324085 -0.994628787 0.021343704 0.101276115 57.004882812
0.110288233 0.099370725 0.988919079 47.149967194 0.007130645 0.994884253 -0.100765407 -2.968307734 -0.993873537 0.018164869 0.109015010 57.102416992
0.117230035 0.097758487 0.988281012 47.959587097 0.003310712 0.995098889 -0.098825656 -3.042853594 -0.993098736 0.014857248 0.116331391 57.207939148
0.124646790 0.096079424 0.987537801 48.765171051 0.003152014 0.995256722 -0.097228311 -3.114650965 -0.992195666 0.015231930 0.123752281 57.318119049
0.131902918 0.092750430 0.986913323 49.581050873 0.002661081 0.995575786 -0.093920231 -3.187939405 -0.991258621 0.015014611 0.131072104 57.436973572
0.139454380 0.087187856 0.986382067 50.379474640 0.001007324 0.996102810 -0.088189535 -3.254166603 -0.990227520 0.013292027 0.138822630 57.560283661
0.146592438 0.079917677 0.985962868 51.191535950 -0.000870486 0.996740758 -0.080661893 -3.316637754 -0.989196122 0.010966163 0.146183789 57.694530487
0.154016048 0.077111617 0.985054195 51.998195648 -0.000716266 0.996958077 -0.077931508 -3.384472370 -0.988067627 0.011297150 0.153602332 57.832302094
0.161282972 0.079057671 0.983736038 52.790672302 -0.000734245 0.996795237 -0.079986826 -3.444775581 -0.986907482 0.012178216 0.160823718 57.966712952
0.167216688 0.085754409 0.982183099 53.568107605 -0.000068112 0.996210754 -0.086967602 -3.504107714 -0.985919714 0.014475540 0.166588485 58.102466583
0.172368243 0.089348219 0.980971456 54.344074249 -0.001504487 0.995900035 -0.090443611 -3.568053484 -0.985030949 0.014113748 0.171795547 58.241825104
0.177274376 0.092300631 0.979823053 55.108985901 -0.003179149 0.995640457 -0.093215503 -3.639659643 -0.984155774 0.013409714 0.176794559 58.389404297
0.182487383 0.091819666 0.978910744 55.879783630 -0.005566500 0.995709836 -0.092357725 -3.708233356 -0.983191848 0.011405010 0.182215184 58.539386749
0.187871277 0.088856630 0.978165448 56.636604309 -0.001449718 0.995922863 -0.090191327 -3.773178577 -0.982192039 0.015526295 0.187233731 58.684131622
0.192493379 0.082185626 0.977850020 57.394424438 -0.000545655 0.996494889 -0.083645314 -3.835031748 -0.981297553 0.015567605 0.191863149 58.833118439
0.195858166 0.075864971 0.977692664 58.142238617 -0.002387558 0.997036397 -0.076887719 -3.900593042 -0.980628729 0.012724796 0.195458472 58.989765167
0.199042872 0.072660968 0.977292776 58.884609222 -0.005880085 0.997317612 -0.072952256 -3.957725763 -0.979972541 0.008774068 0.198935837 59.151390076
0.202167332 0.072810091 0.976640105 59.611763000 -0.007327516 0.997316658 -0.072834775 -4.010753155 -0.979322970 0.007568471 0.202157974 59.312046051
0.204208851 0.074924268 0.976055324 60.321704865 -0.009199628 0.997169137 -0.074620314 -4.062706470 -0.978883505 0.006258784 0.204319641 59.468955994
0.205612868 0.079411961 0.975405514 61.013305664 -0.013485660 0.996837080 -0.078314096 -4.115832329 -0.978539884 0.002948395 0.206033036 59.625511169
0.207526520 0.083623655 0.974647939 61.701313019 -0.014893221 0.996493638 -0.082326896 -4.170988083 -0.978115380 0.002569361 0.208043873 59.779777527
0.209645912 0.088877000 0.973729014 62.382057190 -0.015511267 0.996036887 -0.087573580 -4.228572845 -0.977653682 0.003255663 0.210193247 59.933200836
0.211253569 0.090886004 0.973195970 63.059921265 -0.014854813 0.995850742 -0.089777187 -4.284396648 -0.977317750 0.004509096 0.211726695 60.082370758
0.212732688 0.090886638 0.972873688 63.730468750 -0.017287746 0.995858550 -0.089253731 -4.340913773 -0.976956844 0.002168378 0.213422462 60.236846924
0.213249579 0.087900989 0.973034799 64.392700195 -0.017446462 0.996127903 -0.086163633 -4.400405884 -0.976841271 0.001398328 0.213956997 60.386512756
0.213975653 0.085474685 0.973091602 65.038566589 -0.017539142 0.996339679 -0.083660074 -4.457703590 -0.976680815 0.000834012 0.214691162 60.530509949
0.213864878 0.084202640 0.973226845 65.685249329 -0.016553963 0.996447146 -0.082573973 -4.511224747 -0.976722240 0.001548898 0.214498505 60.674518585
0.212302104 0.083571561 0.973623335 66.320968628 -0.017076237 0.996501207 -0.081811801 -4.566410542 -0.977054119 0.000742982 0.212985978 60.817092896
0.210636497 0.084410138 0.973912716 66.940689087 -0.018126944 0.996430755 -0.082441375 -4.617467880 -0.977395594 -0.000288912 0.211414382 60.958007812
0.208567783 0.087261029 0.974106669 67.543670654 -0.018840138 0.996185005 -0.085204966 -4.670469761 -0.977825642 -0.000581308 0.209415704 61.086845398
0.206516415 0.091128632 0.974189579 68.137222290 -0.016978063 0.995836973 -0.089554489 -4.723737240 -0.978294969 0.001954603 0.207203448 61.211185455
0.204841569 0.091638006 0.974495351 68.728134155 -0.014783868 0.995783567 -0.090532303 -4.774514198 -0.978682578 0.004137951 0.205332220 61.334728241
0.202576131 0.090701781 0.975056350 69.316879272 -0.015550284 0.995873511 -0.089407578 -4.820845127 -0.979142129 0.002949421 0.203150228 61.460662842
0.200002939 0.087766536 0.975855887 69.905738831 -0.015800931 0.996139109 -0.086352393 -4.872584820 -0.979667008 0.001851285 0.200617120 61.587135315
0.197853744 0.083843008 0.976638675 70.479789734 -0.015578745 0.996478200 -0.082390197 -4.928085327 -0.980106890 0.001086388 0.198462680 61.705287933
0.196155533 0.082759559 0.977073610 71.045478821 -0.011779233 0.996558726 -0.082045250 -4.980046272 -0.980501175 0.004584435 0.196454927 61.816238403
0.194396257 0.084236361 0.977298975 71.590324402 -0.008061201 0.996409297 -0.084280103 -5.023484707 -0.980889082 0.008505516 0.194376841 61.921329498
0.192029893 0.086298272 0.977586865 72.135772705 -0.003855558 0.996184707 -0.087182701 -5.066824913 -0.981380641 0.012972521 0.191629514 62.022056580
0.190475389 0.088237382 0.977717876 72.683341980 -0.004292743 0.996017516 -0.089052625 -5.108375549 -0.981681705 0.012765221 0.190095156 62.127185822
0.189321831 0.090935729 0.977694690 73.222480774 -0.004718898 0.995774984 -0.091703638 -5.153301716 -0.981902838 0.012747837 0.188950613 62.231769562
0.187941030 0.089348830 0.978107333 73.765144348 -0.003084972 0.995902240 -0.090381630 -5.202548027 -0.982174575 0.013968961 0.187446102 62.337711334
0.188724265 0.087920643 0.978085935 74.312919617 0.002862270 0.995930493 -0.090077013 -5.245955944 -0.982025027 0.019799244 0.187704176 62.437057495
0.191231906 0.085952409 0.977773726 74.864067078 0.007965228 0.995989621 -0.089111559 -5.289080143 -0.981511652 0.024829142 0.189779922 62.534385681
0.193208128 0.085228316 0.977448523 75.408935547 0.010650774 0.995979011 -0.088949390 -5.336349010 -0.981099069 0.027596308 0.191523075 62.641338348
0.196576983 0.084917508 0.976803660 75.954376221 0.008031289 0.996069431 -0.088208646 -5.385500431 -0.980454624 0.025184762 0.195121899 62.753856659
0.202269226 0.085563123 0.975584507 76.505493164 0.006964429 0.996024966 -0.088799819 -5.432105541 -0.979304373 0.024755836 0.200868860 62.872524261
0.208833709 0.084434152 0.974298894 77.074760437 0.008265350 0.996077776 -0.088093184 -5.476261139 -0.977915406 0.026449723 0.207316294 62.999141693
0.216222554 0.084622853 0.972669423 77.645744324 0.006945030 0.996078074 -0.088203333 -5.518158913 -0.976318598 0.025826741 0.214786425 63.147342682
0.224528238 0.082656436 0.970955193 78.218727112 0.007387414 0.996222854 -0.086515799 -5.561348438 -0.974438727 0.026598061 0.223069131 63.288448334
0.233386204 0.082277216 0.968896508 78.794471741 0.003839633 0.996327817 -0.085531577 -5.612555504 -0.972375691 0.023682069 0.232212827 63.440021515
0.242922947 0.082011707 0.966572106 79.380020142 0.002919407 0.996353149 -0.085272349 -5.658406258 -0.970040381 0.023536397 0.241797209 63.601860046
0.252474695 0.085934132 0.963779509 79.959655762 -0.002332506 0.996099412 -0.088204913 -5.702634335 -0.967599809 0.020021457 0.251689881 63.769104004
0.261939913 0.088263258 0.961039126 80.545608521 -0.005645128 0.995931864 -0.089929283 -5.747086048 -0.965066791 0.018130848 0.261372119 63.939666748
0.272691399 0.090988286 0.957788885 81.138755798 -0.009866786 0.995729804 -0.091783486 -5.797872066 -0.962050080 0.015578241 0.272424310 64.121002197
0.282851249 0.092845500 0.954659045 81.753898621 -0.011286020 0.995556951 -0.093479194 -5.851326942 -0.959096491 0.015666377 0.282641977 64.314460754
0.292650312 0.093524598 0.951634347 82.370315552 -0.014368097 0.995522857 -0.093419373 -5.906526566 -0.956110656 0.013666004 0.292683423 64.517509460
0.303036243 0.093772359 0.948353708 83.000572205 -0.015133034 0.995494723 -0.093598060 -5.960838795 -0.952857971 0.014012106 0.303089619 64.730049133
0.313137501 0.094842874 0.944959581 83.645370483 -0.019426331 0.995432079 -0.093471259 -6.011583328 -0.949508190 0.010912230 0.313549161 64.958091736
0.323655993 0.090323165 0.941853166 84.304061890 -0.019119773 0.995853901 -0.088931561 -6.060098648 -0.945980668 0.010775188 0.324040651 65.190193176
0.334496558 0.083334230 0.938704550 84.966728210 -0.015605990 0.996435463 -0.082898341 -6.111112595 -0.942266762 0.013079775 0.334604353 65.425651550
0.345426857 0.078929774 0.935119867 85.625396729 -0.014186336 0.996781707 -0.078894101 -6.164887905 -0.938337386 0.013986198 0.345434546 65.673477173
0.355897456 0.075779803 0.931446850 86.304931641 -0.014769860 0.997038126 -0.075472720 -6.213194370 -0.934407294 0.013103193 0.355962247 65.936424255
0.365341395 0.073427863 0.927972436 86.993713379 -0.008792134 0.997111440 -0.075437225 -6.258517265 -0.930831134 0.019401465 0.364931315 66.207298279
0.373990059 0.067986071 0.924936831 87.689369202 -0.002395848 0.997376621 -0.072341949 -6.304820061 -0.927428663 0.024839144 0.373171479 66.484466553
0.381206453 0.058243647 0.922652781 88.402923584 0.007292517 0.997792602 -0.065999985 -6.350159645 -0.924460232 0.031888064 0.379939884 66.765892029
0.388122976 0.054111809 0.920017004 89.125762939 0.012436183 0.997876048 -0.063937597 -6.394420147 -0.921522796 0.036257133 0.386625320 67.064743042
0.395420372 0.054313298 0.916892350 89.822647095 0.014155790 0.997770846 -0.065209121 -6.444363117 -0.918390274 0.038764331 0.393769711 67.372749329
0.402739227 0.060591169 0.913306475 90.538223267 0.016335608 0.997171462 -0.073358528 -6.491221428 -0.915168107 0.044463750 0.400609970 67.689727783
0.409953296 0.064786963 0.909802079 91.238624573 0.020061944 0.996591926 -0.080007158 -6.537528038 -0.911885023 0.051051568 0.407256126 68.000350952
0.415248811 0.066931665 0.907241702 91.939659119 0.018242188 0.996476054 -0.081864521 -6.591935158 -0.909524083 0.050544195 0.412564248 68.324653625
0.419647276 0.068613730 0.905089617 92.628120422 0.011099560 0.996675909 -0.080703184 -6.652867794 -0.907618463 0.043912943 0.417490482 68.660064697
0.423525482 0.072385043 0.902986944 93.315750122 0.004363956 0.996627390 -0.081938311 -6.715864182 -0.905872703 0.038643535 0.421780974 69.000801086
0.427527726 0.075498052 0.900843441 94.003608704 0.003416170 0.996363938 -0.085124791 -6.777546406 -0.903994858 0.039470617 0.425715059 69.336097717
0.431492507 0.079917207 0.898569047 94.665321350 -0.000248674 0.996078312 -0.088470168 -6.839722633 -0.902115583 0.037950736 0.429819912 69.661102295
0.434868127 0.082989380 0.896661162 95.320472717 -0.003459741 0.995890319 -0.090495542 -6.901158333 -0.900486588 0.036251381 0.433367789 69.990264893
0.438744068 0.081449576 0.894912422 95.972587585 -0.004559338 0.996072233 -0.088421293 -6.965072155 -0.898599625 0.034714080 0.437391818 70.321884155
0.442721665 0.078396954 0.893224597 96.620994568 -0.003744220 0.996322870 -0.085589975 -7.029140949 -0.896650374 0.034548078 0.441386938 70.649192810
0.446084023 0.075693376 0.891783714 97.260925293 -0.004179617 0.996581912 -0.082497835 -7.092475414 -0.894980371 0.033073623 0.444875300 70.978225708
0.449803233 0.074678235 0.889999330 97.885948181 -0.005133410 0.996697307 -0.081036702 -7.151833534 -0.893111944 0.031881809 0.448700726 71.298355103
0.453105152 0.076341599 0.888181448 98.499855042 -0.007184254 0.996606112 -0.081996009 -7.210658073 -0.891427100 0.030771863 0.452115595 71.621536255
0.455903262 0.076812059 0.886707842 99.101112366 -0.006376808 0.996524632 -0.083046466 -7.267280579 -0.890005529 0.032206763 0.454808414 71.933883667
0.458115965 0.074898370 0.885730624 99.699905396 -0.004163633 0.996612966 -0.082121268 -7.319018364 -0.888881683 0.033933178 0.456875950 72.242271423
0.459819585 0.073789030 0.884940624 100.282493591 -0.002364062 0.996639192 -0.081874490 -7.372304916 -0.888008177 0.035555411 0.458448470 72.544662476
0.461667836 0.073739171 0.883981943 100.859245300 -0.003922406 0.996698141 -0.081093177 -7.430737019 -0.887043178 0.033970747 0.460432500 72.852691650
0.463618577 0.073109530 0.883012772 101.432579041 -0.002355743 0.996687472 -0.081284493 -7.481132030 -0.886030734 0.035604816 0.462254822 73.155410767
0.466291577 0.074830569 0.881459773 101.990722656 -0.002816286 0.996535718 -0.083110072 -7.529714108 -0.884625673 0.036271043 0.464886725 73.455101013
0.469205767 0.074847713 0.879910588 102.546936035 0.000048430 0.996398807 -0.084782429 -7.581310272 -0.883087873 0.039822977 0.467512220 73.747116089
0.472282946 0.074162543 0.878320873 103.091896057 0.001591167 0.996380150 -0.084986731 -7.636360645 -0.881444514 0.041535299 0.470455140 74.039413452
0.475722104 0.072278626 0.876620293 103.623497009 0.004667606 0.996395886 -0.084687375 -7.685738087 -0.879582167 0.044379335 0.473670006 74.318321228
0.479112417 0.071353093 0.874847949 104.142921448 0.005787449 0.996411204 -0.084437437 -7.738063335 -0.877733350 0.045518126 0.476979882 74.598472595
0.482303679 0.070858181 0.873132944 104.656867981 0.006635334 0.996398330 -0.084526964 -7.790363789 -0.875977874 0.046561159 0.480096281 74.883003235
0.485819727 0.070028037 0.871248662 105.162979126 0.007292424 0.996425092 -0.084155738 -7.838517189 -0.874027550 0.047237996 0.483572185 75.167236328
0.489070803 0.069379188 0.869479895 105.672706604 0.009261088 0.996361494 -0.084712893 -7.884667397 -0.872193873 0.049482897 0.486648709 75.462280273
0.493223369 0.070614271 0.867031276 106.167961121 0.008643967 0.996251941 -0.086055815 -7.933444500 -0.869858682 0.049939297 0.490764320 75.740219116
0.497494996 0.070681609 0.864581883 106.664894104 0.010795847 0.996092319 -0.087645106 -7.980750561 -0.867398560 0.052936863 0.494787902 76.023811340
0.502290905 0.074090987 0.861518085 107.149185181 0.008476567 0.995851636 -0.090585932 -8.030464172 -0.864656091 0.052803174 0.499579221 76.311393738
0.507614315 0.079976983 0.857863843 107.625213623 0.004809409 0.995402932 -0.095645390 -8.081421852 -0.861569941 0.052676756 0.504896164 76.603645325
0.513286471 0.087043673 0.853791237 108.099060059 -0.000378776 0.994865239 -0.101198494 -8.131167412 -0.858216226 0.051620387 0.510683835 76.908508301
0.519209743 0.093343675 0.849533558 108.567962646 -0.005382732 0.994354188 -0.105966382 -8.181897163 -0.854628921 0.050445925 0.516780853 77.213798523
0.525522888 0.097599231 0.845162213 109.037773132 -0.008682342 0.993960679 -0.109383874 -8.234219551 -0.850734174 0.050145701 0.523196518 77.523468018
0.530741811 0.097913913 0.841858089 109.524436951 -0.012694598 0.994110227 -0.107618794 -8.290085793 -0.847437501 0.046430700 0.528858900 77.854156494
0.536154807 0.097091064 0.838516831 110.010261536 -0.019155957 0.994505823 -0.102904506 -8.345697403 -0.843901336 0.039110102 0.535068989 78.184211731
0.541835785 0.094609924 0.835141897 110.504127502 -0.024866421 0.995012820 -0.096587956 -8.395442963 -0.840115428 0.031567775 0.541486263 78.526023865
0.547559261 0.092793003 0.831605315 110.999160767 -0.030938722 0.995396793 -0.090698257 -8.450536728 -0.836193800 0.023933809 0.547909677 78.871406555
0.553552449 0.090810359 0.827848017 111.502128601 -0.033416171 0.995657802 -0.086874075 -8.503239632 -0.832142770 0.020425780 0.554183304 79.224601746
0.559638977 0.094486214 0.823332131 112.004554749 -0.038441375 0.995368779 -0.088099822 -8.549751282 -0.827843606 0.017654007 0.560679257 79.587532043
0.565560579 0.098385565 0.818816662 112.516159058 -0.042143673 0.995008349 -0.090447277 -8.598530769 -0.823628426 0.016645405 0.566883683 79.961715698
0.571585357 0.101901755 0.814189970 113.038154602 -0.045556217 0.994668484 -0.092508204 -8.653012276 -0.819276154 0.015784856 0.573180020 80.348609924
0.577807784 0.104010895 0.809517801 113.563934326 -0.047739506 0.994454801 -0.093697667 -8.703068733 -0.814774632 0.015493194 0.579568923 80.737419128
