1.000000000 0.000000000 0.000000000 0.000000000 0.000000000 1.000000000 0.000000000 0.000000000 0.000000000 0.000000000 1.000000000 0.000000000
0.999979138 0.000530826 -0.006434417 -0.008177916 -0.000528733 0.999999821 0.000327101 -0.001052629 0.006434589 -0.000323692 0.999979258 0.084551342
0.999908507 0.001087503 -0.013481170 -0.016542871 -0.001083662 0.999999344 0.000292279 -0.003796831 0.013481479 -0.000277644 0.999909043 0.173053533
0.999779522 0.001479565 -0.020944763 -0.027970904 -0.001487291 0.999998808 -0.000353298 -0.006778559 0.020944213 0.000384371 0.999780536 0.260652393
0.999544024 0.002245807 -0.030109931 -0.041435119 -0.002295650 0.999996006 -0.001620900 -0.010992751 0.030106170 0.001689283 0.999545217 0.352799177
0.999135196 0.002483218 -0.041504201 -0.058821198 -0.002618518 0.999991357 -0.003205864 -0.012180254 0.041495882 0.003311772 0.999133110 0.458889961
0.998477936 0.002538414 -0.055093423 -0.078957416 -0.002767149 0.999987781 -0.004075894 -0.013336021 0.055082403 0.004222142 0.998472810 0.583625853
0.997454822 0.002624683 -0.071251944 -0.106741577 -0.002922122 0.999987364 -0.004070557 -0.013633624 0.071240358 0.004268403 0.997449934 0.714880347
0.995967090 0.001376511 -0.089707479 -0.142295823 -0.001749133 0.999990106 -0.004075266 -0.016196486 0.089700967 0.004215741 0.995959699 0.852642894
0.993975401 0.000344141 -0.109602235 -0.179257616 -0.000809842 0.999990761 -0.004204523 -0.018966699 0.109599762 0.004267953 0.993966520 1.008739948
0.991291523 0.000487354 -0.131684452 -0.225504696 -0.001098303 0.999988854 -0.004566900 -0.022303084 0.131680757 0.004671759 0.991281033 1.169390202
0.987823665 0.004239539 -0.155519605 -0.287054598 -0.005240796 0.999967933 -0.006028686 -0.024485895 0.155489057 0.006770325 0.987814307 1.332070112
0.983488977 0.008643709 -0.180761427 -0.352650970 -0.010178721 0.999919355 -0.007566029 -0.030594015 0.180681482 0.009281026 0.983497739 1.501220226
0.978141427 0.011529742 -0.207620651 -0.423945725 -0.013577152 0.999871969 -0.008438992 -0.036950052 0.207496807 0.011073425 0.978172898 1.677584291
0.971493304 0.012694201 -0.236726686 -0.494493127 -0.015125487 0.999849558 -0.008457086 -0.043977711 0.236583769 0.011796610 0.971539319 1.840560436
0.963473558 0.014668913 -0.267401397 -0.574506879 -0.017387426 0.999818087 -0.007801294 -0.049406447 0.267238379 0.012165762 0.963553488 2.017381191
0.954019904 0.016335901 -0.299297810 -0.665464759 -0.019210506 0.999792993 -0.006664548 -0.052811868 0.299127042 0.012107775 0.954136372 2.202161312
0.942796171 0.018417161 -0.332860708 -0.763610780 -0.021466376 0.999754250 -0.005485116 -0.055962309 0.332677960 0.012316659 0.942959964 2.386753321
0.930373609 0.020684306 -0.366028875 -0.874373436 -0.024161045 0.999695718 -0.004919792 -0.059177835 0.365815818 0.013420884 0.930590391 2.569814444
0.916583478 0.023479816 -0.399153501 -0.995395660 -0.027413337 0.999615371 -0.004148342 -0.060510051 0.398902625 0.014744432 0.916874647 2.751724243
0.900634646 0.023741517 -0.433928043 -1.123434305 -0.028011398 0.999601424 -0.003447531 -0.060033482 0.433673352 0.015259897 0.900940835 2.941877127
0.882324815 0.019234829 -0.470247656 -1.254915833 -0.023896292 0.999706388 -0.003944960 -0.060425762 0.470033824 0.014717911 0.882525623 3.129112005
0.861218750 0.014445140 -0.508029044 -1.395642519 -0.019185867 0.999807239 -0.004095970 -0.064173117 0.507872105 0.013274502 0.861330152 3.313239813
0.836354733 0.016322644 -0.547945559 -1.559234858 -0.019942263 0.999800622 -0.000655928 -0.070310153 0.547825754 0.011475860 0.836513758 3.495014668
0.807291329 0.021740725 -0.589752614 -1.745165706 -0.024597013 0.999692082 0.003182826 -0.075965613 0.589640319 0.011936681 0.807577729 3.670040131
0.774410188 0.024766820 -0.632198989 -1.937258840 -0.028032960 0.999595046 0.004820929 -0.076616630 0.632062435 0.013989029 0.774791121 3.840574265
0.738270938 0.024100641 -0.674073577 -2.146700859 -0.027523324 0.999605179 0.005595029 -0.076609246 0.673942327 0.014422094 0.738642991 4.011511326
0.698302150 0.020014990 -0.715523183 -2.366772652 -0.021564916 0.999743164 0.006919451 -0.075135075 0.715477943 0.010598327 0.698554695 4.184742928
0.655518472 0.016560692 -0.754997492 -2.603780270 -0.016435243 0.999835253 0.007661432 -0.073023140 0.754999995 0.007386354 0.655682921 4.346760273
0.610438704 0.016205173 -0.791897655 -2.862340927 -0.013904677 0.999855578 0.009742269 -0.071863547 0.791941166 0.005064018 0.610576153 4.499376297
0.562196136 0.016806368 -0.826833129 -3.140168428 -0.011578451 0.999855161 0.012450609 -0.067810416 0.826922596 0.002573757 0.562309563 4.640527248
0.510915637 0.017340785 -0.859455884 -3.439705133 -0.010356023 0.999847889 0.014017118 -0.059579700 0.859568119 0.001738974 0.511017799 4.771950245
0.458184332 0.018702433 -0.888660371 -3.756415606 -0.009091458 0.999824643 0.016354494 -0.054592714 0.888810396 0.000585840 0.458274305 4.883384705
0.403778136 0.020602260 -0.914624870 -4.091429710 -0.008024763 0.999787390 0.018977895 -0.046764106 0.914821446 -0.000323218 0.403857946 4.981324673
0.348251194 0.022496525 -0.937131226 -4.440646648 -0.007311960 0.999746442 0.021282421 -0.042321175 0.937372446 -0.000559370 0.348327696 5.063514709
0.293230414 0.025417076 -0.955703795 -4.813481331 -0.005063986 0.999673486 0.025032716 -0.037499152 0.956028104 -0.002500692 0.293263733 5.136498928
0.239587992 0.027450584 -0.970486403 -5.191992760 -0.000407574 0.999602616 0.028173525 -0.035850979 0.970874310 -0.006354505 0.239504308 5.194538116
0.188640893 0.028302262 -0.981638134 -5.575948715 0.002819824 0.999564588 0.029360991 -0.036419578 0.982041836 -0.008306743 0.188479275 5.232609272
0.141140744 0.029402945 -0.989552677 -5.991931438 0.001393837 0.999551654 0.029898847 -0.032770343 0.989988327 -0.005599234 0.141036808 5.251351833
0.098794967 0.029673401 -0.994665146 -6.415423393 -0.000358453 0.999556005 0.029783698 -0.024755500 0.995107472 -0.002585950 0.098762050 5.254244328
0.060830511 0.028215412 -0.997749090 -6.862767696 -0.001580360 0.999601543 0.028171441 -0.014765175 0.998146594 -0.000136892 0.060851164 5.251581192
0.026357695 0.025567792 -0.999325454 -7.314552307 -0.000433061 0.999672771 0.025565252 -0.005058355 0.999652267 -0.000241082 0.026360437 5.238040924
-0.005032456 0.022928590 -0.999724388 -7.779314041 0.000011976 0.999736845 0.022928812 0.000632328 0.999987125 0.000103406 -0.005031114 5.210884571
-0.031584553 0.021041078 -0.999279559 -8.273130417 -0.000670834 0.999777436 0.021072766 0.008504881 0.999500692 0.001335916 -0.031563122 5.175264835
-0.052285671 0.018601732 -0.998458922 -8.769476891 -0.001323359 0.999823987 0.018696465 0.019694904 0.998631179 0.002298869 -0.052251566 5.131515980
-0.068600677 0.017745666 -0.997486353 -9.282205582 -0.000636547 0.999840438 0.017831326 0.032352906 0.997643888 0.001858180 -0.068578154 5.084232330
-0.081701957 0.018253969 -0.996489644 -9.817127228 0.000354350 0.999832392 0.018286150 0.040271305 0.996656656 0.001140900 -0.081694454 5.032818794
-0.091275394 0.019456675 -0.995635569 -10.370733261 -0.000787743 0.999807060 0.019610411 0.040602125 0.995825291 0.002574245 -0.091242179 4.971028328
-0.098069295 0.020884736 -0.994960427 -10.936433792 -0.002221561 0.999772310 0.021204712 0.042810015 0.995177031 0.004289888 -0.098000295 4.905996323
-0.102582663 0.021908948 -0.994483173 -11.517057419 -0.002156569 0.999749839 0.022247430 0.049800120 0.994722068 0.004426864 -0.102509476 4.842261314
-0.103948168 0.022626873 -0.994325280 -12.124011040 0.000062790 0.999741018 0.022743547 0.060675643 0.994582653 0.002301707 -0.103922389 4.779170036
-0.102996789 0.024833588 -0.994371593 -12.740083694 0.001824987 0.999691010 0.024777398 0.070627630 0.994679928 0.000737266 -0.103009999 4.714831352
-0.101507105 0.027315466 -0.994459689 -13.369777679 0.000977538 0.999624968 0.027357556 0.077660136 0.994834244 0.001804853 -0.101495452 4.646825314
-0.099778622 0.027325014 -0.994634330 -14.015344620 -0.001216780 0.999618471 0.027583994 0.083332561 0.995008767 0.003962534 -0.099707015 4.575232029
-0.098165065 0.024817126 -0.994860590 -14.673690796 -0.003091834 0.999676347 0.025242325 0.092916951 0.995165110 0.005553849 -0.098056279 4.505679607
-0.096904337 0.024717642 -0.994986653 -15.351484299 -0.003420525 0.999677181 0.025167290 0.105827443 0.995287597 0.005842187 -0.096788220 4.438199997
-0.095193706 0.027449176 -0.995080113 -16.047870636 -0.003216075 0.999605775 0.027881669 0.120559767 0.995453358 0.005854401 -0.095067620 4.371174335
-0.093310364 0.031006910 -0.995154023 -16.759418488 -0.004338676 0.999492526 0.031548895 0.131597936 0.995627344 0.007261477 -0.093128197 4.301604271
-0.091544159 0.033200216 -0.995247304 -17.484668732 -0.004863212 0.999416947 0.033786625 0.140431315 0.995788872 0.007933055 -0.091329053 4.231369972
-0.089767091 0.032613788 -0.995428562 -18.214569092 -0.006737033 0.999420643 0.033352118 0.153028488 0.995939732 0.009700146 -0.089495093 4.162530899
-0.088079080 0.029494694 -0.995676577 -18.959749222 -0.009130375 0.999495268 0.030415498 0.169140533 0.996071339 0.011769859 -0.087765060 4.089326859
-0.086544290 0.028830077 -0.995830595 -19.736284256 -0.010055669 0.999504626 0.029810343 0.186258405 0.996196985 0.012593647 -0.086211242 4.015658855
-0.084976651 0.031225570 -0.995893300 -20.515634537 -0.007740453 0.999457598 0.031997789 0.200320959 0.996352613 0.010427719 -0.084688589 3.950268030
-0.083753996 0.033368587 -0.995927334 -21.299751282 -0.005654700 0.999406755 0.033960700 0.213612944 0.996470153 0.008476002 -0.083515346 3.882643700
-0.082425930 0.035041045 -0.995980680 -22.099742889 -0.004718114 0.999356329 0.035550263 0.228311628 0.996585786 0.007629401 -0.082207270 3.810983896
-0.081858478 0.030440737 -0.996178687 -22.891654968 -0.004711985 0.999510050 0.030929718 0.241601646 0.996632516 0.007225827 -0.081674658 3.743564129
-0.081685923 0.023482997 -0.996381164 -23.680015564 -0.003226412 0.999710500 0.023825962 0.250930935 0.996652603 0.005160972 -0.081586227 3.681987047
-0.081859864 0.018928710 -0.996463835 -24.494163513 -0.000295363 0.999818683 0.019016692 0.262730896 0.996643484 0.001851012 -0.081839152 3.615927935
-0.082354084 0.019777313 -0.996406615 -25.322601318 0.000624201 0.999803483 0.019793134 0.271432668 0.996602595 0.001008077 -0.082349963 3.544200420
-0.082588702 0.027286831 -0.996209860 -26.152223587 -0.000077128 0.999624491 0.027386745 0.275593489 0.996583343 0.002338659 -0.082555301 3.477558136
-0.082810082 0.034392465 -0.995971501 -26.993797302 -0.001419527 0.999398768 0.034628835 0.287531078 0.996563911 0.004281411 -0.082711197 3.397928715
-0.083170466 0.039775752 -0.995741010 -27.835235596 -0.003511914 0.999184787 0.040206645 0.298227012 0.996528685 0.006840947 -0.082962692 3.319775820
-0.083524510 0.040131334 -0.995697081 -28.671419144 -0.005297177 0.999156356 0.040715098 0.312614709 0.996491194 0.008675077 -0.083241180 3.242530584
-0.083930016 0.036603745 -0.995798886 -29.502216339 -0.005470209 0.999292672 0.037193201 0.328743011 0.996456146 0.008568840 -0.083670132 3.169745207
-0.084320374 0.033884116 -0.995862186 -30.336481094 -0.005810855 0.999387562 0.034496050 0.345465064 0.996421278 0.008695518 -0.084071539 3.092839003
-0.084455237 0.035066158 -0.995809853 -31.165760040 -0.007497417 0.999329507 0.035825934 0.360961825 0.996398568 0.010491676 -0.084135406 3.021047115
-0.084397472 0.037332941 -0.995732367 -31.998737335 -0.007975435 0.999240100 0.038140424 0.377242237 0.996399760 0.011160338 -0.084035292 2.945720911
-0.084217280 0.035642080 -0.995809555 -32.830471039 -0.008646713 0.999295890 0.036498103 0.391376138 0.996409416 0.011684235 -0.083849490 2.866467237
-0.083765723 0.030424720 -0.996020675 -33.658065796 -0.009208516 0.999467075 0.031304408 0.408269286 0.996442437 0.011794095 -0.083440602 2.786551714
-0.083667248 0.026244923 -0.996147871 -34.477069855 -0.010245144 0.999577165 0.027195748 0.423337579 0.996440649 0.012481060 -0.083362676 2.713420630
-0.083117090 0.027004261 -0.996173620 -35.306934357 -0.009653090 0.999563575 0.027901551 0.434456438 0.996492565 0.011935237 -0.082819834 2.639645100
-0.082585983 0.029540893 -0.996145785 -36.143585205 -0.008678405 0.999500871 0.030359853 0.441829532 0.996545672 0.011152240 -0.082288086 2.563580513
-0.082049988 0.034461096 -0.996032000 -36.984844208 -0.008526882 0.999340653 0.035277966 0.451975346 0.996591210 0.011387588 -0.081701733 2.490320206
-0.081443533 0.040107243 -0.995870411 -37.816463470 -0.007586640 0.999135613 0.040859167 0.466737330 0.996648550 0.010883007 -0.081068553 2.416849136
-0.081749454 0.043412916 -0.995706677 -38.633602142 -0.007753646 0.998992383 0.044192739 0.481843323 0.996622205 0.011333071 -0.081330180 2.353633642
-0.081494160 0.043337144 -0.995730877 -39.450977325 -0.007406606 0.998999774 0.044085573 0.499423027 0.996645749 0.010967685 -0.081091359 2.287339449
-0.081382729 0.039005801 -0.995919049 -40.269897461 -0.007272152 0.999183476 0.039727882 0.517625511 0.996655881 0.010475622 -0.081032313 2.209437370
-0.081128836 0.034705296 -0.996098876 -41.084232330 -0.008221822 0.999335706 0.035487685 0.534152269 0.996669233 0.011068807 -0.080789283 2.141772270
-0.081138879 0.031965256 -0.996189713 -41.906074524 -0.012163995 0.999378741 0.033058308 0.546746790 0.996628106 0.014799947 -0.080699332 2.065805674
-0.081590705 0.030097231 -0.996210992 -42.734634399 -0.015503646 0.999383986 0.031462837 0.561586320 0.996544838 0.018011967 -0.081073523 1.986191630
-0.082322158 0.028302737 -0.996203363 -43.551792145 -0.013156585 0.999477983 0.029482953 0.569172144 0.996518433 0.015533724 -0.081906512 1.913646698
-0.083451077 0.024707342 -0.996205091 -44.366962433 -0.009847577 0.999622643 0.025616998 0.577572882 0.996462643 0.011947961 -0.083175980 1.846095443
-0.084187552 0.023135982 -0.996180892 -45.185043335 -0.005573773 0.999703169 0.023688804 0.588163018 0.996433794 0.007546776 -0.084033303 1.778959632
-0.086095944 0.026644273 -0.995930076 -46.005725861 -0.005453075 0.999614060 0.027214214 0.593682885 0.996271372 0.007773901 -0.085917115 1.702476501
-0.087780505 0.032841563 -0.995597899 -46.831035614 -0.002975972 0.999442518 0.033230752 0.602079213 0.996134877 0.005879866 -0.087633535 1.628501296
-0.089548655 0.036550239 -0.995311201 -47.647747040 -0.001196205 0.999320984 0.036805090 0.612387180 0.995981216 0.004486423 -0.089443825 1.551559806
-0.091022663 0.035594966 -0.995212078 -48.453208923 -0.001194875 0.999355614 0.035852432 0.625561953 0.995847583 0.004452518 -0.090921171 1.473985314
-0.092051029 0.031723168 -0.995248497 -49.249961853 -0.004604612 0.999467373 0.032283515 0.634480953 0.995743155 0.007554446 -0.091855615 1.389539003
-0.093280591 0.028063500 -0.995243907 -50.040767670 -0.009590358 0.999530196 0.029083220 0.643671513 0.995593190 0.012257633 -0.092967317 1.303922892
-0.094649225 0.026479216 -0.995158136 -50.836460114 -0.013734465 0.999515474 0.027901430 0.653580368 0.995415509 0.016308801 -0.094239376 1.214411855
-0.095551305 0.027618248 -0.995040953 -51.627346039 -0.015135080 0.999458313 0.029194230 0.660436630 0.995309055 0.017849559 -0.095081232 1.128666997
-0.096534230 0.029088508 -0.994904160 -52.410537720 -0.014466821 0.999425411 0.030624386 0.671028614 0.995224118 0.017349390 -0.096057646 1.047221303
-0.097555794 0.028617678 -0.994818151 -53.191513062 -0.016147297 0.999408603 0.030333186 0.678987443 0.995098650 0.019022793 -0.097035699 0.964996040
-0.098058753 0.028486673 -0.994772434 -53.957473755 -0.016856624 0.999398530 0.030280758 0.685023487 0.995037496 0.019737789 -0.097519271 0.880470634
-0.098524816 0.030317053 -0.994672298 -54.741748810 -0.015294692 0.999370873 0.031975228 0.694319367 0.995016694 0.018363548 -0.097998828 0.795730948
-0.098671824 0.033246346 -0.994564116 -55.513671875 -0.013993556 0.999295771 0.034792822 0.706333876 0.995021284 0.017350543 -0.098136783 0.713093996
-0.098789930 0.037385363 -0.994405448 -56.283126831 -0.014252985 0.999137521 0.038979236 0.719065011 0.995005846 0.018023983 -0.098171562 0.631057143
-0.099366464 0.039517842 -0.994265497 -57.050941467 -0.014299626 0.999050319 0.041137110 0.729673684 0.994947731 0.018305255 -0.098706700 0.550495505
-0.100097239 0.039480262 -0.994193673 -57.796909332 -0.014190477 0.999053359 0.041101959 0.741767168 0.994876027 0.018222257 -0.099441931 0.473389715
-0.100513093 0.037533663 -0.994227111 -58.534309387 -0.013433372 0.999145091 0.039077386 0.754712284 0.994844615 0.017283592 -0.099922642 0.397945166
-0.100741431 0.034011986 -0.994330764 -59.262325287 -0.013180926 0.999281347 0.035516754 0.764929056 0.994824946 0.016684189 -0.100220405 0.319943905
-0.100550584 0.031235334 -0.994441152 -59.980731964 -0.013535936 0.999370813 0.032758821 0.773498952 0.994839549 0.016754592 -0.100064203 0.244205058
-0.099220529 0.028935004 -0.994644344 -60.686408997 -0.014375923 0.999430358 0.030508295 0.781174541 0.994961262 0.017325962 -0.098747723 0.166577250
-0.096900158 0.028225854 -0.994893432 -61.374958038 -0.016650373 0.999411106 0.029975725 0.786851645 0.995154440 0.019469982 -0.096372820 0.091718689
-0.092872106 0.029191362 -0.995249689 -62.050701141 -0.017134614 0.999374390 0.030911263 0.791170239 0.995530248 0.019923996 -0.092313521 0.024682119
-0.087113917 0.030768130 -0.995722711 -62.713409424 -0.016448490 0.999341428 0.032318991 0.797504663 0.996062219 0.019193552 -0.086550154 -0.033329885
-0.079860397 0.032306116 -0.996281981 -63.359363556 -0.015808865 0.999307036 0.033671416 0.802377284 0.996680379 0.018439082 -0.079294018 -0.086238489
-0.071061544 0.033649463 -0.996903777 -63.996868134 -0.017133640 0.999241292 0.034949683 0.807801962 0.997324407 0.019564154 -0.070430778 -0.133062035
-0.059403177 0.035311520 -0.997608900 -64.605003357 -0.019634478 0.999138594 0.036534805 0.813395917 0.998040557 0.021757796 -0.058658354 -0.165696234
-0.044498697 0.036854167 -0.998328984 -65.212341309 -0.022909453 0.999017954 0.037900742 0.821472287 0.998746276 0.024557689 -0.043610349 -0.195797190
-0.026226694 0.038109861 -0.998928905 -65.806365967 -0.024788452 0.998940051 0.038761098 0.830036163 0.999348223 0.025778463 -0.025253853 -0.204412192
-0.004193053 0.038938772 -0.999232352 -66.373718262 -0.025887514 0.998901546 0.039034504 0.836363852 0.999655724 0.026031302 -0.003180038 -0.195728108
0.021234659 0.039195277 -0.999005437 -66.916084290 -0.025545102 0.998925388 0.038649142 0.844112277 0.999447763 0.024698984 0.022213494 -0.171052188
0.050607067 0.038629331 -0.997970819 -67.439712524 -0.024368541 0.999001086 0.037433472 0.852940738 0.998420954 0.022424683 0.051498294 -0.129373327
0.084742710 0.038499054 -0.995658398 -67.936912537 -0.023379721 0.999054074 0.036640450 0.861624360 0.996128201 0.020173188 0.085563123 -0.069143862
0.122399718 0.038717724 -0.991724908 -68.413558960 -0.023000387 0.999080181 0.036166143 0.867891788 0.992214024 0.018383317 0.123178154 0.009749725
0.163042575 0.038421776 -0.985870123 -68.867935181 -0.023068665 0.999115884 0.035122905 0.871787965 0.986348987 0.017016163 0.163785294 0.110044926
0.207695439 0.039339002 -0.977401674 -69.317428589 -0.022252405 0.999121666 0.035484601 0.875896692 0.977940083 0.014379531 0.208388954 0.238389432
0.256339341 0.037903737 -0.965842903 -69.748992920 -0.018926224 0.999235272 0.034191068 0.875990093 0.966401219 0.009515221 0.256861299 0.380707026
0.306316674 0.032751460 -0.951365650 -70.159713745 -0.011200570 0.999462008 0.030800881 0.877669871 0.951863408 0.001220987 0.306519330 0.555330873
0.357534856 0.027176032 -0.933503866 -70.558891296 -0.005803480 0.999621093 0.026878057 0.879880488 0.933881342 -0.004192302 0.357557744 0.750640512
0.410189718 0.021822568 -0.911738634 -70.957695007 -0.000621573 0.999719381 0.023648731 0.891886652 0.911999524 -0.009133788 0.410088837 0.966903210
0.461285949 0.021343419 -0.886994362 -71.329864502 -0.000796228 0.999719441 0.023641778 0.897333741 0.887250662 -0.010199406 0.461174220 1.195864916
0.509780049 0.019896206 -0.860074222 -71.702812195 0.000670593 0.999722302 0.023524152 0.906036556 0.860303938 -0.012568941 0.509625852 1.448217154
0.554840505 0.015279902 -0.831815898 -72.042259216 0.008275801 0.999679744 0.023883579 0.912307024 0.831914902 -0.020135563 0.554537177 1.726680398
0.598490000 0.008721734 -0.801082313 -72.360572815 0.018467117 0.999524057 0.024679050 0.912735760 0.800916791 -0.029563893 0.598044872 2.031226158
0.641223311 0.003624025 -0.767345250 -72.669128418 0.019973326 0.999570429 0.021411238 0.914072871 0.767093658 -0.029055867 0.640876293 2.335464716
0.682339668 -0.001272399 -0.731033683 -72.964385986 0.017235942 0.999747753 0.014347726 0.917772174 0.730831385 -0.022390112 0.682190239 2.650896311
0.722860098 -0.008327214 -0.690943718 -73.247474670 0.014194737 0.999894559 0.002799730 0.923675239 0.690847874 -0.011831602 0.722902894 2.988854885
0.762193203 -0.011113966 -0.647253633 -73.515045166 0.009933114 0.999934971 -0.005472829 0.925298929 0.647272646 -0.002257908 0.762254834 3.346190691
0.799239337 -0.012296802 -0.600886464 -73.771873474 0.008947659 0.999922574 -0.008561594 0.922654629 0.600945532 0.001466222 0.799288273 3.739977121
0.833217800 -0.013697018 -0.552774549 -74.010086060 0.009455953 0.999899149 -0.010522891 0.919405103 0.552863181 0.003540838 0.833264172 4.161060333
0.863888979 -0.012429469 -0.503528118 -74.237655640 0.006925691 0.999893308 -0.012799947 0.912977636 0.503633678 0.007570444 0.863883853 4.605405331
0.889969349 -0.010989034 -0.455887139 -74.455474854 0.006484735 0.999912739 -0.011443354 0.901916265 0.455973208 0.007227918 0.889963925 5.086236954
0.911389589 -0.004844606 -0.411515355 -74.662338257 0.000595613 0.999944448 -0.010452882 0.893579066 0.411543190 0.009281535 0.911342800 5.581903934
0.928986669 -0.000745141 -0.370111674 -74.852760315 -0.003948589 0.999920368 -0.011924203 0.885757625 0.370091051 0.012538835 0.928910673 6.098446369
0.942636132 0.004336251 -0.333792925 -75.039184570 -0.008312209 0.999909699 -0.010484189 0.879454732 0.333717257 0.012657320 0.942588031 6.641496658
0.952744186 0.005019393 -0.303731501 -75.204711914 -0.007947079 0.999932289 -0.008403800 0.865386724 0.303668678 0.010420436 0.952720523 7.209232330
0.960118234 0.004132603 -0.279562891 -75.351470947 -0.006295165 0.999956012 -0.006838176 0.853191495 0.279522240 0.008325337 0.960102916 7.779726982
0.966015160 0.003923799 -0.258454710 -75.504722595 -0.005360970 0.999973059 -0.004856185 0.846608520 0.258428574 0.006076699 0.966011047 8.377582550
0.970709741 0.006282953 -0.240172163 -75.655815125 -0.007065307 0.999971390 -0.002396647 0.840828240 0.240150094 0.004023318 0.970727205 8.994205475
0.974328637 0.011034170 -0.224859014 -75.801826477 -0.011510326 0.999932647 -0.000806869 0.833621740 0.224834800 0.003374333 0.974390864 9.620901108
0.977258086 0.014841566 -0.211532444 -75.945037842 -0.015077895 0.999885440 0.000495674 0.824553847 0.211515397 0.002705039 0.977370679 10.258877754
0.980003059 0.013580889 -0.198517472 -76.073410034 -0.013809036 0.999903858 0.000235072 0.815889657 0.198501408 0.002510940 0.980097175 10.918579102
0.982686639 0.013622248 -0.184772834 -76.199127197 -0.013912431 0.999902368 -0.000274182 0.810098410 0.184750885 0.002840051 0.982781112 11.596069336
0.985319555 0.014282797 -0.170120403 -76.319595337 -0.014423050 0.999895096 0.000411279 0.802659333 0.170108229 0.002048389 0.985423088 12.288634300
0.987617135 0.015724353 -0.156092301 -76.427894592 -0.015787842 0.999874234 0.000832934 0.796324492 0.156085551 0.001641715 0.987742066 12.985551834
0.989531159 0.016347418 -0.143389076 -76.533889771 -0.016782112 0.999856710 -0.001822782 0.779527724 0.143338516 0.004210048 0.989664674 13.706893921
0.991052747 0.016708370 -0.132419288 -76.634162903 -0.017816296 0.999814630 -0.007186527 0.769001007 0.132274449 0.009481430 0.991167665 14.434435844
0.992301702 0.014679374 -0.122969091 -76.724456787 -0.016458502 0.999773026 -0.013464965 0.760551333 0.122743301 0.015385184 0.992319107 15.168153763
0.993276119 0.014535829 -0.114850849 -76.811538696 -0.016220151 0.999773145 -0.013744548 0.749952137 0.114624768 0.015515018 0.993287623 15.927788734
0.993992031 0.016632464 -0.108179361 -76.899040222 -0.017546091 0.999817133 -0.007499305 0.731877446 0.108034603 0.009352356 0.994103074 16.688554764
0.994461477 0.021451201 -0.102886930 -76.996261597 -0.021492410 0.999767959 0.000707866 0.711143017 0.102877997 0.001507315 0.994692802 17.450922012
0.994880557 0.022346437 -0.098553903 -77.077369690 -0.022016404 0.999746978 0.004434845 0.696359217 0.098627828 -0.002242370 0.995121777 18.218673706
0.995232105 0.020921322 -0.095262446 -77.146102905 -0.020705901 0.999779522 0.003249063 0.686910152 0.095309183 -0.001261107 0.995446861 18.971265793
0.995531559 0.020284990 -0.092222512 -77.222206116 -0.020157894 0.999793351 0.002309188 0.679614604 0.092250064 -0.000439887 0.995735645 19.733747482
0.995810270 0.018991254 -0.089446947 -77.286773682 -0.018656868 0.999814689 0.004572704 0.668267190 0.089516982 -0.002884777 0.995980978 20.490474701
0.996065199 0.016919868 -0.086990424 -77.353187561 -0.016380841 0.999841213 0.006906199 0.658659995 0.087093219 -0.005454081 0.996185064 21.255346298
0.996344745 0.014825138 -0.084123462 -77.417488098 -0.014152256 0.999862134 0.008589119 0.647868812 0.084238961 -0.007367220 0.996418178 22.021850586
0.996576309 0.014152545 -0.081453308 -77.481613159 -0.013788613 0.999891520 0.005028424 0.635172784 0.081515394 -0.003888111 0.996664345 22.778284073
0.996675611 0.016553761 -0.079768397 -77.549514771 -0.016796902 0.999855280 -0.002378379 0.625754595 0.079717241 0.003710310 0.996810496 23.529970169
0.996799409 0.017069569 -0.078094892 -77.615989685 -0.017905353 0.999788702 -0.010014812 0.609961987 0.077907197 0.011381058 0.996895552 24.271722794
0.996881902 0.018184302 -0.076779537 -77.677574158 -0.019319344 0.999713600 -0.014066675 0.590157509 0.076501504 0.015506132 0.996948779 25.023897171
0.997009337 0.020053444 -0.074629031 -77.740348816 -0.021017803 0.999704361 -0.012159548 0.566600561 0.074362867 0.013691707 0.997137129 25.778408051
0.997110367 0.023816440 -0.072130844 -77.806587219 -0.024471374 0.999666035 -0.008210147 0.544136882 0.071910955 0.009951544 0.997361302 26.536741257
0.997179151 0.027540542 -0.069816463 -77.873580933 -0.027827192 0.999607027 -0.003136913 0.523255646 0.069702372 0.005070834 0.997554839 27.298131943
0.997417748 0.025348207 -0.067188784 -77.928771973 -0.025489772 0.999673486 -0.001250987 0.508841574 0.067134865 0.002960355 0.997739375 28.057384491
0.997557640 0.022652542 -0.066064239 -77.977531433 -0.022795988 0.999738336 -0.001418833 0.493475080 0.066014536 0.002921341 0.997814238 28.807865143
0.997671068 0.021007458 -0.064884081 -78.029678345 -0.021151870 0.999774277 -0.001540097 0.476122290 0.064836808 0.002908904 0.997891486 29.559873581
0.997750342 0.020596039 -0.063787267 -78.083480835 -0.020853128 0.999776065 -0.003367831 0.461837679 0.063703343 0.004690395 0.997957706 30.310773849
0.997837484 0.018793663 -0.062975489 -78.133560181 -0.019123862 0.999805570 -0.004645216 0.448954374 0.062875666 0.005839483 0.998004138 31.060380936
0.997895181 0.018075772 -0.062266644 -78.183723450 -0.018396273 0.999819517 -0.004578450 0.434293270 0.062172364 0.005714266 0.998048961 31.811763763
0.997881651 0.021206532 -0.061490130 -78.238754272 -0.021463873 0.999762595 -0.003528196 0.419010162 0.061400425 0.004840514 0.998101413 32.573471069
0.997891068 0.020972736 -0.061418165 -78.294364929 -0.021280643 0.999763250 -0.004364091 0.403984547 0.061311811 0.005661882 0.998102546 33.350566864
0.997801721 0.020414054 -0.063035548 -78.347999573 -0.020735312 0.999774277 -0.004447133 0.387858093 0.062930256 0.005744396 0.998001337 34.124298096
0.997711301 0.018416245 -0.065049745 -78.400978088 -0.018709682 0.999816537 -0.003905320 0.373181760 0.064965613 0.005113419 0.997874320 34.902679443
0.997480929 0.020067561 -0.068026699 -78.466346741 -0.020402260 0.999782145 -0.004229516 0.360724568 0.067926735 0.005606737 0.997674465 35.686973572
0.997210979 0.023735622 -0.070748985 -78.533126831 -0.024110733 0.999698579 -0.004453278 0.342708945 0.070621692 0.006146644 0.997484148 36.453044891
0.997001648 0.024283443 -0.073460296 -78.599372864 -0.025034990 0.999642253 -0.009327747 0.326435745 0.073207244 0.011138841 0.997254491 37.228763580
0.996796548 0.025438730 -0.075814791 -78.671432495 -0.026487825 0.999565542 -0.012864772 0.306681663 0.075454339 0.014831718 0.997038841 38.016822815
0.996655881 0.024993649 -0.077786580 -78.742843628 -0.026190156 0.999552429 -0.014400340 0.283452302 0.077391610 0.016389417 0.996865928 38.821662903
0.996483028 0.025232675 -0.079895690 -78.815429688 -0.026338456 0.999570072 -0.012817208 0.258836925 0.079537705 0.014876449 0.996720672 39.642318726
0.996334970 0.023924809 -0.082113378 -78.886528015 -0.024987565 0.999615610 -0.011939736 0.234814852 0.081795946 0.013947777 0.996551335 40.465110779
0.996195376 0.023314347 -0.083962172 -78.957687378 -0.024283841 0.999648571 -0.010544426 0.220268920 0.083686635 0.012543216 0.996412992 41.287590027
0.996100247 0.022862565 -0.085205592 -79.033607483 -0.023539189 0.999697804 -0.006945211 0.200802743 0.085020877 0.008923775 0.996338964 42.122379303
0.996037126 0.022411112 -0.086059839 -79.111991882 -0.022674045 0.999739826 -0.002079307 0.181382298 0.085990667 0.004022362 0.996287584 42.971187592
0.996090293 0.022443045 -0.085433595 -79.187332153 -0.022516098 0.999745548 0.000108057 0.164738983 0.085414104 0.001815964 0.996343672 43.818031311
0.996192336 0.024974208 -0.083519310 -79.264823914 -0.025050543 0.999685228 0.000133527 0.153408200 0.083496176 0.001959153 0.996505976 44.670555115
0.996342182 0.025035549 -0.081692837 -79.339469910 -0.025224511 0.999680042 -0.001282151 0.140919417 0.081634410 0.003338091 0.996656537 45.532783508
0.996518970 0.022530848 -0.080253191 -79.410202026 -0.022890180 0.999730706 -0.003560659 0.126982033 0.080151163 0.005385248 0.996767938 46.385086060
0.996750891 0.018618971 -0.078353986 -79.480857849 -0.019074069 0.999804258 -0.005064253 0.108106747 0.078244165 0.006542304 0.996912539 47.253044128
0.996922433 0.017615465 -0.076378837 -79.552597046 -0.018078178 0.999821126 -0.005371420 0.091264948 0.076270357 0.006735655 0.997064173 48.116672516
0.997025073 0.015483548 -0.075496458 -79.619613647 -0.015754314 0.999870420 -0.002992769 0.072625369 0.075440131 0.004173233 0.997141361 48.981815338
0.997129738 0.012732388 -0.074622631 -79.684684753 -0.012810676 0.999916792 -0.000571120 0.055765569 0.074608944 0.001525417 0.997211456 49.856590271
0.997197926 0.012457452 -0.073752716 -79.755638123 -0.012518000 0.999920607 -0.000359321 0.037572190 0.073742174 0.001281521 0.997276247 50.713203430
0.997251570 0.013937166 -0.072755814 -79.828254700 -0.014234235 0.999891400 -0.003566735 0.017180670 0.072697990 0.004592530 0.997343123 51.590610504
0.997267902 0.016870087 -0.071906090 -79.905151367 -0.017584866 0.999801040 -0.009319537 -0.003295582 0.071734346 0.010558518 0.997367561 52.426734924
0.997324765 0.018859010 -0.070611447 -79.978713989 -0.019949222 0.999691010 -0.014766815 -0.026275586 0.070310920 0.016135946 0.997394323 53.272888184
0.997274458 0.023507152 -0.069925331 -80.048812866 -0.024995390 0.999476731 -0.020485377 -0.054066237 0.069406964 0.022177352 0.997341633 54.121795654
0.997331560 0.023527434 -0.069099195 -80.111022949 -0.025055597 0.999457479 -0.021333091 -0.086142257 0.068559580 0.023007486 0.997381449 54.974784851
0.997410297 0.020494958 -0.068929121 -80.173835754 -0.021596259 0.999649227 -0.015270642 -0.113383293 0.068591766 0.016719699 0.997504473 55.817398071
0.997383893 0.019667592 -0.069549829 -80.235008240 -0.020150403 0.999776483 -0.006247622 -0.141063482 0.069411203 0.007632713 0.997558713 56.668666840
0.997315884 0.018889096 -0.070730083 -80.300033569 -0.018831735 0.999820590 0.001477263 -0.168710902 0.070745096 -0.000141360 0.997494221 57.520027161
0.997185469 0.016582754 -0.073106535 -80.369140625 -0.016694076 0.999859214 -0.000912390 -0.183124483 0.073080920 0.002130240 0.997323513 58.357826233
0.997111917 0.011800463 -0.075013451 -80.430145264 -0.012161323 0.999915540 -0.004356077 -0.201917112 0.074955523 0.005255738 0.997172773 59.193706512
0.996912658 0.010426479 -0.077812724 -80.493942261 -0.010913379 0.999922395 -0.005835114 -0.223206088 0.077745654 0.006666280 0.996950686 60.030326843
0.996659875 0.012230440 -0.080733746 -80.567276001 -0.012932344 0.999881923 -0.008177303 -0.246167630 0.080624007 0.009194050 0.996701896 60.852664948
0.996367574 0.013897303 -0.084005103 -80.647377014 -0.014917416 0.999821246 -0.011528375 -0.270351112 0.083829693 0.012739628 0.996398389 61.673587799
0.996013284 0.014380090 -0.088028930 -80.725868225 -0.015752463 0.999763668 -0.014915603 -0.294198990 0.087793462 0.016242806 0.996006012 62.484691620
0.995717824 0.016353378 -0.090977401 -80.812057495 -0.018136265 0.999657631 -0.018805269 -0.322360545 0.090638563 0.020374734 0.995675147 63.280986786
0.995329738 0.020791193 -0.094259068 -80.900375366 -0.022662610 0.999564826 -0.018827422 -0.351440609 0.093826458 0.020875650 0.995369375 64.078994751
0.994925559 0.024106344 -0.097675316 -80.993919373 -0.025897419 0.999517083 -0.017111069 -0.376616120 0.097215518 0.019553773 0.995070994 64.883422852
0.994476855 0.026841693 -0.101457842 -81.085281372 -0.028090233 0.999544978 -0.010897515 -0.405953050 0.101119027 0.013687288 0.994779885 65.685890198
0.994025886 0.027876811 -0.105516940 -81.179321289 -0.028583860 0.999576926 -0.005194539 -0.432799101 0.105327353 0.008179566 0.994403660 66.477859497
0.993515730 0.027322946 -0.110355720 -81.274398804 -0.027665244 0.999615073 -0.001571828 -0.452092111 0.110270165 0.004614627 0.993890643 67.264991760
0.992794216 0.026959609 -0.116753027 -81.376037598 -0.027215160 0.999628484 -0.000595216 -0.466731519 0.116693482 0.003768352 0.993160486 68.053306580
0.992151618 0.024626298 -0.122585431 -81.476608276 -0.024425553 0.999695778 0.003140023 -0.483228654 0.122625351 -0.000121195 0.992452681 68.831192017
0.991312861 0.024966966 -0.129127666 -81.583259583 -0.024793524 0.999687314 0.002950473 -0.498544097 0.129160836 0.000276657 0.991623282 69.607269287
0.990372062 0.029737452 -0.135193408 -81.701148987 -0.029729011 0.999554873 0.002081470 -0.518211544 0.135195017 0.001957705 0.990816772 70.372734070
0.989445090 0.031648614 -0.141404271 -81.822776794 -0.032211043 0.999478698 -0.001690025 -0.533495843 0.141276971 0.006226941 0.989950240 71.136772156
0.988611102 0.030705918 -0.147321761 -81.944366455 -0.031701285 0.999486625 -0.004412930 -0.549824178 0.147110552 0.009032940 0.989078581 71.901092529
0.987771213 0.032054700 -0.152574480 -82.071907043 -0.033305183 0.999428332 -0.005646842 -0.563627422 0.152306184 0.010659291 0.988275647 72.670928955
0.986992002 0.033981927 -0.157131761 -82.206085205 -0.034526404 0.999402523 -0.000736299 -0.575041711 0.157012820 0.006151891 0.987577140 73.434677124
0.985957980 0.034879208 -0.163304985 -82.340652466 -0.034786176 0.999387920 0.003429849 -0.589842021 0.163324624 0.002299037 0.986569405 74.191017151
0.984919906 0.034102779 -0.169611618 -82.476455688 -0.033645228 0.999417365 0.005571656 -0.606750906 0.169702783 0.000218952 0.985494971 74.943336487
0.983760178 0.031652000 -0.176670060 -82.616424561 -0.031845476 0.999490321 0.001740629 -0.618699789 0.176635101 0.003913753 0.984268308 75.687545776
0.982229650 0.029808702 -0.185296059 -82.755836487 -0.031337950 0.999493599 -0.005329276 -0.628631175 0.185043395 0.011041355 0.982668042 76.421081543
0.980555713 0.027565930 -0.194291055 -82.910255432 -0.029545199 0.999535799 -0.007296355 -0.643424094 0.193999782 0.012894839 0.980916560 77.160926819
0.978384614 0.027130097 -0.205002069 -83.071517944 -0.028579321 0.999582052 -0.004111406 -0.662285984 0.204804897 0.009881340 0.978752673 77.895103455
0.976051569 0.027124090 -0.215837777 -83.245315552 -0.027352795 0.999622941 0.001927778 -0.669956028 0.215808749 0.004022129 0.976427078 78.634506226
0.973298967 0.028958542 -0.227703542 -83.420791626 -0.027428711 0.999573886 0.009880527 -0.683263481 0.227892712 -0.003371130 0.973680139 79.350830078
0.970650434 0.030169247 -0.238591522 -83.614822388 -0.027716650 0.999521852 0.013628347 -0.703940451 0.238888681 -0.006615446 0.971024215 80.069511414
0.967706263 0.033359345 -0.249860168 -83.816802979 -0.032077432 0.999441981 0.009201805 -0.715997458 0.250027806 -0.000889807 0.968238056 80.773849487
0.964575469 0.033192337 -0.261707485 -84.022453308 -0.034326434 0.999409616 0.000237934 -0.728605092 0.261561036 0.008753959 0.965147018 81.473312378
0.961229384 0.031073853 -0.273990571 -84.233413696 -0.033620834 0.999422967 -0.004603986 -0.735694230 0.273689598 0.013637267 0.961721122 82.171936035
0.957704604 0.029757852 -0.286207408 -84.451301575 -0.031011151 0.999517918 0.000153547 -0.740678072 0.286074221 0.008728550 0.958167434 82.886116028
0.954242826 0.030854834 -0.297433794 -84.687011719 -0.029876050 0.999521732 0.007837151 -0.755955935 0.297533602 0.001407570 0.954710007 83.602943420
0.950483501 0.030842975 -0.309238017 -84.928016663 -0.028112533 0.999515355 0.013282622 -0.765324056 0.309498131 -0.003931490 0.950891614 84.310836792
0.946398258 0.028480893 -0.321741372 -85.178077698 -0.026115924 0.999589682 0.011664981 -0.777289391 0.321941942 -0.002637183 0.946755469 85.011413574
0.942548573 0.026518734 -0.333012372 -85.435684204 -0.025653986 0.999645233 0.006994219 -0.779292643 0.333080083 0.001950673 0.942896187 85.714546204
0.939306796 0.022430472 -0.342341930 -85.692398071 -0.023771539 0.999716163 0.000278383 -0.789956093 0.342251420 0.007876488 0.939575076 86.404167175
0.936546803 0.018684518 -0.350041926 -85.955879211 -0.022003839 0.999741495 -0.005507831 -0.800913215 0.349848986 0.012860598 0.936717510 87.090911865
0.933830321 0.018677812 -0.357225925 -86.233856201 -0.022835117 0.999710441 -0.007423194 -0.814054608 0.356984317 0.015089294 0.933988154 87.793113708
0.930726409 0.023683818 -0.364946067 -86.524414062 -0.028325573 0.999570310 -0.007370281 -0.830649555 0.364615232 0.017197020 0.930999100 88.487648010
0.927638769 0.023762099 -0.372719496 -86.815895081 -0.027635081 0.999604046 -0.005051301 -0.847086847 0.372452468 0.014985911 0.927929938 89.182914734
0.924419999 0.024348715 -0.380595565 -87.108306885 -0.025686951 0.999667585 0.001563476 -0.854396820 0.380507678 0.008331013 0.924739897 89.886718750
0.921647608 0.026116885 -0.387145609 -87.410850525 -0.024231143 0.999657571 0.009751703 -0.861179590 0.387268305 0.000393314 0.921966612 90.590576172
0.918912292 0.035946883 -0.392818332 -87.732200623 -0.031936336 0.999348402 0.016742418 -0.873653829 0.393164784 -0.002839675 0.919463277 91.288513184
0.916181326 0.042902488 -0.398458719 -88.048873901 -0.040784582 0.999071419 0.013794502 -0.881618023 0.398681104 0.003612679 0.917082131 91.970687866
0.913770616 0.039392311 -0.404313952 -88.358757019 -0.040379811 0.999164581 0.006088048 -0.883299887 0.404216558 0.010763027 0.914599597 92.649711609
0.911820889 0.031527199 -0.409373879 -88.670242310 -0.035150103 0.999379933 -0.001326384 -0.888216138 0.409078777 0.015598955 0.912365317 93.343826294
0.910147727 0.032086294 -0.413037390 -88.997566223 -0.036079798 0.999345958 -0.001870711 -0.897397757 0.412707806 0.016604925 0.910711706 94.036697388
0.907888412 0.038231108 -0.417463094 -89.333847046 -0.040561285 0.999170482 0.003291879 -0.907980561 0.417243212 0.013944173 0.908687472 94.726699829
0.905334592 0.040612839 -0.422750890 -89.663085938 -0.041197188 0.999119818 0.007758274 -0.919527829 0.422694445 0.010392299 0.906212270 95.420150757
0.903079808 0.037074391 -0.427867800 -89.993408203 -0.038269423 0.999249399 0.005810634 -0.932325780 0.427762657 0.011126774 0.903822243 96.114715576
0.900757790 0.035338879 -0.432880074 -90.330055237 -0.039451126 0.999220192 -0.000518889 -0.943294644 0.432524770 0.017544994 0.901450932 96.795730591
0.898543596 0.032728072 -0.437660605 -90.674407959 -0.039820720 0.999180853 -0.007036082 -0.952060640 0.437072396 0.023750190 0.899112284 97.483261108
