1.000000000 0.000000000 0.000000000 0.000000000 0.000000000 1.000000000 0.000000000 0.000000000 0.000000000 0.000000000 1.000000000 0.000000000
0.999999464 -0.000440274 0.000962191 0.002598484 0.000440293 0.999999881 -0.000019637 -0.007230429 -0.000962183 0.000020061 0.999999523 0.438565075
0.999997199 0.001522880 0.001825592 -0.002573768 -0.001518714 0.999996185 -0.002281168 -0.012233005 -0.001829059 0.002278388 0.999995708 0.871262312
0.999994576 0.002943916 0.001476543 -0.008951413 -0.002937345 0.999985814 -0.004432749 -0.016575433 -0.001489571 0.004428388 0.999989033 1.300454855
0.999997973 0.001869167 -0.000680298 -0.010696006 -0.001872578 0.999985456 -0.005049168 -0.024783377 0.000670851 0.005050432 0.999987006 1.729610920
0.999992013 -0.000863891 -0.003892665 -0.012178510 0.000842569 0.999984622 -0.005475827 -0.032134060 0.003897336 0.005472503 0.999977410 2.155698776
0.999963641 -0.003914611 -0.007575687 -0.016742570 0.003881149 0.999982655 -0.004426776 -0.038618166 0.007592885 0.004397212 0.999961495 2.576796055
0.999909103 -0.005655799 -0.012235664 -0.021491680 0.005610885 0.999977410 -0.003701903 -0.044729173 0.012256324 0.003632913 0.999918282 2.996709347
0.999858916 -0.004142207 -0.016274134 -0.034909207 0.004088158 0.999986053 -0.003352986 -0.053117339 0.016287796 0.003285982 0.999861956 3.412903547
0.999785423 -0.003345893 -0.020439379 -0.050822660 0.003281438 0.999989510 -0.003186173 -0.062086083 0.020449826 0.003118419 0.999786019 3.821984529
0.999690652 -0.002673962 -0.024727276 -0.065165207 0.002581721 0.999989569 -0.003761500 -0.068814382 0.024737079 0.003696497 0.999687135 4.229100227
0.999587476 -0.002185664 -0.028636442 -0.082600228 0.002091927 0.999992311 -0.003302906 -0.076293170 0.028643444 0.003241638 0.999584436 4.633232117
0.999459147 -0.002658470 -0.032776434 -0.101163037 0.002545686 0.999990702 -0.003482255 -0.082083270 0.032785386 0.003396933 0.999456644 5.029498100
0.999289513 -0.002866442 -0.037579045 -0.119345017 0.002684159 0.999984384 -0.004900213 -0.086849652 0.037592508 0.004795862 0.999281645 5.418961048
0.999105632 -0.003350596 -0.042149559 -0.137654662 0.003130524 0.999981105 -0.005286152 -0.091970429 0.042166479 0.005149473 0.999097288 5.799906731
0.998949707 -0.002417306 -0.045755103 -0.161879420 0.002203775 0.999986410 -0.004716696 -0.099667668 0.045765892 0.004610908 0.998941481 6.169271469
0.998790383 -0.000777870 -0.049162958 -0.187430769 0.000579758 0.999991596 -0.004043856 -0.106673002 0.049165700 0.004010461 0.998782516 6.528292179
0.998633146 -0.000008597 -0.052264825 -0.211942270 -0.000158986 0.999994814 -0.003202290 -0.115368433 0.052264586 0.003206222 0.998628020 6.872545242
0.998500407 0.000713509 -0.054737370 -0.232260302 -0.000883195 0.999994874 -0.003075901 -0.122053988 0.054734897 0.003119632 0.998495936 7.206668854
0.998393774 0.001835055 -0.056623649 -0.255734712 -0.002037069 0.999991715 -0.003510162 -0.128377274 0.056616746 0.003619870 0.998389304 7.524668694
0.998299837 0.001781643 -0.058259338 -0.277585030 -0.002024758 0.999989450 -0.004114219 -0.134617656 0.058251407 0.004225185 0.998292863 7.829413891
0.998201311 0.001821242 -0.059922561 -0.298324078 -0.002116574 0.999985874 -0.004865455 -0.141237870 0.059912872 0.004983534 0.998190999 8.119502068
0.998104692 0.002040130 -0.061503742 -0.319464833 -0.002397884 0.999980569 -0.005743544 -0.147436678 0.061490849 0.005880137 0.998090148 8.396044731
0.998013258 0.002927949 -0.062935084 -0.341110766 -0.003385845 0.999968529 -0.007170260 -0.153555378 0.062912121 0.007369102 0.997991681 8.663919449
0.997949660 0.003406233 -0.063911691 -0.362196922 -0.003946037 0.999957561 -0.008321779 -0.160319448 0.063880645 0.008556913 0.997920692 8.927024841
0.997908890 0.003345403 -0.064549230 -0.380694449 -0.003953713 0.999948919 -0.009298535 -0.166836068 0.064514831 0.009534298 0.997871041 9.185262680
0.997878432 0.002531329 -0.065054648 -0.399107605 -0.003206193 0.999942064 -0.010271505 -0.173542693 0.065024883 0.010458288 0.997828662 9.436639786
0.997833371 0.001075597 -0.065783240 -0.416686088 -0.001835554 0.999932170 -0.011493099 -0.180592820 0.065766431 0.011588942 0.997767568 9.683674812
0.997778833 0.001219573 -0.066603035 -0.435964584 -0.002098483 0.999911487 -0.013127886 -0.187870994 0.066581152 0.013238487 0.997693002 9.926535606
0.997719228 0.002675732 -0.067448646 -0.458214402 -0.003593870 0.999902368 -0.013494754 -0.193057790 0.067405969 0.013706372 0.997631311 10.170404434
0.997639000 0.004657757 -0.068518735 -0.480221063 -0.005465240 0.999917626 -0.011602117 -0.196790934 0.068459071 0.011949191 0.997582197 10.415336609
0.997619450 0.003970906 -0.068845578 -0.498328745 -0.004545616 0.999955952 -0.008193167 -0.199868068 0.068810031 0.008486604 0.997593522 10.662919044
0.997614264 0.002882306 -0.068974875 -0.514849484 -0.003319042 0.999975026 -0.006218065 -0.205087408 0.068955250 0.006432157 0.997598827 10.911236763
0.997612655 0.001247081 -0.069047138 -0.530407846 -0.001794657 0.999967337 -0.007868998 -0.214274898 0.069035083 0.007974124 0.997582138 11.148712158
0.997600496 0.001051884 -0.069225773 -0.547318041 -0.001789534 0.999942183 -0.010594561 -0.222564980 0.069210641 0.010693016 0.997544527 11.383470535
0.997612417 0.001987580 -0.069033727 -0.567241073 -0.002815293 0.999925196 -0.011894758 -0.231046528 0.069004938 0.012060703 0.997543216 11.622497559
0.997619867 0.002995772 -0.068890341 -0.586750209 -0.003865734 0.999914348 -0.012498377 -0.239029229 0.068847016 0.012734936 0.997545779 11.857230186
0.997640431 0.002796315 -0.068600893 -0.603441179 -0.003690103 0.999909818 -0.012905553 -0.245544493 0.068558633 0.013128239 0.997560561 12.091670036
0.997667432 0.000910749 -0.068258323 -0.617259383 -0.001774237 0.999919057 -0.012590741 -0.251809746 0.068241343 0.012682473 0.997588098 12.324781418
0.997706831 0.000033100 -0.067685634 -0.630919456 -0.000805484 0.999934793 -0.011384077 -0.257425636 0.067680851 0.011412486 0.997641623 12.560787201
0.997772872 0.001848382 -0.066679746 -0.650651932 -0.002825725 0.999889791 -0.014565933 -0.262112290 0.066645481 0.014721904 0.997667968 12.802278519
0.997818291 0.005093477 -0.065826140 -0.674196601 -0.006587464 0.999725044 -0.022498898 -0.265039235 0.065693453 0.022883430 0.997577310 13.056344032
0.997883618 0.004925991 -0.064840518 -0.692541361 -0.006876361 0.999529362 -0.029890794 -0.267851591 0.064662784 0.030273391 0.997447729 13.325719833
0.997980475 0.002154710 -0.063486703 -0.706826091 -0.004242068 0.999454021 -0.032762229 -0.273579925 0.063381471 0.032965373 0.997444570 13.616750717
0.998066545 -0.000600678 -0.062153034 -0.720312476 -0.001237166 0.999563038 -0.029526941 -0.285961390 0.062143631 0.029546743 0.997629583 13.932394981
0.998177767 -0.001048540 -0.060334608 -0.737228692 -0.000588789 0.999632001 -0.027113279 -0.298969626 0.060340855 0.027099395 0.997809708 14.264991760
0.998307168 0.000939082 -0.058156606 -0.758308351 -0.002408148 0.999679387 -0.025195571 -0.311483264 0.058114327 0.025292967 0.997989237 14.608307838
0.998410285 0.001298589 -0.056351420 -0.782752633 -0.002671109 0.999701202 -0.024287939 -0.325667709 0.056303069 0.024399849 0.998115301 14.953616142
0.998519480 0.000259495 -0.054395605 -0.801491618 -0.001683609 0.999656737 -0.026136467 -0.332973778 0.054370176 0.026189355 0.998177111 15.317718506
0.998635113 -0.001325341 -0.052214384 -0.816665530 -0.000112258 0.999621034 -0.027520040 -0.342281163 0.052231096 0.027488343 0.998256385 15.697758675
0.998713911 -0.001428437 -0.050681397 -0.833862543 0.000044727 0.999627233 -0.027292734 -0.357472837 0.050701518 0.027255371 0.998341620 16.091192245
0.998773158 -0.001517153 -0.049497046 -0.848256707 0.000226557 0.999659836 -0.026069354 -0.369616300 0.049519785 0.026026163 0.998433769 16.499591827
0.998838067 -0.000867698 -0.048185490 -0.867393553 -0.000300739 0.999705911 -0.024236146 -0.380431503 0.048192378 0.024222484 0.998544097 16.905658722
0.998884976 -0.001411767 -0.047189958 -0.892223477 0.000325985 0.999734879 -0.023008512 -0.392561525 0.047209963 0.022967482 0.998620689 17.312568665
0.998888195 -0.000579704 -0.047138199 -0.917020917 -0.000483054 0.999745667 -0.022531036 -0.404708177 0.047139302 0.022528766 0.998634040 17.729675293
0.998838782 0.000106515 -0.048175972 -0.941064000 -0.001172651 0.999754727 -0.022102302 -0.417830318 0.048161827 0.022133140 0.998594046 18.162364960
0.998777211 0.001287450 -0.049419217 -0.968201518 -0.002292039 0.999791443 -0.020276614 -0.431096822 0.049382836 0.020365100 0.998572052 18.603668213
0.998725832 0.001771810 -0.050431814 -0.995415330 -0.002708738 0.999824584 -0.018515818 -0.446837068 0.050390191 0.018628843 0.998555601 19.057725906
0.998674273 0.003061708 -0.051382285 -1.023460507 -0.003984438 0.999832153 -0.017865319 -0.463070512 0.051318992 0.018046377 0.998519003 19.519199371
0.998609066 0.006462773 -0.052325759 -1.056000829 -0.007468593 0.999790311 -0.019049611 -0.475767910 0.052191705 0.019413929 0.998448133 19.984941483
0.998564363 0.008608298 -0.052867465 -1.088994622 -0.009629079 0.999771178 -0.019084036 -0.488037348 0.052691117 0.019565718 0.998418987 20.462154388
0.998522222 0.009307337 -0.053540718 -1.117125511 -0.010166779 0.999823153 -0.015802218 -0.498244226 0.053384203 0.016323216 0.998440444 20.946699142
0.998507380 0.007327653 -0.054121692 -1.142597795 -0.007940630 0.999906361 -0.011119554 -0.508213043 0.054035176 0.011532732 0.998472214 21.430664062
0.998482108 0.006832933 -0.054649789 -1.173901916 -0.007239712 0.999947190 -0.007248877 -0.518935025 0.054597404 0.007633537 0.998479068 21.908193588
0.998448253 0.008976540 -0.054958135 -1.207341909 -0.009287077 0.999942005 -0.005397627 -0.532106280 0.054906528 0.005899665 0.998473823 22.392038345
0.998371780 0.013269810 -0.055476204 -1.244247317 -0.013513500 0.999900341 -0.004019854 -0.546129107 0.055417363 0.004763000 0.998451650 22.883647919
0.998301685 0.014716884 -0.056365311 -1.278213382 -0.014996567 0.999876976 -0.004542189 -0.554753125 0.056291558 0.005379775 0.998399615 23.374919891
0.998253405 0.013815898 -0.057437629 -1.309203625 -0.014198438 0.999879301 -0.006257342 -0.561750352 0.057344273 0.007061952 0.998329222 23.867927551
0.998246431 0.010485698 -0.058257543 -1.339042068 -0.011001918 0.999902666 -0.008547317 -0.568047285 0.058162279 0.009173288 0.998264730 24.365942001
0.998227298 0.009826842 -0.058699112 -1.371225476 -0.010388470 0.999902785 -0.009270445 -0.576143265 0.058602337 0.009863818 0.998232424 24.867095947
0.998218775 0.012083181 -0.058422673 -1.409326434 -0.012625436 0.999880254 -0.008921400 -0.587100446 0.058307908 0.009643134 0.998251796 25.369043350
0.998232365 0.014355448 -0.057671566 -1.444948673 -0.014852218 0.999855876 -0.008194407 -0.598265767 0.057545647 0.009036488 0.998301685 25.878417969
0.998261690 0.015404698 -0.056887701 -1.477391958 -0.015887605 0.999841154 -0.008046326 -0.609036088 0.056754738 0.008936164 0.998347878 26.389970779
0.998341620 0.014734229 -0.055648815 -1.509948492 -0.015207569 0.999851346 -0.008092029 -0.619870007 0.055521339 0.008924909 0.998417318 26.903064728
0.998419404 0.013676922 -0.054512121 -1.538935065 -0.014160395 0.999863446 -0.008492801 -0.629677296 0.054388545 0.009251306 0.998476684 27.417699814
0.998488009 0.012625557 -0.053500153 -1.566046357 -0.013108021 0.999876261 -0.008676779 -0.637968481 0.053384002 0.009364956 0.998529851 27.940010071
0.998555899 0.011587461 -0.052457023 -1.593624353 -0.012072511 0.999887049 -0.008939326 -0.648500800 0.052347533 0.009559721 0.998582840 28.469455719
0.998622477 0.010776754 -0.051350500 -1.620116949 -0.011270428 0.999892831 -0.009334088 -0.659563243 0.051244427 0.009899989 0.998636723 29.001548767
0.998666942 0.010978596 -0.050436359 -1.648135662 -0.011479456 0.999887466 -0.009651721 -0.669684887 0.050324742 0.010217852 0.998680294 29.537334442
0.998713255 0.010997019 -0.049506478 -1.677053928 -0.011512312 0.999882281 -0.010135645 -0.679849923 0.049389206 0.010692553 0.998722017 30.076000214
0.998735964 0.011066026 -0.049030874 -1.701338291 -0.011610641 0.999873817 -0.010836863 -0.687863529 0.048904784 0.011392460 0.998738110 30.623779297
0.998769462 0.010697938 -0.048426572 -1.730405092 -0.011246697 0.999875367 -0.011073645 -0.699115455 0.048302092 0.011604674 0.998764992 31.166954041
0.998788118 0.010427826 -0.048100106 -1.758230925 -0.010993714 0.999873221 -0.011515436 -0.710381567 0.047973946 0.012030296 0.998775721 31.717447281
0.998820126 0.009950014 -0.047534902 -1.787841916 -0.010538258 0.999870718 -0.012140593 -0.722997069 0.047407977 0.012627218 0.998795390 32.278430939
0.998831153 0.009329524 -0.047428071 -1.816163421 -0.009953070 0.999866843 -0.012928201 -0.737291813 0.047301166 0.013385159 0.998790622 32.844654083
0.998840153 0.008981434 -0.047304992 -1.849405289 -0.009629569 0.999862552 -0.013491321 -0.752079368 0.047177341 0.013931214 0.998789012 33.411758423
0.998857737 0.008723661 -0.046981800 -1.884322405 -0.009400085 0.999854922 -0.014196064 -0.767754614 0.046851169 0.014621494 0.998794496 33.975997925
0.998854637 0.008622627 -0.047066335 -1.914506435 -0.009318718 0.999850035 -0.014590386 -0.782706380 0.046933495 0.015012287 0.998784840 34.557807922
0.998849094 0.008339790 -0.047235478 -1.945666432 -0.009041253 0.999851584 -0.014656370 -0.799022794 0.047106259 0.015066582 0.998775899 35.140258789
0.998826325 0.008652383 -0.047659066 -1.975475430 -0.009369747 0.999845743 -0.014849342 -0.813045740 0.047523253 0.015278479 0.998752892 35.730346680
0.998813510 0.008586303 -0.047938414 -2.007492542 -0.009305465 0.999847114 -0.014798973 -0.831631958 0.047804039 0.015227516 0.998740256 36.321632385
0.998796999 0.008071399 -0.048370298 -2.038514614 -0.008786400 0.999854922 -0.014587597 -0.846847773 0.048245560 0.014995062 0.998722553 36.916465759
0.998773336 0.007667035 -0.048922244 -2.070031404 -0.008343279 0.999872148 -0.013633759 -0.863968730 0.048811484 0.014025219 0.998709142 37.519309998
0.998750806 0.007864265 -0.049348801 -2.105219364 -0.008512338 0.999880016 -0.012936243 -0.880603075 0.049241174 0.013340170 0.998697400 38.115348816
0.998722374 0.008162479 -0.049872972 -2.140574455 -0.008791807 0.999884248 -0.012412440 -0.898515761 0.049765915 0.012835069 0.998677969 38.715099335
0.998676538 0.008835970 -0.050669651 -2.176715851 -0.009450031 0.999884546 -0.011892297 -0.914369583 0.050558753 0.012355401 0.998644173 39.312114716
0.998622060 0.008827756 -0.051733326 -2.210917950 -0.009436683 0.999888837 -0.011538184 -0.930482388 0.051625751 0.012010490 0.998593748 39.919986725
0.998573422 0.008418933 -0.052730121 -2.246826172 -0.009065479 0.999886453 -0.012034362 -0.946537733 0.052622844 0.012495232 0.998535752 40.525264740
0.998525441 0.008567731 -0.053606413 -2.286329508 -0.009251812 0.999878705 -0.012526170 -0.961867690 0.053492613 0.013003670 0.998483062 41.126079559
0.998456240 0.009477412 -0.054730486 -2.322784185 -0.010207650 0.999862373 -0.013078481 -0.975113630 0.054599024 0.013616974 0.998414993 41.735092163
0.998393238 0.009353876 -0.055889565 -2.360713005 -0.010142272 0.999852777 -0.013839503 -0.991385162 0.055751901 0.014384125 0.998340547 42.343776703
0.998323023 0.009146492 -0.057163883 -2.397608519 -0.009949943 0.999855459 -0.013786570 -1.006398320 0.057029542 0.014332240 0.998269081 42.949535370
0.998284817 0.007167093 -0.058106449 -2.435277700 -0.007912983 0.999889076 -0.012616802 -1.029135466 0.058009598 0.013054969 0.998230100 43.575214386
0.998215973 0.006682996 -0.059334744 -2.473592520 -0.007416651 0.999898612 -0.012153181 -1.047251821 0.059247527 0.012571576 0.998163640 44.179622650
0.998156190 0.007661303 -0.060215347 -2.516073227 -0.008407451 0.999890864 -0.012147866 -1.064586639 0.060115725 0.012631738 0.998110950 44.790325165
0.998075128 0.008582013 -0.061422318 -2.553975344 -0.009453489 0.999858558 -0.013911850 -1.081099868 0.061294254 0.014465738 0.998014390 45.400421143
0.998007059 0.008264994 -0.062560782 -2.597659826 -0.009355096 0.999809146 -0.017151972 -1.101030827 0.062407091 0.017703062 0.997893214 46.008281708
0.997967184 0.005229016 -0.063516304 -2.638599873 -0.006527461 0.999773622 -0.020252507 -1.121266842 0.063396029 0.020625947 0.997774780 46.609333038
0.997920334 0.002965335 -0.064391382 -2.680766106 -0.004412612 0.999740601 -0.022345787 -1.139207602 0.064308420 0.022583457 0.997673988 47.221508026
0.997875154 0.003423055 -0.065066241 -2.729614496 -0.004977001 0.999705911 -0.023735551 -1.159938097 0.064965852 0.024008954 0.997598112 47.825359344
0.997805655 0.006613869 -0.065881208 -2.779682159 -0.008075532 0.999726653 -0.021944892 -1.180749059 0.065718055 0.022428766 0.997585654 48.434501648
0.997761607 0.007265616 -0.066477560 -2.826871157 -0.008413821 0.999820054 -0.017008536 -1.199535012 0.066342011 0.017529799 0.997642457 49.048080444
0.997724652 0.006391613 -0.067119166 -2.869428396 -0.007131507 0.999916434 -0.010789884 -1.216109276 0.067044578 0.011244005 0.997686148 49.667194366
0.997713625 0.005545168 -0.067358568 -2.911896229 -0.005767292 0.999978602 -0.003103739 -1.233269453 0.067339905 0.003485135 0.997723520 50.279392242
0.997732341 0.007216667 -0.066922188 -2.957292318 -0.007015137 0.999970138 0.003245818 -1.244737267 0.066943608 -0.002768969 0.997752428 50.899616241
0.997803211 0.008001721 -0.065766610 -3.001891375 -0.007600188 0.999950945 0.006353251 -1.253284574 0.065814212 -0.005839432 0.997814298 51.515827179
0.997877538 0.009067914 -0.064487815 -3.045184374 -0.008684298 0.999942899 0.006226377 -1.261933088 0.064540580 -0.005653107 0.997898579 52.125671387
0.998002768 0.009660499 -0.062431373 -3.085704088 -0.009502160 0.999950826 0.002832516 -1.268158436 0.062455654 -0.002233605 0.998044729 52.739891052
0.998101056 0.010651177 -0.060673907 -3.127830029 -0.010734430 0.999941766 -0.001046456 -1.273943186 0.060659222 0.001695787 0.998156607 53.349750519
0.998179495 0.008647220 -0.059694562 -3.163119316 -0.008944501 0.999948859 -0.004714713 -1.279086351 0.059650730 0.005240084 0.998205066 53.957057953
0.998272419 0.006310791 -0.058419410 -3.197921991 -0.006764138 0.999948502 -0.007565808 -1.287649035 0.058368638 0.007947908 0.998262942 54.559032440
0.998365164 0.005901995 -0.056855794 -3.234800816 -0.006412417 0.999940693 -0.008799329 -1.300971031 0.056800470 0.009149540 0.998343110 55.163085938
0.998397052 0.008599470 -0.055943698 -3.279058456 -0.009072183 0.999925137 -0.008201423 -1.317310333 0.055868965 0.008695822 0.998399734 55.764877319
0.998427927 0.009367415 -0.055264968 -3.323723793 -0.009815316 0.999921024 -0.007838863 -1.340017557 0.055187155 0.008368998 0.998440444 56.352214813
0.998450994 0.010287693 -0.054682158 -3.360795498 -0.010752056 0.999908447 -0.008204734 -1.354582191 0.054592729 0.008779985 0.998469591 56.965145111
0.998431742 0.010105837 -0.055065937 -3.395058393 -0.010539409 0.999915540 -0.007589043 -1.370315552 0.054984573 0.008157518 0.998453379 57.579551697
0.998394966 0.010855052 -0.055586383 -3.434121370 -0.011343351 0.999899626 -0.008476603 -1.383062601 0.055488769 0.009093548 0.998417377 58.181331635
0.998380959 0.011877069 -0.055628404 -3.475821018 -0.012423309 0.999877810 -0.009483977 -1.395729661 0.055508941 0.010159726 0.998405933 58.787784576
0.998332441 0.013127102 -0.056214795 -3.518635511 -0.013663654 0.999864578 -0.009171030 -1.409464717 0.056086767 0.009923851 0.998376012 59.398731232
0.998296082 0.014112289 -0.056619458 -3.558171272 -0.014656253 0.999850214 -0.009203696 -1.421744347 0.056481063 0.010017858 0.998352885 60.000267029
0.998271883 0.014040687 -0.057062287 -3.593314409 -0.014550408 0.999857724 -0.008527106 -1.435553789 0.056934416 0.009342665 0.998333693 60.612274170
0.998224735 0.014611219 -0.057740144 -3.632793665 -0.015102420 0.999853313 -0.008079926 -1.448640227 0.057613589 0.008937613 0.998298407 61.213321686
0.998218596 0.014236395 -0.057939671 -3.674600601 -0.014700261 0.999863148 -0.007587702 -1.465790629 0.057823692 0.008425929 0.998290718 61.806427002
0.998184443 0.015006630 -0.058331590 -3.714169025 -0.015447382 0.999855399 -0.007112456 -1.480377197 0.058216389 0.008000630 0.998271406 62.399539948
0.998157561 0.015107503 -0.058763694 -3.753200769 -0.015533621 0.999856174 -0.006801394 -1.495260477 0.058652457 0.007701692 0.998248279 62.987789154
0.998118341 0.015403031 -0.059350450 -3.791961193 -0.015842656 0.999850392 -0.006943873 -1.508265972 0.059234574 0.007871091 0.998212576 63.576229095
0.998089015 0.015489203 -0.059819277 -3.831556320 -0.015930045 0.999849319 -0.006899760 -1.521405458 0.059703354 0.007839516 0.998184860 64.163604736
0.998031557 0.015669161 -0.060724340 -3.872614622 -0.016090758 0.999849677 -0.006460076 -1.535125852 0.060613953 0.007424477 0.998133123 64.750457764
0.997954190 0.016521893 -0.061760806 -3.916372299 -0.016938990 0.999837101 -0.006235990 -1.547610998 0.061647676 0.007269415 0.998070955 65.334655762
0.997861564 0.017187849 -0.063061669 -3.959083319 -0.017593430 0.999827981 -0.005881928 -1.559839725 0.062949680 0.006978837 0.997991800 65.916122437
0.997711480 0.018586276 -0.065009072 -3.999548435 -0.018956400 0.999807477 -0.005081313 -1.573083520 0.064902075 0.006302040 0.997871280 66.492370605
0.997566104 0.019032568 -0.067076862 -4.043261528 -0.019382160 0.999801874 -0.004564954 -1.585117102 0.066976644 0.005853956 0.997736931 67.070175171
0.997399151 0.019786390 -0.069303654 -4.088419437 -0.020124139 0.999788940 -0.004178756 -1.598657489 0.069206297 0.005562583 0.997586429 67.644126892
0.997206211 0.020816136 -0.071735270 -4.135147572 -0.021137392 0.999769807 -0.003722169 -1.611696959 0.071641229 0.005228086 0.997416317 68.219299316
0.996975660 0.022144934 -0.074488573 -4.183555603 -0.022509346 0.999738514 -0.004056198 -1.623691082 0.074379228 0.005720638 0.997213185 68.788635254
0.996726751 0.022367762 -0.077684924 -4.233958721 -0.022792319 0.999729812 -0.004582697 -1.636150479 0.077561401 0.006338334 0.996966958 69.357055664
0.996425807 0.022443229 -0.081432573 -4.285063744 -0.022954930 0.999722302 -0.005352927 -1.647335291 0.081289791 0.007203093 0.996663988 69.924697876
0.996174812 0.021506485 -0.084690914 -4.336017609 -0.022094218 0.999737978 -0.006008552 -1.660099983 0.084539466 0.007856767 0.996388674 70.488090515
0.995858073 0.021461502 -0.088348188 -4.389845848 -0.022185072 0.999727964 -0.007216132 -1.671194434 0.088169254 0.009146273 0.996063054 71.040390015
0.995547056 0.021017913 -0.091889255 -4.444953442 -0.021853629 0.999728501 -0.008098044 -1.683520555 0.091694072 0.010070115 0.995735765 71.592155457
0.995232642 0.020612635 -0.095322311 -4.501837254 -0.021520650 0.999732316 -0.008507444 -1.696787834 0.095121406 0.010518301 0.995409548 72.130287170
0.994926333 0.020201385 -0.098552845 -4.558772564 -0.021176651 0.999736607 -0.008859781 -1.710243583 0.098347880 0.010901866 0.995091796 72.665557861
0.994702399 0.020080341 -0.100812159 -4.615315437 -0.021046901 0.999742150 -0.008533199 -1.726081967 0.100614786 0.010609794 0.994868279 73.182571411
0.994592071 0.021026857 -0.101704270 -4.673027992 -0.021936826 0.999728739 -0.007836955 -1.739851356 0.101511866 0.010025659 0.994783163 73.691574097
0.994648159 0.022632418 -0.100807339 -4.726223946 -0.023460580 0.999700129 -0.007037223 -1.753381729 0.100617811 0.009364577 0.994880438 74.183212280
0.994874358 0.024776665 -0.098032765 -4.776618004 -0.025544351 0.999652147 -0.006583385 -1.765406132 0.097835518 0.009053841 0.995160758 74.659561157
0.995337188 0.026330708 -0.092788607 -4.822455883 -0.027016234 0.999616265 -0.006139521 -1.779333472 0.092591316 0.008617710 0.995666265 75.121353149
0.996061862 0.027875010 -0.084160239 -4.860257626 -0.028496496 0.999574840 -0.006192143 -1.792777061 0.083951823 0.008566046 0.996432424 75.577751160
0.997058690 0.030664368 -0.070234559 -4.889467716 -0.031163588 0.999496341 -0.006022997 -1.805121183 0.070014477 0.008194058 0.997511744 76.021789551
0.998160124 0.033844095 -0.050301537 -4.907413006 -0.034167085 0.999400735 -0.005574902 -1.815719604 0.050082713 0.007283318 0.998717904 76.453063965
0.999054968 0.035664514 -0.024829995 -4.907922268 -0.035814904 0.999342680 -0.005638532 -1.827298999 0.024612587 0.006522504 0.999675214 76.871368408
0.999345779 0.035629004 0.006161710 -4.889344215 -0.035591211 0.999347687 -0.006138042 -1.839046240 -0.006376367 0.005914740 0.999961615 77.288108826
0.998519003 0.033813618 0.042611815 -4.848310471 -0.033528786 0.999410570 -0.007381525 -1.851055622 -0.042836268 0.005941887 0.999063849 77.698608398
0.995940685 0.031833407 0.084191218 -4.785081863 -0.031237859 0.999476910 -0.008381898 -1.864206433 -0.084413975 0.005717936 0.996413767 78.095207214
0.990992963 0.029760139 0.130563170 -4.703717232 -0.028736105 0.999539852 -0.009720588 -1.875471592 -0.130792320 0.005881174 0.991391778 78.485565186
0.983169734 0.026988279 0.180688202 -4.605550766 -0.025406193 0.999616027 -0.011064917 -1.890557528 -0.180917382 0.006288107 0.983477652 78.859596252
0.972168922 0.023188105 0.233128905 -4.477602005 -0.020757172 0.999701738 -0.012875672 -1.897182345 -0.233357832 0.007678248 0.972360075 79.228836060
0.957332730 0.019026445 0.288359493 -4.333109379 -0.015781691 0.999783456 -0.013573241 -1.915866017 -0.288555175 0.008443324 0.957425475 79.569313049
0.938271523 0.014684237 0.345586598 -4.163424015 -0.010913630 0.999857962 -0.012854025 -1.923982501 -0.345726132 0.008288978 0.938298225 79.913047791
0.915409625 0.011382424 0.402361542 -3.972689867 -0.007249691 0.999904275 -0.011792565 -1.936786056 -0.402457148 0.007878048 0.915404260 80.225509644
0.888187408 0.006009691 0.459441155 -3.775698900 -0.001596684 0.999948859 -0.009993024 -1.948919296 -0.459477574 0.008142113 0.888151348 80.512054443
0.857889652 0.002823068 0.513825297 -3.544603825 0.002045884 0.999958277 -0.008909779 -1.957913637 -0.513828933 0.008694852 0.857847869 80.802764893
0.823388815 0.003247716 0.567467570 -3.300939322 0.003050314 0.999943912 -0.010148782 -1.968692899 -0.567468643 0.010087364 0.823332548 81.076988220
0.784507394 0.006489873 0.620084882 -3.038441658 0.000575292 0.999937236 -0.011193249 -1.973656178 -0.620118499 0.009137932 0.784454286 81.346115112
0.741609097 0.009759681 0.670760632 -2.757161617 -0.003540492 0.999937177 -0.010634770 -1.977085471 -0.670822263 0.005512036 0.741596997 81.603439331
0.694544494 0.010777327 0.719368458 -2.454379559 -0.006007955 0.999939799 -0.009180088 -1.987703443 -0.719423950 0.002054063 0.694567382 81.844375610
0.643628359 0.008956973 0.765285194 -2.129639149 -0.003717117 0.999956310 -0.008577347 -1.995998025 -0.765328467 0.002675985 0.643633425 82.057373047
0.589537024 0.007815672 0.807703018 -1.788802743 -0.002450054 0.999965906 -0.007887782 -2.005257368 -0.807736993 0.002671239 0.589535952 82.247222900
0.531351507 0.010006024 0.847091794 -1.434878707 -0.006045891 0.999949574 -0.008019205 -2.008351088 -0.847129226 -0.000860392 0.531385124 82.424674988
0.471919715 0.010781488 0.881575108 -1.072054625 -0.006548661 0.999940574 -0.008723455 -2.015152454 -0.881616652 -0.001656350 0.471962094 82.578125000
0.415351689 0.010189019 0.909603357 -0.695736766 -0.004611417 0.999948084 -0.009095291 -2.023332357 -0.909648716 -0.000416801 0.415376961 82.702789307
0.362749606 0.009278132 0.931840003 -0.309027076 0.000666099 0.999947667 -0.010215541 -2.032154560 -0.931885898 0.004326397 0.362724334 82.803428650
0.313913286 0.009269873 0.949405968 0.083485544 0.004867412 0.999923587 -0.011372466 -2.039679527 -0.949438691 0.008191134 0.313844055 82.889923096
0.269780278 0.009750031 0.962872088 0.485992104 0.006972135 0.999902785 -0.012078452 -2.048290491 -0.962896168 0.009971818 0.269685984 82.968887329
0.230014786 0.010076492 0.973134518 0.892889857 0.007583880 0.999897540 -0.012146153 -2.055716038 -0.973157108 0.010173946 0.229914695 83.038070679
0.193987697 0.010536678 0.980946958 1.309944510 0.008866399 0.999882698 -0.012493430 -2.062937021 -0.980963409 0.011121054 0.193871424 83.095977783
0.162244409 0.011131127 0.986687422 1.733233213 0.011315697 0.999849677 -0.013140272 -2.072436571 -0.986685157 0.013297006 0.162093982 83.141593933
0.134501517 0.011854117 0.990842044 2.166560173 0.013576041 0.999812603 -0.013804290 -2.083894253 -0.990819752 0.015308426 0.134315312 83.179557800
0.109859258 0.012716374 0.993865371 2.607048273 0.014464218 0.999791861 -0.014391018 -2.095378637 -0.993841290 0.015956486 0.109652400 83.213615417
0.088141724 0.013286846 0.996018946 3.056716919 0.015650183 0.999769151 -0.014721802 -2.103206396 -0.995984435 0.016885495 0.087913394 83.239128113
0.069606431 0.014204381 0.997473061 3.523580551 0.017980069 0.999718368 -0.015491035 -2.112902403 -0.997411907 0.019012921 0.069331393 83.254150391
0.053734742 0.015982853 0.998426974 3.995521307 0.020645250 0.999640405 -0.017113375 -2.122914553 -0.998341262 0.021532364 0.053385414 83.265007019
0.040411007 0.017458774 0.999030232 4.477977276 0.022221155 0.999584377 -0.018367292 -2.135465145 -0.998935461 0.022941856 0.040006224 83.276153564
0.030406971 0.017910013 0.999376774 4.973999023 0.023032682 0.999561429 -0.018614097 -2.148324251 -0.999271631 0.023584336 0.029981088 83.288200378
0.023951672 0.017853297 0.999553323 5.483557224 0.023756040 0.999548078 -0.018422438 -2.161697149 -0.999430239 0.024186688 0.023516692 83.297225952
0.019801257 0.018176833 0.999638319 6.007515907 0.024899060 0.999515653 -0.018667795 -2.174054146 -0.999493301 0.025259709 0.019339049 83.306739807
0.017197676 0.018350348 0.999683321 6.542222977 0.024819424 0.999515653 -0.018774223 -2.187444210 -0.999543428 0.025134446 0.016733872 83.315444946
0.016339889 0.017356655 0.999715507 7.096735954 0.024134533 0.999551177 -0.017748253 -2.201789856 -0.999574602 0.024417680 0.015913634 83.330253601
0.017660063 0.016448855 0.999708414 7.668871880 0.023537887 0.999580741 -0.016862541 -2.217641354 -0.999566376 0.023828827 0.017265460 83.344825745
0.020052526 0.015784193 0.999674022 8.252039909 0.023140199 0.999600232 -0.016247185 -2.232927322 -0.999530554 0.023458464 0.019679232 83.363220215
0.022718716 0.015103824 0.999627531 8.849267960 0.023211982 0.999608397 -0.015631065 -2.246810198 -0.999471843 0.023558464 0.022359204 83.383201599
0.026213747 0.014984785 0.999543726 9.463906288 0.022268718 0.999630809 -0.015570091 -2.260024309 -0.999407709 0.022666721 0.025870349 83.405693054
0.029985026 0.014933886 0.999438405 10.095223427 0.022098441 0.999634147 -0.015599791 -2.274843931 -0.999305427 0.022553805 0.029644012 83.431671143
0.033962484 0.013403725 0.999332845 10.732835770 0.021986600 0.999658108 -0.014155290 -2.290408850 -0.999180615 0.022452693 0.033656143 83.459465027
0.038476244 0.012192480 0.999184728 11.381697655 0.022279017 0.999666572 -0.013056256 -2.304637671 -0.999010503 0.022763222 0.038191747 83.489135742
0.043239471 0.011156824 0.999002039 12.043296814 0.022807322 0.999666035 -0.012151386 -2.318617344 -0.998803735 0.023309994 0.042970542 83.523132324
0.047580302 0.009601871 0.998820901 12.709383011 0.023955125 0.999655247 -0.010751015 -2.331509113 -0.998579443 0.024438430 0.047333855 83.560432434
0.052288242 0.008864950 0.998592317 13.390096664 0.024751119 0.999641955 -0.010170269 -2.343310833 -0.998324573 0.025248075 0.052050069 83.598983765
0.057003923 0.007648739 0.998344302 14.071526527 0.024866005 0.999649644 -0.009078533 -2.355422974 -0.998063564 0.025342360 0.056793720 83.643630981
0.061542217 0.006474684 0.998083115 14.755399704 0.024331471 0.999672115 -0.007985263 -2.369521618 -0.997807145 0.024776276 0.061364464 83.691848755
0.066285945 0.006376889 0.997779906 15.444026947 0.024666354 0.999663591 -0.008027581 -2.382940292 -0.997494996 0.025143724 0.066106319 83.741500854
0.069492280 0.006201620 0.997562826 16.133615494 0.024982909 0.999656320 -0.007954977 -2.396486044 -0.997268796 0.025474845 0.069313437 83.793655396
0.070353359 0.006532097 0.997500360 16.830972672 0.023779841 0.999683440 -0.008223559 -2.410377264 -0.997237802 0.024298968 0.070175730 83.843162537
0.070045151 0.007350761 0.997516334 17.532499313 0.023450213 0.999684453 -0.009013383 -2.425261021 -0.997267246 0.024023326 0.069850646 83.897781372
0.069550775 0.007825856 0.997547328 18.235908508 0.023882208 0.999669611 -0.009507598 -2.442199945 -0.997291565 0.024484904 0.069340877 83.948394775
0.068837747 0.008539781 0.997590959 18.952693939 0.025390359 0.999624491 -0.010309209 -2.457453012 -0.997303784 0.026038865 0.068595052 84.000022888
0.068392709 0.008964837 0.997617841 19.676940918 0.026293688 0.999596119 -0.010785189 -2.470293283 -0.997310936 0.026968691 0.068129353 84.049842834
0.067761786 0.008235808 0.997667134 20.404953003 0.026545448 0.999597073 -0.010054698 -2.483328581 -0.997347295 0.027164858 0.067515843 84.101524353
0.067215741 0.007462152 0.997710168 21.135702133 0.026696403 0.999600589 -0.009274813 -2.500847340 -0.997380197 0.027258700 0.066989668 84.154060364
0.066772997 0.006972466 0.997743428 21.870964050 0.027483815 0.999583304 -0.008824636 -2.516962767 -0.997388542 0.028011058 0.066553533 84.202423096
0.066418104 0.007242363 0.997765183 22.602918625 0.027736163 0.999573827 -0.009101788 -2.533664465 -0.997405231 0.028278716 0.066188917 84.253700256
0.066498324 0.008394518 0.997750819 23.329580307 0.028130544 0.999551356 -0.010284504 -2.550732613 -0.997388840 0.028751191 0.066232346 84.303451538
0.066834122 0.010137921 0.997712195 24.055292130 0.028467488 0.999521971 -0.012063259 -2.569563389 -0.997356832 0.029208610 0.066513568 84.354095459
0.067310415 0.010573686 0.997675657 24.786954880 0.030261716 0.999462187 -0.012634282 -2.587060213 -0.997272015 0.031041807 0.066954240 84.401969910
0.067915030 0.010723410 0.997633040 25.518001556 0.032096580 0.999401212 -0.012927415 -2.605694056 -0.997173667 0.032898583 0.067530178 84.451164246
0.068100318 0.009211186 0.997635543 26.252178192 0.032738708 0.999398232 -0.011462249 -2.626476765 -0.997140110 0.033441890 0.067757778 84.504417419
0.068565354 0.006695031 0.997623742 26.989545822 0.032625102 0.999427557 -0.008949403 -2.647560120 -0.997111976 0.033161201 0.068307683 84.557312012
0.069060728 0.005430301 0.997597218 27.721040726 0.032491155 0.999442399 -0.007689598 -2.666438580 -0.997082174 0.032944143 0.068845779 84.611595154
0.069473587 0.005028867 0.997570634 28.456830978 0.032692678 0.999438584 -0.007315078 -2.685108662 -0.997046888 0.033121467 0.069270171 84.664726257
0.069735706 0.005940637 0.997547328 29.194299698 0.032017149 0.999453723 -0.008190203 -2.702494383 -0.997050583 0.032509781 0.069507398 84.719436646
0.068204224 0.007076850 0.997645795 29.921056747 0.030169684 0.999502778 -0.009152564 -2.717631578 -0.997214079 0.030722912 0.067956798 84.776885986
0.065806836 0.007636634 0.997802675 30.652385712 0.028050702 0.999561250 -0.009500072 -2.734392405 -0.997437000 0.028614243 0.065563738 84.830825806
0.063603222 0.007515861 0.997946441 31.389116287 0.026761742 0.999599040 -0.009233929 -2.751859903 -0.997615337 0.027294099 0.063376568 84.881591797
0.061477460 0.007380930 0.998080671 32.127639771 0.026237493 0.999614954 -0.009008380 -2.769978046 -0.997762501 0.026740951 0.061260119 84.931045532
0.059501193 0.007266671 0.998201251 32.859710693 0.026019599 0.999622226 -0.008827990 -2.789541483 -0.997888029 0.026498077 0.059289627 84.978988647
0.057532299 0.007470477 0.998315156 33.589611053 0.025681224 0.999629796 -0.008960295 -2.807751417 -0.998012185 0.026153466 0.057319138 85.025733948
0.056041848 0.007579184 0.998399138 34.317436218 0.024463657 0.999660313 -0.008961933 -2.824440718 -0.998127580 0.024926739 0.055837385 85.071952820
0.054876477 0.007074032 0.998467565 35.046508789 0.024107350 0.999673784 -0.008407523 -2.842322826 -0.998200953 0.024531785 0.054688025 85.117301941
0.053885452 0.006386394 0.998526156 35.777862549 0.025258290 0.999650598 -0.007756637 -2.860430002 -0.998226523 0.025639037 0.053705301 85.159744263
0.053894274 0.006098748 0.998527467 36.514591217 0.025677482 0.999641955 -0.007491454 -2.876060486 -0.998215377 0.026043421 0.053718358 85.201759338
0.053997461 0.005628018 0.998524606 37.250385284 0.026599392 0.999620855 -0.007072607 -2.893384933 -0.998185694 0.026942054 0.053827267 85.242874146
0.054322917 0.006248627 0.998503268 37.985061646 0.026618065 0.999615729 -0.007703715 -2.907630205 -0.998167574 0.026996715 0.054135695 85.284049988
0.054660991 0.006589015 0.998482645 38.720569611 0.026788257 0.999608397 -0.008062929 -2.923222542 -0.998144567 0.027188338 0.054463055 85.326591492
0.054889206 0.006853179 0.998468339 39.452754974 0.026494918 0.999614120 -0.008317546 -2.938061237 -0.998139858 0.026910882 0.054686431 85.373023987
0.055235792 0.006515484 0.998451471 40.182769775 0.026148712 0.999626100 -0.007969721 -2.954704285 -0.998129845 0.026548438 0.055044748 85.416923523
0.055690158 0.006297321 0.998427629 40.919258118 0.025974082 0.999632299 -0.007753686 -2.970707655 -0.998109162 0.026365049 0.055506099 85.461921692
0.055728730 0.005963858 0.998427510 41.652004242 0.025807654 0.999639213 -0.007411576 -2.986468315 -0.998111367 0.026180113 0.055554692 85.506019592
0.055761263 0.006529389 0.998422146 42.383327484 0.024769286 0.999661624 -0.007920831 -3.002026320 -0.998135865 0.025171880 0.055580642 85.551345825
0.055238139 0.006287162 0.998452783 43.115249634 0.023809312 0.999687314 -0.007612143 -3.016961813 -0.998188317 0.024192955 0.055071149 85.595481873
0.054417446 0.006726769 0.998494983 43.844497681 0.023038499 0.999702454 -0.007990477 -3.030592680 -0.998251438 0.023438649 0.054246254 85.640182495
0.053901937 0.006797707 0.998522460 44.573799133 0.023081603 0.999700963 -0.008051701 -3.046806097 -0.998278439 0.023481501 0.053728890 85.683082581
0.053209860 0.006494506 0.998561561 45.305114746 0.023440244 0.999694943 -0.007750914 -3.062174559 -0.998307228 0.023818953 0.053041372 85.725830078
0.052580290 0.006857405 0.998592436 46.046138763 0.023974538 0.999679267 -0.008127220 -3.081051111 -0.998327851 0.024368126 0.052398998 85.763458252
0.051968470 0.007130249 0.998622537 46.782409668 0.024460830 0.999665082 -0.008410626 -3.097815037 -0.998348117 0.024864225 0.051776633 85.802139282
0.051428188 0.007740147 0.998645961 47.514499664 0.023835711 0.999675274 -0.008975602 -3.115104675 -0.998391211 0.024265038 0.051226977 85.841308594
0.051138666 0.007959177 0.998659134 48.246814728 0.023417963 0.999683380 -0.009166499 -3.131994724 -0.998415947 0.023855327 0.050936073 85.882446289
0.051066488 0.007646508 0.998665273 48.990196228 0.023149075 0.999692559 -0.008838084 -3.148112297 -0.998425901 0.023569509 0.050873768 85.918167114
0.050594769 0.007393129 0.998691201 49.724639893 0.022720303 0.999704897 -0.008551656 -3.162488461 -0.998459756 0.023123236 0.050411850 85.962532043
0.050515581 0.007464907 0.998694658 50.460533142 0.021701161 0.999727368 -0.008570295 -3.178677797 -0.998486459 0.022105768 0.050339796 86.002319336
0.050067253 0.007482580 0.998717070 51.205516815 0.020488180 0.999753416 -0.008517438 -3.193607807 -0.998534620 0.020888347 0.049901582 86.042663574
0.049929578 0.007907081 0.998720706 51.953376770 0.019497691 0.999769986 -0.008890135 -3.208708525 -0.998561382 0.019916635 0.049763899 86.081634521
0.049723104 0.007952895 0.998730659 52.691581726 0.019088158 0.999777734 -0.008911550 -3.226069450 -0.998579562 0.019507047 0.049560219 86.121551514
0.049161926 0.008069460 0.998757482 53.428936005 0.019120803 0.999776125 -0.009018864 -3.243187189 -0.998606682 0.019540440 0.048996601 86.163345337
0.049089607 0.008031285 0.998761356 54.163101196 0.019015403 0.999778569 -0.008974069 -3.260314465 -0.998612285 0.019432394 0.048925992 86.202117920
0.048803903 0.007528845 0.998779297 54.900054932 0.018307075 0.999796510 -0.008431050 -3.276322842 -0.998639524 0.018696204 0.048656117 86.242660522
0.048540432 0.007118265 0.998795152 55.630516052 0.018013760 0.999805391 -0.008000904 -3.293402195 -0.998657763 0.018380433 0.048402730 86.283454895
0.048547756 0.006882138 0.998796463 56.359706879 0.019311380 0.999782562 -0.007827575 -3.310794830 -0.998633206 0.019668160 0.048404269 86.320640564
