1.000000000 0.000000000 0.000000000 0.000000000 0.000000000 1.000000000 0.000000000 0.000000000 0.000000000 0.000000000 1.000000000 0.000000000
0.999997854 0.001235326 0.001657901 -0.009687485 -0.001227504 0.999988139 -0.004710932 -0.001023446 -0.001663701 0.004708887 0.999987543 0.957066298
0.999996245 -0.001046189 0.002504938 -0.010418065 0.001059983 0.999984264 -0.005511971 -0.000228183 -0.002499132 0.005514606 0.999981701 1.920403838
0.999992847 -0.002729587 0.002598451 -0.011524857 0.002733350 0.999995232 -0.001445907 -0.001283317 -0.002594492 0.001453000 0.999995589 2.865750551
0.999985278 -0.005030943 0.001999008 -0.010125407 0.005022107 0.999977708 0.004401009 -0.003249074 -0.002021104 -0.004390905 0.999988317 3.820590019
0.999962747 -0.008601961 0.000630091 -0.008705212 0.008599156 0.999953687 0.004327517 0.001241373 -0.000667287 -0.004321937 0.999990404 4.744990826
0.999939501 -0.010995612 -0.000112013 -0.016214967 0.010995772 0.999938369 0.001520348 0.003043041 0.000095290 -0.001521487 0.999998808 5.656904697
0.999933004 -0.011545559 -0.000810513 -0.021160323 0.011543978 0.999931514 -0.001932890 0.002887374 0.000832774 0.001923404 0.999997795 6.577501297
0.999934673 -0.011312560 -0.001608131 -0.028589746 0.011308453 0.999932885 -0.002541352 0.002075841 0.001636772 0.002523002 0.999995470 7.502305508
0.999938846 -0.010753145 -0.002560870 -0.038523383 0.010751346 0.999942005 -0.000715883 0.001284075 0.002568419 0.000688307 0.999996424 8.425084114
0.999941349 -0.010349510 -0.003165833 -0.046931509 0.010356495 0.999943972 0.002197669 0.000741463 0.003142911 -0.002230326 0.999992549 9.349158287
0.999935627 -0.010587197 -0.004066646 -0.055381134 0.010602468 0.999936759 0.003752172 -0.000706540 0.004026664 -0.003795047 0.999984682 10.259687424
0.999917269 -0.012013237 -0.004588925 -0.064954229 0.012034223 0.999917150 0.004573375 0.001346786 0.004533604 -0.004628221 0.999979019 11.178968430
0.999911547 -0.012113936 -0.005482735 -0.071370125 0.012138690 0.999916196 0.004504194 0.004381931 0.005427712 -0.004570349 0.999974787 12.081995964
0.999902189 -0.012586675 -0.006090402 -0.083910108 0.012605707 0.999915779 0.003096802 0.007945914 0.006050910 -0.003173273 0.999976575 12.986737251
0.999886692 -0.012984038 -0.007607958 -0.091898836 0.012992501 0.999915123 0.001064104 0.012068853 0.007593496 -0.001162830 0.999970436 13.890482903
0.999856532 -0.014311020 -0.009052632 -0.103905737 0.014309639 0.999897718 -0.000217233 0.012619087 0.009054814 0.000087662 0.999958932 14.793715477
0.999844790 -0.013914806 -0.010799666 -0.116598926 0.013905794 0.999903083 -0.000908927 0.013756558 0.010811264 0.000758608 0.999941170 15.698302269
0.999844670 -0.012692849 -0.012222793 -0.136124417 0.012672218 0.999918282 -0.001763857 0.012338838 0.012244180 0.001608693 0.999923646 16.587522507
0.999842107 -0.011297273 -0.013709601 -0.159057409 0.011274165 0.999935091 -0.001761496 0.011325989 0.013728608 0.001606653 0.999904335 17.479473114
0.999819100 -0.011555483 -0.015100138 -0.177154213 0.011542818 0.999933124 -0.000925540 0.009545150 0.015109820 0.000751074 0.999885440 18.371204376
0.999809265 -0.010834673 -0.016243439 -0.201676846 0.010842204 0.999941289 0.000375665 0.008796427 0.016238412 -0.000551708 0.999867916 19.243955612
0.999791980 -0.010462333 -0.017503832 -0.224903837 0.010478873 0.999944866 0.000853571 0.010611592 0.017493935 -0.001036813 0.999846339 20.120504379
0.999750257 -0.011621975 -0.019085694 -0.244450316 0.011636086 0.999932230 0.000628504 0.010906882 0.019077096 -0.000850430 0.999817610 20.996421814
0.999719918 -0.011541418 -0.020658648 -0.266417056 0.011546846 0.999933422 0.000143589 0.011284158 0.020655615 -0.000382091 0.999786496 21.867233276
0.999696255 -0.011445758 -0.021826765 -0.289059192 0.011460584 0.999934256 0.000554417 0.010458302 0.021818986 -0.000804395 0.999761522 22.726800919
0.999669969 -0.011452947 -0.022995109 -0.311185002 0.011511385 0.999930978 0.002410747 0.012892714 0.022965910 -0.002674656 0.999732614 23.580642700
0.999634981 -0.012716659 -0.023838673 -0.333194047 0.012841325 0.999904752 0.005083893 0.016739158 0.023771752 -0.005388157 0.999702811 24.428245544
0.999621391 -0.012547364 -0.024490852 -0.357660651 0.012714665 0.999896944 0.006687523 0.019100845 0.024404418 -0.006996382 0.999677598 25.265285492
0.999610782 -0.012106729 -0.025138240 -0.383030087 0.012252061 0.999909163 0.005635403 0.019506088 0.025067732 -0.005941203 0.999668002 26.089704514
0.999607623 -0.010501349 -0.025972515 -0.411015004 0.010579753 0.999939919 0.002883219 0.025962599 0.025940679 -0.003156869 0.999658406 26.898628235
0.999592841 -0.010145466 -0.026673200 -0.438679218 0.010177355 0.999947727 0.001060188 0.031043269 0.026661050 -0.001331218 0.999643564 27.690053940
0.999575734 -0.009194694 -0.027638823 -0.466820955 0.009218191 0.999957323 0.000722963 0.031258620 0.027630996 -0.000977436 0.999617636 28.479301453
0.999540687 -0.009340717 -0.028833127 -0.494289935 0.009351252 0.999956310 0.000230624 0.029666381 0.028829712 -0.000500143 0.999584138 29.255430222
0.999482572 -0.008993431 -0.030884495 -0.521489024 0.008977835 0.999959528 -0.000643524 0.028528996 0.030889032 0.000365916 0.999522686 30.030372620
0.999419749 -0.008937806 -0.032870241 -0.550213516 0.008916550 0.999960005 -0.000793091 0.030674204 0.032876011 0.000499542 0.999459267 30.795162201
0.999356568 -0.008917837 -0.034744404 -0.582958281 0.008928211 0.999960184 0.000143527 0.034121469 0.034741741 -0.000453640 0.999396145 31.548488617
0.999273360 -0.009512197 -0.036911212 -0.611741066 0.009610256 0.999950826 0.002480195 0.033880845 0.036885802 -0.002833118 0.999315381 32.295402527
0.999204576 -0.008629445 -0.038934372 -0.645674229 0.008793432 0.999953210 0.004042727 0.031820182 0.038897656 -0.004381877 0.999233484 33.029087067
0.999136567 -0.007013721 -0.040952798 -0.676061034 0.007195340 0.999964952 0.004289276 0.033142768 0.040921267 -0.004580240 0.999151766 33.757690430
0.999067664 -0.004545476 -0.042933028 -0.712873876 0.004701379 0.999982774 0.003531156 0.033491012 0.042916227 -0.003729707 0.999071598 34.465137482
0.998989344 -0.002834616 -0.044859316 -0.747819901 0.002955975 0.999992192 0.002639336 0.038974270 0.044851474 -0.002769270 0.998989701 35.186046600
0.998920202 -0.002512241 -0.046393156 -0.784313083 0.002688570 0.999989450 0.003738864 0.043307610 0.046383265 -0.003859557 0.998916149 35.872211456
0.998864710 -0.001024725 -0.047628559 -0.818773568 0.001286462 0.999984324 0.005465147 0.049226075 0.047622200 -0.005520213 0.998850048 36.562274933
0.998860955 0.001845886 -0.047681868 -0.859351933 -0.001558955 0.999980509 0.006054180 0.050065607 0.047692101 -0.005972948 0.998844087 37.240699768
0.998905957 0.005100815 -0.046486340 -0.900350392 -0.004922557 0.999980092 0.003948407 0.051541559 0.046505537 -0.003715255 0.998911023 37.900115967
0.998972178 0.006852732 -0.044807974 -0.934499562 -0.006818305 0.999976397 0.000921221 0.050743401 0.044813208 -0.000614759 0.998995066 38.551708221
0.999067366 0.007657831 -0.042495195 -0.968975961 -0.007704271 0.999969900 -0.000929051 0.053733513 0.042486787 0.001255579 0.999096096 39.190750122
0.999190271 0.008974398 -0.039221119 -0.998516023 -0.008991574 0.999959528 -0.000261450 0.056592651 0.039217170 0.000613898 0.999230385 39.830375671
0.999252319 0.013764556 -0.036129083 -1.028391123 -0.013680263 0.999903083 0.002579367 0.054489814 0.036161069 -0.002083182 0.999343634 40.460163116
0.999315619 0.018087421 -0.032264583 -1.058926105 -0.017896920 0.999820709 0.006183557 0.051553424 0.032370627 -0.005601889 0.999460101 41.079223633
0.999342799 0.023036240 -0.027986001 -1.082700372 -0.022843249 0.999713182 0.007196466 0.052132048 0.028143737 -0.006552445 0.999582291 41.684051514
0.999388695 0.026681701 -0.022588545 -1.103784323 -0.026519692 0.999620616 0.007441968 0.054694436 0.022778522 -0.006838377 0.999716997 42.267833710
0.999391258 0.030632557 -0.016693456 -1.120213985 -0.030479589 0.999491751 0.009342555 0.059591081 0.016971143 -0.008828057 0.999816835 42.832912445
0.999316931 0.035533104 -0.010143106 -1.132705092 -0.035425663 0.999316275 0.010583751 0.060658637 0.010512232 -0.010217195 0.999892354 43.384143829
0.999241233 0.038818590 -0.003147508 -1.137331128 -0.038784482 0.999194920 0.010261029 0.062444162 0.003543281 -0.010131167 0.999942243 43.915637970
0.999097645 0.042262323 0.004175708 -1.140779495 -0.042303439 0.999051690 0.010300852 0.062301435 -0.003736421 -0.010468205 0.999938071 44.421062469
0.998839796 0.046725035 0.011646308 -1.139429808 -0.046840277 0.998854101 0.009825701 0.065798596 -0.011173868 -0.010359818 0.999883771 44.911655426
0.998510838 0.051047724 0.019235039 -1.136111498 -0.051191714 0.998663843 0.007068243 0.068172991 -0.018848531 -0.008042393 0.999789894 45.372383118
0.998218656 0.053085905 0.027226130 -1.125593662 -0.053212252 0.998575449 0.003936198 0.070452556 -0.026978400 -0.005377951 0.999621451 45.812698364
0.997947752 0.053591616 0.035044327 -1.110844731 -0.053756151 0.998546958 0.003768510 0.070269637 -0.034791455 -0.005644625 0.999378562 46.227893829
0.997672558 0.052919596 0.042997830 -1.089308977 -0.053186718 0.998571575 0.005091061 0.071536712 -0.042667001 -0.007366126 0.999062121 46.632240295
0.997213662 0.054491062 0.050944753 -1.068950534 -0.054857031 0.998477280 0.005811770 0.071814775 -0.050550494 -0.008590256 0.998684525 47.006778717
0.996555746 0.057554606 0.059697919 -1.048564553 -0.058016591 0.998297334 0.006032649 0.071294114 -0.059249077 -0.009475343 0.998198211 47.359272003
0.995717466 0.062227845 0.068367906 -1.026494861 -0.062755033 0.998013258 0.005588152 0.069266491 -0.067884356 -0.009854652 0.997644484 47.688697815
0.994828641 0.065905884 0.077279001 -1.003667951 -0.066537708 0.997767985 0.005626637 0.068370983 -0.076735705 -0.010739509 0.996993601 47.989215851
0.994099200 0.065212145 0.086682387 -0.975331664 -0.066011265 0.997798383 0.006381401 0.065129504 -0.086075418 -0.012065763 0.996215522 48.266578674
0.993194759 0.064039886 0.097276494 -0.940212548 -0.064798623 0.997887373 0.004657272 0.062297970 -0.096772753 -0.010928964 0.995246470 48.531955719
0.992058039 0.062697940 0.109039083 -0.901236176 -0.063097619 0.998007178 0.000215386 0.060108621 -0.108808309 -0.007093783 0.994037390 48.793304443
0.990467608 0.063676946 0.122142673 -0.857451797 -0.063694760 0.997962117 -0.003762916 0.057277165 -0.122133411 -0.004052802 0.992505312 49.051918030
0.988335311 0.065593831 0.137442529 -0.812340260 -0.065416612 0.997840941 -0.005811073 0.051714517 -0.137527004 -0.003247737 0.990492582 49.298778534
0.985857248 0.067139722 0.153549239 -0.763607025 -0.066840418 0.997738123 -0.007116727 0.049215797 -0.153679773 -0.003247219 0.988115251 49.549118042
0.983054340 0.067672215 0.170364916 -0.708812594 -0.067250244 0.997701883 -0.008253266 0.043809377 -0.170531929 -0.003343673 0.985346377 49.793022156
0.979821026 0.066844739 0.188366935 -0.649348855 -0.066262297 0.997757852 -0.009394929 0.040540166 -0.188572615 -0.003276276 0.982053697 50.032066345
0.975991130 0.065725915 0.207655966 -0.581609368 -0.065106466 0.997829854 -0.009823749 0.038437814 -0.207851022 -0.003931855 0.978152514 50.275604248
0.971486807 0.065897286 0.227750868 -0.509904742 -0.065064192 0.997818410 -0.011172400 0.036373027 -0.227990255 -0.003964589 0.973655283 50.516780853
0.966195464 0.067845576 0.248722196 -0.434604734 -0.066582926 0.997689486 -0.013495760 0.034444280 -0.249063164 -0.003521110 0.968480766 50.758148193
0.959985256 0.069162197 0.271374911 -0.351487577 -0.067435846 0.997600079 -0.015693359 0.031215567 -0.271809042 -0.003235007 0.962345660 50.997509003
0.952689707 0.070283771 0.295705765 -0.259923637 -0.068339966 0.997518539 -0.016917406 0.026400693 -0.296161026 -0.004091486 0.955129206 51.237121582
0.944145560 0.073075272 0.321323097 -0.161621988 -0.071106233 0.997308433 -0.017875867 0.020619635 -0.321764588 -0.005970661 0.946800768 51.480258942
0.934248745 0.075249456 0.348591805 -0.055875301 -0.073202595 0.997134864 -0.019060688 0.014265158 -0.349027425 -0.007710410 0.937080681 51.719696045
0.923066616 0.075961567 0.377064288 0.060145594 -0.073692255 0.997070968 -0.020463876 0.004392551 -0.377514422 -0.008897210 0.925960839 51.952163696
0.910430968 0.074114360 0.406966805 0.194326907 -0.071044847 0.997215331 -0.022671444 -0.004780930 -0.407513946 -0.008272122 0.913161397 52.180660248
0.895551920 0.071453147 0.439181983 0.337892950 -0.067063361 0.997422099 -0.025525190 -0.013023102 -0.439873755 -0.006593896 0.898035347 52.404327393
0.878240228 0.071001261 0.472919196 0.491084516 -0.064489074 0.997467458 -0.029993564 -0.020196427 -0.473851204 -0.004156576 0.880595028 52.624790192
0.858709395 0.072994329 0.507237315 0.650110483 -0.063975938 0.997329831 -0.035215583 -0.029860221 -0.508453548 -0.002211042 0.861086488 52.839900970
0.836881995 0.074996851 0.542221129 0.822733700 -0.063574262 0.997183025 -0.039801840 -0.040356107 -0.543678820 -0.001161878 0.839292467 53.058902740
0.812311947 0.077864170 0.578001976 1.011325121 -0.064600937 0.996961892 -0.043514498 -0.052235581 -0.579634309 -0.001992142 0.814874172 53.279483795
0.784943223 0.081775866 0.614147067 1.221195936 -0.067425579 0.996638656 -0.046529092 -0.065710932 -0.615887821 -0.004886550 0.787818611 53.510204315
0.755064785 0.086056173 0.649977863 1.448567629 -0.071017846 0.996250808 -0.049402345 -0.081801869 -0.651792586 -0.008858082 0.758345485 53.739845276
0.722180128 0.087205522 0.686185718 1.699375510 -0.070784219 0.996130109 -0.052098230 -0.099051714 -0.688073754 -0.010946846 0.725558162 53.962467194
0.685781956 0.084889010 0.722839415 1.983367920 -0.067227535 0.996316969 -0.053224672 -0.118688583 -0.724695504 -0.012094223 0.688962996 54.185710907
0.646803081 0.083725676 0.758047223 2.293463707 -0.064422444 0.996401250 -0.055083241 -0.137554869 -0.759931266 -0.013207274 0.649869144 54.405021667
0.604498744 0.083438016 0.792224288 2.626267910 -0.062325429 0.996404707 -0.057385728 -0.153530493 -0.794164240 -0.014686144 0.607525587 54.620986938
0.558688879 0.083215766 0.825192034 2.980360746 -0.058536157 0.996428788 -0.060852587 -0.173511922 -0.827309012 -0.014305931 0.561564684 54.822521210
0.510766864 0.082178198 0.855782688 3.359705687 -0.055376329 0.996498644 -0.062639803 -0.197584271 -0.857933939 -0.015395793 0.513529062 55.010101318
0.462315500 0.080134884 0.883087099 3.761369228 -0.053568553 0.996612906 -0.062392361 -0.224695697 -0.885095894 -0.018460771 0.465042174 55.186523438
0.412751436 0.077845827 0.907510996 4.187400818 -0.053386599 0.996695697 -0.061214905 -0.251577675 -0.909277797 -0.023182418 0.415543377 55.351848602
0.362642348 0.077408843 0.928707898 4.629773617 -0.056248598 0.996545374 -0.061099183 -0.274799556 -0.930229306 -0.030081404 0.365743548 55.504943848
0.313497722 0.077721782 0.946402907 5.087903976 -0.053828925 0.996496677 -0.064004704 -0.297519088 -0.948062003 -0.030878559 0.316582978 55.633060455
0.266557455 0.074587464 0.960928559 5.571257114 -0.042610340 0.996938169 -0.065562591 -0.328406394 -0.962876558 -0.023469331 0.268919349 55.728122711
0.222468346 0.069092870 0.972488463 6.075249195 -0.029503793 0.997505784 -0.064120919 -0.357773989 -0.974493265 -0.014427258 0.223951846 55.804847717
0.180430487 0.068301566 0.981213272 6.590214729 -0.020197686 0.997632861 -0.065730445 -0.383794874 -0.983380258 -0.007958494 0.181382820 55.862667084
0.142111197 0.070089370 0.987365961 7.106225014 -0.016373994 0.997519791 -0.068453416 -0.404333562 -0.989715159 -0.006439160 0.142906278 55.915771484
0.109554984 0.070890427 0.991449416 7.651171684 -0.007558974 0.997483969 -0.070486605 -0.439845443 -0.993951857 0.000227788 0.109815113 55.950675964
0.080719121 0.069299109 0.994324803 8.204764366 -0.000091257 0.997580528 -0.069518574 -0.478436202 -0.996736705 0.005520709 0.080530055 55.975730896
0.055869296 0.067539863 0.996150970 8.773221016 0.007122919 0.997656941 -0.068041429 -0.515209079 -0.998412490 0.010896902 0.055257216 55.991363525
0.035969235 0.066747025 0.997121274 9.348249435 0.011952867 0.997666776 -0.067214683 -0.543965936 -0.999281287 0.014336091 0.035087395 55.997943878
0.020094324 0.068569288 0.997443855 9.932829857 0.014648093 0.997517943 -0.068869449 -0.576537430 -0.999690711 0.015994506 0.019039940 55.999252319
0.006695357 0.068226941 0.997647285 10.518114090 0.015244518 0.997546613 -0.068322338 -0.614172280 -0.999861300 0.015666064 0.005638742 55.995460510
-0.004782531 0.069173969 0.997593105 11.108625412 0.016173324 0.997479200 -0.069088511 -0.649966121 -0.999857664 0.015803946 -0.005889354 55.985725403
-0.013860349 0.072089851 0.997301817 11.725282669 0.020870209 0.997201025 -0.071792491 -0.685922086 -0.999686003 0.019818796 -0.015326190 55.970661163
-0.020399943 0.074183941 0.997035861 12.350992203 0.025131116 0.996966183 -0.073664539 -0.720193982 -0.999475956 0.023553837 -0.022202484 55.952514648
-0.025016386 0.073603600 0.996973753 12.989663124 0.025551051 0.997006953 -0.072964899 -0.757763505 -0.999360442 0.023648376 -0.026822267 55.937847137
-0.028690424 0.070862450 0.997073352 13.642240524 0.023188233 0.997262537 -0.070208639 -0.798032463 -0.999319375 0.021106021 -0.030255169 55.924282074
-0.031183381 0.064107187 0.997455597 14.314105034 0.021103278 0.997760475 -0.063467011 -0.836686254 -0.999290884 0.019070435 -0.032466527 55.907489777
-0.032466132 0.058471233 0.997760952 14.991309166 0.022179183 0.998083353 -0.057768416 -0.872332931 -0.999226689 0.020253977 -0.033700857 55.888294220
-0.033006683 0.055953082 0.997887552 15.678177834 0.024650093 0.998173296 -0.055153742 -0.910391271 -0.999151051 0.022777554 -0.034325741 55.862464905
-0.032686010 0.058135696 0.997773290 16.370288849 0.027851328 0.997971892 -0.057234865 -0.951652884 -0.999077439 0.025918510 -0.034238983 55.835300446
-0.031904083 0.065580301 0.997336984 17.063936234 0.028622698 0.997495592 -0.064675078 -0.989526570 -0.999080956 0.026483053 -0.033701371 55.816928864
-0.029715044 0.073605455 0.996844530 17.772201538 0.029227223 0.996922374 -0.072739929 -1.026764989 -0.999130964 0.026973503 -0.031774979 55.795150757
-0.027596852 0.074427329 0.996844411 18.483976364 0.029899538 0.996839404 -0.073599175 -1.065106630 -0.999171853 0.027774055 -0.029735073 55.778163910
-0.025428599 0.070190825 0.997209311 19.214742661 0.029188169 0.997158647 -0.069442928 -1.108435988 -0.999250412 0.027340850 -0.027405187 55.765602112
-0.022978090 0.063717544 0.997703254 19.949470520 0.028557414 0.997601330 -0.063053295 -1.157909632 -0.999328017 0.027042953 -0.024742680 55.752613068
-0.020156188 0.062112622 0.997865438 20.687200546 0.026638955 0.997747183 -0.061567139 -1.204239488 -0.999441862 0.025341107 -0.021765493 55.746520996
-0.016684653 0.067441091 0.997583628 21.413888931 0.034285232 0.997174323 -0.066839963 -1.248929620 -0.999272764 0.033087160 -0.018949838 55.727069855
-0.013416294 0.073094562 0.997234643 22.147197723 0.035937738 0.996715307 -0.072572976 -1.293170214 -0.999263883 0.034864672 -0.015999174 55.716114044
-0.010944521 0.073745877 0.997216880 22.878143311 0.029927721 0.996854007 -0.073390551 -1.337615013 -0.999492049 0.029041177 -0.013117232 55.722225189
-0.007912988 0.070190482 0.997502148 23.611719131 0.025186012 0.997230828 -0.069971569 -1.387483478 -0.999651313 0.024569388 -0.009658990 55.731204987
-0.003123224 0.066460527 0.997784138 24.342227936 0.029182104 0.997369945 -0.066341564 -1.441438556 -0.999569118 0.028910212 -0.005054564 55.726642609
0.000447107 0.067504205 0.997718871 25.073934555 0.033775818 0.997148573 -0.067480713 -1.492030263 -0.999429226 0.033728909 -0.001834273 55.723869324
0.003035029 0.072183862 0.997386754 25.804521561 0.033319157 0.996830106 -0.072244920 -1.539554000 -0.999440014 0.033451315 0.000620208 55.731670380
0.006992592 0.073051766 0.997303665 26.527557373 0.029643804 0.996874392 -0.073228128 -1.583451629 -0.999535918 0.030075893 0.004805108 55.745239258
0.010472443 0.072625883 0.997304320 27.271265030 0.028746784 0.996924698 -0.072900064 -1.635223150 -0.999531746 0.029432695 0.008352382 55.762145996
0.014045699 0.069526635 0.997481227 28.012821198 0.032657403 0.997015357 -0.069953978 -1.686485291 -0.999367714 0.033557661 0.011733124 55.771514893
0.017721012 0.069952406 0.997392893 28.749942780 0.037047245 0.996818423 -0.070570312 -1.738628149 -0.999156177 0.038201202 0.015072994 55.780582428
0.021286767 0.070879810 0.997257650 29.485712051 0.039857708 0.996630311 -0.071685970 -1.788265347 -0.998978376 0.041274339 0.018389838 55.793067932
0.023982465 0.070886999 0.997195959 30.226572037 0.040296014 0.996603489 -0.071813971 -1.836515546 -0.998899698 0.041905269 0.021044454 55.813907623
0.027450897 0.069371566 0.997213066 30.980550766 0.041618466 0.996644497 -0.070477642 -1.887541294 -0.998756111 0.043437127 0.024471557 55.837539673
0.031205453 0.068447582 0.997166455 31.733186722 0.043567158 0.996610761 -0.069772810 -1.940081954 -0.998562753 0.045620978 0.028117534 55.858188629
0.033974923 0.068908341 0.997044206 32.468414307 0.041768707 0.996650398 -0.070304401 -1.986153007 -0.998549223 0.044033807 0.030982818 55.894145966
0.037063446 0.070591137 0.996816397 33.206024170 0.038907342 0.996643305 -0.072025508 -2.035489559 -0.998554945 0.041452967 0.034192435 55.927680969
0.039697438 0.070622444 0.996712744 33.960006714 0.040525947 0.996564329 -0.072225980 -2.085160017 -0.998389304 0.043259893 0.036698919 55.958999634
0.042412896 0.070582256 0.996603727 34.713035583 0.038287964 0.996653616 -0.072215199 -2.132628202 -0.998365998 0.041220766 0.039568424 55.997058868
0.044634011 0.070921570 0.996482670 35.469390869 0.036597781 0.996690929 -0.072575636 -2.182791471 -0.998332620 0.039708380 0.041890655 56.038494110
0.047325939 0.071088143 0.996346533 36.223701477 0.033584684 0.996786833 -0.072714776 -2.234672070 -0.998314559 0.036903262 0.044786312 56.082641602
0.050610747 0.072953045 0.996050239 36.983936310 0.032261636 0.996688306 -0.074639000 -2.286125898 -0.998197079 0.035911728 0.048089471 56.125907898
0.053920478 0.076544821 0.995606899 37.737415314 0.031167377 0.996442437 -0.078296989 -2.338648796 -0.998058558 0.035252251 0.051342867 56.171085358
0.057329923 0.078708977 0.995247602 38.501426697 0.031116527 0.996261835 -0.080581568 -2.394587994 -0.997870088 0.035588369 0.054666385 56.218318939
0.060039770 0.081046216 0.994900227 39.268302917 0.024933515 0.996265292 -0.082662053 -2.450274229 -0.997884393 0.029769350 0.057794694 56.276561737
0.062557913 0.080365062 0.994800329 40.037288666 0.021050928 0.996424317 -0.081820011 -2.505969763 -0.997819126 0.026059939 0.060642399 56.337326050
0.066369087 0.080842666 0.994514704 40.804477692 0.023119651 0.996319652 -0.082532272 -2.566001654 -0.997527122 0.028470401 0.064255714 56.391616821
0.070150502 0.081961557 0.994163513 41.584739685 0.022143723 0.996244788 -0.083695643 -2.630570650 -0.997290492 0.027885750 0.068072081 56.449230194
0.073818952 0.083025642 0.993809521 42.367233276 0.018053344 0.996253371 -0.084570773 -2.688166618 -0.997108102 0.024184486 0.072043441 56.518703461
0.077983245 0.081222527 0.993640482 43.161739349 0.016966341 0.996422768 -0.082781509 -2.747458458 -0.996810138 0.023313988 0.076326184 56.584014893
0.082915626 0.080977529 0.993261099 43.955364227 0.017531920 0.996419847 -0.082698591 -2.813070059 -0.996402204 0.024270754 0.081199042 56.651981354
0.088024750 0.084708959 0.992509961 44.755050659 0.013965875 0.996174216 -0.086260319 -2.874809980 -0.996020257 0.021454286 0.086504921 56.726837158
0.094142154 0.093290836 0.991178095 45.545341492 0.012349503 0.995413303 -0.094862401 -2.939180136 -0.995482028 0.021171078 0.092558220 56.808898926
0.101420827 0.097930647 0.990011811 46.335693359 0.010867463 0.994974256 -0.099534817 -3.010294199 -0.994784117 0.020853791 0.099846825 56.896957397
0.108897470 0.100887522 0.988920093 47.137290955 0.006749741 0.994737983 -0.102224290 -3.084448576 -0.994029939 0.017806891 0.107643463 56.990173340
0.115855873 0.099386580 0.988281131 47.945793152 0.003124480 0.994939506 -0.100422427 -3.155762434 -0.993261039 0.014722363 0.114959031 57.098499298
0.123421401 0.097704001 0.987532794 48.743892670 0.003046778 0.995098889 -0.098833315 -3.229067326 -0.992349565 0.015206912 0.122518800 57.201858521
0.130484655 0.094252400 0.986960113 49.555736542 0.002816247 0.995431304 -0.095433682 -3.302025318 -0.991446197 0.015232128 0.129623055 57.327167511
0.138255507 0.088727802 0.986414135 50.354282379 0.001323019 0.995960951 -0.089771956 -3.368985415 -0.990395606 0.013716485 0.137579694 57.446067810
0.145328894 0.081609033 0.986011922 51.163711548 -0.000892701 0.996602178 -0.082353972 -3.430739880 -0.989382923 0.011088167 0.144907936 57.580383301
0.152837873 0.078770816 0.985107005 51.976417542 -0.000559910 0.996824503 -0.079620890 -3.499301910 -0.988251030 0.011617487 0.152396649 57.720306396
0.160172090 0.080743939 0.983781099 52.763633728 -0.000561451 0.996655524 -0.081709169 -3.559048891 -0.987088799 0.012535157 0.159681737 57.849662781
0.166041493 0.087431841 0.982235074 53.539363861 0.000199841 0.996058166 -0.088696033 -3.617816448 -0.986118555 0.014923486 0.165369511 57.985523224
0.171075791 0.090969525 0.981049180 54.315986633 -0.001207028 0.995746434 -0.092121847 -3.683054924 -0.985256910 0.014575636 0.170457914 58.128543854
0.176022321 0.093850605 0.979902029 55.083534241 -0.002941533 0.995489955 -0.094815120 -3.758623123 -0.984381497 0.013807135 0.175504521 58.273708344
0.181391895 0.093362696 0.978968918 55.846557617 -0.005015443 0.995557487 -0.094015382 -3.825231552 -0.983397782 0.012143638 0.181054324 58.419128418
0.186731055 0.090315536 0.978250682 56.601982117 -0.001049643 0.995782375 -0.091733731 -3.895151377 -0.982410192 0.016102698 0.186038315 58.562267303
0.191281050 0.083637357 0.977965355 57.359596252 -0.000110867 0.996364176 -0.085189134 -3.960016251 -0.981535017 0.016186619 0.190594882 58.714157104
0.194594920 0.077288546 0.977833927 58.102146149 -0.001766610 0.996916175 -0.078445219 -4.025939465 -0.980881810 0.013537567 0.194131404 58.871047974
0.197773874 0.074034691 0.977447808 58.843685150 -0.005318800 0.997209489 -0.074455276 -4.085830212 -0.980232954 0.009526435 0.197615802 59.031730652
0.200972617 0.074156128 0.976785898 59.565368652 -0.006653050 0.997210264 -0.074337818 -4.137919903 -0.979574025 0.008441236 0.200905353 59.187812805
0.202880219 0.076233111 0.976231456 60.277572632 -0.008459144 0.997063518 -0.076101862 -4.191628933 -0.979166806 0.007181452 0.202929348 59.350822449
0.204183236 0.080623619 0.975606859 60.971923828 -0.012441596 0.996735334 -0.079765752 -4.246099472 -0.978853405 0.004148692 0.204519749 59.512218475
0.206112385 0.084760480 0.974850297 61.658443451 -0.013568906 0.996392488 -0.083764620 -4.302011013 -0.978434026 0.004037243 0.206518978 59.667926788
0.208175778 0.090003692 0.973941445 62.334163666 -0.014209957 0.995929718 -0.088998333 -4.357142925 -0.977987945 0.004687599 0.208607435 59.818386078
0.209669530 0.092068858 0.973427892 63.008815765 -0.013556875 0.995734215 -0.091258571 -4.413556099 -0.977678120 0.005937469 0.210023329 59.971130371
0.211083129 0.092011996 0.973127723 63.673469543 -0.015929250 0.995750546 -0.090695783 -4.471661568 -0.977338076 0.003643124 0.211651847 60.124519348
0.211664438 0.088891298 0.973291457 64.329788208 -0.015852883 0.996035814 -0.087520957 -4.532997608 -0.977213562 0.003095566 0.212234557 60.269802094
0.212358385 0.086270928 0.973376095 64.972953796 -0.015803458 0.996267498 -0.084851995 -4.593225479 -0.977063775 0.002636292 0.212929145 60.414390564
0.212319121 0.084960207 0.973499954 65.611679077 -0.014608275 0.996377230 -0.083770700 -4.646016121 -0.977090836 0.003564935 0.212791055 60.552215576
0.210826680 0.084383167 0.973874450 66.238510132 -0.015177178 0.996428907 -0.083051831 -4.701374054 -0.977405369 0.002728844 0.211354494 60.687465668
0.209247172 0.085127488 0.974150360 66.852416992 -0.016264694 0.996367991 -0.083575346 -4.754771233 -0.977727234 0.001643615 0.209871754 60.823181152
0.207130164 0.087936804 0.974353254 67.453857422 -0.017002914 0.996124446 -0.086287163 -4.808847427 -0.978165329 0.001305797 0.207822636 60.952621460
0.205135822 0.091740429 0.974424422 68.044860840 -0.015098124 0.995774686 -0.090572059 -4.863700390 -0.978616655 0.003867563 0.205654204 61.075469971
0.203559518 0.092206545 0.974710941 68.631805420 -0.012872665 0.995720565 -0.091505691 -4.914621353 -0.978977561 0.006079697 0.203875378 61.193088531
0.201343313 0.091194443 0.975266278 69.212661743 -0.013500860 0.995819688 -0.090329073 -4.960903645 -0.979427338 0.005020190 0.201732859 61.315349579
0.198842496 0.088256299 0.976049364 69.795585632 -0.013683052 0.996088922 -0.087280773 -5.012156487 -0.979935586 0.003999761 0.199272469 61.437259674
0.196700186 0.084303923 0.976832449 70.363952637 -0.013476967 0.996434093 -0.083281800 -5.068408012 -0.980370760 0.003216775 0.197134957 61.553596497
0.194964245 0.083220407 0.977273285 70.925354004 -0.009752574 0.996508241 -0.082912751 -5.119704723 -0.980761588 0.006634062 0.195095107 61.663055420
0.193260819 0.084620573 0.977491379 71.473396301 -0.006023515 0.996356606 -0.085062802 -5.165199757 -0.981128633 0.010551345 0.193066403 61.767154694
0.190867007 0.086648338 0.977784038 72.019561768 -0.001803883 0.996125042 -0.087921537 -5.209051609 -0.981613994 0.015017487 0.190283686 61.868415833
0.189352721 0.088529751 0.977909923 72.562690735 -0.002237354 0.995962858 -0.089730851 -5.252690315 -0.981906295 0.014802823 0.188786313 61.971897125
0.188161001 0.091212809 0.977893412 73.098373413 -0.002528857 0.995719075 -0.092388906 -5.297223091 -0.982134640 0.014911009 0.187586129 62.076183319
0.186819598 0.089581460 0.978301346 73.641220093 -0.000835006 0.995847166 -0.091028646 -5.346982002 -0.982393622 0.016189020 0.186118543 62.181495667
0.187616885 0.088098146 0.978283465 74.184501648 0.005161284 0.995866716 -0.090671428 -5.391594410 -0.982228458 0.022060664 0.186386675 62.277194977
0.190013871 0.086248949 0.977985561 74.735603333 0.010268664 0.995903850 -0.089824297 -5.434129715 -0.981727421 0.027110441 0.188349858 62.375946045
0.192046210 0.085601993 0.977645338 75.282638550 0.013125044 0.995874643 -0.089776404 -5.480283737 -0.981297791 0.030072832 0.190130398 62.484558105
0.195345685 0.085326351 0.977015555 75.830299377 0.010536196 0.995967209 -0.089088105 -5.530092239 -0.980677545 0.027696980 0.193658859 62.600597382
0.200837553 0.086080484 0.975835204 76.381881714 0.009539635 0.995912015 -0.089814872 -5.574692249 -0.979577780 0.027347287 0.199195340 62.722034454
0.207454100 0.084932424 0.974550784 76.946815491 0.010870973 0.995961428 -0.089112498 -5.618970394 -0.978184044 0.029081045 0.205692992 62.845180511
0.215238333 0.085325785 0.972826779 77.508644104 0.009000250 0.995959163 -0.089346021 -5.661953449 -0.976519763 0.027986350 0.213600636 62.972320557
0.223681197 0.083164759 0.971107841 78.079574585 0.009506123 0.996118665 -0.087496288 -5.709096432 -0.974615693 0.028802721 0.222022459 63.110603333
0.232545167 0.082796723 0.969054937 78.656852722 0.006033467 0.996226966 -0.086566202 -5.760177612 -0.972566605 0.025977286 0.231168240 63.262538910
0.242099673 0.082493745 0.966738045 79.232673645 0.005078255 0.996256709 -0.086284406 -5.806972980 -0.970237792 0.025798742 0.240774557 63.420341492
0.251702994 0.086388648 0.963941097 79.814247131 -0.000171830 0.996011198 -0.089217938 -5.852488041 -0.967804193 0.022290759 0.250713915 63.586540222
0.261171281 0.088615470 0.961216211 80.404701233 -0.003505695 0.995856881 -0.090856522 -5.898200989 -0.965285838 0.020359352 0.260399967 63.759654999
0.272014439 0.091439359 0.957938790 80.997779846 -0.007859483 0.995652139 -0.092807516 -5.948142529 -0.962260783 0.017716045 0.271550506 63.937732697
0.282344937 0.093128599 0.954781711 81.608024597 -0.009132368 0.995491624 -0.094398841 -6.002514839 -0.959269166 0.017933581 0.281922638 64.125801086
0.292260170 0.093861617 0.951721489 82.225616455 -0.012358127 0.995458543 -0.094380133 -6.058368206 -0.956258655 0.015822021 0.292093009 64.324890137
0.302658379 0.094163589 0.948436022 82.852752686 -0.013109079 0.995423734 -0.094645433 -6.112652779 -0.953008652 0.016212078 0.302507937 64.535713196
0.312788546 0.095101863 0.945049584 83.490913391 -0.017262632 0.995378613 -0.094453081 -6.164927483 -0.949665606 0.013229758 0.312984943 64.760292053
0.323357284 0.090034731 0.941983879 84.145507812 -0.016504433 0.995847523 -0.089517526 -6.219703197 -0.946132720 0.013399195 0.323500693 64.992317200
0.334122717 0.082971044 0.938870370 84.800415039 -0.012774137 0.996424019 -0.083511241 -6.271070480 -0.942442775 0.015909709 0.333987921 65.232009888
0.345101982 0.078665555 0.935262620 85.455596924 -0.011112409 0.996753097 -0.079737224 -6.321034431 -0.938499153 0.017124420 0.344855785 65.481254578
0.355446577 0.075417139 0.931648970 86.134376526 -0.011862138 0.997022390 -0.076183453 -6.374992847 -0.934621036 0.016027765 0.355282933 65.746124268
0.364996731 0.072915480 0.928148985 86.822471619 -0.005747561 0.997084975 -0.076070875 -6.421541691 -0.930990756 0.022430997 0.364351988 66.013305664
0.373831868 0.067500569 0.925036848 87.511421204 0.000670775 0.997327387 -0.073046766 -6.467063427 -0.927495956 0.027927672 0.372787625 66.280418396
0.381016642 0.058097694 0.922740877 88.216476440 0.009895246 0.997709453 -0.066903822 -6.514635086 -0.924515009 0.034622200 0.379569143 66.559158325
0.388069302 0.053666960 0.920066178 88.944931030 0.015351252 0.997787416 -0.064675331 -6.564557552 -0.921502113 0.039222665 0.386386901 66.860839844
0.395156711 0.053906944 0.917030513 89.635070801 0.016773354 0.997685969 -0.065876022 -6.622386456 -0.918460369 0.041413017 0.393338144 67.173439026
0.402530015 0.060135454 0.913429260 90.347679138 0.019004717 0.997074962 -0.074017271 -6.670180798 -0.915209353 0.047153626 0.400209785 67.486534119
0.409855306 0.064339936 0.909878433 91.042816162 0.022766329 0.996475995 -0.080718614 -6.715331078 -0.911866248 0.053797532 0.406946272 67.788475037
0.415267467 0.066333741 0.907277584 91.739746094 0.021237208 0.996358275 -0.082567155 -6.768985748 -0.909451365 0.053555477 0.412346482 68.105415344
0.419812590 0.067864046 0.905070007 92.420364380 0.014436903 0.996574223 -0.081421755 -6.828099251 -0.907495975 0.047248263 0.417394727 68.430679321
0.423547029 0.071481332 0.903049409 93.113380432 0.007681110 0.996561646 -0.082485966 -6.898429394 -0.905841529 0.041873079 0.421541750 68.782707214
0.427523434 0.074532591 0.900926471 93.798980713 0.006928714 0.996295035 -0.085710295 -6.960276127 -0.903977692 0.042885393 0.425423115 69.117515564
0.431424290 0.078764796 0.898704112 94.471351624 0.003646291 0.996020019 -0.089044265 -7.023817539 -0.902141809 0.041692764 0.429420084 69.455245972
0.434706002 0.081868052 0.896843553 95.129089355 0.000436867 0.995839119 -0.091116630 -7.087642193 -0.900572360 0.040000707 0.432861537 69.789886475
0.438599467 0.080305234 0.895087540 95.781692505 -0.000719182 0.996029556 -0.089009166 -7.154441833 -0.898682475 0.038395599 0.436915815 70.120361328
0.442471623 0.077293471 0.893445432 96.429283142 0.000052222 0.996275544 -0.086215377 -7.218797207 -0.896782637 0.038194474 0.440819621 70.450935364
0.445857406 0.074636899 0.891986907 97.060272217 -0.000333553 0.996530294 -0.083217874 -7.280100346 -0.895104110 0.036805738 0.444335312 70.773284912
0.449468613 0.073560156 0.890262306 97.684822083 -0.001238789 0.996653080 -0.081725568 -7.342298508 -0.893295467 0.035630189 0.448055387 71.098106384
0.452786535 0.075231805 0.888439417 98.298538208 -0.003169247 0.996562421 -0.082772359 -7.400096416 -0.891613543 0.034662481 0.451468438 71.422248840
0.455483228 0.075796805 0.887011766 98.896881104 -0.002489777 0.996472359 -0.083871938 -7.457675457 -0.890241146 0.035993759 0.454065144 71.734924316
0.457682669 0.073995456 0.886031151 99.498565674 -0.000460061 0.996549428 -0.082987592 -7.510571480 -0.889115691 0.037574314 0.456137419 72.044776917
0.459407777 0.072768524 0.885239601 100.085891724 0.001298995 0.996581316 -0.082595192 -7.569032669 -0.888224661 0.039094757 0.457742631 72.347877502
0.461241603 0.072780751 0.884284496 100.667472839 -0.000221193 0.996638477 -0.081912652 -7.625844955 -0.887274683 0.037585888 0.459707201 72.657234192
0.463230491 0.072204761 0.883291483 101.238769531 0.001302686 0.996617913 -0.082151838 -7.676118374 -0.886236966 0.039205853 0.461569726 72.956809998
0.465969890 0.074069828 0.881694674 101.795608521 0.000743906 0.996455610 -0.084103882 -7.724632263 -0.884800315 0.039845739 0.464263260 73.252609253
0.468756735 0.074004278 0.880221725 102.349716187 0.003667908 0.996311545 -0.085717820 -7.778514385 -0.883319795 0.043409344 0.466756374 73.548385620
0.471904635 0.073410146 0.878587961 102.890724182 0.005388108 0.996267557 -0.086136885 -7.828338623 -0.881633222 0.045382295 0.469747841 73.834091187
0.475227416 0.071541004 0.876949668 103.426795959 0.008539740 0.996265769 -0.085902520 -7.879914761 -0.879821658 0.048312135 0.472841978 74.119537354
0.478621602 0.070651531 0.875174105 103.947692871 0.009788390 0.996264815 -0.085780174 -7.929710388 -0.877966762 0.049622774 0.476142436 74.401870728
0.481748700 0.070290767 0.873485804 104.462409973 0.010626027 0.996234834 -0.086029105 -7.980612278 -0.876245022 0.050726078 0.479188025 74.687324524
0.485385746 0.069442101 0.871537983 104.967460632 0.011251650 0.996260941 -0.085646138 -8.031145096 -0.874227762 0.051377643 0.482789665 74.967124939
0.488743514 0.068918407 0.869701087 105.476165771 0.012906941 0.996193469 -0.086195432 -8.079024315 -0.872332156 0.053352632 0.485993713 75.256240845
0.492694706 0.070213459 0.867364943 105.973594666 0.012438921 0.996068299 -0.087697811 -8.126919746 -0.870113432 0.053997327 0.489884347 75.545455933
0.496848017 0.070374452 0.864979386 106.471099854 0.014396613 0.995899975 -0.089295603 -8.177474022 -0.867718220 0.056819119 0.493797928 75.834693909
0.501616716 0.073817976 0.861934662 106.952201843 0.011997161 0.995662212 -0.092252642 -8.228734016 -0.865006804 0.056616243 0.498555392 76.118286133
0.506804764 0.079692855 0.858369231 107.432205200 0.008364205 0.995215297 -0.097336389 -8.282594681 -0.862020254 0.056510128 0.503713489 76.418769836
0.512527525 0.086705483 0.854281902 107.906440735 0.003230917 0.994685948 -0.102894217 -8.331304550 -0.858664632 0.055496231 0.509523988 76.721809387
0.518421531 0.093122154 0.850039601 108.378166199 -0.002051154 0.994184315 -0.107662320 -8.384811401 -0.855122626 0.054070894 0.515597761 77.028518677
0.524876237 0.097473614 0.845578969 108.846466064 -0.005703597 0.993800819 -0.111019410 -8.439889908 -0.851159334 0.053448591 0.522178531 77.327346802
0.530309200 0.097701088 0.842155933 109.328109741 -0.009810430 0.993977308 -0.109136678 -8.495572090 -0.847747386 0.049614258 0.528073967 77.640663147
0.535736620 0.096757762 0.838823140 109.814620972 -0.016228234 0.994408250 -0.104339831 -8.553089142 -0.844229043 0.042286023 0.534311235 77.970489502
0.541338861 0.094359264 0.835493028 110.305084229 -0.022224696 0.994940400 -0.097967021 -8.607290268 -0.840510547 0.034464747 0.540697157 78.313087463
0.547051013 0.092587344 0.831963181 110.801452637 -0.028446818 0.995345533 -0.092064828 -8.664180756 -0.836615562 0.026697427 0.547138810 78.662010193
0.553102434 0.090596445 0.828172684 111.302268982 -0.030890726 0.995615304 -0.088282898 -8.716917992 -0.832540154 0.023246605 0.553476036 79.012817383
0.559145868 0.094262019 0.823693216 111.806259155 -0.036131218 0.995341241 -0.089378245 -8.769388199 -0.828281403 0.020214407 0.559946895 79.376312256
0.564983368 0.098323226 0.819223046 112.318893433 -0.040113885 0.994972706 -0.091751873 -8.819414139 -0.824126363 0.018976033 0.566087306 79.752250671
0.570978343 0.101721436 0.814638913 112.838951111 -0.043163043 0.994640470 -0.093944810 -8.871794701 -0.819829404 0.018478131 0.572308958 80.138450623
0.577124476 0.103939340 0.810014844 113.365623474 -0.045620836 0.994421184 -0.095097750 -8.923939705 -0.815380633 0.017929660 0.578646839 80.529937744
