1.000000000 0.000000000 0.000000000 0.000000000 0.000000000 1.000000000 0.000000000 0.000000000 0.000000000 0.000000000 1.000000000 0.000000000
0.999875665 0.001660555 0.015679982 0.011689306 -0.001645975 0.999998212 -0.000942736 -0.002571824 -0.015681518 0.000916810 0.999876618 0.121160425
0.999308765 0.004615290 0.036886133 0.032471865 -0.004602659 0.999989331 -0.000427335 -0.007404444 -0.036887713 0.000257265 0.999319375 0.250161648
0.997942865 0.006353436 0.063792720 0.065974861 -0.006428535 0.999978840 0.000972050 -0.010155899 -0.063785195 -0.001380144 0.997962654 0.401536167
0.995204091 0.005939436 0.097638920 0.111256257 -0.006280638 0.999975145 0.003187539 -0.011150389 -0.097617567 -0.003785487 0.995216787 0.576655209
0.990765154 0.002855451 0.135558307 0.172733247 -0.003579381 0.999980569 0.005096925 -0.010950794 -0.135541126 -0.005535071 0.990756273 0.762202501
0.984563947 0.000006324 0.175024912 0.244731307 -0.000971373 0.999984801 0.005428114 -0.012980053 -0.175022230 -0.005514339 0.984549105 0.945081234
0.975818396 0.000212675 0.218582526 0.327744246 -0.001684204 0.999977171 0.006545846 -0.009709101 -0.218576163 -0.006755695 0.975796521 1.151051044
0.963817537 0.000508706 0.266562045 0.420362234 -0.003106525 0.999951720 0.009324064 -0.005816145 -0.266544461 -0.009814778 0.963772655 1.361496329
0.949448407 -0.003073978 0.313907862 0.537145972 -0.002199105 0.999862373 0.016442696 -0.005613889 -0.313915253 -0.016301807 0.949311018 1.582000613
0.932539403 -0.012046510 0.360867202 0.677803874 0.003620764 0.999705017 0.024015624 -0.008507816 -0.361050099 -0.021088898 0.932307899 1.798206925
0.911209702 -0.016846197 0.411598206 0.824646771 0.005796307 0.999588847 0.028079856 -0.007822817 -0.411902070 -0.023200884 0.910932660 2.010064363
0.885821998 -0.018161874 0.463669598 0.970370114 0.003649571 0.999475479 0.032176953 -0.012471732 -0.464010924 -0.026810857 0.885423601 2.215791702
0.857546747 -0.020327657 0.514004111 1.149685740 0.001772790 0.999329746 0.036563478 -0.010425548 -0.514402986 -0.030443668 0.857007980 2.428321838
0.825007737 -0.025600020 0.564541221 1.327352762 0.002929141 0.999153674 0.041027624 -0.016970037 -0.565113902 -0.032194484 0.824384451 2.628354549
0.788875103 -0.030860228 0.613778174 1.533254862 0.004665942 0.999010265 0.044232335 -0.018628949 -0.614535868 -0.032029931 0.788238347 2.826232195
0.750841022 -0.034795806 0.659565687 1.786592960 0.005378953 0.998900235 0.046574287 -0.010689672 -0.660461068 -0.031422108 0.750202477 3.038356304
0.710883260 -0.037982281 0.702283561 2.061304808 0.006465592 0.998851299 0.047477074 -0.001015106 -0.703280210 -0.029209977 0.710312307 3.248701811
0.668923259 -0.039391927 0.742286861 2.356706858 0.005178781 0.998817444 0.048338637 0.013860814 -0.743313372 -0.028490696 0.668336272 3.460005045
0.626291394 -0.039376464 0.778593838 2.673502445 0.000095058 0.998727262 0.050432991 0.027434863 -0.779588997 -0.031511739 0.625498116 3.672958612
0.584471881 -0.040039118 0.810425341 3.021287203 -0.002800273 0.998676121 0.051359199 0.043268561 -0.811409056 -0.032287419 0.583586097 3.885320663
0.544351816 -0.041249972 0.837842047 3.395958900 -0.004570709 0.998629332 0.052135736 0.060431555 -0.838844478 -0.032209713 0.543417215 4.091095448
0.505746722 -0.043164115 0.861601353 3.800395250 -0.006205971 0.998539388 0.053667184 0.078360915 -0.862659633 -0.032489076 0.504740179 4.296137810
0.468480378 -0.042952619 0.882429004 4.227791786 -0.009046365 0.998531640 0.053406667 0.094571002 -0.883427501 -0.033002749 0.467404008 4.495057583
0.432071447 -0.042244039 0.900849342 4.684957027 -0.009779075 0.998623848 0.051519345 0.114697605 -0.901786208 -0.031069508 0.431063861 4.688154221
0.398549706 -0.040786289 0.916239262 5.167448044 -0.008482370 0.998803735 0.048151340 0.136177525 -0.917107344 -0.026962580 0.397727072 4.872589111
0.368885726 -0.038969137 0.928657353 5.675760269 -0.006333699 0.998991847 0.044436481 0.156569332 -0.929453015 -0.022273816 0.368267119 5.051462173
0.343484700 -0.037058096 0.938426733 6.211691856 -0.005160795 0.999131322 0.041344270 0.178090200 -0.939143896 -0.019044148 0.342995197 5.231873989
0.323355436 -0.036615662 0.945568800 6.772078991 -0.003821812 0.999192119 0.039999094 0.197401851 -0.946269691 -0.016547704 0.322954386 5.410186768
0.308783174 -0.037179008 0.950405419 7.360899925 -0.002818791 0.999195278 0.040003449 0.218621701 -0.951128125 -0.015031380 0.308430016 5.591040611
0.297313273 -0.038589668 0.953999698 7.977606773 -0.001781579 0.999158382 0.040971596 0.239644885 -0.954778194 -0.013881017 0.296994448 5.774980068
0.286440939 -0.040472727 0.957242548 8.618837357 -0.002969227 0.999064744 0.043129500 0.261260182 -0.958093166 -0.015196319 0.286053032 5.963720322
0.275892973 -0.042204823 0.960261166 9.283204079 -0.004380420 0.998969674 0.045164663 0.285296410 -0.961178184 -0.016666956 0.275423974 6.153866291
0.265782356 -0.043921731 0.963031828 9.970110893 -0.005207280 0.998881340 0.046993885 0.312036663 -0.964018822 -0.017504919 0.265256464 6.344649315
0.255466104 -0.045690361 0.965737581 10.675350189 -0.006215490 0.998784184 0.048898026 0.340126514 -0.966797888 -0.018494317 0.254871607 6.534588337
0.245150298 -0.047039729 0.968343019 11.409186363 -0.006401697 0.998721600 0.050136134 0.370865911 -0.969463825 -0.018489925 0.244535878 6.719465256
0.234519377 -0.048333269 0.970908940 12.162084579 -0.006334180 0.998665750 0.051245045 0.401450723 -0.972090721 -0.018167866 0.233900428 6.907320499
0.224123806 -0.051187538 0.973215222 12.929793358 -0.007614575 0.998496950 0.054270845 0.432541072 -0.974530876 -0.019574007 0.223397255 7.081743240
0.212397486 -0.054719854 0.975649834 13.706490517 -0.009497411 0.998267889 0.058055978 0.464915812 -0.977137148 -0.021597091 0.211509988 7.259720802
0.200165331 -0.058721703 0.978000581 14.493020058 -0.010451621 0.998017251 0.062062673 0.495421350 -0.979706287 -0.022644488 0.199154809 7.423421860
0.187457845 -0.061041672 0.980373859 15.284175873 -0.011217027 0.997868836 0.064275794 0.529030383 -0.982208550 -0.023045883 0.186373740 7.568345547
0.173545346 -0.061425529 0.982908130 16.078758240 -0.011732005 0.997852921 0.064430930 0.568388999 -0.984755933 -0.022713171 0.172452196 7.705423355
0.159106255 -0.060194395 0.985424459 16.885883331 -0.013398737 0.997915685 0.063120782 0.608932912 -0.987170517 -0.023246353 0.157968193 7.834829807
0.142623812 -0.059154868 0.988007426 17.696289062 -0.013935341 0.997993231 0.061764393 0.644152939 -0.989678860 -0.022577289 0.141513333 7.948001385
0.122215681 -0.057450484 0.990839183 18.509777069 -0.016591365 0.998065293 0.059915945 0.678230643 -0.992364883 -0.023762038 0.121026106 8.047771454
0.096800357 -0.055684693 0.993744671 19.335000992 -0.021055277 0.998095453 0.057979491 0.716979742 -0.995081067 -0.026536003 0.095443591 8.126274109
0.066296965 -0.054907668 0.996287823 20.161481857 -0.024950294 0.998081088 0.056666806 0.752397001 -0.997487903 -0.028614512 0.064799830 8.183712959
0.033226646 -0.054867264 0.997940481 20.992330551 -0.028044743 0.998047352 0.055806916 0.779953420 -0.999054253 -0.029841261 0.031623062 8.206512451
-0.001328539 -0.054130543 0.998532832 21.830488205 -0.029515825 0.998100638 0.054067861 0.810586452 -0.999563336 -0.029400688 -0.002923701 8.203201294
-0.035040900 -0.052938305 0.997982681 22.669240952 -0.030359777 0.998191297 0.051883407 0.836368799 -0.998924494 -0.028480485 -0.036584705 8.165270805
-0.067921937 -0.050854921 0.996393502 23.514219284 -0.032469641 0.998283446 0.048738007 0.864502430 -0.997161984 -0.029042156 -0.069456577 8.103666306
-0.100439146 -0.047856484 0.993791401 24.351520538 -0.034636743 0.998405039 0.044578038 0.889366686 -0.994339943 -0.029944317 -0.101936541 8.018073082
-0.132819727 -0.043070216 0.990203798 25.195007324 -0.031434264 0.998735607 0.039224926 0.909390390 -0.990641475 -0.025916483 -0.134005681 7.895787716
-0.164337799 -0.036652207 0.985722840 26.024599075 -0.025843510 0.999126136 0.032842010 0.927241921 -0.986065388 -0.020077350 -0.165141433 7.743812084
-0.194561422 -0.030170027 0.980426133 26.848342896 -0.019286508 0.999451101 0.026928153 0.935426116 -0.980700612 -0.013669812 -0.195036516 7.562705040
-0.223250002 -0.024524763 0.974452555 27.671482086 -0.013086862 0.999668539 0.022161163 0.937225461 -0.974673271 -0.007805041 -0.223496974 7.355079651
-0.250829756 -0.018290455 0.967858315 28.480047226 -0.004310144 0.999832451 0.017777694 0.934891820 -0.968021512 0.000287573 -0.250866592 7.121830940
-0.276833564 -0.007739604 0.960886598 29.287353516 0.001813302 0.999961317 0.008576767 0.926541924 -0.960916102 0.004116722 -0.276808888 6.868775368
-0.302040428 0.007986926 0.953261495 30.075553894 0.006855045 0.999957025 -0.006206132 0.911009252 -0.953270376 0.004660157 -0.302082300 6.604275227
-0.326682955 0.025297906 0.944795191 30.854995728 0.008132818 0.999679744 -0.023955388 0.885324895 -0.945098937 -0.000141962 -0.326784164 6.325730801
-0.352016538 0.040084857 0.935134888 31.621185303 0.008104965 0.999175429 -0.039778974 0.851337254 -0.935958564 -0.006423616 -0.352051258 6.037515163
-0.376356632 0.050684161 0.925087333 32.377014160 0.012231936 0.998687148 -0.049740203 0.806305885 -0.926394045 -0.007404441 -0.376482576 5.723544598
-0.399833500 0.054713838 0.914953172 33.127769470 0.015249699 0.998475552 -0.053044319 0.751407802 -0.916460812 -0.007256131 -0.400058448 5.392477036
-0.422563165 0.054425929 0.904697716 33.879524231 0.018903015 0.998507261 -0.051240262 0.696559906 -0.906136215 -0.004550728 -0.422961295 5.038415909
-0.442692995 0.050115567 0.895271540 34.600833893 0.022330543 0.998743296 -0.044865705 0.641911328 -0.896394968 0.000130171 -0.443255872 4.676564217
-0.460446507 0.048943099 0.886336982 35.318714142 0.030017486 0.998766184 -0.039557457 0.591821492 -0.887179613 0.008391520 -0.461347640 4.288785458
-0.474098682 0.049467433 0.879080832 36.024608612 0.032336183 0.998725057 -0.038760711 0.541366398 -0.879877508 0.010049720 -0.475093931 3.900285959
-0.485152841 0.053566914 0.872786939 36.719413757 0.036461327 0.998492956 -0.041014414 0.490327179 -0.873668671 0.011924712 -0.486374944 3.508903027
-0.494972825 0.056147899 0.867092311 37.407260895 0.037299804 0.998363018 -0.043355912 0.441062450 -0.868107319 0.010882375 -0.496257037 3.113238335
-0.505833387 0.055420693 0.860848963 38.084552765 0.031575419 0.998454750 -0.045725949 0.386681616 -0.862052917 0.004051952 -0.506801844 2.725504875
-0.516945183 0.054050058 0.854310274 38.762218475 0.031175228 0.998531163 -0.044310328 0.334220409 -0.855450392 0.003727305 -0.517871082 2.321963072
-0.525581598 0.055372275 0.848939121 39.434421539 0.033155382 0.998454571 -0.044597808 0.285130233 -0.850096583 0.004707112 -0.526605427 1.901044011
-0.532781005 0.058386520 0.844236434 40.113418579 0.036136825 0.998276651 -0.046234522 0.235668957 -0.845480978 0.005875149 -0.533972919 1.465418696
-0.536167681 0.061329361 0.841880441 40.804599762 0.037166540 0.998104990 -0.049039770 0.188366115 -0.843292594 0.004996242 -0.537431180 1.022846222
-0.535925388 0.063481979 0.841875136 41.508316040 0.036965273 0.997977138 -0.051721338 0.138371110 -0.843455434 0.003401366 -0.537188053 0.578334689
-0.532699525 0.063672386 0.843905628 42.233413696 0.038775019 0.997954786 -0.050819308 0.088087641 -0.845415413 0.005651036 -0.534079134 0.121519655
-0.526901126 0.062560335 0.847620845 42.971298218 0.036912814 0.998030663 -0.050715711 0.032840431 -0.849124312 0.004565906 -0.528172970 -0.327934921
-0.520019770 0.061076015 0.851967633 43.726474762 0.034537580 0.998127937 -0.050473072 -0.020857878 -0.853455365 0.003177912 -0.521155894 -0.780092955
-0.512993038 0.060615424 0.856249750 44.496170044 0.032872569 0.998159051 -0.050966915 -0.075319439 -0.857762754 0.002001464 -0.514041483 -1.230709076
-0.506730318 0.059122659 0.860074759 45.284339905 0.029976727 0.998250544 -0.050959621 -0.133223936 -0.861582935 -0.000040549 -0.507616460 -1.681482315
-0.502511144 0.056827802 0.862700880 46.098506927 0.025743809 0.998378277 -0.050769713 -0.192210019 -0.864186943 -0.003303129 -0.503159583 -2.140845060
-0.501424789 0.054020479 0.863512993 46.923873901 0.021524157 0.998518586 -0.049967624 -0.251582861 -0.864933014 -0.006468601 -0.501845121 -2.601869345
-0.501879513 0.051431727 0.863406837 47.762001038 0.018425750 0.998639464 -0.048776805 -0.311423451 -0.864740729 -0.008571147 -0.502144754 -3.076709270
-0.502819896 0.050438747 0.862918198 48.607746124 0.017541701 0.998685658 -0.048153024 -0.372411817 -0.864212632 -0.009075231 -0.503044188 -3.559377909
-0.503334343 0.049514711 0.862671733 49.461753845 0.017154597 0.998732448 -0.047315139 -0.431427628 -0.863920927 -0.009016536 -0.503546059 -4.049299240
-0.503494143 0.049152523 0.862599194 50.332118988 0.017179273 0.998752356 -0.046883326 -0.490936130 -0.863827348 -0.008786638 -0.503710628 -4.552865028
-0.503516018 0.048257302 0.862636983 51.210056305 0.017352885 0.998802066 -0.045745812 -0.550636590 -0.863811135 -0.008064492 -0.503750443 -5.060435772
-0.503744423 0.047856957 0.862525940 52.090564728 0.016907221 0.998818874 -0.045544725 -0.611818135 -0.863686800 -0.008359967 -0.503958762 -5.566262722
-0.504026115 0.046133138 0.862455308 52.970985413 0.015071959 0.998889863 -0.044622898 -0.673243582 -0.863556445 -0.009492195 -0.504162014 -6.068028927
-0.504158378 0.045257490 0.862424374 53.861019135 0.014273304 0.998925805 -0.044076748 -0.736792147 -0.863492787 -0.009911994 -0.504262865 -6.578793526
-0.503709435 0.044297878 0.862736404 54.750267029 0.012766289 0.998956680 -0.043838594 -0.799803734 -0.863778353 -0.011067953 -0.503749549 -7.082196712
-0.502438009 0.042663909 0.863559783 55.644367218 0.012318348 0.999033272 -0.042189851 -0.865037084 -0.864525020 -0.010560135 -0.502478004 -7.591551304
-0.500240088 0.040725917 0.864928305 56.527954102 0.012776078 0.999131322 -0.039655816 -0.928507626 -0.865792036 -0.008787016 -0.500326037 -8.101042747
-0.497876734 0.039397191 0.866352320 57.417316437 0.012961775 0.999193668 -0.037989233 -0.985073328 -0.867150366 -0.007684473 -0.497986197 -8.603224754
-0.495685667 0.039001636 0.867625654 58.308956146 0.012632273 0.999208868 -0.037699606 -1.044139147 -0.868409574 -0.007727052 -0.495786458 -9.097259521
-0.493721217 0.039320067 0.868730664 59.196685791 0.012836313 0.999197543 -0.037930001 -1.101659060 -0.869524956 -0.007575529 -0.493829995 -9.592653275
-0.492881507 0.039774533 0.869186699 60.078353882 0.012434098 0.999174118 -0.038671963 -1.158460736 -0.870007098 -0.008253125 -0.492969245 -10.086458206
-0.493894339 0.041096583 0.868550062 60.962337494 0.011525193 0.999103665 -0.040720195 -1.218666553 -0.869445026 -0.010101249 -0.493925542 -10.578577042
-0.496948540 0.042871904 0.866720200 61.846099854 0.010060497 0.998995900 -0.043646518 -1.279994845 -0.867721200 -0.012970421 -0.496881157 -11.071808815
-0.501558483 0.043108415 0.864048958 62.711193085 0.008391989 0.998952746 -0.044967603 -1.342722058 -0.865082562 -0.015302776 -0.501395285 -11.568158150
-0.506902575 0.041857719 0.860986412 63.578041077 0.009639402 0.999032676 -0.042893831 -1.401489854 -0.861948907 -0.013443585 -0.506816030 -12.076602936
-0.512392044 0.039578427 0.857839048 64.445388794 0.010906147 0.999156237 -0.039584141 -1.463030100 -0.858681858 -0.010926864 -0.512391686 -12.587849617
-0.517644882 0.037169635 0.854787707 65.304679871 0.008049449 0.999222815 -0.038575660 -1.521875381 -0.855557084 -0.013087908 -0.517542124 -13.099212646
-0.522797704 0.040233910 0.851506710 66.149131775 0.009691661 0.999101102 -0.041257430 -1.581470490 -0.852401078 -0.013316758 -0.522718012 -13.610753059
-0.527928233 0.041775998 0.848260820 66.984848022 0.010053095 0.999026418 -0.042944372 -1.639478326 -0.849228919 -0.014143881 -0.527834475 -14.126662254
-0.532460511 0.042527054 0.845385790 67.805007935 0.008807110 0.998960912 -0.044705562 -1.704581976 -0.846408427 -0.016358523 -0.532282054 -14.635138512
-0.536254108 0.042445593 0.842988551 68.630912781 0.007320997 0.998930633 -0.045640372 -1.766388774 -0.844024241 -0.018303301 -0.535991728 -15.154059410
-0.539511323 0.041579749 0.840950966 69.445877075 0.008141356 0.998990297 -0.044170756 -1.829604387 -0.841938376 -0.016984122 -0.539305389 -15.673949242
-0.541830897 0.034835238 0.839765251 70.262863159 0.009117456 0.999325037 -0.035571408 -1.886487842 -0.840437412 -0.011617143 -0.541783094 -16.199815750
-0.544042528 0.025956813 0.838655949 71.083671570 0.008565126 0.999640644 -0.025383133 -1.941472650 -0.839013219 -0.006626284 -0.544069648 -16.729022980
-0.545629382 0.024703031 0.837662339 71.897827148 0.009858210 0.999685049 -0.023059824 -1.988407612 -0.837967932 -0.004324240 -0.545701325 -17.251649857
-0.546898782 0.029011281 0.836695790 72.702110291 0.009254644 0.999547422 -0.028608751 -2.028019428 -0.837146938 -0.007902743 -0.546920002 -17.770870209
-0.548218131 0.035522275 0.835580587 73.482574463 0.011514424 0.999323070 -0.034928814 -2.079367399 -0.836255431 -0.009527355 -0.548256278 -18.271413803
-0.548309863 0.039521437 0.835340798 74.273498535 0.017137814 0.999203503 -0.036025003 -2.125269413 -0.836098909 -0.005436926 -0.548550725 -18.802000046
-0.548321009 0.040701665 0.835276783 75.059745789 0.020531990 0.999168575 -0.035209563 -2.178547144 -0.836015105 -0.002156226 -0.548701108 -19.321973801
-0.547789216 0.037270647 0.835785687 75.855178833 0.019189728 0.999303639 -0.031985227 -2.227728367 -0.836395502 -0.001482641 -0.548123360 -19.841764450
-0.547048986 0.032514207 0.836468816 76.648361206 0.018254161 0.999470592 -0.026912063 -2.273058891 -0.836900771 0.000546844 -0.547353327 -20.357585907
-0.546241760 0.025803756 0.837229967 77.437835693 0.015306527 0.999665439 -0.020823536 -2.318383455 -0.837486982 0.001440426 -0.546454310 -20.864662170
-0.545776248 0.020189732 0.837687612 78.234054565 0.006999625 0.999784112 -0.019536130 -2.360620737 -0.837900996 -0.004798827 -0.545800149 -21.363855362
-0.544317782 0.014840793 0.838747740 79.027816772 -0.000439558 0.999837756 -0.017976411 -2.397309780 -0.838878274 -0.010153526 -0.544223309 -21.854949951
-0.542418420 0.015635543 0.839962900 79.825393677 0.002659763 0.999853194 -0.016894285 -2.431030750 -0.840103626 -0.006929636 -0.542380691 -22.365066528
-0.539500535 0.018796403 0.841775298 80.612808228 0.006567611 0.999813795 -0.018116118 -2.469221830 -0.841959000 -0.004245170 -0.539523840 -22.864992142
-0.534081042 0.022001535 0.845146835 81.400642395 0.008528538 0.999750078 -0.020636810 -2.501581907 -0.845389724 -0.003813829 -0.534135520 -23.363647461
-0.526263356 0.024314519 0.849973798 82.189277649 0.013178258 0.999703646 -0.020438405 -2.534083128 -0.850219011 0.000445225 -0.526428163 -23.856994629
-0.518014491 0.027367169 0.854933798 82.979347229 0.020233905 0.999599755 -0.019738127 -2.573811531 -0.855131984 0.007074050 -0.518361270 -24.346752167
-0.508156359 0.026083320 0.860869586 83.782051086 0.016599027 0.999651551 -0.020490170 -2.603786230 -0.861104310 0.003877425 -0.508412659 -24.816999435
-0.497186005 0.023772594 0.867318094 84.585380554 0.014340379 0.999712467 -0.019180916 -2.635623693 -0.867524922 0.002901225 -0.497384340 -25.269163132
-0.485659510 0.020438889 0.873908997 85.397109985 0.014403599 0.999777257 -0.015378179 -2.669423580 -0.874028921 0.005118914 -0.485846132 -25.713237762
-0.474865526 0.019633226 0.879839242 86.213905334 0.014009982 0.999792278 -0.014748522 -2.704611540 -0.879946351 0.005323006 -0.475042403 -26.142280579
-0.462902963 0.018870302 0.886207998 87.027862549 0.014445261 0.999800384 -0.013743748 -2.732260704 -0.886290729 0.006439524 -0.463083625 -26.561159134
-0.450587004 0.020000270 0.892508328 87.849899292 0.016018949 0.999768376 -0.014316667 -2.765723467 -0.892588258 0.007846183 -0.450803488 -26.977069855
-0.438609570 0.023661142 0.898366094 88.680313110 0.015416643 0.999703526 -0.018803338 -2.804499626 -0.898545027 0.005602506 -0.438844740 -27.376312256
-0.427349776 0.033019952 0.903483093 89.503952026 0.017931987 0.999444962 -0.028045282 -2.836595774 -0.903908074 0.004216139 -0.427705139 -27.757175446
-0.414461076 0.037432723 0.909296811 90.329055786 0.016544674 0.999297678 -0.033596680 -2.869698524 -0.909916282 0.001119538 -0.414789736 -28.130979538
-0.403102398 0.033778016 0.914531231 91.175582886 0.014138646 0.999428332 -0.030681759 -2.912848711 -0.915045261 0.000562379 -0.403349966 -28.496603012
-0.391583890 0.029701890 0.919662833 92.023262024 0.011740710 0.999557972 -0.027283181 -2.956081390 -0.920067132 0.000113876 -0.391759902 -28.852188110
-0.381698579 0.030203555 0.923793197 92.862365723 0.008561024 0.999537826 -0.029142778 -3.002836227 -0.924246848 -0.003215107 -0.381781101 -29.192958832
-0.374943405 0.034541972 0.926403940 93.703384399 0.003523170 0.999350727 -0.035835978 -3.050909281 -0.927040637 -0.010172556 -0.374822050 -29.518787384
-0.370104164 0.039620001 0.928144991 94.544113159 -0.001585475 0.999060988 -0.043279469 -3.100215912 -0.928988576 -0.017489439 -0.369694173 -29.837932587
-0.366600394 0.041621629 0.929446995 95.391448975 -0.003830464 0.998922110 -0.046243679 -3.156334162 -0.930370271 -0.020513140 -0.366046131 -30.162328720
-0.362984419 0.041390158 0.930875421 96.230171204 -0.004741348 0.998917282 -0.046264421 -3.215544939 -0.931782842 -0.021206845 -0.362395495 -30.479299545
-0.357932359 0.041749027 0.932813644 97.069541931 -0.004961692 0.998900175 -0.046610691 -3.270280838 -0.933734059 -0.021311784 -0.357331812 -30.792184830
-0.352204591 0.037434455 0.935173988 97.906593323 -0.008000559 0.999042213 -0.043004256 -3.323866606 -0.935888588 -0.022628188 -0.351568043 -31.096063614
-0.346745729 0.033819724 0.937349141 98.752922058 -0.008028388 0.999205470 -0.039021406 -3.379484892 -0.937924564 -0.021055887 -0.346199006 -31.402748108
-0.340839416 0.030748164 0.939618409 99.604072571 -0.009380716 0.999303401 -0.036104102 -3.436034441 -0.940074444 -0.021119973 -0.340313882 -31.702478409
-0.335180819 0.029040411 0.941706002 100.462348938 -0.017946307 0.999146104 -0.037199385 -3.484173536 -0.941982567 -0.029368650 -0.334373802 -31.991830826
-0.329117835 0.029248100 0.943835616 101.326713562 -0.025925400 0.998862922 -0.039993584 -3.528768063 -0.943932652 -0.037631910 -0.327985704 -32.274974823
-0.322395414 0.033573885 0.946009398 102.173675537 -0.024325714 0.998746336 -0.043735623 -3.577394485 -0.946292281 -0.037112508 -0.321174860 -32.560535431
-0.315042764 0.037075829 0.948352873 103.013832092 -0.022212347 0.998674273 -0.046422102 -3.627397060 -0.948817313 -0.035690080 -0.313801885 -32.839637756
-0.308553547 0.035125438 0.950558126 103.873588562 -0.023915734 0.998714864 -0.044668082 -3.677588701 -0.950906098 -0.036515776 -0.307317287 -33.112300873
-0.301421106 0.030232653 0.953011632 104.729812622 -0.024683548 0.998914063 -0.039495841 -3.731883764 -0.953171313 -0.035428576 -0.300347865 -33.377532959
-0.294311225 0.027726009 0.955307305 105.593307495 -0.026147150 0.998970628 -0.037048705 -3.783224583 -0.955351651 -0.035882402 -0.293283641 -33.637386322
-0.288083434 0.030904539 0.957106411 106.450035095 -0.028553050 0.998756766 -0.040843744 -3.830108643 -0.957179308 -0.039094705 -0.286843181 -33.884643555
-0.281876564 0.033495575 0.958865702 107.292755127 -0.028464369 0.998657823 -0.043253284 -3.880474806 -0.959028125 -0.039485589 -0.280545175 -34.123420715
-0.275201350 0.034070715 0.960782647 108.139701843 -0.030945873 0.998539329 -0.044273622 -3.931081772 -0.960888267 -0.041916411 -0.273745388 -34.353733063
-0.268347561 0.033554118 0.962737560 108.996345520 -0.030789334 0.998583138 -0.043385502 -3.984434843 -0.962829828 -0.041284431 -0.266934603 -34.582275391
-0.260210186 0.033369552 0.964975178 109.840324402 -0.027100246 0.998755753 -0.041845459 -4.034491539 -0.965171456 -0.037039664 -0.258982480 -34.804710388
-0.252659440 0.034422722 0.966942728 110.696426392 -0.024957087 0.998801827 -0.042078145 -4.085625648 -0.967233181 -0.034763496 -0.251497954 -35.027168274
-0.246177152 0.034912519 0.968595803 111.558502197 -0.024142371 0.998819292 -0.042137947 -4.137145996 -0.968923986 -0.033757582 -0.245043978 -35.240673065
-0.239441663 0.033798948 0.970322251 112.414642334 -0.030450543 0.998640060 -0.042299505 -4.187276840 -0.970433056 -0.039675090 -0.238087207 -35.435089111
-0.233550981 0.031814642 0.971823931 113.275024414 -0.034570001 0.998560190 -0.040997896 -4.243377686 -0.971729696 -0.043171041 -0.232115254 -35.624855042
-0.228960782 0.031806216 0.972915828 114.151481628 -0.031973712 0.998680174 -0.040173061 -4.295723438 -0.972910225 -0.040305778 -0.227642015 -35.829597473
-0.224663273 0.031856649 0.973915517 115.021278381 -0.030420879 0.998748124 -0.039686467 -4.350996494 -0.973961353 -0.038543448 -0.223413289 -36.020999908
-0.219954327 0.033072457 0.974949300 115.884887695 -0.029779738 0.998730779 -0.040597707 -4.403315544 -0.975055397 -0.037963368 -0.218690649 -36.210258484
-0.213955447 0.032093301 0.976315975 116.743469238 -0.023683809 0.998994946 -0.038029049 -4.450886250 -0.976556182 -0.031259388 -0.212980688 -36.398948669
-0.208571956 0.030868370 0.977519631 117.625587463 -0.016179498 0.999255180 -0.035006978 -4.503871441 -0.977873087 -0.023117226 -0.207917526 -36.593696594
-0.203586727 0.029912978 0.978599668 118.490333557 -0.014542594 0.999329567 -0.033572096 -4.552558422 -0.978948772 -0.021066185 -0.203015581 -36.772804260
-0.199617013 0.031488739 0.979367733 119.361083984 -0.016484475 0.999233246 -0.035487402 -4.596875668 -0.979735196 -0.023228228 -0.198945239 -36.939842224
-0.196018353 0.033559706 0.980025589 120.226707458 -0.017889813 0.999124527 -0.037791971 -4.640434742 -0.980436921 -0.024940370 -0.195246711 -37.105400085
-0.194267452 0.032848991 0.980398238 121.094985962 -0.020054476 0.999096334 -0.037449352 -4.692276001 -0.980743468 -0.026936542 -0.193433478 -37.268047333
-0.193255454 0.031712390 0.980635643 121.962821960 -0.020475769 0.999128580 -0.036345664 -4.739015102 -0.980934680 -0.027103245 -0.192438051 -37.433269501
-0.192266345 0.027444644 0.980958760 122.833244324 -0.019020554 0.999315917 -0.031686269 -4.781699181 -0.981158316 -0.024750555 -0.191613153 -37.599712372
-0.191184580 0.022200413 0.981302798 123.710441589 -0.019962287 0.999448538 -0.026500173 -4.827039719 -0.981350958 -0.024655446 -0.190636322 -37.764087677
-0.190446883 0.020315643 0.981487095 124.583015442 -0.019087235 0.999519229 -0.024392601 -4.871516228 -0.981511772 -0.023379339 -0.189967901 -37.925849915
-0.189206466 0.024995264 0.981619000 125.437110901 -0.019364432 0.999385595 -0.029180188 -4.911741734 -0.981746197 -0.024529546 -0.188606545 -38.086795807
-0.189171165 0.028697226 0.981524527 126.279823303 -0.019644907 0.999261200 -0.033002045 -4.951951504 -0.981747389 -0.025524968 -0.188467994 -38.243110657
-0.189192951 0.027877277 0.981543958 127.133888245 -0.023162153 0.999191105 -0.032843038 -4.991408825 -0.981666505 -0.028948318 -0.188394561 -38.397880554
-0.188615590 0.026917543 0.981681824 127.986152649 -0.025048248 0.999166191 -0.032209653 -5.037889004 -0.981731296 -0.030664630 -0.187784448 -38.557086945
-0.187832117 0.027537042 0.981814861 128.821365356 -0.020328829 0.999282777 -0.031916142 -5.084918499 -0.981990576 -0.025953999 -0.187137991 -38.717205048
-0.186870024 0.030134678 0.981922150 129.648605347 -0.021181278 0.999172449 -0.034695141 -5.129086494 -0.982156038 -0.027281826 -0.186077490 -38.870849609
-0.187182710 0.031185348 0.981829762 130.483718872 -0.029448850 0.998867512 -0.037340879 -5.174485207 -0.981883347 -0.035903312 -0.186052755 -39.011714935
-0.186750650 0.032459322 0.981870770 131.315353394 -0.035361849 0.998583138 -0.039737638 -5.223454952 -0.981770456 -0.042141788 -0.185338631 -39.153587341
-0.186453119 0.035995401 0.981804013 132.134841919 -0.032398432 0.998558700 -0.042762462 -5.273316383 -0.981929243 -0.039782099 -0.185018599 -39.303516388
-0.185928509 0.036912832 0.981869400 132.956634521 -0.031371836 0.998560488 -0.043480992 -5.323652267 -0.982062042 -0.038887393 -0.184503242 -39.452148438
-0.184238166 0.038140867 0.982141078 133.785415649 -0.032378688 0.998467863 -0.044848811 -5.372756958 -0.982347906 -0.040063296 -0.182721347 -39.601448059
-0.182761237 0.037198525 0.982453108 134.605697632 -0.024924042 0.998786449 -0.042453501 -5.423722267 -0.982841074 -0.032245539 -0.181612715 -39.748950958
-0.179237694 0.034086455 0.983214855 135.418884277 -0.019515531 0.999078631 -0.038194109 -5.473456860 -0.983611941 -0.026033763 -0.178407744 -39.906303406
-0.177388698 0.029282996 0.983704865 136.226699829 -0.015672995 0.999345303 -0.032574899 -5.521743298 -0.984015822 -0.021195993 -0.176814005 -40.050071716
-0.173890784 0.028772827 0.984344244 137.031539917 -0.014350913 0.999391794 -0.031747904 -5.565814495 -0.984660089 -0.019646877 -0.173372507 -40.185234070
-0.169072539 0.033778589 0.985024333 137.819839478 -0.013421535 0.999239862 -0.036569826 -5.613085747 -0.985511899 -0.019403463 -0.168491051 -40.314872742
-0.162535891 0.036780812 0.986016572 138.594360352 -0.012108693 0.999154329 -0.039266933 -5.656952858 -0.986628056 -0.018321630 -0.161953434 -40.436225891
-0.154429898 0.037407350 0.987295091 139.392608643 -0.012416599 0.999129534 -0.039797962 -5.696891308 -0.987925470 -0.018404815 -0.153831348 -40.553958893
-0.144674584 0.032897696 0.988932014 140.197647095 -0.009987652 0.999346614 -0.034705333 -5.746399403 -0.989428639 -0.014898058 -0.144251838 -40.669231415
-0.132664785 0.031481966 0.990660608 140.990371704 -0.005795368 0.999452651 -0.032537509 -5.792062283 -0.991143763 -0.010057787 -0.132410064 -40.774993896
-0.118600577 0.034081291 0.992356718 141.775894165 -0.001263093 0.999403715 -0.034474317 -5.832061768 -0.992940962 -0.005342073 -0.118487135 -40.870285034
-0.104503289 0.035157956 0.993902624 142.559280396 -0.001444312 0.999367476 -0.035503171 -5.872870445 -0.994523287 -0.005145663 -0.104386710 -40.946063995
-0.090396032 0.035179615 0.995284081 143.346115112 0.000163833 0.999375343 -0.035309386 -5.913748264 -0.995905638 -0.003028725 -0.090345614 -41.014965057
-0.077079006 0.036820140 0.996344626 144.126281738 0.000512079 0.999318123 -0.036890455 -5.960319042 -0.997024655 -0.002333228 -0.077045575 -41.067199707
-0.063351057 0.043193877 0.997055888 144.888656616 -0.002634739 0.999051154 -0.043447763 -6.008398056 -0.997987628 -0.005379404 -0.063177399 -41.105762482
-0.050674833 0.052558258 0.997331083 145.647537231 -0.009435675 0.998543441 -0.053101629 -6.055101395 -0.998670459 -0.012101377 -0.050105341 -41.127193451
-0.036876932 0.060517095 0.997485518 146.402847290 -0.013479954 0.998042643 -0.061049297 -6.104648590 -0.999228716 -0.015697343 -0.035989210 -41.140823364
-0.023769280 0.061234422 0.997840166 147.162094116 -0.013893066 0.998004675 -0.061575506 -6.157082081 -0.999620736 -0.015326638 -0.022871330 -41.149368286
-0.012103851 0.057439089 0.998275459 147.924514771 -0.018074144 0.998171985 -0.057652332 -6.214334011 -0.999763191 -0.018740764 -0.011043762 -41.142658234
-0.001348292 0.055041876 0.998482943 148.692657471 -0.021888239 0.998242080 -0.055058207 -6.276568413 -0.999759316 -0.021929247 -0.000141339 -41.129192352
0.007371658 0.061536521 0.998077452 149.437133789 -0.025850762 0.997781754 -0.061327413 -6.336850643 -0.999638379 -0.025348959 0.008945895 -41.106147766
0.013828574 0.069504075 0.997485697 150.178466797 -0.029049650 0.997186899 -0.069080584 -6.393561840 -0.999482036 -0.028021311 0.015808571 -41.083305359
0.016803239 0.072396390 0.997234285 150.923248291 -0.032077998 0.996899664 -0.071831644 -6.449343681 -0.999343872 -0.030782266 0.019073308 -41.058979034
0.016518120 0.067837924 0.997559488 151.675399780 -0.034515969 0.997138619 -0.067237832 -6.511108398 -0.999267340 -0.033321083 0.018812180 -41.034683228
0.014693026 0.063491233 0.997874081 152.430374146 -0.036045317 0.997365773 -0.062928207 -6.579474926 -0.999241829 -0.035044078 0.016942713 -41.013366699
0.011842047 0.060570002 0.998093545 153.184936523 -0.034604475 0.997589529 -0.060128901 -6.637775898 -0.999330580 -0.033826452 0.013909321 -41.003173828
0.009262406 0.060751487 0.998109758 153.925842285 -0.032521639 0.997641921 -0.060421262 -6.693096161 -0.999427736 -0.031900514 0.011216126 -40.996429443
0.005514169 0.060662441 0.998142898 154.669464111 -0.030921079 0.997690201 -0.060464159 -6.752385616 -0.999506235 -0.030530240 0.007377001 -40.991104126
0.000801979 0.059112538 0.998250782 155.409515381 -0.032160062 0.997735381 -0.059056234 -6.811249733 -0.999482036 -0.032056440 0.002701041 -40.981910706
-0.004693614 0.059519552 0.998215854 156.151199341 -0.033137169 0.997668505 -0.059642777 -6.862783432 -0.999439418 -0.033357985 -0.002710551 -40.980129242
-0.010773247 0.057607099 0.998281002 156.882568359 -0.034636777 0.997717440 -0.057948425 -6.916240215 -0.999341488 -0.035201523 -0.008753527 -40.979698181
-0.016717222 0.054803751 0.998357058 157.620956421 -0.032283556 0.997945428 -0.055321790 -6.975947857 -0.999338508 -0.033155333 -0.014913814 -40.990055084
-0.022286743 0.054725524 0.998252511 158.351501465 -0.033375047 0.997902334 -0.055451501 -7.027049541 -0.999193966 -0.034552552 -0.020413728 -41.000911713
-0.027777199 0.055610590 0.998065889 159.078842163 -0.035337269 0.997771561 -0.056577712 -7.081194401 -0.998988926 -0.036840491 -0.025750380 -41.013034821
-0.032064702 0.057778183 0.997814178 159.797042847 -0.035964008 0.997613430 -0.058922313 -7.137411118 -0.998838127 -0.037774723 -0.029910455 -41.026416779
-0.034809522 0.060021032 0.997589767 160.516494751 -0.036141507 0.997465312 -0.061274704 -7.192607403 -0.998739779 -0.038187344 -0.032552257 -41.045749664
-0.036530584 0.061421834 0.997442961 161.226303101 -0.033255320 0.997480750 -0.062642165 -7.246503353 -0.998778522 -0.035458639 -0.034396172 -41.068096161
-0.036101140 0.059681464 0.997564197 161.930130005 -0.030080821 0.997696757 -0.060778052 -7.301198006 -0.998894811 -0.032201707 -0.034222942 -41.088493347
-0.032176901 0.055816777 0.997922182 162.640243530 -0.027429700 0.998012841 -0.056706347 -7.359758377 -0.999105155 -0.029197339 -0.030582143 -41.109630585
-0.024963697 0.055899281 0.998124063 163.342178345 -0.026736194 0.998039782 -0.056563307 -7.413478851 -0.999330163 -0.028098067 -0.023420442 -41.118797302
-0.013771139 0.056752805 0.998293042 164.033432007 -0.024402944 0.998070359 -0.057076827 -7.464931488 -0.999606729 -0.025147300 -0.012359833 -41.122669220
0.001071139 0.056805365 0.998384476 164.726821899 -0.021481708 0.998154998 -0.056769315 -7.516720772 -0.999768019 -0.021386189 0.002289248 -41.122936249
0.016204827 0.054684214 0.998371959 165.413314819 -0.022542642 0.998268306 -0.054312695 -7.562332630 -0.999613822 -0.021625808 0.017409310 -41.100730896
0.032114077 0.049996950 0.998232722 166.095077515 -0.027620826 0.998409808 -0.049117289 -7.608563900 -0.999101758 -0.025994647 0.033443801 -41.058948517
0.048279628 0.043424372 0.997889280 166.773376465 -0.029002244 0.998692989 -0.042056225 -7.651623726 -0.998412013 -0.026910558 0.049475782 -41.011302948
0.065276235 0.036175575 0.997211039 167.443588257 -0.029147087 0.998984098 -0.034332022 -7.688064575 -0.997440815 -0.026824716 0.066264197 -40.957683563
0.082860380 0.028784193 0.996145189 168.112167358 -0.029857172 0.999204516 -0.026389103 -7.722642899 -0.996113181 -0.027555449 0.083653770 -40.890499115
0.099870555 0.022893190 0.994736850 168.774765015 -0.031422690 0.999307930 -0.019843645 -7.755777359 -0.994503558 -0.029275494 0.100520708 -40.810359955
0.117874369 0.020604063 0.992814600 169.424041748 -0.032382198 0.999331534 -0.016894713 -7.784423351 -0.992499828 -0.030158047 0.118462697 -40.720771790
0.135746390 0.019358093 0.990554333 170.063842773 -0.031316001 0.999392092 -0.015239293 -7.806428909 -0.990248024 -0.028951501 0.136270031 -40.623767853
0.152928829 0.018761082 0.988058925 170.697586060 -0.032709517 0.999366760 -0.013913169 -7.827543736 -0.987695158 -0.030191191 0.153445616 -40.510154724
0.168812081 0.017860416 0.985486269 171.322982788 -0.037630122 0.999222398 -0.011663445 -7.846615791 -0.984929085 -0.035115030 0.169352874 -40.383399963
0.183268279 0.014355268 0.982957900 171.946731567 -0.039962664 0.999174356 -0.007141285 -7.865611553 -0.982249796 -0.037972838 0.183690622 -40.250923157
0.195605934 0.010350414 0.980627716 172.565780640 -0.036498010 0.999327123 -0.003267577 -7.881082058 -0.980002642 -0.035151791 0.195852086 -40.124294281
0.206380114 0.009245234 0.978428006 173.181610107 -0.034391262 0.999404788 -0.002189341 -7.896390438 -0.977866828 -0.033197526 0.206575245 -39.992744446
0.216274306 0.012922837 0.976246893 173.780822754 -0.038662963 0.999240160 -0.004662003 -7.915982723 -0.975566328 -0.036736321 0.216609642 -39.847217560
0.225265533 0.020142784 0.974088907 174.365356445 -0.043082550 0.999012947 -0.010695063 -7.935013771 -0.973343968 -0.039557006 0.225911051 -39.694664001
0.234384105 0.030075107 0.971678495 174.949356079 -0.043291122 0.998851359 -0.020473711 -7.951628685 -0.971179307 -0.037266336 0.235416934 -39.548568726
0.242651984 0.035792075 0.969452679 175.538604736 -0.038011629 0.998901248 -0.027365137 -7.967862129 -0.969367981 -0.030210253 0.243745968 -39.403671265
0.249059454 0.033961840 0.967892349 176.133956909 -0.037500363 0.998972416 -0.025402801 -7.984554768 -0.967761457 -0.029969487 0.250077188 -39.243766785
0.254903018 0.026595611 0.966600657 176.735534668 -0.040188245 0.999048114 -0.016890375 -8.002343178 -0.966130674 -0.034540556 0.255729288 -39.071945190
0.259220183 0.016156120 0.965682924 177.341079712 -0.044558071 0.998994231 -0.004752675 -8.023576736 -0.964789391 -0.041796967 0.259679437 -38.896522522
0.261344016 0.008005126 0.965212345 177.951980591 -0.044836342 0.998985648 0.003854742 -8.044447899 -0.964203358 -0.044283997 0.261437923 -38.726062775
0.262457222 0.007224964 0.964916348 178.557449341 -0.041338842 0.999136806 0.003762905 -8.060015678 -0.964057267 -0.040876113 0.262529403 -38.564373016
0.263730794 0.009311981 0.964551091 179.160751343 -0.037906896 0.999279737 0.000717309 -8.067873001 -0.963850737 -0.036752302 0.263893902 -38.401382446
0.265364140 0.008960839 0.964106321 179.762359619 -0.034902304 0.999389410 0.000317799 -8.070973396 -0.963515878 -0.033733848 0.265514940 -38.236850739
0.266874135 0.007010865 0.963705599 180.371932983 -0.037270952 0.999299288 0.003051391 -8.073446274 -0.963009953 -0.036732551 0.266948521 -38.058399200
0.269828171 0.003252017 0.962902725 180.984329224 -0.037516568 0.999269307 0.007138133 -8.081774712 -0.962176859 -0.038050864 0.269753098 -37.883602142
0.272730678 -0.001569040 0.962088823 181.592742920 -0.037298825 0.999228418 0.012202933 -8.086336136 -0.961366594 -0.039212890 0.272461861 -37.705871582
0.277122557 -0.004330640 0.960824490 182.205139160 -0.036097191 0.999235749 0.014914918 -8.089323997 -0.960155725 -0.038816322 0.276754558 -37.524768829
0.283351094 -0.006411593 0.958994508 182.815063477 -0.034520280 0.999260187 0.016880337 -8.086873055 -0.958394229 -0.037887815 0.282920241 -37.340343475
0.291169405 -0.009426256 0.956624806 183.433746338 -0.033073328 0.999253273 0.019912824 -8.084966660 -0.956099093 -0.037436765 0.290640354 -37.148349762
0.300939143 -0.011404200 0.953574896 184.056991577 -0.030435238 0.999302983 0.021556092 -8.086834908 -0.953157008 -0.035509340 0.300382465 -36.948822021
0.311883301 -0.009315918 0.950074494 184.669296265 -0.031892776 0.999284446 0.020267906 -8.087057114 -0.949584424 -0.036621723 0.311363190 -36.736270905
0.323346317 -0.005462084 0.946264684 185.273818970 -0.033214580 0.999300301 0.017117852 -8.086771965 -0.945697010 -0.036964767 0.322938830 -36.514472961
0.335065395 -0.002305989 0.942191839 185.888320923 -0.034421422 0.999298155 0.014686758 -8.082409859 -0.941565394 -0.037352595 0.334751010 -36.282955170
0.346536666 -0.001923484 0.938034236 186.508377075 -0.033173878 0.999345839 0.014304528 -8.078423500 -0.937449157 -0.036075264 0.346246392 -36.045185089
0.357837170 -0.004964134 0.933770597 187.121902466 -0.032426734 0.999315321 0.017739017 -8.076646805 -0.933220327 -0.036626797 0.357431442 -35.800880432
