1.000000000 0.000000000 0.000000000 0.000000000 0.000000000 1.000000000 0.000000000 0.000000000 0.000000000 0.000000000 1.000000000 0.000000000
0.999049604 -0.000292005 0.043586981 0.049123511 0.000398586 0.999996960 -0.002436568 -0.025353121 -0.043586135 0.002451625 0.999046683 1.039658785
0.996050656 -0.004715209 0.088661164 0.146766752 0.005405921 0.999956846 -0.007551966 -0.044070750 -0.088621728 0.008001436 0.996033251 2.134858131
0.991169155 -0.004202920 0.132536650 0.444577545 0.005790762 0.999915898 -0.011597232 -0.070444137 -0.132476762 0.012262307 0.991110265 3.306670189
0.983934700 -0.002139383 0.178515688 0.641309857 0.004728810 0.999889553 -0.014081078 -0.095652327 -0.178465873 0.014699030 0.983836293 4.434603214
0.974529028 -0.004582013 0.224214464 0.884706140 0.007893111 0.999872506 -0.013873484 -0.133069873 -0.224122345 0.015289865 0.974441051 5.489369869
0.963022292 -0.005177667 0.269371867 1.175045729 0.009572779 0.999841511 -0.015005101 -0.168131158 -0.269251525 0.017028887 0.962919354 6.537118435
0.949678421 -0.007503345 0.313136399 1.497204065 0.013825696 0.999742746 -0.017974755 -0.194243178 -0.312921017 0.021399569 0.949538052 7.491857052
0.934698701 -0.009788220 0.355306029 1.859191298 0.017881857 0.999649763 -0.019502498 -0.234618366 -0.354990780 0.024582496 0.934546590 8.413596153
0.917535186 -0.009909852 0.397530973 2.257982254 0.019453209 0.999610960 -0.019980840 -0.280596018 -0.397178411 0.026066381 0.917371213 9.347799301
0.898019612 -0.010246797 0.439835906 2.709778070 0.020439034 0.999620855 -0.018442648 -0.316088349 -0.439480275 0.025551684 0.897888780 10.296630859
0.876147091 -0.009749457 0.481945157 3.198743820 0.020705493 0.999633729 -0.017419338 -0.355597109 -0.481598943 0.025240816 0.876028240 11.228322983
0.852443159 -0.010146049 0.522721469 3.766782045 0.021795897 0.999632001 -0.016141372 -0.396839231 -0.522365510 0.025152786 0.852350771 12.125589371
0.826886833 -0.010604373 0.562268376 4.327737331 0.023706065 0.999590576 -0.016010497 -0.435026199 -0.561868608 0.026568040 0.826799870 13.004542351
0.800776005 -0.011972392 0.598844290 5.153763771 0.026347479 0.999536335 -0.015248675 -0.506695569 -0.598384321 0.027988810 0.800720334 13.822519302
0.771949232 -0.011081398 0.635587573 5.772071838 0.027317237 0.999502480 -0.015751773 -0.537421405 -0.635097086 0.029522069 0.771868110 14.636081696
0.741269469 -0.014772176 0.671044946 6.450110912 0.032586116 0.999370754 -0.013996393 -0.606591284 -0.670416236 0.032241851 0.741284549 15.425300598
0.709575295 -0.014027360 0.704490006 7.182476044 0.033065110 0.999363124 -0.013405095 -0.634713769 -0.703853607 0.032805964 0.709587336 16.146873474
0.675505459 -0.012776189 0.737244248 7.980721951 0.034190394 0.999316990 -0.014009373 -0.679081917 -0.736562073 0.034670085 0.675481021 16.880083084
0.640783668 -0.014009967 0.767593622 8.888166428 0.038110521 0.999181151 -0.013577628 -0.772893548 -0.766775250 0.037953723 0.640792966 17.540739059
0.603649795 -0.012369527 0.797153652 9.648590088 0.038037598 0.999187648 -0.013299698 -0.814784110 -0.796341956 0.038350176 0.603629947 18.189214706
0.565258443 -0.011355672 0.824835777 10.520147324 0.041205976 0.999045491 -0.014484323 -0.861685634 -0.823884308 0.042175554 0.565186799 18.867519379
0.527081847 -0.009982962 0.849755943 11.478932381 0.046319529 0.998781860 -0.016997090 -0.900356889 -0.848551512 0.048319165 0.526902139 19.422454834
0.488535404 -0.009232072 0.872495294 12.432536125 0.048350845 0.998693883 -0.016505629 -0.939979196 -0.871203661 0.050249480 0.488343626 19.958747864
0.450350046 -0.011156501 0.892782450 13.412624359 0.053454153 0.998465002 -0.014486955 -0.989880085 -0.891250789 0.054247137 0.450255066 20.446525574
0.413940340 -0.011808344 0.910227478 14.428282738 0.057743605 0.998242438 -0.013309652 -1.014730215 -0.908471048 0.058069225 0.413894624 20.858142853
0.378855914 -0.009568360 0.925406277 15.403876305 0.059346151 0.998139322 -0.013975568 -1.043456554 -0.923551202 0.060214035 0.378718793 21.256786346
0.345583528 -0.010029437 0.938334465 16.385717392 0.059825979 0.998143792 -0.011364870 -1.055116892 -0.936479270 0.060064297 0.345542043 21.595996857
0.312353343 -0.011682549 0.949894190 17.471343994 0.062224805 0.998028219 -0.008186818 -1.080221057 -0.947926104 0.061664172 0.312464386 21.945526123
0.279316247 -0.011519580 0.960130095 18.576000214 0.062455311 0.998028159 -0.006194908 -1.106010795 -0.958166063 0.061695576 0.279484898 22.278230667
0.247599691 -0.008796441 0.968822539 19.635801315 0.060611073 0.998140395 -0.006427593 -1.126457691 -0.966964900 0.060312852 0.247672334 22.527387619
0.216927156 -0.006938463 0.976163208 20.837535858 0.061090067 0.998110831 -0.006481227 -1.132084727 -0.974274635 0.061039839 0.216941118 22.786853790
0.186495870 -0.006726917 0.982432783 21.921627045 0.063437648 0.997971833 -0.005209093 -1.145351529 -0.980405688 0.063294716 0.186544240 22.993757248
0.156213924 -0.007128498 0.987697601 23.055124283 0.065917648 0.997819483 -0.003223959 -1.153740168 -0.985521376 0.065610334 0.156343043 23.169891357
0.126183972 -0.007883173 0.991975605 24.144725800 0.064997293 0.997885048 -0.000337822 -1.163931131 -0.989875376 0.064518355 0.126429304 23.303745270
0.096969768 -0.008118517 0.995254278 25.277650833 0.065826274 0.997829318 0.001725930 -1.167076349 -0.993108213 0.065346517 0.097293496 23.419601440
0.070093483 -0.007950544 0.997508824 26.430217743 0.069090940 0.997605264 0.003096397 -1.171150208 -0.995144963 0.068701789 0.070474729 23.487783432
0.045276970 -0.007648498 0.998945296 27.667610168 0.073693670 0.997271359 0.004295536 -1.183455110 -0.996252716 0.073421448 0.045716859 23.520456314
0.022664044 -0.007309871 0.999716520 28.854469299 0.078132421 0.996927321 0.005518183 -1.185872674 -0.996685445 0.077985197 0.023165321 23.538389206
0.002460230 -0.007691757 0.999967515 30.083265305 0.084034443 0.996434510 0.007457835 -1.197186589 -0.996459842 0.084013350 0.003097603 23.528139114
-0.015172062 -0.008427089 0.999849498 31.331148148 0.088402145 0.996036887 0.009736404 -1.198973775 -0.995969355 0.088536546 -0.014367193 23.499702454
-0.030724162 -0.008415404 0.999492586 32.631362915 0.091486648 0.995742977 0.011196115 -1.194061160 -0.995332301 0.091784202 -0.029823709 23.453569412
-0.045009833 -0.009256886 0.998943746 33.881507874 0.093730122 0.995506406 0.013448276 -1.188257337 -0.994579792 0.094236404 -0.043940172 23.391128540
-0.058260407 -0.010632275 0.998244941 35.203742981 0.094342954 0.995409071 0.016108198 -1.200333357 -0.993833601 0.095115826 -0.056990106 23.308076859
-0.070397779 -0.010673059 0.997462034 36.495384216 0.094332807 0.995389938 0.017308608 -1.199549675 -0.993048608 0.095311865 -0.069066666 23.209360123
-0.081533000 -0.007938595 0.996639192 37.726020813 0.094356276 0.995415151 0.015647942 -1.189673305 -0.992194176 0.095314965 -0.080410384 23.112169266
-0.091702960 -0.004501816 0.995776415 39.004615784 0.094649069 0.995422602 0.013216637 -1.174672842 -0.991278052 0.095461294 -0.090857357 23.000711441
-0.100655980 -0.002057248 0.994919300 40.264991760 0.095821761 0.995328724 0.011752389 -1.161810637 -0.990296245 0.096517846 -0.099988922 22.863819122
-0.108127929 -0.000976278 0.994136631 41.567176819 0.095572241 0.995357156 0.011372462 -1.150211573 -0.989532411 0.096241526 -0.107532866 22.722661972
-0.113933459 -0.000636971 0.993488312 42.863567352 0.095137626 0.995396793 0.011548603 -1.144411683 -0.988922715 0.095833860 -0.113348648 22.580497742
-0.118717425 0.000829443 0.992927849 44.193862915 0.096142821 0.995310009 0.010663695 -1.130846143 -0.988262534 0.096728824 -0.118240647 22.413045883
-0.123165794 0.002511237 0.992383003 45.543083191 0.095057540 0.995428085 0.009278761 -1.117992997 -0.987823069 0.095476277 -0.122841671 22.250032425
-0.127392173 0.003136044 0.991847515 46.936946869 0.095813572 0.995356739 0.009159089 -1.118647456 -0.987213790 0.096199222 -0.127101406 22.075805664
-0.130368680 0.001899417 0.991463840 48.338405609 0.095701709 0.995352387 0.010677063 -1.112623334 -0.986835957 0.096276715 -0.129944831 21.891557693
-0.132421374 0.000060343 0.991193652 49.761322021 0.096506260 0.995249271 0.012832451 -1.098967314 -0.986484230 0.097355664 -0.131798401 21.693178177
-0.134787440 -0.001183746 0.990873992 51.198604584 0.096407741 0.995238781 0.014303203 -1.087194800 -0.986173391 0.097455800 -0.134031877 21.512786865
-0.137042314 -0.000405827 0.990565240 52.614776611 0.099049740 0.994982064 0.014110937 -1.071539521 -0.985600591 0.100049011 -0.136314750 21.339828491
-0.138144955 -0.000608670 0.990411937 54.092933655 0.098642021 0.995018840 0.014370328 -1.053195834 -0.985487521 0.099681422 -0.137397110 21.139871597
-0.139052838 0.000623527 0.990284860 55.555240631 0.100109316 0.994885385 0.013430635 -1.035247207 -0.985211790 0.101004310 -0.138404369 20.949607849
-0.139121383 0.000685494 0.990275204 57.064888000 0.099773459 0.994920492 0.013328232 -1.018226624 -0.985236168 0.100657418 -0.138483435 20.737171173
-0.138599753 0.001850112 0.990346849 58.602272034 0.099614188 0.994952381 0.012082371 -1.010609388 -0.985325754 0.100327209 -0.138084784 20.521898270
-0.137013167 0.001602344 0.990567982 60.146183014 0.100346200 0.994876564 0.012270359 -0.996331930 -0.985473335 0.101080947 -0.136472300 20.296787262
-0.135607615 0.000289489 0.990762591 61.687850952 0.099461094 0.994951904 0.013322729 -0.986615419 -0.985757411 0.100349016 -0.134952158 20.090160370
-0.134402201 0.001148738 0.990926206 63.272323608 0.100351043 0.994873762 0.012457597 -0.967477798 -0.985832274 0.101114832 -0.133828804 19.878755569
-0.133470982 0.001993642 0.991050720 64.875473022 0.100060061 0.994914949 0.011474304 -0.946296215 -0.985988379 0.100696109 -0.132992074 19.670223236
-0.132548660 0.002683834 0.991172850 66.503646851 0.101086192 0.994818568 0.010824469 -0.929995358 -0.986008167 0.101628691 -0.132133484 19.450704575
-0.131601349 0.002389326 0.991299808 68.152725220 0.100744374 0.994851589 0.010976577 -0.917603314 -0.986170053 0.101312436 -0.131164834 19.230300903
-0.130828261 0.000668857 0.991404772 69.801811218 0.103848748 0.994507492 0.013033197 -0.927651525 -0.985950887 0.104661278 -0.130179450 19.025791168
-0.130253196 -0.001250288 0.991479874 71.460800171 0.105322763 0.994323373 0.015090393 -0.910231888 -0.985870659 0.106390998 -0.129382417 18.803413391
-0.129709154 -0.000052337 0.991551936 73.147697449 0.106608026 0.994202375 0.013998330 -0.893174529 -0.985804260 0.107523136 -0.128951862 18.606113434
-0.129046679 0.001562655 0.991637170 74.867210388 0.108624764 0.994003117 0.012569499 -0.879337490 -0.985671043 0.109338433 -0.128442839 18.376441956
-0.128450647 0.001082721 0.991715193 76.606788635 0.108094297 0.994056523 0.012915500 -0.871751666 -0.985807240 0.108857788 -0.127804533 18.147619247
-0.128234863 0.001022720 0.991743147 78.369552612 0.108617119 0.993998170 0.013019420 -0.853559315 -0.985777855 0.109389864 -0.127576590 17.906137466
-0.128240004 -0.000192445 0.991743028 80.088867188 0.108117536 0.994036913 0.014173322 -0.843332708 -0.985832095 0.109042436 -0.127454773 17.700838089
-0.128526658 0.000029932 0.991705894 81.822860718 0.109679081 0.993865669 0.014184589 -0.837103009 -0.985622168 0.110592544 -0.127741799 17.496839523
-0.128174186 0.000154802 0.991751492 83.624473572 0.111002773 0.993718565 0.014190918 -0.813162625 -0.985519826 0.111906141 -0.127386525 17.253974915
-0.127518386 0.001665391 0.991834641 85.435333252 0.111149952 0.993723273 0.012621789 -0.772013783 -0.985588312 0.111851960 -0.126903355 16.985542297
-0.128301099 0.002413115 0.991732121 87.230484009 0.110654399 0.993787467 0.011897326 -0.762281716 -0.985542476 0.111266039 -0.127771303 16.768083572
-0.129089653 0.003076972 0.991627932 89.072761536 0.110030882 0.993864357 0.011239858 -0.751190603 -0.985509336 0.110560715 -0.128636435 16.510408401
-0.130858213 0.003139365 0.991395891 90.871452332 0.109928578 0.993874311 0.011362691 -0.776603937 -0.985287428 0.110469714 -0.130401984 16.308059692
-0.131662682 0.002473046 0.991291225 92.690139771 0.108911946 0.993978918 0.011985866 -0.759175360 -0.985293210 0.109541617 -0.131139532 16.075086594
-0.132321551 0.001916061 0.991204739 94.513290405 0.109380275 0.993918896 0.012680489 -0.761617601 -0.985153019 0.110096216 -0.131726727 15.815197945
-0.132834539 0.000940691 0.991137505 96.368202209 0.106887266 0.994180918 0.013381699 -0.746144593 -0.985357583 0.107717603 -0.132162362 15.578614235
-0.134480268 0.002097991 0.990913749 98.208625793 0.106870867 0.994195461 0.012398867 -0.725974977 -0.985136092 0.107567295 -0.133924112 15.334764481
-0.137240559 0.003015343 0.990532875 100.081031799 0.105298109 0.994373322 0.011562254 -0.711863339 -0.984924734 0.105888128 -0.136786073 15.100997925
-0.141454607 0.003958631 0.989936531 102.001861572 0.105880752 0.994316101 0.011153429 -0.704102457 -0.984265804 0.106393009 -0.141069949 14.836406708
-0.146137297 0.003133206 0.989259064 103.840827942 0.103970177 0.994505286 0.012209066 -0.693097711 -0.983785212 0.104637727 -0.145660296 14.589974403
-0.151215747 0.002364089 0.988497615 105.733108521 0.102745414 0.994618058 0.013338786 -0.693491817 -0.983146250 0.103580728 -0.150645033 14.313006401
-0.156227186 0.003073326 0.987716079 107.617393494 0.101098739 0.994792640 0.012895456 -0.684957981 -0.982533157 0.101871565 -0.155724585 14.040393829
-0.161478221 0.005060974 0.986863017 109.448982239 0.101247005 0.994795084 0.011465173 -0.667031825 -0.981668532 0.101768397 -0.161150381 13.789659500
-0.166829020 0.006898517 0.985961437 111.334037781 0.100534469 0.994882643 0.010049937 -0.662195981 -0.980846703 0.100799829 -0.166669056 13.504858971
-0.171951354 0.007236036 0.985078573 113.259948730 0.098821044 0.995055377 0.009940480 -0.653350234 -0.980135918 0.099055864 -0.171816424 13.189495087
-0.176912859 0.006862276 0.984202266 115.197196960 0.097651914 0.995163798 0.010614471 -0.669070661 -0.979369760 0.097987160 -0.176727623 12.851139069
-0.182443261 0.006265757 0.983196080 117.159255981 0.095803238 0.995334387 0.011434266 -0.660066485 -0.978537381 0.096279562 -0.182192564 12.524769783
-0.188333362 0.005790173 0.982087791 119.144462585 0.094688118 0.995430946 0.012289341 -0.648595989 -0.977529526 0.095306620 -0.188021362 12.166796684
-0.193824157 0.005543971 0.981020331 121.116325378 0.094675906 0.995422006 0.013080142 -0.639026344 -0.976456821 0.095414311 -0.193461969 11.795140266
-0.199270710 0.007056922 0.979918778 123.075050354 0.095154926 0.995387733 0.012181839 -0.634162068 -0.975313246 0.095671654 -0.199023381 11.404959679
-0.205079511 0.008159340 0.978711009 125.050079346 0.094403163 0.995467663 0.011482237 -0.620865881 -0.974181473 0.094748266 -0.204920530 11.018570900
-0.210701555 0.008132230 0.977516353 126.969482422 0.094346575 0.995466232 0.012054638 -0.610086262 -0.972986460 0.094765320 -0.210513785 10.638026237
-0.216358140 0.008129340 0.976279914 128.945358276 0.093186840 0.995571673 0.012361601 -0.595236301 -0.971856177 0.093651041 -0.216157824 10.213966370
-0.221704632 0.008898848 0.975072920 130.945800781 0.092543602 0.995636582 0.011955328 -0.584171236 -0.970712006 0.092887387 -0.221561015 9.766591072
-0.227058217 0.009819495 0.973831356 132.939758301 0.091666639 0.995725036 0.011332700 -0.557029903 -0.969557106 0.091841109 -0.226987913 9.314813614
-0.226431340 0.012553159 0.973945975 134.798004150 0.092151694 0.995707631 0.008590565 -0.445208549 -0.969657779 0.091696016 -0.226616472 8.711008072
-0.231094152 0.012799787 0.972846925 136.858093262 0.094677277 0.995463371 0.009392674 -0.436839134 -0.968313515 0.094277158 -0.231257871 8.256359100
-0.234518364 0.013566177 0.972016811 138.865905762 0.095614336 0.995375812 0.009176653 -0.426370233 -0.967397749 0.095090896 -0.234731302 7.758827686
-0.237672091 0.014265629 0.971240520 140.883438110 0.096341513 0.995307744 0.008956575 -0.422670364 -0.966555595 0.095699571 -0.237931520 7.274852753
-0.240805522 0.013933249 0.970473230 142.900711060 0.095512055 0.995383501 0.009408701 -0.424479514 -0.965862095 0.094957612 -0.241024882 6.780823231
-0.244610444 0.014279437 0.969516158 144.920440674 0.094421297 0.995489836 0.009160639 -0.434786946 -0.965012908 0.093783803 -0.244855762 6.264116287
-0.248969838 0.015266894 0.968390822 146.954391479 0.093405329 0.995593071 0.008318422 -0.431289971 -0.963996351 0.092523932 -0.249298945 5.730655193
-0.253310353 0.014079679 0.967282534 148.865798950 0.092667326 0.995648801 0.009774981 -0.467176139 -0.962936163 0.092111625 -0.253513157 5.258995056
-0.257888287 0.014007213 0.966073096 150.901016235 0.092965022 0.995614946 0.010380986 -0.506713450 -0.961691439 0.092488192 -0.258059859 4.748430252
-0.262202799 0.014356352 0.964905918 152.894271851 0.092480958 0.995660663 0.010316758 -0.505073130 -0.960570753 0.091940552 -0.262392968 4.196074009
-0.266905189 0.014008414 0.963620901 154.704864502 0.092153139 0.995683253 0.011050195 -0.536204219 -0.959306300 0.091750085 -0.267044187 3.736409664
-0.271273643 0.013195752 0.962411702 156.711257935 0.092072517 0.995676041 0.012300501 -0.539148986 -0.958087862 0.091948517 -0.271315902 3.206405163
-0.275481761 0.013189359 0.961215734 158.739379883 0.092549242 0.995624721 0.012862847 -0.538697779 -0.956840336 0.092503324 -0.275497407 2.644592762
-0.279794812 0.013661764 0.959962547 160.743804932 0.094359487 0.995448530 0.013335634 -0.569581747 -0.955410957 0.094312876 -0.279810786 2.134951830
-0.283327729 0.014967007 0.958906293 162.844543457 0.094357684 0.995461524 0.012342256 -0.550047576 -0.954369426 0.093977146 -0.283454448 1.505894184
-0.287366569 0.016199082 0.957683682 164.855773926 0.094605751 0.995447457 0.011549945 -0.575126946 -0.953136504 0.093921505 -0.287591219 0.981451988
-0.290746450 0.017303606 0.956643641 166.753707886 0.095266975 0.995391190 0.010949401 -0.564071476 -0.952045023 0.094320089 -0.291055292 0.416351259
-0.293907970 0.018038919 0.955663443 168.821365356 0.095140971 0.995408416 0.010470836 -0.562148154 -0.951086342 0.094000258 -0.294275075 -0.229520321
-0.297530800 0.017892303 0.954544425 170.705963135 0.095449284 0.995372117 0.011093879 -0.577076435 -0.949928284 0.094411403 -0.297862053 -0.786648452
-0.301693201 0.018138766 0.953232348 172.781616211 0.094782628 0.995436251 0.011056366 -0.566943824 -0.948681414 0.093685545 -0.302035958 -1.408396244
-0.305405855 0.019006465 0.952032387 174.915725708 0.097326353 0.995187402 0.011353649 -0.569571972 -0.947234869 0.096125357 -0.305786282 -2.101278305
-0.308634579 0.019185549 0.950986981 176.841400146 0.099345066 0.994978249 0.012168531 -0.574409962 -0.945977926 0.098231547 -0.308991045 -2.701794147
-0.311219841 0.018832933 0.950151145 178.924865723 0.100166664 0.994884133 0.013089771 -0.564019501 -0.945043802 0.099247314 -0.311514497 -3.381625652
-0.314247489 0.018226711 0.949165881 181.011001587 0.099613667 0.994929016 0.013874344 -0.552542984 -0.944099903 0.098909922 -0.314469963 -4.044980526
-0.316531211 0.018930458 0.948392987 183.074249268 0.099241376 0.994974554 0.013262077 -0.538475811 -0.943375945 0.098317727 -0.316819608 -4.735641479
-0.319423795 0.021029700 0.947378397 185.177276611 0.098701037 0.995053709 0.011190643 -0.523096263 -0.942457199 0.097081833 -0.319919944 -5.438348293
-0.322884232 0.022765374 0.946164429 187.257492065 0.098300949 0.995109916 0.009602743 -0.533169925 -0.941319168 0.096109487 -0.323543638 -6.125361919
-0.325803697 0.023752334 0.945138812 189.356079102 0.097520620 0.995195806 0.008606520 -0.531164527 -0.940393925 0.094974615 -0.326555312 -6.841561794
-0.328708142 0.024716504 0.944107831 191.500946045 0.095805548 0.995372832 0.007297819 -0.525349617 -0.939559102 0.092849679 -0.329555631 -7.604902267
-0.332731694 0.024801394 0.942695141 193.459930420 0.096768521 0.995274484 0.007970507 -0.542699397 -0.938042879 0.093875304 -0.333559871 -8.242468834
-0.337427616 0.024265898 0.941038430 195.549819946 0.097210705 0.995220840 0.009193724 -0.573083520 -0.936318099 0.094581276 -0.338174433 -8.846474648
-0.341333061 0.023857089 0.939639390 197.577865601 0.097132795 0.995220542 0.010016154 -0.572533131 -0.934909523 0.094688699 -0.342019498 -9.529327393
-0.345488459 0.023736831 0.938122571 199.657974243 0.097411744 0.995186269 0.010693773 -0.578580081 -0.933352828 0.095078781 -0.346138120 -10.237729073
-0.349714696 0.023951240 0.936549842 201.783248901 0.096383616 0.995288014 0.010536962 -0.578986943 -0.931884408 0.093953051 -0.350375861 -10.968751907
-0.354194462 0.024392966 0.934853435 203.886917114 0.095690340 0.995357513 0.010283185 -0.603148222 -0.930262566 0.093098745 -0.354884803 -11.654165268
-0.357457697 0.024868067 0.933598042 205.915908813 0.095765777 0.995351553 0.010153998 -0.612488329 -0.929005742 0.093036428 -0.358178109 -12.410513878
-0.360358030 0.025660876 0.932460964 207.994064331 0.096668027 0.995266259 0.009969003 -0.618583202 -0.927790940 0.093731634 -0.361133277 -13.196839333
-0.362705141 0.025493082 0.931555092 210.119216919 0.097944051 0.995131731 0.010902033 -0.623126805 -0.926741958 0.095194563 -0.363436759 -14.033609390
-0.364778012 0.025117327 0.930755615 212.189682007 0.099539086 0.994958878 0.012161063 -0.619250894 -0.925757885 0.097082704 -0.365439773 -14.852377892
-0.367766261 0.025775498 0.929560900 214.289016724 0.100461714 0.994866133 0.012159798 -0.615457714 -0.924475014 0.097857296 -0.368468136 -15.649443626
-0.370045334 0.026934821 0.928623080 216.488113403 0.100606345 0.994862378 0.011234356 -0.619633436 -0.923549414 0.097582646 -0.370854527 -16.547435760
-0.372429162 0.027194466 0.927662075 218.496887207 0.100209519 0.994904339 0.011065528 -0.617945194 -0.922633827 0.097081751 -0.373257041 -17.334739685
-0.374718547 0.028552625 0.926698864 220.608230591 0.100171007 0.994920969 0.009850388 -0.615570784 -0.921710610 0.096519537 -0.375675976 -18.195287704
-0.377558589 0.029640187 0.925511241 222.742324829 0.100206666 0.994925320 0.009015700 -0.633859873 -0.920547009 0.096146405 -0.378613204 -19.053211212
-0.380238801 0.029708151 0.924411118 224.808303833 0.098346874 0.995115638 0.008472710 -0.642624676 -0.919643998 0.094134659 -0.381303757 -19.850967407
-0.383513629 0.030629776 0.923027158 226.756591797 0.099221125 0.995031118 0.008206790 -0.666348398 -0.918189049 0.094731271 -0.384647578 -20.628028870
-0.386053532 0.030234724 0.921980739 228.748153687 0.100963272 0.994842827 0.009651445 -0.669759810 -0.916933894 0.096812233 -0.387115657 -21.428499222
-0.387754112 0.029714461 0.921283722 230.934524536 0.101678640 0.994759142 0.010710700 -0.661436379 -0.916136920 0.097828060 -0.388743728 -22.367330551
-0.390896350 0.029175105 0.919972122 232.930526733 0.100812227 0.994840980 0.011285732 -0.694030583 -0.914896548 0.097156055 -0.391821384 -23.175704956
-0.393734306 0.029417887 0.918753386 234.933151245 0.099917814 0.994934797 0.010962905 -0.714109480 -0.913776994 0.096116364 -0.394679785 -23.980184555
-0.397350490 0.028908063 0.917211413 237.070404053 0.098393038 0.995083332 0.011263056 -0.713814616 -0.912376106 0.094722666 -0.398241669 -24.892822266
-0.400675833 0.028289037 0.915782988 239.059234619 0.097969234 0.995115042 0.012124131 -0.724738598 -0.910966396 0.094576471 -0.401490450 -25.742828369
-0.404178977 0.028479660 0.914236367 241.227752686 0.097722448 0.995138347 0.012202721 -0.737779617 -0.909444034 0.094273560 -0.404997557 -26.687799454
-0.408188790 0.028206080 0.912461638 243.381759644 0.097296625 0.995173037 0.012762701 -0.745553374 -0.907697141 0.093989089 -0.408963293 -27.608085632
-0.412278175 0.027754556 0.910635173 245.281173706 0.096510425 0.995241702 0.013360631 -0.752622664 -0.905931175 0.093394138 -0.412995487 -28.416194916
-0.416136295 0.027688971 0.908880591 247.243774414 0.095579274 0.995330513 0.013438880 -0.750226915 -0.904264450 0.092462607 -0.416840076 -29.311662674
-0.419909477 0.028550826 0.907116830 249.391204834 0.095914841 0.995303094 0.013073106 -0.740225971 -0.902482867 0.092495546 -0.420676053 -30.289577484
-0.423421681 0.029009061 0.905468166 251.461791992 0.096317977 0.995263159 0.013155052 -0.744697452 -0.900797367 0.092783064 -0.424210459 -31.237545013
-0.427549899 0.028901193 0.903529644 253.525451660 0.096155658 0.995271981 0.013665085 -0.751639068 -0.898862600 0.092722066 -0.428307831 -32.145401001
-0.430870146 0.029371746 0.901935816 255.643920898 0.094793044 0.995413303 0.012868406 -0.750788510 -0.897420824 0.091041923 -0.431678444 -33.168132782
-0.434414715 0.029850068 0.900218248 257.720275879 0.095811225 0.995311022 0.013232031 -0.753570914 -0.895602047 0.091999277 -0.435238034 -34.150878906
-0.437883854 0.030338725 0.898519576 259.745849609 0.096633717 0.995227993 0.013489303 -0.755474865 -0.893822551 0.092734106 -0.438726306 -35.124450684
-0.441534847 0.031588946 0.896687925 261.822814941 0.098412693 0.995054781 0.013404791 -0.751056254 -0.891830087 0.094164230 -0.442460448 -36.078559875
-0.444795579 0.033857644 0.894991994 263.802520752 0.100636236 0.994845629 0.012379372 -0.739618421 -0.889959633 0.095574990 -0.445910573 -37.075248718
-0.449901044 0.034230947 0.892422199 265.904113770 0.102898940 0.994596481 0.013724864 -0.823589981 -0.887130022 0.098004207 -0.450992674 -37.854793549
-0.452977568 0.036252491 0.890784621 267.862640381 0.104562558 0.994436562 0.012700832 -0.820117354 -0.885368228 0.098895982 -0.454248488 -38.827503204
-0.457920521 0.038374942 0.888164639 269.924102783 0.106767446 0.994209826 0.012090415 -0.878662288 -0.882557869 0.100363582 -0.459366709 -39.666782379
-0.460564762 0.039246608 0.886758208 271.955535889 0.108262412 0.994046390 0.012234371 -0.875345647 -0.880998433 0.101637363 -0.462072134 -40.703556061
-0.462491035 0.040167078 0.885713816 273.915283203 0.108168043 0.994066596 0.011401006 -0.844371617 -0.880000353 0.101078853 -0.464092165 -41.808444977
-0.466284990 0.040318806 0.883715510 276.118713379 0.107580699 0.994130254 0.011407685 -0.840033352 -0.878068089 0.100390024 -0.467886001 -42.891960144
-0.469857842 0.041855566 0.881749511 278.229370117 0.108732894 0.994012177 0.010755996 -0.827618659 -0.876019239 0.100929022 -0.471595973 -43.996498108
-0.472491562 0.042459730 0.880312085 280.273620605 0.108435377 0.994050026 0.010255164 -0.818503261 -0.874638379 0.100302503 -0.474284858 -45.104499817
-0.475090027 0.042315900 0.878919423 282.405731201 0.106504261 0.994264364 0.009700499 -0.778743625 -0.873467267 0.098217316 -0.476872385 -46.276348114
-0.477717429 0.042896222 0.877466023 284.513397217 0.108038552 0.994093597 0.010221569 -0.775153339 -0.871844351 0.099683210 -0.479530752 -47.406986237
-0.479696900 0.043082543 0.876376331 286.632843018 0.109599762 0.993912876 0.011130394 -0.768385768 -0.870561719 0.101389885 -0.481499285 -48.575408936
-0.482318461 0.043412752 0.874919951 288.619873047 0.110907897 0.993759692 0.011830941 -0.764773786 -0.868946075 0.102741852 -0.484123975 -49.615951538
-0.483827263 0.043810636 0.874066591 290.760833740 0.111932650 0.993640900 0.012154770 -0.768597782 -0.867975354 0.103717446 -0.485654920 -50.775314331
-0.486499429 0.043394499 0.872602940 292.876159668 0.112552859 0.993555605 0.013341811 -0.783163071 -0.866400063 0.104704782 -0.488248914 -51.886295319
-0.487963945 0.043900330 0.871759474 294.984893799 0.114618532 0.993308425 0.014136004 -0.764894783 -0.865305007 0.106817700 -0.489730984 -53.108181000
-0.489160210 0.043135125 0.871127069 297.270812988 0.113286480 0.993457079 0.014420849 -0.712683320 -0.864804864 0.105741069 -0.490846813 -54.533485413
-0.493098140 0.044396386 0.868840575 299.426818848 0.112185240 0.993602931 0.012897644 -0.668549836 -0.862709522 0.103830934 -0.494924873 -55.594631195
-0.495837152 0.045222133 0.867237747 301.519348145 0.109147698 0.993968666 0.010573968 -0.623701572 -0.861528516 0.099900007 -0.497782975 -56.767868042
-0.502540290 0.044840224 0.863390625 303.610351562 0.108123474 0.994072497 0.011306604 -0.640921474 -0.857765436 0.099034861 -0.504410326 -57.733329773
-0.507324934 0.043399498 0.860661745 305.729370117 0.107025698 0.994171143 0.012955525 -0.657596052 -0.855082333 0.098685630 -0.509013236 -58.894950867
-0.512131572 0.041006926 0.857927918 307.842010498 0.105012089 0.994354725 0.015158182 -0.651362598 -0.852462709 0.097855844 -0.513547242 -60.119125366
-0.517369032 0.040072314 0.854824066 309.994445801 0.104316793 0.994406164 0.016520558 -0.630939424 -0.849379897 0.097719789 -0.518655717 -61.315307617
-0.521890044 0.040143833 0.852068007 312.242828369 0.104522035 0.994373560 0.017171267 -0.605673432 -0.846584320 0.098021448 -0.523150086 -62.663772583
-0.525016010 0.040458877 0.850130558 312.871673584 0.104813814 0.994338691 0.017408082 -0.596424699 -0.844613135 0.098244995 -0.526284873 -63.066455841
-0.529898524 0.041930743 0.847024262 315.061676025 0.107982546 0.993982673 0.018348228 -0.612016201 -0.841157854 0.101186581 -0.531238198 -64.279678345
-0.535974920 0.042361669 0.843170881 317.300048828 0.109301299 0.993815660 0.019548943 -0.601194441 -0.837127984 0.102637470 -0.537290871 -65.529083252
-0.538607180 0.045446072 0.841330945 318.115386963 0.117036961 0.992898464 0.021292031 -0.625344038 -0.834388316 0.109934911 -0.540101588 -66.106430054
-0.541555822 0.043188855 0.839555204 320.339294434 0.113203302 0.993329167 0.021922542 -0.540662467 -0.833007574 0.106912747 -0.542832732 -67.636322021
-0.545856416 0.042909335 0.836779833 322.477111816 0.111963533 0.993465900 0.022093132 -0.507129610 -0.830363929 0.105748557 -0.547094464 -68.985488892
-0.549975693 0.042928610 0.834077179 324.595428467 0.112705797 0.993356943 0.023189768 -0.493695617 -0.827540576 0.106759198 -0.551160932 -70.336776733
-0.554325461 0.043185502 0.831179380 326.704467773 0.113772653 0.993209481 0.024272587 -0.450043142 -0.824486673 0.108020455 -0.555475116 -71.687713623
-0.559673071 0.043432757 0.827575028 327.714599609 0.117485255 0.992697001 0.027354391 -0.454412878 -0.820342898 0.112537451 -0.560688972 -72.409332275
-0.559929788 0.042217478 0.827464223 329.957733154 0.117157429 0.992699742 0.028630475 -0.440690577 -0.820214570 0.112974711 -0.560788691 -74.128372192
-0.563315392 0.040954627 0.825226784 332.078674316 0.116600186 0.992715001 0.030326743 -0.412073553 -0.817972660 0.113305181 -0.563987374 -75.573913574
-0.566343606 0.040574022 0.823170364 334.229095459 0.116765134 0.992662013 0.031406533 -0.356630772 -0.815855324 0.113904551 -0.566925824 -77.004356384
-0.569199622 0.039818980 0.821235001 336.400115967 0.114606261 0.992917240 0.031290568 -0.308240533 -0.814172149 0.111929312 -0.569732010 -78.489044189
-0.571844399 0.039282762 0.819421470 338.522979736 0.111069620 0.993362188 0.029890057 -0.238329530 -0.812807798 0.108105347 -0.572412193 -79.914871216
-0.575999796 0.038574360 0.816539586 340.922149658 0.108106747 0.993706167 0.029316299 -0.256460547 -0.810269117 0.105159685 -0.576545119 -81.381317139
-0.578482032 0.036687460 0.814870059 342.949310303 0.106633052 0.993815660 0.030955566 -0.180922464 -0.808694482 0.104799397 -0.578817010 -82.755874634
-0.581950605 0.035781004 0.812436938 345.166809082 0.106593668 0.993767738 0.032586258 -0.123379365 -0.806207180 0.105564304 -0.582138240 -84.309616089
-0.584208906 0.036513809 0.810781837 347.492523193 0.106903568 0.993744552 0.032275822 -0.040618546 -0.804531097 0.105531372 -0.584458411 -85.975982666
-0.587152064 0.035067789 0.808717072 349.685546875 0.104229443 0.994018912 0.032570738 0.007380873 -0.802737415 0.103416190 -0.587295830 -87.536643982
-0.590419590 0.031201907 0.806493461 351.672302246 0.101641275 0.994170606 0.035946999 0.068945684 -0.800669968 0.103196926 -0.590149760 -88.979728699
-0.593462408 0.028728817 0.804349184 353.772705078 0.098908767 0.994390309 0.037460111 0.129760757 -0.798760355 0.101788454 -0.592975318 -90.511802673
-0.595893562 0.028054927 0.802573562 355.881866455 0.097687542 0.994499445 0.037767004 0.200366303 -0.797098875 0.100906655 -0.595356941 -92.063644409
-0.597430706 0.029474696 0.801379085 355.912750244 0.098936804 0.994397879 0.037183821 0.202637315 -0.795793235 0.101500742 -0.597000420 -92.096397400
-0.597966611 0.029317781 0.800985038 355.924102783 0.099200383 0.994353652 0.037661511 0.204115301 -0.795357764 0.101978451 -0.597499132 -92.115051270
-0.598930895 0.029009661 0.800275445 355.922943115 0.098829389 0.994380832 0.037918642 0.206833079 -0.794678092 0.101801477 -0.598432958 -92.123054504
-0.600318074 0.027844679 0.799276829 355.947021484 0.095735013 0.994708657 0.037251361 0.211004704 -0.794009924 0.098881543 -0.599807918 -92.152740479
-0.600341141 0.025574563 0.799335420 356.011779785 0.087120771 0.995630801 0.033577133 0.225440100 -0.794983864 0.089796543 -0.599946797 -92.322555542
-0.605615497 0.028206795 0.795257807 356.084503174 0.079622880 0.996503234 0.025290810 0.194185615 -0.791763186 0.078637302 -0.605744302 -92.314857483
-0.607473373 0.040070530 0.793329120 356.100708008 0.090814330 0.995680809 0.019247819 0.173426747 -0.789130986 0.083738267 -0.608489215 -92.346626282
-0.609177649 0.040664580 0.791990936 356.127044678 0.097607516 0.994934738 0.023992367 0.139698446 -0.787003338 0.091919966 -0.610061824 -92.396484375
-0.611369193 0.030965034 0.790739834 356.166412354 0.095960073 0.994760215 0.035238229 0.132612407 -0.785505056 0.097423114 -0.611137807 -92.423469543
-0.614712536 0.020563981 0.788483500 356.218505859 0.089937948 0.994966507 0.044167742 0.138316467 -0.783606052 0.098065160 -0.613468528 -92.449165344
-0.618005455 0.014916405 0.786032617 356.268615723 0.084323704 0.995308936 0.047410380 0.159480169 -0.781637669 0.095581174 -0.616364837 -92.499465942
-0.621124148 0.014369783 0.783580780 356.298309326 0.083865777 0.995308459 0.048225686 0.174630821 -0.779211164 0.095669866 -0.619415939 -92.549667358
-0.626908123 0.019481093 0.778850019 356.391265869 0.089242473 0.994901896 0.046947520 0.183455825 -0.773964286 0.098938391 -0.625451267 -92.581802368
-0.632439613 0.026198285 0.774166882 356.419830322 0.094273761 0.994600773 0.043357112 0.190383673 -0.768850684 0.100404479 -0.631495297 -92.611236572
-0.635102689 0.028627455 0.771897376 356.432739258 0.094939329 0.994628072 0.041226424 0.188510716 -0.766570210 0.099466532 -0.634409368 -92.683166504
-0.642614126 0.028426781 0.765662789 356.491088867 0.093989626 0.994687796 0.041954901 0.187964648 -0.760402381 0.098925270 -0.641872823 -92.713165283
-0.645245671 0.028019540 0.763461471 356.476745605 0.094835781 0.994534492 0.043651178 0.188675553 -0.758065283 0.100569300 -0.644376934 -92.774414062
-0.646515965 0.027110834 0.762418926 356.455078125 0.095041022 0.994444311 0.045231480 0.198170081 -0.756956518 0.101704046 -0.645501375 -92.860969543
-0.648230314 0.027590778 0.760944664 358.637664795 0.095618695 0.994381189 0.045400407 0.306408614 -0.755416095 0.102190554 -0.647226810 -94.705673218
-0.651957512 0.027329532 0.757763207 358.645843506 0.094740033 0.994454086 0.045645550 0.307093143 -0.752312899 0.101549573 -0.650931537 -94.712768555
-0.652610779 0.028105255 0.757172227 358.619934082 0.095844112 0.994345784 0.045699734 0.308085293 -0.751606286 0.102394745 -0.651615024 -94.801734924
-0.656330168 0.027258011 0.753981590 358.681701660 0.096689634 0.994144499 0.048226554 0.310241073 -0.748251855 0.104554847 -0.655123174 -94.862335205
-0.661768317 0.026419073 0.749243200 358.688812256 0.097981654 0.993853867 0.051497921 0.309868276 -0.743277431 0.107491873 -0.660290122 -94.864402771
-0.663125813 0.026211023 0.748049378 358.649444580 0.099722132 0.993570209 0.053587154 0.326401889 -0.741834700 0.110132180 -0.661476374 -94.935585022
-0.664433300 0.026248908 0.746886969 360.437347412 0.098377660 0.993757367 0.052592102 0.409348965 -0.740843654 0.108421005 -0.662868321 -96.530921936
-0.668556511 0.026653804 0.743184030 360.425994873 0.094304726 0.994327068 0.049174152 0.418668091 -0.737657070 0.102961533 -0.667277932 -96.556671143
-0.675297678 0.025013436 0.737121463 360.509429932 0.088902943 0.994897068 0.047685720 0.420098215 -0.732166946 0.097734399 -0.674075961 -96.584953308
-0.680584133 0.023683228 0.732287526 360.522521973 0.086862139 0.995035589 0.048548352 0.415881574 -0.727502108 0.096649371 -0.679263115 -96.622505188
-0.686413288 0.021079076 0.726906538 360.531372070 0.082410738 0.995394230 0.048955191 0.406753838 -0.722526371 0.093508467 -0.684989512 -96.655937195
-0.692793965 0.020269815 0.720851123 360.542938232 0.076677434 0.996007681 0.045685969 0.416644335 -0.717046857 0.086924046 -0.691582799 -96.656455994
-0.693845809 0.021861916 0.719792187 360.483184814 0.076396957 0.996132016 0.043388031 0.424432278 -0.716059089 0.085094608 -0.692832649 -96.736358643
-0.699422538 0.017609905 0.714491904 360.627746582 0.066578045 0.996953785 0.040602185 0.417954236 -0.711600006 0.075967632 -0.698464811 -96.771621704
-0.699222386 0.016249970 0.714720011 362.503967285 0.068535253 0.996659636 0.044388983 0.487517238 -0.711610973 0.080021366 -0.698000848 -98.571784973
-0.698347688 0.015886826 0.715582788 364.514434814 0.073583931 0.996048927 0.049698111 0.588862717 -0.711965680 0.087362044 -0.696757913 -100.451599121
-0.696964204 0.015386984 0.716941297 366.471954346 0.077455834 0.995535076 0.053931430 0.718582511 -0.712910056 0.093119651 -0.695044518 -102.415184021
-0.695599020 0.011311134 0.718341649 368.225250244 0.070190154 0.996161580 0.052282207 0.764440775 -0.714992762 0.086788051 -0.693723321 -104.145584106
-0.695138991 0.009967515 0.718806744 370.099914551 0.062630557 0.996940494 0.046744023 0.861630440 -0.716141462 0.077512942 -0.693636835 -105.913246155
-0.693393409 0.007088779 0.720524848 371.868988037 0.057176560 0.997338772 0.045211390 0.926217139 -0.718286753 0.072546497 -0.691953838 -107.637062073
-0.691148162 0.006444143 0.722684860 373.676391602 0.055209503 0.997507930 0.043905526 0.994933367 -0.720600843 0.070244387 -0.689781964 -109.389999390
-0.688579321 0.007333277 0.725124478 375.546447754 0.057540271 0.997347414 0.044554029 1.086373091 -0.722874165 0.072402924 -0.687175214 -111.149719238
-0.686931789 0.006936269 0.726689339 377.401397705 0.057625744 0.997324586 0.044953525 1.168107390 -0.724433184 0.072756112 -0.685494065 -112.842330933
-0.684364021 0.007643338 0.729101002 379.319549561 0.055372726 0.997601151 0.041517019 1.254851222 -0.727034509 0.068785153 -0.683146000 -114.630661011
-0.682441771 0.003713979 0.730931103 379.671295166 0.050161727 0.997866452 0.041763730 1.278756261 -0.729216278 0.065166168 -0.681172490 -115.110603333
-0.681693077 -0.002624165 0.731634140 381.319305420 0.041826859 0.998217225 0.042552102 1.322152138 -0.730441213 0.059609521 -0.680368423 -116.662422180
-0.682001114 -0.006251563 0.731324971 383.095855713 0.034777727 0.998553932 0.040968075 1.367395997 -0.730523288 0.053374190 -0.680797875 -117.860206604
-0.681520998 -0.006917134 0.731766403 385.212951660 0.033108108 0.998638928 0.040274594 1.456156373 -0.731048763 0.051675484 -0.680364788 -119.658866882
-0.680501044 -0.006621388 0.732717633 385.790435791 0.035170268 0.998510480 0.041687183 1.477647662 -0.731902063 0.054138154 -0.679254949 -120.172668457
-0.679612100 -0.007475552 0.733534038 386.537628174 0.036803111 0.998340368 0.044271961 1.517251730 -0.732647359 0.057084199 -0.678209484 -120.721900940
-0.678451061 -0.009745325 0.734581411 388.348297119 0.035218798 0.998329878 0.045772038 1.597103357 -0.733800352 0.056925271 -0.676975191 -122.367225647
-0.678007782 -0.010309982 0.734982848 390.266693115 0.032195609 0.998524547 0.043706667 1.692610025 -0.734348714 0.053296793 -0.676675856 -124.078941345
-0.677230060 -0.009631580 0.735708714 392.213775635 0.030979715 0.998653352 0.041591197 1.768664360 -0.735118270 0.050958965 -0.676020026 -125.837783813
-0.676373959 -0.008298232 0.736512065 394.100524902 0.031646032 0.998684824 0.040314171 1.827178717 -0.735877633 0.050575249 -0.675222158 -127.561439514
-0.675157249 -0.007234155 0.737638772 394.529418945 0.034373458 0.998556256 0.041254882 1.844290495 -0.736871958 0.053208835 -0.673934162 -128.010421753
-0.674223304 -0.006885430 0.738495827 395.446990967 0.036458269 0.998426080 0.042594157 1.885561466 -0.737626433 0.055642363 -0.672911465 -128.630233765
