1.000000000 0.000000000 0.000000000 0.000000000 0.000000000 1.000000000 0.000000000 0.000000000 0.000000000 0.000000000 1.000000000 0.000000000
0.999933362 -0.002629750 0.011241846 0.015330585 0.002617637 0.999996006 0.001092088 -0.005837036 -0.011244672 -0.001062588 0.999936223 0.284125984
0.999827921 -0.004481406 0.018002810 0.025865778 0.004458945 0.999989271 0.001287594 -0.012204755 -0.018008385 -0.001207099 0.999837101 0.569029450
0.999778986 -0.007175968 0.019762570 0.037010167 0.007173040 0.999974251 0.000219073 -0.020295266 -0.019763630 -0.000077267 0.999804616 0.846194863
0.999812782 -0.008558209 0.017357092 0.049153402 0.008581381 0.999962330 -0.001260969 -0.024841219 -0.017345643 0.001409681 0.999848485 1.138691425
0.999878287 -0.011028640 0.011037322 0.034700248 0.011056461 0.999935746 -0.002462811 -0.032666970 -0.011009450 0.002584545 0.999935985 1.429534674
0.999918759 -0.012621054 -0.001798135 0.034597419 0.012613495 0.999911726 -0.004155215 -0.042363830 0.001850422 0.004132196 0.999989688 1.729054689
0.999753296 -0.011898828 -0.018753693 0.027982276 0.011818492 0.999920487 -0.004388727 -0.048014551 0.018804424 0.004166004 0.999814451 2.060521603
0.999259353 -0.007587236 -0.037724905 -0.013805818 0.007438905 0.999963999 -0.004070710 -0.059882686 0.037754435 0.003787064 0.999279857 2.387887001
0.998335779 -0.004268377 -0.057510521 -0.054418884 0.003975000 0.999978483 -0.005214687 -0.067057259 0.057531543 0.004977405 0.998331249 2.730174541
0.996918261 -0.004427125 -0.078322031 -0.085360967 0.003998453 0.999976158 -0.005629153 -0.070343077 0.078345083 0.005298639 0.996912181 3.101635933
0.995010436 -0.005893711 -0.099596120 -0.131456852 0.005453168 0.999974072 -0.004694941 -0.080080099 0.099621207 0.004128402 0.995016873 3.451795578
0.992848933 -0.007098100 -0.119165927 -0.191725016 0.006692167 0.999970317 -0.003806275 -0.085327119 0.119189404 0.002981578 0.992867053 3.824907064
0.990626037 -0.005984367 -0.136470199 -0.275030375 0.005630087 0.999979675 -0.002981861 -0.095697403 0.136485279 0.002185571 0.990639687 4.197691441
0.988304317 -0.004966392 -0.152413115 -0.346059084 0.004681024 0.999986470 -0.002231102 -0.102144465 0.152422145 0.001491559 0.988314331 4.606483936
0.986054361 -0.004561741 -0.166360945 -0.423469245 0.004216905 0.999988079 -0.002425992 -0.107786074 0.166370034 0.001690633 0.986061931 5.031981468
0.983911335 -0.006201120 -0.178549975 -0.508001685 0.005719674 0.999978423 -0.003211063 -0.116081782 0.178566039 0.002138154 0.983925581 5.459869385
0.982084274 -0.009681422 -0.188193396 -0.595474720 0.008786846 0.999945700 -0.005587205 -0.121592209 0.188237295 0.003833481 0.982116103 5.894367218
0.980492949 -0.009044768 -0.196346089 -0.689939201 0.007767639 0.999943256 -0.007273599 -0.130201399 0.196400777 0.005606567 0.980507731 6.344160080
0.979011714 -0.008655023 -0.203620061 -0.802660584 0.006969580 0.999935150 -0.008993046 -0.136045486 0.203684717 0.007385152 0.979008734 6.813114166
0.977268934 -0.009387112 -0.211795375 -0.913879037 0.007034572 0.999904871 -0.011858394 -0.144871786 0.211886555 0.010098953 0.977242112 7.294956207
0.975490570 -0.013330285 -0.219637260 -1.027381659 0.010610136 0.999851704 -0.013559734 -0.153381944 0.219785452 0.010897013 0.975487411 7.790331364
0.973595560 -0.019650353 -0.227432489 -1.140583873 0.016704131 0.999749780 -0.014871979 -0.163205445 0.227667838 0.010680233 0.973680317 8.295042038
0.971475422 -0.020339828 -0.236266375 -1.267799020 0.016727434 0.999710560 -0.017284114 -0.176046118 0.236549571 0.012838963 0.971534669 8.810148239
0.969413996 -0.016384009 -0.244883791 -1.417242885 0.011453442 0.999702096 -0.021544950 -0.190509975 0.245163888 0.018081218 0.969313085 9.324066162
0.967206538 -0.013241324 -0.253645599 -1.572427154 0.007208977 0.999668777 -0.024697356 -0.205020398 0.253888667 0.022058927 0.966981947 9.852653503
0.964997411 -0.015365317 -0.261808783 -1.733897924 0.008708048 0.999608815 -0.026569277 -0.225026786 0.262114704 0.023359448 0.964754045 10.407480240
0.962646425 -0.018236665 -0.270146906 -1.900464892 0.010865868 0.999527216 -0.028754948 -0.244558454 0.270543665 0.024745474 0.962389708 10.969501495
0.960453451 -0.017530212 -0.277888119 -2.077206612 0.009193782 0.999468386 -0.031274091 -0.267204672 0.278288692 0.027482476 0.960104346 11.531645775
0.958163679 -0.016469819 -0.285746455 -2.264514446 0.006809007 0.999372005 -0.034769770 -0.293597072 0.286139697 0.031369492 0.957674444 12.108581543
0.955894828 -0.017420206 -0.293191940 -2.455357552 0.005940847 0.999181926 -0.039998151 -0.321002007 0.293648928 0.036492229 0.955216706 12.698923111
0.954181790 -0.018702010 -0.298642457 -2.653539896 0.004709717 0.998859704 -0.047504175 -0.355352491 0.299190462 0.043921109 0.953182220 13.283373833
0.952894092 -0.019347290 -0.302685529 -2.859843969 0.002606801 0.998448789 -0.055613093 -0.390766144 0.303292066 0.052204359 0.951466739 13.892620087
0.951646030 -0.019384671 -0.306584507 -3.069206238 -0.000348858 0.997937977 -0.064180337 -0.433514923 0.307196558 0.061183929 0.949677348 14.498825073
0.950335503 -0.018821655 -0.310657591 -3.290252209 -0.004135790 0.997317553 -0.073075838 -0.480847716 0.311199784 0.070731394 0.947708845 15.124192238
0.949051559 -0.018042492 -0.314603925 -3.518973589 -0.007529670 0.996775806 -0.079879411 -0.538827717 0.315030903 0.078178555 0.945856214 15.773974419
0.947507679 -0.016020900 -0.319331199 -3.758356571 -0.012284094 0.996182144 -0.086427577 -0.602789164 0.319496781 0.085813507 0.943693936 16.430740356
0.945915163 -0.015096616 -0.324062407 -4.004091263 -0.015684361 0.995620131 -0.092163064 -0.668383360 0.324034512 0.092261173 0.941535890 17.099397659
0.944288075 -0.013086258 -0.328859478 -4.258280754 -0.020179121 0.995027006 -0.097537406 -0.739294112 0.328500569 0.098739535 0.939328611 17.767492294
0.942600727 -0.010518053 -0.333756030 -4.523353100 -0.024491139 0.994633973 -0.100513525 -0.815456450 0.333022386 0.102918215 0.937285602 18.456308365
0.940823376 -0.009622656 -0.338760436 -4.786886692 -0.026480988 0.994452894 -0.101792373 -0.894666672 0.337860882 0.104739383 0.935350239 19.154897690
0.938605130 -0.009367125 -0.344866097 -5.061498642 -0.027115395 0.994535625 -0.100811899 -0.979298890 0.343926013 0.103973761 0.933222711 19.872716904
0.936374784 -0.008696401 -0.350894034 -5.343781471 -0.027954951 0.994669437 -0.099250391 -1.061532855 0.349886775 0.102744803 0.931140661 20.584114075
0.933902383 -0.008650701 -0.357423365 -5.632060528 -0.028097169 0.994839311 -0.097492471 -1.141432524 0.356422216 0.101091050 0.928840101 21.297689438
0.930754364 -0.007715994 -0.365563571 -5.933322430 -0.028798340 0.995124340 -0.094327159 -1.224725723 0.364509046 0.098323055 0.925994515 22.036272049
0.927514970 -0.005369339 -0.373747408 -6.242323875 -0.029941268 0.995616198 -0.088607416 -1.301997423 0.372584760 0.093375184 0.923288524 22.762727737
0.924084365 -0.001654346 -0.382184952 -6.571347237 -0.032820418 0.995952785 -0.083667606 -1.376648188 0.380776614 0.089859404 0.920290411 23.511037827
0.920553863 0.002406970 -0.390608281 -6.909605980 -0.036408003 0.996156335 -0.079665028 -1.450784326 0.388915181 0.087557219 0.917103410 24.260295868
0.916771054 0.003524033 -0.399397641 -7.255755901 -0.037735809 0.996252179 -0.077827908 -1.523301959 0.397626489 0.086421974 0.913468301 25.018211365
0.912785411 0.003463148 -0.408424884 -7.611156464 -0.038348708 0.996273100 -0.077257559 -1.593219638 0.406635195 0.086182140 0.909516573 25.792976379
0.908953428 0.003621693 -0.416882038 -7.972763062 -0.038800135 0.996356726 -0.075942412 -1.662319899 0.415088236 0.085203193 0.905782640 26.561172485
0.905123055 0.005058457 -0.425119817 -8.348657608 -0.040428396 0.996421814 -0.074219830 -1.733392119 0.423223287 0.084364988 0.902089000 27.329555511
0.901391208 0.004425854 -0.432983249 -8.738120079 -0.039472625 0.996623933 -0.071987465 -1.804249287 0.431202888 0.081979848 0.898522854 28.112630844
0.897564292 0.004997307 -0.440855443 -9.131306648 -0.038849834 0.996942282 -0.067795910 -1.873961806 0.439168721 0.077978343 0.895014048 28.892740250
0.893940866 0.007545278 -0.448121548 -9.541234970 -0.039552737 0.997285008 -0.062110413 -1.941619635 0.446436346 0.073247463 0.891812384 29.679588318
0.890129268 0.007633410 -0.455644339 -9.956086159 -0.038179040 0.997593403 -0.057872422 -2.001390457 0.454106122 0.068909988 0.888278663 30.470710754
0.886583328 0.007380452 -0.462510109 -10.386267662 -0.037522271 0.997724891 -0.056005172 -2.063479662 0.461044639 0.067007668 0.884843349 31.269546509
0.883369327 0.006962325 -0.468625784 -10.821866989 -0.037035838 0.997799575 -0.054989118 -2.119766951 0.467211902 0.065931641 0.881683648 32.068286896
0.880197823 0.007414165 -0.474549025 -11.273444176 -0.037023254 0.997903466 -0.053080224 -2.173965931 0.473160714 0.064290434 0.878627181 32.890785217
0.877223670 0.006017693 -0.480044246 -11.736155510 -0.035159219 0.998041332 -0.051738139 -2.234301090 0.478792816 0.062263887 0.875717282 33.727069855
0.874855459 0.005239619 -0.484355807 -12.267609596 -0.034542713 0.998070300 -0.051595081 -2.297019720 0.483150929 0.061869189 0.873348415 34.599090576
0.872763515 0.004096140 -0.488126189 -12.757469177 -0.033789176 0.998073041 -0.052039243 -2.352255106 0.486972570 0.061911322 0.871220291 35.462081909
0.871513784 0.004537597 -0.490350097 -13.276863098 -0.034709051 0.998019755 -0.052453969 -2.409882307 0.489141256 0.062733933 0.869945586 36.334037781
0.871072054 0.004697378 -0.491132915 -13.779904366 -0.034380272 0.998084426 -0.051430713 -2.468192101 0.489950687 0.061685130 0.869565010 37.196369171
0.870973825 0.005116107 -0.491302788 -14.297701836 -0.033871431 0.998191833 -0.049652223 -2.530192137 0.490160614 0.059886906 0.869572401 38.092319489
0.870639086 0.003810487 -0.491907626 -14.809108734 -0.032102231 0.998278320 -0.049085490 -2.588360071 0.490873933 0.058527067 0.869262576 38.997566223
0.870062232 0.001907290 -0.492938310 -15.333292961 -0.030401932 0.998296201 -0.049798384 -2.647415400 0.492003709 0.058313958 0.868637979 39.896057129
0.868962705 -0.000300282 -0.494877666 -15.855428696 -0.028268602 0.998336554 -0.050243005 -2.704100847 0.494069815 0.057648782 0.867508948 40.796970367
0.867418230 -0.000697016 -0.497579545 -16.401367188 -0.026762363 0.998485923 -0.048052855 -2.771257639 0.496859908 0.054998312 0.866086364 41.732246399
0.865426898 0.000032465 -0.501035571 -16.959844589 -0.025546608 0.998701870 -0.044061337 -2.831169605 0.500383914 0.050931603 0.864304423 42.664455414
0.862617135 -0.000158611 -0.505857706 -17.507478714 -0.023266066 0.998928964 -0.039987821 -2.890602112 0.505322456 0.046263471 0.861689687 43.597908020
0.858613431 -0.000841924 -0.512623310 -18.050384521 -0.021603798 0.999050498 -0.037825894 -2.951053858 0.512168586 0.043552402 0.857780099 44.499687195
0.853376091 -0.004631969 -0.521275520 -18.604759216 -0.018935071 0.999024928 -0.039875634 -3.008652687 0.520952106 0.043899272 0.852456391 45.396526337
0.847355664 -0.008430122 -0.530959129 -19.163116455 -0.016986696 0.998931646 -0.042969212 -3.064419270 0.530754268 0.045429416 0.846307397 46.280330658
0.841296792 -0.008436105 -0.540507972 -19.741012573 -0.017059760 0.998965502 -0.042144995 -3.121963024 0.540304542 0.044677351 0.840282738 47.164779663
0.835413039 -0.005561438 -0.549594700 -20.333879471 -0.017570402 0.999167144 -0.036818687 -3.180070400 0.549341977 0.040415376 0.834619761 48.059532166
0.830252171 -0.001101748 -0.557387054 -20.939990997 -0.020410230 0.999266982 -0.032377113 -3.234687090 0.557014406 0.038257528 0.829621315 48.938392639
0.826222897 -0.001051329 -0.563342571 -21.552942276 -0.021751614 0.999192715 -0.033766605 -3.287104368 0.562923610 0.040152315 0.825533211 49.817562103
0.822843730 -0.003098481 -0.568259478 -22.171695709 -0.022311261 0.999037623 -0.037754208 -3.342447996 0.567829847 0.043744359 0.821982920 50.700466156
0.819842577 -0.005148105 -0.572566152 -22.787971497 -0.024870079 0.998695374 -0.044590387 -3.400583982 0.572048962 0.050796822 0.818645120 51.554103851
0.816730559 -0.006290997 -0.576985240 -23.412572861 -0.024759531 0.998637140 -0.045935836 -3.463437080 0.576488137 0.051803045 0.815461874 52.423236847
0.813332319 -0.004581086 -0.581781745 -24.032022476 -0.024281295 0.998830080 -0.041810352 -3.521852493 0.581292927 0.048132081 0.812269747 53.283134460
0.810248196 -0.001743505 -0.586084664 -24.672019958 -0.024391189 0.999028504 -0.036692210 -3.576193094 0.585579515 0.044025056 0.809418738 54.152820587
0.807437956 0.000531473 -0.589952588 -25.311716080 -0.025236296 0.999114990 -0.033639576 -3.632111073 0.589412808 0.042050045 0.806736946 54.991165161
0.804359615 0.000948182 -0.594142318 -25.956762314 -0.026195658 0.999082506 -0.033869710 -3.687431574 0.593565345 0.042807333 0.803646624 55.839954376
0.800720215 -0.000424637 -0.599038661 -26.615699768 -0.025954425 0.999035656 -0.035400841 -3.737717152 0.598476350 0.043893829 0.799937248 56.714504242
0.796847641 -0.002979088 -0.604173183 -27.267915726 -0.025116624 0.998959601 -0.038052212 -3.788590193 0.603658319 0.045496564 0.795944035 57.557327271
0.792566955 -0.004113959 -0.609771252 -27.927696228 -0.024244808 0.998973489 -0.038252670 -3.844955444 0.609303117 0.045101542 0.791653812 58.406524658
0.788076699 -0.004139982 -0.615563333 -28.595701218 -0.023744777 0.999028325 -0.037118316 -3.901406765 0.615119278 0.043868449 0.787212789 59.248241425
0.783131182 -0.003983087 -0.621843994 -29.276266098 -0.023798848 0.999054551 -0.036370777 -3.956709146 0.621401310 0.043282211 0.782296062 60.095638275
0.777830303 -0.005327911 -0.628452003 -29.961429596 -0.023302378 0.999031603 -0.037310813 -4.010564804 0.628042519 0.043665860 0.776952922 60.931632996
0.772495925 -0.006749158 -0.634984076 -30.644289017 -0.022592526 0.999018013 -0.038103588 -4.065470695 0.634617984 0.043780711 0.771584868 61.745292664
0.767076612 -0.007783355 -0.641508520 -31.341697693 -0.022483626 0.998985648 -0.039005145 -4.118909359 0.641161621 0.044343323 0.766123533 62.562599182
0.761504710 -0.009018147 -0.648096919 -32.069461823 -0.022238016 0.998950660 -0.040029582 -4.176031590 0.647777975 0.044895049 0.760505021 63.397357941
0.755708456 -0.010305992 -0.654827416 -32.788200378 -0.021863578 0.998921454 -0.040953353 -4.236343861 0.654543340 0.045265608 0.754667997 64.199264526
0.749684274 -0.011112071 -0.661702752 -33.535785675 -0.021315277 0.998934507 -0.040924676 -4.293277740 0.661452532 0.044784907 0.748648584 65.024040222
0.743797779 -0.010888679 -0.668316424 -34.314346313 -0.020544121 0.999022126 -0.039141212 -4.351384163 0.668089092 0.042843062 0.742846727 65.842094421
0.737841606 -0.011062490 -0.674883664 -35.114757538 -0.020208048 0.999055088 -0.038469430 -4.410169601 0.674671531 0.042022370 0.736920893 66.655258179
0.731379092 -0.013022278 -0.681847215 -35.849506378 -0.018688552 0.999059141 -0.039126739 -4.464259624 0.681715190 0.041359164 0.730447650 67.444633484
0.725278854 -0.014837211 -0.688295662 -36.665184021 -0.018099371 0.999010921 -0.040607028 -4.525901318 0.688217342 0.041909091 0.724293053 68.264305115
0.719393194 -0.014033291 -0.694461584 -37.468044281 -0.019602934 0.998987138 -0.040493682 -4.583245277 0.694326401 0.042744320 0.718389571 69.067871094
0.714547634 -0.012941324 -0.699467301 -38.300968170 -0.020541878 0.999009371 -0.039468128 -4.645739555 0.699285090 0.042570185 0.713574052 69.864028931
0.709510386 -0.012571532 -0.704583108 -39.099529266 -0.021260705 0.999003530 -0.039234132 -4.703035831 0.704374194 0.042816911 0.708536148 70.665756226
0.704771221 -0.013413378 -0.709308147 -39.913349152 -0.021339232 0.998967707 -0.040093742 -4.766885757 0.709113657 0.043392960 0.703757465 71.460052490
0.699644208 -0.014807166 -0.714338303 -40.721328735 -0.022434253 0.998836637 -0.042677179 -4.828592300 0.714139163 0.045884438 0.698498070 72.238182068
0.694623530 -0.017478071 -0.719161451 -41.549285889 -0.021721397 0.998739064 -0.045253024 -4.887786388 0.719045460 0.047054958 0.693367898 73.028884888
0.689561367 -0.017928639 -0.724005699 -42.395080566 -0.022195388 0.998700500 -0.045870394 -4.950329781 0.723887146 0.047699988 0.688267231 73.820533752
0.684766889 -0.017657813 -0.728548646 -43.245979309 -0.021293430 0.998794496 -0.044221573 -5.015948772 0.728451133 0.045794714 0.683565319 74.604690552
0.679532051 -0.017923562 -0.733427286 -44.127792358 -0.020456124 0.998849630 -0.043362908 -5.075675964 0.733360648 0.044469513 0.678383589 75.419204712
0.674368918 -0.019345643 -0.738141596 -44.991313934 -0.019415198 0.998846233 -0.043916140 -5.137192249 0.738139391 0.043946788 0.673215091 76.199005127
0.669657290 -0.020322578 -0.742392600 -45.870723724 -0.018436866 0.998862207 -0.043973822 -5.203537464 0.742441416 0.043134723 0.668520570 76.981857300
0.665296972 -0.020739852 -0.746291161 -46.752811432 -0.017574683 0.998901665 -0.043427370 -5.272685528 0.746371984 0.042007867 0.664201677 77.755027771
0.661223531 -0.021695243 -0.749875665 -47.651599884 -0.016137896 0.998938739 -0.043131128 -5.338876724 0.750015438 0.040620670 0.660171568 78.538459778
0.657153547 -0.024451943 -0.753360510 -48.550289154 -0.013552542 0.998928487 -0.044244230 -5.404806614 0.753634870 0.039285146 0.656117976 79.327911377
0.652689040 -0.029332986 -0.757058322 -49.452297211 -0.009946914 0.998831987 -0.047276385 -5.473405361 0.757560551 0.038387120 0.651634932 80.115081787
0.648064613 -0.033328664 -0.760856211 -50.363243103 -0.005814639 0.998796046 -0.048704095 -5.542999744 0.761563122 0.035987455 0.647090554 80.885757446
0.641361237 -0.036954693 -0.766348958 -51.274784088 -0.000884347 0.998802781 -0.048904162 -5.610151291 0.767238438 0.032042906 0.640560806 81.650924683
0.633137822 -0.040617611 -0.772973001 -52.202205658 0.003870200 0.998775601 -0.049312875 -5.680284500 0.774029195 0.028230244 0.632519960 82.408378601
0.623858929 -0.041612606 -0.780428708 -53.142890930 0.006851058 0.998834074 -0.047781438 -5.751465797 0.781506717 0.024462076 0.623416781 83.175270081
0.615147173 -0.040374406 -0.787378192 -54.119373322 0.007359440 0.998938203 -0.045472953 -5.815634251 0.788377702 0.022177858 0.614791274 83.930946350
0.606175125 -0.040156737 -0.794317186 -55.095451355 0.006829351 0.998950243 -0.045290239 -5.884298325 0.795301676 0.022029107 0.605813146 84.667510986
0.596902609 -0.041463163 -0.801241994 -56.072261810 0.005907806 0.998863578 -0.047288675 -5.950398445 0.802291751 0.023493109 0.596469223 85.379676819
0.587233365 -0.043534193 -0.808246553 -57.067794800 0.006513041 0.998774171 -0.049064446 -6.022669315 0.809391320 0.023548093 0.586796999 86.090118408
0.577230692 -0.045185558 -0.815330446 -58.095993042 0.007045831 0.998706102 -0.050359998 -6.096467018 0.816550553 0.023324611 0.576802135 86.822738647
0.567184865 -0.046100538 -0.822299719 -59.137145996 0.009793003 0.998738945 -0.049237486 -6.165277958 0.823532164 0.019873925 0.566920936 87.545738220
0.556745887 -0.046134677 -0.829401255 -60.166530609 0.011125762 0.998780966 -0.048087977 -6.243564129 0.830608249 0.017545013 0.556580305 88.249130249
0.546601415 -0.046643522 -0.836093366 -61.196426392 0.011173782 0.998764634 -0.048413623 -6.316139221 0.837318301 0.017120577 0.546447158 88.918228149
0.536594450 -0.047869306 -0.842481911 -62.258331299 0.010635573 0.998693764 -0.049971167 -6.384298325 0.843773127 0.017853921 0.536402464 89.576469421
0.526567876 -0.048293233 -0.848760784 -63.329044342 0.009246448 0.998651206 -0.051085338 -6.461205959 0.850082695 0.019051824 0.526304007 90.227020264
0.516716957 -0.049194694 -0.854742289 -64.407196045 0.008197519 0.998585999 -0.052518006 -6.542475224 0.856116891 0.020130124 0.516389430 90.868843079
0.507280707 -0.048800364 -0.860398591 -65.475852966 0.006990133 0.998595238 -0.052517377 -6.622532368 0.861752391 0.020626698 0.506909072 91.482116699
0.498608917 -0.046737041 -0.865566730 -66.573196411 0.006282386 0.998713732 -0.050307494 -6.699168205 0.866804123 0.019645888 0.498261064 92.104591370
0.490497530 -0.045167334 -0.870271802 -67.682991028 0.007050107 0.998828590 -0.047865950 -6.781759739 0.871413946 0.017342569 0.490241289 92.732887268
0.483100176 -0.045156125 -0.874400377 -68.769104004 0.006710835 0.998830497 -0.047874328 -6.862128735 0.875539243 0.017260090 0.482838154 93.308296204
0.475309461 -0.048184913 -0.878498733 -69.904716492 0.008402425 0.998701930 -0.050231870 -6.944083691 0.879778385 0.016494116 0.475097299 93.923622131
0.468377084 -0.051467288 -0.882028818 -71.027473450 0.011048933 0.998564661 -0.052400067 -7.029760361 0.883459330 0.014797469 0.468273491 94.517601013
0.461948961 -0.053980831 -0.885262668 -72.135406494 0.012173570 0.998437583 -0.054529510 -7.118610382 0.886822701 0.014412997 0.461884379 95.102127075
0.456534386 -0.057403147 -0.887852430 -73.280975342 0.014030900 0.998256505 -0.057326525 -7.208570957 0.889594853 0.013714115 0.456543893 95.687927246
0.451894790 -0.058302853 -0.890164375 -74.429122925 0.016525496 0.998237431 -0.056992095 -7.299819946 0.891917944 0.011043978 0.452061862 96.269035339
0.447596341 -0.055594180 -0.892506301 -75.555892944 0.018131196 0.998424232 -0.053098947 -7.391779900 0.894051671 0.007584642 0.447899103 96.839164734
0.443748981 -0.053675421 -0.894542575 -76.675636292 0.021176605 0.998553514 -0.049411520 -7.476855278 0.895900607 0.002982891 0.444243878 97.394279480
0.440440923 -0.053094145 -0.896210551 -77.824180603 0.022694482 0.998588741 -0.048006196 -7.564181328 0.897494495 0.000804812 0.441024363 97.953582764
0.437625706 -0.052777622 -0.897607267 -78.934257507 0.024252811 0.998605072 -0.046891745 -7.648362637 0.898829818 -0.001248512 0.438295335 98.483917236
0.435506940 -0.051666338 -0.898701727 -80.062652588 0.025879757 0.998657107 -0.044871576 -7.731360912 0.899813056 -0.003716346 0.436259270 99.014846802
0.433319926 -0.050661366 -0.899815381 -81.205459595 0.027263276 0.998698354 -0.043099638 -7.811217308 0.900827467 -0.005856029 0.434137166 99.551856995
0.430923283 -0.051471297 -0.900919676 -82.311241150 0.029389767 0.998642445 -0.042996842 -7.889433384 0.901909649 -0.007949526 0.431851089 100.082496643
0.429279834 -0.052826267 -0.901625574 -83.462600708 0.032706443 0.998542070 -0.042932514 -7.947808266 0.902578950 -0.011058949 0.430381835 100.595710754
0.427842200 -0.051873796 -0.902363956 -84.583702087 0.035903461 0.998538733 -0.040379494 -8.025636673 0.903139889 -0.015121983 0.429079562 101.090988159
0.426454008 -0.051213868 -0.903058529 -85.683044434 0.037404206 0.998539805 -0.038965289 -8.092542648 0.903735399 -0.017161328 0.427747011 101.587768555
0.425178289 -0.052270889 -0.903599322 -86.759948730 0.039568946 0.998449624 -0.039139040 -8.164011002 0.904244125 -0.019113444 0.426587462 102.085258484
0.424460769 -0.053567607 -0.903860688 -87.833862305 0.040666815 0.998368502 -0.040071182 -8.230057716 0.904532433 -0.019748526 0.425946772 102.578834534
0.424163520 -0.054668747 -0.903934240 -88.892395020 0.040528093 0.998321533 -0.041359723 -8.302330971 0.904678106 -0.019091479 0.425667316 103.065391541
0.425244778 -0.056015916 -0.903343558 -89.983039856 0.040539235 0.998259604 -0.042817984 -8.362100601 0.904169858 -0.018412763 0.426775664 103.543937683
0.428189516 -0.056396946 -0.901927710 -91.052215576 0.039196946 0.998270035 -0.043812472 -8.422029495 0.902838290 -0.016592801 0.429659516 104.015258789
0.432644695 -0.056549069 -0.899789512 -92.079833984 0.036910918 0.998304665 -0.044992641 -8.492128372 0.900808394 -0.013746265 0.433998674 104.495849609
0.437223881 -0.057008639 -0.897544205 -93.088218689 0.035632215 0.998302877 -0.046050820 -8.564029694 0.898646355 -0.011847009 0.438513339 104.990554810
0.443043172 -0.057187133 -0.894674659 -94.092346191 0.035147965 0.998303592 -0.046405774 -8.628968239 0.895810843 -0.010886267 0.444301754 105.477874756
0.450131357 -0.056021437 -0.891203582 -95.090560913 0.034075733 0.998380303 -0.045547575 -8.697464943 0.892311811 -0.009866058 0.451311409 105.967689514
0.457327545 -0.054737814 -0.887612402 -96.074188232 0.032826636 0.998462200 -0.044660404 -8.766109467 0.888692141 -0.008712929 0.458421230 106.472206116
0.465797096 -0.054770108 -0.883195221 -97.060249329 0.032872546 0.998464167 -0.044581395 -8.826875687 0.884280622 -0.008267026 0.466882288 106.988471985
0.475666523 -0.054305054 -0.877948046 -98.036277771 0.031963371 0.998499811 -0.044444203 -8.894981384 0.879044652 -0.006921591 0.476688862 107.498397827
0.485018730 -0.055236861 -0.872757792 -98.983772278 0.030927384 0.998461783 -0.046005383 -8.956807137 0.873956561 -0.004678676 0.485981107 108.035255432
0.495530188 -0.056558490 -0.866747618 -99.931518555 0.028892528 0.998398304 -0.048631005 -9.024240494 0.868109882 -0.000944430 0.496370733 108.560592651
0.506950140 -0.057275794 -0.860070646 -100.880104065 0.027018517 0.998354971 -0.050559293 -9.093249321 0.861551702 0.002393177 0.507663846 109.110412598
0.519518852 -0.055347871 -0.852664769 -101.811172485 0.024733534 0.998455286 -0.049741540 -9.163430214 0.854100823 0.004752226 0.520085454 109.655410767
0.532122314 -0.052803695 -0.845019519 -102.731201172 0.023122652 0.998586833 -0.047839150 -9.231824875 0.846351564 0.005917160 0.532591522 110.226943970
0.544207871 -0.050237343 -0.837445140 -103.634094238 0.021984251 0.998716116 -0.045625515 -9.301570892 0.838662207 0.006419131 0.544613838 110.805412292
0.555521429 -0.049645379 -0.830019057 -104.525756836 0.021923570 0.998742938 -0.045064006 -9.371261597 0.831212997 0.006837013 0.555911779 111.396682739
0.566853344 -0.050474837 -0.822271168 -105.412864685 0.022477372 0.998696744 -0.045809340 -9.435045242 0.823511899 0.007484656 0.567249417 112.003448486
0.577872157 -0.051418498 -0.814506054 -106.271858215 0.022583736 0.998638034 -0.047019873 -9.503405571 0.815814674 0.008776859 0.578246593 112.606582642
0.588752568 -0.053069040 -0.806569457 -107.130325317 0.024726564 0.998557270 -0.047652025 -9.574239731 0.807934999 0.008111535 0.589215696 113.228195190
0.598827481 -0.053123523 -0.799114347 -107.964286804 0.025051847 0.998551250 -0.047608763 -9.639616013 0.800486088 0.008490120 0.599291027 113.863090515
0.609324574 -0.050728388 -0.791296661 -108.787330627 0.024026046 0.998673737 -0.045522090 -9.707445145 0.792556703 0.008725972 0.609735548 114.488822937
0.619074643 -0.048027918 -0.783862352 -109.587791443 0.024376210 0.998821795 -0.041946992 -9.772041321 0.784953654 0.006860700 0.619516313 115.119132996
0.629014075 -0.046033762 -0.776029944 -110.376243591 0.022691274 0.998906493 -0.040862232 -9.833104134 0.777062595 0.008093786 0.629371107 115.753959656
0.638890862 -0.045292478 -0.767963171 -111.142356873 0.020851679 0.998917520 -0.041566487 -9.898611069 0.769014716 0.010543101 0.639144003 116.388061523
0.648280084 -0.045188449 -0.760060072 -111.912467957 0.019229123 0.998889923 -0.042986684 -9.954009056 0.761159062 0.013252096 0.648429692 117.029716492
0.657123625 -0.044700082 -0.752456605 -112.661247253 0.019136280 0.998907030 -0.042628855 -10.011988640 0.753539860 0.013613180 0.657261133 117.690559387
0.666183949 -0.042599440 -0.744570136 -113.388862610 0.018698452 0.999006867 -0.040426765 -10.071520805 0.745553017 0.013009326 0.666319251 118.340751648
0.674900293 -0.040842511 -0.736778021 -114.108627319 0.018869037 0.999095082 -0.038099494 -10.130501747 0.737667680 0.011811041 0.675060630 118.988082886
0.682995319 -0.040249038 -0.729313254 -114.807632446 0.019123109 0.999122977 -0.037230618 -10.184497833 0.730172455 0.011481575 0.683166385 119.635437012
0.690783262 -0.039391957 -0.721988380 -115.497261047 0.017943140 0.999140561 -0.037345920 -10.236015320 0.722839236 0.012843171 0.690896749 120.282440186
0.698127389 -0.038456321 -0.714940310 -116.178863525 0.017299291 0.999170184 -0.036852501 -10.285330772 0.715764523 0.013359755 0.698213696 120.946311951
0.705139399 -0.035679977 -0.708170712 -116.846580505 0.016436160 0.999286532 -0.033981603 -10.337490082 0.708878160 0.012322133 0.705223024 121.612251282
0.712504268 -0.032665394 -0.700907290 -117.512390137 0.015158108 0.999398470 -0.031167556 -10.387756348 0.701503992 0.011582561 0.712571144 122.285591125
0.719889641 -0.031254314 -0.693384767 -118.166618347 0.014242024 0.999439657 -0.030263362 -10.434199333 0.693942368 0.011911052 0.719931781 122.947219849
0.727436900 -0.030409528 -0.685500681 -118.802505493 0.013355532 0.999454916 -0.030164350 -10.473980904 0.686044574 0.012787410 0.727446914 123.611862183
0.735356450 -0.027545344 -0.677120745 -119.409103394 0.010870351 0.999523699 -0.028855529 -10.518164635 0.677593350 0.013858534 0.735306025 124.252395630
0.744324744 -0.024812616 -0.667357028 -120.002166748 0.010145674 0.999613523 -0.025850313 -10.562232971 0.667740822 0.012470214 0.744289219 124.902191162
0.753593445 -0.021045400 -0.657004118 -120.578186035 0.008365716 0.999712586 -0.022427626 -10.599758148 0.657287598 0.011404973 0.753553391 125.562194824
0.763509512 -0.019009393 -0.645517170 -121.137145996 0.006664447 0.999744475 -0.021558234 -10.635986328 0.645762324 0.012157872 0.763441563 126.216888428
0.773459375 -0.018035889 -0.633589745 -121.695075989 0.004952319 0.999735594 -0.022413157 -10.671270370 0.633826792 0.014197897 0.773344576 126.887847900
0.783221841 -0.018932354 -0.621454597 -122.230422974 0.004905224 0.999692380 -0.024273207 -10.705965042 0.621723294 0.015962902 0.783074200 127.559204102
0.793102682 -0.017907575 -0.608825207 -122.746482849 0.004256308 0.999705315 -0.023860138 -10.738013268 0.609073341 0.016332161 0.792945623 128.223937988
0.803250611 -0.016188182 -0.595421731 -123.259368896 0.003685941 0.999745607 -0.022208421 -10.769701958 0.595630109 0.015644206 0.803106427 128.908370972
0.813303947 -0.014001097 -0.581671178 -123.766952515 0.003366524 0.999805987 -0.019358737 -10.799565315 0.581829667 0.013786293 0.813193738 129.605697632
0.822829247 -0.012657851 -0.568148375 -124.244316101 0.003570893 0.999846339 -0.017104194 -10.827255249 0.568277836 0.012044997 0.822748542 130.297882080
0.831805766 -0.011165043 -0.554955244 -124.716529846 0.003897146 0.999889553 -0.014275368 -10.851572037 0.555053532 0.009711556 0.831757903 131.007064819
0.839789033 -0.010272289 -0.542816460 -125.174179077 0.004327754 0.999914944 -0.012227084 -10.876351357 0.542896032 0.007918959 0.839762509 131.715148926
0.846998990 -0.010367587 -0.531494200 -125.620307922 0.005610093 0.999927521 -0.010564821 -10.903559685 0.531565309 0.005966623 0.846996248 132.425476074
0.853527904 -0.010034582 -0.520951271 -126.058166504 0.005559957 0.999932110 -0.010151369 -10.925216675 0.521017909 0.005767974 0.853526235 133.141784668
0.860162914 -0.008670358 -0.509946525 -126.485099792 0.004117254 0.999940038 -0.010056691 -10.948233604 0.510003269 0.006550775 0.860147476 133.859436035
0.866715908 -0.006584901 -0.498759508 -126.908264160 0.002337122 0.999954581 -0.009140735 -10.968558311 0.498797178 0.006756720 0.866692364 134.591079712
0.872800350 -0.005402783 -0.488048345 -127.320907593 0.001386099 0.999961197 -0.008591020 -10.991227150 0.488075972 0.006821724 0.872774482 135.337661743
0.878579974 -0.005839497 -0.477560371 -127.728096008 0.001971420 0.999960124 -0.008600509 -11.014106750 0.477591693 0.006614724 0.878557026 136.078475952
0.883544385 -0.006827087 -0.468298614 -128.125427246 0.002689129 0.999950349 -0.009504256 -11.035459518 0.468340367 0.007138079 0.883519292 136.835098267
0.887970388 -0.007297369 -0.459843636 -128.534332275 0.002978036 0.999943495 -0.010117779 -11.052259445 0.459891587 0.007614820 0.887942374 137.602279663
0.891441464 -0.006117794 -0.453095436 -128.934402466 0.002105511 0.999953091 -0.009359206 -11.071374893 0.453131527 0.007389150 0.891412973 138.386352539
0.894614398 -0.004385000 -0.446818382 -129.340087891 0.001871599 0.999978960 -0.006066434 -11.088461876 0.446835667 0.004590816 0.894604206 139.177093506
0.897711694 -0.000096598 -0.440584213 -129.734893799 -0.000786922 0.999997139 -0.001822746 -11.103736877 0.440583199 0.001982966 0.897709548 139.963088989
0.900999486 0.002676562 -0.433812737 -130.133514404 -0.002529834 0.999995470 0.000915429 -11.117580414 0.433813304 0.000272633 0.901002645 140.780395508
0.904138744 0.005317762 -0.427206606 -130.532302856 -0.004453629 0.999984562 0.003021808 -11.124507904 0.427216142 -0.000829556 0.904149055 141.620468140
0.907313347 0.007004215 -0.420397550 -130.923233032 -0.005324053 0.999971509 0.005169834 -11.130053520 0.420421839 -0.002452484 0.907325387 142.458831787
0.910577238 0.008380256 -0.413254827 -131.315917969 -0.005653032 0.999952435 0.007821542 -11.131781578 0.413300782 -0.004786020 0.910581887 143.313339233
0.913955331 0.008368508 -0.405729353 -131.711776733 -0.004886443 0.999940813 0.009617192 -11.135833740 0.405785888 -0.006807157 0.913942695 144.188201904
0.917442322 0.008142157 -0.397786260 -132.102935791 -0.004334305 0.999934793 0.010470713 -11.134839058 0.397845626 -0.007882195 0.917418361 145.082687378
0.921030581 0.007310743 -0.389422506 -132.485504150 -0.003535428 0.999938548 0.010410321 -11.135141373 0.389474750 -0.008211494 0.921000421 145.984268188
0.924834728 0.004909948 -0.380338460 -132.862182617 -0.001290405 0.999950469 0.009770900 -11.136970520 0.380367637 -0.008545722 0.924795747 146.905426025
0.928733170 0.003141681 -0.370736450 -133.229614258 -0.000029467 0.999963760 0.008399921 -11.134932518 0.370749414 -0.007790404 0.928700089 147.828720093
0.933129728 0.001918854 -0.359535754 -133.603942871 0.000302840 0.999980211 0.006122787 -11.136331558 0.359540433 -0.005822279 0.933111191 148.782470703
0.938173413 0.003341395 -0.346150637 -133.968872070 -0.001628875 0.999983966 0.005237980 -11.134808540 0.346162617 -0.004350340 0.938164234 149.749328613
0.943940282 0.006590345 -0.330051661 -134.313262939 -0.004777264 0.999967694 0.006303973 -11.132566452 0.330082625 -0.004373872 0.943941653 150.727447510
0.950232506 0.010254443 -0.311374009 -134.648818970 -0.007747603 0.999925911 0.009286625 -11.133772850 0.311446190 -0.006412094 0.950241923 151.732894897
0.956486106 0.013292997 -0.291476130 -134.963897705 -0.010607508 0.999884546 0.010791562 -11.132501602 0.291585952 -0.007230189 0.956517100 152.750457764
0.962650478 0.014963299 -0.270334721 -135.262100220 -0.012337886 0.999857843 0.011408281 -11.130625725 0.270467013 -0.007646873 0.962698698 153.788955688
0.968382359 0.016174478 -0.248947188 -135.541427612 -0.013390859 0.999826550 0.012870824 -11.132055283 0.249112219 -0.009130308 0.968431413 154.849746704
0.973683894 0.017034296 -0.227267087 -135.801925659 -0.013898156 0.999783993 0.015392289 -11.128035545 0.227480218 -0.011828676 0.973710716 155.934234619
0.978552580 0.019326054 -0.205090970 -136.042419434 -0.015807852 0.999697745 0.018778760 -11.124132156 0.205391914 -0.015134003 0.978562653 157.022338867
0.982937217 0.021403344 -0.182694703 -136.258407593 -0.017502032 0.999582708 0.022939740 -11.119166374 0.183109462 -0.019350844 0.982901931 158.137374878
0.986823559 0.023313338 -0.160115212 -136.458908081 -0.019408405 0.999474943 0.025908757 -11.105668068 0.160635173 -0.022459839 0.986758232 159.269973755
0.990143478 0.024807557 -0.137846336 -136.625488281 -0.021449223 0.999436140 0.025794819 -11.093480110 0.138408512 -0.022583922 0.990117610 160.410598755
0.992980301 0.023825698 -0.115860321 -136.769454956 -0.021238217 0.999496877 0.023515727 -11.075098038 0.116362289 -0.020890035 0.992986977 161.577301025
0.995218456 0.023706036 -0.094760492 -136.893096924 -0.021673536 0.999512732 0.022420112 -11.050710678 0.095245786 -0.020259161 0.995247483 162.771881104
0.996984959 0.022220090 -0.074354105 -136.992614746 -0.020486882 0.999501288 0.023991318 -11.024598122 0.074850082 -0.022395745 0.996943176 163.996902466
0.998283863 0.022815965 -0.053945217 -137.074462891 -0.021464340 0.999443352 0.025502082 -11.006629944 0.054497015 -0.024300465 0.998218119 165.199264526
0.999159753 0.023546586 -0.033565965 -137.121871948 -0.022670774 0.999397695 0.026235951 -10.991137505 0.034163490 -0.025452986 0.999091983 166.409530640
0.999595582 0.025401419 -0.012835184 -137.154617310 -0.025053985 0.999332845 0.026534878 -10.971755028 0.013500616 -0.026202619 0.999565363 167.631958008
0.999641299 0.025621641 0.007879637 -137.157089233 -0.025825454 0.999301732 0.026965583 -10.952093124 -0.007183268 -0.027159451 0.999605238 168.890991211
0.999195457 0.028178282 0.028559268 -137.144119263 -0.028933948 0.999231577 0.026404113 -10.933631897 -0.027793339 -0.027209247 0.999243200 170.171707153
0.998372614 0.029552354 0.048785269 -137.102935791 -0.030808024 0.999206901 0.025192346 -10.917196274 -0.048002124 -0.026654370 0.998491406 171.462234497
0.997223377 0.029551581 0.068361826 -137.022293091 -0.031172600 0.999253690 0.022769505 -10.901386261 -0.067637973 -0.024837341 0.997400582 172.754837036
0.995686173 0.031476445 0.087289996 -136.921737671 -0.033334758 0.999244869 0.019914357 -10.882835388 -0.086597294 -0.022738282 0.995983720 174.061447144
0.993803024 0.031767603 0.106525525 -136.798294067 -0.033880264 0.999261320 0.018082174 -10.872544289 -0.105872460 -0.021579271 0.994145453 175.355209351
0.991611242 0.031963415 0.125247285 -136.639556885 -0.034100704 0.999305427 0.014958149 -10.865629196 -0.124682233 -0.019103728 0.992012739 176.673690796
0.989036798 0.033328623 0.143863797 -136.459945679 -0.035064422 0.999338388 0.009547044 -10.865171432 -0.143450499 -0.014486915 0.989551425 177.975677490
0.986180305 0.035573475 0.161815703 -136.261962891 -0.036506034 0.999328434 0.002793211 -10.877570152 -0.161607757 -0.008661892 0.986817002 179.306777954
0.983109653 0.037534971 0.179131150 -136.035781860 -0.037706286 0.999284744 -0.002448894 -10.890118599 -0.179095045 -0.004346871 0.983822107 180.624786377
0.979650259 0.040035818 0.196682379 -135.784942627 -0.039507810 0.999196231 -0.006608471 -10.919143677 -0.196788967 -0.001296530 0.980444968 181.960632324
0.975898206 0.041930724 0.214163274 -135.500610352 -0.040831644 0.999119163 -0.009554517 -10.948022842 -0.214375377 0.000579568 0.976751149 183.305999756
0.971907496 0.041457549 0.231685922 -135.190032959 -0.040379278 0.999139071 -0.009395881 -10.982075691 -0.231876090 -0.000223414 0.972745299 184.655181885
0.967723846 0.040675998 0.248711318 -134.847351074 -0.039392292 0.999171197 -0.010137806 -11.015507698 -0.248917684 0.000013258 0.968524575 186.022750854
0.963264585 0.040849362 0.265431583 -134.485717773 -0.038156476 0.999153495 -0.015295694 -11.056578636 -0.265831858 0.004605838 0.964008331 187.372879028
0.958559871 0.042298339 0.281735659 -134.114685059 -0.038305566 0.999071300 -0.019666780 -11.100492477 -0.282306015 0.008059717 0.959290445 188.684234619
0.953423321 0.044309210 0.298365325 -133.724243164 -0.040292986 0.998994470 -0.019601248 -11.157281876 -0.298933953 0.006666230 0.954250395 190.002243042
0.947653294 0.046698228 0.315869868 -133.304122925 -0.042448916 0.998890758 -0.020323329 -11.205161095 -0.316468716 0.005851107 0.948584795 191.360397339
0.941487491 0.050186720 0.333292484 -132.824203491 -0.044929374 0.998713315 -0.023467839 -11.255255699 -0.334041566 0.007120024 0.942531347 192.749938965
0.935230851 0.050695311 0.350391895 -132.335159302 -0.043826941 0.998659134 -0.027509147 -11.311058044 -0.351316810 0.010370771 0.936199069 194.111816406
0.928585172 0.051771585 0.367492348 -131.809860229 -0.043853767 0.998590112 -0.029868905 -11.377417564 -0.368520796 0.011619870 0.929546714 195.501113892
0.921518505 0.052287057 0.384799898 -131.253768921 -0.041970201 0.998498499 -0.035166826 -11.447308540 -0.386061132 0.016256724 0.922329783 196.881286621
0.913237393 0.055218071 0.403670073 -130.677246094 -0.042232119 0.998264492 -0.041009359 -11.537096977 -0.405234218 0.020403415 0.913985014 198.270370483
0.903441906 0.058298357 0.424729407 -130.017227173 -0.043473072 0.998060703 -0.044522155 -11.630123138 -0.426501542 0.021758869 0.904224932 199.724868774
0.891707778 0.061668217 0.448391885 -129.289642334 -0.045882482 0.997886002 -0.045995589 -11.730725288 -0.450280726 0.020441273 0.892652929 201.276229858
