1.000000000 0.000000000 0.000000000 0.000000000 0.000000000 1.000000000 0.000000000 0.000000000 0.000000000 0.000000000 1.000000000 0.000000000
0.999996483 -0.002277713 -0.001350551 -0.003283642 0.002281965 0.999992430 0.003155535 -0.026835108 0.001343354 -0.003158605 0.999994099 1.521894932
0.999994040 -0.002159820 -0.002694773 -0.010690187 0.002170840 0.999989212 0.004093178 -0.043525353 0.002685904 -0.004099003 0.999987960 2.998085499
0.999990225 -0.000862021 -0.004327636 -0.008597812 0.000878969 0.999991894 0.003915749 -0.060279608 0.004324226 -0.003919515 0.999982893 4.518451214
0.999982476 -0.000426025 -0.005901638 -0.020754470 0.000448505 0.999992549 0.003808350 -0.077306651 0.005899973 -0.003810931 0.999975264 6.026975632
0.999974251 -0.000515263 -0.007150169 -0.041313902 0.000545412 0.999990880 0.004215310 -0.092521802 0.007147933 -0.004219102 0.999965489 7.491595268
0.999961197 -0.000612574 -0.008781950 -0.063450515 0.000654401 0.999988317 0.004760682 -0.113229387 0.008778933 -0.004766245 0.999950051 8.995030403
0.999944389 -0.002364274 -0.010276118 -0.093210869 0.002407400 0.999988258 0.004186396 -0.132954180 0.010266101 -0.004210902 0.999938428 10.488521576
0.999922454 -0.003904563 -0.011826652 -0.111541674 0.003960450 0.999981046 0.004705849 -0.156550974 0.011808054 -0.004752323 0.999918997 11.987501144
0.999909461 -0.003279085 -0.013053305 -0.120964520 0.003342843 0.999982536 0.004865667 -0.178885579 0.013037122 -0.004908863 0.999902964 13.488124847
0.999896944 -0.002701232 -0.014104199 -0.153018966 0.002770242 0.999984205 0.004875659 -0.190056175 0.014090806 -0.004914230 0.999888659 14.972000122
0.999891579 -0.000872332 -0.014702892 -0.185934857 0.000951166 0.999985158 0.005355682 -0.198024482 0.014698002 -0.005369087 0.999877572 16.465576172
0.999882221 0.000740391 -0.015331949 -0.217713684 -0.000646153 0.999980867 0.006150559 -0.212165222 0.015336209 -0.006139929 0.999863505 17.935379028
0.999871194 0.002038136 -0.015921855 -0.254342943 -0.001926802 0.999973595 0.007004726 -0.222446889 0.015935710 -0.006973146 0.999848664 19.359220505
0.999868333 0.000831143 -0.016206522 -0.282238305 -0.000713870 0.999973476 0.007240594 -0.243780151 0.016212109 -0.007228072 0.999842405 20.849596024
0.999858201 0.001585408 -0.016770445 -0.318420559 -0.001459482 0.999970615 0.007518360 -0.262434065 0.016781872 -0.007492818 0.999831080 22.232902527
0.999857068 0.002510702 -0.016726416 -0.358629376 -0.002375059 0.999964178 0.008124400 -0.273591638 0.016746214 -0.008083512 0.999827087 23.667911530
0.999855399 0.003466717 -0.016656457 -0.396490425 -0.003311298 0.999950826 0.009349382 -0.283403754 0.016688049 -0.009292876 0.999817550 25.090457916
0.999854982 0.003693035 -0.016628819 -0.428791553 -0.003560916 0.999961913 0.007967720 -0.293225259 0.016657609 -0.007907352 0.999829948 26.524967194
0.999854982 0.004024195 -0.016552137 -0.461193800 -0.003926098 0.999974549 0.005954708 -0.305792361 0.016575675 -0.005888861 0.999845266 27.940315247
0.999865592 0.001650238 -0.016315069 -0.490216136 -0.001556084 0.999982059 0.005781949 -0.323799729 0.016324315 -0.005755786 0.999850154 29.359809875
0.999870420 0.000901706 -0.016074831 -0.519028723 -0.000765815 0.999963939 0.008457761 -0.336964369 0.016081875 -0.008444358 0.999834955 30.757396698
0.999870181 -0.000659683 -0.016102901 -0.543907344 0.000816102 0.999952495 0.009708973 -0.349070936 0.016095730 -0.009720857 0.999823153 32.160224915
0.999872208 -0.001380110 -0.015928917 -0.572019160 0.001527521 0.999956012 0.009245778 -0.361634970 0.015915453 -0.009268932 0.999830306 33.551078796
0.999877870 -0.001586485 -0.015553709 -0.599161804 0.001703303 0.999970317 0.007500208 -0.375142217 0.015541346 -0.007525789 0.999850810 34.927154541
0.999886990 -0.000853308 -0.015015693 -0.631291449 0.000956194 0.999975979 0.006845936 -0.389052212 0.015009489 -0.006859525 0.999863744 36.287086487
0.999899387 -0.000046332 -0.014194299 -0.660103381 0.000130282 0.999982357 0.005913355 -0.401716262 0.014193772 -0.005914614 0.999881685 37.639034271
0.999920487 0.000922651 -0.012590066 -0.693343401 -0.000833711 0.999974489 0.007067584 -0.419587404 0.012596265 -0.007056530 0.999895692 38.954067230
0.999938250 0.001741908 -0.010991836 -0.721504271 -0.001641574 0.999956787 0.009130334 -0.430594712 0.011007265 -0.009111730 0.999897838 40.275218964
0.999955714 0.001034768 -0.009376458 -0.741056740 -0.000940787 0.999949157 0.010021821 -0.441062838 0.009386352 -0.010012560 0.999905705 41.587009430
0.999974310 0.001592737 -0.007015710 -0.760968506 -0.001517707 0.999941587 0.010686617 -0.451398730 0.007032322 -0.010675699 0.999918222 42.886672974
0.999992967 0.001508362 -0.003482613 -0.775327742 -0.001472720 0.999946594 0.010213771 -0.462369174 0.003497833 -0.010208574 0.999941707 44.146018982
0.999999762 0.000911041 0.000120872 -0.784676909 -0.000912036 0.999963164 0.008521075 -0.477163404 -0.000113104 -0.008521186 0.999963641 45.365116119
0.999993563 0.000933641 0.003519942 -0.783794343 -0.000957587 0.999976218 0.006807841 -0.486894011 -0.003513501 -0.006811171 0.999970555 46.609588623
0.999969959 0.001292754 0.007665069 -0.780986428 -0.001349059 0.999971926 0.007345154 -0.498997778 -0.007655356 -0.007355278 0.999943554 47.839153290
0.999910474 0.001587797 0.013300048 -0.781385362 -0.001683964 0.999972284 0.007222611 -0.516306400 -0.013288210 -0.007244365 0.999885321 49.027389526
0.999802709 0.003040320 0.019637495 -0.763569653 -0.003166410 0.999974310 0.006393067 -0.529569685 -0.019617552 -0.006453989 0.999786556 50.226112366
0.999622345 0.004465168 0.027119543 -0.742762685 -0.004642784 0.999967933 0.006490042 -0.544023931 -0.027089693 -0.006613506 0.999610960 51.423244476
0.999354362 0.005536729 0.035502054 -0.703872263 -0.005802162 0.999955773 0.007378026 -0.552851737 -0.035459626 -0.007579256 0.999342144 52.620021820
0.998927236 0.007488587 0.045699887 -0.658250749 -0.007863314 0.999936700 0.008025580 -0.566778541 -0.045636885 -0.008376327 0.998922825 53.795040131
0.998235643 0.009694808 0.058582086 -0.602775395 -0.010182232 0.999915779 0.008027691 -0.578970850 -0.058499318 -0.008610028 0.998250186 54.936325073
0.997223139 0.012198338 0.073466711 -0.531363010 -0.012852986 0.999881566 0.008444734 -0.587270617 -0.073354989 -0.009365555 0.997261763 56.078704834
0.995866597 0.014301400 0.089696243 -0.441074133 -0.015232890 0.999836624 0.009709053 -0.597196400 -0.089542724 -0.011035258 0.995921671 57.204349518
0.994120657 0.014463904 0.107309021 -0.325218469 -0.015683427 0.999821305 0.010529405 -0.606685579 -0.107137531 -0.012150476 0.994169772 58.317405701
0.991900325 0.013861501 0.126261443 -0.194114849 -0.015187062 0.999838889 0.009541990 -0.613763034 -0.126108810 -0.011382246 0.991950929 59.402404785
0.989148915 0.012984996 0.146342486 -0.043634504 -0.014401849 0.999858797 0.008626424 -0.625682890 -0.146209791 -0.010640424 0.989196241 60.466953278
0.985841930 0.010164341 0.167369545 0.129092082 -0.011721157 0.999896407 0.008316454 -0.634768069 -0.167267665 -0.010160478 0.985859036 61.531528473
0.981970668 0.005240948 0.188961595 0.321906328 -0.007328704 0.999919236 0.010351561 -0.642877817 -0.188892081 -0.011549777 0.981929839 62.561859131
0.977263629 0.000031843 0.212028772 0.555953503 -0.002582113 0.999927282 0.011751069 -0.652676880 -0.212012991 -0.012031378 0.977192700 63.619487762
0.971767426 -0.005077697 0.235887170 0.801948190 0.002514447 0.999934196 0.011165959 -0.661670506 -0.235928342 -0.010257592 0.971716285 64.633018494
0.965329170 -0.011135787 0.260798723 1.077167034 0.009011659 0.999915481 0.009339114 -0.669147253 -0.260880649 -0.006665093 0.965348065 65.619049072
0.957856178 -0.014688079 0.286873221 1.374454975 0.012395767 0.999874771 0.009805306 -0.675382376 -0.286981285 -0.005836063 0.957918465 66.597259521
0.949230134 -0.017224904 0.314111322 1.689193726 0.014170785 0.999827266 0.012003998 -0.681561232 -0.314263821 -0.006943356 0.949310362 67.560813904
0.939541519 -0.021386037 0.341767251 2.020422935 0.017384162 0.999739528 0.014768308 -0.688019633 -0.341994047 -0.007934105 0.939668655 68.485099792
0.928623676 -0.024474598 0.370215595 2.393610716 0.020641774 0.999684155 0.014311749 -0.693508089 -0.370448887 -0.005648326 0.928835690 69.405395508
0.916567624 -0.023974424 0.399161041 2.779489756 0.021647122 0.999711931 0.010337860 -0.701313555 -0.399293810 -0.000834664 0.916822672 70.293418884
0.903468549 -0.024885714 0.427931994 3.192369461 0.025286477 0.999668658 0.004748265 -0.703860462 -0.427908301 0.006530982 0.903798580 71.160308838
0.889288545 -0.026935898 0.456553131 3.636439800 0.029120084 0.999573112 0.002252180 -0.711631238 -0.456418812 0.011292025 0.889693439 72.016006470
0.873555303 -0.027429195 0.485951930 4.093234539 0.028318446 0.999583483 0.005515031 -0.722145379 -0.485900700 0.008943715 0.873968244 72.849334717
0.855795264 -0.026106501 0.516655982 4.582325935 0.023833020 0.999654770 0.011035001 -0.726671576 -0.516765654 0.002869767 0.856122077 73.677429199
0.836147428 -0.026240643 0.547877312 5.092530727 0.021763878 0.999655366 0.014663475 -0.734185457 -0.548073173 -0.000336894 0.836430311 74.463447571
0.815082431 -0.020122379 0.578996062 5.626302719 0.017891703 0.999794006 0.009559679 -0.734755754 -0.579069018 0.002567297 0.815274537 75.224906921
0.793287158 -0.013632435 0.608695626 6.196392059 0.015291117 0.999879837 0.002465180 -0.741750300 -0.608655870 0.007352037 0.793400288 75.964591980
0.770841479 -0.011423332 0.636925220 6.784064293 0.014544469 0.999893963 0.000330708 -0.748681247 -0.636861205 0.009008812 0.770925879 76.679809570
0.747517169 -0.013766495 0.664100349 7.403965473 0.015466663 0.999874711 0.003317522 -0.759082556 -0.664062560 0.007791509 0.747636437 77.376007080
0.723298967 -0.014169284 0.690390170 8.044239998 0.015803088 0.999867141 0.003964480 -0.776108384 -0.690354288 0.008042789 0.723426700 78.031723022
0.698058426 -0.012226582 0.715936959 8.692379951 0.016514543 0.999863029 0.000973247 -0.785524845 -0.715850413 0.011143985 0.698164642 78.661491394
0.671772301 -0.009760775 0.740693867 9.362780571 0.016501460 0.999862075 -0.001789948 -0.790897965 -0.740573883 0.013424964 0.671840787 79.273216248
0.644941449 -0.007391484 0.764196754 10.053405762 0.014845869 0.999885499 -0.002858014 -0.801493347 -0.764087796 0.013188411 0.644977391 79.853820801
0.616866708 -0.005799588 0.787046731 10.758863449 0.014565118 0.999885559 -0.004047814 -0.815801978 -0.786932886 0.013960385 0.616880655 80.411842346
0.588386774 0.000594418 0.808579803 11.505781174 0.013452036 0.999853969 -0.010523809 -0.830771446 -0.808467686 0.017069113 0.588292956 80.950355530
0.558614790 0.010038717 0.829366863 12.252824783 0.012374981 0.999714434 -0.020435717 -0.847159147 -0.829334855 0.021679092 0.558331192 81.449218750
0.528098404 0.018304637 0.848986268 13.033793449 0.011570945 0.999519527 -0.028747756 -0.870225310 -0.849104345 0.025005218 0.527633071 81.928421021
0.496416092 0.023339882 0.867771268 13.827207565 0.009169404 0.999441504 -0.032126784 -0.893788159 -0.868036330 0.023905201 0.495925039 82.389053345
0.464020967 0.023141157 0.885522246 14.644004822 0.007091807 0.999529421 -0.029836660 -0.922900736 -0.885795891 0.020124789 0.463638663 82.821563721
0.431118369 0.021757387 0.902033329 15.484661102 0.002351652 0.999678493 -0.025236586 -0.961144686 -0.902292311 0.013001226 0.430928826 83.223861694
0.396889925 0.022984592 0.917578697 16.347948074 -0.001757330 0.999703407 -0.024281641 -0.997115135 -0.917864561 0.008024652 0.396812826 83.606712341
0.361999333 0.025959779 0.931817114 17.214626312 -0.008828866 0.999662638 -0.024420010 -1.027988076 -0.932136595 0.000613140 0.362106591 83.951980591
0.326214910 0.027742198 0.944888771 18.096775055 -0.013593830 0.999603391 -0.024655489 -1.059585094 -0.945197999 -0.004801667 0.326462865 84.271812439
0.290158302 0.027106561 0.956595004 19.007902145 -0.016194345 0.999594510 -0.023412893 -1.089722037 -0.956841767 -0.008697982 0.290479809 84.559379578
0.253885865 0.026626391 0.966867924 19.936698914 -0.016825659 0.999591172 -0.023109380 -1.119781852 -0.967087924 -0.010401044 0.254230231 84.812103271
0.217771739 0.026041364 0.975652575 20.862401962 -0.016148895 0.999603093 -0.023076108 -1.153958559 -0.975866199 -0.010730386 0.218106017 85.027687073
0.182197377 0.024769470 0.982950211 21.798362732 -0.013910227 0.999647319 -0.022611864 -1.183791995 -0.983163655 -0.009553239 0.182477847 85.208740234
0.147824615 0.023843240 0.988726377 22.756839752 -0.005615901 0.999713242 -0.023268564 -1.217982054 -0.988997638 -0.002112923 0.147916317 85.343238831
0.114278816 0.027246244 0.993075252 23.722023010 -0.003077218 0.999628544 -0.027071936 -1.255131602 -0.993443906 0.000037840 0.114320397 85.449935913
0.081491791 0.032082334 0.996157706 24.690917969 -0.002039277 0.999484837 -0.032022670 -1.292967081 -0.996671915 0.000578145 0.081515424 85.533302307
0.052432541 0.035974286 0.997976482 25.661281586 0.005083345 0.999328077 -0.036290098 -1.333054185 -0.998611510 0.006975842 0.052214634 85.581901550
0.026895396 0.034256294 0.999051273 26.635957718 0.006855975 0.999382555 -0.034452233 -1.372750640 -0.999614775 0.007776078 0.026644120 85.611335754
0.004325647 0.031194894 0.999504089 27.612312317 0.008467170 0.999476075 -0.031230669 -1.414844751 -0.999954820 0.008598065 0.004059434 85.622726440
-0.014571325 0.028521311 0.999487102 28.592571259 0.008857123 0.999557316 -0.028394194 -1.456404448 -0.999854624 0.008438840 -0.014817309 85.617408752
-0.031083392 0.031781789 0.999011517 29.587303162 0.010834238 0.999446094 -0.031458523 -1.493869305 -0.999458075 0.009845694 -0.031410329 85.587768555
-0.045645006 0.036338858 0.998296738 30.566001892 0.013770830 0.999265790 -0.035744499 -1.531272173 -0.998862803 0.012115819 -0.046111733 85.540481567
-0.057556998 0.041551169 0.997477353 31.549613953 0.018356003 0.999008417 -0.040555764 -1.576908946 -0.998173475 0.015975434 -0.058262460 85.483268738
-0.066178150 0.044969767 0.996794105 32.543228149 0.023832580 0.998769939 -0.043476637 -1.627648234 -0.997523189 0.020878980 -0.067168310 85.408195496
-0.072100699 0.050254017 0.996130705 33.552207947 0.027603740 0.998447657 -0.048372924 -1.683414578 -0.997015297 0.024009220 -0.073375784 85.329193115
-0.075530961 0.055073619 0.995621622 34.539447784 0.029376110 0.998162925 -0.052985627 -1.739260674 -0.996710598 0.025245441 -0.077009872 85.249145508
-0.078277104 0.059065513 0.995180607 35.532230377 0.031510830 0.997890949 -0.056747857 -1.801197290 -0.996433496 0.026916914 -0.079973027 85.169181824
-0.080873840 0.061992962 0.994794846 36.537616730 0.031779610 0.997716665 -0.059591454 -1.867571592 -0.996217549 0.026794810 -0.082659096 85.086448669
-0.083433926 0.065382265 0.994366348 37.537029266 0.032373775 0.997496188 -0.062871687 -1.938904881 -0.995987296 0.026945768 -0.085341506 85.004867554
-0.085358985 0.069043107 0.993955433 38.530246735 0.033590153 0.997228205 -0.066385798 -2.010369539 -0.995783865 0.027720500 -0.087441362 84.920562744
-0.087420136 0.070504144 0.993673682 39.552581787 0.036411401 0.997051597 -0.067540474 -2.086267710 -0.995505810 0.030276662 -0.089729346 84.819381714
-0.089395791 0.069390900 0.993576288 40.568145752 0.036427606 0.997130215 -0.066361584 -2.157584429 -0.995329738 0.030261165 -0.091666788 84.722984314
-0.091667607 0.069058999 0.993392408 41.581836700 0.036135532 0.997165740 -0.065986827 -2.237027884 -0.995133758 0.029847916 -0.093903072 84.634757996
-0.093658380 0.070387684 0.993113399 42.615337372 0.036100090 0.997081637 -0.067264415 -2.313188553 -0.994949639 0.029551616 -0.095925845 84.527214050
-0.095971324 0.072578967 0.992734790 43.625202179 0.034902662 0.996969938 -0.069514439 -2.389231205 -0.994771898 0.027977703 -0.098213509 84.425117493
-0.098248109 0.074821576 0.992345512 44.660461426 0.033101670 0.996863246 -0.071884960 -2.471084595 -0.994611144 0.025785742 -0.100416437 84.308227539
-0.100823969 0.078331538 0.991816103 45.691539764 0.030789660 0.996663690 -0.075584449 -2.558105946 -0.994427621 0.022916967 -0.102899179 84.214118958
-0.103044443 0.082375638 0.991260111 46.709533691 0.027568275 0.996418238 -0.079938509 -2.647549629 -0.994294524 0.019090125 -0.104946107 84.113143921
-0.105612203 0.084754772 0.990789175 47.743225098 0.025272019 0.996267855 -0.082529612 -2.736574411 -0.994086087 0.016323125 -0.107359752 84.010467529
-0.108529024 0.083232582 0.990602970 48.770507812 0.023250788 0.996428311 -0.081174754 -2.828179121 -0.993821263 0.014222499 -0.110076405 83.908302307
-0.111392953 0.078975953 0.990633547 49.811225891 0.020198561 0.996810853 -0.077197209 -2.920919180 -0.993571103 0.011410162 -0.112632684 83.799713135
-0.113787487 0.077349372 0.990489781 50.866580963 0.020474348 0.996935129 -0.075500660 -3.010367870 -0.993294060 0.011688617 -0.115022205 83.685302734
-0.115617208 0.077876955 0.990236521 51.918537140 0.019832660 0.996903658 -0.076085731 -3.100602388 -0.993095756 0.010842220 -0.116803497 83.565467834
-0.116719522 0.080662020 0.989884198 52.961425781 0.021021569 0.996673405 -0.078736588 -3.188468695 -0.992942393 0.011618838 -0.118026659 83.442573547
-0.117511988 0.083374321 0.989565730 54.024623871 0.021543134 0.996448636 -0.081396006 -3.281853676 -0.992837727 0.011753356 -0.118890576 83.319267273
-0.118029475 0.084019363 0.989449561 55.066333771 0.020249637 0.996410191 -0.082194924 -3.376104593 -0.992803574 0.010334587 -0.119306900 83.204856873
-0.117937826 0.082571313 0.989582360 56.109127045 0.017114265 0.996557534 -0.081113704 -3.476152420 -0.992873430 0.007369618 -0.118944749 83.094459534
-0.118342273 0.081658721 0.989609778 57.153682709 0.013373801 0.996653080 -0.080640659 -3.579332352 -0.992882729 0.003691662 -0.119038060 82.992233276
-0.118383862 0.082628667 0.989524245 58.209213257 0.009621825 0.996579945 -0.082066767 -3.676717997 -0.992921233 -0.000194335 -0.118773811 82.878913879
-0.118866660 0.082674854 0.989462495 59.270706177 0.005252975 0.996565402 -0.082637332 -3.773538113 -0.992896318 -0.004625186 -0.118892476 82.769424438
-0.119216137 0.081994615 0.989477038 60.338981628 0.001927489 0.996600986 -0.082352750 -3.875164747 -0.992866457 -0.007910555 -0.118968740 82.651397705
-0.119624466 0.076745786 0.989848733 61.407276154 0.002422153 0.997026980 -0.077009641 -3.970540524 -0.992816269 -0.006814657 -0.119454496 82.538795471
-0.119964376 0.068056218 0.990442991 62.486919403 0.005626202 0.997677743 -0.067871906 -4.061070919 -0.992762268 -0.002569766 -0.120068461 82.411193848
-0.119812503 0.062624402 0.990819633 63.578414917 0.011047747 0.998030365 -0.061744258 -4.146159172 -0.992735088 0.003548603 -0.120268159 82.280578613
-0.118951067 0.065051325 0.990767002 64.671340942 0.019579692 0.997810662 -0.063163087 -4.223394871 -0.992707014 0.011885612 -0.119964108 82.136779785
-0.117837198 0.070759863 0.990508854 65.756240845 0.024838042 0.997355521 -0.068294108 -4.295598984 -0.992722213 0.016554734 -0.119282894 82.004653931
-0.116878465 0.076431632 0.990200996 66.853431702 0.028246427 0.996886313 -0.073613606 -4.378968716 -0.992744446 0.019365814 -0.118673228 81.872337341
-0.116410673 0.080752365 0.989913106 67.958503723 0.028980585 0.996540606 -0.077885002 -4.469048023 -0.992778301 0.019621635 -0.118347980 81.748085022
-0.116217665 0.078046188 0.990152776 69.069015503 0.025801027 0.996808290 -0.075542450 -4.556235313 -0.992888689 0.016767610 -0.117860168 81.626304626
-0.115966119 0.073361807 0.990540326 70.195167542 0.025178485 0.997164845 -0.070904709 -4.650778294 -0.992934048 0.016717779 -0.117484234 81.497016907
-0.115871176 0.071238339 0.990706444 71.330268860 0.022690963 0.997353852 -0.069062449 -4.739573479 -0.993005037 0.014477752 -0.117180787 81.372016907
-0.115609474 0.072236545 0.990664721 72.461959839 0.020773532 0.997309387 -0.070296824 -4.821118355 -0.993077517 0.012452643 -0.116798773 81.244049072
-0.115063213 0.077336207 0.990343273 73.598030090 0.022131961 0.996916533 -0.075278126 -4.916916847 -0.993111610 0.013256515 -0.116419785 81.105018616
-0.114310235 0.079787493 0.990236044 74.731254578 0.022222243 0.996725142 -0.077745095 -5.014145374 -0.993196547 0.013118227 -0.115708716 80.977081299
-0.114049517 0.078674182 0.990355134 75.880706787 0.022529772 0.996807516 -0.076592252 -5.109353065 -0.993219614 0.013577187 -0.115457691 80.851913452
-0.113380767 0.071806751 0.990953505 77.021110535 0.024096685 0.997289777 -0.069508873 -5.202878952 -0.993259370 0.015997743 -0.114803560 80.724876404
-0.114279352 0.070301957 0.990958214 78.164436340 0.023119971 0.997410536 -0.068093486 -5.291142941 -0.993179560 0.015129263 -0.115608588 80.603385925
-0.113928370 0.073247045 0.990785301 79.284606934 0.020734673 0.997236013 -0.071339719 -5.380664825 -0.993272483 0.012416007 -0.115132011 80.488075256
-0.113754727 0.076450787 0.990563214 80.439506531 0.020040968 0.997008085 -0.074646749 -5.466883183 -0.993306637 0.011360441 -0.114946321 80.368301392
-0.113827266 0.075860433 0.990600288 81.603187561 0.019055236 0.997063279 -0.074165821 -5.562893391 -0.993317723 0.010434045 -0.114938304 80.242286682
-0.113553286 0.072313175 0.990897000 82.778732300 0.018833047 0.997324646 -0.070624083 -5.657563686 -0.993353307 0.010642029 -0.114611149 80.109031677
-0.112511493 0.071000546 0.991110742 83.951980591 0.019690219 0.997406781 -0.069216371 -5.752790451 -0.993455231 0.011727569 -0.113617525 79.976501465
-0.111443564 0.071328945 0.991207838 85.124153137 0.021173423 0.997364283 -0.069391437 -5.843839169 -0.993545055 0.013254054 -0.112659886 79.848716736
-0.110585950 0.071530208 0.991289377 86.312347412 0.023620304 0.997313619 -0.069329917 -5.932950974 -0.993585706 0.015747661 -0.111978211 79.721351624
-0.109554611 0.071015447 0.991440892 87.502059937 0.023521567 0.997349918 -0.068839595 -6.023280144 -0.993702292 0.015778568 -0.110934451 79.599464417
-0.108125217 0.071612470 0.991554856 88.708724976 0.024868924 0.997284353 -0.069314443 -6.114903927 -0.993826091 0.017164283 -0.109612279 79.470207214
-0.107188828 0.069745772 0.991789579 89.904769897 0.024875274 0.997411847 -0.067452759 -6.205974579 -0.993927360 0.017440872 -0.108646125 79.348419189
-0.106073968 0.068975613 0.991963267 91.101127625 0.023183092 0.997491062 -0.066880971 -6.292454243 -0.994087815 0.015902461 -0.107406676 79.227478027
-0.104590006 0.068451919 0.992157102 92.313087463 0.024495710 0.997502506 -0.066238493 -6.381026268 -0.994213581 0.017375721 -0.106005348 79.100601196
-0.102860488 0.069262691 0.992281616 93.527603149 0.022582339 0.997477710 -0.067284517 -6.474257469 -0.994439304 0.015487135 -0.104164936 78.981628418
-0.101504572 0.071954653 0.992229700 94.746482849 0.023041401 0.997282803 -0.069964007 -6.564363956 -0.994568110 0.015760710 -0.102886476 78.862739563
-0.100378849 0.070819609 0.992425859 95.972747803 0.020988902 0.997391701 -0.069051087 -6.656143665 -0.994727731 0.013898674 -0.101603240 78.746109009
-0.099812433 0.069335401 0.992587745 97.206718445 0.017652843 0.997534931 -0.067905881 -6.753159523 -0.994849563 0.010744155 -0.100790136 78.630157471
-0.100087941 0.070329539 0.992490053 98.433662415 0.014741934 0.997493446 -0.069197468 -6.845774651 -0.994869232 0.007705402 -0.100873642 78.523849487
-0.100591905 0.069497399 0.992497742 99.633262634 0.011606500 0.997570872 -0.068676323 -6.942154408 -0.994859874 0.004611153 -0.101153962 78.410575867
-0.101553589 0.066845380 0.992581964 100.876701355 0.009292454 0.997759581 -0.066243373 -7.038963795 -0.994786441 0.002496278 -0.101947017 78.290412903
-0.102895260 0.065378629 0.992541492 102.123970032 0.007100642 0.997859836 -0.064992875 -7.130808830 -0.994666576 0.000360231 -0.103139073 78.171012878
-0.104380503 0.064780518 0.992425621 103.375785828 0.005227606 0.997897685 -0.064587928 -7.215959072 -0.994523406 -0.001553703 -0.104499511 78.047782898
-0.105881132 0.064906210 0.992258370 104.624099731 0.004819190 0.997888565 -0.064760290 -7.306740284 -0.994366884 -0.002075005 -0.105970167 77.914421082
-0.107961759 0.063503645 0.992124915 105.882308960 0.004606137 0.997978389 -0.063377112 -7.392980099 -0.994144142 -0.002272435 -0.108035803 77.781661987
-0.111139998 0.058723062 0.992068410 107.133651733 0.001829941 0.998262465 -0.058884721 -7.483770370 -0.993802905 -0.004729017 -0.111054145 77.653808594
-0.115643322 0.058624662 0.991559327 108.411567688 0.001594782 0.998265743 -0.058835197 -7.567286968 -0.993289351 -0.005222573 -0.115536064 77.526168823
-0.121794172 0.064310655 0.990469813 109.623329163 -0.003851144 0.997859895 -0.065264069 -7.656928062 -0.992547750 -0.011763223 -0.121285655 77.403419495
-0.128740191 0.067411073 0.989384651 110.827072144 -0.003204653 0.997652769 -0.068391435 -7.744732857 -0.991672993 -0.011975356 -0.128221780 77.253738403
-0.137740672 0.063393965 0.988437653 112.065223694 -0.001399105 0.997935534 -0.064198107 -7.841751099 -0.990467131 -0.010225614 -0.137367398 77.090080261
-0.148384526 0.061354451 0.987024784 113.316642761 0.000953206 0.998081326 -0.061898455 -7.936764717 -0.988929033 -0.008243930 -0.148158103 76.900321960
-0.161165759 0.062406059 0.984952450 114.548789978 0.001755876 0.998014629 -0.062946387 -8.025502205 -0.986925602 -0.008415341 -0.160955161 76.704193115
-0.175225258 0.062685192 0.982530892 115.763931274 0.003952567 0.998006999 -0.062967680 -8.111063957 -0.984520257 -0.007150001 -0.175123602 76.492614746
-0.189383954 0.060487933 0.980038345 116.971054077 0.004463140 0.998142660 -0.060742892 -8.201545715 -0.981892765 -0.007129675 -0.189301997 76.261932373
-0.204886347 0.063108958 0.976749241 118.170951843 0.008980175 0.997997642 -0.062598154 -8.290683746 -0.978744388 -0.004054121 -0.205042660 76.015731812
-0.220190212 0.066533260 0.973185360 119.348228455 0.009223225 0.997767866 -0.066127077 -8.377573013 -0.975413203 -0.005584621 -0.220312208 75.757835388
-0.235438183 0.070279777 0.969345033 120.509918213 0.008882121 0.997495234 -0.070163429 -8.471118927 -0.971848607 -0.007909304 -0.235472560 75.489646912
-0.251670450 0.067979582 0.965422690 121.669769287 0.004972508 0.997607052 -0.068949588 -8.565266609 -0.967800140 -0.012551997 -0.251406103 75.207687378
-0.267471135 0.062240001 0.961553752 122.839599609 -0.000734201 0.997897506 -0.064796738 -8.657796860 -0.963565528 -0.018037230 -0.266862959 74.895935059
-0.283246100 0.058179293 0.957281053 124.005218506 -0.004805680 0.998058915 -0.062079556 -8.747967720 -0.959035158 -0.022184180 -0.282416612 74.573486328
-0.298399121 0.059664719 0.952574551 125.152526855 -0.006552482 0.997891843 -0.064555809 -8.833193779 -0.954418600 -0.025505129 -0.297379017 74.230865479
-0.312823504 0.061546545 0.947815239 126.305366516 -0.006828579 0.997726083 -0.067041300 -8.923791885 -0.949786663 -0.027444329 -0.311691821 73.861534119
-0.326717108 0.063861430 0.942962289 127.437446594 -0.005324647 0.997573555 -0.069404863 -9.013068199 -0.945107102 -0.027696701 -0.325584292 73.481536865
-0.340644836 0.064014226 0.938010395 128.577224731 -0.003003157 0.997599483 -0.069171526 -9.104602814 -0.940187216 -0.026379919 -0.339634866 73.070999146
-0.354685962 0.061953772 0.932930827 129.698867798 -0.003616780 0.997703075 -0.067630246 -9.194386482 -0.934978426 -0.027361706 -0.353647202 72.654945374
-0.369528294 0.060629204 0.927239597 130.829025269 -0.003800476 0.997761250 -0.066755034 -9.289892197 -0.929211617 -0.028191827 -0.368470639 72.225387573
-0.384320945 0.061940491 0.921119511 131.931640625 -0.005158062 0.997586131 -0.069234647 -9.383723259 -0.923185110 -0.031359520 -0.383073807 71.779891968
-0.399088979 0.064236820 0.914659441 133.029022217 -0.004121607 0.997406244 -0.071846582 -9.472275734 -0.916902900 -0.032443050 -0.397789150 71.308860779
-0.413775831 0.065943852 0.907987416 134.114761353 -0.003035570 0.997266650 -0.073811278 -9.565032959 -0.910373688 -0.033297591 -0.412444770 70.821655273
-0.428334504 0.068475790 0.901022077 135.201385498 -0.000277089 0.997113645 -0.075910337 -9.665111542 -0.903620183 -0.032764688 -0.427079290 70.312995911
-0.443123043 0.071864277 0.893575788 136.264968872 -0.000335178 0.996767342 -0.080329567 -9.770088196 -0.896460712 -0.035895396 -0.441666573 69.799781799
-0.458175361 0.074019939 0.885774553 137.343002319 0.000860219 0.996562123 -0.082833029 -9.875315666 -0.888861358 -0.037190106 -0.456663966 69.250587463
-0.473418951 0.071312957 0.877945960 138.403579712 -0.000402263 0.996698737 -0.081175879 -9.979372978 -0.880837202 -0.038783383 -0.471827537 68.696052551
-0.489446253 0.066894151 0.869464040 139.480102539 -0.003019120 0.996916533 -0.078399613 -10.086486816 -0.872028172 -0.040997431 -0.487735212 68.109169006
-0.505605638 0.066840380 0.860171795 140.535125732 -0.003432349 0.996829867 -0.079477094 -10.190919876 -0.862757802 -0.043136500 -0.503773510 67.507720947
-0.521621883 0.065823197 0.850633979 141.583068848 -0.004861384 0.996773005 -0.080112770 -10.292165756 -0.853162944 -0.045923855 -0.519618750 66.882232666
-0.537539899 0.064814135 0.840743840 142.614471436 -0.005442995 0.996753216 -0.080321223 -10.394626617 -0.843220711 -0.047752049 -0.535441995 66.242675781
-0.553257406 0.064066969 0.830543160 143.645935059 -0.006857029 0.996653020 -0.081448257 -10.506182671 -0.832982123 -0.050756931 -0.550966501 65.573394775
-0.568641961 0.063528717 0.820128441 144.675094604 -0.007177128 0.996591210 -0.082174234 -10.612181664 -0.822553754 -0.052613910 -0.566247821 64.879936218
-0.584042907 0.060562536 0.809460521 145.685668945 -0.007970072 0.996735930 -0.080324829 -10.718793869 -0.811683595 -0.053364627 -0.581654072 64.177810669
-0.599297822 0.057036858 0.798491836 146.698501587 -0.007918976 0.996986389 -0.077159032 -10.828003883 -0.800486922 -0.052564498 -0.597040296 63.443962097
-0.614155114 0.055473894 0.787233412 147.686904907 -0.006853410 0.997112989 -0.075610176 -10.935801506 -0.789155483 -0.051831633 -0.612002075 62.686439514
-0.628878593 0.053550921 0.775657356 148.659347534 -0.007787426 0.997140527 -0.075155854 -11.040719032 -0.777464509 -0.053304307 -0.626663446 61.918273926
-0.643887877 0.054719321 0.763160884 149.629119873 -0.008807288 0.996842325 -0.078905374 -11.146949768 -0.765069187 -0.057527620 -0.641372919 61.128826141
-0.658973873 0.054539476 0.750186145 150.571426392 -0.010494151 0.996603072 -0.081672579 -11.252565384 -0.752092659 -0.061692696 -0.656163216 60.313331604
-0.674674690 0.051371496 0.736325681 151.512771606 -0.012096868 0.996670663 -0.080619171 -11.364992142 -0.738016188 -0.063298978 -0.671807170 59.476886749
-0.691033840 0.043399319 0.721518695 152.412246704 -0.015839599 0.997046113 -0.075142711 -11.477950096 -0.722649038 -0.063354753 -0.688305318 58.652851105
-0.707915843 0.041275848 0.705090046 153.332427979 -0.016251646 0.997073829 -0.074685380 -11.579231262 -0.706110060 -0.064329870 -0.705173671 57.766429901
-0.725380659 0.038360551 0.687278569 154.206832886 -0.017963346 0.997050107 -0.074609786 -11.690997124 -0.688113868 -0.066466346 -0.722551942 56.886665344
-0.742777050 0.034139615 0.668668151 155.084136963 -0.021380275 0.996979535 -0.074651867 -11.799294472 -0.669197738 -0.069746032 -0.739803851 55.946846008
-0.759400189 0.032054536 0.649833977 155.937026978 -0.021221077 0.997033000 -0.073980071 -11.905305862 -0.650278091 -0.069970682 -0.756467044 54.977535248
-0.775200486 0.034077667 0.630795717 156.755142212 -0.019206751 0.996809959 -0.077454686 -12.007116318 -0.631423652 -0.072158471 -0.772073328 53.980697632
-0.790233910 0.033470817 0.611890793 157.548797607 -0.015969953 0.997042358 -0.075163521 -12.122803688 -0.612597585 -0.069168650 -0.787362516 52.963394165
-0.804773152 0.034786534 0.592562616 158.304321289 -0.011876644 0.997136772 -0.074667186 -12.232857704 -0.593464136 -0.067127809 -0.802056134 51.953742981
-0.818915606 0.036500487 0.572752357 159.039413452 -0.009731115 0.996947944 -0.077447250 -12.335704803 -0.573831856 -0.068996295 -0.816061497 50.896446228
-0.832458377 0.038403627 0.552755415 159.747131348 -0.008475524 0.996594846 -0.082004495 -12.441480637 -0.554023206 -0.072950229 -0.829298735 49.848003387
-0.845320046 0.039367545 0.532808065 160.440185547 -0.005152234 0.996633351 -0.081812479 -12.559226036 -0.534235716 -0.071902893 -0.842271924 48.755184174
-0.856962442 0.037594005 0.514006078 161.108444214 -0.003774004 0.996850431 -0.079201072 -12.674839973 -0.515365303 -0.069812231 -0.854122162 47.651935577
-0.867544830 0.039443009 0.495792717 161.755691528 -0.000910853 0.996721685 -0.080888554 -12.789064407 -0.497358471 -0.070626065 -0.864665449 46.529544830
-0.876926661 0.042300995 0.478759289 162.366928101 0.001893866 0.996414721 -0.084569842 -12.898883820 -0.480620831 -0.073254876 -0.873863399 45.415817261
-0.885934412 0.040064592 0.462076962 162.969146729 0.000204027 0.996294677 -0.085993089 -13.016757011 -0.463810742 -0.076090001 -0.882660627 44.287269592
-0.894438863 0.036949098 0.445661306 163.564788818 -0.001400863 0.996343255 -0.085416906 -13.134501457 -0.447188348 -0.077024549 -0.891117096 43.144691467
-0.901585340 0.034991805 0.431183994 164.130340576 -0.002387168 0.996304572 -0.085844494 -13.251655579 -0.432595104 -0.078425489 -0.898170829 41.991493225
-0.908221066 0.032872953 0.417197883 164.680633545 -0.002935181 0.996384025 -0.084899560 -13.382499695 -0.418480873 -0.078332163 -0.904841244 40.816307068
-0.914502025 0.030166943 0.403455347 165.212554932 -0.004186668 0.996456027 -0.083996385 -13.504847527 -0.404560119 -0.078504033 -0.911135614 39.647575378
-0.920298576 0.025006911 0.390417010 165.729141235 -0.006863006 0.996768236 -0.080022521 -13.625679970 -0.391157031 -0.076324075 -0.917153597 38.486209869
-0.925531268 0.021407256 0.378065914 166.232681274 -0.008264367 0.997019768 -0.076686181 -13.737809181 -0.378581494 -0.074099965 -0.922596931 37.315673828
-0.929949701 0.021411410 0.367063105 166.722320557 -0.006012461 0.997282743 -0.073405802 -13.849510193 -0.367638081 -0.070470683 -0.927294970 36.122211456
-0.933115840 0.025672359 0.358658642 167.181716919 -0.001463127 0.997167349 -0.075182781 -13.953359604 -0.359573483 -0.070679031 -0.930436015 34.944026947
-0.935402095 0.030733228 0.352247894 167.634887695 0.003874029 0.997045100 -0.076703623 -14.062728882 -0.353565037 -0.070384130 -0.932758093 33.748672485
-0.937287033 0.034049310 0.346891671 168.074951172 0.006994725 0.996852994 -0.078947239 -14.172241211 -0.348488718 -0.071569838 -0.934576452 32.569831848
-0.939135134 0.030993771 0.342147231 168.519851685 0.004537541 0.996953070 -0.077855423 -14.280185699 -0.343518347 -0.071564279 -0.936415255 31.383312225
-0.940918624 0.023866637 0.337790906 168.961547852 -0.001206677 0.997269273 -0.073823467 -14.392111778 -0.338631004 -0.069869511 -0.938321471 30.190412521
-0.942724109 0.017830582 0.333096772 169.405197144 -0.006572319 0.997382343 -0.071990609 -14.497524261 -0.333509088 -0.070056535 -0.940140247 28.985971451
-0.944343567 0.011224530 0.328769535 169.843246460 -0.013763304 0.997193158 -0.073578469 -14.597989082 -0.328673214 -0.074008346 -0.941539466 27.768432617
-0.945633769 0.008578966 0.325120538 170.273559570 -0.017278817 0.996913791 -0.076562285 -14.701569557 -0.324774563 -0.078017615 -0.942568123 26.549777985
-0.946332395 0.009261062 0.323062539 170.695632935 -0.017116880 0.996749043 -0.078713126 -14.815014839 -0.322741866 -0.080018640 -0.943098366 25.336362839
-0.946553886 0.010024424 0.322390199 171.112487793 -0.016848074 0.996614456 -0.080455750 -14.927682877 -0.322105885 -0.081587382 -0.943181396 24.131652832
-0.946510017 0.012859577 0.322418183 171.530380249 -0.014359088 0.996535778 -0.081900150 -15.045185089 -0.322355092 -0.082148977 -0.943047464 22.935922623
-0.946120381 0.013972950 0.323513687 171.949768066 -0.013785146 0.996423542 -0.083351746 -15.163517952 -0.323521942 -0.083320513 -0.942544997 21.735477448
-0.945724845 0.014955977 0.324624240 172.373809814 -0.013479293 0.996273994 -0.085169241 -15.280276299 -0.324689090 -0.084922425 -0.942000449 20.533792496
-0.945065379 0.015975079 0.326490939 172.797332764 -0.012485863 0.996310651 -0.084891014 -15.396209717 -0.326643109 -0.084304132 -0.941380262 19.332380295
-0.944337726 0.015593691 0.328607798 173.227294922 -0.013130888 0.996291935 -0.085012928 -15.520388603 -0.328715503 -0.084595889 -0.940632403 18.127864838
-0.942992806 0.014525187 0.332496136 173.653915405 -0.014667685 0.996261299 -0.085121132 -15.636796951 -0.332489997 -0.085145622 -0.939255118 16.939945221
-0.941379189 0.013032650 0.337098449 174.089904785 -0.015743781 0.996466100 -0.082490757 -15.760635376 -0.336982816 -0.082962349 -0.937848270 15.758378983
-0.939390421 0.011205265 0.342666060 174.537750244 -0.016926637 0.996729791 -0.078996420 -15.884705544 -0.342431217 -0.080008723 -0.936129808 14.571652412
-0.936760664 0.009179197 0.349850148 174.988616943 -0.018657468 0.996923089 -0.076114267 -15.997412682 -0.349472940 -0.077828221 -0.933708131 13.385120392
-0.934104145 0.011851788 0.356803834 175.446884155 -0.016364863 0.996975183 -0.075959034 -16.102127075 -0.356625438 -0.076792739 -0.931085706 12.208709717
-0.930851638 0.012359255 0.365188301 175.911117554 -0.016431538 0.996999443 -0.075625487 -16.215703964 -0.365027815 -0.076396756 -0.927856505 11.041275978
-0.927265525 0.015483280 0.374084085 176.380508423 -0.014542206 0.996899724 -0.077308312 -16.328096390 -0.374121934 -0.077125385 -0.924166620 9.909126282
-0.923370659 0.016146250 0.383569956 176.864410400 -0.014356570 0.996962667 -0.076527596 -16.427539825 -0.383641213 -0.076170132 -0.920335293 8.801265717
-0.918196082 0.017918512 0.395720690 177.351104736 -0.014223136 0.996839464 -0.078139849 -16.531665802 -0.395870805 -0.077376127 -0.915040314 7.667314529
-0.912597179 0.020091999 0.408365935 177.867218018 -0.013394580 0.996784985 -0.078976475 -16.639581680 -0.408640504 -0.077543631 -0.909395039 6.547999382
-0.906541705 0.022642666 0.421508491 178.391754150 -0.011723215 0.996823072 -0.078760833 -16.744974136 -0.421953410 -0.076341435 -0.903397322 5.428902626
-0.900083244 0.022037614 0.435160309 178.939895630 -0.012278207 0.997039139 -0.075888850 -16.857973099 -0.435544938 -0.073649287 -0.897148669 4.281111717
-0.893753171 0.024688862 0.447879195 179.519851685 -0.010575335 0.997045279 -0.076064475 -16.967239380 -0.448434472 -0.072719350 -0.890852273 3.153273106
-0.886944890 0.027206426 0.461073339 180.101043701 -0.008601314 0.997116029 -0.075382575 -17.065635681 -0.461795211 -0.070826039 -0.884153903 2.039510250
-0.879484534 0.029232545 0.475028932 180.700942993 -0.006282782 0.997310162 -0.073005170 -17.172410965 -0.475886017 -0.067191422 -0.876936138 0.930169463
-0.871586561 0.031562712 0.489224672 181.321044922 -0.002978760 0.997564375 -0.069665588 -17.281393051 -0.490232676 -0.062176865 -0.869370580 -0.180335760
-0.863179743 0.034839287 0.503693402 181.943634033 0.000642213 0.997689843 -0.067907378 -17.381887436 -0.504896402 -0.058292784 -0.861208916 -1.261546969
-0.853940427 0.038090166 0.518974960 182.589859009 0.003525890 0.997716486 -0.067425855 -17.469272614 -0.520358920 -0.055747800 -0.852125585 -2.335963249
-0.843766510 0.040493358 0.535180867 183.248229980 0.005828441 0.997780740 -0.066305988 -17.564697266 -0.536678851 -0.052827477 -0.842130721 -3.369014263
-0.832855046 0.043605894 0.551770926 183.913040161 0.008935549 0.997819543 -0.065369226 -17.658248901 -0.553419054 -0.049512692 -0.831429422 -4.381580353
-0.821701407 0.045102298 0.568130851 184.592269897 0.010289794 0.997873604 -0.064336061 -17.757959366 -0.569825232 -0.047019061 -0.820419014 -5.363327980
-0.810155809 0.046619534 0.584358037 185.286453247 0.011882367 0.997932255 -0.063140430 -17.865217209 -0.586094081 -0.044209998 -0.809035301 -6.311594486
-0.798637033 0.052164286 0.599548161 186.093414307 0.017884802 0.997851908 -0.062995471 -17.920673370 -0.601547182 -0.039587673 -0.797855079 -7.237495422
-0.784879446 0.052591540 0.617412865 186.835876465 0.018799350 0.997952521 -0.061107714 -18.010080338 -0.619363189 -0.036355183 -0.784261763 -8.189366341
-0.769656599 0.054262578 0.636148095 187.612258911 0.021180946 0.998001814 -0.059502095 -18.099906921 -0.638106465 -0.032321915 -0.769268751 -9.134984016
