1.000000000 0.000000000 0.000000000 0.000000000 0.000000000 1.000000000 0.000000000 0.000000000 0.000000000 0.000000000 1.000000000 0.000000000
0.999049902 0.000213573 0.043581039 0.022273261 -0.000133786 0.999998331 -0.001833689 -0.015856175 -0.043581355 0.001826117 0.999048233 0.334795743
0.996067047 -0.004307095 0.088498637 0.151396245 0.004918444 0.999965549 -0.006691098 -0.047862925 -0.088466763 0.007100058 0.996053815 1.433892250
0.991020381 -0.003810433 0.133657143 0.302237511 0.005254060 0.999931574 -0.010449930 -0.084138043 -0.133608177 0.011058335 0.990972519 2.469629765
0.983739972 -0.001635518 0.179591522 0.485185325 0.004002480 0.999909818 -0.012818133 -0.111405879 -0.179554358 0.013328519 0.983657718 3.544462681
0.974306822 -0.004152226 0.225186795 0.760497570 0.007201852 0.999893069 -0.012722904 -0.140400827 -0.225109890 0.014017772 0.974232435 4.595430374
0.962749064 -0.004671087 0.270356417 1.045257330 0.008749343 0.999865294 -0.013881535 -0.172341451 -0.270255178 0.015729874 0.962660074 5.609104156
0.949347198 -0.006795316 0.314155936 1.383365154 0.012595553 0.999785542 -0.016436717 -0.209079877 -0.313976884 0.019561116 0.949228883 6.604712009
0.934280932 -0.008513603 0.356436431 1.760095477 0.016007317 0.999708414 -0.018079543 -0.243778080 -0.356178552 0.022596957 0.934144437 7.567516804
0.917086124 -0.008538459 0.398598105 2.176394939 0.017488623 0.999669909 -0.018823301 -0.276146144 -0.398305774 0.024233514 0.916932344 8.519002914
0.897451043 -0.008604015 0.441030473 2.624725580 0.018085405 0.999686778 -0.017299134 -0.311032504 -0.440743446 0.023501337 0.897325218 9.458570480
0.875589132 -0.008178626 0.482987672 3.108960152 0.018361609 0.999697566 -0.016358746 -0.351223737 -0.482707769 0.023191964 0.875474155 10.361942291
0.851713002 -0.008554867 0.523939133 3.628693104 0.019316178 0.999699712 -0.015077208 -0.388653457 -0.523652732 0.022961948 0.851622105 11.215349197
0.826203048 -0.008780210 0.563304424 4.223405838 0.020952815 0.999665618 -0.015149894 -0.423537016 -0.562982976 0.024319693 0.826110423 12.097780228
0.798652411 -0.010567311 0.601700127 4.814516068 0.024232656 0.999599576 -0.014609250 -0.463734567 -0.601304710 0.026248498 0.798588395 12.911151886
0.769954503 -0.009678409 0.638025641 5.444104195 0.025077837 0.999571383 -0.015100541 -0.501258194 -0.637605906 0.027627027 0.769867003 13.692498207
0.739382565 -0.013013317 0.673160017 6.125020027 0.030077515 0.999453425 -0.013715290 -0.536759794 -0.672613442 0.030387821 0.739369631 14.439550400
0.707430124 -0.012079882 0.706680298 6.816961288 0.030102691 0.999461651 -0.013049993 -0.570584476 -0.706141949 0.030504931 0.707412660 15.128854752
0.673188984 -0.010690028 0.739393413 7.567386150 0.031082418 0.999420941 -0.013849873 -0.603571773 -0.738816917 0.032305714 0.673131168 15.822910309
0.637217641 -0.011319946 0.770600975 8.365346909 0.035237983 0.999274373 -0.014459536 -0.621877730 -0.769877851 0.036368288 0.637153983 16.528625488
0.600880980 -0.009700596 0.799279749 9.184718132 0.035535403 0.999262035 -0.014587023 -0.651344657 -0.798548162 0.037167788 0.600782156 17.128816605
0.564184964 -0.008508541 0.825604737 10.176703453 0.038536839 0.999128520 -0.016037676 -0.695251942 -0.824748516 0.040864404 0.564021051 17.706716537
0.525988460 -0.006985005 0.850463152 11.151459694 0.043630436 0.998871267 -0.018780334 -0.730861366 -0.849371791 0.046984307 0.525699317 18.258958817
0.487704426 -0.005751860 0.872990012 12.120690346 0.045353554 0.998794913 -0.018756453 -0.746711314 -0.871829867 0.048740797 0.487377405 18.748384476
0.449626207 -0.007601426 0.893184602 13.121225357 0.050663624 0.998570979 -0.017005581 -0.783399820 -0.891778708 0.052898113 0.449368656 19.232355118
0.412852168 -0.008468266 0.910758853 14.126754761 0.054672487 0.998383999 -0.015500335 -0.848075509 -0.909155488 0.056192786 0.412647843 19.671533585
0.377754569 -0.006280398 0.925884664 15.105986595 0.056392442 0.998276591 -0.016236277 -0.887707353 -0.924186647 0.058346212 0.377457589 20.065687180
0.344340771 -0.007245036 0.938817024 16.017753601 0.057027433 0.998285174 -0.013212639 -0.921527863 -0.937110960 0.058087960 0.344163328 20.413778305
0.310986221 -0.008942891 0.950372636 17.061489105 0.059592925 0.998171568 -0.010107647 -0.941928983 -0.948544085 0.059778802 0.310950428 20.763977051
0.278248072 -0.008915804 0.960468173 18.113281250 0.060060587 0.998161614 -0.008133870 -0.972247720 -0.958629429 0.059949491 0.278271943 21.053419113
0.246222734 -0.006100821 0.969194293 19.108247757 0.057860080 0.998289287 -0.008415317 -0.994786024 -0.967484474 0.058149684 0.246154457 21.307441711
0.215475559 -0.004629537 0.976498485 20.122503281 0.058290102 0.998266637 -0.008129633 -1.011951566 -0.974767685 0.058671918 0.215371862 21.528699875
0.185215548 -0.004572994 0.982687533 21.167333603 0.060770608 0.998128593 -0.006809104 -1.031877518 -0.980816782 0.060979653 0.185146809 21.717727661
0.155041963 -0.005093841 0.987895012 22.231101990 0.063277192 0.997984529 -0.004784964 -1.049830437 -0.985879004 0.063253075 0.155051813 21.872932434
0.124645352 -0.005719543 0.992185116 23.340328217 0.062264465 0.998057544 -0.002068706 -1.058544755 -0.990245461 0.062035713 0.124759383 22.024297714
0.095578939 -0.006057170 0.995403647 24.455362320 0.063405044 0.997987866 -0.000015272 -1.064386964 -0.993400156 0.063115060 0.095770717 22.128347397
0.068796709 -0.005764594 0.997614324 25.602058411 0.066543579 0.997782826 0.001176644 -1.074659705 -0.995408595 0.066303864 0.069027826 22.185119629
0.043648206 -0.005508814 0.999032080 26.778181076 0.070820667 0.997486115 0.002406104 -1.078745604 -0.996533275 0.070647068 0.043928683 22.244792938
0.020973170 -0.005161983 0.999767005 27.954935074 0.075158313 0.997165143 0.003571879 -1.082262039 -0.996950746 0.075065859 0.021301758 22.264633179
0.000818806 -0.005444545 0.999985158 29.135547638 0.081119537 0.996689916 0.005360186 -1.089621782 -0.996703744 0.081113905 0.001257841 22.251798630
-0.016706513 -0.006203328 0.999841511 30.379957199 0.085676476 0.996293843 0.007612904 -1.095147967 -0.996182621 0.085790046 -0.016113022 22.219577789
-0.032252952 -0.006329214 0.999459982 31.582504272 0.088653542 0.996020198 0.009168319 -1.095480204 -0.995539904 0.088901334 -0.031563383 22.176055908
-0.046525739 -0.007263562 0.998890936 32.823196411 0.090914145 0.995792449 0.011475581 -1.100190043 -0.994771004 0.091347188 -0.045669515 22.117347717
-0.059919499 -0.008561027 0.998166800 34.077495575 0.090743028 0.995775938 0.013987791 -1.098022103 -0.994069815 0.091414779 -0.058889434 22.049871445
-0.072023295 -0.008538180 0.997366726 35.267860413 0.090637363 0.995769739 0.015069753 -1.093792081 -0.993275881 0.091484033 -0.070944630 21.965768814
-0.083113447 -0.005890086 0.996523023 36.499870300 0.090878114 0.995770752 0.013465195 -1.089007020 -0.992387414 0.091681242 -0.082226560 21.861337662
-0.093209565 -0.002573028 0.995643497 37.760711670 0.091259971 0.995764792 0.011116872 -1.080551863 -0.991455019 0.091898568 -0.092579886 21.746503830
-0.102590621 -0.000304074 0.994723916 39.012573242 0.092305966 0.995682001 0.009824328 -1.074275970 -0.990431309 0.092826799 -0.102119453 21.620433807
-0.109995514 0.000344008 0.993932307 40.316398621 0.092161313 0.995695114 0.009854605 -1.074201345 -0.989649773 0.092686027 -0.109553583 21.473613739
-0.115800709 0.000902451 0.993272364 41.632728577 0.091976561 0.995712519 0.009818431 -1.068845272 -0.989004552 0.092494719 -0.115387104 21.323883057
-0.120597668 0.002169736 0.992699385 42.953380585 0.092971526 0.995626748 0.009118479 -1.061946034 -0.988337994 0.093392402 -0.120271876 21.157798767
-0.125228390 0.003745174 0.992121220 44.294658661 0.091916092 0.995735645 0.007843101 -1.056276202 -0.987860680 0.092174038 -0.125038490 20.997108459
-0.129260048 0.004376058 0.991601408 45.688976288 0.092868321 0.995648324 0.007711926 -1.058197141 -0.987252116 0.093085162 -0.129103824 20.810064316
-0.132190630 0.003108816 0.991219759 47.072120667 0.092717543 0.995649397 0.009242255 -1.054516077 -0.986878216 0.093125157 -0.131903633 20.628082275
-0.134061947 0.001237305 0.990972579 48.463619232 0.093519174 0.995551944 0.011408558 -1.044079423 -0.986550033 0.094204336 -0.133581221 20.440097809
-0.136387110 -0.000029694 0.990656018 49.910736084 0.093155712 0.995568395 0.012854923 -1.028757095 -0.986265719 0.094038449 -0.135779798 20.244274139
-0.138482362 0.000275568 0.990365207 51.355216980 0.095932759 0.995300949 0.013137302 -1.026802182 -0.985707343 0.096827686 -0.137857914 20.043302536
-0.139559001 -0.000050130 0.990214050 52.820556641 0.095614329 0.995326400 0.013526106 -1.013150573 -0.985586405 0.096566282 -0.138901815 19.842388153
-0.140293345 0.001208695 0.990109563 54.278072357 0.097338401 0.995171726 0.012577473 -0.997792006 -0.985313296 0.098140158 -0.139733478 19.644433975
-0.140367925 0.001288425 0.990098894 55.783836365 0.097090490 0.995197237 0.012469625 -0.983249545 -0.985327125 0.097879462 -0.139818743 19.432680130
-0.139816284 0.002499673 0.990174651 57.317935944 0.097035505 0.995217800 0.011189374 -0.977331221 -0.985410929 0.097646482 -0.139390111 19.217157364
-0.138685107 0.002251298 0.990334272 58.864120483 0.097561091 0.995164037 0.011400056 -0.965054631 -0.985518873 0.098199040 -0.138233945 18.999149323
-0.137327254 0.000935095 0.990525603 60.431865692 0.096518271 0.995253205 0.012441819 -0.954801679 -0.985811651 0.097312354 -0.136765525 18.789476395
-0.136347234 0.001676099 0.990659952 62.015197754 0.097334377 0.995182574 0.011712652 -0.939391136 -0.985867381 0.098022193 -0.135853410 18.575742722
-0.135438785 0.002132366 0.990783691 63.608509064 0.097116567 0.995210528 0.011133816 -0.927897751 -0.986014068 0.097729400 -0.134997055 18.363336563
-0.134422034 0.002668827 0.990920842 65.263099670 0.098234639 0.995106101 0.010645795 -0.916863382 -0.986042440 0.098773718 -0.134026229 18.123027802
-0.133562043 0.002472435 0.991037667 66.889709473 0.097597733 0.995168447 0.010670503 -0.902562201 -0.986222506 0.098148145 -0.133157924 17.917205811
-0.132762864 0.000792272 0.991147757 68.547447205 0.099553004 0.994952917 0.012539679 -0.891190112 -0.986135006 0.100336492 -0.132171571 17.690538406
-0.132092312 -0.001126869 0.991236985 70.254074097 0.101343066 0.994743466 0.014635844 -0.879281938 -0.986042619 0.102388225 -0.131283671 17.448196411
-0.131159559 0.000088977 0.991361439 71.941940308 0.103115089 0.994576693 0.013553118 -0.864316225 -0.985983312 0.104001902 -0.130457312 17.221117020
-0.130560249 0.001719878 0.991439044 73.629409790 0.105363496 0.994359076 0.012150127 -0.858141899 -0.985825121 0.106047764 -0.130004883 17.001686096
-0.130006880 0.001431685 0.991512239 75.326225281 0.104573190 0.994440913 0.012275704 -0.844165444 -0.985982358 0.105281487 -0.129433766 16.787755966
-0.129912868 0.001155210 0.991524935 77.050354004 0.105231859 0.994367003 0.012629307 -0.836818695 -0.985924661 0.105980679 -0.129302531 16.559013367
-0.130067915 -0.000187229 0.991505265 78.752639771 0.104636334 0.994412661 0.013914215 -0.832602382 -0.985967577 0.105557233 -0.129321501 16.370576859
-0.129828140 0.000171465 0.991536677 80.514427185 0.106112376 0.994258881 0.013722030 -0.810291111 -0.985841393 0.106995784 -0.129100889 16.126047134
-0.129824340 0.000193864 0.991537154 82.312507629 0.106833421 0.994180679 0.013793578 -0.777317882 -0.985764027 0.107720017 -0.129089460 15.878722191
-0.129191041 0.002180440 0.991617501 84.149444580 0.107546329 0.994129121 0.011825513 -0.729883552 -0.985769689 0.108172543 -0.128666967 15.594721794
-0.130047634 0.003012434 0.991503298 85.930427551 0.107213832 0.994174063 0.011041843 -0.722082615 -0.985693276 0.107738808 -0.129612848 15.380618095
-0.131233558 0.003648177 0.991344869 87.723884583 0.106227055 0.994286895 0.010403262 -0.710278928 -0.985642910 0.106672876 -0.130871221 15.151100159
-0.132840768 0.003915921 0.991129756 89.579605103 0.105210736 0.994397283 0.010172527 -0.713881671 -0.985536635 0.105628774 -0.132508382 14.910593987
-0.133913577 0.003269996 0.990987718 91.392356873 0.104077213 0.994510114 0.010782482 -0.703909934 -0.985511780 0.104583107 -0.133518636 14.672693253
-0.134547040 0.002939227 0.990902960 93.203094482 0.104924388 0.994415402 0.011297224 -0.707910120 -0.985335648 0.105489835 -0.134103924 14.419558525
-0.135272950 0.001958469 0.990806520 95.020072937 0.102455944 0.994664252 0.012022021 -0.696596622 -0.985495985 0.103140213 -0.134751707 14.199772835
-0.136996627 0.003032272 0.990566969 96.874427795 0.102389082 0.994681656 0.011115666 -0.684645236 -0.985264838 0.102945983 -0.136578396 13.952517509
-0.139649183 0.003848114 0.990193725 98.708061218 0.101164557 0.994814694 0.010401384 -0.676003814 -0.985018909 0.101624981 -0.139314234 13.716016769
-0.144089863 0.004861392 0.989552855 100.627449036 0.101538092 0.994781792 0.009897988 -0.662853301 -0.984340727 0.101903439 -0.143831447 13.463339806
-0.148637697 0.004057800 0.988883615 102.497695923 0.099768087 0.994950235 0.010913304 -0.655283391 -0.983845353 0.100281082 -0.148291811 13.194085121
-0.153385490 0.003373174 0.988160908 104.426795959 0.098419480 0.995073497 0.011880213 -0.648213983 -0.983252287 0.099076457 -0.152961671 12.890789986
-0.157788485 0.004335743 0.987463653 106.338005066 0.097281493 0.995193541 0.011175089 -0.642367184 -0.982668698 0.097825170 -0.157451719 12.595062256
-0.161771104 0.006135469 0.986809492 108.229164124 0.098270223 0.995109677 0.009922703 -0.635816097 -0.981922507 0.098579124 -0.161582768 12.267033577
-0.165878251 0.008705704 0.986108124 110.158432007 0.098846778 0.995071113 0.007842685 -0.627051890 -0.981179178 0.098774463 -0.165921018 11.941277504
-0.170808345 0.009079803 0.985262752 112.083297729 0.097674578 0.995187461 0.007761915 -0.634512663 -0.980450451 0.097560838 -0.170873031 11.614320755
-0.175809622 0.008788683 0.984385252 114.008369446 0.095945433 0.995351732 0.008249103 -0.638033509 -0.979736924 0.095897451 -0.175835490 11.289583206
-0.181124657 0.008219383 0.983426094 115.954544067 0.094215684 0.995510161 0.009031994 -0.635777652 -0.978936315 0.094289981 -0.181085661 10.938772202
-0.187254354 0.008118836 0.982278228 117.928802490 0.092649564 0.995653391 0.009432643 -0.612548053 -0.977931917 0.092773847 -0.187192470 10.588559151
-0.192732289 0.007688658 0.981221616 119.916282654 0.092260204 0.995680749 0.010319857 -0.613802731 -0.976903915 0.092516571 -0.192609027 10.206217766
-0.198487267 0.009122432 0.980061412 121.894393921 0.092346892 0.995681524 0.009434756 -0.612687767 -0.975742698 0.092378192 -0.198472366 9.826611519
-0.203901649 0.010287693 0.978937685 123.904518127 0.092058107 0.995714903 0.008710653 -0.603959501 -0.974652886 0.091895163 -0.203974783 9.394320488
-0.209804133 0.010385178 0.977688611 125.907737732 0.092423946 0.995676100 0.009257187 -0.598051071 -0.973364711 0.092303932 -0.209856570 8.948130608
-0.215443045 0.010413671 0.976461172 127.911712646 0.091519460 0.995756626 0.009573082 -0.591346443 -0.972217679 0.091427550 -0.215481669 8.520366669
-0.220860586 0.011406958 0.975238979 129.907089233 0.090805888 0.995828032 0.008916856 -0.580371141 -0.971068263 0.090526722 -0.220974758 8.086585045
-0.225605875 0.012097225 0.974143863 131.889053345 0.090125166 0.995893478 0.008505126 -0.568878233 -0.970040262 0.089713588 -0.225769475 7.625313759
-0.230601668 0.011886383 0.972975969 133.954513550 0.091164090 0.995790482 0.009441384 -0.555240333 -0.968767583 0.090877563 -0.230714351 7.163014889
-0.236048102 0.012074312 0.971666694 135.862640381 0.092701539 0.995641589 0.010147855 -0.528501749 -0.967308760 0.092470266 -0.236138418 6.789535046
-0.239473119 0.012898326 0.970817626 137.880935669 0.093927495 0.995528758 0.009942604 -0.520558178 -0.966348171 0.093567349 -0.239613697 6.287027836
-0.242544129 0.013647694 0.970044732 139.892303467 0.094764546 0.995451927 0.009689204 -0.516613245 -0.965500116 0.094275795 -0.242734164 5.786187649
-0.245761648 0.013536174 0.969236135 141.927658081 0.094006017 0.995521426 0.009933104 -0.510457456 -0.964760303 0.093555085 -0.245933294 5.267370701
-0.249525785 0.014006857 0.968267202 143.955245972 0.093295522 0.995591164 0.009640455 -0.519659042 -0.963862658 0.092740424 -0.249732241 4.740838051
-0.253815472 0.014444193 0.967145145 145.962707520 0.092436075 0.995673716 0.009388461 -0.526729882 -0.962824821 0.091781929 -0.254052341 4.222836971
-0.257983863 0.013132266 0.966060281 147.833694458 0.091646209 0.995730877 0.010938284 -0.580563724 -0.961791933 0.091357552 -0.258085847 3.736246109
-0.262517303 0.013417947 0.964834273 149.838256836 0.091754638 0.995718837 0.011117635 -0.577515185 -0.960554123 0.091446489 -0.262624383 3.205589771
-0.266353548 0.013908701 0.963775337 151.871536255 0.091598928 0.995735109 0.010944787 -0.580054104 -0.959512293 0.091195866 -0.266491383 2.589134693
-0.270933747 0.013659358 0.962501407 153.849655151 0.090882719 0.995795012 0.011450657 -0.589799643 -0.958297253 0.090577006 -0.271035641 2.039292336
-0.275355965 0.012788139 0.961257577 155.889968872 0.090531781 0.995812058 0.012685341 -0.589493930 -0.957069218 0.090517238 -0.275360256 1.488490343
-0.279336572 0.012807482 0.960108101 157.971786499 0.090983495 0.995764375 0.013187869 -0.587173402 -0.955872059 0.091037743 -0.279318422 0.888468146
-0.282407641 0.013614711 0.959198177 159.977111816 0.092019506 0.995672166 0.012960011 -0.577063143 -0.954869926 0.091924846 -0.282437980 0.273576736
-0.285895556 0.014957590 0.958144307 162.073318481 0.092100151 0.995677471 0.011937747 -0.559138715 -0.953823626 0.091658086 -0.286037087 -0.359688520
-0.289811313 0.016703285 0.956938326 164.112701416 0.091690913 0.995732605 0.010388399 -0.539386630 -0.952680707 0.090753131 -0.290105879 -0.922256947
-0.292880625 0.018008685 0.955979705 166.149490356 0.092578143 0.995658338 0.009606737 -0.516907334 -0.951655686 0.091316357 -0.293276042 -1.562700272
-0.296063751 0.018743042 0.954984546 168.204605103 0.092535287 0.995666623 0.009146241 -0.520969987 -0.950674355 0.091077544 -0.296514988 -2.203488588
-0.300058633 0.018673049 0.953738272 170.219406128 0.092922442 0.995624900 0.009741480 -0.538422883 -0.949383199 0.091546610 -0.300480783 -2.780021429
-0.303982109 0.018796582 0.952492595 172.233917236 0.092497543 0.995663166 0.009871495 -0.542187095 -0.948175788 0.091103889 -0.304402232 -3.422262669
-0.307846278 0.019628430 0.951233923 174.340530396 0.094858341 0.995438099 0.010158272 -0.542302430 -0.946694732 0.093359567 -0.308303654 -4.097617626
-0.311046630 0.019796096 0.950188816 176.223587036 0.096793763 0.995243371 0.010950912 -0.547266603 -0.945451915 0.095378496 -0.311483055 -4.695775509
-0.313615084 0.019565346 0.949348986 178.359390259 0.097518995 0.995163977 0.011705594 -0.532505691 -0.944528461 0.096250504 -0.314006239 -5.406326294
-0.316355914 0.019037157 0.948449969 180.474670410 0.097406022 0.995165229 0.012515000 -0.522910953 -0.943625689 0.096343815 -0.316680551 -6.116492271
-0.319251150 0.019697666 0.947465837 182.492599487 0.096417420 0.995270252 0.011796591 -0.512970209 -0.942751706 0.095118172 -0.319640189 -6.777513504
-0.322062403 0.021730360 0.946469367 184.616088867 0.095788173 0.995353281 0.009741874 -0.505091906 -0.941859186 0.093797967 -0.322647184 -7.493963718
-0.325480729 0.023554493 0.945255637 186.758483887 0.095109634 0.995434284 0.007944308 -0.506698966 -0.940752268 0.092488535 -0.326234728 -8.212472916
-0.328428179 0.024563709 0.944209874 188.876937866 0.094839580 0.995466471 0.007091261 -0.519958258 -0.939754665 0.091877334 -0.329268664 -8.956927299
-0.331628740 0.025577432 0.943063617 190.973739624 0.092947349 0.995653987 0.005681203 -0.511609614 -0.938819230 0.089539208 -0.332564622 -9.685524940
-0.335334510 0.025643548 0.941750467 193.028579712 0.093677603 0.995582163 0.006246949 -0.522375762 -0.937429249 0.090315633 -0.336255074 -10.402520180
-0.338815540 0.025042618 0.940519869 195.116561890 0.093537115 0.995589018 0.007187162 -0.534758508 -0.936190784 0.090408534 -0.339663237 -11.146615982
-0.342415839 0.024426084 0.939231336 197.209884644 0.093530588 0.995581746 0.008206907 -0.545971036 -0.934880674 0.090656929 -0.343187302 -11.893944740
-0.345981300 0.024327083 0.937926352 199.308181763 0.093888611 0.995542884 0.008812038 -0.550892293 -0.933531106 0.091109306 -0.346723020 -12.671348572
-0.349634081 0.024560750 0.936564684 201.461135864 0.093053780 0.995622873 0.008628896 -0.551105261 -0.932252944 0.090167746 -0.350388914 -13.476705551
-0.352942169 0.024303788 0.935329795 203.405227661 0.091376938 0.995778382 0.008606138 -0.600074708 -0.931171656 0.088504955 -0.353672743 -14.269378662
-0.356023759 0.024958529 0.934143901 205.476715088 0.091569424 0.995763302 0.008294323 -0.606200337 -0.929978848 0.088491909 -0.356800586 -15.056103706
-0.358874559 0.025791772 0.933029711 207.512741089 0.092592724 0.995670319 0.008090910 -0.617311299 -0.928780973 0.089295305 -0.359708607 -15.825834274
-0.361441284 0.025358042 0.932050347 209.599914551 0.093721427 0.995554507 0.009258584 -0.643448293 -0.927671790 0.090699434 -0.362210810 -16.597587585
-0.363630861 0.024922328 0.931210041 211.609756470 0.095322892 0.995389223 0.010582910 -0.643622100 -0.926652431 0.092613801 -0.364329636 -17.394998550
-0.366454214 0.025592720 0.930084407 213.661560059 0.096420906 0.995283246 0.010603152 -0.644250453 -0.925425828 0.093565054 -0.367193133 -18.183368683
-0.369281977 0.026441861 0.928941548 215.722427368 0.096253999 0.995306313 0.009932918 -0.655266404 -0.924318492 0.093082286 -0.370093554 -18.981185913
-0.371845931 0.026488084 0.927916884 217.838760376 0.095589504 0.995370805 0.009892145 -0.659867585 -0.923359036 0.092377372 -0.372656286 -19.810308456
-0.374673724 0.027906476 0.926737010 220.045822144 0.095450968 0.995395958 0.008616214 -0.665490329 -0.922229528 0.091686122 -0.375612140 -20.691020966
-0.377598137 0.028974596 0.925516486 222.107757568 0.095389612 0.995408952 0.007754971 -0.686087728 -0.921042383 0.091212831 -0.378628165 -21.512012482
-0.380488455 0.029120496 0.924327374 224.155395508 0.093316346 0.995610714 0.007046313 -0.678310573 -0.920064807 0.088935807 -0.381535500 -22.279987335
-0.383578062 0.030167347 0.923015952 226.253875732 0.094231002 0.995527446 0.006622323 -0.697577059 -0.918687701 0.089516804 -0.384704888 -23.139083862
-0.385891467 0.029660545 0.922067583 228.321380615 0.096054107 0.995341599 0.008181689 -0.722088575 -0.917529345 0.091725528 -0.386942536 -23.989599228
-0.388740897 0.028912337 0.920893669 230.453262329 0.096673958 0.995269299 0.009561962 -0.728602350 -0.916260540 0.092743471 -0.389696658 -24.862764359
-0.391758621 0.028444938 0.919628561 232.393066406 0.095970571 0.995332062 0.010096611 -0.756026626 -0.915048420 0.092212617 -0.392659515 -25.656476974
-0.393752933 0.029050255 0.918757498 234.369247437 0.095222205 0.995411336 0.009335501 -0.744385600 -0.914270282 0.091161907 -0.394712090 -26.542625427
-0.397240639 0.028714051 0.917265534 236.474990845 0.094171613 0.995508552 0.009619575 -0.752671301 -0.912869275 0.090201572 -0.398160249 -27.438646317
-0.400224894 0.028351795 0.915978611 238.326065063 0.093798362 0.995538354 0.010169604 -0.722480655 -0.911603332 0.089987338 -0.401098311 -28.278253555
-0.403502494 0.028764900 0.914526582 240.367919922 0.093495712 0.995569170 0.009937716 -0.715038776 -0.910188496 0.089514136 -0.404403746 -29.187984467
-0.407597780 0.028237574 0.912725151 242.545303345 0.092983365 0.995608985 0.010721982 -0.748913825 -0.908414543 0.089238442 -0.408433318 -30.093416214
-0.411423087 0.027734401 0.911022723 244.628875732 0.092135713 0.995681405 0.011297327 -0.773963153 -0.906774998 0.088585630 -0.412201345 -31.011301041
-0.415258110 0.027726080 0.909281313 246.686264038 0.091223665 0.995765388 0.011297586 -0.773604512 -0.905117571 0.087639302 -0.416028649 -31.948028564
-0.419211745 0.028708478 0.907434762 248.807754517 0.091827057 0.995714128 0.010920379 -0.770513654 -0.903232098 0.087904938 -0.420050979 -32.872108459
-0.422649056 0.029127318 0.905825496 250.838516235 0.092207551 0.995678067 0.011006526 -0.781969070 -0.901589990 0.088175774 -0.423507869 -33.811157227
-0.425746828 0.029257987 0.904369414 252.874038696 0.092542663 0.995643079 0.011355123 -0.780452847 -0.900096893 0.088527083 -0.426599234 -34.771205902
-0.428971291 0.029833402 0.902825594 254.864425659 0.091380790 0.995759666 0.010514578 -0.767717719 -0.898683488 0.087011285 -0.429878235 -35.729946136
-0.432635128 0.030141184 0.901065350 256.955718994 0.092261463 0.995673299 0.010992289 -0.783555627 -0.896835268 0.087889180 -0.433543831 -36.719108582
-0.436027139 0.030663703 0.899411201 259.122192383 0.092897110 0.995613098 0.011092223 -0.777546048 -0.895125329 0.088389136 -0.436962605 -37.774024963
-0.439574689 0.031677846 0.897647500 261.144042969 0.094243877 0.995487332 0.011020270 -0.787824512 -0.893247545 0.089441933 -0.440576166 -38.720367432
-0.441554248 0.035513852 0.896531641 263.054382324 0.097850911 0.995161653 0.008772086 -0.673987329 -0.891882300 0.091599710 -0.442892611 -39.761745453
-0.444585323 0.036326725 0.894999802 265.033416748 0.099704623 0.994974315 0.009143078 -0.695303857 -0.890169501 0.093300417 -0.445972621 -40.675888062
-0.448413372 0.038342226 0.893003702 266.926940918 0.101730749 0.994775951 0.008371182 -0.719860971 -0.888017595 0.094599597 -0.449971139 -41.516937256
-0.450979888 0.040729295 0.891604543 268.911804199 0.103439316 0.994611084 0.006885607 -0.726328194 -0.886519253 0.095332146 -0.452762365 -42.504905701
-0.453718990 0.041517355 0.890177369 270.970825195 0.104554236 0.994494319 0.006908133 -0.724935114 -0.884989560 0.096206084 -0.455561548 -43.543651581
-0.457337260 0.042584535 0.888273358 272.999847412 0.105207592 0.994428217 0.006493591 -0.749390304 -0.883047581 0.096422777 -0.459269077 -44.485740662
-0.460640728 0.042679682 0.886560142 275.174377441 0.104573026 0.994495332 0.006458496 -0.745258152 -0.881404340 0.095685236 -0.462568015 -45.608684540
-0.464001894 0.044414658 0.884720266 277.318115234 0.105869211 0.994363308 0.005605396 -0.740656555 -0.879484475 0.096265465 -0.466088474 -46.709892273
-0.466963530 0.044830490 0.883139610 279.409027100 0.105563566 0.994397283 0.005338926 -0.760526419 -0.877952397 0.095720373 -0.469079584 -47.800525665
-0.469719172 0.044596706 0.881688893 281.544738770 0.103746042 0.994590461 0.004963252 -0.754811406 -0.876698136 0.093802981 -0.471804827 -48.936988831
-0.472397000 0.045127954 0.880230010 283.673126221 0.105262525 0.994428277 0.005508998 -0.763053656 -0.875077069 0.095257580 -0.474515080 -50.058834076
-0.474554449 0.045456097 0.879051864 285.711517334 0.106366679 0.994307935 0.006005815 -0.715829253 -0.873775303 0.096351825 -0.476688147 -51.153926849
-0.476738364 0.045847297 0.877849042 287.788574219 0.107611924 0.994170725 0.006518994 -0.722362578 -0.872433007 0.097574785 -0.478892922 -52.273609161
-0.479138613 0.045895476 0.876538754 289.906188965 0.108400859 0.994080305 0.007204751 -0.753250897 -0.871019304 0.098469533 -0.481277257 -53.348224640
-0.481642038 0.045333765 0.875194967 292.023254395 0.108082131 0.994108975 0.007987011 -0.740256131 -0.869677126 0.098439723 -0.483704388 -54.468200684
-0.484150857 0.045872368 0.873781502 294.236450195 0.110280268 0.993859470 0.008928541 -0.757025123 -0.868006468 0.100683525 -0.486236721 -55.667026520
-0.485806286 0.045887545 0.872861385 296.287628174 0.110889718 0.993786633 0.009472855 -0.754493475 -0.867003322 0.101393238 -0.487876266 -56.812629700
-0.487631530 0.046581350 0.871806204 298.293029785 0.110077098 0.993886054 0.008465766 -0.750169814 -0.866081655 0.100093983 -0.489777714 -57.941974640
-0.490087688 0.049043559 0.870292604 300.467590332 0.110079296 0.993903875 0.005979509 -0.756276250 -0.864693880 0.098731592 -0.492498755 -59.153823853
-0.493697673 0.048412878 0.868285239 302.432708740 0.108152121 0.994114876 0.006065382 -0.750006080 -0.862881601 0.096901268 -0.496028215 -60.250854492
-0.498176545 0.046677042 0.865818560 304.530059814 0.106293336 0.994305134 0.007555410 -0.762769639 -0.860535204 0.095794588 -0.500301003 -61.419754028
-0.503004670 0.044314399 0.863147140 306.673492432 0.104333721 0.994493604 0.009743352 -0.765877008 -0.857962608 0.094956219 -0.504858434 -62.632209778
-0.507917941 0.043174233 0.860323131 308.882934570 0.103278354 0.994589925 0.011061249 -0.755857170 -0.855191231 0.094470866 -0.509629071 -63.894191742
-0.512129068 0.043362699 0.857813478 311.099029541 0.103799000 0.994528472 0.011696045 -0.747393489 -0.852612853 0.095029972 -0.513827980 -65.211685181
-0.516249061 0.044730686 0.855269909 313.306549072 0.106164917 0.994274080 0.012081508 -0.744842410 -0.849832356 0.097036622 -0.518041909 -66.544670105
-0.519988656 0.045910276 0.852938771 315.647888184 0.107938625 0.994080484 0.012296674 -0.743237376 -0.847325325 0.098459050 -0.521865964 -67.977989197
-0.523328841 0.045201302 0.850931406 317.845336914 0.108658105 0.993979275 0.014025486 -0.749932587 -0.845174253 0.099800415 -0.525089383 -69.327667236
-0.527656972 0.043915454 0.848321915 319.994567871 0.109741405 0.993817031 0.016811840 -0.757481575 -0.842338502 0.101966791 -0.529213727 -70.553794861
-0.531911969 0.042842090 0.845715523 322.230041504 0.109295249 0.993838191 0.018395431 -0.749284983 -0.839716315 0.102217302 -0.533316731 -71.907150269
-0.536401629 0.043008935 0.842866659 324.306610107 0.109142445 0.993848503 0.018745281 -0.734530985 -0.836875439 0.102047376 -0.537795901 -73.137786865
-0.540232301 0.042985387 0.840417743 326.478942871 0.109539531 0.993788600 0.019583534 -0.716735840 -0.834355712 0.102638476 -0.541585147 -74.524841309
-0.544492900 0.043318063 0.837646484 328.627746582 0.111112013 0.993588328 0.020843314 -0.678274512 -0.831372857 0.104421474 -0.545814872 -75.815734863
-0.548207998 0.042997561 0.835236430 330.847747803 0.111459956 0.993524194 0.022010617 -0.646260262 -0.828881085 0.105161659 -0.549450338 -77.288742065
-0.551747561 0.042126387 0.832946956 333.059448242 0.110287584 0.993637204 0.022801574 -0.615164220 -0.826686442 0.104444265 -0.552882850 -78.724121094
-0.555562973 0.041464131 0.830440283 335.241943359 0.109651119 0.993685663 0.023741301 -0.574208915 -0.824212134 0.104248345 -0.556601524 -80.142303467
-0.558451355 0.040966224 0.828525424 337.439147949 0.109568663 0.993670881 0.024720756 -0.532240868 -0.822268724 0.104585610 -0.559405506 -81.604797363
-0.561265051 0.040054150 0.826666653 339.629852295 0.107055664 0.993949592 0.024525894 -0.498048097 -0.820682526 0.102264725 -0.562157214 -83.084556580
-0.565124512 0.039179094 0.824075162 341.788635254 0.103093818 0.994394958 0.023421766 -0.450717568 -0.818538427 0.098193116 -0.565996110 -84.479911804
-0.568250895 0.038381953 0.821960032 343.934143066 0.099441573 0.994792759 0.022295039 -0.420085132 -0.816823959 0.094406031 -0.569108725 -85.951744080
-0.570356429 0.035796046 0.820617318 346.089172363 0.097163439 0.994975030 0.024130093 -0.376194566 -0.815629780 0.093496606 -0.570968568 -87.449058533
-0.573909223 0.035622504 0.818144083 348.248657227 0.098417841 0.994811833 0.025723072 -0.345415980 -0.812982917 0.095282540 -0.574437737 -88.902694702
-0.576375186 0.034694687 0.816448629 350.240264893 0.096393958 0.995008826 0.025767116 -0.351425916 -0.811479449 0.093552098 -0.576842904 -90.373741150
-0.579657376 0.033658247 0.814165115 352.352447510 0.094569162 0.995172918 0.026188668 -0.321629256 -0.809353411 0.092175223 -0.580042541 -91.836631775
-0.581674516 0.030294614 0.812857509 354.448425293 0.093003407 0.995228946 0.029460993 -0.282813370 -0.808086693 0.092735082 -0.581717014 -93.343780518
-0.584904552 0.028027335 0.810617983 356.572784424 0.090666763 0.995397627 0.031004753 -0.236629307 -0.806018114 0.091630787 -0.584753931 -94.851806641
-0.586834550 0.028421180 0.809208214 356.620758057 0.091090418 0.995356023 0.031099238 -0.234426215 -0.804566264 0.091961078 -0.586698353 -94.886497498
-0.588232517 0.029556755 0.808151841 356.596008301 0.091836803 0.995307684 0.030443877 -0.238419622 -0.803459823 0.092126019 -0.588186860 -94.836318970
-0.588535190 0.029740356 0.807924688 356.585723877 0.092365094 0.995252490 0.030647522 -0.235715643 -0.803177595 0.092661053 -0.588488221 -94.838279724
-0.590418637 0.029483233 0.806558788 356.594055176 0.092347361 0.995236337 0.031219998 -0.245662808 -0.801796138 0.092916310 -0.590328872 -94.812477112
-0.592984915 0.028269403 0.804717541 356.661071777 0.089329548 0.995523155 0.030853277 -0.242765352 -0.800242722 0.090180449 -0.592855573 -94.860900879
-0.594751120 0.024781715 0.803528130 356.717285156 0.078970537 0.996490538 0.027719028 -0.237906978 -0.800021172 0.079940841 -0.594621062 -94.926414490
-0.598377824 0.027605809 0.800738692 358.939270020 0.071209759 0.997282624 0.018831976 -0.217556641 -0.798042893 0.068288915 -0.598717690 -96.533805847
-0.600754559 0.037893288 0.798535228 358.971008301 0.081761174 0.996549547 0.014220790 -0.255600125 -0.795240998 0.073832251 -0.601780057 -96.565841675
-0.602771401 0.038586456 0.796980679 359.004180908 0.088904791 0.995857477 0.019025039 -0.295547038 -0.792945027 0.082323015 -0.603705108 -96.598907471
-0.604801953 0.029236291 0.795839369 359.034484863 0.087965176 0.995662510 0.030272391 -0.311633945 -0.791502416 0.088314816 -0.604750514 -96.633514404
-0.608648956 0.019224083 0.793206990 359.084472656 0.082056925 0.995870054 0.038828582 -0.303303987 -0.789184690 0.088720962 -0.607712865 -96.665069580
-0.612134397 0.013159615 0.790644526 359.119415283 0.076262645 0.996182203 0.042463504 -0.290031970 -0.787067294 0.086289875 -0.610801101 -96.692001343
-0.613107502 0.013477993 0.789884746 359.119384766 0.076320976 0.996187150 0.042241964 -0.264169037 -0.786303818 0.086183503 -0.611798584 -96.766281128
-0.616979122 0.019150065 0.786746681 359.142089844 0.081631511 0.995867550 0.039776374 -0.253145546 -0.782733917 0.088764377 -0.615992904 -96.796966553
-0.620809078 0.026262607 0.783521891 359.159210205 0.086395323 0.995642126 0.035081048 -0.239057869 -0.779186249 0.089471124 -0.620372832 -96.842788696
-0.623192191 0.028748769 0.781540215 359.185333252 0.086914547 0.995678663 0.032678876 -0.238581464 -0.777223647 0.088292293 -0.622998118 -96.919441223
-0.626013994 0.029214127 0.779264450 359.176879883 0.087256663 0.995645702 0.032770522 -0.239349440 -0.774914145 0.088510692 -0.625837624 -96.994949341
-0.628453076 0.028740702 0.777316391 359.165435791 0.088112317 0.995514333 0.034429494 -0.236622766 -0.772840321 0.090128332 -0.628166854 -97.069877625
-0.632301211 0.027520316 0.774233758 359.173278809 0.088050723 0.995445073 0.036525857 -0.233720064 -0.769702196 0.091267049 -0.631844699 -97.131752014
-0.634145796 0.027928326 0.772709072 361.222473145 0.088536941 0.995396137 0.036683284 -0.163183779 -0.768127382 0.091675706 -0.633699298 -98.828285217
-0.635729492 0.028582508 0.771382630 361.193176270 0.089385755 0.995316446 0.036786474 -0.163617656 -0.766718686 0.092336737 -0.635307252 -98.899047852
-0.636929929 0.029255709 0.770366430 361.178863525 0.090365991 0.995223045 0.036918521 -0.163248733 -0.765606582 0.093129314 -0.636531532 -98.984878540
-0.641212702 0.028404506 0.766837418 361.182312012 0.091373987 0.995029926 0.039547835 -0.165275201 -0.761903107 0.095427439 -0.640621662 -99.018440247
-0.642019212 0.028121045 0.766172767 361.161895752 0.093634225 0.994721293 0.041951768 -0.152931944 -0.760948896 0.098673701 -0.641263664 -99.106636047
-0.643337131 0.027774943 0.765079141 361.129852295 0.095271207 0.994476974 0.044008389 -0.135081694 -0.759631455 0.101202123 -0.642430425 -99.187271118
-0.647591114 0.028056338 0.761471510 361.135833740 0.093497984 0.994695187 0.042865552 -0.124567389 -0.756229520 0.098955281 -0.646779239 -99.214012146
-0.652880847 0.028050203 0.756941259 361.147827148 0.088953570 0.995237470 0.039843794 -0.120532975 -0.752218723 0.093345754 -0.652266920 -99.231292725
-0.658232212 0.026834462 0.752336740 361.180694580 0.084351406 0.995699286 0.038285650 -0.122332290 -0.748073757 0.088661388 -0.657665074 -99.256721497
-0.659447491 0.026013190 0.751300573 361.149597168 0.083329812 0.995770693 0.038664162 -0.123961158 -0.747117281 0.088102601 -0.658826351 -99.345237732
-0.665257931 0.024118017 0.746224165 361.135467529 0.080311872 0.995989501 0.039407417 -0.156764418 -0.742280960 0.086146638 -0.664527059 -99.323272705
-0.666132092 0.023223441 0.745472312 361.092224121 0.077584557 0.996249199 0.038291413 -0.169710830 -0.741786838 0.083344169 -0.665435553 -99.416145325
-0.666365921 0.022991979 0.745270491 361.025268555 0.077217013 0.996277213 0.038306031 -0.182477608 -0.741615236 0.083073281 -0.665660679 -99.514480591
-0.673424840 0.020684373 0.738966405 361.026794434 0.075912096 0.996258199 0.041292917 -0.213274941 -0.735347152 0.083904065 -0.672475398 -99.497169495
-0.673156261 0.019445138 0.739244640 362.970062256 0.078189507 0.995921373 0.045002550 -0.135454282 -0.735354424 0.088094831 -0.671931326 -101.231994629
-0.672080159 0.018677000 0.740242839 364.935241699 0.083049446 0.995274782 0.050290391 -0.038211830 -0.735805750 0.095275842 -0.670455813 -103.012336731
-0.670780420 0.018043205 0.741436481 366.899597168 0.086968094 0.994719744 0.054473341 0.067307949 -0.736538768 0.101020887 -0.668807983 -104.745788574
-0.669257104 0.015275846 0.742873847 368.780914307 0.080913365 0.995340407 0.052427657 0.152067438 -0.738611639 0.095195934 -0.667374909 -106.446411133
-0.668494523 0.013862758 0.743587852 370.733245850 0.072702609 0.996254742 0.046787225 0.260653496 -0.740154445 0.085337698 -0.666998863 -108.162330627
-0.666196048 0.011166573 0.745693088 372.545501709 0.067547135 0.996680737 0.045420934 0.321313471 -0.742710888 0.080628589 -0.664739192 -109.829521179
-0.663637936 0.010537394 0.747979760 374.477050781 0.065467983 0.996881306 0.044041909 0.390150130 -0.745183170 0.078196526 -0.662258267 -111.554237366
-0.660971045 0.011152780 0.750328541 376.365844727 0.067516342 0.996717155 0.044660613 0.473008335 -0.747367382 0.080178723 -0.659554303 -113.209114075
-0.658253729 0.011002813 0.752715766 378.305389404 0.068093836 0.996663570 0.044979628 0.559998870 -0.749709606 0.080863222 -0.656806827 -114.910003662
-0.654876769 0.011722784 0.755644739 380.192382812 0.065661050 0.996980250 0.041438073 0.643658459 -0.752877355 0.076753169 -0.653669059 -116.585296631
-0.652997434 0.007865611 0.757319212 380.556274414 0.060254294 0.997315109 0.041595876 0.668980718 -0.754958928 0.072793648 -0.651718259 -117.040588379
-0.652363837 0.001913365 0.757903397 382.527282715 0.052025858 0.997750223 0.042262226 0.748988569 -0.756117582 0.067000836 -0.650995910 -118.701828003
-0.652096868 -0.001432469 0.758134186 384.609802246 0.045086853 0.998154163 0.040666644 0.826152444 -0.756793261 0.060700390 -0.650828779 -120.452507019
-0.651469290 -0.002221248 0.758671641 386.745880127 0.043204192 0.998263478 0.040021986 0.880368590 -0.757443309 0.058850806 -0.650242150 -122.138038635
-0.650450110 -0.002082807 0.759546041 386.915740967 0.045111738 0.998124123 0.041369170 0.887334824 -0.758207619 0.061172936 -0.649136126 -122.272987366
-0.649105728 -0.003014706 0.760692239 388.852081299 0.047004718 0.997921407 0.044064373 0.960447490 -0.759244084 0.064358465 -0.647614896 -123.925102234
-0.647819996 -0.005384936 0.761774421 390.850372314 0.045249801 0.997936487 0.045535143 1.045635223 -0.760447860 0.063968621 -0.646239698 -125.593467712
-0.647014081 -0.005435691 0.762458622 392.860168457 0.043254878 0.998101592 0.043821186 1.127349496 -0.761249661 0.061332885 -0.645550907 -127.276664734
-0.646200657 -0.004510413 0.763154149 393.378204346 0.042101216 0.998248100 0.041549012 1.151854157 -0.762004852 0.058978621 -0.644878983 -127.695472717
-0.645147979 -0.002569037 0.764053166 393.796783447 0.043610573 0.998239338 0.040180109 1.170287490 -0.762811482 0.059242826 -0.643900394 -128.117614746
-0.643909156 -0.001752401 0.765099764 394.427856445 0.046067819 0.998093247 0.041056741 1.196364045 -0.763713241 0.061683204 -0.642601013 -128.587112427
