1.000000000 0.000000000 0.000000000 0.000000000 0.000000000 1.000000000 0.000000000 0.000000000 0.000000000 0.000000000 1.000000000 0.000000000
0.999998331 0.000531602 0.001732120 -0.004994938 -0.000530110 0.999999464 -0.000862247 -0.022724265 -0.001732578 0.000861327 0.999998152 1.205690384
0.999994874 0.000765454 0.003107802 -0.008089031 -0.000764412 0.999999642 -0.000336480 -0.044376031 -0.003108059 0.000334103 0.999995172 2.396134377
0.999991357 0.000213246 0.004146542 -0.010219200 -0.000213286 0.999999940 0.000009371 -0.069451496 -0.004146541 -0.000010255 0.999991477 3.598817825
0.999987602 -0.000184775 0.004962103 -0.011489060 0.000183989 0.999999881 0.000158885 -0.092238113 -0.004962132 -0.000157970 0.999987721 4.803131104
0.999981701 -0.000350780 0.006016182 -0.015880449 0.000349369 0.999999821 0.000235472 -0.114881501 -0.006016264 -0.000233366 0.999981940 5.997459888
0.999977589 -0.000051666 0.006682568 -0.012670781 0.000056578 0.999999642 -0.000734880 -0.137940362 -0.006682529 0.000735242 0.999977469 7.201469421
0.999970257 -0.000503717 0.007694381 -0.015577137 0.000511621 0.999999285 -0.001025332 -0.161752105 -0.007693861 0.001029238 0.999969959 8.394766808
0.999968171 -0.001022466 0.007912016 -0.011847091 0.001018286 0.999999344 0.000532219 -0.185394362 -0.007912557 -0.000524145 0.999968648 9.581829071
0.999976099 -0.001739545 0.006686496 -0.010336202 0.001730479 0.999997616 0.001361395 -0.204285815 -0.006688847 -0.001349792 0.999976814 10.758747101
0.999986529 -0.002888983 0.004299869 -0.008976043 0.002885269 0.999995530 0.000869704 -0.222401842 -0.004302362 -0.000857286 0.999990463 11.926758766
0.999994278 -0.002527063 0.002238954 -0.013797536 0.002525985 0.999996781 0.000484119 -0.246452078 -0.002240169 -0.000478461 0.999997437 13.124917984
0.999996603 -0.002401700 0.000948961 -0.022829879 0.002401375 0.999997139 0.000344081 -0.266235948 -0.000949783 -0.000341802 0.999999583 14.311621666
0.999999523 -0.000973667 0.000093707 -0.031442605 0.000973631 0.999999583 0.000381747 -0.289257377 -0.000094077 -0.000381656 1.000000000 15.503692627
0.999998927 -0.001384920 -0.000412565 -0.039354157 0.001385092 0.999999106 0.000417592 -0.309449404 0.000411988 -0.000418163 0.999999940 16.694261551
0.999997556 -0.001974297 -0.000956105 -0.043735616 0.001975155 0.999997795 0.000896727 -0.329792321 0.000954334 -0.000898614 0.999999285 17.884927750
0.999995768 -0.002463626 -0.001534882 -0.049005024 0.002465399 0.999996424 0.001154605 -0.351818085 0.001532034 -0.001158385 0.999998331 19.082683563
0.999994874 -0.002376408 -0.002144268 -0.057001956 0.002376827 0.999997318 0.000193154 -0.372521400 0.002143804 -0.000198250 0.999997854 20.279067993
0.999992788 -0.002707614 -0.002662317 -0.064512141 0.002705764 0.999996245 -0.000698182 -0.389942169 0.002664199 0.000690973 0.999996364 21.465929031
0.999992371 -0.001894259 -0.003429151 -0.075877130 0.001893796 0.999998391 -0.000137939 -0.413598150 0.003429408 0.000131444 0.999994218 22.665447235
0.999989748 -0.001870413 -0.004149353 -0.086687922 0.001869433 0.999998450 -0.000239880 -0.436758369 0.004149796 0.000232120 0.999991477 23.869749069
0.999986172 -0.001834151 -0.004949585 -0.103494726 0.001828938 0.999997973 -0.001057437 -0.456513464 0.004951515 0.001048369 0.999987304 25.056779861
0.999982417 -0.001460394 -0.005759351 -0.120817579 0.001458958 0.999999046 -0.000253480 -0.482846677 0.005759716 0.000245073 0.999983490 26.259216309
0.999975145 -0.002879147 -0.006452336 -0.133697748 0.002888602 0.999994874 0.001456717 -0.504527211 0.006448110 -0.001475319 0.999978185 27.456827164
0.999966502 -0.003303433 -0.007498055 -0.143691614 0.003315321 0.999993324 0.001573742 -0.524764061 0.007492808 -0.001598548 0.999970734 28.639173508
0.999958277 -0.003973400 -0.008233215 -0.161010683 0.003979973 0.999991834 0.000782183 -0.550650239 0.008230042 -0.000814918 0.999965847 29.844697952
0.999947608 -0.004945461 -0.008973048 -0.182699591 0.004943388 0.999987841 -0.000253239 -0.570711315 0.008974195 0.000208868 0.999959707 31.045240402
0.999943554 -0.004470153 -0.009644759 -0.205382422 0.004469468 0.999990106 -0.000092522 -0.601273477 0.009645080 0.000049410 0.999953508 32.219646454
0.999933243 -0.005197859 -0.010325628 -0.224280238 0.005203023 0.999986470 0.000473265 -0.623463571 0.010323032 -0.000526958 0.999946594 33.413490295
0.999922633 -0.005731048 -0.011044416 -0.241296232 0.005741262 0.999983251 0.000893378 -0.647624373 0.011039114 -0.000956718 0.999938607 34.596900940
0.999914527 -0.006233699 -0.011497165 -0.263114870 0.006243125 0.999980390 0.000784118 -0.669358850 0.011492053 -0.000855830 0.999933600 35.810958862
0.999903440 -0.006733903 -0.012160234 -0.280241281 0.006744493 0.999977112 0.000830061 -0.693250239 0.012154368 -0.000911995 0.999925673 37.026561737
0.999895632 -0.007538158 -0.012325745 -0.301524580 0.007556249 0.999970675 0.001421845 -0.713305175 0.012314665 -0.001514833 0.999922991 38.231349945
0.999898732 -0.007258424 -0.012242697 -0.323962450 0.007291154 0.999970198 0.002630954 -0.733915567 0.012223234 -0.002719950 0.999921560 39.435337067
0.999900579 -0.007061927 -0.012211642 -0.349197119 0.007105836 0.999968708 0.003556057 -0.753154695 0.012186145 -0.003642476 0.999919116 40.637607574
0.999904752 -0.006646687 -0.012104093 -0.377317935 0.006685491 0.999972880 0.003168234 -0.773931324 0.012082704 -0.003248853 0.999921739 41.840045929
0.999914527 -0.005914887 -0.011668876 -0.407626420 0.005953507 0.999977112 0.003277709 -0.793148220 0.011649220 -0.003346898 0.999926567 43.051090240
0.999936640 -0.003326947 -0.010763736 -0.440700889 0.003381993 0.999981463 0.005099887 -0.811279476 0.010746569 -0.005135966 0.999929070 44.263088226
0.999951541 -0.003648561 -0.009154677 -0.460792899 0.003723725 0.999959588 0.008206925 -0.829228997 0.009124365 -0.008240614 0.999924421 45.479820251
0.999966800 -0.003351223 -0.007437977 -0.482783765 0.003433333 0.999933243 0.011054140 -0.842953920 0.007400436 -0.011079306 0.999911249 46.681964874
0.999977469 -0.003203838 -0.005910086 -0.501840770 0.003289449 0.999889255 0.014533360 -0.855085492 0.005862870 -0.014552469 0.999876916 47.895256042
0.999980688 -0.004005778 -0.004772685 -0.510249436 0.004081106 0.999865830 0.015879340 -0.863431215 0.004708436 -0.015898503 0.999862552 49.113578796
0.999978185 -0.005810128 -0.003171606 -0.517378330 0.005854997 0.999880433 0.014326042 -0.861824155 0.003087992 -0.014344291 0.999892354 50.323650360
0.999985456 -0.004988154 -0.002073864 -0.527895033 0.005013902 0.999908209 0.012601302 -0.866927505 0.002010819 -0.012611508 0.999918461 51.537597656
0.999988258 -0.004772807 -0.000924591 -0.546828985 0.004783484 0.999917805 0.011911478 -0.870773852 0.000867667 -0.011915753 0.999928653 52.732452393
0.999985397 -0.005305826 -0.001080182 -0.545868337 0.005318052 0.999918163 0.011648824 -0.882931590 0.001018290 -0.011654390 0.999931574 53.915176392
0.999980986 -0.005884317 -0.001895828 -0.555488110 0.005904457 0.999924362 0.010798574 -0.893667459 0.001832145 -0.010809555 0.999939859 55.108692169
0.999977350 -0.005713577 -0.003582100 -0.566744506 0.005753366 0.999920845 0.011197407 -0.901167750 0.003517841 -0.011217754 0.999930859 56.324592590
0.999970198 -0.005897591 -0.005009847 -0.579418123 0.005959981 0.999903858 0.012530995 -0.911000907 0.004935464 -0.012560471 0.999908924 57.533981323
0.999961853 -0.006311854 -0.006060027 -0.593745112 0.006389481 0.999896824 0.012876709 -0.917149842 0.005978127 -0.012914930 0.999898732 58.746704102
0.999959528 -0.005457232 -0.007169067 -0.605188251 0.005546869 0.999906123 0.012543385 -0.923367381 0.007099942 -0.012582635 0.999895632 59.950511932
0.999957383 -0.005074083 -0.007726743 -0.622834504 0.005170479 0.999908626 0.012507053 -0.932789683 0.007662575 -0.012546462 0.999891937 61.148483276
0.999950290 -0.006092228 -0.007908301 -0.638173938 0.006187194 0.999908626 0.012040123 -0.939735174 0.007834226 -0.012088447 0.999896228 62.351226807
0.999941528 -0.007267970 -0.008024223 -0.656129241 0.007356707 0.999911785 0.011085075 -0.949880600 0.007942948 -0.011143451 0.999906361 63.562164307
0.999936283 -0.007640913 -0.008325268 -0.677394748 0.007743819 0.999893427 0.012399500 -0.959695518 0.008229635 -0.012463171 0.999888480 64.772003174
0.999932051 -0.007951499 -0.008535950 -0.694038749 0.008070905 0.999869049 0.014046609 -0.972341597 0.008423138 -0.014114538 0.999864936 65.977783203
0.999937952 -0.006875959 -0.008773664 -0.706614554 0.006983851 0.999899924 0.012326544 -0.977016985 0.008688027 -0.012387044 0.999885559 67.179679871
0.999953568 -0.004582570 -0.008490663 -0.730915666 0.004676000 0.999928653 0.011017070 -0.979182899 0.008439569 -0.011056252 0.999903262 68.373992920
0.999960661 -0.002477045 -0.008535492 -0.750544071 0.002574138 0.999932170 0.011383340 -0.992702603 0.008506714 -0.011404854 0.999898791 69.578086853
0.999965250 -0.000907038 -0.008303370 -0.771839499 0.001003781 0.999931872 0.011654721 -1.003544688 0.008292233 -0.011662642 0.999897599 70.762878418
0.999966204 0.000730368 -0.008211539 -0.789536476 -0.000630733 0.999926567 0.012129891 -1.013918996 0.008219794 -0.012124292 0.999892712 71.947784424
0.999974191 0.001367809 -0.007079889 -0.804137290 -0.001274536 0.999912918 0.013162537 -1.024950266 0.007097277 -0.013153165 0.999888301 73.146278381
0.999982536 0.003091747 -0.005071432 -0.823008239 -0.003020818 0.999898672 0.013935023 -1.031587720 0.005114003 -0.013919450 0.999890029 74.317146301
0.999995649 0.001924935 -0.002315451 -0.836406827 -0.001897767 0.999930322 0.011680204 -1.039383531 0.002337776 -0.011675752 0.999929130 75.498634338
0.999999821 -0.000828167 0.000230805 -0.840401232 0.000826611 0.999977887 0.006652949 -1.048252940 -0.000236305 -0.006652751 0.999977887 76.668533325
0.999996245 0.000345966 0.002770875 -0.842473388 -0.000363107 0.999981165 0.006186707 -1.059555650 -0.002768677 -0.006187686 0.999977052 77.849311829
0.999984026 -0.000355781 0.005666270 -0.842586398 0.000300332 0.999952495 0.009783138 -1.074540138 -0.005669475 -0.009781275 0.999936104 79.020339966
0.999959469 -0.000007895 0.009020751 -0.840788424 -0.000091682 0.999939501 0.011037855 -1.083881736 -0.009020285 -0.011038230 0.999898374 80.196426392
0.999911368 0.000484453 0.013314175 -0.836985052 -0.000607237 0.999957681 0.009219353 -1.093347669 -0.013309136 -0.009226617 0.999868870 81.356239319
0.999858677 -0.000021032 0.016817095 -0.823409259 -0.000084705 0.999980628 0.006286576 -1.108938336 -0.016816890 -0.006287111 0.999838829 82.524185181
0.999795079 -0.001338113 0.020204827 -0.806232810 0.001279657 0.999995351 0.002905688 -1.124221683 -0.020208608 -0.002879238 0.999791682 83.678848267
0.999720335 -0.002006867 0.023565322 -0.780513227 0.001961639 0.999996543 0.001942111 -1.142786264 -0.023569124 -0.001895342 0.999720454 84.834503174
0.999627471 -0.002262327 0.027200494 -0.754246294 0.002158921 0.999990702 0.003830305 -1.163909078 -0.027208891 -0.003770154 0.999622703 85.987335205
0.999520361 -0.001142576 0.030948581 -0.729958355 0.001009781 0.999990582 0.004306039 -1.182356238 -0.030953191 -0.004272722 0.999511719 87.142471313
0.999398470 -0.001674946 0.034640588 -0.696212530 0.001600381 0.999996722 0.002180082 -1.201476574 -0.034644105 -0.002123334 0.999397516 88.292457581
0.999277711 -0.001638594 0.037966993 -0.662118196 0.001645908 0.999999046 -0.000161458 -1.220012188 -0.037966665 0.000223829 0.999279022 89.436332703
0.999150395 -0.001039260 0.041199766 -0.624351501 0.001060655 0.999999702 -0.000497499 -1.237663388 -0.041199207 0.000540772 0.999150813 90.588821411
0.999027252 -0.002472250 0.044027824 -0.574581385 0.002441281 0.999997079 0.000757112 -1.260564804 -0.044029541 -0.000648894 0.999030054 91.737831116
0.998903394 -0.003023154 0.046721812 -0.527229130 0.002921456 0.999993563 0.002244766 -1.280209899 -0.046728276 -0.002105810 0.998905420 92.893638611
0.998772383 -0.003628226 0.049402691 -0.476857871 0.003436364 0.999986529 0.003967984 -1.296140671 -0.049416400 -0.003793348 0.998771071 94.059028625
0.998645306 -0.004992995 0.051793724 -0.424403578 0.004740225 0.999976575 0.005002012 -1.315034389 -0.051817458 -0.004749723 0.998645306 95.213409424
0.998519242 -0.005930615 0.054074321 -0.368512273 0.005791372 0.999979854 0.002731350 -1.332918882 -0.054089397 -0.002414142 0.998533189 96.365196228
0.998386621 -0.007266391 0.056313422 -0.304040909 0.007323566 0.999973178 -0.000808988 -1.352330565 -0.056305997 0.001220095 0.998412848 97.529617310
0.998262644 -0.006431306 0.058566734 -0.251598924 0.006657220 0.999971449 -0.003663070 -1.372272015 -0.058541469 0.004046595 0.998276830 98.688262939
0.998160958 -0.006184641 0.060301047 -0.188817933 0.006474693 0.999968708 -0.004615841 -1.391781926 -0.060270581 0.004997780 0.998169601 99.869033813
0.998132050 -0.006122244 0.060784657 -0.122426629 0.006373094 0.999972284 -0.003933842 -1.416959524 -0.060758855 0.004313877 0.998143196 101.054168701
0.998171449 -0.005966699 0.060149688 -0.063269682 0.006103276 0.999979556 -0.002087124 -1.441606283 -0.060135972 0.002450415 0.998187244 102.240913391
0.998252153 -0.006680283 0.058718029 -0.001512233 0.006728023 0.999977529 -0.000615341 -1.462781668 -0.058712568 0.001009319 0.998274505 103.436027527
0.998373449 -0.006186256 0.056674320 0.069793478 0.006196180 0.999981105 0.000000655 -1.476767063 -0.056673225 0.000350508 0.998392820 104.656425476
0.998511732 -0.005861766 0.054218370 0.124124520 0.005845746 0.999983132 0.000454086 -1.496766567 -0.054220084 -0.000136465 0.998529136 105.859413147
0.998672724 -0.005281384 0.051229827 0.179697335 0.005277212 0.999986410 0.000216712 -1.512005568 -0.051230237 0.000053924 0.998686969 107.071998596
0.998863339 -0.003797943 0.047508094 0.225066602 0.003816955 0.999993026 -0.000309470 -1.530733347 -0.047506548 0.000490453 0.998870909 108.277862549
0.999044418 -0.003611993 0.043549530 0.270364702 0.003609631 0.999993801 0.000132878 -1.551519752 -0.043549702 0.000024445 0.999051392 109.473648071
0.999210835 -0.003112078 0.039589714 0.309665114 0.003069459 0.999994993 0.001137224 -1.572783828 -0.039593019 -0.001014810 0.999215484 110.698753357
0.999371588 -0.002763329 0.035328411 0.345147341 0.002692167 0.999994576 0.002061693 -1.593672633 -0.035333876 -0.001965290 0.999373734 111.915573120
0.999519408 -0.002756937 0.030864704 0.371888578 0.002673918 0.999992967 0.002730700 -1.612972975 -0.030871980 -0.002646861 0.999519944 113.140197754
0.999661148 -0.002214643 0.025923336 0.399275482 0.002142932 0.999994040 0.002793681 -1.631539583 -0.025929332 -0.002737185 0.999660134 114.358161926
0.999780834 -0.001320016 0.020878587 0.418062359 0.001263820 0.999995768 0.002704432 -1.648802638 -0.020882031 -0.002677455 0.999778450 115.587379456
0.999871790 -0.001117748 0.015952297 0.431095511 0.001080275 0.999996901 0.002357376 -1.665717244 -0.015954845 -0.002339843 0.999870062 116.822395325
0.999935627 0.000029724 0.011315167 0.436165690 -0.000049601 0.999998748 0.001756163 -1.685266852 -0.011315060 -0.001756614 0.999934554 118.051841736
0.999967694 0.001842014 0.007772699 0.442340046 -0.001854345 0.999997258 0.001579026 -1.699318290 -0.007769729 -0.001593390 0.999968648 119.279312134
0.999976277 0.003860408 0.005635513 0.439467967 -0.003869872 0.999991357 0.001668520 -1.717095375 -0.005628983 -0.001690291 0.999982834 120.502922058
0.999976516 0.004981822 0.004613968 0.434152752 -0.004987870 0.999986887 0.001299207 -1.736113429 -0.004607394 -0.001322192 0.999988616 121.741897583
0.999969244 0.006966473 0.003484828 0.430688381 -0.006971835 0.999974728 0.001527174 -1.754408479 -0.003474059 -0.001551425 0.999992847 122.990898132
0.999962926 0.008190917 0.002494872 0.426257700 -0.008196756 0.999963820 0.002336645 -1.775734186 -0.002475600 -0.002357010 0.999994218 124.254516602
0.999964476 0.008155493 0.001932245 0.423579991 -0.008160723 0.999963224 0.002711028 -1.792448997 -0.001910022 -0.002726702 0.999994516 125.509292603
0.999927878 0.011938110 0.000943766 0.414391756 -0.011942465 0.999917686 0.004742393 -1.811283112 -0.000887031 -0.004753324 0.999988377 126.754325867
0.999912500 0.013184809 0.000558757 0.397204965 -0.013188817 0.999882162 0.007887451 -1.823984981 -0.000454654 -0.007894133 0.999968827 127.996826172
0.999927104 0.012039777 0.000146179 0.381632775 -0.012040544 0.999899447 0.007525742 -1.839111686 -0.000055513 -0.007526956 0.999971747 129.256698608
0.999926329 0.012105762 -0.000258713 0.369174093 -0.012103997 0.999908984 0.006011478 -1.850137711 0.000331506 -0.006007907 0.999981940 130.507385254
0.999957204 0.009155801 -0.001035748 0.359033346 -0.009148347 0.999934018 0.006992795 -1.863755465 0.001099747 -0.006983023 0.999975085 131.760437012
0.999972880 0.007040486 -0.002024482 0.350442588 -0.007022226 0.999936104 0.008892642 -1.880167365 0.002087004 -0.008878187 0.999958515 133.034271240
0.999990463 0.003750056 -0.002113488 0.341034889 -0.003727193 0.999935865 0.010721797 -1.891388178 0.002153603 -0.010713820 0.999940395 134.315582275
0.999994814 0.001906618 -0.002466205 0.330922246 -0.001877291 0.999928415 0.011840812 -1.902624726 0.002488647 -0.011836125 0.999926925 135.580047607
0.999994159 -0.002303644 -0.002407433 0.329455435 0.002327308 0.999948800 0.009873644 -1.910591125 0.002384608 -0.009879192 0.999948442 136.860290527
0.999984860 -0.004864853 -0.002444437 0.322801501 0.004886516 0.999948382 0.008935088 -1.920860887 0.002400885 -0.008946901 0.999957204 138.126083374
0.999976814 -0.006342314 -0.002345113 0.317932874 0.006362377 0.999942601 0.008647991 -1.929662943 0.002290173 -0.008662716 0.999959946 139.401351929
0.999972761 -0.007066551 -0.001967533 0.309469253 0.007083874 0.999935210 0.008939872 -1.934913516 0.001904274 -0.008953570 0.999958217 140.673950195
0.999976337 -0.006667772 -0.001482220 0.299435884 0.006683641 0.999917746 0.010970204 -1.944349647 0.001408993 -0.010979856 0.999938786 141.945510864
0.999990404 -0.004263678 -0.000613233 0.285527706 0.004271009 0.999913037 0.012493609 -1.955174208 0.000559953 -0.012496112 0.999921799 143.205398560
0.999990046 -0.004386270 0.000092647 0.272406310 0.004385001 0.999931157 0.010901904 -1.969378352 -0.000140417 -0.010901393 0.999940634 144.484390259
0.999993145 -0.003545259 0.000687374 0.257404804 0.003538970 0.999953926 0.008946031 -1.980723500 -0.000719016 -0.008943541 0.999959826 145.751846313
0.999992430 -0.003593221 0.001241201 0.248808563 0.003584916 0.999971807 0.006629966 -1.999189258 -0.001264947 -0.006625470 0.999977291 147.017105103
0.999985933 -0.004960410 0.001697245 0.234039217 0.004955911 0.999984384 0.002645866 -2.021463156 -0.001710301 -0.002637420 0.999995112 148.292663574
0.999984980 -0.004958009 0.002217797 0.225550532 0.004959988 0.999987483 -0.000887075 -2.041975498 -0.002213330 0.000898060 0.999997199 149.576934814
0.999983549 -0.005164420 0.002389657 0.226752177 0.005168697 0.999985278 -0.001786386 -2.067244291 -0.002380354 0.001798707 0.999995589 150.857986450
0.999983728 -0.005137194 0.002361766 0.228786454 0.005140797 0.999985814 -0.001521339 -2.093450546 -0.002353876 0.001533454 0.999996066 152.117797852
0.999988437 -0.004234823 0.002163105 0.229755700 0.004236809 0.999990821 -0.000913858 -2.122874260 -0.002159174 0.000923010 0.999997258 153.381729126
0.999992669 -0.003240132 0.001900926 0.233966857 0.003239906 0.999994993 0.000121958 -2.149054766 -0.001901270 -0.000115800 0.999998152 154.650802612
0.999993861 -0.002963909 0.001724117 0.226299763 0.002962748 0.999995649 0.000675876 -2.173194408 -0.001726071 -0.000670766 0.999998271 155.925979614
0.999994934 -0.002958441 0.000943758 0.226646021 0.002958095 0.999995768 0.000367859 -2.197173834 -0.000944801 -0.000365068 0.999999464 157.205245972
0.999996245 -0.002663437 -0.000006676 0.226657331 0.002663441 0.999996424 0.000740365 -2.223693371 0.000004745 -0.000740382 0.999999702 158.482498169
0.999994576 -0.003164466 -0.000686324 0.221954823 0.003165837 0.999993205 0.002004626 -2.245528460 0.000680017 -0.002006790 0.999997735 159.747726440
0.999996126 -0.002367789 -0.001336027 0.209700704 0.002371072 0.999994397 0.002461171 -2.270080805 0.001330234 -0.002464331 0.999996066 161.015609741
0.999996126 -0.001912907 -0.001929580 0.196392089 0.001915965 0.999997139 0.001583952 -2.293422937 0.001926586 -0.001587645 0.999996901 162.270919800
0.999995232 -0.001711024 -0.002529474 0.185307980 0.001712094 0.999998689 0.000420701 -2.317844868 0.002528792 -0.000425031 0.999996722 163.553833008
0.999994636 -0.001006204 -0.003082953 0.167096794 0.001007393 0.999999642 0.000384057 -2.337009192 0.003082607 -0.000387163 0.999995172 164.803283691
0.999991179 -0.001659251 -0.003833648 0.155099764 0.001657318 0.999998748 -0.000507278 -2.357867241 0.003834526 0.000500918 0.999992549 166.070541382
0.999988675 -0.001454965 -0.004522089 0.137313068 0.001448394 0.999998152 -0.001455947 -2.384415627 0.004524240 0.001449378 0.999988735 167.348846436
0.999985635 -0.001159222 -0.005223037 0.122198299 0.001153120 0.999998927 -0.001171081 -2.408841133 0.005224429 0.001165039 0.999985695 168.623703003
0.999981999 -0.000978101 -0.005905970 0.107225470 0.000978251 0.999999762 0.000022537 -2.428950071 0.005905987 -0.000028316 0.999982595 169.902374268
0.999978483 -0.000878994 -0.006492255 0.088885412 0.000881663 0.999999821 0.000408313 -2.452205896 0.006491935 -0.000414031 0.999978900 171.171646118
0.999975145 -0.000237414 -0.007035299 0.066649012 0.000243034 0.999999940 0.000798109 -2.473229647 0.007035148 -0.000799801 0.999974966 172.452713013
0.999970853 0.000174166 -0.007629431 0.044807289 -0.000166382 0.999999762 0.001021014 -2.493828058 0.007629646 -0.001019717 0.999970436 173.724105835
0.999966800 0.000355497 -0.008138552 0.023333944 -0.000352347 1.000000119 0.000388536 -2.522181034 0.008138731 -0.000385658 0.999966860 174.982040405
0.999960601 0.001351343 -0.008772166 0.005177282 -0.001351689 0.999999344 -0.000033361 -2.547059298 0.008772155 0.000045216 0.999961555 176.241760254
0.999956429 0.001549299 -0.009204603 -0.013991788 -0.001545433 0.999998987 0.000427215 -2.572422743 0.009205296 -0.000412973 0.999957621 177.508377075
0.999954760 0.001374258 -0.009407543 -0.036278598 -0.001381107 0.999999046 -0.000721388 -2.598143101 0.009406582 0.000734346 0.999955595 178.765960693
0.999954700 -0.000055330 -0.009515771 -0.054805018 0.000033148 0.999997556 -0.002331169 -2.623596430 0.009515915 0.002330746 0.999952078 180.030471802
0.999946833 -0.003151736 -0.009816274 -0.069283523 0.003130326 0.999992907 -0.002195764 -2.650538445 0.009823165 0.002164917 0.999949455 181.301284790
0.999945700 -0.002794592 -0.010038340 -0.096116021 0.002809865 0.999995112 0.001507758 -2.674766779 0.010034116 -0.001535884 0.999948561 182.571640015
0.999942839 -0.003968483 -0.009925306 -0.118068010 0.004027367 0.999974549 0.005919758 -2.695779800 0.009901600 -0.005959394 0.999933302 183.843551636
0.999948740 -0.002504201 -0.009809482 -0.141630545 0.002556565 0.999982715 0.005329271 -2.714566946 0.009796006 -0.005354078 0.999937773 185.102874756
0.999953032 -0.000895300 -0.009648592 -0.161351278 0.000915804 0.999997497 0.002120921 -2.733283281 0.009646709 -0.002129660 0.999951243 186.343246460
0.999945998 -0.001092970 -0.010333926 -0.178205937 0.001096231 0.999999464 0.000310016 -2.755163431 0.010333623 -0.000321330 0.999946594 187.587127686
0.999944150 -0.001279744 -0.010489744 -0.198939383 0.001285925 0.999999166 0.000582601 -2.778939486 0.010489030 -0.000596059 0.999944866 188.825195312
0.999946117 -0.001200489 -0.010310567 -0.219720438 0.001220076 0.999997616 0.001893728 -2.806589842 0.010308309 -0.001906207 0.999945104 190.060363770
0.999947965 -0.001112929 -0.010138240 -0.242762536 0.001152819 0.999991715 0.003929633 -2.826721907 0.010133822 -0.003941117 0.999940932 191.315261841
0.999953389 -0.001946804 -0.009452323 -0.262555182 0.001992175 0.999986649 0.004793045 -2.848438501 0.009442907 -0.004811653 0.999943912 192.551895142
0.999965429 -0.002095056 -0.008039946 -0.280657530 0.002128760 0.999989092 0.004185874 -2.869081259 0.008031130 -0.004202846 0.999958992 193.798873901
0.999973476 -0.003243194 -0.006518671 -0.299959272 0.003261316 0.999990940 0.002771340 -2.894085407 0.006509666 -0.002792527 0.999975026 195.035949707
0.999978423 -0.003829748 -0.005326730 -0.310851544 0.003837656 0.999991596 0.001475218 -2.918011427 0.005321078 -0.001495629 0.999984860 196.253677368
0.999983013 -0.004388050 -0.003826537 -0.323916584 0.004391686 0.999989927 0.000942332 -2.942282677 0.003822406 -0.000959122 0.999992371 197.478912354
0.999989986 -0.003789213 -0.002366982 -0.339345783 0.003793313 0.999991357 0.001730628 -2.971641779 0.002360446 -0.001739591 0.999995828 198.702713013
0.999991119 -0.004065766 -0.001076418 -0.343595415 0.004069616 0.999985278 0.003600196 -2.994168043 0.001061807 -0.003604546 0.999993086 199.919067383
0.999995410 -0.003026190 -0.000081726 -0.353391707 0.003026501 0.999986947 0.004133711 -3.020244598 0.000069257 -0.004133941 0.999991596 201.120468140
0.999995112 -0.002874606 0.001238758 -0.359078407 0.002869484 0.999987543 0.004115497 -3.037282467 -0.001250531 -0.004111924 0.999990880 202.328994751
0.999993742 -0.002525651 0.002489191 -0.372292221 0.002514964 0.999987781 0.004286604 -3.057753563 -0.002499946 -0.004280319 0.999987841 203.536209106
0.999989569 -0.002509966 0.003830030 -0.383602142 0.002492474 0.999986589 0.004564647 -3.080593824 -0.003841394 -0.004555054 0.999982357 204.733963013
0.999986172 -0.001964492 0.004886938 -0.392146021 0.001943119 0.999988675 0.004374041 -3.099593639 -0.004895434 -0.004364486 0.999978602 205.918899536
0.999981582 -0.002101977 0.005685578 -0.393812418 0.002076256 0.999987781 0.004525620 -3.120960712 -0.005694979 -0.004513734 0.999973655 207.092605591
0.999974728 -0.002971770 0.006455102 -0.399895519 0.002942224 0.999985397 0.004581474 -3.142937183 -0.006468581 -0.004562368 0.999968708 208.256439209
0.999972403 -0.003090328 0.006751264 -0.402776420 0.003054184 0.999981165 0.005357155 -3.163637400 -0.006767651 -0.005336390 0.999962866 209.403793335
0.999972641 -0.003509878 0.006509698 -0.400071234 0.003468436 0.999973893 0.006366289 -3.183041096 -0.006531832 -0.006343538 0.999958575 210.537734985
0.999977469 -0.003067093 0.005971590 -0.402374893 0.003029105 0.999975383 0.006359769 -3.203815460 -0.005990908 -0.006341538 0.999961972 211.646453857
0.999981225 -0.002664008 0.005510598 -0.403513610 0.002633790 0.999981642 0.005483221 -3.225658178 -0.005525064 -0.005468606 0.999969840 212.742980957
0.999983847 -0.002408794 0.005131314 -0.405436575 0.002384146 0.999985754 0.004803698 -3.245283365 -0.005142772 -0.004791389 0.999975383 213.823394775
0.999985516 -0.002681718 0.004645166 -0.407364368 0.002660311 0.999985993 0.004608065 -3.264197350 -0.004657417 -0.004595642 0.999978721 214.902267456
0.999989569 -0.003241930 0.003185276 -0.402284443 0.003226964 0.999983907 0.004691991 -3.285483122 -0.003200395 -0.004681665 0.999984026 215.955261230
0.999991238 -0.003823845 0.001627521 -0.406678021 0.003814891 0.999977887 0.005468817 -3.304792881 -0.001648355 -0.005462562 0.999983847 217.018539429
0.999988794 -0.004703056 -0.000188281 -0.415706515 0.004704267 0.999964118 0.007063659 -3.320867777 0.000155095 -0.007064467 0.999975145 218.065078735
0.999988675 -0.004227106 -0.002108917 -0.430877626 0.004245444 0.999952674 0.008768825 -3.337135315 0.002071793 -0.008777682 0.999959469 219.091537476
0.999982715 -0.003882549 -0.004382660 -0.444883943 0.003921778 0.999952197 0.008978701 -3.355368853 0.004347633 -0.008995738 0.999950230 220.103225708
0.999970019 -0.003493986 -0.006897999 -0.460077822 0.003552207 0.999958217 0.008446316 -3.369225979 0.006868242 -0.008470570 0.999940693 221.094619751
0.999947786 -0.003420309 -0.009624379 -0.476322740 0.003503308 0.999956906 0.008620493 -3.383609772 0.009594522 -0.008653764 0.999916673 222.062500000
0.999917924 -0.002808439 -0.012499459 -0.492293119 0.002922704 0.999954283 0.009132884 -3.400609493 0.012473281 -0.009168671 0.999880314 223.014068604
0.999880373 -0.002277155 -0.015298768 -0.514678180 0.002412881 0.999958098 0.008859197 -3.416465998 0.015277997 -0.008895055 0.999843895 223.936218262
0.999827683 -0.002498145 -0.018394819 -0.536971152 0.002653583 0.999961138 0.008430636 -3.432038546 0.018373087 -0.008478000 0.999795437 224.835342407
0.999764025 -0.002552870 -0.021571556 -0.563725054 0.002719898 0.999966741 0.007717275 -3.445574284 0.021551181 -0.007774131 0.999737680 225.712020874
0.999695897 -0.001379747 -0.024617426 -0.593086660 0.001566012 0.999970496 0.007548782 -3.462080479 0.024606327 -0.007585042 0.999668598 226.570968628
0.999619126 -0.000910668 -0.027576201 -0.622223735 0.001099285 0.999976337 0.006825555 -3.477023602 0.027569374 -0.006853275 0.999596536 227.412216187
0.999550223 0.001109554 -0.029962949 -0.653955996 -0.000901980 0.999975741 0.006940422 -3.493945837 0.029969966 -0.006910280 0.999527037 228.227661133
0.999528348 0.001727792 -0.030656435 -0.683834672 -0.001499956 0.999971330 0.007453490 -3.506727695 0.030668477 -0.007403997 0.999502301 229.021133423
0.999535799 0.001733935 -0.030411625 -0.711099923 -0.001475675 0.999962986 0.008512657 -3.520695448 0.030425299 -0.008463834 0.999501288 229.801528931
0.999554396 0.002044231 -0.029775757 -0.740818024 -0.001765195 0.999954641 0.009394664 -3.535424709 0.029793650 -0.009337923 0.999512553 230.563064575
0.999567568 0.001895970 -0.029340757 -0.766769350 -0.001634661 0.999959171 0.008927536 -3.546316147 0.029356522 -0.008875719 0.999529719 231.305908203
0.999578238 0.002399227 -0.028937930 -0.794458807 -0.002196411 0.999973178 0.007038540 -3.557211161 0.028954079 -0.006972018 0.999556541 232.040542603
0.999607921 0.002713403 -0.027864283 -0.821834624 -0.002574716 0.999984443 0.005012021 -3.568318129 0.027877489 -0.004938321 0.999599278 232.770797729
0.999637842 0.002745945 -0.026766298 -0.842894852 -0.002644837 0.999989569 0.003812261 -3.583100080 0.026776528 -0.003740095 0.999634564 233.496932983
0.999669611 0.003287140 -0.025489381 -0.865907252 -0.003199832 0.999989212 0.003465454 -3.598378658 0.025500540 -0.003382755 0.999669194 234.217041016
0.999713540 0.002917538 -0.023754060 -0.885480464 -0.002839700 0.999990880 0.003310117 -3.610842943 0.023763541 -0.003241722 0.999712467 234.940841675
0.999754965 0.002764984 -0.021960229 -0.902578831 -0.002692684 0.999991238 0.003321427 -3.622990131 0.021969261 -0.003261489 0.999753416 235.652389526
0.999797344 0.002783256 -0.019935418 -0.921176016 -0.002718777 0.999991357 0.003261009 -3.635564566 0.019944364 -0.003206155 0.999796093 236.360183716
0.999837995 0.002596129 -0.017808001 -0.936659575 -0.002544910 0.999992967 0.002898474 -3.647897482 0.017815445 -0.002852692 0.999837399 237.066680908
0.999884903 0.002674687 -0.014933042 -0.949985147 -0.002623883 0.999991119 0.003421020 -3.660964251 0.014942104 -0.003381452 0.999882817 237.772048950
0.999929547 0.001698411 -0.011746276 -0.958720565 -0.001650963 0.999990821 0.004048238 -3.671148777 0.011753090 -0.004028567 0.999922931 238.471801758
0.999960780 0.000694143 -0.008827775 -0.966198862 -0.000655187 0.999990404 0.004415491 -3.683683872 0.008830803 -0.004409541 0.999951363 239.171096802
0.999983668 0.000355633 -0.005699719 -0.973305702 -0.000329866 0.999990106 0.004521680 -3.695368767 0.005701318 -0.004519733 0.999973595 239.866928101
0.999996305 0.000240316 -0.002709437 -0.975689709 -0.000228968 0.999991596 0.004189183 -3.706962824 0.002710469 -0.004188554 0.999987602 240.556152344
0.999999940 -0.000087083 0.000328302 -0.979542077 0.000085796 0.999992728 0.003906898 -3.716601372 -0.000328591 -0.003906877 0.999992371 241.249435425
0.999993920 0.001034218 0.003323150 -0.980534792 -0.001044086 0.999995410 0.002967545 -3.728168011 -0.003320016 -0.002971005 0.999990106 241.939163208
0.999979436 0.000688885 0.006374423 -0.981830657 -0.000703975 0.999997318 0.002364718 -3.739364862 -0.006372727 -0.002369165 0.999976933 242.636749268
0.999957681 0.000957807 0.009152922 -0.978155494 -0.000987701 0.999994576 0.003261684 -3.750647068 -0.009149697 -0.003270594 0.999952793 243.338546753
0.999930561 0.001256337 0.011719671 -0.973777533 -0.001300850 0.999992371 0.003790949 -3.760250807 -0.011714766 -0.003805940 0.999924123 244.039398193
0.999900222 0.001037031 0.014089067 -0.969231665 -0.001087875 0.999993324 0.003601267 -3.770661592 -0.014085184 -0.003616243 0.999894261 244.746871948
0.999864340 0.000833083 0.016453601 -0.961248815 -0.000867011 0.999997914 0.002054782 -3.780812740 -0.016451800 -0.002068777 0.999862492 245.454895020
0.999836504 0.001122279 0.018052453 -0.949366570 -0.001116498 0.999999702 -0.000330547 -3.790723562 -0.018052762 0.000310328 0.999836981 246.169219971
0.999816298 0.000522917 0.019164128 -0.938052893 -0.000486961 0.999998510 -0.001881061 -3.803331614 -0.019165026 0.001871373 0.999814570 246.879486084
0.999814630 0.000799708 0.019243047 -0.925464094 -0.000756299 0.999997556 -0.002263251 -3.817841768 -0.019244753 0.002248267 0.999812305 247.599060059
0.999810398 0.000509489 0.019473391 -0.916641951 -0.000456815 0.999996662 -0.002709509 -3.833579063 -0.019474646 0.002700088 0.999806762 248.327026367
0.999800980 0.002234231 0.019831020 -0.914468408 -0.002173955 0.999993384 -0.003060784 -3.848618507 -0.019837668 0.003017051 0.999798715 249.076904297
0.999793828 0.002880136 0.020106101 -0.906116664 -0.002807098 0.999989808 -0.003660193 -3.860692024 -0.020116378 0.003602987 0.999791205 249.815170288
0.999790967 0.002375241 0.020311993 -0.895295560 -0.002262196 0.999982297 -0.005586794 -3.876235485 -0.020324839 0.005539664 0.999778152 250.553283691
0.999795914 -0.001335092 0.020164423 -0.869109988 0.001491762 0.999969304 -0.007756781 -3.895232201 -0.020153383 0.007785265 0.999766648 251.298904419
0.999776781 -0.003647134 0.020817745 -0.850501537 0.003824001 0.999957383 -0.008462621 -3.916634083 -0.020785928 0.008540324 0.999747515 252.066772461
0.999769509 -0.000635053 0.021469273 -0.838293135 0.000728270 0.999990880 -0.004334488 -3.939844608 -0.021466259 0.004349113 0.999760151 252.837570190
0.999752700 0.003204980 0.022013163 -0.829941988 -0.003245287 0.999993682 0.001795345 -3.955838919 -0.022007203 -0.001866348 0.999756098 253.622222900
0.999735355 0.002281122 0.022898577 -0.815479815 -0.002402841 0.999983668 0.005289274 -3.971822262 -0.022886073 -0.005342902 0.999723852 254.402526855
0.999685884 0.001493651 0.025024286 -0.792463243 -0.001576243 0.999993920 0.003280915 -3.981881857 -0.025019169 -0.003319336 0.999681473 255.184738159
0.999570906 0.002465243 0.029192938 -0.776543856 -0.002382908 0.999993622 -0.002854964 -3.995709419 -0.029199723 0.002784164 0.999569714 255.991195679
0.999446750 0.004530606 0.032952845 -0.760765970 -0.004323312 0.999970973 -0.006359330 -4.009677410 -0.032980632 0.006213333 0.999436677 256.789459229
0.999328613 0.005935078 0.036157213 -0.738278389 -0.005713293 0.999964774 -0.006234313 -4.024706364 -0.036192868 0.006023537 0.999326706 257.604309082
0.999217212 0.004237583 0.039335128 -0.703757942 -0.004087070 0.999984562 -0.003906186 -4.042127132 -0.039350998 0.003742351 0.999218464 258.436279297
0.999106109 0.000807912 0.042267546 -0.666142344 -0.000778901 1.000000000 -0.000702932 -4.060692787 -0.042268030 0.000669371 0.999106109 259.268707275
0.998982191 -0.001954030 0.045065023 -0.625638783 0.001912568 0.999998271 0.000963065 -4.079050541 -0.045066740 -0.000875904 0.998983622 260.106811523
0.998831153 -0.002169863 0.048287682 -0.595977366 0.002098355 0.999997199 0.001531429 -4.097094059 -0.048290782 -0.001428324 0.998832345 260.953186035
0.998710155 0.000149344 0.050775249 -0.560364902 -0.000117205 1.000000358 -0.000636038 -4.111115456 -0.050775271 0.000629256 0.998709977 261.798217773
0.998590052 0.000766055 0.053079732 -0.521909118 -0.000616864 0.999996424 -0.002827114 -4.127068043 -0.053081617 0.002790374 0.998586357 262.629180908
0.998454213 0.000973321 0.055572353 -0.479387611 -0.000817893 0.999996305 -0.002819631 -4.143358707 -0.055574797 0.002769809 0.998450756 263.468627930
0.998286963 0.001751858 0.058481224 -0.438098550 -0.001709333 0.999998868 -0.000777266 -4.159578323 -0.058482423 0.000675961 0.998288274 264.299591064
0.998097003 0.002955291 0.061592311 -0.392999351 -0.003014841 0.999995768 0.000873832 -4.178137302 -0.061589360 -0.001057868 0.998101115 265.148162842
0.997918189 0.003229314 0.064411446 -0.346365392 -0.003286039 0.999994934 0.000774644 -4.194262505 -0.064408511 -0.000984698 0.997923255 265.994384766
0.997752488 0.003180037 0.066930398 -0.290218651 -0.003207672 0.999995410 0.000305328 -4.206335068 -0.066929005 -0.000519341 0.997757733 266.844604492
0.997578859 0.001420480 0.069528215 -0.232663706 -0.001417154 0.999999583 -0.000097255 -4.220613003 -0.069528207 -0.000001521 0.997580111 267.694915771
0.997454822 -0.001890719 0.071275041 -0.171234667 0.001850805 0.999998689 0.000625975 -4.235539913 -0.071276017 -0.000492475 0.997456610 268.543487549
0.997401774 -0.003011482 0.071975224 -0.108677171 0.002979280 0.999996006 0.000554707 -4.249698639 -0.071976490 -0.000338840 0.997406363 269.383300781
0.997356594 -0.003907075 0.072556056 -0.050748531 0.003875095 0.999992907 0.000581495 -4.265112877 -0.072557695 -0.000298805 0.997364283 270.234497070
0.997322977 -0.004048014 0.073009096 0.005437080 0.004009563 0.999992311 0.000673173 -4.279627323 -0.073011138 -0.000378645 0.997331142 271.096740723
0.997338831 -0.004041339 0.072792970 0.062475547 0.003961357 0.999991953 0.001243070 -4.294609070 -0.072797291 -0.000951412 0.997346401 271.944732666
0.997382343 -0.003894526 0.072202221 0.118882254 0.003781208 0.999991953 0.001706030 -4.311035156 -0.072208174 -0.001428562 0.997388661 272.802185059
0.997465074 -0.004473935 0.071015880 0.176285222 0.004420781 0.999990344 0.000905607 -4.326749802 -0.071019135 -0.000589375 0.997474909 273.658111572
0.997582316 -0.004403265 0.069354273 0.232991040 0.004413412 0.999990821 0.000006888 -4.339838982 -0.069353558 0.000299208 0.997592211 274.502807617
0.997695863 -0.004128395 0.067718551 0.287109554 0.004183981 0.999991596 -0.000679062 -4.358675480 -0.067715056 0.000960820 0.997704387 275.365631104
0.997816205 -0.002953716 0.065983847 0.339815855 0.003026763 0.999995470 -0.001007169 -4.373806000 -0.065980449 0.001204678 0.997820377 276.213745117
0.997921884 -0.001733792 0.064410239 0.384091437 0.001809060 0.999998331 -0.001110363 -4.393394470 -0.064408086 0.001224568 0.997923076 277.066528320
0.998059154 -0.001439852 0.062254850 0.429399550 0.001477113 0.999999285 -0.000552581 -4.409245014 -0.062253892 0.000643457 0.998060286 277.906616211
0.998236895 -0.001876407 0.059324767 0.472693533 0.001822722 0.999998450 0.000958942 -4.424372196 -0.059326354 -0.000849128 0.998238444 278.747558594
0.998470068 -0.003049075 0.055208977 0.515004396 0.002874629 0.999991179 0.003238788 -4.437180042 -0.055218250 -0.003075136 0.998469710 279.593048096
0.998724759 -0.003409677 0.050368648 0.555864632 0.003173967 0.999984264 0.004758836 -4.444957256 -0.050383963 -0.004592907 0.998719513 280.440673828
0.998953700 -0.003775035 0.045573942 0.589384019 0.003507062 0.999976754 0.005958369 -4.456757545 -0.045595258 -0.005792311 0.998943388 281.265167236
0.999164343 -0.003962575 0.040675394 0.617781937 0.003703745 0.999973059 0.006436562 -4.465655327 -0.040699691 -0.006280541 0.999151826 282.093597412
0.999340892 -0.004750831 0.035982516 0.645254433 0.004510140 0.999967575 0.006767198 -4.476319313 -0.036013387 -0.006600460 0.999329627 282.911315918
0.999494791 -0.005498781 0.031295713 0.667054415 0.005281402 0.999962032 0.007024274 -4.488379478 -0.031333040 -0.006855450 0.999485612 283.715942383
0.999612927 -0.005923438 0.027174499 0.681412816 0.005745955 0.999962330 0.006604567 -4.499690056 -0.027212491 -0.006445876 0.999608994 284.503448486
0.999714196 -0.005495840 0.023257703 0.691163421 0.005347349 0.999965608 0.006441838 -4.511041641 -0.023292203 -0.006315638 0.999708831 285.271942139
0.999798357 -0.005171937 0.019395979 0.701932073 0.005051107 0.999968231 0.006273307 -4.520867825 -0.019427704 -0.006174078 0.999792278 286.029724121
