1.000000000 0.000000000 0.000000000 0.000000000 0.000000000 1.000000000 0.000000000 0.000000000 0.000000000 0.000000000 1.000000000 0.000000000
0.999979734 0.000545607 -0.006339751 -0.010736273 -0.000542905 0.999999762 0.000427920 -0.003645737 0.006339983 -0.000424469 0.999979794 0.081927940
0.999909997 0.001063273 -0.013372039 -0.019227061 -0.001058135 0.999999344 0.000391303 -0.006292404 0.013372447 -0.000377118 0.999910474 0.166432589
0.999781013 0.001400762 -0.020880364 -0.029973499 -0.001407240 0.999998987 -0.000295547 -0.007820402 0.020879928 0.000324866 0.999781907 0.258798599
0.999546111 0.002174349 -0.030047569 -0.043943956 -0.002222626 0.999996305 -0.001573402 -0.011423788 0.030044034 0.001639472 0.999547184 0.353033930
0.999136925 0.002490305 -0.041462779 -0.060673323 -0.002624271 0.999991536 -0.003176892 -0.012198366 0.041454509 0.003282960 0.999134958 0.461218894
0.998480320 0.002500525 -0.055052273 -0.080630735 -0.002726825 0.999988139 -0.004035892 -0.013577209 0.055041522 0.004179877 0.998475254 0.584658742
0.997454226 0.002693377 -0.071258739 -0.107270375 -0.002987266 0.999987483 -0.004018009 -0.014689829 0.071247019 0.004220649 0.997449696 0.719906569
0.995954931 0.001160775 -0.089846209 -0.136250719 -0.001524902 0.999990880 -0.003984247 -0.018217836 0.089840755 0.004105137 0.995947599 0.861083210
0.993960798 0.000108245 -0.109735250 -0.172988802 -0.000563361 0.999991357 -0.004116403 -0.021079576 0.109733835 0.004153363 0.993952274 1.016133547
0.991269112 0.000201695 -0.131853953 -0.218855530 -0.000800486 0.999989629 -0.004488325 -0.023999298 0.131851643 0.004554685 0.991258919 1.183407068
0.987794220 0.003794671 -0.155718580 -0.278539687 -0.004775158 0.999971092 -0.005922942 -0.027966760 0.155691549 0.006594228 0.987783670 1.347225070
0.983450711 0.008222063 -0.180989653 -0.346016437 -0.009723726 0.999925315 -0.007411235 -0.036951013 0.180915132 0.009048477 0.983457088 1.522411227
0.978099048 0.011100012 -0.207844004 -0.417834580 -0.013117018 0.999879360 -0.008328707 -0.041947361 0.207726389 0.010872593 0.978126526 1.699835300
0.971410692 0.011785747 -0.237112865 -0.491542041 -0.014196852 0.999863505 -0.008463640 -0.045259748 0.236980647 0.011587925 0.971445203 1.881179214
0.963394284 0.013895702 -0.267728388 -0.571469009 -0.016598782 0.999831617 -0.007835595 -0.050858393 0.267574340 0.011992732 0.963462532 2.053050756
0.953955412 0.015591600 -0.299543142 -0.665673196 -0.018453775 0.999807179 -0.006728541 -0.054309968 0.299380362 0.011946429 0.954059005 2.240477324
0.942728639 0.017820526 -0.333084524 -0.763671398 -0.020855157 0.999767303 -0.005537262 -0.058509696 0.332908243 0.012166665 0.942880690 2.422431946
0.930271089 0.020259554 -0.366313219 -0.872423947 -0.023715364 0.999706686 -0.004935963 -0.063196830 0.366105676 0.013279034 0.930478454 2.604890347
0.916468740 0.023047660 -0.399441928 -0.991171420 -0.026934674 0.999628842 -0.004119964 -0.065621793 0.399198562 0.014534656 0.916749179 2.782122612
0.900516093 0.023393147 -0.434193134 -1.118477702 -0.027616611 0.999612927 -0.003420395 -0.065377325 0.433944911 0.015071062 0.900813222 2.970169783
0.882190287 0.018907676 -0.470513433 -1.249615431 -0.023516949 0.999715984 -0.003919384 -0.065936178 0.470305502 0.014522684 0.882384002 3.156671524
0.861130655 0.014217900 -0.508184969 -1.393360376 -0.018974576 0.999811471 -0.004180311 -0.067879744 0.508029521 0.013242388 0.861237705 3.343265533
0.836326063 0.016262820 -0.547991216 -1.559507251 -0.019948281 0.999800980 -0.000773161 -0.073270917 0.547869444 0.011578100 0.836483598 3.525903940
0.807249308 0.021914599 -0.589803815 -1.743990660 -0.024866251 0.999686182 0.003110286 -0.079000510 0.589686811 0.012155436 0.807540476 3.699509144
0.774425685 0.024844252 -0.632177114 -1.936048627 -0.028122080 0.999593019 0.004833583 -0.080337614 0.632039845 0.014034889 0.774808705 3.868955612
0.738249600 0.024179867 -0.674094260 -2.144032478 -0.027611213 0.999603152 0.005616876 -0.080551364 0.673962474 0.014465909 0.738623798 4.038838863
0.698052526 0.020124337 -0.715763807 -2.361646891 -0.021642443 0.999741495 0.007001708 -0.079585537 0.715719640 0.010603326 0.698307097 4.212915421
0.655332446 0.016680943 -0.755156457 -2.597871780 -0.016537186 0.999833524 0.007734570 -0.077302918 0.755159676 0.007419457 0.655498743 4.372559547
0.610059619 0.016319737 -0.792187452 -2.855203152 -0.014006333 0.999853969 0.009811634 -0.076015674 0.792231858 0.005109969 0.610198677 4.526412010
0.561816275 0.016925519 -0.827088892 -3.131566286 -0.011529567 0.999853969 0.012629291 -0.073250502 0.827181756 0.002440645 0.561928988 4.666250706
0.510492027 0.017455321 -0.859705389 -3.429045916 -0.010204992 0.999846697 0.014241013 -0.065617003 0.859821975 0.001503373 0.510591507 4.796888351
0.457840621 0.018845957 -0.888834596 -3.745759249 -0.008977613 0.999822497 0.016574841 -0.060949747 0.888988972 0.000390988 0.457928151 4.906295776
0.403465778 0.020760626 -0.914759278 -4.079988003 -0.007844930 0.999784470 0.019230183 -0.053624410 0.914961159 -0.000582488 0.403541297 5.002832890
0.348314583 0.022720471 -0.937102377 -4.428171158 -0.007230839 0.999741793 0.021551535 -0.048736103 0.937349856 -0.000730666 0.348388523 5.082109451
0.293246508 0.025599035 -0.955694139 -4.802380085 -0.004935592 0.999668837 0.025262484 -0.043513644 0.956024110 -0.002691206 0.293275356 5.156164169
0.239561856 0.027712384 -0.970485568 -5.181199551 -0.000155432 0.999593794 0.028505204 -0.042673387 0.970881045 -0.006677900 0.239468515 5.215002060
0.188503027 0.028198162 -0.981667757 -5.572765827 0.002309394 0.999572337 0.029155923 -0.037921175 0.982069850 -0.007763023 0.188356981 5.255938530
0.141082257 0.029119469 -0.989569545 -5.979643822 0.000165135 0.999566734 0.029437194 -0.032422666 0.989997745 -0.004316465 0.141016036 5.272495270
0.098728180 0.029384227 -0.994680583 -6.401215076 -0.001643301 0.999567449 0.029365491 -0.024519581 0.995112956 -0.001264628 0.098733492 5.275313854
0.060876582 0.028001726 -0.997752547 -6.843267441 -0.002854312 0.999607265 0.027879635 -0.015694909 0.998141050 0.001150693 0.060932342 5.268247604
0.026440442 0.025376551 -0.999328375 -7.298605442 -0.001829107 0.999677300 0.025337027 -0.007163239 0.999648571 0.001157968 0.026478082 5.253543377
-0.004962202 0.022736143 -0.999729395 -7.765617371 -0.001322880 0.999740481 0.022742976 -0.001451541 0.999986649 0.001435388 -0.004931075 5.227101326
-0.031504590 0.020848505 -0.999286354 -8.253611565 -0.001991286 0.999779165 0.020921580 0.005752102 0.999501467 0.002649000 -0.031456344 5.191287518
-0.052213266 0.018428924 -0.998466134 -8.747412682 -0.002754422 0.999823272 0.018598026 0.015885286 0.998632014 0.003721270 -0.052153498 5.148302555
-0.068475313 0.017578304 -0.997498155 -9.260116577 -0.002406706 0.999839008 0.017784780 0.027169723 0.997649729 0.003618512 -0.068422198 5.100994110
-0.081575923 0.018092131 -0.996503174 -9.796810150 -0.001390800 0.999832213 0.018266441 0.034958974 0.996665955 0.002876048 -0.081537291 5.048153400
-0.091155708 0.019292673 -0.995649993 -10.349649429 -0.002507157 0.999804735 0.019602735 0.035339728 0.995833337 0.004283161 -0.091089755 4.986475945
-0.097947344 0.020725697 -0.994976044 -10.916818619 -0.004039645 0.999766588 0.021223173 0.037590232 0.995183229 0.006098111 -0.097840980 4.921023369
-0.102461636 0.021747032 -0.994499505 -11.492956161 -0.003933978 0.999744296 0.022267049 0.044882197 0.994728982 0.006193866 -0.102350116 4.858277321
-0.103824325 0.022455819 -0.994342387 -12.098474503 -0.001728399 0.999739408 0.022758190 0.055767216 0.994593918 0.004081484 -0.103758693 4.795567513
-0.102887757 0.024669059 -0.994387329 -12.717349052 0.000097883 0.999692619 0.024790559 0.064916693 0.994692743 0.002453323 -0.102858782 4.733286381
-0.101409912 0.027164932 -0.994474053 -13.348176956 -0.000679903 0.999624908 0.027374977 0.071763001 0.994844258 0.003452252 -0.101353645 4.664969444
-0.099697992 0.027178230 -0.994646788 -13.995902061 -0.002796772 0.999615192 0.027594332 0.077841133 0.995013595 0.005532911 -0.099583849 4.593883991
-0.098096415 0.024655603 -0.994871676 -14.655843735 -0.004601992 0.999670982 0.025228316 0.087920435 0.995166063 0.007053208 -0.097950906 4.522528648
-0.096821062 0.024523767 -0.994999886 -15.334251404 -0.005077958 0.999671102 0.025133030 0.101406842 0.995288670 0.007485982 -0.096664920 4.456128597
-0.095116317 0.027259408 -0.995093107 -16.031246185 -0.004886934 0.999599993 0.027849995 0.116000347 0.995453954 0.007511952 -0.094945289 4.389224529
-0.093239918 0.030828321 -0.995166540 -16.741569519 -0.005988214 0.999484956 0.031523153 0.126769185 0.995625436 0.008898497 -0.093007520 4.321406364
-0.091435485 0.033003204 -0.995264173 -17.467771530 -0.006496929 0.999409497 0.033737544 0.136834234 0.995789587 0.009550980 -0.091167293 4.250151157
-0.089668870 0.032339666 -0.995446682 -18.197555542 -0.008515089 0.999411166 0.033235498 0.150002241 0.995934963 0.011456517 -0.089340925 4.182470322
-0.087966695 0.029187195 -0.995695889 -18.943071365 -0.010946082 0.999481797 0.030265234 0.166538104 0.996062994 0.013561309 -0.087601870 4.109063148
-0.086438090 0.028532520 -0.995848715 -19.716283798 -0.011822105 0.999489903 0.029662993 0.182848111 0.996186793 0.014337047 -0.086056925 4.036020756
-0.084861495 0.030924527 -0.995912850 -20.494815826 -0.009500834 0.999447525 0.031843852 0.196652159 0.996347129 0.012164327 -0.084521048 3.970645189
-0.083625168 0.033065703 -0.995948613 -21.284976959 -0.007305549 0.999401927 0.033793770 0.210175663 0.996470213 0.010101969 -0.083333842 3.899483681
-0.082301743 0.034746747 -0.996001601 -22.080757141 -0.006350128 0.999353290 0.035388403 0.224394888 0.996586919 0.009237275 -0.082028113 3.829233646
-0.081761897 0.030116782 -0.996196806 -22.872283936 -0.006348474 0.999507189 0.030737909 0.237990439 0.996631384 0.008837529 -0.081530638 3.762992859
-0.081489980 0.023155486 -0.996405244 -23.673366547 -0.004866702 0.999708712 0.023630282 0.247157529 0.996662021 0.006774846 -0.081353791 3.693712711
-0.081730716 0.018595956 -0.996481121 -24.483074188 -0.002063027 0.999820471 0.018827491 0.258193374 0.996652067 0.003594557 -0.081677914 3.632284403
-0.082224898 0.019434514 -0.996424496 -25.307786942 -0.001128705 0.999807239 0.019593641 0.267459631 0.996612966 0.002735761 -0.082187340 3.561148882
-0.082347430 0.026931992 -0.996239960 -26.138923645 -0.001724076 0.999629319 0.027166136 0.272187829 0.996601999 0.003954663 -0.082270704 3.489794254
-0.082572140 0.034023881 -0.996004343 -26.978475571 -0.003137774 0.999403119 0.034400124 0.284251750 0.996580005 0.005965738 -0.082416326 3.410987854
-0.082920700 0.039362129 -0.995778739 -27.817012787 -0.005209269 0.999188781 0.039930724 0.296311617 0.996542394 0.008498372 -0.082648620 3.334334850
-0.083358169 0.039713737 -0.995728254 -28.654682159 -0.006925927 0.999158323 0.040430360 0.310732782 0.996495485 0.010266550 -0.083013184 3.257901430
-0.083775848 0.036186907 -0.995827556 -29.485710144 -0.007085398 0.999293447 0.036908928 0.326606572 0.996459365 0.010147919 -0.083460495 3.185069323
-0.084115863 0.033438925 -0.995894969 -30.316890717 -0.007460390 0.999387562 0.034186326 0.343281806 0.996428013 0.010305383 -0.083815120 3.107840538
-0.084274977 0.034592714 -0.995842099 -31.152662277 -0.009019751 0.999329746 0.035477180 0.359493196 0.996401668 0.011972093 -0.083906718 3.032800198
-0.084128745 0.036858588 -0.995773137 -31.994373322 -0.009636353 0.999238789 0.037801009 0.374964833 0.996408284 0.012775779 -0.083709762 2.952229738
-0.084015541 0.035188392 -0.995843112 -32.819168091 -0.010291619 0.999292314 0.036178544 0.388404369 0.996411264 0.013288403 -0.083594181 2.877073526
-0.083553568 0.029972784 -0.996052563 -33.641937256 -0.010877323 0.999460459 0.030987784 0.404907048 0.996443868 0.013423529 -0.083182722 2.797780514
-0.083445787 0.025793094 -0.996178567 -34.460620880 -0.011959728 0.999566913 0.026882652 0.419557422 0.996440470 0.014157270 -0.083101436 2.724741936
-0.082919195 0.026536470 -0.996203005 -35.289142609 -0.011274516 0.999556303 0.027564242 0.431504130 0.996492445 0.013517314 -0.082583487 2.651397467
-0.082430042 0.029078264 -0.996172667 -36.121334076 -0.010155299 0.999497712 0.030015649 0.439302593 0.996545017 0.012590626 -0.082093619 2.579144716
-0.081865616 0.033967216 -0.996064484 -36.959972382 -0.010014459 0.999340415 0.034902018 0.450055569 0.996592939 0.012832328 -0.081471734 2.504840374
-0.081270956 0.039607856 -0.995904863 -37.791023254 -0.009091900 0.999138892 0.040478431 0.464545310 0.996650457 0.012344395 -0.080841146 2.432519913
-0.081527047 0.042962737 -0.995744824 -38.609161377 -0.009169407 0.998995662 0.043853760 0.478761643 0.996628821 0.012705666 -0.081051514 2.367078066
-0.081238128 0.042823810 -0.995774388 -39.421070099 -0.008898957 0.999005377 0.043688770 0.496709496 0.996654868 0.012410556 -0.080776520 2.302196503
-0.081117854 0.038474221 -0.995961726 -40.240623474 -0.008758370 0.999188423 0.039312214 0.514959276 0.996665895 0.011911931 -0.080715336 2.224735022
-0.080788933 0.034161758 -0.996145725 -41.057846069 -0.009728856 0.999337673 0.035060253 0.531010926 0.996683598 0.012523846 -0.080403358 2.154550314
-0.080713592 0.031422425 -0.996241987 -41.879844666 -0.013754431 0.999372482 0.032635529 0.543613315 0.996642232 0.016336879 -0.080231033 2.076711893
-0.081162401 0.029565917 -0.996262372 -42.710247040 -0.016996909 0.999373376 0.031042937 0.557621896 0.996555746 0.019452905 -0.080609299 1.995930195
-0.081958719 0.027760074 -0.996249080 -43.526405334 -0.014726664 0.999468982 0.029061325 0.564944386 0.996526718 0.017053260 -0.081506670 1.928895712
-0.083066270 0.024132241 -0.996251881 -44.344039917 -0.011442641 0.999617577 0.025167853 0.573393703 0.996478081 0.013490357 -0.082758658 1.861270308
-0.083809286 0.022573292 -0.996226192 -45.159988403 -0.007140597 0.999703884 0.023252819 0.583468437 0.996455967 0.009062457 -0.083623581 1.795139313
-0.085765749 0.026059899 -0.995974600 -45.977516174 -0.006918721 0.999617934 0.026751028 0.589746952 0.996291041 0.009185199 -0.085552983 1.721263170
-0.087368473 0.032260068 -0.995653689 -46.804409027 -0.004620298 0.999451399 0.032788556 0.596492350 0.996165037 0.007464911 -0.087171786 1.644767761
-0.089147083 0.035977513 -0.995368659 -47.619842529 -0.002906743 0.999333501 0.036381174 0.605677545 0.996013939 0.006136565 -0.088983387 1.569472551
-0.090575159 0.035004310 -0.995274425 -48.425968170 -0.002959874 0.999367952 0.035417665 0.619016528 0.995884955 0.006153856 -0.090414599 1.491732240
-0.091586605 0.031126020 -0.995310724 -49.223445892 -0.006398518 0.999472082 0.031844959 0.627653122 0.995776236 0.009285090 -0.091339394 1.407009006
-0.092830285 0.027502526 -0.995302200 -50.015411377 -0.011403599 0.999523222 0.028682783 0.636226773 0.995616317 0.014012662 -0.092472695 1.321853399
-0.094227172 0.025938336 -0.995212913 -50.807220459 -0.015580037 0.999499381 0.027525203 0.645739913 0.995428503 0.018099079 -0.093776181 1.235575438
-0.095159195 0.027073357 -0.995094001 -51.598789215 -0.016943878 0.999440968 0.028811963 0.652678311 0.995317519 0.019602478 -0.094647564 1.152126193
-0.096140698 0.028554011 -0.994958282 -52.381576538 -0.016545994 0.999404252 0.030280430 0.661141574 0.995229900 0.019373758 -0.095611252 1.072000265
-0.097121671 0.028091682 -0.994876146 -53.164188385 -0.018179089 0.999384522 0.029993679 0.668852687 0.995106161 0.020998979 -0.096551500 0.987333417
-0.097629055 0.027921021 -0.994831324 -53.938110352 -0.018785112 0.999376416 0.029892106 0.677058101 0.995045245 0.021606356 -0.097043954 0.902181864
-0.098123230 0.029652867 -0.994732618 -54.723823547 -0.017155042 0.999356866 0.031482957 0.686999917 0.995026052 0.020153888 -0.097551711 0.817925155
-0.098324686 0.032550804 -0.994622052 -55.496192932 -0.015862456 0.999286473 0.034271579 0.698802471 0.995027661 0.019146891 -0.097738467 0.736223757
-0.098461345 0.036701236 -0.994464040 -56.267364502 -0.016055299 0.999130785 0.038463108 0.711173832 0.995011091 0.019753547 -0.097786777 0.654830813
-0.099041179 0.038841922 -0.994325161 -57.033878326 -0.015912578 0.999047995 0.040611431 0.722621024 0.994955838 0.019844480 -0.098329090 0.573566437
-0.099787891 0.038814794 -0.994251549 -57.780769348 -0.015704984 0.999052644 0.040578473 0.734519780 0.994884551 0.019663945 -0.099084042 0.496703982
-0.100238904 0.036913700 -0.994278550 -58.517040253 -0.015031433 0.999141037 0.038609646 0.745521903 0.994849563 0.018815622 -0.099598214 0.422632754
-0.100399472 0.033383630 -0.994387150 -59.252273560 -0.014750017 0.999276936 0.035037056 0.756171107 0.994837582 0.018184930 -0.099834740 0.342036754
-0.100198284 0.030578429 -0.994497657 -59.974338531 -0.015125955 0.999365091 0.032252081 0.764705837 0.994852245 0.018274330 -0.099672422 0.264948428
-0.098850541 0.028271619 -0.994700730 -60.683319092 -0.015987329 0.999421954 0.029994592 0.772388339 0.994973540 0.018867590 -0.098341711 0.186742112
-0.096537583 0.027520131 -0.994948924 -61.372207642 -0.018231668 0.999400854 0.029412257 0.778637409 0.995162070 0.020978967 -0.095978305 0.112075798
-0.092464045 0.028475041 -0.995308876 -62.052436829 -0.018812234 0.999362409 0.030338671 0.781983256 0.995538056 0.021529220 -0.091869704 0.042930506
-0.086752474 0.030072570 -0.995775998 -62.707363129 -0.018319940 0.999326885 0.031775862 0.786122203 0.996061206 0.020999191 -0.086143456 -0.010677435
-0.079497799 0.031607490 -0.996333897 -63.354091644 -0.017748609 0.999293625 0.033117566 0.790480912 0.996676862 0.020316312 -0.078880958 -0.063263170
-0.070672385 0.032931246 -0.996955931 -63.993247986 -0.018769821 0.999233842 0.034337059 0.797948956 0.997322798 0.021139365 -0.070000432 -0.113507345
-0.059026815 0.034614645 -0.997656167 -64.601585388 -0.021266611 0.999128044 0.035923969 0.802251160 0.998029649 0.023337243 -0.058239516 -0.146005988
-0.044293966 0.036199264 -0.998362541 -65.203285217 -0.024578318 0.999001086 0.037312880 0.808225334 0.998715937 0.026190808 -0.043360308 -0.168156385
-0.025976177 0.037461404 -0.998960435 -65.795333862 -0.026451662 0.998921692 0.038147788 0.816087842 0.999312341 0.027415099 -0.024957556 -0.178226531
-0.004058329 0.038285665 -0.999258637 -66.361137390 -0.027577918 0.998882234 0.038383257 0.822290897 0.999611259 0.027713249 -0.002998259 -0.165009946
0.021481935 0.038614720 -0.999023259 -66.903999329 -0.027196497 0.998906374 0.038025409 0.827868104 0.999399066 0.026353082 0.022508323 -0.143514469
0.050864547 0.038105410 -0.997978389 -67.426155090 -0.025981843 0.998983920 0.036819577 0.835307539 0.998367310 0.024056517 0.051802609 -0.101748005
0.084949568 0.038011238 -0.995660007 -67.922035217 -0.025058435 0.999037325 0.036002193 0.843832791 0.996069908 0.021891320 0.085819982 -0.040823519
0.122590996 0.038161755 -0.991723418 -68.396141052 -0.024715869 0.999067783 0.035389137 0.850938797 0.992149293 0.020172924 0.123419605 0.037720919
0.163333356 0.037810814 -0.985846221 -68.851829529 -0.024739657 0.999107897 0.034220621 0.855402172 0.986260593 0.018800136 0.164122760 0.136020780
0.207967401 0.038672883 -0.977371097 -69.296272278 -0.023889098 0.999120712 0.034450300 0.860005498 0.977843881 0.016183980 0.208708078 0.263669074
0.256357849 0.037018508 -0.965872943 -69.731109619 -0.020748265 0.999246657 0.032790694 0.863666117 0.966359198 0.011634042 0.256932467 0.411289275
0.306256711 0.031823680 -0.951417029 -70.141746521 -0.013009714 0.999487460 0.029243816 0.865544438 0.951860011 0.003421553 0.306513429 0.586861074
0.357444316 0.026252031 -0.933565557 -70.541976929 -0.007522343 0.999653101 0.025230274 0.867071688 0.933904111 -0.001995814 0.357517511 0.782778978
0.410012841 0.020939695 -0.911839545 -70.938415527 -0.002206058 0.999756038 0.021966675 0.877152562 0.912077010 -0.006995046 0.409958750 0.999238491
0.461139083 0.020420739 -0.887093008 -71.314056396 -0.002364441 0.999759614 0.021785207 0.882956684 0.887324691 -0.007948529 0.461076260 1.229387522
0.509333849 0.019090433 -0.860357404 -71.677551270 -0.000892463 0.999764800 0.021655411 0.889270127 0.860568523 -0.010261994 0.509230852 1.485034108
0.554437459 0.014434491 -0.832100332 -72.021942139 0.006837770 0.999736547 0.021898579 0.895917237 0.832197309 -0.017831104 0.554192483 1.764485121
0.598147094 0.007848922 -0.801348031 -72.340675354 0.017169837 0.999596715 0.022606727 0.895649493 0.801202416 -0.027281169 0.597770929 2.067908764
0.640883744 0.002709412 -0.767633259 -72.649742126 0.018893247 0.999634922 0.019301936 0.895869970 0.767405450 -0.026873389 0.640598476 2.372906923
0.681950271 -0.002345613 -0.731394887 -72.943840027 0.016413957 0.999791801 0.012097961 0.899266362 0.731214404 -0.020255301 0.681846678 2.689397335
0.722562671 -0.009135003 -0.691245139 -73.227172852 0.013276092 0.999911368 0.000663477 0.902351081 0.691177905 -0.009656449 0.722619891 3.025455236
0.761941135 -0.011844324 -0.647537947 -73.494674683 0.009062331 0.999929547 -0.007626604 0.902205527 0.647582829 -0.000057191 0.761994839 3.381197453
0.799047291 -0.012946049 -0.601128817 -73.752334595 0.008101047 0.999908864 -0.010765978 0.898936868 0.601213574 0.003732743 0.799079418 3.774322033
0.833028972 -0.014412696 -0.553041637 -73.990745544 0.008795961 0.999878943 -0.012808531 0.895480633 0.553159475 0.005805335 0.833054960 4.195963860
0.863808751 -0.013027521 -0.503651381 -74.224128723 0.006254318 0.999865592 -0.015135914 0.887814105 0.503781021 0.009924532 0.863774121 4.642407894
0.889901936 -0.011519151 -0.456006408 -74.441123962 0.005899412 0.999887884 -0.013745308 0.874607801 0.456113756 0.009541799 0.889870048 5.121428490
0.911245286 -0.005280472 -0.411830246 -74.641853333 0.000011660 0.999917924 -0.012795079 0.864994705 0.411864161 0.011654648 0.911170483 5.615253925
0.928877294 -0.001064961 -0.370386064 -74.833892822 -0.004547995 0.999887466 -0.014280657 0.855775297 0.370359749 0.014949488 0.928767800 6.131960869
0.942543924 0.004040216 -0.334057868 -75.022766113 -0.008846728 0.999877810 -0.012868109 0.847938478 0.333965242 0.015084074 0.942464411 6.680119038
0.952653527 0.004806585 -0.304020166 -75.187644958 -0.008483187 0.999905705 -0.010773598 0.831578434 0.303939879 0.012842563 0.952604353 7.247308731
0.960061729 0.003994386 -0.279759973 -75.339942932 -0.006864405 0.999933064 -0.009279802 0.819370091 0.279704392 0.010829565 0.960024834 7.823043823
0.965981662 0.003807551 -0.258582890 -75.496147156 -0.005904310 0.999955356 -0.007332498 0.811669111 0.258543611 0.008609808 0.965960979 8.422294617
0.970657408 0.005919876 -0.240393996 -75.643615723 -0.007298723 0.999961317 -0.004845782 0.804637849 0.240356177 0.006458160 0.970663071 9.032979965
0.974295139 0.010727197 -0.225020051 -75.791389465 -0.011755244 0.999925375 -0.003229331 0.795177341 0.224968791 0.005791485 0.974348485 9.659564972
0.977229476 0.014663152 -0.211678371 -75.935829163 -0.015417115 0.999879003 -0.001911681 0.783479452 0.211624905 0.005131619 0.977337241 10.300934792
0.979981363 0.013321706 -0.198643506 -76.065399170 -0.014054499 0.999898314 -0.002279343 0.775066197 0.198593125 0.005025546 0.980068922 10.961741447
0.982671618 0.013428474 -0.184868619 -76.192329407 -0.014188418 0.999895155 -0.002788308 0.767512202 0.184811980 0.005362982 0.982758999 11.640379906
0.985309660 0.014183713 -0.170187891 -76.313827515 -0.014753487 0.999888659 -0.002083571 0.757897556 0.170139596 0.004563826 0.985409141 12.334592819
0.987615108 0.015609768 -0.156118110 -76.425895691 -0.016074326 0.999868989 -0.001713473 0.750361025 0.156071112 0.004201744 0.987736642 13.038780212
0.989528775 0.016335826 -0.143408567 -76.532348633 -0.017138822 0.999843240 -0.004365660 0.731701434 0.143314973 0.006777800 0.989653707 13.760986328
0.991047680 0.016799053 -0.132447511 -76.631103516 -0.018240124 0.999786496 -0.009674368 0.717180252 0.132256910 0.012003619 0.991142571 14.484195709
0.992306530 0.014960166 -0.122898549 -76.723533630 -0.017028404 0.999729872 -0.015795562 0.703696668 0.122629240 0.017766805 0.992293358 15.220623970
0.993278503 0.014935128 -0.114781730 -76.806640625 -0.016885899 0.999728322 -0.016041838 0.690010607 0.114511162 0.017872207 0.993261039 15.972511292
0.993993938 0.017079707 -0.108094878 -76.894134521 -0.018244682 0.999785185 -0.009797381 0.669915199 0.107904516 0.011710694 0.994092166 16.731933594
0.994446695 0.022016099 -0.102913573 -76.988761902 -0.022301538 0.999749601 -0.001623577 0.648350954 0.102852255 0.003909692 0.994688809 17.500473022
0.994882524 0.022723584 -0.098450974 -77.075576782 -0.022628902 0.999741435 0.002078450 0.633431077 0.098472938 0.000160025 0.995139599 18.271686554
0.995229959 0.021177232 -0.095231526 -77.141693115 -0.021182531 0.999774814 0.000955460 0.621648133 0.095230505 0.001066343 0.995454550 19.018596649
0.995534360 0.020988986 -0.092037722 -77.219276428 -0.021072416 0.999777555 0.000065424 0.608336985 0.092018813 0.001874326 0.995755374 19.781070709
0.995819151 0.019617498 -0.089215949 -77.288101196 -0.019491678 0.999807060 0.002281476 0.597074330 0.089243680 -0.000532969 0.996009469 20.547882080
0.996070266 0.017609134 -0.086798862 -77.351173401 -0.017270843 0.999839723 0.004647009 0.584559083 0.086866967 -0.003129659 0.996214807 21.308881760
0.996346474 0.015784346 -0.083932385 -77.414070129 -0.015308263 0.999862611 0.006312913 0.570833206 0.084020689 -0.005004991 0.996451199 22.071445465
0.996577382 0.015041116 -0.081285983 -77.478080750 -0.014872646 0.999885559 0.002677805 0.557850659 0.081317149 -0.001459703 0.996686995 22.829036713
0.996676922 0.017374214 -0.079582341 -77.545692444 -0.017809827 0.999829769 -0.004767019 0.547214568 0.079486161 0.006168525 0.996816695 23.579778671
0.996797621 0.017986657 -0.077917241 -77.610740662 -0.019009249 0.999742150 -0.012402128 0.529118419 0.077674270 0.013843560 0.996882498 24.319820404
0.996882439 0.019041298 -0.076569520 -77.675048828 -0.020360306 0.999656558 -0.016482472 0.509116828 0.076229572 0.017990066 0.996927798 25.073263168
0.997012615 0.020760363 -0.074396893 -77.737426758 -0.021904171 0.999653339 -0.014591328 0.483744383 0.074068382 0.016177341 0.997121751 25.827377319
0.997107863 0.024569254 -0.071918152 -77.802650452 -0.025398007 0.999620616 -0.010631571 0.459018558 0.071629867 0.012427403 0.997353673 26.583700180
0.997170627 0.028450660 -0.069578163 -77.870689392 -0.028909681 0.999566078 -0.005598861 0.437434077 0.069388889 0.007594504 0.997560620 27.341424942
0.997410655 0.026228342 -0.066961288 -77.925132751 -0.026546631 0.999639809 -0.003867690 0.422742486 0.066835932 0.005635273 0.997747898 28.100996017
0.997552514 0.023596214 -0.065816931 -77.974624634 -0.023915159 0.999705434 -0.004062045 0.406416208 0.065701902 0.005626127 0.997823298 28.851247787
0.997668862 0.021887966 -0.064632826 -78.027175903 -0.022205262 0.999744356 -0.004194772 0.388260722 0.064524695 0.005620182 0.997900128 29.601713181
0.997750700 0.021385621 -0.063528024 -78.080787659 -0.021813147 0.999743581 -0.006043619 0.372503966 0.063382693 0.007415772 0.997961581 30.351501465
0.997839153 0.019518625 -0.062733978 -78.130477905 -0.020015378 0.999772787 -0.007299576 0.357616395 0.062577456 0.008539449 0.998003364 31.102485657
0.997899115 0.018751126 -0.062010482 -78.181816101 -0.019231627 0.999789238 -0.007160793 0.340679795 0.061863348 0.008338314 0.998049557 31.848983765
0.997889042 0.021910910 -0.061129853 -78.238777161 -0.022327296 0.999731660 -0.006136614 0.323522776 0.060979199 0.007488527 0.998110712 32.607322693
0.997898638 0.021590907 -0.061086178 -78.293823242 -0.022057345 0.999732196 -0.006971630 0.306619644 0.060919501 0.008304384 0.998107910 33.384433746
0.997810364 0.021040861 -0.062699281 -78.347488403 -0.021524735 0.999743223 -0.007051852 0.288481086 0.062535018 0.008385999 0.998007298 34.158172607
0.997729838 0.018992357 -0.064606234 -78.404418945 -0.019454340 0.999789178 -0.006529081 0.270072639 0.064468831 0.007771134 0.997889221 34.943759918
0.997498572 0.020617690 -0.067608431 -78.468666077 -0.021130050 0.999752879 -0.006871899 0.255365789 0.067450263 0.008283284 0.997687995 35.733570099
0.997228384 0.024265533 -0.070328578 -78.536834717 -0.024821706 0.999666810 -0.007044912 0.232661098 0.070134431 0.008771067 0.997498691 36.508834839
0.997022986 0.024974400 -0.072944194 -78.607398987 -0.025905693 0.999593914 -0.011848881 0.210531443 0.072618887 0.013703283 0.997265399 37.291778564
0.996819437 0.026004180 -0.075326860 -78.677909851 -0.027242366 0.999509096 -0.015456697 0.192026436 0.074888177 0.017459627 0.997038841 38.082725525
0.996684432 0.025549147 -0.077244565 -78.749839783 -0.026940238 0.999491870 -0.017020624 0.167094439 0.076770678 0.019045187 0.996866584 38.889228821
0.996512532 0.025821922 -0.079342917 -78.821311951 -0.027125314 0.999513209 -0.015393474 0.140164122 0.078907028 0.017491998 0.996728241 39.709178925
0.996366024 0.024612298 -0.081536740 -78.892814636 -0.025876123 0.999559939 -0.014479618 0.113173507 0.081144705 0.016536862 0.996564865 40.532798767
0.996232152 0.024173396 -0.083285213 -78.964309692 -0.025343012 0.999593735 -0.013014839 0.095667280 0.082936995 0.015076507 0.996440470 41.352466583
0.996140540 0.023722857 -0.084501781 -79.039466858 -0.024615765 0.999651134 -0.009540346 0.076753020 0.084246203 0.011583608 0.996377349 42.185272217
0.996080637 0.023317518 -0.085317045 -79.118339539 -0.023798408 0.999705732 -0.004623590 0.054960266 0.085184358 0.006635883 0.996342838 43.035114288
0.996130049 0.023326539 -0.084735617 -79.191665649 -0.023615008 0.999717891 -0.002403435 0.035479449 0.084655873 0.004395170 0.996400297 43.879375458
0.996227384 0.025785383 -0.082858145 -79.266288757 -0.026067767 0.999657094 -0.002327758 0.021943424 0.082769938 0.004478907 0.996558368 44.728408813
0.996372104 0.025824636 -0.081086524 -79.339645386 -0.026215490 0.999648869 -0.003759041 0.007202572 0.080961205 0.005871132 0.996699691 45.593502045
0.996552646 0.023278689 -0.079624884 -79.411079407 -0.023832552 0.999697447 -0.006012426 -0.009818603 0.079461068 0.007889370 0.996806443 46.449069977
0.996783555 0.019392507 -0.077753738 -79.480918884 -0.020034872 0.999770761 -0.007489779 -0.031354949 0.077590905 0.009023481 0.996944129 47.318191528
0.996953070 0.018298406 -0.075821973 -79.551567078 -0.018943211 0.999789715 -0.007793542 -0.050115354 0.075663663 0.009206113 0.997090578 48.183544159
0.997064352 0.016437337 -0.074778132 -79.619934082 -0.016903482 0.999840915 -0.005604895 -0.069745228 0.074674353 0.006852455 0.997184098 49.046623230
0.997174203 0.013677293 -0.073862933 -79.685684204 -0.013946747 0.999897361 -0.003133283 -0.089766331 0.073812738 0.004154578 0.997263134 49.920043945
0.997236729 0.013248132 -0.073092788 -79.752822876 -0.013488707 0.999904633 -0.002798533 -0.111791134 0.073048986 0.003776728 0.997320890 50.767101288
0.997292757 0.014656872 -0.072051406 -79.824508667 -0.015125510 0.999867320 -0.005962712 -0.135051578 0.071954697 0.007036387 0.997382760 51.644882202
0.997301638 0.017410461 -0.071311921 -79.899406433 -0.018296650 0.999762535 -0.011792418 -0.155925766 0.071089923 0.013065375 0.997384012 52.492336273
0.997342825 0.019404255 -0.070212133 -79.968368530 -0.020658361 0.999638438 -0.017179647 -0.182601362 0.069853634 0.018584479 0.997383773 53.351070404
0.997288823 0.024035057 -0.069544539 -80.038909912 -0.025689716 0.999404848 -0.022996798 -0.210900471 0.068950675 0.024721047 0.997313380 54.204330444
0.997363210 0.024082592 -0.068452567 -80.102653503 -0.025770191 0.999382138 -0.023878129 -0.244803265 0.067835480 0.025579223 0.997368157 55.053394318
0.997438312 0.021035917 -0.068361901 -80.162918091 -0.022306895 0.999590635 -0.017881807 -0.273914933 0.067958012 0.019360956 0.997499883 55.900245667
0.997408152 0.020298500 -0.069021083 -80.222770691 -0.020950887 0.999741673 -0.008741081 -0.305316180 0.068826079 0.010164488 0.997576475 56.750698090
0.997345507 0.019567240 -0.070128448 -80.288276672 -0.019680783 0.999805212 -0.000928295 -0.335560918 0.070096880 0.002306018 0.997537136 57.596530914
0.997211099 0.017379610 -0.072572485 -80.352928162 -0.017665319 0.999837816 -0.003296736 -0.353855669 0.072503679 0.004569564 0.997357309 58.431236267
0.997149587 0.012678891 -0.074369319 -80.415336609 -0.013212661 0.999889612 -0.006689570 -0.375219434 0.074276559 0.007653126 0.997207940 59.264839172
0.996969104 0.011347458 -0.076958552 -80.482658386 -0.012011137 0.999893785 -0.008166363 -0.397916049 0.076857984 0.009065980 0.997000456 60.095085144
0.996717155 0.013165607 -0.079877764 -80.555267334 -0.014048676 0.999845445 -0.010503243 -0.423089087 0.079727411 0.011590952 0.996748924 60.917465210
0.996424198 0.014863435 -0.083167121 -80.635261536 -0.016071165 0.999773920 -0.013871045 -0.449788541 0.082942419 0.015158053 0.996438682 61.739879608
0.996071041 0.015243851 -0.087229319 -80.712745667 -0.016810438 0.999709070 -0.017252985 -0.475228935 0.086941220 0.018651582 0.996038437 62.550514221
0.995777190 0.017202891 -0.090170175 -80.798416138 -0.019181952 0.999592006 -0.021127498 -0.505380750 0.089770220 0.022767946 0.995701849 63.345664978
0.995388567 0.021623446 -0.093449742 -80.886558533 -0.023692297 0.999496102 -0.021086043 -0.536802709 0.092946991 0.023202874 0.995400250 64.145805359
0.994980991 0.024906974 -0.096908994 -80.977943420 -0.026904710 0.999449730 -0.019362479 -0.563768804 0.096373700 0.021872636 0.995104492 64.949340820
0.994530678 0.027807754 -0.100669965 -81.069869995 -0.029277653 0.999484062 -0.013152963 -0.594992995 0.100252569 0.016028430 0.994832516 65.753395081
0.994102657 0.028841874 -0.104532629 -81.166725159 -0.029786138 0.999527514 -0.007483028 -0.622825563 0.104267731 0.010552540 0.994492888 66.546730042
0.993598461 0.028351249 -0.109349325 -81.261054993 -0.028947290 0.999572694 -0.003866852 -0.643629313 0.109193280 0.007007481 0.993995488 67.334548950
0.992886782 0.027834205 -0.115758590 -81.361534119 -0.028354324 0.999593079 -0.002848560 -0.659950554 0.115632519 0.006110569 0.993272901 68.123046875
0.992254674 0.025621384 -0.121545210 -81.461975098 -0.025711585 0.999668241 0.000826498 -0.677919269 0.121526390 0.002305035 0.992585182 68.893218994
0.991422713 0.025984885 -0.128081292 -81.567451477 -0.026116051 0.999657929 0.000655540 -0.695331395 0.128054827 0.002695071 0.991763115 69.667510986
0.990492761 0.030907184 -0.134044141 -81.687942505 -0.031229008 0.999511480 -0.000298497 -0.714967906 0.133969739 0.004481738 0.990975022 70.439407349
0.989572048 0.032732863 -0.140266374 -81.807998657 -0.033634435 0.999425173 -0.004061128 -0.729929447 0.140053138 0.008736578 0.990105152 71.204338074
0.988755047 0.031717639 -0.146138474 -81.930854797 -0.033056077 0.999430001 -0.006738755 -0.748857021 0.145841777 0.011493764 0.989240885 71.967063904
0.987910867 0.033042420 -0.151457280 -82.056785583 -0.034648716 0.999366939 -0.007978044 -0.764155149 0.151098132 0.013129421 0.988431275 72.739021301
0.987127364 0.034841217 -0.156091973 -82.188911438 -0.035756692 0.999355018 -0.003060086 -0.777624786 0.155885026 0.008602047 0.987737417 73.506904602
0.986086309 0.035608161 -0.162373170 -82.319984436 -0.035901133 0.999353826 0.001130457 -0.794620097 0.162308872 0.004714669 0.986728370 74.262313843
0.985053778 0.034848031 -0.168682903 -82.455207825 -0.034794316 0.999388278 0.003275141 -0.813393891 0.168694228 0.002643030 0.985664546 75.016441345
0.983904421 0.032434944 -0.175725371 -82.594696045 -0.033043087 0.999452949 -0.000535003 -0.827124953 0.175612271 0.006332917 0.984438717 75.761070251
0.982415795 0.030715261 -0.184160411 -82.739433289 -0.032667793 0.999436677 -0.007576906 -0.839531541 0.183824360 0.013459808 0.982866585 76.492118835
0.980758190 0.028382637 -0.193150744 -82.892539978 -0.030759949 0.999482453 -0.009319611 -0.858036160 0.192786694 0.015081612 0.981124401 77.227775574
0.978599608 0.028092813 -0.203845277 -83.052307129 -0.029986383 0.999530196 -0.006205774 -0.876154721 0.203575596 0.012185568 0.978982985 77.961463928
0.976278603 0.028011393 -0.214696988 -83.226783752 -0.028699983 0.999587178 -0.000089975 -0.887017131 0.214606285 0.006249653 0.976680219 78.705039978
0.973563552 0.030051403 -0.226429418 -83.403884888 -0.029024404 0.999546826 0.007864344 -0.900808096 0.226563603 -0.001084452 0.973995328 79.418792725
0.970921934 0.031161772 -0.237358183 -83.594650269 -0.029273627 0.999504626 0.011476168 -0.918203413 0.237598687 -0.004194123 0.971353889 80.131828308
0.968006372 0.034426287 -0.248551756 -83.797874451 -0.033718027 0.999405146 0.007107507 -0.931924999 0.248649091 0.001500574 0.968592048 80.834846497
0.964864492 0.034150593 -0.260517985 -84.002418518 -0.035864871 0.999354005 -0.001827790 -0.945637703 0.260287791 0.011107034 0.965466738 81.536460876
0.961546719 0.032047898 -0.272763908 -84.212654114 -0.035202809 0.999356925 -0.006679135 -0.953560174 0.272374958 0.016024381 0.962057292 82.234886169
0.958085358 0.030823767 -0.284818530 -84.430892944 -0.032722931 0.999461651 -0.001910525 -0.960216165 0.284606814 0.011150561 0.958579004 82.946624756
0.954627633 0.031943571 -0.296082556 -84.664802551 -0.031650025 0.999481261 0.005785707 -0.976804376 0.296114296 0.003847836 0.955144286 83.666618347
0.950917244 0.031407449 -0.307845920 -84.905693054 -0.029481838 0.999504864 0.010905268 -0.978013098 0.308036476 -0.001294138 0.951373160 84.373794556
0.946866572 0.029012546 -0.320314199 -85.155632019 -0.027508792 0.999578118 0.009219643 -0.990624011 0.320447028 0.000081692 0.947265923 85.074546814
0.943022907 0.027147673 -0.331617177 -85.409034729 -0.027134320 0.999619901 0.004671355 -0.995349228 0.331618458 0.004593023 0.943401933 85.776947021
0.939816475 0.023144102 -0.340893656 -85.664268494 -0.025363281 0.999675155 -0.002054042 -1.007518411 0.340735942 0.010576620 0.940099120 86.465133667
0.937021792 0.019265853 -0.348738074 -85.922927856 -0.023479940 0.999692380 -0.007860484 -1.017322183 0.348479897 0.015553812 0.937186778 87.154487610
0.934309781 0.019620089 -0.355920702 -86.197265625 -0.024656896 0.999648631 -0.009619959 -1.035066485 0.355607450 0.017763941 0.934466183 87.855361938
0.931247950 0.024934493 -0.363530993 -86.486557007 -0.030494116 0.999488115 -0.009561256 -1.053976893 0.363107055 0.019989479 0.931532621 88.547950745
0.928136349 0.024730079 -0.371417165 -86.773506165 -0.029531393 0.999536455 -0.007243874 -1.069583297 0.371066421 0.017691787 0.928437412 89.241790771
0.924942315 0.025413148 -0.379256189 -87.068130493 -0.027766496 0.999612987 -0.000735776 -1.078964829 0.379091322 0.011211177 0.925290942 89.947052002
0.922174811 0.027107516 -0.385821462 -87.369514465 -0.026257591 0.999626100 0.007473243 -1.087939262 0.385880411 0.003239108 0.922542751 90.651718140
0.919439077 0.036953483 -0.391491413 -87.688110352 -0.033986837 0.999315798 0.014507137 -1.103280067 0.391760260 -0.000032875 0.920066953 91.347198486
0.916760802 0.043801192 -0.397026867 -88.012329102 -0.042730417 0.999018729 0.011547538 -1.112262726 0.397143692 0.006378801 0.917733908 92.033599854
0.914359808 0.040245466 -0.402896643 -88.320899963 -0.042266734 0.999097645 0.003877393 -1.116110563 0.402689785 0.013483810 0.915236831 92.712974548
0.912455440 0.032423854 -0.407888651 -88.633575439 -0.037072953 0.999305248 -0.003496152 -1.124232769 0.407492578 0.018311741 0.913024545 93.405776978
0.910788894 0.032983888 -0.411551923 -88.958358765 -0.038031902 0.999266982 -0.004080351 -1.132986546 0.411116362 0.019368466 0.911376774 94.095932007
0.908515453 0.038975477 -0.416028887 -89.294670105 -0.042371664 0.999100149 0.001070001 -1.144282103 0.415696949 0.016655745 0.909350395 94.788421631
0.905988097 0.041393366 -0.421273917 -89.624938965 -0.043073628 0.999055386 0.005531155 -1.157580256 0.421105653 0.013134650 0.906916261 95.482116699
0.903761566 0.037972182 -0.426348060 -89.954803467 -0.040265668 0.999181211 0.003636892 -1.173181295 0.426137775 0.013880321 0.904551566 96.176383972
0.901445091 0.036282372 -0.431369811 -90.288269043 -0.041491885 0.999134123 -0.002669740 -1.185747147 0.430900156 0.020304995 0.902170897 96.856262207
