1.000000000 0.000000000 0.000000000 0.000000000 0.000000000 1.000000000 0.000000000 0.000000000 0.000000000 0.000000000 1.000000000 0.000000000
0.999984145 0.000006331 -0.005627631 -0.010785931 -0.000157405 0.999639571 -0.026845017 -0.000903391 0.005625432 0.026845478 0.999623775 0.761645734
0.999956012 -0.002014275 -0.009153597 -0.019606508 0.001674450 0.999314487 -0.036982019 -0.009695496 0.009221814 0.036965068 0.999274015 1.550982237
0.999923646 -0.002030463 -0.012183569 -0.037330478 0.001703946 0.999640703 -0.026750524 -0.038659781 0.012233507 0.026727729 0.999567926 2.364446402
0.999878526 -0.000654807 -0.015569469 -0.058036476 0.000433005 0.999898434 -0.014245089 -0.071198210 0.015577216 0.014236623 0.999777377 3.181929111
0.999833882 0.000526978 -0.018217713 -0.080221206 -0.000713617 0.999947309 -0.010239936 -0.098570585 0.018211357 0.010251241 0.999781668 4.000648022
0.999825418 -0.000355039 -0.018677471 -0.100524344 0.000110666 0.999914348 -0.013083270 -0.121074021 0.018680518 0.013078924 0.999740005 4.821440697
0.999832749 -0.000545592 -0.018274004 -0.118359707 0.000250669 0.999869764 -0.016137369 -0.141359508 0.018280428 0.016130097 0.999702811 5.636905193
0.999842942 -0.000653435 -0.017701445 -0.139602095 0.000356330 0.999859095 -0.016782200 -0.164680496 0.017709916 0.016773265 0.999702513 6.462713242
0.999845564 -0.000420859 -0.017557673 -0.162947357 0.000142550 0.999874353 -0.015849380 -0.189270020 0.017562136 0.015844438 0.999720275 7.317044258
0.999848306 -0.001266553 -0.017362783 -0.183109313 0.001002318 0.999883711 -0.015218761 -0.212912560 0.017380038 0.015199058 0.999733448 8.163401604
0.999849379 -0.001772716 -0.017256614 -0.203088045 0.001499763 0.999873817 -0.015817458 -0.237858862 0.017282477 0.015789203 0.999725997 9.030129433
0.999844074 -0.002227920 -0.017511033 -0.226898730 0.001936083 0.999859273 -0.016665226 -0.262798280 0.017545698 0.016628733 0.999707758 9.891106606
0.999838293 -0.002393175 -0.017815700 -0.252717257 0.002087377 0.999850571 -0.017163336 -0.287334979 0.017854111 0.017123383 0.999693930 10.763029099
0.999825895 -0.002336782 -0.018504266 -0.267885983 0.002022774 0.999854028 -0.016970063 -0.309186846 0.018541219 0.016929686 0.999684751 11.648304939
0.999825358 -0.001841340 -0.018588921 -0.294259906 0.001543820 0.999870718 -0.016006883 -0.334617674 0.018615993 0.015975397 0.999699056 12.525190353
0.999831736 -0.001594808 -0.018267123 -0.317291737 0.001300225 0.999869108 -0.016126961 -0.361728251 0.018290453 0.016100502 0.999703050 13.426717758
0.999836743 -0.002225647 -0.017924422 -0.339898139 0.001921190 0.999853969 -0.016984917 -0.388578445 0.017959610 0.016947715 0.999695063 14.327657700
0.999842048 -0.001807039 -0.017672246 -0.363456696 0.001484433 0.999832392 -0.018251089 -0.413621694 0.017702267 0.018221982 0.999677241 15.238856316
0.999843180 -0.002026254 -0.017586503 -0.388949782 0.001696612 0.999823093 -0.018738806 -0.442553550 0.017621363 0.018706039 0.999669731 16.169942856
0.999831855 -0.002728350 -0.018126020 -0.408977062 0.002392174 0.999825299 -0.018542510 -0.471753269 0.018173445 0.018496038 0.999663711 17.110082626
0.999803662 -0.005209754 -0.019110041 -0.428780049 0.004857128 0.999817967 -0.018452689 -0.502032042 0.019202698 0.018356254 0.999647081 18.053941727
0.999776423 -0.005621002 -0.020376237 -0.455655038 0.005248475 0.999818921 -0.018290112 -0.531970322 0.020475361 0.018179085 0.999625027 19.004619598
0.999744117 -0.007290870 -0.021405436 -0.482428551 0.006899595 0.999808788 -0.018296642 -0.559774041 0.021534748 0.018144278 0.999603391 19.975313187
0.999706328 -0.008258761 -0.022773359 -0.509051025 0.007840154 0.999799788 -0.018409956 -0.588084519 0.022920847 0.018226009 0.999571085 20.956249237
0.999658167 -0.009859972 -0.024207192 -0.536717057 0.009426421 0.999794245 -0.017959366 -0.617959023 0.024379296 0.017725043 0.999545574 21.938367844
0.999600828 -0.010856837 -0.026077356 -0.570487022 0.010404770 0.999794304 -0.017409276 -0.647921741 0.026261007 0.017131001 0.999508262 22.926776886
0.999543905 -0.010145591 -0.028438335 -0.607845962 0.009697871 0.999827564 -0.015837563 -0.675128460 0.028594118 0.015554550 0.999470055 23.941555023
0.999462605 -0.008542248 -0.031641524 -0.654026926 0.008070999 0.999855101 -0.014991365 -0.701555312 0.031765003 0.014727932 0.999386847 24.962589264
0.999329746 -0.009248780 -0.035413388 -0.700534284 0.008680747 0.999831736 -0.016160423 -0.730140984 0.035556901 0.015842179 0.999242067 25.984888077
0.999157667 -0.008038341 -0.040235110 -0.751431346 0.007220593 0.999765217 -0.020428486 -0.760635078 0.040389881 0.020120759 0.998981357 27.032770157
0.998906732 -0.008028885 -0.046047978 -0.809072196 0.006983286 0.999715090 -0.022822842 -0.788718343 0.046218108 0.022476327 0.998678446 28.089689255
0.998579741 -0.009451902 -0.052427705 -0.866167963 0.008398562 0.999759078 -0.020275371 -0.821761072 0.052606728 0.019806260 0.998418868 29.151321411
0.998297811 -0.009152318 -0.057594806 -0.938604772 0.008200657 0.999826193 -0.016738126 -0.854029834 0.057738002 0.016237320 0.998199761 30.243980408
0.998061776 -0.009286706 -0.061529469 -1.016264439 0.008338516 0.999842703 -0.015649259 -0.883942187 0.061665136 0.015105864 0.997982621 31.339427948
0.997929275 -0.007027767 -0.063930959 -1.096992731 0.006031834 0.999857545 -0.015757954 -0.916177392 0.064032607 0.015339704 0.997829914 32.441551208
0.997886479 -0.005972787 -0.064701587 -1.178712964 0.005029533 0.999878705 -0.014731621 -0.948590636 0.064781740 0.014375068 0.997795939 33.567104340
0.997881532 -0.004956381 -0.064863667 -1.258815169 0.004095104 0.999901652 -0.013404489 -0.983252764 0.064923733 0.013110469 0.997804105 34.686599731
0.997921288 -0.004260899 -0.064298928 -1.333264112 0.003450503 0.999913156 -0.012709356 -1.015761018 0.064347506 0.012461074 0.997849762 35.798931122
0.997979522 -0.004506659 -0.063370913 -1.408576727 0.003708057 0.999912143 -0.012713994 -1.050123096 0.063422658 0.012453323 0.997909069 36.897865295
0.998039246 -0.005216814 -0.062367644 -1.483104825 0.004404727 0.999903619 -0.013151371 -1.084294081 0.062430255 0.012850872 0.997966588 38.004547119
0.998116493 -0.006146468 -0.061032251 -1.554312348 0.005318875 0.999891639 -0.013713161 -1.118903875 0.061109938 0.013362710 0.998041570 39.110607147
0.998195589 -0.006599979 -0.059675936 -1.625162244 0.005779523 0.999886394 -0.013910701 -1.154473066 0.059760977 0.013540705 0.998120844 40.227985382
0.998275161 -0.007362782 -0.058237679 -1.699084282 0.006576272 0.999884605 -0.013685322 -1.182901621 0.058331724 0.013278734 0.998208880 41.342987061
0.998351634 -0.007623043 -0.056877553 -1.770747662 0.006876139 0.999887586 -0.013315985 -1.214945316 0.056972671 0.012902941 0.998292267 42.451580048
0.998426735 -0.008010299 -0.055489868 -1.838723779 0.007269826 0.999881864 -0.013533358 -1.247158170 0.055591725 0.013108668 0.998367429 43.561740875
0.998471856 -0.008241887 -0.054636143 -1.908854246 0.007501198 0.999877214 -0.013748058 -1.278758764 0.054742754 0.013317217 0.998411536 44.675388336
0.998508811 -0.008676798 -0.053888734 -1.974226832 0.007954369 0.999875605 -0.013606017 -1.311915994 0.054000098 0.013157081 0.998454094 45.770458221
0.998529017 -0.009227171 -0.053421184 -2.039239883 0.008504765 0.999869287 -0.013734467 -1.345676661 0.053540949 0.013259932 0.998477459 46.876876831
0.998546422 -0.009030979 -0.053127825 -2.097587347 0.008292779 0.999865949 -0.014098913 -1.382234573 0.053248052 0.013637845 0.998488009 47.970302582
0.998574495 -0.009116948 -0.052581429 -2.159660339 0.008403935 0.999869704 -0.013765407 -1.416238070 0.052700095 0.013303896 0.998521626 49.076679230
0.998583198 -0.009381588 -0.052368756 -2.218152285 0.008687722 0.999871433 -0.013461595 -1.452616453 0.052488331 0.012987562 0.998536944 50.177242279
0.998622179 -0.008767468 -0.051727861 -2.286555052 0.008057510 0.999870479 -0.013917529 -1.486718893 0.051843200 0.013481559 0.998564124 51.270141602
0.998630285 -0.009427970 -0.051454473 -2.347717285 0.008679990 0.999853432 -0.014740946 -1.522951365 0.051585928 0.014274134 0.998566449 52.360836029
0.998617589 -0.010031871 -0.051587563 -2.412066936 0.009306049 0.999854386 -0.014290751 -1.555217028 0.051723432 0.013790921 0.998566091 53.453029633
0.998531401 -0.011260145 -0.052983671 -2.478589058 0.010570509 0.999855757 -0.013278360 -1.588134646 0.053125564 0.012698798 0.998506963 54.556697845
0.998339713 -0.013260203 -0.056044642 -2.543883324 0.012538056 0.999833822 -0.013217359 -1.624104500 0.056210615 0.012492725 0.998340607 55.638263702
0.998029530 -0.016408380 -0.060554586 -2.611438274 0.015557501 0.999773681 -0.014496405 -1.658884287 0.060778767 0.013525763 0.998059452 56.714633942
0.997602761 -0.018601267 -0.066647589 -2.687788486 0.017536413 0.999709427 -0.016527131 -1.693257332 0.066935673 0.015318751 0.997639596 57.786540985
0.997048557 -0.021492451 -0.073698267 -2.773388624 0.020235183 0.999637246 -0.017764358 -1.731444359 0.074053355 0.016220627 0.997122288 58.849964142
0.996519089 -0.021273537 -0.080599949 -2.867303133 0.019985000 0.999659657 -0.016760217 -1.766701102 0.080929101 0.015091082 0.996605575 59.918979645
0.996060610 -0.019455338 -0.086509451 -2.968756914 0.018267276 0.999727845 -0.014504035 -1.802011609 0.086768113 0.012866601 0.996145427 60.983398438
0.995731294 -0.016316276 -0.090840973 -3.079034090 0.015109655 0.999788344 -0.013954864 -1.836915016 0.091049470 0.012522714 0.995767653 62.035491943
0.995537519 -0.014596962 -0.093225762 -3.187328815 0.013253397 0.999799252 -0.015014999 -1.870193243 0.093426257 0.013712432 0.995531738 63.098228455
0.995478570 -0.012491001 -0.094156273 -3.295412540 0.010893649 0.999788046 -0.017459970 -1.905598044 0.094354443 0.016355319 0.995404243 64.159698486
0.995534956 -0.011450709 -0.093691237 -3.401808023 0.009737349 0.999777079 -0.018724181 -1.940999150 0.093884788 0.017728269 0.995425165 65.209655762
0.995705545 -0.012008368 -0.091788888 -3.502670765 0.010386718 0.999781609 -0.018124610 -1.978900075 0.091986515 0.017093388 0.995613456 66.261344910
0.995998204 -0.011705754 -0.088597655 -3.599112988 0.010278057 0.999809980 -0.016553590 -2.018941879 0.088774621 0.015576731 0.995929837 67.299110413
0.996466100 -0.011957818 -0.083133563 -3.696002007 0.010723778 0.999825656 -0.015274885 -2.051939487 0.083301753 0.014329396 0.996421278 68.334457397
0.996964872 -0.009565860 -0.077255286 -3.779033899 0.008417505 0.999849260 -0.015176522 -2.084540844 0.077388838 0.014480160 0.996895730 69.376487732
0.997539163 -0.009613424 -0.069441035 -3.859695673 0.008558704 0.999843538 -0.015470434 -2.119273663 0.069578916 0.014838036 0.997466028 70.413276672
0.998139501 -0.007689798 -0.060475521 -3.930477142 0.006769936 0.999858320 -0.015400846 -2.150130510 0.060585398 0.014962776 0.998050809 71.453430176
0.998741508 -0.005090259 -0.049883775 -3.992914677 0.004322210 0.999870539 -0.015492717 -2.181024075 0.049956188 0.015257609 0.998634815 72.484718323
0.999230266 -0.004210921 -0.038986124 -4.040148735 0.003630512 0.999881625 -0.014946615 -2.213953018 0.039044447 0.014793569 0.999127865 73.520156860
0.999608338 -0.003427554 -0.027752828 -4.074447632 0.003022834 0.999888599 -0.014612122 -2.247538567 0.027799815 0.014522506 0.999507904 74.562797546
0.999852836 -0.002651369 -0.016911734 -4.099831104 0.002397601 0.999884427 -0.015008450 -2.280070543 0.016949562 0.014965693 0.999744177 75.606613159
0.999972701 -0.002969308 -0.006672652 -4.116523743 0.002863525 0.999870837 -0.015808064 -2.313457251 0.006718714 0.015788525 0.999852598 76.649406433
0.999984086 -0.005158811 0.002007638 -4.122529507 0.005192240 0.999841630 -0.017013799 -2.349641800 -0.001919569 0.017023953 0.999853075 77.687484741
0.999938309 -0.006698334 0.008795329 -4.114203930 0.006852105 0.999822021 -0.017570112 -2.382634163 -0.008676097 0.017629296 0.999806762 78.741470337
0.999855042 -0.010714785 0.013187768 -4.100444317 0.010942657 0.999789774 -0.017329013 -2.418017626 -0.012999345 0.017470811 0.999762714 79.809112549
0.999793947 -0.013621151 0.015010489 -4.087038040 0.013871603 0.999764025 -0.016708419 -2.452130079 -0.014779385 0.016913196 0.999747574 80.875343323
0.999749422 -0.016254369 0.015352095 -4.078434467 0.016506476 0.999728441 -0.016439458 -2.484333277 -0.015080739 0.016688749 0.999746799 81.932067871
0.999758959 -0.016611192 0.014312290 -4.065018177 0.016830148 0.999740899 -0.015315357 -2.516796589 -0.014054201 0.015552547 0.999780059 83.001747131
0.999771535 -0.017237196 0.012593416 -4.049916267 0.017429708 0.999730289 -0.015339236 -2.550478458 -0.012325639 0.015555236 0.999802828 84.061088562
0.999803066 -0.016929874 0.010302551 -4.048346996 0.017095219 0.999722838 -0.016177228 -2.582908392 -0.010025841 0.016350171 0.999815822 85.131835938
0.999829233 -0.016945612 0.007305265 -4.049078465 0.017070562 0.999702871 -0.017393943 -2.614146948 -0.007008366 0.017515682 0.999821782 86.202766418
0.999847770 -0.017074700 0.003470998 -4.049355984 0.017135171 0.999687254 -0.018207606 -2.646081209 -0.003159044 0.018264312 0.999827921 87.283378601
0.999829888 -0.018413797 -0.000429265 -4.055168629 0.018402891 0.999663532 -0.018271843 -2.680137157 0.000765555 0.018260838 0.999832630 88.374771118
0.999804974 -0.019210164 -0.004485116 -4.066016197 0.019125842 0.999652267 -0.018143732 -2.710856915 0.004832082 0.018054415 0.999825001 89.460487366
0.999785602 -0.018735316 -0.008765219 -4.078372478 0.018579518 0.999673486 -0.017531406 -2.744870424 0.009090794 0.017364796 0.999807537 90.552291870
0.999746680 -0.018593309 -0.012647376 -4.100415707 0.018373564 0.999681711 -0.017275233 -2.780004740 0.012964537 0.017038479 0.999770403 91.647735596
0.999722004 -0.017368181 -0.015916670 -4.127491951 0.017105909 0.999717772 -0.016468963 -2.809373140 0.016198197 0.016192116 0.999737322 92.758392334
0.999697208 -0.015790958 -0.018849578 -4.160191536 0.015507615 0.999765694 -0.015084943 -2.843453884 0.019083355 0.014788063 0.999708176 93.847648621
0.999674141 -0.015079260 -0.020577831 -4.195863247 0.014780598 0.999784112 -0.014589959 -2.880419254 0.020793380 0.014281051 0.999681473 94.966667175
0.999652386 -0.014240051 -0.022168310 -4.227375507 0.013903104 0.999786377 -0.015280552 -2.915995121 0.022381153 0.014967032 0.999637187 96.060653687
0.999601424 -0.015041403 -0.023873003 -4.261689186 0.014656051 0.999760628 -0.016235840 -2.952829361 0.024111483 0.015879484 0.999582887 97.165328979
0.999555290 -0.016052354 -0.025113242 -4.297143936 0.015649514 0.999746859 -0.016156467 -2.985708237 0.025366219 0.015756272 0.999553800 98.255165100
0.999530077 -0.016067598 -0.026087942 -4.328665733 0.015669022 0.999758303 -0.015411820 -3.020802259 0.026329253 0.014995805 0.999540567 99.348236084
0.999501646 -0.016279615 -0.027030224 -4.360168457 0.015893940 0.999769509 -0.014422745 -3.055851698 0.027258774 0.013985939 0.999530256 100.435905457
0.999492645 -0.016556585 -0.027194154 -4.395593643 0.016182303 0.999771953 -0.013926592 -3.089614630 0.027418511 0.013479460 0.999532878 101.528854370
0.999512792 -0.015075928 -0.027315602 -4.432679176 0.014723517 0.999806285 -0.013057343 -3.121459007 0.027507141 0.012648797 0.999541342 102.614234924
0.999546289 -0.013300869 -0.027011588 -4.470814705 0.012986361 0.999846160 -0.011786119 -3.156054735 0.027164176 0.011429986 0.999565423 103.701881409
0.999546409 -0.013118212 -0.027097637 -4.504626274 0.012790026 0.999843180 -0.012249719 -3.187612057 0.027254060 0.011897581 0.999557495 104.782409668
0.999548614 -0.013604958 -0.026776463 -4.543102264 0.013230826 0.999813080 -0.014100782 -3.222043514 0.026963277 0.013740140 0.999541700 105.866729736
0.999520004 -0.014971069 -0.027114127 -4.572621346 0.014576199 0.999785721 -0.014703329 -3.257279873 0.027328417 0.014301049 0.999523938 106.935287476
0.999482751 -0.017262192 -0.027124157 -4.604448795 0.016863164 0.999747276 -0.014872241 -3.289958477 0.027374003 0.014407149 0.999521196 108.007972717
0.999450326 -0.019128898 -0.027067732 -4.639198780 0.018766044 0.999731541 -0.013597193 -3.323086500 0.027320540 0.013081764 0.999540865 109.070114136
0.999433815 -0.019872392 -0.027141495 -4.673044205 0.019550804 0.999736190 -0.012063568 -3.355540276 0.027374040 0.011526098 0.999558508 110.131423950
0.999409676 -0.021186858 -0.027035385 -4.708736420 0.020888206 0.999718308 -0.011282421 -3.388736725 0.027266782 0.010711038 0.999570549 111.186103821
0.999400914 -0.021512158 -0.027102448 -4.741781235 0.021241896 0.999722242 -0.010221263 -3.419527531 0.027314775 0.009639430 0.999580204 112.230895996
0.999386847 -0.021917596 -0.027294252 -4.774469376 0.021652419 0.999715924 -0.009974117 -3.447155476 0.027505081 0.009377014 0.999577463 113.264091492
0.999356031 -0.022496413 -0.027944313 -4.809320927 0.022235336 0.999706626 -0.009619285 -3.478167295 0.028152490 0.008991739 0.999562979 114.288734436
0.999313474 -0.023141306 -0.028922414 -4.846031666 0.022883266 0.999695778 -0.009221709 -3.508317709 0.029126991 0.008553538 0.999538898 115.297157288
0.999254465 -0.023853961 -0.030347751 -4.878887177 0.023599215 0.999683559 -0.008725500 -3.537771225 0.030546259 0.008002811 0.999501109 116.299827576
0.999222755 -0.023153907 -0.031893153 -4.916846275 0.022895157 0.999702275 -0.008455000 -3.566576004 0.032079395 0.007718229 0.999455273 117.279617310
0.999161899 -0.023261167 -0.033670451 -4.955368519 0.022974303 0.999696791 -0.008882204 -3.596619129 0.033866819 0.008101204 0.999393284 118.245765686
0.999075770 -0.024271296 -0.035464760 -4.993550301 0.023958931 0.999670744 -0.009206856 -3.625138998 0.035676509 0.008348648 0.999328256 119.199859619
0.999009132 -0.024001209 -0.037467789 -5.037474632 0.023689738 0.999681354 -0.008735428 -3.652392626 0.037665479 0.007839167 0.999259353 120.139900208
0.998953700 -0.023285776 -0.039348643 -5.078101158 0.022964586 0.999699473 -0.008595448 -3.681202650 0.039536938 0.007682827 0.999188244 121.065696716
0.998884737 -0.022567989 -0.041461766 -5.119576454 0.022248089 0.999719322 -0.008161164 -3.708032846 0.041634277 0.007229614 0.999106407 121.961326599
0.998819888 -0.021730481 -0.043423869 -5.165102482 0.021378430 0.999734998 -0.008555615 -3.735441208 0.043598246 0.007617182 0.999019742 122.839981079
0.998778284 -0.020079711 -0.045141239 -5.211621284 0.019715646 0.999769628 -0.008496047 -3.762466192 0.045301404 0.007595677 0.998944104 123.698921204
0.998744547 -0.019266363 -0.046229269 -5.261643410 0.018862735 0.999780297 -0.009151622 -3.791722775 0.046395399 0.008268121 0.998888552 124.532218933
0.998717546 -0.017849246 -0.047366951 -5.306394100 0.017364128 0.999792814 -0.010633608 -3.820045233 0.047546905 0.009797485 0.998820603 125.358169556
0.998714626 -0.016840290 -0.047795832 -5.353932381 0.016318318 0.999803185 -0.011290201 -3.846684694 0.047976520 0.010495740 0.998792946 126.183036804
0.998732209 -0.015670223 -0.047825675 -5.400574684 0.015166956 0.999825954 -0.010867795 -3.871961355 0.047987621 0.010128645 0.998796165 126.994888306
0.998738289 -0.015297073 -0.047818407 -5.447174072 0.014881507 0.999848485 -0.009034517 -3.896722794 0.047949329 0.008311506 0.998814762 127.793190002
0.998807430 -0.013269684 -0.046971548 -5.492106438 0.012943962 0.999890089 -0.007231888 -3.921602488 0.047062315 0.006615263 0.998869658 128.565231323
0.998948216 -0.010242323 -0.044679232 -5.541136742 0.010000122 0.999934077 -0.005641039 -3.942767382 0.044734027 0.005188304 0.998985112 129.312194824
0.999102771 -0.008479826 -0.041478787 -5.577619076 0.008361240 0.999960423 -0.003031589 -3.963614941 0.041502811 0.002682050 0.999134421 130.034790039
0.999268830 -0.007192559 -0.037533037 -5.603204727 0.007161881 0.999973893 -0.000951705 -3.980172157 0.037538860 0.000682196 0.999294579 130.727737427
0.999452472 -0.005264341 -0.032645866 -5.629432201 0.005287865 0.999985814 0.000634372 -4.002451897 0.032642018 -0.000806657 0.999466419 131.378555298
0.999637067 -0.003353727 -0.026706804 -5.654432297 0.003362769 0.999994338 0.000293803 -4.023438454 0.026705615 -0.000383510 0.999642909 132.013427734
0.999798298 -0.002272743 -0.019923214 -5.665250778 0.002254318 0.999997020 -0.000946976 -4.038748741 0.019925253 0.000901866 0.999800682 132.622924805
0.999921262 -0.003250407 -0.012066849 -5.669832706 0.003232720 0.999993682 -0.001484673 -4.051205635 0.012071543 0.001445542 0.999925733 133.189331055
0.999988735 -0.003245586 -0.003276630 -5.668422222 0.003236335 0.999990761 -0.002823617 -4.066005707 0.003285706 0.002812976 0.999990284 133.727081299
0.999974847 -0.002918067 0.006371361 -5.663666725 0.002941717 0.999988794 -0.003706268 -4.080734253 -0.006360536 0.003724912 0.999972522 134.231918335
0.999850512 -0.003694576 0.016857378 -5.651782513 0.003742762 0.999988973 -0.002827965 -4.093829632 -0.016846810 0.002890630 0.999853611 134.705856323
0.999622345 -0.002205520 0.027369639 -5.635515213 0.002265417 0.999995112 -0.002157772 -4.105808735 -0.027364813 0.002218956 0.999622762 135.154830933
0.999228835 -0.002491275 0.039170660 -5.615348339 0.002589793 0.999993622 -0.002464662 -4.118508339 -0.039164342 0.002564200 0.999229193 135.572357178
0.998670220 -0.000225332 0.051541965 -5.591610432 0.000395725 0.999994457 -0.003295806 -4.127092838 -0.051541016 0.003311814 0.998665094 135.967056274
0.997771382 -0.001925996 0.066689588 -5.555782318 0.002064124 0.999995828 -0.002002422 -4.135086060 -0.066685542 0.002135609 0.997771442 136.350357056
0.996472299 -0.002467201 0.083879933 -5.511865139 0.002470491 0.999996901 0.000064528 -4.141674519 -0.083879918 0.000142918 0.996475577 136.727233887
0.994615316 -0.003084417 0.103585079 -5.461054325 0.003021987 0.999995112 0.000759595 -4.151021957 -0.103587002 -0.000442479 0.994620025 137.091751099
0.991920412 -0.001301834 0.126851127 -5.403153896 0.001458114 0.999998271 -0.001139178 -4.159920692 -0.126849517 0.001314931 0.991920829 137.450744629
0.988118649 0.006210414 0.153564587 -5.343922138 -0.005830017 0.999978721 -0.002927352 -4.165881157 -0.153579593 0.001997280 0.988134027 137.798019409
0.983283341 0.011848372 0.181693763 -5.271247387 -0.010521330 0.999910474 -0.008265935 -4.184327126 -0.181775525 0.006216090 0.983320177 138.145690918
0.977371633 0.014323097 0.211041749 -5.183138371 -0.010317605 0.999745309 -0.020068638 -4.204617500 -0.211275563 0.017437069 0.977270722 138.464416504
0.969850361 0.012821592 0.243361652 -5.075729370 -0.004524767 0.999390185 -0.034621034 -4.223855972 -0.243657291 0.032476068 0.969317257 138.770996094
0.960811019 0.012455982 0.276922584 -4.961040497 0.001299076 0.998776555 -0.049432278 -4.234638691 -0.277199686 0.047854826 0.959619582 139.063293457
0.950012505 0.012916258 0.311943233 -4.833924770 0.005321340 0.998328805 -0.057542570 -4.245051861 -0.312165320 0.056326121 0.948356330 139.362945557
0.936795652 0.016049433 0.349507511 -4.701034069 0.005118325 0.998211741 -0.059556838 -4.250958920 -0.349838495 0.057581481 0.935038447 139.654830933
0.920726001 0.021437271 0.389619410 -4.561140060 0.002108670 0.998201787 -0.059905212 -4.257670403 -0.390203118 0.055977866 0.919025302 139.941116333
0.902520895 0.023464313 0.430005342 -4.405793667 0.003458384 0.998087347 -0.061721794 -4.268164158 -0.430631310 0.057192337 0.900713682 140.211608887
0.881920159 0.016245242 0.471117854 -4.226449013 0.012735356 0.998220026 -0.058261212 -4.289199352 -0.471225917 0.057381593 0.880143642 140.465972900
0.857282281 0.005685286 0.514814436 -4.024144650 0.022717068 0.998547316 -0.048856389 -4.317277431 -0.514344513 0.053578787 0.855907917 140.718841553
0.829465330 -0.001316418 0.558555841 -3.808215618 0.027648821 0.998867989 -0.038704850 -4.344879627 -0.557872772 0.047547735 0.828562915 140.952255249
0.796156287 -0.002098617 0.605086625 -3.590820551 0.026953418 0.999124229 -0.031999320 -4.358477592 -0.604489803 0.041785609 0.795515776 141.178863525
0.756108344 -0.000149463 0.654445708 -3.361176729 0.023303997 0.999371707 -0.026695848 -4.374253273 -0.654030800 0.035436150 0.755636990 141.395996094
0.709735572 -0.002036859 0.704464495 -3.109062195 0.021573156 0.999589384 -0.018844411 -4.382433414 -0.704137206 0.028572060 0.709488332 141.591049194
0.658055902 -0.009735087 0.752905428 -2.835440397 0.022412710 0.999726295 -0.006662719 -4.386473179 -0.752634943 0.021259079 0.658094227 141.760421753
0.601628482 -0.020414593 0.798514485 -2.543377876 0.025701454 0.999650121 0.006192398 -4.385985374 -0.798361957 0.016797442 0.601942956 141.911758423
0.541781843 -0.030017054 0.839982390 -2.236447096 0.029568709 0.999423802 0.016643163 -4.384829044 -0.839998364 0.015820213 0.542357504 142.040786743
0.478394568 -0.033997811 0.877486050 -1.928782940 0.029109465 0.999314725 0.022847880 -4.385383606 -0.877661943 0.014612828 0.479056597 142.146331787
0.411585420 -0.037731539 0.910589218 -1.612288594 0.026914213 0.999209702 0.029238448 -4.385171890 -0.910973251 0.012473655 0.412275791 142.233276367
0.342497528 -0.041860871 0.938585103 -1.282738209 0.023526818 0.999075413 0.035973597 -4.381329536 -0.939223707 0.009761034 0.343165815 142.310806274
0.273058861 -0.046710454 0.960862041 -0.950879216 0.022085398 0.998861253 0.042281453 -4.377022743 -0.961743414 0.009675680 0.273779571 142.350021362
0.205076456 -0.048336554 0.977551043 -0.620170593 0.016747676 0.998806417 0.045874130 -4.368631363 -0.978602290 0.006963986 0.205641195 142.370971680
0.140687436 -0.047954418 0.988891363 -0.275713116 0.014028082 0.998822153 0.046440240 -4.351360321 -0.989954293 0.007338675 0.141194373 142.375885010
0.081424259 -0.046609864 0.995588422 0.070488364 0.010750726 0.998888433 0.045885097 -4.336151123 -0.996621192 0.006967123 0.081834733 142.361877441
0.024557214 -0.047101904 0.998587549 0.427536190 0.010771883 0.998843491 0.046849057 -4.320631981 -0.999640048 0.009606172 0.025036037 142.329116821
-0.028960796 -0.049613610 0.998347878 0.799011588 0.012978974 0.998664141 0.050005812 -4.300980091 -0.999495924 0.014405728 -0.028278366 142.277130127
-0.077216282 -0.054792956 0.995507002 1.175797582 0.015320042 0.998305202 0.056135248 -4.279612541 -0.996896267 0.019585757 -0.076246217 142.208663940
-0.119842686 -0.062470879 0.990824878 1.573927641 0.011316264 0.997867048 0.064283594 -4.253621101 -0.992727995 0.018916348 -0.118880384 142.133987427
-0.158791676 -0.070876062 0.984764218 1.969181061 0.005816796 0.997335017 0.072718754 -4.231266499 -0.987294555 0.017275300 -0.157956511 142.044372559
-0.192782685 -0.078658156 0.978083074 2.377246380 -0.003242510 0.996826947 0.079526439 -4.210227489 -0.981235683 0.012159866 -0.192426354 141.951522827
-0.222518116 -0.077238008 0.971863568 2.782786846 -0.004716553 0.996929824 0.078150235 -4.193712711 -0.974916756 0.012805985 -0.222199619 141.837081909
-0.248080134 -0.068536475 0.966311455 3.187877655 -0.003279610 0.997547328 0.069909938 -4.182011127 -0.968733609 0.014174130 -0.247696817 141.709442139
-0.269728065 -0.054905768 0.961369276 3.599673510 0.002276653 0.998333335 0.057655618 -4.165020943 -0.962933540 0.017740032 -0.269153893 141.571197510
-0.286916077 -0.040870413 0.957082868 4.020156384 0.003024459 0.999045253 0.043569021 -4.138390064 -0.957950711 0.015395296 -0.286518902 141.430633545
-0.301727295 -0.029537380 0.952935994 4.456171036 0.001207540 0.999506712 0.031363245 -4.105097771 -0.953393281 0.010613834 -0.301543176 141.287368774
-0.313602537 -0.024072953 0.949248552 4.905740261 -0.004876975 0.999705613 0.023741350 -4.074852467 -0.949541569 0.002815856 -0.313628018 141.143722534
-0.323340595 -0.026938401 0.945898533 5.377657413 -0.006681083 0.999634087 0.026184930 -4.062446117 -0.946258843 0.002146993 -0.323402703 140.981994629
-0.332055777 -0.033304606 0.942671001 5.864222527 -0.004157145 0.999417722 0.033845123 -4.059150696 -0.943250299 0.007319625 -0.332001328 140.803314209
-0.339710414 -0.036114864 0.939835846 6.351178646 -0.000697511 0.999271154 0.038146667 -4.056639194 -0.940529525 0.012303255 -0.339488477 140.617538452
-0.346070945 -0.034513541 0.937572718 6.842825890 0.001550384 0.999299943 0.037358105 -4.045495987 -0.938206732 0.014382135 -0.345775664 140.432556152
-0.350890160 -0.030845661 0.935907900 7.338740349 0.000950240 0.999444306 0.033295978 -4.028752327 -0.936415792 0.012572549 -0.350666404 140.248275757
-0.355090201 -0.028789289 0.934388101 7.851291656 -0.000308419 0.999528468 0.030679133 -4.013454914 -0.934831679 0.010605655 -0.354932159 140.058700562
-0.358009100 -0.028628215 0.933278561 8.371534348 -0.001333860 0.999543726 0.030149240 -3.998704672 -0.933716774 0.009548816 -0.357884496 139.862228394
-0.360112816 -0.027757749 0.932495177 8.903258324 0.001134543 0.999542713 0.030191725 -3.985779762 -0.932907701 0.011930362 -0.359917194 139.655166626
-0.361326367 -0.026779512 0.932054281 9.449391365 0.003978454 0.999533355 0.030260637 -3.973361254 -0.932430565 0.014642082 -0.361051768 139.440795898
-0.361701459 -0.026811587 0.931907833 10.001261711 0.004289045 0.999527156 0.030421767 -3.964168787 -0.932283759 0.015000573 -0.361415982 139.231140137
-0.361464918 -0.027550887 0.931978047 10.560756683 0.003015568 0.999522805 0.030717226 -3.953851223 -0.932380497 0.013913624 -0.361209869 139.019073486
-0.360693991 -0.028061016 0.932261467 11.116536140 0.002475392 0.999514222 0.031043075 -3.944840193 -0.932680607 0.013504742 -0.360449851 138.808349609
-0.359585196 -0.028181283 0.932686090 11.673525810 0.002766316 0.999506474 0.031266812 -3.932155609 -0.933107793 0.013823166 -0.359330326 138.597549438
-0.358435035 -0.028013555 0.933133721 12.232520103 0.003734139 0.999497890 0.031440247 -3.922969818 -0.933546782 0.014753718 -0.358151019 138.386276245
-0.356704921 -0.028361263 0.933785915 12.784482002 0.003736403 0.999487042 0.031784076 -3.911676884 -0.934209228 0.014826518 -0.356416553 138.176559448
-0.354995757 -0.029435942 0.934403777 13.341941833 0.004003962 0.999446392 0.033006128 -3.898977041 -0.934858918 0.015458337 -0.354681969 137.969329834
-0.353519022 -0.032213483 0.934871852 13.886574745 0.003344291 0.999356210 0.035700109 -3.887854576 -0.935420990 0.015747139 -0.353184313 137.770217896
-0.352079898 -0.034536559 0.935331941 14.418688774 0.004176653 0.999250352 0.038468905 -3.876771688 -0.935960293 0.017450675 -0.351672292 137.574050903
-0.349735528 -0.034951128 0.936195672 14.930255890 0.006185450 0.999195158 0.039613813 -3.868387461 -0.936827719 0.019645143 -0.349238425 137.385620117
-0.346970260 -0.035042703 0.937220693 15.422099113 0.006413476 0.999189019 0.039734062 -3.859922647 -0.937853873 0.019797374 -0.346464694 137.208663940
-0.344584167 -0.034717761 0.938112676 15.894638062 0.006192975 0.999209344 0.039253633 -3.850589514 -0.938734651 0.019335881 -0.344097286 137.042541504
-0.342310190 -0.033696070 0.938982010 16.345613480 0.004954662 0.999277353 0.037666079 -3.842419863 -0.939573586 0.017545810 -0.341896445 136.886184692
-0.340232074 -0.031794637 0.939803243 16.790710449 0.004689416 0.999357700 0.035507139 -3.833405495 -0.940329492 0.016487785 -0.339865029 136.732742310
-0.338067323 -0.030666441 0.940621555 17.227197647 0.006059033 0.999376655 0.034759674 -3.824954271 -0.941102147 0.017450359 -0.337671340 136.581039429
-0.335313678 -0.032163829 0.941556692 17.651536942 0.007823564 0.999286890 0.036922101 -3.816245556 -0.942073762 0.019746810 -0.334823459 136.431961060
-0.332509041 -0.034158483 0.942480624 18.057140350 0.008157987 0.999201655 0.039092395 -3.809026480 -0.943064511 0.020687317 -0.331965446 136.294723511
-0.329590410 -0.035312407 0.943462789 18.436723709 0.007884672 0.999161839 0.040151589 -3.802004099 -0.944090843 0.020672472 -0.329036295 136.170074463
-0.325657219 -0.035618864 0.944816113 18.792968750 0.008028343 0.999149263 0.040434387 -3.797276497 -0.945453525 0.020753060 -0.325094789 136.055114746
-0.320695996 -0.035312973 0.946523070 19.126728058 0.007753239 0.999172747 0.039904155 -3.790930271 -0.947150171 0.020135723 -0.320157498 135.950439453
-0.316076756 -0.034817111 0.948093951 19.429510117 0.007146875 0.999209940 0.039076902 -3.785879850 -0.948706448 0.019127209 -0.315578818 135.859176636
-0.312569410 -0.035287671 0.949238658 19.707962036 0.006174925 0.999212444 0.039178748 -3.781340837 -0.949874580 0.018107552 -0.312105954 135.775222778
-0.310099602 -0.035475336 0.950041354 19.966508865 0.006545092 0.999199510 0.039447315 -3.775287151 -0.950681269 0.018450702 -0.309619814 135.694702148
-0.308095932 -0.034851208 0.950716078 20.200643539 0.007322361 0.999211609 0.039001901 -3.770727634 -0.951326847 0.018977808 -0.307598442 135.621276855
-0.306272030 -0.033989150 0.951336443 20.417083740 0.007463676 0.999245226 0.038103689 -3.766527176 -0.951914549 0.018770555 -0.305787772 135.553680420
-0.304669976 -0.033546645 0.951866388 20.619827271 0.006663450 0.999279320 0.037350450 -3.763776302 -0.952434421 0.017722268 -0.304227471 135.492858887
-0.304220736 -0.031633660 0.952075541 20.813871384 0.004602171 0.999387324 0.034676217 -3.761889935 -0.952590168 0.014930828 -0.303889394 135.436889648
-0.306269050 -0.029581182 0.951484680 21.007625580 0.003341692 0.999476790 0.032148898 -3.760758638 -0.951938808 0.013025767 -0.306010604 135.377136230
-0.309581488 -0.028589468 0.950442374 21.200071335 0.003712371 0.999503195 0.031274457 -3.758040428 -0.950865388 0.013210374 -0.309322208 135.313003540
-0.312921584 -0.028603520 0.949347496 21.388463974 0.005408694 0.999475777 0.031896692 -3.753096342 -0.949763238 0.015115882 -0.312603503 135.245895386
-0.315929681 -0.028521203 0.948353171 21.578487396 0.007568631 0.999439716 0.032579005 -3.750008821 -0.948752046 0.017470403 -0.315537512 135.178070068
-0.317550004 -0.028313991 0.947818041 21.761323929 0.009031089 0.999417663 0.032881148 -3.748341799 -0.948198080 0.019001234 -0.317110091 135.114486694
-0.317053199 -0.028394107 0.947981954 21.949008942 0.009504929 0.999405622 0.033113308 -3.745367527 -0.948359668 0.019509180 -0.316595584 135.053207397
-0.314874202 -0.028508890 0.948704481 22.130855560 0.008612093 0.999421060 0.032891307 -3.742483139 -0.949093938 0.018526951 -0.314447075 135.001541138
-0.311421663 -0.027561205 0.949871361 22.316045761 0.007664530 0.999473155 0.031513326 -3.739387512 -0.950240493 0.017094243 -0.311047047 134.948318481
-0.306724548 -0.024536049 0.951481342 22.505945206 0.007216651 0.999578118 0.028102750 -3.735153913 -0.951770544 0.015486302 -0.306418777 134.893463135
-0.301069826 -0.018959584 0.953412890 22.713184357 0.007595133 0.999722064 0.022278909 -3.730135202 -0.953571379 0.013948793 -0.300842822 134.835647583
-0.293918252 -0.014516721 0.955719650 22.942934036 0.008558740 0.999803722 0.017818470 -3.725742579 -0.955791771 0.013416916 -0.293736994 134.771423340
-0.284893781 -0.012750106 0.958473623 23.197746277 0.009376653 0.999825716 0.016087299 -3.722372293 -0.958512783 0.013570433 -0.284725249 134.704711914
-0.274850875 -0.013394192 0.961392939 23.487638474 0.009456232 0.999816000 0.016632950 -3.718576670 -0.961439908 0.013662723 -0.274674326 134.632553101
-0.264186770 -0.014402852 0.964363396 23.803237915 0.008463376 0.999814451 0.017250875 -3.714981794 -0.964434028 0.012719209 -0.264016509 134.560470581
-0.253238916 -0.015221341 0.967283487 24.146886826 0.008291068 0.999804378 0.017903756 -3.710314989 -0.967367828 0.012553726 -0.253063828 134.483093262
-0.242322668 -0.015817257 0.970066249 24.515090942 0.008236329 0.999796569 0.018359482 -3.704774857 -0.970160365 0.012438688 -0.242143735 134.402801514
-0.232099891 -0.016162256 0.972557127 24.908290863 0.008035225 0.999795020 0.018532529 -3.699546576 -0.972658396 0.012116097 -0.231923044 134.321609497
-0.223025560 -0.016927274 0.974665046 25.324228287 0.007267328 0.999791622 0.019026611 -3.694877386 -0.974785089 0.011326614 -0.222856656 134.241058350
-0.215670004 -0.017932538 0.976301014 25.761238098 0.007038498 0.999775827 0.019918587 -3.687305689 -0.976440549 0.011167518 -0.215496048 134.154632568
-0.210531443 -0.018282773 0.977415442 26.230377197 0.006534438 0.999775410 0.020108540 -3.680221081 -0.977564931 0.010620323 -0.210365295 134.062927246
-0.207201272 -0.019425675 0.978104770 26.719972610 0.004885257 0.999768794 0.020890852 -3.671447515 -0.978285849 0.009106886 -0.207059056 133.967926025
-0.205924153 -0.020157784 0.978359580 27.235015869 0.003058593 0.999768615 0.021242684 -3.664033890 -0.978562891 0.007366765 -0.205815434 133.867340088
-0.206351906 -0.021756113 0.978235185 27.770332336 0.002938177 0.999733448 0.022854051 -3.656257868 -0.978473127 0.007590185 -0.206233576 133.758911133
-0.207599148 -0.023725810 0.977925420 28.317869186 0.002749596 0.999686718 0.024837490 -3.647284508 -0.978209794 0.007845123 -0.207469463 133.644134521
-0.209903643 -0.023283979 0.977443993 28.883451462 0.003276857 0.999693036 0.024517700 -3.637714863 -0.977716267 0.008349281 -0.209763512 133.529876709
-0.212043211 -0.021949559 0.977012992 29.468969345 0.002946715 0.999727786 0.023099428 -3.627216578 -0.977255583 0.007777035 -0.211921424 133.406387329
-0.214084402 -0.020485483 0.976599514 30.070131302 0.003557104 0.999756098 0.021751016 -3.617413759 -0.976808429 0.008130400 -0.213959917 133.280853271
-0.216142118 -0.020305844 0.976149917 30.685522079 0.003424363 0.999760807 0.021555256 -3.606744528 -0.976355672 0.008001670 -0.216021463 133.147338867
-0.218263507 -0.020008026 0.975683987 31.329286575 0.003949435 0.999762535 0.021385325 -3.597111464 -0.975881636 0.008521017 -0.218133226 133.005996704
-0.220062137 -0.020543985 0.975268781 31.989103317 0.004095028 0.999749005 0.021983702 -3.586219788 -0.975477040 0.008831513 -0.219923362 132.860366821
-0.221809223 -0.021018041 0.974862814 32.660911560 0.003780182 0.999740720 0.022414535 -3.576838017 -0.975082517 0.008656890 -0.221672848 132.712570190
-0.223464936 -0.020144889 0.974503040 33.351135254 0.003776982 0.999760091 0.021533135 -3.566831350 -0.974704444 0.008492560 -0.223335832 132.557083130
-0.224975497 -0.019433537 0.974169850 34.056537628 0.003694920 0.999775946 0.020797683 -3.556001663 -0.974357247 0.008278427 -0.224853888 132.397491455
-0.226249486 -0.018851336 0.973886192 34.779502869 0.003451823 0.999789953 0.020154690 -3.542979240 -0.974063098 0.007921648 -0.226137504 132.236129761
-0.227155030 -0.020452810 0.973643064 35.527133942 0.003960358 0.999750733 0.021925237 -3.531422853 -0.973850429 0.008836381 -0.227018028 132.065017700
-0.228006303 -0.023345642 0.973379016 36.289573669 0.005202328 0.999668002 0.025194790 -3.518040657 -0.973645627 0.010808390 -0.227809757 131.890884399
-0.229412273 -0.027845733 0.972930193 37.067123413 0.004387530 0.999549866 0.029642187 -3.505344152 -0.973319352 0.011069025 -0.229187444 131.715713501
-0.230385870 -0.028943306 0.972668111 37.861637115 0.006026920 0.999494851 0.031169143 -3.488728762 -0.973080575 0.013043109 -0.230095670 131.531448364
-0.230516076 -0.029404886 0.972623408 38.661174774 0.007186690 0.999463499 0.031919636 -3.471054077 -0.973041832 0.014347920 -0.230181679 131.347625732
-0.230128452 -0.026720939 0.972792625 39.482151031 0.006608375 0.999555945 0.029019415 -3.451915741 -0.973137677 0.013106759 -0.229850277 131.162063599
-0.229354739 -0.025663851 0.973003745 40.321975708 0.006732593 0.999585509 0.027951989 -3.428289652 -0.973319471 0.012961746 -0.229087487 130.970336914
-0.228113323 -0.024509054 0.973325312 41.175224304 0.007341319 0.999610305 0.026891503 -3.409832239 -0.973606706 0.013279790 -0.227845103 130.775253296
-0.226820722 -0.026685804 0.973570108 42.041000366 0.006188727 0.999563813 0.028840164 -3.391598225 -0.973916709 0.012566694 -0.226557240 130.580932617
-0.225110754 -0.026510300 0.973971725 42.929725647 0.006259396 0.999568760 0.028653758 -3.373850584 -0.974312961 0.012546732 -0.224848330 130.381927490
-0.222321019 -0.025301376 0.974644423 43.829219818 0.006432058 0.999602318 0.027416483 -3.355576515 -0.974952221 0.012364218 -0.222070470 130.182571411
-0.218897909 -0.023884388 0.975454688 44.737064362 0.007971760 0.999622166 0.026265075 -3.338670969 -0.975715160 0.013525450 -0.218625396 129.984008789
-0.215135440 -0.024572173 0.976274312 45.659229279 0.009403571 0.999583900 0.027231093 -3.320363522 -0.976538837 0.015038831 -0.214815453 129.788116455
