1.000000000 0.000000000 0.000000000 0.000000000 0.000000000 1.000000000 0.000000000 0.000000000 0.000000000 0.000000000 1.000000000 0.000000000
0.999979138 0.000554747 -0.006436627 -0.007846178 -0.000552680 0.999999821 0.000322871 -0.001106415 0.006436805 -0.000319307 0.999979258 0.089745641
0.999908745 0.001205956 -0.013453817 -0.016931636 -0.001202554 0.999999225 0.000260935 -0.003241559 0.013454121 -0.000244732 0.999909520 0.180202916
0.999778688 0.001516254 -0.020982537 -0.027617682 -0.001525763 0.999998748 -0.000437173 -0.004172993 0.020981848 0.000469091 0.999779761 0.277321607
0.999542892 0.002231286 -0.030150298 -0.041051317 -0.002284087 0.999995887 -0.001716924 -0.007830743 0.030146345 0.001785006 0.999543905 0.368351460
0.999132395 0.002475076 -0.041574009 -0.057603806 -0.002614143 0.999991179 -0.003291022 -0.009252861 0.041565500 0.003396848 0.999130011 0.477202892
0.998474658 0.002425829 -0.055158652 -0.077524476 -0.002659747 0.999987781 -0.004167809 -0.010068029 0.055147875 0.004308160 0.998468876 0.603934169
0.997446835 0.002492120 -0.071369343 -0.104991071 -0.002796766 0.999987423 -0.004168971 -0.010365035 0.071358055 0.004357930 0.997441232 0.741330504
0.995951056 0.001184359 -0.089889586 -0.138785452 -0.001567304 0.999990046 -0.004189694 -0.011467080 0.089883722 0.004313615 0.995942891 0.883351564
0.993955255 0.000156006 -0.109785773 -0.176147431 -0.000634743 0.999990523 -0.004325709 -0.013685482 0.109784037 0.004369247 0.993945897 1.038803458
0.991260111 0.000180628 -0.131921887 -0.221461341 -0.000806235 0.999988735 -0.004688853 -0.016927231 0.131919533 0.004754233 0.991249025 1.204423904
0.987787426 0.003923628 -0.155758366 -0.283076108 -0.004936920 0.999969125 -0.006119227 -0.021286752 0.155729532 0.006813462 0.987776220 1.369435430
0.983438075 0.008278289 -0.181055546 -0.348692149 -0.009825702 0.999922514 -0.007651366 -0.027197655 0.180978164 0.009303642 0.983443141 1.540998220
0.978084743 0.011221066 -0.207904667 -0.419898063 -0.013283859 0.999875426 -0.008528290 -0.032921597 0.207783058 0.011103166 0.978111923 1.718381524
0.971390665 0.011907534 -0.237188607 -0.492418170 -0.014366390 0.999859512 -0.008640870 -0.036688607 0.237052396 0.011801203 0.971425176 1.896904469
0.963352323 0.013731117 -0.267887563 -0.575377643 -0.016489107 0.999831736 -0.008048197 -0.040950939 0.267731994 0.012170475 0.963416517 2.083379745
0.953882873 0.015400303 -0.299783617 -0.665158451 -0.018314820 0.999808431 -0.006914451 -0.045227338 0.299619704 0.012086058 0.953982115 2.264953613
0.942670047 0.017546410 -0.333264381 -0.766843140 -0.020678885 0.999769092 -0.005854226 -0.046981584 0.333084702 0.012410139 0.942815185 2.454310179
0.930228055 0.019990206 -0.366436958 -0.877212405 -0.023558114 0.999708652 -0.005267031 -0.051759619 0.366224915 0.013532103 0.930427909 2.638262749
0.916396737 0.022820331 -0.399619907 -0.995329976 -0.026818339 0.999630630 -0.004415033 -0.055158596 0.399371535 0.014763064 0.916670203 2.817315102
0.900438845 0.023186853 -0.434363961 -1.123428583 -0.027544791 0.999613583 -0.003739960 -0.054659199 0.434109420 0.015332069 0.900729597 3.006614685
0.882091463 0.018819375 -0.470701963 -1.254865289 -0.023583667 0.999712944 -0.004225553 -0.055633817 0.470487297 0.014828201 0.882282078 3.193548918
0.861019969 0.014139166 -0.508374453 -1.397479415 -0.019020937 0.999809384 -0.004408037 -0.058955293 0.508215189 0.013465166 0.861124754 3.378519297
0.836146474 0.015773540 -0.548279345 -1.559824467 -0.019561701 0.999808073 -0.001068670 -0.064439625 0.548157215 0.011618840 0.836294532 3.559097290
0.807205856 0.021534216 -0.589877009 -1.748414159 -0.024544641 0.999694467 0.002907495 -0.071519025 0.589759409 0.012131372 0.807487845 3.733116388
0.774498880 0.024545668 -0.632098794 -1.944214225 -0.027858447 0.999600828 0.004682083 -0.073710375 0.631961465 0.013983022 0.774873674 3.903711796
0.738544106 0.023910860 -0.673780918 -2.153943300 -0.027349818 0.999610722 0.005495124 -0.075162813 0.673650086 0.014369393 0.738910735 4.070945263
0.698536694 0.019871475 -0.715298176 -2.373161793 -0.021429034 0.999746799 0.006846773 -0.074055664 0.715253174 0.010545423 0.698785841 4.243873596
0.655677021 0.016351815 -0.754864335 -2.604802370 -0.016505869 0.999836862 0.007321362 -0.069659784 0.754860878 0.007659239 0.655840158 4.401258469
0.610543907 0.016039098 -0.791819930 -2.862612247 -0.013968260 0.999857366 0.009482688 -0.069182172 0.791859090 0.005270744 0.610681057 4.553342342
0.562354803 0.016716808 -0.826726973 -3.138772488 -0.011585245 0.999856651 0.012337084 -0.066859394 0.826814771 0.002640011 0.562468052 4.692932129
0.511205673 0.017253360 -0.859285057 -3.430159092 -0.010048876 0.999849975 0.014097459 -0.060873769 0.859399557 0.001428143 0.511302590 4.817848206
0.458510399 0.018672457 -0.888492703 -3.745681763 -0.008809075 0.999825418 0.016466260 -0.056866664 0.888645351 0.000276842 0.458595008 4.927833557
0.404150605 0.020604480 -0.914460242 -4.078351498 -0.007585925 0.999787211 0.019174423 -0.050654691 0.914660990 -0.000812333 0.404221058 5.023065567
0.348631680 0.022523144 -0.936989069 -4.428770542 -0.006660165 0.999745309 0.021553583 -0.046853475 0.937236130 -0.001273765 0.348693043 5.107027054
0.293565482 0.025402913 -0.955601335 -4.803024769 -0.004382065 0.999671876 0.025228268 -0.041086439 0.955928922 -0.003218648 0.293580592 5.180555344
0.239893645 0.027495073 -0.970409691 -5.185273170 0.000169282 0.999597371 0.028363921 -0.038886413 0.970799208 -0.006968604 0.239792511 5.239606857
0.188958466 0.028110594 -0.981582642 -5.575059891 0.002728519 0.999570966 0.029151009 -0.036609165 0.981981397 -0.008186606 0.188800812 5.278978348
0.141625226 0.028992034 -0.989495695 -5.985124111 0.000882960 0.999566555 0.029413503 -0.029708162 0.989920080 -0.005039386 0.141538337 5.296433449
0.099302478 0.029198846 -0.994628847 -6.407083035 -0.001018232 0.999571443 0.029242307 -0.020367585 0.995056927 -0.001891076 0.099289723 5.299667358
0.061394654 0.027795382 -0.997726500 -6.851962566 -0.002172855 0.999613106 0.027714258 -0.011133499 0.998111367 0.000466404 0.061431341 5.295293331
0.026960503 0.025176991 -0.999319434 -7.309343338 -0.001187710 0.999682426 0.025154117 -0.003441417 0.999635935 0.000508730 0.026981872 5.280976772
-0.004427971 0.022548160 -0.999736011 -7.776972771 -0.000739365 0.999744952 0.022551661 0.001508625 0.999990106 0.000839024 -0.004410159 5.254648209
-0.030960210 0.020751065 -0.999305248 -8.267538071 -0.000982203 0.999782920 0.020791437 0.005489036 0.999520302 0.001625225 -0.030933108 5.215150356
-0.051674701 0.018345319 -0.998495519 -8.753927231 -0.001746414 0.999827623 0.018460199 0.014341099 0.998662591 0.002697710 -0.051633775 5.173592567
-0.067958683 0.017535491 -0.997534037 -9.271707535 -0.001218984 0.999842882 0.017659148 0.025062259 0.997687519 0.002416069 -0.067926660 5.123773098
-0.081055067 0.018059956 -0.996546030 -9.809751511 -0.000301857 0.999834895 0.018144134 0.032338925 0.996709704 0.001771486 -0.081036270 5.071784496
-0.090614453 0.019260045 -0.995699883 -10.365379333 -0.001438982 0.999808967 0.019470509 0.032384582 0.995885193 0.003197102 -0.090569466 5.009013653
-0.097384423 0.020652825 -0.995032609 -10.927860260 -0.003207444 0.999772549 0.021065144 0.034123156 0.995241880 0.005242928 -0.097296074 4.945119858
-0.101903595 0.021684706 -0.994557977 -11.504384041 -0.003084536 0.999750257 0.022113983 0.040948026 0.994789720 0.005321244 -0.101811305 4.883150101
-0.103241630 0.022386504 -0.994404435 -12.105620384 -0.000974902 0.999743521 0.022607937 0.051311329 0.994656026 0.003303526 -0.103193372 4.820096016
-0.102271385 0.024596009 -0.994452477 -12.721866608 0.000852239 0.999695659 0.024638064 0.060805514 0.994756341 0.001672255 -0.102261268 4.756653309
-0.100765586 0.027100461 -0.994541109 -13.350252151 0.000048432 0.999628723 0.027234208 0.067469493 0.994910359 0.002696102 -0.100729525 4.688564301
-0.099031612 0.027079163 -0.994715869 -13.999103546 -0.002089086 0.999621451 0.027420713 0.073926449 0.995082200 0.004793564 -0.098937601 4.616937637
-0.097395390 0.024504099 -0.994944155 -14.660284996 -0.003916433 0.999679267 0.025004122 0.084481560 0.995238125 0.006331918 -0.097268231 4.546079159
-0.096149795 0.024393098 -0.995068014 -15.337542534 -0.004148835 0.999680817 0.024907086 0.098371305 0.995358288 0.006523183 -0.096017949 4.478727341
-0.094451554 0.027129989 -0.995159805 -16.034915924 -0.003905913 0.999610424 0.027622059 0.112955838 0.995521843 0.006495953 -0.094308846 4.411623001
-0.092578337 0.030720172 -0.995231509 -16.750698090 -0.004935853 0.999497056 0.031311009 0.123015217 0.995693147 0.007811036 -0.092380211 4.342757225
-0.090829834 0.032963630 -0.995320797 -17.478055954 -0.005338183 0.999421120 0.033586599 0.131204531 0.995852113 0.008363869 -0.090601347 4.273254871
-0.089003764 0.032315098 -0.995507002 -18.218109131 -0.006984718 0.999428332 0.033066887 0.147013962 0.996006787 0.009896413 -0.088727221 4.200528622
-0.087283269 0.029256355 -0.995753884 -18.968246460 -0.009284258 0.999500930 0.030180292 0.163196519 0.996140242 0.011879070 -0.086968139 4.125308514
-0.085721895 0.028642189 -0.995907366 -19.730159760 -0.010200089 0.999508679 0.029623754 0.177589044 0.996266842 0.012697748 -0.085387677 4.053046703
-0.084123291 0.031030634 -0.995972097 -20.502693176 -0.007862898 0.999462843 0.031803545 0.191724166 0.996424317 0.010506645 -0.083834156 3.987146854
-0.082891062 0.033180967 -0.996006072 -21.295442581 -0.005655500 0.999413431 0.033765174 0.205463082 0.996542513 0.008431742 -0.082654826 3.916683435
-0.081537448 0.034957368 -0.996057034 -22.099601746 -0.004671395 0.999359965 0.035455711 0.217265010 0.996659279 0.007543942 -0.081322007 3.843658686
-0.080959290 0.030399527 -0.996253669 -22.891418457 -0.004511188 0.999512970 0.030865600 0.229328379 0.996707141 0.006993143 -0.080782771 3.775913954
-0.080621317 0.023391508 -0.996470213 -23.701044083 -0.003092805 0.999713480 0.023717893 0.239030540 0.996739984 0.004994053 -0.080525920 3.705679893
-0.080861941 0.018833414 -0.996547282 -24.509016037 -0.000307072 0.999820530 0.018920213 0.250250280 0.996725202 0.001835933 -0.080841698 3.645032167
-0.081351534 0.019667191 -0.996491313 -25.335918427 0.000650301 0.999805748 0.019679539 0.261092991 0.996685147 0.000952937 -0.081348568 3.576234579
-0.081411928 0.027161228 -0.996310294 -26.167839050 0.000217714 0.999628663 0.027233925 0.266944677 0.996680379 0.002000251 -0.081387654 3.500457764
-0.081653997 0.034260571 -0.996071637 -27.010892868 -0.001176695 0.999404609 0.034471694 0.279089659 0.996659875 0.003986821 -0.081565112 3.423390388
-0.082011029 0.039635129 -0.995842934 -27.850801468 -0.003203761 0.999192834 0.040032327 0.291302949 0.996626079 0.006473532 -0.081817903 3.345154285
-0.082324542 0.040013302 -0.995801926 -28.683666229 -0.004867296 0.999165177 0.040550858 0.305605263 0.996593475 0.008185191 -0.082061112 3.265797615
-0.082709514 0.036586620 -0.995901823 -29.515098572 -0.005106217 0.999296725 0.037135437 0.319932312 0.996560395 0.008156742 -0.082464583 3.192681551
-0.083093390 0.033920340 -0.995964229 -30.343202591 -0.005491605 0.999389291 0.034495182 0.335510343 0.996526420 0.008335761 -0.082856417 3.118922472
-0.083167933 0.035098609 -0.995917141 -31.179147720 -0.007118926 0.999332666 0.035813499 0.351329267 0.996509910 0.010068392 -0.082862616 3.040016651
-0.083108366 0.037360370 -0.995839834 -32.012252808 -0.007623566 0.999243438 0.038124315 0.368004799 0.996511161 0.010760298 -0.082760714 2.965883493
-0.082992382 0.035714038 -0.995909929 -32.844264984 -0.008347267 0.999297142 0.036531135 0.380520910 0.996514976 0.011344930 -0.082635984 2.890987158
-0.082583606 0.030487817 -0.996117592 -33.663982391 -0.008867420 0.999469399 0.031325586 0.397782892 0.996544421 0.011419972 -0.082269490 2.814443827
-0.082420588 0.026299665 -0.996250451 -34.489414215 -0.010055936 0.999578416 0.027219474 0.412581712 0.996546626 0.012261676 -0.082121432 2.739665747
-0.081828564 0.027059535 -0.996278882 -35.324401855 -0.009367811 0.999565840 0.027918248 0.424909085 0.996602118 0.011617463 -0.081539601 2.663336039
-0.081324235 0.029592341 -0.996248126 -36.155353546 -0.008333352 0.999503553 0.030369313 0.432638615 0.996652544 0.010771847 -0.081037298 2.590205669
-0.080776513 0.034481578 -0.996135473 -36.989398956 -0.008219872 0.999343991 0.035259206 0.443836272 0.996698022 0.011036222 -0.080440126 2.518872261
-0.080154777 0.040175479 -0.995972276 -37.823516846 -0.007287485 0.999136686 0.040889625 0.458011299 0.996755481 0.010535632 -0.079792835 2.446862936
-0.080278695 0.043470062 -0.995823920 -38.654270172 -0.007380348 0.998994887 0.044203460 0.474102408 0.996744871 0.010898124 -0.079877213 2.373309135
-0.080020085 0.043358061 -0.995849609 -39.470039368 -0.007062266 0.999003410 0.044062857 0.492289782 0.996767998 0.010558870 -0.079634160 2.309461117
-0.079950802 0.039009072 -0.996035039 -40.284408569 -0.006871687 0.999188304 0.039684154 0.510747850 0.996774912 0.010017223 -0.079617865 2.238230467
-0.079679199 0.034715988 -0.996215701 -41.091835022 -0.008036592 0.999338210 0.035467584 0.525606632 0.996787906 0.010832210 -0.079347484 2.174402475
-0.079566628 0.031946681 -0.996317327 -41.911510468 -0.012026770 0.999382496 0.033005435 0.539404571 0.996756673 0.014608614 -0.079133302 2.095038414
-0.080050394 0.030104795 -0.996335924 -42.743881226 -0.015309234 0.999388516 0.031427048 0.553328276 0.996672928 0.017768892 -0.079540588 2.016348124
-0.080840871 0.028323878 -0.996324360 -43.560626984 -0.013127604 0.999478936 0.029478719 0.560043156 0.996640265 0.015462440 -0.080426954 1.952754259
-0.081937850 0.024676552 -0.996331751 -44.379112244 -0.009900480 0.999623656 0.025572296 0.568873823 0.996587932 0.011959504 -0.081662737 1.886394858
-0.082579404 0.023161454 -0.996315122 -45.194297791 -0.005669244 0.999702513 0.023710094 0.578352571 0.996568024 0.007606323 -0.082423568 1.818638563
-0.084502459 0.026654458 -0.996066511 -46.014480591 -0.005628909 0.999613166 0.027226897 0.583407700 0.996407032 0.007907513 -0.084319770 1.744645596
-0.086053617 0.032883588 -0.995747507 -46.841892242 -0.003204401 0.999440551 0.033282474 0.590476036 0.996284962 0.006054856 -0.085900143 1.666959763
-0.087807760 0.036593676 -0.995464921 -47.660564423 -0.001388708 0.999319255 0.036857858 0.600666940 0.996136010 0.004618821 -0.087697208 1.591052651
-0.089220881 0.035701588 -0.995371640 -48.469032288 -0.001385619 0.999351680 0.035968542 0.613432586 0.996010423 0.004588355 -0.089113601 1.512629032
-0.090237506 0.031843547 -0.995410919 -49.267417908 -0.004788158 0.999462962 0.032407235 0.622376621 0.995908201 0.007690536 -0.090036608 1.428719640
-0.091469005 0.028177204 -0.995409071 -50.064430237 -0.009565548 0.999528229 0.029172793 0.633328676 0.995761454 0.012190042 -0.091156356 1.341405630
-0.092894912 0.026630774 -0.995319545 -50.857856750 -0.013476050 0.999516666 0.028000817 0.644175172 0.995584190 0.016014112 -0.092491165 1.255774140
-0.093821317 0.027772961 -0.995201468 -51.648170471 -0.014833938 0.999460459 0.029290272 0.651665747 0.995477974 0.017510813 -0.093358748 1.173596501
-0.094737835 0.029243317 -0.995072484 -52.437000275 -0.014479377 0.999421835 0.030749677 0.660588503 0.995396376 0.017321192 -0.094259664 1.090637684
-0.095694229 0.028770730 -0.994994700 -53.221492767 -0.016146144 0.999405444 0.030451134 0.669692457 0.995279253 0.018979328 -0.095172815 1.006685257
-0.096279621 0.028633619 -0.994942188 -53.998813629 -0.016879467 0.999395013 0.030395178 0.677281380 0.995210648 0.019720534 -0.095738068 0.925652742
-0.096726254 0.030354949 -0.994847834 -54.783214569 -0.015366554 0.999369740 0.031986970 0.688586473 0.995191813 0.018381367 -0.096198849 0.842111230
-0.096981764 0.033262696 -0.994729936 -55.552345276 -0.014432722 0.999288917 0.034822270 0.698730052 0.995180905 0.017733788 -0.096432738 0.762853563
-0.097141311 0.037396010 -0.994567573 -56.322402954 -0.014705575 0.999130428 0.039003897 0.711114407 0.995161355 0.018414581 -0.096506923 0.682247400
-0.097796373 0.039459087 -0.994423687 -57.088050842 -0.014593051 0.999048948 0.041077778 0.723804891 0.995098829 0.018528938 -0.097127557 0.605208695
-0.098576754 0.039527509 -0.994343936 -57.827671051 -0.014442136 0.999048352 0.041146290 0.733233035 0.995024025 0.018416522 -0.097912103 0.531734288
-0.099001981 0.037583012 -0.994377077 -58.562797546 -0.013762481 0.999138832 0.039133213 0.745220125 0.994991422 0.017559366 -0.098399505 0.458398759
-0.099215858 0.034026451 -0.994483829 -59.293834686 -0.013561564 0.999275744 0.035543405 0.755841732 0.994972885 0.017013231 -0.098682560 0.381904811
-0.099030934 0.031212976 -0.994594514 -60.018291473 -0.013900429 0.999366641 0.032746799 0.765383959 0.994986653 0.017068243 -0.098534353 0.304987371
-0.097681358 0.028917167 -0.994797289 -60.724918365 -0.014773086 0.999425173 0.030502299 0.772808909 0.995107472 0.017675739 -0.097198024 0.227493286
-0.095389225 0.028182665 -0.995040774 -61.413841248 -0.017080929 0.999405265 0.029943744 0.778208077 0.995292902 0.019852540 -0.094851129 0.155011699
-0.091311902 0.029134857 -0.995395780 -62.097545624 -0.017546775 0.999369323 0.030860802 0.783422112 0.995667219 0.020283952 -0.090743110 0.086451963
-0.085583009 0.030737542 -0.995856524 -62.757751465 -0.017067792 0.999331772 0.032311600 0.788031757 0.996184349 0.019762404 -0.085001215 0.032278270
-0.078310318 0.032241773 -0.996407211 -63.405826569 -0.016335206 0.999300897 0.033619236 0.794295371 0.996794760 0.018909259 -0.077728912 -0.020947151
-0.069478035 0.033631280 -0.997016072 -64.044563293 -0.017493403 0.999236524 0.034925226 0.800116479 0.997429669 0.019867748 -0.068836682 -0.069314897
-0.057777062 0.035322014 -0.997704148 -64.653564453 -0.020006463 0.999131918 0.036531139 0.805037796 0.998128593 0.022071201 -0.057020254 -0.103955962
-0.042942997 0.036875382 -0.998396456 -65.260505676 -0.023207447 0.999011815 0.037896313 0.814098120 0.998807490 0.024797622 -0.042044796 -0.131641418
-0.024743289 0.038070820 -0.998968363 -65.854240417 -0.025087908 0.998935878 0.038690988 0.823959947 0.999378562 0.026019376 -0.023761855 -0.137371331
-0.002681388 0.038901504 -0.999239147 -66.423202515 -0.026265951 0.998895168 0.038958605 0.830441594 0.999651015 0.026350437 -0.001656646 -0.128428072
0.022817232 0.039254516 -0.998968363 -66.966018677 -0.025931314 0.998915493 0.038660157 0.835640132 0.999402881 0.025022455 0.023810409 -0.104732499
0.052105635 0.038737964 -0.997889638 -67.486114502 -0.024804641 0.998988867 0.037485458 0.843639791 0.998333037 0.022799101 0.053013839 -0.059648473
0.086140215 0.038625780 -0.995533705 -67.980575562 -0.024001826 0.999038219 0.036684971 0.853255272 0.995993435 0.020734584 0.086984470 0.003164422
0.123829372 0.038938809 -0.991539001 -68.448928833 -0.023580389 0.999062717 0.036289431 0.857676804 0.992022812 0.018887186 0.124631524 0.080298930
0.164377719 0.038566764 -0.985642970 -68.907730103 -0.023794176 0.999099314 0.035125103 0.864280879 0.986109912 0.017678786 0.165147349 0.183955073
0.209663585 0.039487168 -0.976975620 -69.351028442 -0.022755507 0.999110281 0.035498377 0.866544783 0.977508247 0.014788867 0.210375592 0.300292343
0.258133739 0.037890639 -0.965365529 -69.788894653 -0.019611064 0.999229908 0.033975925 0.870183945 0.965909660 0.010161521 0.258678019 0.447682709
0.308076173 0.032608207 -0.950802386 -70.202728271 -0.012028031 0.999465704 0.030379863 0.874390841 0.951285183 0.002076976 0.308303773 0.624612689
0.359181345 0.027198546 -0.932871103 -70.599380493 -0.006713069 0.999624372 0.026560083 0.874336779 0.933243215 -0.003277451 0.359228939 0.820646405
0.411744267 0.022042695 -0.911032498 -70.995201111 -0.001564148 0.999722719 0.023481673 0.883066177 0.911297679 -0.008243447 0.411664486 1.037908316
0.462731004 0.021654140 -0.886233866 -71.373130798 -0.001710252 0.999721229 0.023534114 0.887386501 0.886496663 -0.009374274 0.462638944 1.270853281
0.511209488 0.020220777 -0.859217823 -71.744964600 -0.000339787 0.999727488 0.023325372 0.896454573 0.859455705 -0.011632196 0.511076987 1.523567438
0.556023061 0.015750190 -0.831017196 -72.082763672 0.007230954 0.999690533 0.023785196 0.900931299 0.831135035 -0.019234164 0.555737138 1.805442214
0.599662900 0.008966976 -0.800202012 -72.400382996 0.017700821 0.999543548 0.024465598 0.902535081 0.800056577 -0.028835349 0.599230468 2.108706713
0.642195880 0.004122275 -0.766529024 -72.708801270 0.019051999 0.999590397 0.021337369 0.901601970 0.766303420 -0.028306685 0.641854286 2.416617632
0.683196783 -0.000806299 -0.730233371 -73.000114441 0.016372060 0.999764562 0.014213596 0.905044377 0.730050445 -0.021666113 0.683049202 2.731478214
0.723632097 -0.007870626 -0.690140486 -73.282989502 0.013424352 0.999905944 0.002672527 0.909913361 0.690055013 -0.011198618 0.723669767 3.070960760
0.762915790 -0.010621503 -0.646410108 -73.551116943 0.009147097 0.999941885 -0.005634828 0.910978556 0.646432877 -0.001613879 0.762968659 3.429322004
0.799874008 -0.011626457 -0.600054801 -73.807250977 0.008047004 0.999929905 -0.008647610 0.904493511 0.600113630 0.002088355 0.799911499 3.828275919
0.833792686 -0.012998179 -0.551924109 -74.046295166 0.008522441 0.999906421 -0.010673571 0.901350498 0.552011490 0.004195806 0.833825409 4.251736641
0.864476681 -0.011679855 -0.502536714 -74.277099609 0.005953913 0.999897540 -0.012997312 0.894722521 0.502637267 0.008243814 0.864457607 4.697342396
0.890481830 -0.010299291 -0.454901725 -74.491729736 0.005615007 0.999916136 -0.011647245 0.882748961 0.454983801 0.007817385 0.890464902 5.177711487
0.911859155 -0.003979596 -0.410483301 -74.697357178 -0.000425661 0.999942958 -0.010639895 0.873158216 0.410502583 0.009876816 0.911805451 5.671021938
0.929415107 0.000275733 -0.369035125 -74.886337280 -0.005109665 0.999913156 -0.012121548 0.863871515 0.369000107 0.013151602 0.929335773 6.184772968
0.942964971 0.005338235 -0.332848281 -75.065422058 -0.009433882 0.999898016 -0.010689907 0.855877995 0.332757652 0.013220267 0.942919195 6.725208759
0.953023970 0.005965368 -0.302835077 -75.228652954 -0.009021820 0.999921143 -0.008694831 0.842317462 0.302759707 0.011018515 0.953002691 7.293010712
0.960397422 0.005262860 -0.278582841 -75.377159119 -0.007569275 0.999945104 -0.007204066 0.830208182 0.278530031 0.009027446 0.960384548 7.865237713
0.966301441 0.005015106 -0.257362813 -75.537979126 -0.006613853 0.999963522 -0.005346699 0.825822353 0.257326990 0.006868691 0.966299415 8.474105835
0.970979154 0.007390399 -0.239048347 -75.687500000 -0.008327401 0.999960780 -0.002909926 0.819765568 0.239017844 0.004816137 0.971002698 9.088646889
0.974592626 0.012223719 -0.223649234 -75.835014343 -0.012842291 0.999916375 -0.001311405 0.811568439 0.223614857 0.004150264 0.974668264 9.716411591
0.977486730 0.015942734 -0.210391849 -75.976745605 -0.016330361 0.999866307 -0.000105035 0.803462625 0.210362405 0.003538457 0.977616608 10.359136581
0.980218470 0.014574070 -0.197379231 -76.105003357 -0.014960296 0.999887645 -0.000465675 0.796019197 0.197350621 0.003409326 0.980326593 11.019377708
0.982897341 0.014879041 -0.183550000 -76.232238770 -0.015296075 0.999882340 -0.000856282 0.787645817 0.183515996 0.003649243 0.983009517 11.697819710
0.985510945 0.015474523 -0.168901801 -76.352775574 -0.015745886 0.999875724 -0.000267226 0.781397462 0.168876991 0.002922875 0.985632360 12.396205902
0.987796724 0.017298168 -0.154782236 -76.462547302 -0.017480692 0.999846935 0.000181910 0.772110939 0.154762015 0.002526023 0.987948120 13.093933105
0.989695370 0.018165100 -0.142029136 -76.568550110 -0.018715400 0.999821424 -0.002539490 0.754508674 0.141957968 0.005171468 0.989858806 13.819018364
0.991186261 0.018995430 -0.131103441 -76.667648315 -0.020201111 0.999764681 -0.007872371 0.739291251 0.130923390 0.010451436 0.991337061 14.551519394
0.992421627 0.017096262 -0.121680222 -76.755516052 -0.018953465 0.999720395 -0.014121762 0.728752136 0.121405102 0.016321022 0.992468536 15.289511681
0.993384123 0.017102700 -0.113553651 -76.840599060 -0.018856775 0.999718368 -0.014390822 0.715986967 0.113275878 0.016436890 0.993427277 16.044603348
0.994091451 0.019165546 -0.106835574 -76.925781250 -0.020152826 0.999763310 -0.008168958 0.698325396 0.106654048 0.010273749 0.994242787 16.803232193
0.994527459 0.023588892 -0.101773158 -77.013549805 -0.023704613 0.999718785 0.000072491 0.678243339 0.101746574 0.002340415 0.994807303 17.566253662
0.994939506 0.024678519 -0.097393610 -77.094627380 -0.024418201 0.999694109 0.003864206 0.660954773 0.097459503 -0.001466459 0.995238066 18.333793640
0.995288551 0.023182791 -0.094140679 -77.166107178 -0.023020331 0.999730766 0.002811650 0.650057375 0.094180830 -0.000631238 0.995554507 19.094449997
0.995591998 0.022881864 -0.090951428 -77.245445251 -0.022805680 0.999737859 0.001877105 0.639455676 0.090970851 0.000205394 0.995853126 19.863502502
0.995884120 0.021324826 -0.088086218 -77.315650940 -0.021050826 0.999769926 0.004038640 0.631449640 0.088152394 -0.002167716 0.996104181 20.627702713
0.996148646 0.019055692 -0.085579485 -77.381477356 -0.018576289 0.999806702 0.006394948 0.623404086 0.085685112 -0.004780557 0.996310294 21.392539978
0.996415854 0.017461680 -0.082762055 -77.437835693 -0.016850825 0.999825120 0.008073837 0.609470963 0.082888879 -0.006650278 0.996536076 22.145803452
0.996638358 0.016636314 -0.080213442 -77.497032166 -0.016332870 0.999856472 0.004437802 0.598084688 0.080276072 -0.003112757 0.996767282 22.899547577
0.996722460 0.019083602 -0.078607179 -77.562423706 -0.019373508 0.999807715 -0.002926796 0.586652398 0.078536525 0.004440115 0.996900856 23.648775101
0.996834576 0.019712785 -0.077014573 -77.625106812 -0.020586671 0.999731898 -0.010569369 0.569372714 0.076785885 0.012121405 0.996973455 24.395147324
0.996919751 0.020758858 -0.075624213 -77.689987183 -0.021924498 0.999652445 -0.014615823 0.550898492 0.075294837 0.016228845 0.997028708 25.148305893
0.997043669 0.022250697 -0.073536709 -77.750907898 -0.023245376 0.999648750 -0.012697904 0.527580500 0.073228657 0.014369776 0.997211099 25.903034210
0.997129679 0.026081873 -0.071069650 -77.813369751 -0.026765719 0.999603570 -0.008686531 0.504178107 0.070815228 0.010563849 0.997433007 26.654867172
0.997185826 0.029848283 -0.068762243 -77.879302979 -0.030167105 0.999537945 -0.003602363 0.483292311 0.068623252 0.005666604 0.997626066 27.413711548
0.997427046 0.027677678 -0.066120863 -77.933143616 -0.027855080 0.999610007 -0.001762194 0.467461199 0.066046610 0.003599481 0.997809589 28.170564651
0.997573733 0.024856104 -0.065019064 -77.981872559 -0.025032865 0.999684393 -0.001905019 0.450475097 0.064951494 0.003528028 0.997881770 28.923629761
0.997682393 0.023316292 -0.063912526 -78.030807495 -0.023488667 0.999721825 -0.001946688 0.432091564 0.063849643 0.003443414 0.997953176 29.668598175
0.997758389 0.022929782 -0.062856890 -78.083663940 -0.023213135 0.999723017 -0.003781064 0.417685598 0.062753052 0.005231712 0.998014927 30.420724869
0.997851074 0.021069122 -0.062031191 -78.133285522 -0.021425763 0.999757111 -0.005089563 0.405649811 0.061909158 0.006407711 0.998060763 31.170284271
0.997912526 0.020406859 -0.061258469 -78.184822083 -0.020756252 0.999771297 -0.005072403 0.390340239 0.061141212 0.006333329 0.998108566 31.928304672
0.997897029 0.023442967 -0.060418643 -78.240066528 -0.023733802 0.999709487 -0.004100191 0.375770748 0.060305241 0.005525552 0.998164237 32.694419861
0.997905910 0.023241669 -0.060349729 -78.295158386 -0.023582753 0.999709249 -0.004945327 0.360472858 0.060217518 0.006358203 0.998164594 33.472213745
0.997819066 0.022679705 -0.061976675 -78.347755432 -0.023036035 0.999721527 -0.005040586 0.344561040 0.061845370 0.006457309 0.998064458 34.247230530
0.997741997 0.020484280 -0.063950747 -78.400550842 -0.020816565 0.999772549 -0.004533623 0.329962850 0.063843615 0.005854640 0.997942328 35.026180267
0.997508347 0.022130396 -0.066975869 -78.461204529 -0.022513982 0.999733627 -0.004977494 0.318773419 0.066848166 0.006473006 0.997741699 35.814418793
0.997231901 0.025660949 -0.069774270 -78.528991699 -0.026085895 0.999645770 -0.005185515 0.298638076 0.069616780 0.006991306 0.997548878 36.603115082
0.997027099 0.026268639 -0.072424851 -78.596595764 -0.027074728 0.999581158 -0.010170365 0.284401298 0.072127655 0.012101037 0.997321546 37.383525848
0.996825218 0.027265260 -0.074796177 -78.667030334 -0.028375925 0.999501169 -0.013826430 0.268744171 0.074382193 0.015904972 0.997102499 38.177402496
0.996691167 0.027005436 -0.076653510 -78.738822937 -0.028267942 0.999480724 -0.015432845 0.245202318 0.076197244 0.017548647 0.996937811 38.984443665
0.996526897 0.027327236 -0.078649580 -78.812484741 -0.028497323 0.999498248 -0.013792995 0.219436318 0.078233503 0.015986422 0.996806383 39.805419922
0.996386528 0.025988536 -0.080850825 -78.883827209 -0.027116613 0.999548733 -0.012885576 0.194161475 0.080479786 0.015031442 0.996642351 40.630458832
0.996245623 0.025315868 -0.082777731 -78.956077576 -0.026336774 0.999589145 -0.011264092 0.175202817 0.082458891 0.013401926 0.996503830 41.458503723
0.996154785 0.024889663 -0.083990917 -79.031715393 -0.025622174 0.999641836 -0.007654253 0.154666722 0.083770655 0.009776874 0.996436536 42.294963837
0.996082783 0.024534741 -0.084943108 -79.106506348 -0.024861375 0.999686480 -0.002789227 0.134752840 0.084848367 0.004890122 0.996381342 43.142639160
0.996131957 0.024479890 -0.084379919 -79.180274963 -0.024626574 0.999695957 -0.000697537 0.118395902 0.084337510 0.002772843 0.996432841 43.988937378
0.996221781 0.027276589 -0.082438461 -79.258193970 -0.027423469 0.999623179 -0.000649423 0.105482437 0.082390003 0.002907735 0.996595383 44.844223022
0.996371090 0.027388325 -0.080576405 -79.333480835 -0.027648056 0.999615014 -0.002108942 0.092916057 0.080487944 0.004329087 0.996745646 45.710029602
0.996545613 0.024920773 -0.079207286 -79.401565552 -0.025349174 0.999668479 -0.004407229 0.078461990 0.079071514 0.006399863 0.996847868 46.572135925
0.996782303 0.021245487 -0.077275649 -79.469879150 -0.021769987 0.999744833 -0.005950980 0.059931085 0.077129804 0.007614142 0.996991456 47.434387207
0.996951103 0.020055076 -0.075392552 -79.539192200 -0.020588633 0.999767661 -0.006306201 0.044220567 0.075248860 0.007839224 0.997133434 48.302928925
0.997059226 0.017838245 -0.074515402 -79.606163025 -0.018183662 0.999826372 -0.003959395 0.025621489 0.074432127 0.005302733 0.997211397 49.174308777
0.997166276 0.015119535 -0.073678769 -79.668731689 -0.015267133 0.999881983 -0.001440290 0.007035287 0.073648587 0.002561087 0.997280359 50.051803589
0.997234344 0.014800845 -0.072817065 -79.739669800 -0.014929052 0.999887407 -0.001216547 -0.011769168 0.072791152 0.002300287 0.997343898 50.913150787
0.997300386 0.016195083 -0.071605302 -79.816764832 -0.016561655 0.999852240 -0.004528411 -0.030827001 0.071521670 0.005702107 0.997422099 51.794509888
0.997303069 0.018936347 -0.070892505 -79.890853882 -0.019716475 0.999751985 -0.010320564 -0.050453529 0.070679776 0.011690505 0.997429907 52.648548126
0.997343063 0.020993970 -0.069740325 -79.962669373 -0.022129307 0.999633908 -0.015546655 -0.078477353 0.069388688 0.017048683 0.997443378 53.511409760
0.997270286 0.025674291 -0.069213673 -80.030342102 -0.027218161 0.999398887 -0.021455361 -0.106368564 0.068621501 0.023280699 0.997370481 54.367584229
0.997341096 0.025764987 -0.068151675 -80.093505859 -0.027342800 0.999376535 -0.022320416 -0.139096245 0.067534387 0.024124563 0.997424603 55.217990875
0.997420847 0.022884782 -0.068012163 -80.153663635 -0.024050158 0.999576390 -0.016365288 -0.166627094 0.067609124 0.017958816 0.997549593 56.065509796
0.997390926 0.022130486 -0.068697073 -80.213027954 -0.022689298 0.999715030 -0.007364497 -0.194120556 0.068514802 0.008903996 0.997609735 56.915637970
0.997329712 0.021152433 -0.069883540 -80.278503418 -0.021185664 0.999775052 0.000265950 -0.220284134 0.069873735 0.001215307 0.997554481 57.768325806
0.997196555 0.019105742 -0.072330900 -80.343055725 -0.019302865 0.999811113 -0.002026975 -0.238720983 0.072278805 0.003417505 0.997377932 58.606582642
0.997139335 0.014289224 -0.074207008 -80.404846191 -0.014745194 0.999875128 -0.005600126 -0.256654203 0.074118018 0.006678324 0.997226417 59.442081451
0.996953666 0.012945573 -0.076899119 -80.469589233 -0.013526153 0.999883294 -0.007033648 -0.279464841 0.076799385 0.008052394 0.997013390 60.276458740
0.996694624 0.014745131 -0.079875462 -80.542625427 -0.015541026 0.999835014 -0.009351505 -0.303089559 0.079724692 0.010561967 0.996760249 61.098625183
0.996388018 0.016264929 -0.083330758 -80.618942261 -0.017394213 0.999765754 -0.012843573 -0.326996714 0.083102636 0.014246684 0.996438503 61.919834137
0.996037364 0.016829630 -0.087314792 -80.698432922 -0.018321013 0.999698699 -0.016307138 -0.351265103 0.087014347 0.017842248 0.996046603 62.731567383
0.995734930 0.018764740 -0.090317883 -80.784103394 -0.020670259 0.999581635 -0.020208780 -0.379864335 0.089901194 0.021989521 0.995707273 63.533092499
0.995337367 0.023262050 -0.093594149 -80.872352600 -0.025260719 0.999475777 -0.020226553 -0.410139799 0.093074888 0.022496540 0.995404243 64.332427979
0.994925678 0.026716705 -0.096987359 -80.965332031 -0.028648099 0.999416471 -0.018575806 -0.435654819 0.096434802 0.021260090 0.995111585 65.135955811
0.994492650 0.029337363 -0.100603849 -81.060317993 -0.030709939 0.999454379 -0.012121402 -0.470909238 0.100193679 0.015144218 0.994852006 65.939941406
0.994041383 0.030208558 -0.104721904 -81.152526855 -0.031053884 0.999496460 -0.006450471 -0.498032719 0.104474649 0.009664087 0.994479895 66.737564087
0.993535578 0.029581634 -0.109587856 -81.246864319 -0.030068912 0.999543488 -0.002796049 -0.518427610 0.109455466 0.006073188 0.993972480 67.523109436
0.992810965 0.028878706 -0.116146423 -81.343467712 -0.029275890 0.999569476 -0.001714746 -0.535532176 0.116047256 0.005102734 0.993229926 68.319717407
0.992166877 0.026413787 -0.122085191 -81.442520142 -0.026372693 0.999649882 0.001952873 -0.551430225 0.122094385 0.001282160 0.992516994 69.109458923
0.991334498 0.026636556 -0.128623486 -81.550773621 -0.026632749 0.999643326 0.001749959 -0.566235662 0.128624588 0.001690823 0.991691232 69.886001587
0.990409732 0.031303763 -0.134559348 -81.671760559 -0.031473055 0.999503732 0.000869533 -0.583564460 0.134520158 0.003373824 0.990904450 70.653800964
0.989480555 0.033211693 -0.140793592 -81.790855408 -0.033940870 0.999419510 -0.002780091 -0.600457013 0.140619919 0.007529531 0.990034342 71.420722961
0.988638461 0.032248467 -0.146804690 -81.909950256 -0.033414885 0.999426007 -0.005485444 -0.617634296 0.146543935 0.010328614 0.989149570 72.186508179
0.987774670 0.033318706 -0.152278244 -82.034957886 -0.034745555 0.999373138 -0.006717752 -0.632590473 0.151959375 0.011926651 0.988314092 72.956985474
0.986975312 0.035248581 -0.156955153 -82.166542053 -0.035970371 0.999350846 -0.001759560 -0.647024989 0.156791657 0.007382407 0.987603426 73.731246948
0.985953391 0.036312308 -0.163018361 -82.302810669 -0.036407202 0.999333680 0.002406499 -0.662371039 0.162997559 0.003562372 0.986619353 74.488220215
0.984904408 0.035550285 -0.169402361 -82.437927246 -0.035297882 0.999366224 0.004502374 -0.679750562 0.169455498 0.001545160 0.985535920 75.246360779
0.983764410 0.033220954 -0.176356539 -82.580482483 -0.033614289 0.999434114 0.000757622 -0.692511261 0.176282346 0.005182805 0.984325290 75.992187500
0.982264757 0.031265207 -0.184868082 -82.724563599 -0.032993972 0.999435365 -0.006281574 -0.703901887 0.184567720 0.012269732 0.982742488 76.723281860
0.980606794 0.028730683 -0.193862408 -82.879150391 -0.030841984 0.999492764 -0.007880569 -0.722640634 0.193538085 0.013706872 0.980996311 77.461738586
0.978430569 0.028398016 -0.204609022 -83.040008545 -0.030028686 0.999536753 -0.004868420 -0.738773108 0.204376414 0.010907579 0.978830934 78.197433472
0.976101339 0.028287405 -0.215461269 -83.214752197 -0.028665027 0.999587715 0.001372724 -0.748845875 0.215411693 0.004836307 0.976510704 78.936614990
0.973365903 0.029900610 -0.227293745 -83.398147583 -0.028542373 0.999549210 0.009260973 -0.760801673 0.227468640 -0.002526798 0.973781466 79.664855957
0.970674753 0.030721514 -0.238420755 -83.587020874 -0.028478082 0.999511361 0.012849340 -0.773992836 0.238699466 -0.005682752 0.971076250 80.386558533
0.967713237 0.033891246 -0.249760509 -83.790046692 -0.032827511 0.999424994 0.008424677 -0.786082685 0.249902904 0.000046364 0.968270302 81.102256775
0.964597583 0.033612739 -0.261571318 -83.999969482 -0.034964971 0.999387860 -0.000515935 -0.798866987 0.261394352 0.009643530 0.965183318 81.800552368
0.961256564 0.031474579 -0.273848832 -84.210350037 -0.034278255 0.999396861 -0.005457707 -0.804331899 0.273512393 0.014633346 0.961756587 82.499694824
0.957781672 0.030290548 -0.285892963 -84.429534912 -0.031810630 0.999493062 -0.000673080 -0.810115099 0.285728216 0.009739125 0.958260655 83.211425781
0.954316735 0.031512573 -0.297127128 -84.664627075 -0.030794155 0.999499917 0.007099500 -0.826146543 0.297202826 0.002374626 0.954810858 83.930603027
0.950563371 0.031548992 -0.308920413 -84.907333374 -0.029051367 0.999496818 0.012682777 -0.836928427 0.309165686 -0.003081210 0.951002598 84.639495850
0.946470082 0.029111691 -0.321472734 -85.157211304 -0.026990844 0.999573946 0.011053121 -0.848138869 0.321658134 -0.001784615 0.946853638 85.342437744
0.942610681 0.027119670 -0.332787335 -85.410873413 -0.026468346 0.999627948 0.006491373 -0.851801217 0.332840145 0.002689509 0.942978919 86.040908813
0.939393222 0.022904538 -0.342072338 -85.666763306 -0.024422551 0.999701083 -0.000130607 -0.862970233 0.341967672 0.008476992 0.939672947 86.730094910
0.936628044 0.019061044 -0.349803030 -85.932769775 -0.022548852 0.999727726 -0.005900540 -0.873944938 0.349595904 0.013414296 0.936803997 87.423149109
0.933920741 0.019083489 -0.356966913 -86.211456299 -0.023407897 0.999695063 -0.007797489 -0.888123870 0.356709808 0.015638113 0.934083760 88.126930237
0.930846810 0.024318093 -0.364596218 -86.502006531 -0.029154561 0.999544263 -0.007765898 -0.905782998 0.364241779 0.017858539 0.931132615 88.819396973
0.927766740 0.024262764 -0.372367829 -86.794143677 -0.028315082 0.999583900 -0.005417012 -0.922524512 0.372082055 0.015569381 0.928068697 89.515747070
0.924573004 0.024916865 -0.380186170 -87.087280273 -0.026469804 0.999648511 0.001143762 -0.931055486 0.380081624 0.009005986 0.924908519 90.216636658
0.921790600 0.026578179 -0.386772871 -87.388755798 -0.024907680 0.999645710 0.009331316 -0.938382447 0.386884481 0.001032112 0.922127008 90.921302795
0.919072628 0.036490686 -0.392392099 -87.711601257 -0.032705195 0.999331117 0.016330179 -0.952644229 0.392726183 -0.002175345 0.919652283 91.619712830
0.916399539 0.043222357 -0.397921264 -88.039566040 -0.041327666 0.999055982 0.013341602 -0.959039629 0.398122966 0.004218944 0.917321742 92.309410095
0.913996994 0.039800957 -0.403760940 -88.348526001 -0.040993135 0.999142647 0.005694530 -0.962353349 0.403642118 0.011346677 0.914845943 92.988166809
0.912105024 0.031986255 -0.408703744 -88.663528442 -0.035810582 0.999356568 -0.001706228 -0.969874084 0.408386886 0.016192213 0.912664652 93.678962708
0.910463154 0.032563280 -0.412303299 -88.991127014 -0.036806565 0.999319077 -0.002352434 -0.978505790 0.411946654 0.017317308 0.911042750 94.365997314
0.908187211 0.038594563 -0.416778177 -89.327392578 -0.041183028 0.999147177 0.002782650 -0.988151550 0.416530877 0.014637053 0.909003139 95.057067871
0.905675232 0.041060973 -0.421976179 -89.661544800 -0.041903991 0.999094486 0.007280943 -1.000359297 0.421893805 0.011088345 0.906576872 95.753677368
0.903498113 0.037784334 -0.426920384 -89.999259949 -0.039206311 0.999215603 0.005462061 -1.018403649 0.426792681 0.011803041 0.904271901 96.449874878
0.901166379 0.036145899 -0.431960762 -90.330833435 -0.040462613 0.999180079 -0.000803980 -1.031050444 0.431578338 0.018202819 0.901891172 97.127388000
0.898974776 0.033518717 -0.436713070 -90.674308777 -0.040821787 0.999138772 -0.007345577 -1.039322495 0.436091602 0.024430942 0.899569929 97.814193726
