1.000000000 0.000000000 0.000000000 0.000000000 0.000000000 1.000000000 0.000000000 0.000000000 0.000000000 0.000000000 1.000000000 0.000000000
0.999998331 0.000554985 0.001746334 -0.005298495 -0.000553488 0.999999464 -0.000857385 -0.022873437 -0.001746809 0.000856417 0.999998093 1.204440117
0.999994755 0.000769496 0.003140919 -0.008412662 -0.000768489 0.999999642 -0.000321951 -0.044879131 -0.003141165 0.000319536 0.999994993 2.396495104
0.999991298 0.000239008 0.004164609 -0.009762491 -0.000239003 1.000000000 -0.000001684 -0.068844981 -0.004164610 0.000000688 0.999991298 3.601588249
0.999987423 -0.000068288 0.005011284 -0.010937712 0.000067592 1.000000000 0.000139080 -0.091363370 -0.005011294 -0.000138740 0.999987423 4.802577972
0.999981523 -0.000355362 0.006063990 -0.014899978 0.000353990 0.999999940 0.000227478 -0.114303827 -0.006064070 -0.000225327 0.999981582 5.997647285
0.999977708 -0.000074673 0.006675311 -0.010968057 0.000078536 0.999999881 -0.000578461 -0.138876274 -0.006675267 0.000578973 0.999977529 7.186247826
0.999971330 -0.000336113 0.007569152 -0.007044634 0.000342710 0.999999642 -0.000870259 -0.159917980 -0.007568856 0.000872828 0.999970973 8.372787476
0.999969304 -0.000840001 0.007795946 -0.001128058 0.000835413 0.999999523 0.000591770 -0.178628415 -0.007796439 -0.000585239 0.999969482 9.555161476
0.999976933 -0.001480412 0.006632683 -0.001472516 0.001471000 0.999997973 0.001423723 -0.197931007 -0.006634776 -0.001413933 0.999977052 10.735185623
0.999987245 -0.002695316 0.004282755 -0.003826266 0.002691282 0.999996006 0.000947290 -0.219772846 -0.004285290 -0.000935752 0.999990463 11.933290482
0.999994993 -0.002290578 0.002197367 -0.006661970 0.002289343 0.999997258 0.000564486 -0.243294626 -0.002198653 -0.000559452 0.999997497 13.124119759
0.999997377 -0.002134531 0.000906199 -0.015714604 0.002134116 0.999997675 0.000458274 -0.263144791 -0.000907174 -0.000456339 0.999999583 14.310163498
0.999999821 -0.000673548 0.000035447 -0.024928696 0.000673533 0.999999702 0.000428321 -0.286157578 -0.000035735 -0.000428297 1.000000000 15.503414154
0.999999166 -0.001228580 -0.000525620 -0.031445909 0.001228814 0.999999166 0.000445394 -0.305615067 0.000525073 -0.000446039 0.999999821 16.686870575
0.999997556 -0.001940354 -0.001068510 -0.038832173 0.001941376 0.999997675 0.000955441 -0.326056778 0.001066654 -0.000957513 0.999998987 17.877267838
0.999995649 -0.002475429 -0.001604335 -0.046640113 0.002477390 0.999996245 0.001221663 -0.349138558 0.001601306 -0.001225632 0.999997973 19.080471039
0.999994636 -0.002353231 -0.002285650 -0.051683739 0.002353699 0.999997258 0.000202075 -0.370769262 0.002285169 -0.000207454 0.999997377 20.271144867
0.999992490 -0.002670488 -0.002834306 -0.058189217 0.002668633 0.999996305 -0.000658224 -0.387831748 0.002836054 0.000650655 0.999995768 21.463365555
0.999992311 -0.001761006 -0.003530814 -0.070882201 0.001760701 0.999998510 -0.000089581 -0.411714613 0.003530967 0.000083363 0.999993742 22.656995773
0.999989152 -0.001875137 -0.004293565 -0.079429097 0.001874415 0.999998331 -0.000172219 -0.436598510 0.004293882 0.000164169 0.999990761 23.859243393
0.999985814 -0.001792431 -0.005040245 -0.099699095 0.001787363 0.999998033 -0.001009734 -0.456670016 0.005042045 0.001000711 0.999986768 25.048217773
0.999982178 -0.001462460 -0.005814954 -0.118431956 0.001461231 0.999999046 -0.000215686 -0.482850701 0.005815263 0.000207185 0.999983072 26.251583099
0.999974847 -0.002884785 -0.006502309 -0.132698447 0.002895178 0.999994695 0.001589449 -0.505795240 0.006497688 -0.001608234 0.999977589 27.449287415
0.999966919 -0.003336715 -0.007434750 -0.147128165 0.003349152 0.999993145 0.001660978 -0.526716471 0.007429155 -0.001685823 0.999970973 28.643009186
0.999958038 -0.004100819 -0.008206806 -0.162221000 0.004107882 0.999991357 0.000844049 -0.550926328 0.008203272 -0.000877726 0.999965906 29.834043503
0.999946296 -0.005144138 -0.009012823 -0.182764545 0.005142662 0.999986947 -0.000186924 -0.571848750 0.009013664 0.000140564 0.999959350 31.035381317
0.999942183 -0.004612945 -0.009725109 -0.203482926 0.004612476 0.999989569 -0.000070501 -0.599752367 0.009725328 0.000025639 0.999952734 32.218063354
0.999931335 -0.005333551 -0.010442396 -0.222242266 0.005339012 0.999985874 0.000495331 -0.622157395 0.010439600 -0.000551050 0.999945402 33.422943115
0.999921143 -0.005822932 -0.011136789 -0.240098581 0.005833382 0.999982893 0.000906274 -0.644344091 0.011131314 -0.000971168 0.999937654 34.610992432
0.999908209 -0.006544561 -0.011873831 -0.251925349 0.006555280 0.999978483 0.000864260 -0.666533947 0.011867912 -0.000942017 0.999929190 35.809719086
0.999900579 -0.006875276 -0.012319780 -0.280666709 0.006886729 0.999976277 0.000887709 -0.688577414 0.012313378 -0.000972464 0.999923766 37.003097534
0.999892175 -0.007717378 -0.012504761 -0.300920427 0.007737068 0.999969244 0.001527086 -0.711554050 0.012492586 -0.001623671 0.999920666 38.216022491
0.999894977 -0.007416780 -0.012463685 -0.322048277 0.007451555 0.999968827 0.002746135 -0.732298851 0.012442923 -0.002838719 0.999918580 39.416408539
0.999897480 -0.007061575 -0.012471435 -0.345597684 0.007108101 0.999968290 0.003690443 -0.752205551 0.012444973 -0.003778711 0.999915481 40.616767883
0.999901474 -0.006605849 -0.012403857 -0.372050017 0.006647478 0.999972761 0.003318136 -0.773667991 0.012381594 -0.003400262 0.999917626 41.823184967
0.999911189 -0.005842123 -0.011999893 -0.399902195 0.005883252 0.999977291 0.003395189 -0.791979969 0.011979779 -0.003465484 0.999922335 43.027069092
0.999932349 -0.003224649 -0.011203021 -0.433049053 0.003282788 0.999981582 0.005175381 -0.809779525 0.011186120 -0.005211805 0.999923944 44.235584259
0.999948263 -0.003587701 -0.009555425 -0.453778237 0.003666707 0.999959469 0.008263811 -0.826947570 0.009525387 -0.008298417 0.999920249 45.457485199
0.999964058 -0.003197469 -0.007893248 -0.472103685 0.003285217 0.999932945 0.011129488 -0.840910017 0.007857130 -0.011155014 0.999906957 46.666084290
0.999976635 -0.002835632 -0.006274990 -0.490162343 0.002926359 0.999890864 0.014497446 -0.849630594 0.006233194 -0.014515461 0.999875247 47.870052338
0.999980509 -0.003724598 -0.005073886 -0.501889050 0.003804500 0.999867678 0.015830763 -0.857123852 0.005014250 -0.015849749 0.999861836 49.077354431
0.999979079 -0.005541760 -0.003432625 -0.511804342 0.005590411 0.999881864 0.014330301 -0.857563972 0.003352804 -0.014349181 0.999891460 50.265670776
0.999987006 -0.004504967 -0.002530248 -0.518288612 0.004536640 0.999909818 0.012655941 -0.860112727 0.002473006 -0.012667247 0.999916792 51.477825165
0.999990523 -0.004139110 -0.001600388 -0.531382859 0.004158282 0.999917507 0.012170040 -0.865725279 0.001549883 -0.012176571 0.999924779 52.681007385
0.999990284 -0.004234089 -0.001468098 -0.535058558 0.004250898 0.999923348 0.011644372 -0.872746706 0.001418683 -0.011650492 0.999931276 53.863769531
0.999985576 -0.004876189 -0.002394310 -0.540863752 0.004901494 0.999931097 0.010680583 -0.882651806 0.002342065 -0.010692159 0.999940217 55.026489258
0.999981880 -0.004492243 -0.004078004 -0.551941156 0.004537221 0.999928355 0.011088657 -0.892331541 0.004027898 -0.011106953 0.999930322 56.235992432
0.999974430 -0.004660801 -0.005477735 -0.565711677 0.004728570 0.999911785 0.012425082 -0.902280688 0.005419340 -0.012450660 0.999907970 57.445655823
0.999967396 -0.004854962 -0.006500170 -0.580553889 0.004938430 0.999904931 0.012887542 -0.915574551 0.006436982 -0.012919216 0.999895990 58.654911041
0.999959528 -0.004081411 -0.008059612 -0.587672591 0.004182353 0.999912679 0.012547784 -0.922633529 0.008007692 -0.012580976 0.999888957 59.850227356
0.999955118 -0.003903363 -0.008674777 -0.604840696 0.004011822 0.999913752 0.012521097 -0.932196438 0.008625152 -0.012555328 0.999884129 61.042362213
0.999948144 -0.005094495 -0.008856436 -0.622264743 0.005201385 0.999913633 0.012088642 -0.940502167 0.008794082 -0.012134074 0.999887824 62.246215820
0.999937177 -0.006441658 -0.009215385 -0.632378042 0.006543290 0.999917865 0.011041489 -0.947911561 0.009143500 -0.011101088 0.999896705 63.466125488
0.999933243 -0.006654230 -0.009491687 -0.650845110 0.006771639 0.999900460 0.012391915 -0.957443774 0.009408280 -0.012455354 0.999878287 64.669204712
0.999929011 -0.007014869 -0.009678731 -0.672178805 0.007150076 0.999876499 0.014006604 -0.968356967 0.009579278 -0.014074804 0.999855161 65.879592896
0.999933958 -0.005848751 -0.009939009 -0.686181307 0.005971028 0.999906421 0.012318150 -0.973509848 0.009866031 -0.012376675 0.999874890 67.082283020
0.999945045 -0.003814614 -0.009813360 -0.710694075 0.003923516 0.999930739 0.011102219 -0.978957593 0.009770328 -0.011140105 0.999890327 68.282859802
0.999951184 -0.001720735 -0.009775892 -0.735242069 0.001833030 0.999932408 0.011489651 -0.991171002 0.009755459 -0.011507003 0.999886334 69.472709656
0.999954581 -0.000092701 -0.009579673 -0.756039143 0.000205766 0.999930441 0.011802278 -1.002827525 0.009577911 -0.011803705 0.999884605 70.657440186
0.999955237 0.001174455 -0.009437907 -0.777409613 -0.001058390 0.999924004 0.012293336 -1.010126948 0.009451624 -0.012282790 0.999880075 71.840805054
0.999964237 0.001855800 -0.008313485 -0.792821825 -0.001744696 0.999909461 0.013351549 -1.022156477 0.008337509 -0.013336561 0.999876499 73.039009094
0.999974012 0.003534898 -0.006370376 -0.809940219 -0.003444730 0.999894679 0.014109820 -1.028271198 0.006419581 -0.014087502 0.999880373 74.218681335
0.999991179 0.002232780 -0.003719028 -0.823673546 -0.002188097 0.999926031 0.011975419 -1.037320256 0.003745492 -0.011967169 0.999921620 75.397499084
0.999999821 -0.000439157 -0.001173531 -0.829711676 0.000447310 0.999975860 0.006956541 -1.046389699 0.001170449 -0.006957061 0.999975324 76.569389343
0.999999523 0.000600370 0.001367424 -0.835301340 -0.000609220 0.999978960 0.006481037 -1.057679415 -0.001363501 -0.006481863 0.999978304 77.759590149
0.999991477 -0.000023196 0.004267847 -0.837756813 -0.000019718 0.999949574 0.010054968 -1.072900653 -0.004267860 -0.010054963 0.999940574 78.937042236
0.999971330 0.000058775 0.007648197 -0.837889016 -0.000145420 0.999935925 0.011328880 -1.081338882 -0.007647036 -0.011329663 0.999906838 80.113250732
0.999929786 0.000436250 0.011890875 -0.833014846 -0.000549302 0.999954760 0.009505891 -1.091011047 -0.011886183 -0.009511752 0.999884367 81.287567139
0.999882638 -0.000308488 0.015354326 -0.821435034 0.000207623 0.999978483 0.006570286 -1.106950402 -0.015356014 -0.006566325 0.999860764 82.462654114
0.999823868 -0.001391785 0.018746128 -0.806072116 0.001331941 0.999994099 0.003204413 -1.123617053 -0.018750468 -0.003178880 0.999819338 83.615753174
0.999754071 -0.002085130 0.022101006 -0.782265961 0.002035942 0.999995530 0.002247820 -1.141434193 -0.022105582 -0.002202271 0.999753416 84.770393372
0.999667168 -0.002361277 0.025710128 -0.761247158 0.002256011 0.999989092 0.004122535 -1.161328912 -0.025719568 -0.004063160 0.999661148 85.928932190
0.999566317 -0.001275496 0.029438812 -0.736031115 0.001140478 0.999988914 0.004602701 -1.179528713 -0.029444339 -0.004567130 0.999556184 87.079711914
0.999449253 -0.001723786 0.033155821 -0.705034375 0.001641933 0.999995649 0.002495760 -1.197495580 -0.033159960 -0.002439945 0.999447286 88.225273132
0.999331653 -0.001544288 0.036536872 -0.673898280 0.001537627 0.999998927 0.000210373 -1.216341615 -0.036537133 -0.000154053 0.999332488 89.366996765
0.999207854 -0.001148503 0.039791930 -0.636472940 0.001153256 0.999999464 -0.000096504 -1.234806776 -0.039791770 0.000142316 0.999208152 90.520599365
0.999087989 -0.002644975 0.042629637 -0.587594390 0.002597687 0.999996066 0.001164606 -1.256552815 -0.042632524 -0.001052805 0.999090433 91.676651001
0.998965919 -0.003195530 0.045366041 -0.540437341 0.003078624 0.999991894 0.002646557 -1.275745392 -0.045374103 -0.002504155 0.998967111 92.834075928
0.998839915 -0.003961205 0.048003525 -0.489375412 0.003751531 0.999983191 0.004457153 -1.294806719 -0.048020341 -0.004271894 0.998837411 93.995506287
0.998714685 -0.005276017 0.050421700 -0.440006196 0.005005110 0.999972522 0.005497530 -1.313041687 -0.050449286 -0.005238096 0.998713076 95.149475098
0.998589933 -0.006181810 0.052736484 -0.384499043 0.006019946 0.999976814 0.003227554 -1.330503821 -0.052755177 -0.002905531 0.998603463 96.300872803
0.998455524 -0.007445473 0.055065986 -0.322312683 0.007478878 0.999972105 -0.000400660 -1.347817063 -0.055061430 0.000811872 0.998482823 97.468185425
0.998340070 -0.006668434 0.057217002 -0.264184415 0.006863787 0.999971390 -0.003218463 -1.368082166 -0.057193868 0.003605843 0.998356700 98.644180298
0.998237193 -0.006734435 0.058977261 -0.209694475 0.006985655 0.999967515 -0.004054508 -1.393283010 -0.058948003 0.004459352 0.998251200 99.803184509
0.998211384 -0.006547704 0.059433948 -0.142847463 0.006766166 0.999971211 -0.003475249 -1.414025545 -0.059409447 0.003871170 0.998226285 100.979064941
0.998251021 -0.006284184 0.058794029 -0.088342890 0.006391115 0.999978364 -0.001630897 -1.435631752 -0.058782473 0.002003802 0.998268902 102.160087585
0.998323083 -0.006852423 0.057492118 -0.030217078 0.006877470 0.999976456 -0.000237861 -1.455159068 -0.057489101 0.000632862 0.998346031 103.348937988
0.998444080 -0.006319797 0.055414103 0.039432269 0.006307355 0.999980211 0.000399383 -1.468589783 -0.055415496 -0.000049246 0.998463452 104.567657471
0.998578548 -0.005968418 0.052976470 0.091404676 0.005932465 0.999982238 0.000835860 -1.487978220 -0.052980486 -0.000520390 0.998595476 105.768516541
0.998734355 -0.005292016 0.050029624 0.142567441 0.005267691 0.999986112 0.000618010 -1.503507257 -0.050032169 -0.000353688 0.998747647 106.979225159
0.998922348 -0.003758989 0.046273433 0.188472435 0.003759167 0.999993086 0.000083144 -1.521111846 -0.046273403 0.000090895 0.998928905 108.174682617
0.999096036 -0.003563304 0.042375416 0.230376512 0.003544348 0.999993742 0.000522430 -1.541653037 -0.042376991 -0.000371765 0.999101758 109.381080627
0.999257922 -0.003032338 0.038415186 0.269040316 0.002975692 0.999994516 0.001531629 -1.562844038 -0.038419601 -0.001416180 0.999260843 110.597900391
0.999414325 -0.002731443 0.034129240 0.304182053 0.002648900 0.999993622 0.002463497 -1.582339048 -0.034135733 -0.002371649 0.999414504 111.823959351
0.999556959 -0.002698005 0.029661188 0.330109000 0.002606323 0.999991894 0.003129193 -1.600993514 -0.029669371 -0.003050499 0.999555230 113.047492981
0.999692321 -0.002192434 0.024730673 0.356273800 0.002114551 0.999992907 0.003174931 -1.618057132 -0.024737442 -0.003121659 0.999689221 114.270225525
0.999805212 -0.001309466 0.019722011 0.373270631 0.001248730 0.999994576 0.003091596 -1.634874701 -0.019725941 -0.003066365 0.999800801 115.500297546
0.999889195 -0.001024515 0.014888119 0.380862653 0.000983738 0.999995887 0.002745959 -1.651709318 -0.014890863 -0.002731007 0.999885499 116.730789185
0.999947131 -0.000027231 0.010337435 0.380934834 0.000004086 0.999997616 0.002239060 -1.675853968 -0.010337466 -0.002238899 0.999944150 117.957916260
0.999975383 0.001854454 0.006856395 0.384504825 -0.001868499 0.999996305 0.002042738 -1.688911915 -0.006852578 -0.002055499 0.999974489 119.190071106
0.999982357 0.003749022 0.004732834 0.376012325 -0.003759391 0.999990702 0.002184311 -1.708991289 -0.004724599 -0.002202065 0.999986470 120.412635803
0.999981821 0.004904024 0.003664182 0.372885078 -0.004910797 0.999986410 0.001842291 -1.726013541 -0.003655096 -0.001860252 0.999991596 121.649864197
0.999973059 0.006961409 0.002557942 0.365488261 -0.006966754 0.999973714 0.002087734 -1.744107008 -0.002543341 -0.002105498 0.999994516 122.884674072
0.999966025 0.008157885 0.001584785 0.356347293 -0.008162424 0.999962687 0.002881028 -1.762246609 -0.001561223 -0.002893864 0.999994576 124.132339478
0.999966860 0.008127159 0.001124190 0.344343066 -0.008130793 0.999961734 0.003268844 -1.778949022 -0.001097581 -0.003277875 0.999994040 125.375579834
0.999929607 0.011905669 0.000168558 0.332167476 -0.011906391 0.999915183 0.005297744 -1.796605945 -0.000105472 -0.005299375 0.999985993 126.625427246
0.999914646 0.013096080 -0.000427130 0.322655201 -0.013091955 0.999877989 0.008533631 -1.812557459 0.000538833 -0.008527307 0.999963522 127.868751526
0.999930203 0.011826942 -0.000912203 0.309916884 -0.011819089 0.999896824 0.008176807 -1.825816393 0.001008814 -0.008165451 0.999966204 129.093673706
0.999929309 0.011865433 -0.001314504 0.296171576 -0.011856462 0.999907851 0.006631599 -1.836035967 0.001393068 -0.006615541 0.999977231 130.339920044
0.999959052 0.008854799 -0.002175516 0.288011253 -0.008838036 0.999932230 0.007596393 -1.848385692 0.002242630 -0.007576851 0.999968886 131.590301514
0.999972820 0.006733631 -0.003200792 0.279356569 -0.006702935 0.999932528 0.009505400 -1.862643003 0.003264579 -0.009483683 0.999949813 132.851135254
0.999989629 0.003379742 -0.003241803 0.267138541 -0.003342851 0.999930561 0.011318119 -1.872751355 0.003279827 -0.011307159 0.999930799 134.132461548
0.999992907 0.001576206 -0.003593030 0.257385373 -0.001531560 0.999922216 0.012394784 -1.881884575 0.003612284 -0.012389187 0.999916792 135.397262573
0.999992192 -0.002325839 -0.003376290 0.251530081 0.002361381 0.999941647 0.010561810 -1.891758442 0.003351524 -0.010569695 0.999938548 136.674011230
0.999982655 -0.004876947 -0.003475631 0.246395797 0.004909961 0.999942482 0.009554675 -1.896145940 0.003428830 -0.009571570 0.999948323 137.940155029
0.999974728 -0.006328352 -0.003411594 0.240906045 0.006359821 0.999936819 0.009294223 -1.905799866 0.003352557 -0.009315682 0.999950945 139.212402344
0.999972522 -0.006832391 -0.003062342 0.233270034 0.006861594 0.999930322 0.009629986 -1.912665844 0.002996330 -0.009650731 0.999948919 140.494110107
0.999977171 -0.006349336 -0.002543001 0.221716747 0.006378697 0.999911308 0.011710439 -1.922919989 0.002468420 -0.011726388 0.999928176 141.757812500
0.999990404 -0.004123479 -0.001824467 0.207972765 0.004147232 0.999904335 0.013214327 -1.932357788 0.001769802 -0.013221760 0.999911010 143.027465820
0.999991059 -0.004208072 -0.001084043 0.192034334 0.004220391 0.999923766 0.011626862 -1.945875406 0.001035032 -0.011631329 0.999931812 144.315353394
0.999994695 -0.003377949 -0.000475035 0.175737157 0.003382382 0.999947786 0.009670128 -1.956148863 0.000442344 -0.009671681 0.999953151 145.585632324
0.999994814 -0.003373007 0.000098948 0.164644286 0.003372186 0.999967635 0.007343623 -1.973669887 -0.000123715 -0.007343250 0.999973059 146.859344482
0.999989152 -0.004732952 0.000557142 0.148761734 0.004731079 0.999983609 0.003309674 -1.994350791 -0.000572798 -0.003307004 0.999994397 148.132522583
0.999989688 -0.004536482 0.000978792 0.147231817 0.004536747 0.999989927 -0.000272539 -2.008536577 -0.000977546 0.000276971 0.999999523 149.416397095
0.999988854 -0.004687245 0.001124681 0.146932349 0.004688573 0.999988556 -0.001183883 -2.033329725 -0.001119119 0.001189137 0.999998689 150.693206787
0.999988139 -0.004833433 0.001163683 0.139989465 0.004834459 0.999988198 -0.000882777 -2.060240984 -0.001159402 0.000888387 0.999998927 151.954727173
0.999991894 -0.004049837 0.000972281 0.137491986 0.004050137 0.999992073 -0.000308528 -2.087643623 -0.000971024 0.000312458 0.999999464 153.222366333
0.999995172 -0.003200037 0.000731219 0.138160422 0.003199495 0.999994934 0.000739289 -2.113075495 -0.000733581 -0.000736950 0.999999404 154.486877441
0.999996126 -0.002896739 0.000614862 0.126338854 0.002895922 0.999995232 0.001322798 -2.138105869 -0.000618691 -0.001321016 0.999998868 155.770324707
0.999996424 -0.002861332 -0.000100247 0.123989426 0.002861430 0.999995708 0.001015142 -2.161573887 0.000097341 -0.001015429 0.999999404 157.046264648
0.999996245 -0.002696739 -0.001110845 0.124019854 0.002698254 0.999995768 0.001366031 -2.186476469 0.001107154 -0.001369027 0.999998331 158.319259644
0.999993742 -0.003192423 -0.001806703 0.117644586 0.003197187 0.999991715 0.002641279 -2.207976580 0.001798254 -0.002647042 0.999994755 159.579895020
0.999994636 -0.002328987 -0.002515947 0.105990984 0.002336596 0.999993026 0.003025973 -2.231016397 0.002508878 -0.003031838 0.999992132 160.834075928
0.999993742 -0.001941649 -0.003121575 0.091845416 0.001948144 0.999996245 0.002079375 -2.251617670 0.003117522 -0.002085446 0.999992788 162.114242554
0.999992192 -0.001712325 -0.003703423 0.077927843 0.001715773 0.999998391 0.000928190 -2.275604248 0.003701824 -0.000934541 0.999992549 163.386734009
0.999990880 -0.001087418 -0.004252049 0.057633653 0.001091880 0.999999166 0.001047331 -2.303500175 0.004250901 -0.001051968 0.999990225 164.646011353
0.999986768 -0.001661244 -0.004979189 0.043506660 0.001662144 0.999998927 0.000176891 -2.324471951 0.004978884 -0.000185170 0.999987364 165.909088135
0.999983251 -0.001435349 -0.005699670 0.026511522 0.001430967 0.999998987 -0.000772712 -2.349146605 0.005700767 0.000764537 0.999983251 167.171707153
0.999978960 -0.001195585 -0.006464663 0.013951498 0.001192174 0.999999464 -0.000531386 -2.372664928 0.006465288 0.000523662 0.999978781 168.464111328
0.999973774 -0.000812471 -0.007274278 0.004284515 0.000817199 0.999999821 0.000647159 -2.391970634 0.007273742 -0.000653092 0.999973178 169.759628296
0.999969125 -0.000714783 -0.007900490 -0.016227540 0.000722947 0.999999583 0.001030618 -2.414964437 0.007899742 -0.001036302 0.999968052 171.024520874
0.999965906 -0.000040049 -0.008327261 -0.044395462 0.000050538 0.999999583 0.001259468 -2.431975842 0.008327197 -0.001259850 0.999964297 172.297256470
0.999959290 0.000406237 -0.009078943 -0.064621747 -0.000392483 0.999999166 0.001516774 -2.452934265 0.009079542 -0.001513152 0.999957442 173.573867798
0.999953985 0.000678826 -0.009630349 -0.084039234 -0.000670389 0.999999762 0.000879384 -2.479342699 0.009630933 -0.000872892 0.999953032 174.836914062
0.999945998 0.001735955 -0.010303872 -0.104621589 -0.001731356 0.999998748 0.000455155 -2.503998041 0.010304638 -0.000437296 0.999946594 176.098831177
0.999941349 0.001858654 -0.010724460 -0.125980526 -0.001848588 0.999998212 0.000948414 -2.529103756 0.010726193 -0.000928538 0.999941826 177.358779907
0.999939024 0.001613611 -0.010977928 -0.148209780 -0.001616230 0.999999046 -0.000229672 -2.553760052 0.010977536 0.000247394 0.999939501 178.616470337
0.999938786 0.000137468 -0.011115354 -0.168666512 -0.000157867 0.999998748 -0.001834385 -2.578204632 0.011115074 0.001836020 0.999936342 179.880706787
0.999931395 -0.002665176 -0.011454640 -0.183280170 0.002646564 0.999995589 -0.001639706 -2.603754520 0.011458945 0.001609271 0.999932885 181.152648926
0.999928951 -0.002274605 -0.011746416 -0.209523082 0.002299582 0.999995530 0.002113329 -2.629621506 0.011741541 -0.002140194 0.999928594 182.426422119
0.999925971 -0.003502040 -0.011694994 -0.231895059 0.003578488 0.999972761 0.006522364 -2.650342703 0.011671818 -0.006563731 0.999910176 183.698242188
0.999930859 -0.002172494 -0.011600581 -0.253107518 0.002240656 0.999980688 0.005866054 -2.667938709 0.011587598 -0.005891640 0.999915302 184.954696655
0.999933541 -0.000783923 -0.011545375 -0.273800641 0.000814415 0.999996603 0.002636685 -2.685069323 0.011543253 -0.002645915 0.999929667 186.186447144
0.999928057 -0.000899284 -0.012002417 -0.296475053 0.000909415 0.999999702 0.000838723 -2.707328796 0.012001643 -0.000849583 0.999927402 187.428100586
0.999925971 -0.001069084 -0.012162643 -0.320761681 0.001082561 0.999999225 0.001101565 -2.729485035 0.012161440 -0.001114655 0.999925196 188.672042847
0.999925852 -0.001315895 -0.012143343 -0.338192284 0.001343947 0.999996841 0.002302267 -2.752701998 0.012140259 -0.002318420 0.999923408 189.903457642
0.999928474 -0.001126043 -0.011942230 -0.364262432 0.001178099 0.999990284 0.004352870 -2.774256945 0.011937196 -0.004366630 0.999918997 191.158950806
0.999935508 -0.001907478 -0.011234527 -0.387447834 0.001965516 0.999985158 0.005157273 -2.794320583 0.011224510 -0.005179023 0.999923348 192.396011353
0.999950111 -0.002128601 -0.009806603 -0.409234822 0.002173501 0.999987602 0.004570200 -2.815031052 0.009796741 -0.004591289 0.999941230 193.640731812
0.999960661 -0.002985877 -0.008412454 -0.421984762 0.003012175 0.999991000 0.003115187 -2.836784840 0.008403066 -0.003140408 0.999959528 194.869323730
0.999969125 -0.003267177 -0.007207974 -0.436301917 0.003280703 0.999993265 0.001865678 -2.863817692 0.007201819 -0.001889274 0.999972045 196.096130371
0.999975324 -0.004152663 -0.005751201 -0.450774670 0.004160317 0.999990821 0.001319609 -2.883846283 0.005745659 -0.001343509 0.999982357 197.314758301
0.999983370 -0.003892440 -0.004363491 -0.466217875 0.003901386 0.999990642 0.002043782 -2.908336878 0.004355486 -0.002060777 0.999988139 198.531143188
0.999987066 -0.004300317 -0.002879496 -0.480195761 0.004311552 0.999983430 0.003907175 -2.930452108 0.002862640 -0.003919543 0.999987960 199.746597290
0.999992907 -0.003386358 -0.001898618 -0.490585595 0.003394691 0.999984920 0.004403512 -2.953516006 0.001883672 -0.004409929 0.999988258 200.956207275
0.999995112 -0.003201899 -0.000579681 -0.498403043 0.003204408 0.999985695 0.004379977 -2.969905138 0.000565645 -0.004381815 0.999989986 202.167617798
0.999996185 -0.002814572 0.000735104 -0.516750753 0.002811177 0.999985993 0.004579797 -2.990646839 -0.000747986 -0.004577715 0.999988973 203.371444702
0.999994278 -0.002827580 0.002050105 -0.529918790 0.002817584 0.999984622 0.004862572 -3.012836218 -0.002063823 -0.004856770 0.999985814 204.565338135
0.999992907 -0.002375187 0.003048150 -0.539930582 0.002361000 0.999986827 0.004649377 -3.032253504 -0.003059153 -0.004642150 0.999984264 205.755828857
0.999989867 -0.002544023 0.003818130 -0.542031407 0.002525672 0.999985695 0.004803367 -3.053736448 -0.003830294 -0.004793678 0.999980927 206.929779053
0.999983966 -0.003436902 0.004575941 -0.550617993 0.003414723 0.999982834 0.004845899 -3.075348854 -0.004592516 -0.004830198 0.999977529 208.094573975
0.999982119 -0.003551539 0.004882148 -0.556222320 0.003524038 0.999978364 0.005630114 -3.096325397 -0.004902036 -0.005612811 0.999971986 209.242614746
0.999981105 -0.003926667 0.004799295 -0.560056567 0.003894568 0.999970555 0.006679223 -3.116869211 -0.004825379 -0.006660407 0.999965966 210.384521484
0.999985218 -0.003465869 0.004262650 -0.564285457 0.003437519 0.999972463 0.006640215 -3.136803150 -0.004285545 -0.006625466 0.999968708 211.492294312
0.999988019 -0.003151597 0.003826525 -0.568609893 0.003129678 0.999979138 0.005720505 -3.156632185 -0.003844473 -0.005708463 0.999976158 212.585357666
0.999990404 -0.002834041 0.003446714 -0.571729243 0.002816613 0.999983668 0.005050492 -3.176511049 -0.003460971 -0.005040738 0.999981165 213.664382935
0.999991596 -0.003066326 0.002853624 -0.575426877 0.003052480 0.999983966 0.004843392 -3.196112871 -0.002868430 -0.004834644 0.999984086 214.742614746
0.999992788 -0.003601167 0.001451995 -0.575293005 0.003594132 0.999982357 0.004818543 -3.213363886 -0.001469323 -0.004813293 0.999987245 215.789764404
0.999991775 -0.004134309 -0.000216370 -0.579563081 0.004135442 0.999976575 0.005534147 -3.230642796 0.000193482 -0.005534999 0.999984562 216.843170166
0.999984980 -0.005129451 -0.002115137 -0.587561846 0.005144515 0.999961436 0.007179379 -3.247364998 0.002078225 -0.007190154 0.999971867 217.878509521
0.999980271 -0.004737332 -0.004208262 -0.599965751 0.004774959 0.999948740 0.008977078 -3.265533447 0.004165513 -0.008996995 0.999950707 218.897872925
0.999969125 -0.004420947 -0.006550968 -0.614529610 0.004481140 0.999948025 0.009202600 -3.284806252 0.006509935 -0.009231670 0.999936104 219.920227051
0.999949157 -0.004162914 -0.009220369 -0.627990067 0.004243551 0.999953210 0.008743465 -3.300348997 0.009183528 -0.008782147 0.999919116 220.913330078
0.999916732 -0.004279610 -0.012199268 -0.641848803 0.004389203 0.999950588 0.008971096 -3.315722942 0.012160257 -0.009023895 0.999885201 221.881973267
0.999880016 -0.003673750 -0.015070643 -0.660529673 0.003816896 0.999948263 0.009480652 -3.331930161 0.015035015 -0.009537038 0.999841392 222.833267212
0.999835730 -0.003155918 -0.017865632 -0.685650349 0.003320901 0.999952495 0.009212565 -3.347558022 0.017835690 -0.009270381 0.999797881 223.757476807
0.999775827 -0.003306518 -0.020928187 -0.710279882 0.003490168 0.999956131 0.008744841 -3.362101316 0.020898331 -0.008815925 0.999742627 224.655273438
0.999701023 -0.003232066 -0.024249936 -0.734200656 0.003427184 0.999962509 0.008008910 -3.375030518 0.024223115 -0.008089627 0.999673724 225.536911011
0.999625444 -0.002012843 -0.027303826 -0.766079307 0.002227649 0.999967217 0.007839160 -3.390784264 0.027287122 -0.007897049 0.999596298 226.394165039
0.999541938 -0.001532513 -0.030234519 -0.797035813 0.001748739 0.999973536 0.007126513 -3.405690432 0.030222762 -0.007176123 0.999517322 227.233276367
0.999469399 0.000110770 -0.032579925 -0.833984077 0.000121662 0.999974966 0.007132157 -3.416877747 0.032579862 -0.007132339 0.999443591 228.040069580
0.999446988 0.000738459 -0.033252109 -0.866145432 -0.000484681 0.999971092 0.007639414 -3.429242611 0.033256751 -0.007619074 0.999417722 228.833206177
0.999455333 0.000718457 -0.032999776 -0.896425545 -0.000433046 0.999962807 0.008655235 -3.442324638 0.033004723 -0.008636232 0.999417841 229.614089966
0.999471426 0.000833731 -0.032505520 -0.926880538 -0.000524448 0.999954879 0.009522230 -3.457381964 0.032511946 -0.009500150 0.999426186 230.376129150
0.999485612 0.000594811 -0.032070816 -0.956093669 -0.000304410 0.999959290 0.009059173 -3.468452692 0.032074850 -0.009044751 0.999444544 231.122329712
0.999497533 0.001008062 -0.031687282 -0.985258639 -0.000780790 0.999974310 0.007183972 -3.480113268 0.031693660 -0.007155622 0.999472022 231.858291626
0.999529302 0.001085133 -0.030667327 -1.013736486 -0.000926890 0.999986589 0.005173790 -3.492794991 0.030672481 -0.005142933 0.999516249 232.588272095
0.999564826 0.001336707 -0.029476589 -1.038276792 -0.001221257 0.999991834 0.003934372 -3.506104231 0.029481562 -0.003896665 0.999557734 233.319320679
0.999600410 0.001888674 -0.028211720 -1.062457085 -0.001786420 0.999992132 0.003649328 -3.522034883 0.028218344 -0.003597476 0.999595344 234.037002563
0.999648333 0.001447864 -0.026487112 -1.083774924 -0.001355338 0.999993265 0.003510940 -3.534052610 0.026491972 -0.003473810 0.999643028 234.754776001
0.999695420 0.001471760 -0.024645807 -1.103531122 -0.001386293 0.999993265 0.003484621 -3.545948982 0.024650728 -0.003449397 0.999690235 235.468597412
0.999742866 0.001413273 -0.022642653 -1.123673081 -0.001338718 0.999993920 0.003307584 -3.556745529 0.022647150 -0.003276425 0.999738216 236.176208496
0.999789596 0.001256879 -0.020488925 -1.141402602 -0.001196525 0.999995172 0.002957799 -3.568849325 0.020492505 -0.002932665 0.999785781 236.885818481
0.999841809 0.001272083 -0.017757539 -1.154607654 -0.001209634 0.999993324 0.003527133 -3.582700968 0.017761871 -0.003505098 0.999836206 237.590301514
0.999893963 0.000321576 -0.014575819 -1.165199995 -0.000260875 0.999991596 0.004166355 -3.593166351 0.014577001 -0.004162114 0.999885201 238.292816162
0.999931872 -0.000702029 -0.011676239 -1.174725771 0.000754955 0.999989808 0.004529130 -3.606375933 0.011672905 -0.004537639 0.999921679 238.991729736
0.999962509 -0.001035616 -0.008627653 -1.183348656 0.001075651 0.999989033 0.004637139 -3.618031025 0.008622721 -0.004646248 0.999952137 239.687606812
0.999983609 -0.001324221 -0.005614471 -1.188411236 0.001348405 0.999990165 0.004306259 -3.629290581 0.005608680 -0.004313761 0.999975085 240.378509521
0.999995470 -0.001722920 -0.002581120 -1.193921447 0.001733346 0.999990642 0.004042937 -3.639261723 0.002574099 -0.004047395 0.999988616 241.073684692
1.000000000 -0.000654311 0.000387026 -1.196424127 0.000653108 0.999995291 0.003094484 -3.647974730 -0.000389079 -0.003094234 0.999995291 241.760040283
0.999994159 -0.000745915 0.003414685 -1.197035313 0.000737411 0.999996901 0.002490501 -3.658634186 -0.003416561 -0.002487971 0.999991238 242.456283569
0.999980807 -0.000582630 0.006210834 -1.195446014 0.000561555 0.999994338 0.003394041 -3.669508219 -0.006212804 -0.003390491 0.999975145 243.157806396
0.999961615 -0.000210596 0.008795754 -1.192699552 0.000176055 0.999992549 0.003927474 -3.678570986 -0.008796543 -0.003925777 0.999953806 243.857986450
0.999938130 -0.000562929 0.011141642 -1.188852906 0.000520928 0.999993026 0.003772149 -3.689454317 -0.011143715 -0.003766113 0.999931037 244.561752319
0.999909520 -0.000612037 0.013464322 -1.182609200 0.000581744 0.999997556 0.002253558 -3.700311184 -0.013465695 -0.002245525 0.999907017 245.266616821
0.999885976 -0.000624531 0.015112617 -1.176479340 0.000625962 1.000000119 -0.000090070 -3.712010622 -0.015112587 0.000099515 0.999885976 245.977920532
0.999867380 -0.001527596 0.016233768 -1.168231606 0.001554174 0.999997795 -0.001624831 -3.722539663 -0.016231274 0.001649841 0.999867082 246.691192627
0.999867320 -0.001248651 0.016261477 -1.156392932 0.001281583 0.999997437 -0.002014993 -3.736364365 -0.016258942 0.002035561 0.999865949 247.412872314
0.999862254 -0.001219498 0.016570430 -1.153149962 0.001261693 0.999996245 -0.002536311 -3.750866413 -0.016567297 0.002556863 0.999859691 248.147018433
0.999860704 0.000402811 0.016703090 -1.146463037 -0.000355127 0.999996066 -0.002857734 -3.766211271 -0.016704198 0.002851399 0.999856591 248.884780884
0.999855518 0.001089972 0.016980298 -1.141262293 -0.001030861 0.999993622 -0.003489588 -3.776473761 -0.016984016 0.003471574 0.999849916 249.620117188
0.999852180 0.000532153 0.017203532 -1.133652568 -0.000438799 0.999985337 -0.005429839 -3.790616751 -0.017206192 0.005421481 0.999837458 250.352249146
0.999847114 -0.003169294 0.017213902 -1.112134457 0.003299627 0.999966264 -0.007548365 -3.809897900 -0.017189423 0.007604003 0.999823511 251.093917847
0.999821365 -0.005862327 0.017986640 -1.101389766 0.006012466 0.999947667 -0.008304689 -3.824628592 -0.017937040 0.008411342 0.999803901 251.842285156
0.999825597 -0.002857041 0.018472742 -1.088902116 0.002937346 0.999986589 -0.004321675 -3.845324993 -0.018460173 0.004375177 0.999820173 252.613906860
0.999820173 0.000984659 0.018957578 -1.080638289 -0.001019155 0.999998093 0.001809936 -3.860857487 -0.018955782 -0.001828935 0.999818802 253.389053345
0.999803364 -0.000089131 0.019851448 -1.070328712 -0.000016776 0.999985993 0.005334630 -3.877753019 -0.019851668 -0.005333915 0.999788880 254.174316406
0.999758005 -0.000882824 0.022000529 -1.051223040 0.000810078 0.999994397 0.003315167 -3.887426138 -0.022003353 -0.003296545 0.999752641 254.954071045
0.999658287 0.000173809 0.026155254 -1.038081408 -0.000099619 0.999996185 -0.002837903 -3.898896933 -0.026155662 0.002834323 0.999654055 255.744354248
0.999550402 0.002187511 0.029916359 -1.024413943 -0.001997707 0.999977946 -0.006372965 -3.912234306 -0.029929651 0.006310330 0.999532223 256.545715332
0.999444425 0.003682120 0.033136725 -1.004627109 -0.003476627 0.999974668 -0.006256920 -3.926336527 -0.033158932 0.006138234 0.999431372 257.363342285
0.999337196 0.001984235 0.036356881 -0.973497033 -0.001846729 0.999991298 -0.003815356 -3.946003675 -0.036364142 0.003745682 0.999331713 258.194030762
0.999228895 -0.001266602 0.039249409 -0.939244926 0.001292372 0.999999285 -0.000631229 -3.961467743 -0.039248582 0.000681465 0.999229372 259.022094727
0.999111831 -0.004096815 0.041943610 -0.898831189 0.004058030 0.999991536 0.001009757 -3.979334593 -0.041947395 -0.000838654 0.999119580 259.865600586
0.998969734 -0.004226529 0.045189757 -0.870859325 0.004161117 0.999990463 0.001541417 -3.996149540 -0.045195840 -0.001351790 0.998977363 260.707885742
0.998860955 -0.001666915 0.047692485 -0.837263703 0.001695031 0.999998689 -0.000549131 -4.010496140 -0.047691509 0.000629344 0.998862088 261.546051025
0.998747289 -0.001043647 0.050033096 -0.802029490 0.001183241 0.999995828 -0.002760542 -4.025592327 -0.050030004 0.002816282 0.998743892 262.378021240
0.998619735 -0.000468101 0.052525993 -0.757631719 0.000612836 0.999996364 -0.002739463 -4.040881634 -0.052524518 0.002767868 0.998615980 263.221496582
0.998464465 0.000211468 0.055399764 -0.715734124 -0.000177448 1.000000119 -0.000619037 -4.058403015 -0.055399895 0.000608254 0.998464227 264.057861328
0.998288214 0.001762627 0.058462676 -0.667625427 -0.001823127 0.999998212 0.000981475 -4.073201180 -0.058460832 -0.001086381 0.998289287 264.902984619
0.998118341 0.002145981 0.061282713 -0.623426199 -0.002203976 0.999997556 0.000878719 -4.088345051 -0.061280668 -0.001012133 0.998120248 265.748077393
0.997960746 0.002115477 0.063798875 -0.568787575 -0.002146644 0.999997973 0.000419946 -4.100600719 -0.063797846 -0.000556045 0.997962892 266.596862793
0.997794390 0.000329940 0.066381723 -0.513453543 -0.000332420 1.000000238 0.000026279 -4.114960670 -0.066381715 -0.000048289 0.997794509 267.444152832
0.997673273 -0.003050596 0.068109602 -0.453128159 0.003005100 0.999995530 0.000770393 -4.130012989 -0.068111636 -0.000563926 0.997677743 268.293884277
0.997618258 -0.003902098 0.068867944 -0.394625306 0.003864441 0.999992669 0.000679995 -4.142602921 -0.068870075 -0.000412241 0.997625768 269.141143799
0.997572660 -0.004907025 0.069461994 -0.338329732 0.004869888 0.999988317 0.000703957 -4.157955647 -0.069464624 -0.000363977 0.997584581 269.995971680
0.997539878 -0.004984729 0.069925018 -0.285162956 0.004939727 0.999987900 0.000816454 -4.172257900 -0.069928229 -0.000469036 0.997552156 270.857055664
0.997554660 -0.004879477 0.069720693 -0.232236907 0.004795486 0.999987960 0.001371974 -4.187436104 -0.069726534 -0.001034276 0.997565866 271.710418701
0.997591496 -0.004576838 0.069211759 -0.179595470 0.004461757 0.999988794 0.001817198 -4.203065872 -0.069219284 -0.001504017 0.997600555 272.567077637
0.997661471 -0.005142891 0.068155020 -0.125190407 0.005083239 0.999986947 0.001048611 -4.219426155 -0.068159506 -0.000699712 0.997674406 273.425231934
0.997771502 -0.005051521 0.066531733 -0.074264459 0.005051031 0.999987662 0.000175556 -4.234595299 -0.066531785 0.000160888 0.997784495 274.276763916
0.997876346 -0.004354171 0.064989716 -0.026346959 0.004396568 0.999990642 -0.000509387 -4.251961231 -0.064986877 0.000794035 0.997886002 275.132720947
0.997988999 -0.003181540 0.063305974 0.021883365 0.003240765 0.999994814 -0.000832907 -4.267519474 -0.063302986 0.001036390 0.997994006 275.980377197
0.998089850 -0.001667437 0.061755985 0.064141050 0.001728951 0.999998510 -0.000942711 -4.285318851 -0.061754309 0.001047681 0.998091042 276.834472656
0.998216212 -0.001385616 0.059686001 0.103403762 0.001410087 0.999999344 -0.000367940 -4.302273750 -0.059685443 0.000451445 0.998217344 277.672302246
0.998384893 -0.001672426 0.056786012 0.142938226 0.001609576 0.999998391 0.001152455 -4.317179680 -0.056787841 -0.001059194 0.998385906 278.510803223
0.998608470 -0.002899091 0.052655607 0.182203427 0.002722281 0.999990761 0.003429221 -4.329877853 -0.052665055 -0.003281108 0.998607039 279.357604980
0.998851955 -0.003220379 0.047794480 0.222539768 0.002987931 0.999983728 0.004934096 -4.336646557 -0.047809582 -0.004785626 0.998845160 280.205047607
0.999069810 -0.003332448 0.042992398 0.258248150 0.003075975 0.999977469 0.006030275 -4.345030785 -0.043011516 -0.005892424 0.999057353 281.048797607
0.999269545 -0.003584853 0.038045093 0.285611451 0.003339055 0.999973536 0.006522201 -4.354114532 -0.038067460 -0.006390403 0.999254882 281.872375488
0.999432981 -0.004416915 0.033379417 0.309383184 0.004189937 0.999967992 0.006866771 -4.365587234 -0.033408672 -0.006723021 0.999419272 282.688232422
0.999583721 -0.005187100 0.028379843 0.331211329 0.004994587 0.999964416 0.006850078 -4.372832775 -0.028414357 -0.006705483 0.999573827 283.495117188
0.999690533 -0.005606411 0.024235686 0.343328565 0.005451955 0.999964774 0.006434415 -4.384959221 -0.024270900 -0.006300294 0.999685645 284.278198242
0.999780416 -0.005088808 0.020325731 0.351345181 0.004963037 0.999968648 0.006233346 -4.395532131 -0.020356806 -0.006131102 0.999774039 285.043090820
0.999852777 -0.004898121 0.016442316 0.359543949 0.004798616 0.999970436 0.006085654 -4.406479836 -0.016471628 -0.006005860 0.999846339 285.798828125
