1.000000000 0.000000000 0.000000000 0.000000000 0.000000000 1.000000000 0.000000000 0.000000000 0.000000000 0.000000000 1.000000000 0.000000000
0.999991059 -0.002688064 -0.003265028 -0.003393311 0.002681460 0.999994338 -0.002025366 -0.005856338 0.003270454 0.002016593 0.999992609 0.671398461
0.999972463 -0.001449808 -0.007270008 -0.016745541 0.001424208 0.999992728 -0.003525281 -0.011203763 0.007275065 0.003514830 0.999967396 1.358142376
0.999935329 -0.001564617 -0.011258741 -0.029788174 0.001509641 0.999986827 -0.004889779 -0.017364232 0.011266245 0.004872466 0.999924719 2.063243151
0.999871731 -0.000087967 -0.016014574 -0.051902194 0.000000461 0.999985039 -0.005464107 -0.025447840 0.016014818 0.005463400 0.999856830 2.798060417
0.999786198 -0.001064399 -0.020652059 -0.065442339 0.000943367 0.999982297 -0.005869396 -0.030825522 0.020657945 0.005848660 0.999769509 3.539577484
0.999683499 0.000687848 -0.025150051 -0.092528060 -0.000867214 0.999974191 -0.007121619 -0.037857100 0.025144510 0.007141176 0.999658346 4.294857502
0.999545872 0.003305140 -0.029954271 -0.125976279 -0.003535419 0.999964535 -0.007638011 -0.049625739 0.029927969 0.007740443 0.999522090 5.049433708
0.999403894 0.003578072 -0.034339659 -0.158357680 -0.003791018 0.999973893 -0.006138088 -0.057764519 0.034316804 0.006264611 0.999391377 5.837219238
0.999241829 0.003067910 -0.038813204 -0.193271339 -0.003205632 0.999988735 -0.003486635 -0.066651888 0.038802076 0.003608412 0.999240398 6.625633717
0.999094367 0.002944515 -0.042449366 -0.229749262 -0.002988917 0.999994993 -0.000982591 -0.077575430 0.042446267 0.001108579 0.999098122 7.443903923
0.998972952 0.004620955 -0.045075737 -0.273212999 -0.004693024 0.999987781 -0.001493169 -0.089937419 0.045068298 0.001703176 0.998982430 8.256963730
0.998867393 0.004162257 -0.047399804 -0.312808931 -0.004247632 0.999989450 -0.001700619 -0.098539405 0.047392234 0.001900029 0.998874485 9.080799103
0.998794377 0.001265778 -0.049074877 -0.351345181 -0.001374668 0.999996603 -0.002185171 -0.107375517 0.049071953 0.002249998 0.998792648 9.910269737
0.998677254 0.001236425 -0.051404629 -0.390897870 -0.001304519 0.999998271 -0.001291140 -0.118485466 0.051402949 0.001356489 0.998677015 10.746837616
0.998596311 -0.000083855 -0.052967608 -0.434673280 0.000003936 0.999998808 -0.001508937 -0.130005062 0.052967671 0.001506609 0.998594999 11.587027550
0.998495162 0.002191874 -0.054797586 -0.487137377 -0.002402709 0.999989867 -0.003781942 -0.142057002 0.054788750 0.003907913 0.998490214 12.444420815
0.998413026 0.002610665 -0.056256380 -0.538047433 -0.002972113 0.999975324 -0.006342325 -0.152019754 0.056238443 0.006499460 0.998396099 13.304992676
0.998309374 0.006888038 -0.057714790 -0.600440800 -0.007381206 0.999937892 -0.008336140 -0.158578426 0.057653792 0.008748051 0.998298228 14.174344063
0.998242438 0.007958103 -0.058726281 -0.654493511 -0.008440956 0.999932468 -0.007978656 -0.174494594 0.058658823 0.008460338 0.998242140 15.057553291
0.998176575 0.007444747 -0.059901174 -0.710018635 -0.007852780 0.999947429 -0.006579269 -0.188797399 0.059849042 0.007037662 0.998182535 15.923063278
0.998075724 0.008164449 -0.061466958 -0.766056061 -0.008492879 0.999950945 -0.005083852 -0.202105731 0.061422430 0.005596099 0.998096108 16.821289062
0.998022199 0.007857133 -0.062368728 -0.824932277 -0.008181551 0.999954224 -0.004947930 -0.216233864 0.062326990 0.005448417 0.998040855 17.724987030
0.997885108 0.007712960 -0.064542308 -0.875516176 -0.008111344 0.999949515 -0.005912704 -0.228800073 0.064493440 0.006423724 0.997897387 18.630865097
0.997819841 0.005855062 -0.065734766 -0.934670210 -0.006302868 0.999958158 -0.006607018 -0.240428984 0.065693319 0.007006931 0.997815192 19.541084290
0.997782767 0.005916822 -0.066289790 -0.999192476 -0.006258800 0.999967992 -0.004952370 -0.251386166 0.066258356 0.005356283 0.997788012 20.476799011
0.997768462 0.007077977 -0.066391848 -1.061526418 -0.007191161 0.999972939 -0.001465976 -0.265888780 0.066379659 0.001940138 0.997792423 21.399539948
0.997813582 0.007930798 -0.065612368 -1.125806093 -0.007796799 0.999966860 0.002298084 -0.278010577 0.065628409 -0.001781494 0.997842371 22.332857132
0.997919738 0.006713787 -0.064115979 -1.186022043 -0.006393313 0.999965966 0.005202202 -0.284060866 0.064148717 -0.004781468 0.997928679 23.257915497
0.998004377 0.007072609 -0.062744647 -1.239048719 -0.006710463 0.999959528 0.005980590 -0.294284999 0.062784396 -0.005547611 0.998011470 24.187391281
0.998093307 0.007483461 -0.061264936 -1.300756812 -0.007296429 0.999967933 0.003275966 -0.305695623 0.061287478 -0.002822706 0.998115897 25.122270584
0.998145938 0.008400978 -0.060280692 -1.366760850 -0.008507296 0.999962568 -0.001507335 -0.315420628 0.060265761 0.002017364 0.998180032 26.054821014
0.998223841 0.007703566 -0.059071831 -1.426422834 -0.007978160 0.999958336 -0.004414088 -0.327054769 0.059035357 0.004877531 0.998243690 26.991710663
0.998278141 0.005141480 -0.058428913 -1.480404496 -0.005349496 0.999979854 -0.003404351 -0.338394076 0.058410216 0.003711054 0.998285472 27.938915253
0.998270273 0.003487395 -0.058684666 -1.536899090 -0.003396633 0.999992788 0.001646234 -0.352622509 0.058689967 -0.001444058 0.998274863 28.905464172
0.998228967 -0.000547850 -0.059482869 -1.596341491 0.000854245 0.999986410 0.005125617 -0.364148736 0.059479237 -0.005167353 0.998215795 29.888114929
0.998136461 -0.007560391 -0.060547940 -1.645205259 0.007850469 0.999958694 0.004554353 -0.377028018 0.060510989 -0.005021196 0.998154521 30.841604233
0.998033404 -0.009636032 -0.061935969 -1.705550313 0.009697578 0.999952614 0.000693094 -0.384906232 0.061926331 -0.001292360 0.998079479 31.809459686
0.997958362 -0.009324048 -0.063180596 -1.774595857 0.009136198 0.999952853 -0.003261527 -0.397290558 0.063207999 0.002677636 0.997996390 32.781440735
0.997826517 -0.008442863 -0.065349393 -1.843590140 0.008215634 0.999959171 -0.003745132 -0.408891022 0.065378316 0.003200104 0.997855008 33.754207611
0.997787297 -0.008652936 -0.065918133 -1.915596724 0.008522754 0.999961019 -0.002255903 -0.422644496 0.065935060 0.001689106 0.997822106 34.743587494
0.997711957 -0.005750297 -0.067359686 -1.990720749 0.005806860 0.999982774 0.000643921 -0.437189102 0.067354791 -0.001033597 0.997728169 35.722457886
0.997650385 -0.005968573 -0.068247825 -2.073348522 0.006112126 0.999979317 0.001894749 -0.445354700 0.068235077 -0.002307438 0.997666180 36.726291656
0.997587562 -0.004779326 -0.069251977 -2.149357557 0.005105358 0.999976516 0.004531640 -0.454196751 0.069228664 -0.004874265 0.997588456 37.708957672
0.997611165 -0.005130955 -0.068885997 -2.227133751 0.005663419 0.999955416 0.007536517 -0.460510343 0.068844229 -0.007908645 0.997595608 38.711643219
0.997576892 0.000343307 -0.069569930 -2.308827400 0.000350832 0.999950111 0.009965068 -0.464096516 0.069569856 -0.009965328 0.997526884 39.696731567
0.997589886 0.000065006 -0.069383852 -2.392220259 0.000581526 0.999956489 0.009297912 -0.465674281 0.069381401 -0.009315851 0.997546315 40.689174652
0.997600734 -0.000147161 -0.069227830 -2.466371298 0.000668172 0.999971509 0.007502901 -0.464027971 0.069224715 -0.007531156 0.997572303 41.687744141
0.997596443 0.001875447 -0.069263607 -2.544309616 -0.001504654 0.999984086 0.005405094 -0.470691681 0.069272608 -0.005287885 0.997583389 42.676521301
0.997544289 0.001626963 -0.070016943 -2.623914957 -0.001252049 0.999984443 0.005398133 -0.479473174 0.070024610 -0.005297212 0.997530818 43.675262451
0.997440219 -0.000637061 -0.071499400 -2.690646410 0.001116482 0.999976993 0.006665450 -0.483083904 0.071493484 -0.006728216 0.997417986 44.643764496
0.997383535 -0.000061586 -0.072288431 -2.765328884 0.000613467 0.999970675 0.007612215 -0.488294035 0.072285816 -0.007636644 0.997354329 45.636222839
0.997370183 0.002604595 -0.072425574 -2.840594530 -0.002315712 0.999988854 0.004072333 -0.501917720 0.072435342 -0.003893907 0.997365117 46.595520020
0.997312427 0.003489618 -0.073180072 -2.924220562 -0.003502844 0.999993682 -0.000052426 -0.512018800 0.073179401 0.000308625 0.997318327 47.555088043
0.997256577 0.004789012 -0.073864810 -3.000195742 -0.004899713 0.999986947 -0.001317592 -0.527486563 0.073857509 0.001675895 0.997267008 48.511184692
0.997249782 0.003468968 -0.074030392 -3.072071075 -0.003315438 0.999991894 0.002196641 -0.543205321 0.074037381 -0.001945156 0.997253180 49.499923706
0.997227609 0.001403994 -0.074396245 -3.141485453 -0.000999651 0.999984324 0.005471931 -0.555365145 0.074402735 -0.005382389 0.997213364 50.471229553
0.997196257 -0.000575759 -0.074826226 -3.212633371 0.001042074 0.999980092 0.006193050 -0.565431416 0.074821159 -0.006253660 0.997176945 51.424533844
0.997166932 -0.003509416 -0.075135812 -3.283028126 0.003898571 0.999979496 0.005033290 -0.580341101 0.075116605 -0.005311951 0.997160196 52.377330780
0.997099280 -0.006592757 -0.075822480 -3.347824812 0.006905887 0.999968410 0.003868312 -0.591835082 0.075794578 -0.004380712 0.997113466 53.328613281
0.997010648 -0.008069394 -0.076838478 -3.421495438 0.008484919 0.999950886 0.005082807 -0.603575170 0.076793686 -0.005719580 0.997030258 54.282131195
0.996897459 -0.011016351 -0.077932678 -3.492513895 0.011770925 0.999887943 0.009229597 -0.612745285 0.077822261 -0.010118300 0.996915579 55.237091064
0.996812463 -0.012317443 -0.078819774 -3.559015751 0.013490903 0.999805570 0.014372698 -0.618292689 0.078627400 -0.015390234 0.996784925 56.179985046
0.996781468 -0.010505704 -0.079471715 -3.636418819 0.011861645 0.999791563 0.016609093 -0.622771561 0.079280652 -0.017498301 0.996698380 57.132072449
0.996674836 -0.009523036 -0.080919616 -3.714185238 0.010580416 0.999863863 0.012648287 -0.627277911 0.080788150 -0.013462392 0.996639967 58.064510345
0.996566176 -0.008287107 -0.082380958 -3.792676449 0.008718636 0.999949932 0.004879839 -0.629601121 0.082336389 -0.005581329 0.996588588 58.989044189
0.996505201 -0.006823095 -0.083248466 -3.874042988 0.006855190 0.999976397 0.000099687 -0.637215137 0.083245799 -0.000670021 0.996528447 59.902805328
0.996443868 -0.001989530 -0.084233753 -3.959283352 0.002079944 0.999997258 0.000985613 -0.649498403 0.084231533 -0.001157307 0.996445119 60.806789398
0.996316135 0.000659128 -0.085751675 -4.033600807 -0.000353558 0.999993443 0.003578552 -0.669312239 0.085753448 -0.003535049 0.996309698 61.672981262
0.996234179 0.003391616 -0.086634293 -4.114140034 -0.002953366 0.999982119 0.005186276 -0.686640501 0.086650304 -0.004910880 0.996226251 62.560661316
0.996130705 0.004275905 -0.087777093 -4.191224575 -0.003860839 0.999980450 0.004897849 -0.697585464 0.087796293 -0.004540002 0.996127665 63.416309357
0.995974779 0.005736473 -0.089447878 -4.274102688 -0.005252617 0.999970138 0.005643795 -0.705250561 0.089477561 -0.005151241 0.995975077 64.272880554
0.995841146 0.006526867 -0.090870373 -4.352003098 -0.005974000 0.999961793 0.006354780 -0.718355060 0.090908349 -0.005785490 0.995842040 65.105102539
0.995711267 0.006551226 -0.092281289 -4.429459572 -0.005931059 0.999957800 0.006993035 -0.733886719 0.092323184 -0.006415716 0.995708048 65.933624268
0.995594800 0.006486901 -0.093533181 -4.509567738 -0.005754109 0.999950528 0.008102117 -0.742558420 0.093581088 -0.007528224 0.995582819 66.736244202
0.995442450 0.009300151 -0.094907321 -4.592127323 -0.008309238 0.999906778 0.010830706 -0.750048399 0.094999164 -0.009992735 0.995426834 67.527465820
0.995301664 0.010839717 -0.096211724 -4.675700665 -0.009441407 0.999843180 0.014977040 -0.757041872 0.096358955 -0.013998295 0.995247841 68.317283630
0.995099783 0.013916864 -0.097889341 -4.758326054 -0.012336402 0.999783814 0.016732177 -0.762674391 0.098101005 -0.015442580 0.995056272 69.083526611
0.994926512 0.016689179 -0.099207833 -4.839109421 -0.015495926 0.999798059 0.012786296 -0.771940768 0.099401161 -0.011184106 0.994984269 69.828529358
0.994807303 0.016830951 -0.100371927 -4.922465324 -0.016367657 0.999851108 0.005437565 -0.778739214 0.100448467 -0.003766474 0.994934797 70.561347961
0.994643927 0.015976839 -0.102115065 -4.989212036 -0.016099399 0.999870181 -0.000376115 -0.783630431 0.102095760 0.002018095 0.994772255 71.261985779
0.994596481 0.016951676 -0.102419630 -5.067280769 -0.017199853 0.999850750 -0.001540434 -0.791064262 0.102378190 0.003293716 0.994739830 71.953025818
0.994459867 0.019737089 -0.103243515 -5.143436909 -0.019623050 0.999805033 0.002120226 -0.806744456 0.103265196 -0.000082524 0.994653642 72.615867615
0.994312167 0.020056393 -0.104595482 -5.215424061 -0.019695876 0.999795794 0.004478609 -0.823058963 0.104663908 -0.002393034 0.994504571 73.270835876
0.994265616 0.016946252 -0.105582923 -5.280057907 -0.016903503 0.999856055 0.001299764 -0.837147415 0.105589710 0.000492414 0.994409502 73.906440735
0.994369566 0.008971677 -0.105583295 -5.335999489 -0.009416068 0.999948502 -0.003711230 -0.852558911 0.105544530 0.004684520 0.994403362 74.522026062
0.994500160 0.004980402 -0.104613096 -5.390848637 -0.005912377 0.999945223 -0.008600624 -0.862260044 0.104564503 0.009171842 0.994475663 75.112281799
0.994800389 0.007460230 -0.101566717 -5.451447010 -0.008399843 0.999925494 -0.008826716 -0.872081518 0.101493262 0.009633972 0.994789422 75.690902710
0.995161593 0.012596134 -0.097437054 -5.514967442 -0.013230760 0.999894977 -0.005869830 -0.884471416 0.097352840 0.007130601 0.995224237 76.257408142
0.995619714 0.011198219 -0.092818044 -5.562723637 -0.011504551 0.999929726 -0.002765985 -0.896328509 0.092780508 0.003821703 0.995679080 76.814643860
0.996170878 0.007639264 -0.087088428 -5.599039555 -0.007542546 0.999970198 0.001439520 -0.908291221 0.087096781 -0.000777137 0.996199369 77.355972290
0.996865332 0.003382305 -0.079039969 -5.628394604 -0.003002800 0.999983072 0.004919732 -0.921422839 0.079055220 -0.004666968 0.996859074 77.883506775
0.997634113 0.007086336 -0.068375394 -5.662015438 -0.006774511 0.999965310 0.004791219 -0.930834532 0.068406910 -0.004316673 0.997647941 78.394859314
0.998505235 0.012339185 -0.053237677 -5.694633961 -0.012124252 0.999916732 0.004358250 -0.938457370 0.053286951 -0.003706268 0.998572171 78.897933960
0.999224842 0.017576151 -0.035213523 -5.711539268 -0.017417692 0.999836504 0.004801476 -0.943511426 0.035292082 -0.004184416 0.999368131 79.386817932
0.999781013 0.016116716 -0.013315042 -5.700651169 -0.016048029 0.999857187 0.005248607 -0.947681487 0.013397643 -0.005033778 0.999897420 79.870574951
0.999834538 0.012704303 0.012985713 -5.676945686 -0.012783261 0.999899924 0.006016473 -0.953469753 -0.012908081 -0.006181479 0.999897420 80.334632874
0.999032676 0.011682541 0.042382866 -5.635344505 -0.012010466 0.999899566 0.007491119 -0.961914241 -0.042291213 -0.007992914 0.999073207 80.788505554
0.997104108 0.011225989 0.075209610 -5.577128887 -0.011926020 0.999889374 0.008865234 -0.969830155 -0.075101905 -0.009736516 0.997128189 81.239013672
0.993557096 0.011259241 0.112768538 -5.501895428 -0.012385368 0.999879897 0.009290675 -0.974402130 -0.112650558 -0.010627500 0.993577659 81.686874390
0.987951875 0.011514827 0.154330075 -5.409867287 -0.013073542 0.999872983 0.009088826 -0.977857590 -0.154206008 -0.010996968 0.987977326 82.113296509
0.979883730 0.011191152 0.199253276 -5.293832302 -0.013230652 0.999872565 0.008907194 -0.984155178 -0.199128404 -0.011364272 0.979907274 82.531517029
0.968610704 0.013387153 0.248220488 -5.162455082 -0.015547907 0.999856114 0.006746645 -0.993188560 -0.248094678 -0.010394188 0.968679786 82.935478210
0.953419447 0.014170176 0.301313698 -5.007010937 -0.016080616 0.999863029 0.003860933 -1.003174305 -0.301217914 -0.008526403 0.953516960 83.324142456
0.933935821 0.014202542 0.357157618 -4.829320908 -0.015882811 0.999872088 0.001771817 -1.012820125 -0.357086957 -0.007327435 0.934042215 83.692481995
0.909924865 0.014975703 0.414501935 -4.629808426 -0.016232122 0.999867916 -0.000491426 -1.016251206 -0.414454788 -0.006281090 0.910048068 84.046707153
0.881199658 0.015310032 0.472495645 -4.411131859 -0.015806213 0.999870598 -0.002919824 -1.019072771 -0.472479463 -0.004895423 0.881327927 84.376747131
0.848109961 0.013882502 0.529637754 -4.168350220 -0.013174491 0.999899924 -0.005112323 -1.029475093 -0.529655993 -0.002641899 0.848208189 84.684104919
0.811689734 0.013573779 0.583930552 -3.906178951 -0.012090642 0.999905944 -0.006436785 -1.039894581 -0.583963335 -0.001835426 0.811777771 84.973747253
0.772333443 0.012274181 0.635098100 -3.629532814 -0.011252959 0.999920547 -0.005640311 -1.050257683 -0.635117173 -0.002790535 0.772410572 85.239883423
0.730008483 0.011809199 0.683335483 -3.341989756 -0.012656430 0.999912620 -0.003759279 -1.057607889 -0.683320463 -0.005904286 0.730094492 85.488929749
0.685065627 0.011231558 0.728394210 -3.037438869 -0.011948010 0.999919653 -0.004181070 -1.058686376 -0.728383005 -0.005838558 0.685145080 85.719665527
0.639139831 0.010085132 0.769023955 -2.718766689 -0.008474786 0.999945462 -0.006070020 -1.063631415 -0.769043565 -0.002637725 0.639190674 85.920890808
0.593018055 0.007593346 0.805152893 -2.386320829 -0.002524729 0.999967992 -0.007571076 -1.069723368 -0.805184960 0.002456991 0.593018472 86.099296570
0.546498418 0.009723589 0.837403238 -2.053736210 -0.004365135 0.999951899 -0.008762281 -1.078437328 -0.837448597 0.001133192 0.546514750 86.272659302
0.499133080 0.012782356 0.866430581 -1.718999863 -0.008309212 0.999915659 -0.009964855 -1.086658359 -0.866485298 -0.002225570 0.499197364 86.435844421
0.453856379 0.014963920 0.890948713 -1.377255678 -0.009312882 0.999883831 -0.012049460 -1.097330213 -0.891026020 -0.002828581 0.453943163 86.574676514
0.411671221 0.012609754 0.911244750 -1.025088310 -0.002048972 0.999914348 -0.012911077 -1.103991270 -0.911329985 0.003448002 0.411661893 86.688865662
0.372294873 0.005388221 0.928098381 -0.657348394 0.012661475 0.999860406 -0.010883814 -1.109689951 -0.928027987 0.015803086 0.372174770 86.781074524
0.337109566 0.001924757 0.941462994 -0.293288291 0.017241918 0.999817312 -0.008217849 -1.112740278 -0.941307485 0.019002946 0.337014884 86.873733521
0.303975970 0.006091771 0.952659786 0.071593255 0.014974135 0.999825180 -0.011171315 -1.118742824 -0.952561915 0.017661069 0.303831697 86.972877502
0.273015141 0.013613110 0.961912990 0.438364983 0.004718910 0.999868631 -0.015489588 -1.133048415 -0.961998105 0.008768068 0.272915095 87.075225830
0.244782507 0.017861493 0.969413042 0.817977428 -0.000223290 0.999831080 -0.018365541 -1.153781772 -0.969577909 0.004279095 0.244745180 87.160377502
0.219264865 0.019576492 0.975468516 1.209845424 0.001091207 0.999792874 -0.020309910 -1.169745326 -0.975664616 0.005517680 0.219198108 87.228355408
0.195995674 0.020964105 0.980380237 1.612791061 0.008569333 0.999696374 -0.023090297 -1.181097507 -0.980567217 0.012926800 0.195756540 87.283004761
0.175978765 0.027365517 0.984013081 2.022528648 0.015676148 0.999408543 -0.030597134 -1.180335045 -0.984269083 0.020809984 0.175445706 87.331260681
0.156237885 0.034151651 0.987128437 2.440474510 0.017635327 0.999145985 -0.037358634 -1.183563590 -0.987561941 0.023245171 0.155502185 87.383430481
0.138511062 0.034987673 0.989742219 2.877453089 0.014970792 0.999187291 -0.037416648 -1.200187922 -0.990247667 0.019999847 0.137874693 87.441787720
0.123120405 0.030506747 0.991922319 3.328700781 0.013080135 0.999390364 -0.032359954 -1.225712895 -0.992305398 0.016958650 0.122646302 87.492233276
0.108712450 0.027223416 0.993700027 3.794117451 0.013376082 0.999494016 -0.028845496 -1.248064399 -0.993983090 0.016427681 0.108293287 87.535537720
0.095479816 0.024751609 0.995123208 4.277884960 0.015821109 0.999526381 -0.026379114 -1.267004848 -0.995305479 0.018262628 0.095042981 87.573303223
0.083887361 0.023994585 0.996185958 4.776385784 0.019587139 0.999476731 -0.025723241 -1.283534765 -0.996282578 0.021670291 0.083373457 87.603843689
0.073872775 0.024633508 0.996963024 5.286381721 0.022874471 0.999389529 -0.026388399 -1.298910141 -0.997005165 0.024754390 0.073264159 87.629615784
0.066129684 0.025201499 0.997492373 5.813148975 0.024934694 0.999326587 -0.026900895 -1.316345811 -0.997499287 0.026651122 0.065456726 87.654785156
0.060589921 0.025544738 0.997835457 6.356367588 0.026630996 0.999274731 -0.027198642 -1.333847404 -0.997807324 0.028221320 0.059865657 87.682769775
0.055093113 0.026638426 0.998125434 6.919232368 0.027931836 0.999211192 -0.028209133 -1.352741599 -0.998090386 0.029433610 0.054305550 87.707794189
0.049146276 0.027382109 0.998415828 7.495737553 0.028409297 0.999180794 -0.028801505 -1.371868730 -0.998387456 0.029779783 0.048328064 87.735435486
0.044840742 0.027356703 0.998619139 8.091773987 0.030969128 0.999105871 -0.028760625 -1.393154502 -0.998513937 0.032216020 0.043953393 87.756050110
0.041996215 0.027319496 0.998743832 8.711174965 0.032405913 0.999062359 -0.028690834 -1.414805412 -0.998592079 0.033570122 0.041071475 87.778030396
0.039005946 0.026940739 0.998875380 9.347118378 0.033427872 0.999041259 -0.028250551 -1.435646772 -0.998679698 0.034492232 0.038067922 87.799865723
0.036658891 0.026347226 0.998980105 10.005719185 0.035504639 0.998986423 -0.027650265 -1.457943201 -0.998696923 0.036482070 0.035686225 87.820877075
0.036053095 0.026004277 0.999011099 10.675768852 0.039966822 0.998823583 -0.027441733 -1.479451776 -0.998550355 0.040916678 0.034971312 87.838668823
0.037113734 0.025661668 0.998981118 11.361538887 0.043304287 0.998689353 -0.027262978 -1.502013326 -0.998372316 0.044272017 0.035953771 87.858345032
0.039553951 0.025582323 0.998889506 12.069721222 0.045046359 0.998609722 -0.027358880 -1.524665952 -0.998201489 0.046078514 0.038346510 87.884170532
0.043431923 0.025482807 0.998730958 12.792329788 0.047431808 0.998494267 -0.027539423 -1.548848629 -0.997929692 0.048567738 0.042157777 87.914505005
0.047765516 0.025150161 0.998541534 13.528414726 0.047677569 0.998485625 -0.027429406 -1.573030353 -0.997719944 0.048918240 0.046494029 87.951530457
0.051697455 0.023545504 0.998384833 14.278304100 0.049130343 0.998451054 -0.026091073 -1.595328093 -0.997453451 0.050399866 0.050460529 87.992324829
0.055642575 0.021965101 0.998208761 15.039187431 0.048992027 0.998493195 -0.024702281 -1.621353030 -0.997247934 0.050278805 0.054482564 88.038848877
0.059818979 0.019915614 0.998010159 15.813187599 0.045939483 0.998686194 -0.022682622 -1.645153046 -0.997151494 0.047204956 0.058825430 88.091758728
0.063881844 0.018897360 0.997778118 16.605432510 0.045240972 0.998737514 -0.021812027 -1.667527795 -0.996931374 0.046533883 0.062946215 88.147018433
0.067993015 0.019903271 0.997486830 17.397207260 0.042505033 0.998834968 -0.022827482 -1.694915771 -0.996779859 0.043950353 0.067067772 88.207763672
0.071022891 0.023957284 0.997186542 18.183036804 0.040383667 0.998822391 -0.026872825 -1.724941730 -0.996656775 0.042178664 0.069971733 88.269950867
0.072470680 0.029476123 0.996934533 18.966909409 0.034723964 0.998882234 -0.032057904 -1.750280976 -0.996765852 0.036940798 0.071366124 88.336257935
0.072407775 0.032576665 0.996842623 19.769577026 0.032010186 0.998875201 -0.034968209 -1.784131408 -0.996861219 0.034441102 0.071283527 88.396156311
0.072505534 0.032107484 0.996850729 20.572259903 0.029676402 0.998969197 -0.034334216 -1.821303725 -0.996926248 0.032072380 0.071477950 88.463043213
0.072550967 0.030515524 0.996897399 21.384927750 0.027064539 0.999103010 -0.032552704 -1.857958674 -0.996997237 0.029342312 0.071659990 88.530189514
0.072328515 0.029292949 0.996950209 22.204732895 0.027917327 0.999117017 -0.031382006 -1.894585490 -0.996989846 0.030102016 0.071446858 88.594238281
0.072760150 0.028720247 0.996935427 23.024780273 0.025435450 0.999206245 -0.030642033 -1.932200789 -0.997024834 0.027587036 0.071971878 88.659683228
0.072964773 0.028985092 0.996912777 23.831878662 0.023881096 0.999239743 -0.030800611 -1.970888138 -0.997048259 0.026054747 0.072217092 88.721611023
0.072985657 0.029675655 0.996890903 24.641517639 0.020960627 0.999290347 -0.031281665 -2.008157015 -0.997112334 0.023178589 0.072311826 88.789863586
0.071845710 0.031045262 0.996931970 25.445335388 0.018174758 0.999308288 -0.032429043 -2.044831514 -0.997249782 0.020448903 0.071231760 88.853652954
0.068887293 0.030900043 0.997145295 26.255903244 0.015354758 0.999368489 -0.032029696 -2.079022646 -0.997505844 0.017517380 0.068369314 88.919586182
0.064760908 0.029687682 0.997458577 27.056711197 0.012774684 0.999450326 -0.030576354 -2.117153645 -0.997818589 0.014722385 0.064346045 88.981513977
0.059886545 0.027450798 0.997827113 27.868406296 0.010762896 0.999545515 -0.028144008 -2.151605129 -0.998146772 0.012424971 0.059563853 89.039741516
0.053797372 0.025240019 0.998232305 28.658832550 0.008310984 0.999634147 -0.025723342 -2.192870617 -0.998516917 0.009680153 0.053567894 89.077735901
0.046440639 0.025539756 0.998593986 29.455837250 0.008073933 0.999630451 -0.025941726 -2.226443052 -0.998888016 0.009267344 0.046217240 89.115943909
0.037916746 0.026521331 0.998928368 30.248416901 0.007834351 0.999608696 -0.026836742 -2.260376215 -0.999249816 0.008843530 0.037694100 89.142051697
0.028018016 0.027011860 0.999241829 31.050109863 0.008565105 0.999591231 -0.027261440 -2.291528225 -0.999570370 0.009322437 0.027775168 89.163536072
0.017778672 0.026030287 0.999502480 31.847185135 0.009876020 0.999607265 -0.026208661 -2.323411703 -0.999792814 0.010337077 0.017514573 89.177650452
0.006994291 0.024946604 0.999663711 32.645145416 0.009008097 0.999646246 -0.025009166 -2.356432438 -0.999934554 0.009180004 0.006767049 89.181968689
-0.004009859 0.024220439 0.999697924 33.433452606 0.010549371 0.999651611 -0.024176972 -2.386691093 -0.999935865 0.010449254 -0.004264026 89.174949646
-0.014882202 0.024498904 0.999588370 34.216590881 0.010838016 0.999644578 -0.024338894 -2.419920206 -0.999830067 0.010471353 -0.015142493 89.160057068
-0.025818776 0.024936954 0.999354839 35.001640320 0.011128434 0.999633551 -0.024656374 -2.455613375 -0.999604285 0.010484671 -0.026086893 89.135276794
-0.036314543 0.026017109 0.999000967 35.770664215 0.010729115 0.999613106 -0.025643012 -2.486818314 -0.999282420 0.009787196 -0.036579710 89.105445862
-0.046359111 0.026980836 0.998559654 36.525566101 0.011604272 0.999581754 -0.026469685 -2.519481421 -0.998857081 0.010360460 -0.046652898 89.063194275
-0.055936307 0.027674999 0.998049974 37.304809570 0.012371251 0.999557734 -0.027023425 -2.551399469 -0.998357415 0.010835551 -0.056254033 89.020195007
-0.065594070 0.028345631 0.997443020 38.056308746 0.013469848 0.999529958 -0.027519107 -2.578405142 -0.997755170 0.011630329 -0.065945156 88.968963623
-0.074890584 0.028810723 0.996774793 38.787303925 0.014309094 0.999510109 -0.027814677 -2.609373331 -0.997088790 0.012179904 -0.075266272 88.911888123
-0.083359160 0.028392814 0.996114314 39.522247314 0.015768694 0.999505877 -0.027169870 -2.638178110 -0.996394455 0.013442581 -0.083765820 88.845329285
-0.090676077 0.027313601 0.995505154 40.257194519 0.017656624 0.999510229 -0.025815204 -2.667510271 -0.995723546 0.015236457 -0.091114074 88.775001526
-0.095682725 0.025709299 0.995079160 40.979171753 0.020515403 0.999504447 -0.023850933 -2.697209597 -0.995200038 0.018132348 -0.096162885 88.697959900
-0.099361874 0.023938950 0.994762719 41.671058655 0.023259642 0.999492705 -0.021729464 -2.729632854 -0.994779110 0.020978766 -0.099868432 88.620239258
-0.101963334 0.022977889 0.994522095 42.396835327 0.025024114 0.999475479 -0.020526713 -2.752348661 -0.994472980 0.022794090 -0.102485009 88.544349670
-0.103787556 0.022226073 0.994350493 43.092418671 0.025152830 0.999488592 -0.019715514 -2.777885199 -0.994280994 0.022964530 -0.104293689 88.475189209
-0.104347445 0.022704868 0.994281054 43.750576019 0.026379475 0.999450266 -0.020054419 -2.800973177 -0.994190633 0.024136011 -0.104889177 88.404106140
-0.103654794 0.023886736 0.994325757 44.435703278 0.027433606 0.999399364 -0.021148739 -2.821994543 -0.994234562 0.025085801 -0.104247972 88.339950562
-0.100601472 0.025553776 0.994597912 45.063144684 0.028401192 0.999335885 -0.022802761 -2.847588062 -0.994520962 0.025953803 -0.101260558 88.276733398
-0.095413782 0.026111882 0.995094478 45.673755646 0.028585773 0.999314904 -0.023481678 -2.872193575 -0.995026767 0.026205096 -0.096094973 88.221839905
-0.087533660 0.026788032 0.995800674 46.272655487 0.027872073 0.999312282 -0.024432439 -2.898085356 -0.995771170 0.025616392 -0.088220231 88.178871155
-0.076635405 0.026740363 0.996699870 46.860702515 0.026529733 0.999340475 -0.024771333 -2.924453497 -0.996705711 0.024543846 -0.077294409 88.149208069
-0.062996767 0.027045121 0.997646570 47.422374725 0.025663236 0.999345541 -0.025470639 -2.951220751 -0.997683227 0.023998296 -0.063649721 88.124717712
-0.045906939 0.028315943 0.998543739 47.962017059 0.024595695 0.999326587 -0.027207363 -2.978045464 -0.998642445 0.023310890 -0.046572577 88.114463806
-0.024742348 0.030846944 0.999217331 48.497882843 0.022746136 0.999281824 -0.030285686 -3.004582882 -0.999434590 0.021979013 -0.025426317 88.116027832
-0.000045696 0.033699617 0.999431491 49.006225586 0.020464882 0.999222100 -0.033691607 -3.032521725 -0.999790132 0.020451726 -0.000735393 88.130516052
0.028064808 0.035308644 0.998981774 49.520999908 0.018218704 0.999191225 -0.035827860 -3.060169220 -0.999439657 0.019205671 0.027398780 88.166481018
0.061444525 0.034747891 0.997504950 50.026618958 0.015779136 0.999234498 -0.035780095 -3.086144209 -0.997985363 0.017938267 0.060849164 88.214454651
0.099568553 0.032000907 0.994515479 50.536697388 0.014545083 0.999328494 -0.033611991 -3.115584135 -0.994924009 0.017812017 0.099036232 88.285057068
0.141255170 0.028243707 0.989569724 51.039382935 0.012033348 0.999469459 -0.030243944 -3.141222000 -0.989899695 0.016179958 0.140840381 88.386459351
0.187719554 0.023698833 0.981936216 51.534679413 0.009159873 0.999622524 -0.025876801 -3.168326616 -0.982179523 0.013852000 0.187431663 88.495620728
0.235573396 0.020643590 0.971636772 52.018409729 0.004293469 0.999741852 -0.022281663 -3.190516472 -0.971846700 0.009420664 0.235424027 88.649215698
0.286705375 0.019270424 0.957824469 52.486755371 0.000063730 0.999796629 -0.020133935 -3.211037874 -0.958018422 0.005833551 0.286645949 88.826019287
0.340555459 0.018711356 0.940037787 52.934703827 -0.001099949 0.999808550 -0.019502601 -3.232341051 -0.940223396 0.005607725 0.340510964 89.031501770
0.399008572 0.019212486 0.916745484 53.391460419 0.000705466 0.999773085 -0.021259567 -3.246597290 -0.916946590 0.009129487 0.398904622 89.247665405
0.461024612 0.022433938 0.887103319 53.816394806 0.001504582 0.999658465 -0.026062271 -3.262461424 -0.887385786 0.013350075 0.460833609 89.471771240
0.520943165 0.024603479 0.853236318 54.207950592 0.003149730 0.999521554 -0.030744754 -3.289222002 -0.853585243 0.018703744 0.520616710 89.738700867
0.579145670 0.027987801 0.814743102 54.572483063 -0.000525102 0.999422312 -0.033958592 -3.312842846 -0.815223575 0.019239159 0.578826189 90.034324646
0.634703100 0.031188084 0.772126138 54.910564423 -0.004761289 0.999323308 -0.036451276 -3.328834772 -0.772741139 0.019459430 0.634422481 90.360420227
0.687198281 0.032732677 0.725731730 55.221302032 -0.007066612 0.999237537 -0.038377218 -3.340234041 -0.726435184 0.021244302 0.686906099 90.704032898
0.734766662 0.030835498 0.677618265 55.487766266 -0.007647889 0.999278486 -0.037179999 -3.358668804 -0.678276420 0.022136286 0.734472930 91.070304871
0.779257536 0.027371665 0.626105368 55.739738464 -0.009745331 0.999453366 -0.031564321 -3.377580881 -0.626627564 0.018495141 0.779098988 91.458473206
0.820248544 0.023111874 0.571539700 55.981105804 -0.010934711 0.999633491 -0.024730098 -3.388285398 -0.571902215 0.014035212 0.820201337 91.863449097
0.855753601 0.021234121 0.516947210 56.188964844 -0.013680547 0.999735892 -0.018418413 -3.398157835 -0.517202079 0.008689505 0.855818808 92.294105530
0.885930300 0.019006135 0.463428408 56.369834900 -0.015420577 0.999813795 -0.011525086 -3.402930737 -0.463561356 0.003064089 0.886059165 92.731643677
0.910742521 0.019377772 0.412519217 56.518562317 -0.018761508 0.999807775 -0.005544363 -3.420059919 -0.412547499 -0.002690001 0.910931766 93.165367126
0.930133820 0.021427473 0.366594344 56.651687622 -0.022365933 0.999747634 -0.001687876 -3.433345318 -0.366538107 -0.006629283 0.930379093 93.612800598
0.944703043 0.027451538 0.326775223 56.756301880 -0.029489305 0.999563515 0.001282440 -3.445372820 -0.326597452 -0.010847908 0.945100963 94.067077637
0.955965579 0.032081742 0.291719139 56.855400085 -0.033680145 0.999431789 0.000457749 -3.448494911 -0.291538715 -0.010262744 0.956503689 94.526092529
0.964802146 0.033898458 0.260782033 56.956501007 -0.035324559 0.999374807 0.000781990 -3.451153040 -0.260592461 -0.009966483 0.965397179 94.994979858
0.970690191 0.028299760 0.238661274 57.062679291 -0.029483067 0.999563515 0.001389009 -3.458549738 -0.238517746 -0.008384773 0.971101701 95.466827393
0.974461973 0.025450582 0.223104656 57.161125183 -0.026613366 0.999642551 0.002206211 -3.467495203 -0.222968698 -0.008087444 0.974791825 95.948722839
0.977160454 0.029840434 0.210396230 57.249439240 -0.030939508 0.999518573 0.001933409 -3.471390963 -0.210237175 -0.008398816 0.977614105 96.445083618
0.978984594 0.035329159 0.200849563 57.330989838 -0.036549449 0.999328196 0.002369501 -3.470640182 -0.200630859 -0.009660656 0.979619026 96.945816040
0.979895651 0.043004464 0.194819450 57.415370941 -0.044052001 0.999027789 0.001045577 -3.470952749 -0.194585010 -0.009606751 0.980838358 97.461166382
0.980202436 0.048776079 0.191894591 57.503669739 -0.049198128 0.998784840 -0.002567489 -3.475400925 -0.191786557 -0.006924201 0.981411994 97.984588623
0.980308354 0.050099883 0.191010296 57.602031708 -0.050068628 0.998732448 -0.004992824 -3.487644434 -0.191018239 -0.004669119 0.981575131 98.513748169
0.979915738 0.048580509 0.193402529 57.713294983 -0.047824197 0.998818099 -0.008580048 -3.496073723 -0.193590686 -0.000841597 0.981081784 99.051025391
0.979238212 0.047085606 0.197167203 57.827930450 -0.044997834 0.998872697 -0.015057903 -3.503350735 -0.197653890 0.005873181 0.980253994 99.591949463
0.978393495 0.047444280 0.201232865 57.943153381 -0.044360250 0.998818278 -0.019810064 -3.510913849 -0.201934889 0.010455307 0.979342878 100.142623901
0.977245927 0.052162200 0.205593958 58.056449890 -0.049226779 0.998598874 -0.019370424 -3.524276257 -0.206316248 0.008808948 0.978445411 100.717536926
0.975852370 0.055139821 0.211355448 58.174522400 -0.053065758 0.998470128 -0.015476863 -3.536425114 -0.211885452 0.003887401 0.977286458 101.310600281
0.975004196 0.051953308 0.216025382 58.309391022 -0.050777115 0.998648524 -0.010994949 -3.548408985 -0.216304645 -0.000249024 0.976325572 101.914649963
0.974364698 0.047564309 0.219887167 58.451599121 -0.047530837 0.998853922 -0.005445622 -3.560896397 -0.219894186 -0.005145407 0.975509822 102.531799316
0.973636150 0.045019992 0.223618105 58.595516205 -0.045983251 0.998940766 -0.000900386 -3.570299149 -0.223421797 -0.009406051 0.974676132 103.159355164
0.973145008 0.040438022 0.226611808 58.744300842 -0.041441433 0.999139905 -0.000329686 -3.577001095 -0.226430252 -0.009070298 0.973984778 103.794784546
0.973249376 0.036986090 0.226753071 58.901638031 -0.037179742 0.999301791 -0.003418233 -3.585267067 -0.226721182 -0.005103836 0.973945975 104.437408447
0.973384380 0.036152598 0.226307571 59.055316925 -0.034696832 0.999342680 -0.010408286 -3.596764803 -0.226535127 0.002279106 0.973999977 105.089126587
0.973476171 0.038450263 0.225532785 59.198139191 -0.035517000 0.999222636 -0.017050380 -3.607837200 -0.226013064 0.008587897 0.974086106 105.746505737
0.973958492 0.041464984 0.222901076 59.341896057 -0.037772872 0.999068797 -0.020803697 -3.617955685 -0.223556131 0.011842335 0.974618793 106.420143127
0.974578142 0.039742522 0.220493734 59.497573853 -0.037000936 0.999177098 -0.016551621 -3.631303549 -0.220970109 0.007972380 0.975247622 107.115211487
0.975009084 0.035737414 0.219270781 59.653099060 -0.034612108 0.999359488 -0.008972548 -3.647750854 -0.219451010 0.001158893 0.975622416 107.820755005
0.975545108 0.036160782 0.216803372 59.806484222 -0.036367171 0.999332845 -0.003038942 -3.666035891 -0.216768637 -0.004919905 0.976210237 108.537513733
0.975787640 0.039535634 0.215116322 59.954452515 -0.039684463 0.999204576 -0.003628740 -3.680457115 -0.215088710 -0.004995900 0.976581395 109.267845154
0.976014435 0.045203913 0.212959886 60.097145081 -0.044475019 0.998975635 -0.008214546 -3.690516233 -0.213113099 -0.001453877 0.977026105 109.998161316
0.976829469 0.045980833 0.209020168 60.249240875 -0.044147674 0.998933613 -0.013429686 -3.702543259 -0.209414840 0.003890766 0.977818787 110.739509583
0.977710962 0.044772144 0.205125168 60.404777527 -0.042342685 0.998970330 -0.016220177 -3.715195894 -0.205640256 0.007173102 0.978600979 111.500053406
0.978605449 0.042487543 0.201310098 60.560745239 -0.040350098 0.999076188 -0.014711122 -3.731103420 -0.201749250 0.006273508 0.979416728 112.273536682
0.979448199 0.038752377 0.197936907 60.718547821 -0.036972277 0.999234676 -0.012682429 -3.748743534 -0.198276982 0.005103608 0.980132401 113.057762146
0.979830563 0.037746526 0.196231261 60.871002197 -0.036520097 0.999283075 -0.009865826 -3.769071817 -0.196463048 0.002500455 0.980507731 113.842384338
0.980195284 0.034478042 0.195007250 61.030597687 -0.033649914 0.999403954 -0.007558828 -3.783689737 -0.195151702 0.000847151 0.980772376 114.643508911
0.980428159 0.029397916 0.194668248 61.192291260 -0.028718140 0.999566495 -0.006313911 -3.797725439 -0.194769517 0.000599825 0.980848491 115.442634583
0.980551660 0.030218760 0.193919122 61.348346710 -0.029863788 0.999541581 -0.004754237 -3.812382698 -0.193973929 -0.001129387 0.981005669 116.246467590
0.980305910 0.035698764 0.194229707 61.500682831 -0.035064656 0.999361515 -0.006702850 -3.827979803 -0.194344997 -0.000239756 0.980932832 117.046455383
0.979951560 0.041471407 0.194870159 61.646068573 -0.040291566 0.999136686 -0.010016076 -3.842578888 -0.195117339 0.001963646 0.980777562 117.872390747
0.979360878 0.050306834 0.195757195 61.795040131 -0.048967686 0.998731077 -0.011677608 -3.856638432 -0.196096286 0.001850817 0.980582535 118.698211670
0.978427410 0.056247558 0.198784962 61.944305420 -0.055160411 0.998415828 -0.011006895 -3.874097347 -0.199089214 -0.000195613 0.979981005 119.533615112
0.977637351 0.059071172 0.201829970 62.098995209 -0.058462910 0.998248160 -0.008978740 -3.895893097 -0.202006832 -0.003021619 0.979379117 120.373580933
0.977057934 0.059612982 0.204459175 62.270061493 -0.058863364 0.998217404 -0.009751647 -3.915368795 -0.204676077 -0.002507234 0.978826165 121.228149414
0.976752579 0.058077205 0.206351474 62.438823700 -0.056716003 0.998310924 -0.012510810 -3.932377577 -0.206729561 0.000516534 0.978397608 122.059379578
0.976748824 0.052205399 0.207932383 62.614662170 -0.050987247 0.998635232 -0.011217274 -3.953176260 -0.208234265 0.000354557 0.978078544 122.904228210
0.977033079 0.045616031 0.208146974 62.794502258 -0.043951910 0.998952925 -0.012615222 -3.976729870 -0.208504528 0.003177031 0.978015840 123.725624084
0.976813853 0.044873603 0.209333986 62.973087311 -0.043170456 0.998985887 -0.012700389 -4.001133919 -0.209691659 0.003368872 0.977761388 124.561370850
0.976268053 0.047479697 0.211295947 63.147430420 -0.046465360 0.998871028 -0.009765809 -4.019570351 -0.211521149 -0.000283898 0.977373004 125.415306091
0.975843489 0.049609471 0.212763026 63.314132690 -0.049862832 0.998746157 -0.004178277 -4.034425735 -0.212703615 -0.006531632 0.977094531 126.250694275
0.975458741 0.053128924 0.213675603 63.479427338 -0.054404788 0.998517692 0.000090860 -4.052897453 -0.213354141 -0.011713618 0.976904333 127.068496704
0.975269020 0.052432839 0.214710966 63.656772614 -0.052286997 0.998610616 -0.006362698 -4.071357727 -0.214746356 -0.005021255 0.976656556 127.898262024
0.975573301 0.048345216 0.214287400 63.835941315 -0.044978537 0.998775125 -0.020562004 -4.094435692 -0.215019077 0.010421417 0.976553857 128.707534790
