1.000000000 0.000000000 0.000000000 0.000000000 0.000000000 1.000000000 0.000000000 0.000000000 0.000000000 0.000000000 1.000000000 0.000000000
0.999995589 0.002954978 0.000382029 -0.008667024 -0.002955563 0.999994457 0.001540863 -0.017283648 -0.000377473 -0.001541986 0.999998748 0.775231659
0.999984801 0.005499883 0.000488047 -0.017342295 -0.005500899 0.999982655 0.002106313 -0.036884852 -0.000476454 -0.002108966 0.999997675 1.522153139
0.999975026 0.006982198 0.001120514 -0.028363958 -0.006984117 0.999974132 0.001717115 -0.054314446 -0.001108496 -0.001724898 0.999997914 2.256814003
0.999958515 0.009018015 0.001315784 -0.038254224 -0.009019773 0.999958396 0.001336150 -0.071204543 -0.001303680 -0.001347963 0.999998212 2.983774424
0.999956131 0.009176089 0.001900653 -0.047608789 -0.009178352 0.999957144 0.001185147 -0.088699982 -0.001889697 -0.001202540 0.999997437 3.688621521
0.999953449 0.009372716 0.002283798 -0.050924644 -0.009377699 0.999953568 0.002181137 -0.105026767 -0.002263249 -0.002202453 0.999994934 4.386259079
0.999941170 0.010366505 0.003169260 -0.063047878 -0.010381890 0.999934137 0.004876944 -0.117317244 -0.003118494 -0.004909561 0.999982953 5.047245502
0.999937654 0.010157450 0.004620070 -0.061469182 -0.010198156 0.999908566 0.008874061 -0.127262473 -0.004529509 -0.008920623 0.999949813 5.713220596
0.999937832 0.009416699 0.005955010 -0.060117085 -0.009490302 0.999877334 0.012454613 -0.138166696 -0.005836998 -0.012510353 0.999904513 6.347754478
0.999937952 0.008664101 0.006983900 -0.055314116 -0.008765897 0.999853790 0.014679447 -0.147035122 -0.006855695 -0.014739756 0.999867678 6.961674690
0.999922276 0.009307803 0.008280152 -0.059851967 -0.009426959 0.999850869 0.014470015 -0.157655701 -0.008144232 -0.014546946 0.999860883 7.535161972
0.999903321 0.010247023 0.009386480 -0.057954684 -0.010358385 0.999875665 0.011893414 -0.165413260 -0.009263439 -0.011989491 0.999885082 8.095612526
0.999892056 0.010363096 0.010404944 -0.056506909 -0.010457895 0.999903977 0.009098238 -0.171992496 -0.010309657 -0.009206068 0.999904335 8.619485855
0.999887407 0.008865288 0.012099575 -0.051265199 -0.008957959 0.999930799 0.007626392 -0.177863047 -0.012031127 -0.007733918 0.999897599 9.120806694
0.999889731 0.005055899 0.013957133 -0.040521659 -0.005131845 0.999972224 0.005410962 -0.188958317 -0.013929386 -0.005481989 0.999887824 9.586718559
0.999866486 0.003424503 0.015971769 -0.035013370 -0.003494556 0.999984443 0.004360190 -0.200678378 -0.015956584 -0.004415420 0.999862850 10.014347076
0.999806106 0.007742724 0.018100344 -0.035186261 -0.007787719 0.999966860 0.002416757 -0.211563095 -0.018081026 -0.002557247 0.999833167 10.419222832
0.999704182 0.012121796 0.021081101 -0.033033770 -0.012159441 0.999924779 0.001658398 -0.220828071 -0.021059409 -0.001914241 0.999776304 10.798554420
0.999617875 0.012694678 0.024553053 -0.025680512 -0.012765225 0.999914885 0.002718577 -0.229055882 -0.024516450 -0.003030962 0.999694705 11.147172928
0.999586344 0.008509565 0.027470289 -0.007381395 -0.008599469 0.999958098 0.003156209 -0.235313490 -0.027442278 -0.003391132 0.999617517 11.461674690
0.999542892 0.003718253 0.030000348 0.010729287 -0.003807459 0.999988496 0.002916875 -0.239309996 -0.029989155 -0.003029765 0.999545515 11.747135162
0.999476373 0.000273999 0.032352876 0.026056711 -0.000411513 0.999990940 0.004243817 -0.245876849 -0.032351416 -0.004254906 0.999467373 11.999407768
0.999389410 0.000061308 0.034938972 0.034173530 -0.000248173 0.999985754 0.005343994 -0.253238142 -0.034938142 -0.005349400 0.999375045 12.220307350
0.999308825 0.001060925 0.037158445 0.038800579 -0.001224393 0.999989688 0.004376708 -0.256779909 -0.037153412 -0.004419177 0.999299705 12.416968346
0.999228001 0.002039535 0.039234061 0.046835855 -0.002156103 0.999993384 0.002928967 -0.261389881 -0.039227825 -0.003011297 0.999225616 12.600771904
0.999117792 0.004131915 0.041792169 0.049993422 -0.004229575 0.999988496 0.002248622 -0.269447237 -0.041782394 -0.002423400 0.999123633 12.772357941
0.999035120 0.006720801 0.043401681 0.054133534 -0.006804680 0.999975204 0.001785158 -0.279312402 -0.043388609 -0.002078768 0.999055922 12.932541847
0.998957694 0.008215186 0.044901695 0.054851864 -0.008243946 0.999965847 0.000455349 -0.287181377 -0.044896428 -0.000825041 0.998991132 13.078117371
0.998878181 0.007363331 0.046779014 0.064815417 -0.007307367 0.999972284 -0.001367252 -0.290265441 -0.046787795 0.001023888 0.998904169 13.224736214
0.998817265 0.006063091 0.048242308 0.075525686 -0.005934022 0.999978364 -0.002818207 -0.293717623 -0.048258364 0.002528604 0.998831511 13.367427826
0.998762071 0.005493897 0.049439415 0.082869679 -0.005314020 0.999978662 -0.003769051 -0.299529225 -0.049459081 0.003501664 0.998769820 13.492034912
0.998676956 0.006437570 0.051018778 0.087099411 -0.006182421 0.999967515 -0.005157309 -0.303083390 -0.051050331 0.004835067 0.998684168 13.613606453
0.998605967 0.007369842 0.052267004 0.092372976 -0.007000915 0.999949217 -0.007238078 -0.308402687 -0.052317701 0.006862072 0.998606741 13.731450081
0.998560131 0.007480367 0.053120732 0.098246574 -0.006996792 0.999932349 -0.009283460 -0.315253735 -0.053186592 0.008898418 0.998544753 13.844020844
0.998523176 0.006747284 0.053907126 0.104842372 -0.006129190 0.999913573 -0.011623004 -0.318502873 -0.053980898 0.011275432 0.998478115 13.966146469
0.998553514 0.005919297 0.053440910 0.109877445 -0.005207448 0.999895871 -0.013449735 -0.323747128 -0.053514965 0.013151989 0.998480201 14.081293106
0.998667061 0.005441309 0.051327918 0.115451016 -0.004699203 0.999882698 -0.014567751 -0.328971267 -0.051401172 0.014307132 0.998575389 14.198049545
0.998817682 0.005452011 0.048306849 0.118371382 -0.004710230 0.999869287 -0.015456169 -0.333817035 -0.048384804 0.015210357 0.998712778 14.323080063
0.998991430 0.006393557 0.044443686 0.111700259 -0.005664288 0.999847472 -0.016515441 -0.342554361 -0.044542495 0.016247042 0.998875201 14.422154427
0.999226570 0.006727050 0.038742252 0.110130109 -0.006052747 0.999828577 -0.017495910 -0.348738849 -0.038853299 0.017247882 0.999095857 14.536008835
0.999460220 0.006541371 0.032193109 0.106635921 -0.005959911 0.999817908 -0.018124538 -0.353967816 -0.032305803 0.017922888 0.999317050 14.654336929
0.999657989 0.006897186 0.025224714 0.096194163 -0.006423595 0.999802470 -0.018807959 -0.359394163 -0.025349448 0.018639496 0.999504566 14.765420914
0.999826550 0.007135718 0.017199837 0.089119136 -0.006796140 0.999782443 -0.019721292 -0.363298088 -0.017336817 0.019600982 0.999657273 14.888415337
0.999953687 0.006393641 0.007188092 0.079970457 -0.006242136 0.999761999 -0.020905593 -0.366450787 -0.007320045 0.020859759 0.999755263 15.018848419
0.999970675 0.005031787 -0.005771593 0.069732539 -0.005160516 0.999733329 -0.022510407 -0.370508552 0.005656780 0.022539534 0.999729574 15.157419205
0.999747515 0.004644620 -0.021984993 0.052192137 -0.005179249 0.999690771 -0.024323815 -0.375245184 0.021865204 0.024431542 0.999462008 15.309329987
0.999146461 0.005019326 -0.041001759 0.027079733 -0.006052511 0.999666393 -0.025113445 -0.382036179 0.040862001 0.025340175 0.998843074 15.469676018
0.998013854 0.006029007 -0.062704787 -0.005661389 -0.007582234 0.999669611 -0.024562113 -0.388014883 0.062535949 0.024988776 0.997729540 15.650811195
0.996249914 0.006709093 -0.086260661 -0.048620850 -0.008723320 0.999697566 -0.022994796 -0.396099776 0.086080261 0.023661049 0.996006966 15.849346161
0.993571579 0.007599063 -0.112949237 -0.098467857 -0.010061558 0.999723673 -0.021247767 -0.406338841 0.112756521 0.022247631 0.993373275 16.054641724
0.989701867 0.008866371 -0.142868295 -0.163706660 -0.011678118 0.999754131 -0.018854205 -0.416419804 0.142665952 0.020328483 0.989561856 16.270904541
0.984360278 0.009220796 -0.175925091 -0.229343086 -0.012062347 0.999813497 -0.015089497 -0.427440226 0.175753087 0.016975580 0.984287620 16.494150162
0.977098763 0.010166141 -0.212542966 -0.315533251 -0.012767336 0.999859512 -0.010869510 -0.435298920 0.212402523 0.013334202 0.977091014 16.736341476
0.967637300 0.011975168 -0.252060443 -0.419947326 -0.013724162 0.999892473 -0.005181820 -0.443402201 0.251971185 0.008473450 0.967697382 16.988492966
0.955797791 0.016237358 -0.293575913 -0.529810488 -0.016947351 0.999856472 0.000125308 -0.453265429 0.293535709 0.004855575 0.955935478 17.238880157
0.941836178 0.019816428 -0.335487485 -0.667881846 -0.019346107 0.999801695 0.004744255 -0.456289917 0.335514843 0.002022076 0.942032456 17.508466721
0.925303459 0.022129096 -0.378581077 -0.821098506 -0.019529238 0.999752104 0.010706135 -0.459711790 0.378724009 -0.002513013 0.925505996 17.790115356
0.906290650 0.025218653 -0.421901852 -0.993073583 -0.019240163 0.999645233 0.018422604 -0.460580707 0.422216594 -0.008578759 0.906454146 18.071802139
0.884707987 0.029379413 -0.465218723 -1.174238920 -0.019908436 0.999482751 0.025259230 -0.466349572 0.465720028 -0.013085253 0.884835124 18.339597702
0.860130191 0.034535497 -0.508904040 -1.376542926 -0.022148492 0.999293029 0.030379990 -0.475578755 0.509593308 -0.014859275 0.860286832 18.602483749
0.832423866 0.037705500 -0.552855074 -1.610558987 -0.022722788 0.999165893 0.033931244 -0.473492175 0.553673208 -0.015682757 0.832586110 18.882068634
0.801974833 0.041331142 -0.595926285 -1.867613316 -0.025007177 0.999051929 0.035636686 -0.467000932 0.596834004 -0.013677279 0.802247882 19.153751373
0.768622696 0.043679032 -0.638209581 -2.145954132 -0.024939254 0.998953819 0.038332961 -0.453865260 0.639216006 -0.013547104 0.768907666 19.423034668
0.732107401 0.047482368 -0.679532468 -2.444931984 -0.025746834 0.998783708 0.042051222 -0.440964162 0.680702388 -0.013290191 0.732439220 19.681737900
0.693658888 0.048477057 -0.718670726 -2.775173664 -0.023143558 0.998717606 0.045029189 -0.422943890 0.719931781 -0.014602285 0.693890989 19.945373535
0.653293788 0.048250694 -0.755565584 -3.130030155 -0.019957172 0.998717904 0.046522684 -0.409501642 0.756841421 -0.015314014 0.653418899 20.204948425
0.610796332 0.047088385 -0.790386558 -3.506443501 -0.014158415 0.998720050 0.048558787 -0.393552899 0.791661203 -0.018468888 0.610680938 20.458560944
0.566586137 0.047093980 -0.822655857 -3.902544022 -0.008906886 0.998657227 0.051034983 -0.377195120 0.823954463 -0.021588393 0.566244543 20.693264008
0.520088792 0.048388161 -0.852740645 -4.337930202 -0.006557345 0.998590827 0.052664980 -0.353884131 0.854087174 -0.021798730 0.519672871 20.918024063
0.470573813 0.047896557 -0.881059885 -4.792137623 -0.004808015 0.998650134 0.051721081 -0.330580056 0.882347643 -0.020102417 0.470168591 21.118753433
0.418387175 0.046698272 -0.907067597 -5.270177364 0.000789630 0.998658478 0.051777821 -0.306371212 0.908268511 -0.022379404 0.417788744 21.305833817
0.364877164 0.045935016 -0.929921925 -5.774525642 0.006567601 0.998630524 0.051905937 -0.284711868 0.931032598 -0.025046626 0.364075512 21.476041794
0.311130524 0.044868793 -0.949307501 -6.298676491 0.009022997 0.998700559 0.050160579 -0.255846411 0.950324416 -0.024172066 0.310321122 21.613183975
0.257996559 0.050403047 -0.964830279 -6.862609386 0.009971756 0.998446286 0.054825611 -0.220632672 0.966094375 -0.023765855 0.257092893 21.728664398
0.206707433 0.055387031 -0.976833940 -7.445971489 0.013091994 0.998150527 0.059366085 -0.193060532 0.978315175 -0.025060095 0.205599815 21.819347382
0.158552438 0.056778405 -0.985716760 -8.050470352 0.018793065 0.997990906 0.060508262 -0.164369300 0.987171650 -0.028118351 0.157166645 21.893276215
0.114422083 0.058200121 -0.991726041 -8.668236732 0.021436527 0.997905493 0.061036032 -0.140205979 0.993200839 -0.028243013 0.112934619 21.938114166
0.074220672 0.056433585 -0.995643914 -9.308750153 0.021320000 0.998079658 0.058160946 -0.108207405 0.997013867 -0.025543850 0.072874792 21.959831238
0.038715485 0.052062258 -0.997893214 -9.955426216 0.018699462 0.998429298 0.052815706 -0.071706980 0.999075234 -0.020704828 0.037680954 21.954563141
0.010279516 0.052010823 -0.998593748 -10.622783661 0.016503526 0.998501658 0.052175906 -0.037351657 0.999810874 -0.017016638 0.009405576 21.936439514
-0.010679092 0.056111723 -0.998367488 -11.326000214 0.015241183 0.998317599 0.055945877 -0.004277010 0.999826729 -0.014618830 -0.011516505 21.909391403
-0.023515409 0.062085290 -0.997793913 -12.044549942 0.016826432 0.997953117 0.061698630 0.027870778 0.999581754 -0.015338421 -0.024512116 21.880235672
-0.031641442 0.064815082 -0.997395635 -12.786601067 0.016751798 0.997789562 0.064309232 0.062169898 0.999358773 -0.014673310 -0.032657430 21.849304199
-0.035454415 0.062157407 -0.997436523 -13.546833038 0.017978987 0.997942269 0.061549835 0.095234782 0.999209404 -0.015750661 -0.036499146 21.816263199
-0.034722649 0.058207236 -0.997700572 -14.326349258 0.025512086 0.998028934 0.057338491 0.135622054 0.999071121 -0.023462454 -0.036139358 21.794677734
-0.030440345 0.056465726 -0.997940481 -15.122320175 0.037289172 0.997772336 0.055318762 0.180779338 0.998840570 -0.035528425 -0.032478258 21.786834717
-0.024963506 0.056636319 -0.998082876 -15.945289612 0.037690017 0.997737527 0.055674031 0.219757974 0.998977363 -0.036227915 -0.027041815 21.767314911
-0.019844348 0.055223923 -0.998276889 -16.779865265 0.035932422 0.997867882 0.054487005 0.248913825 0.999156952 -0.034789219 -0.021786537 21.741004944
-0.016686583 0.049002696 -0.998659372 -17.628320694 0.039585467 0.998047769 0.048311245 0.285820335 0.999076605 -0.038726225 -0.018593973 21.732500076
-0.014560191 0.038256273 -0.999162018 -18.487234116 0.037301209 0.998593211 0.037690915 0.319212794 0.999197781 -0.036721140 -0.015966887 21.714832306
-0.014037848 0.029973775 -0.999452233 -19.367177963 0.029694656 0.999122381 0.029546797 0.344494522 0.999460220 -0.029263601 -0.014915764 21.685461044
-0.015395188 0.027224585 -0.999510884 -20.288825989 0.024001375 0.999351382 0.026850546 0.373627484 0.999593139 -0.023576256 -0.016038805 21.658384323
-0.018942099 0.033211760 -0.999268889 -21.221557617 0.015107942 0.999343634 0.032927848 0.395928681 0.999706209 -0.014473167 -0.019431600 21.618930817
-0.024060568 0.041434549 -0.998851538 -22.177616119 0.010261742 0.999098420 0.041197587 0.418515056 0.999657571 -0.009258714 -0.024464237 21.578266144
-0.028749295 0.050873693 -0.998291314 -23.176183701 0.008781315 0.998678386 0.050640523 0.456851751 0.999547839 -0.007310423 -0.029158209 21.544563293
-0.030372139 0.060996450 -0.997675896 -24.197484970 0.007513112 0.998122036 0.060794998 0.500213325 0.999510109 -0.005649168 -0.030773547 21.507413864
-0.031437140 0.068774223 -0.997136950 -25.227550507 0.009488279 0.997605503 0.068507388 0.549219370 0.999460399 -0.007307426 -0.032014586 21.476818085
-0.032854866 0.069567777 -0.997036219 -26.244367599 0.010306844 0.997545183 0.069263645 0.603107333 0.999406695 -0.008000638 -0.033491410 21.438560486
-0.034597918 0.066941261 -0.997157037 -27.261482239 0.009084551 0.997734129 0.066664793 0.655012846 0.999359727 -0.006752252 -0.035127830 21.395298004
-0.037167192 0.062113967 -0.997376978 -28.259069443 0.008752675 0.998048425 0.061829608 0.701306880 0.999270439 -0.006431677 -0.037638493 21.343524933
-0.041687567 0.056941941 -0.997506976 -29.261138916 0.008708220 0.998357534 0.056626558 0.745939493 0.999092460 -0.006325881 -0.042115130 21.289342880
-0.047138974 0.052316561 -0.997517526 -30.288463593 0.008969609 0.998609483 0.051949952 0.789941609 0.998847783 -0.006498470 -0.047542855 21.232713699
-0.054192401 0.050411768 -0.997257352 -31.296669006 0.008170521 0.998713791 0.050041389 0.827250898 0.998496771 -0.005436244 -0.054534759 21.167474747
-0.060790662 0.052770924 -0.996754766 -32.352600098 0.008353914 0.998593390 0.052358773 0.868869007 0.998115242 -0.005143875 -0.061146166 21.098346710
-0.067052126 0.057777259 -0.996075392 -33.408927917 0.006890822 0.998324931 0.057443883 0.908969939 0.997725368 -0.003012040 -0.067338109 21.015562057
-0.073279485 0.060788956 -0.995457292 -34.459358215 0.004107337 0.998150587 0.060651071 0.948751748 0.997302711 0.000355803 -0.073393799 20.930004120
-0.077894002 0.063177004 -0.994958043 -35.528499603 0.001066307 0.997994781 0.063286349 0.998141170 0.996960819 0.003868698 -0.077805333 20.833642960
-0.080720045 0.064672142 -0.994636655 -36.585147858 -0.003111523 0.997871518 0.065134987 1.046450853 0.996731699 0.008352535 -0.080347165 20.738531113
-0.082458682 0.066123232 -0.994398594 -37.656337738 -0.007036079 0.997732818 0.066928394 1.095728040 0.996569395 0.012515494 -0.081806652 20.637586594
-0.083971418 0.065859988 -0.994289517 -38.733440399 -0.008229799 0.997733414 0.066783145 1.144938469 0.996433973 0.013790677 -0.083239242 20.537441254
-0.085345648 0.065118842 -0.994221270 -39.806812286 -0.008574108 0.997776806 0.066087738 1.194375157 0.996314287 0.014164861 -0.084597744 20.437034607
-0.086364053 0.064484566 -0.994174659 -40.878753662 -0.009727153 0.997800708 0.065564767 1.248060465 0.996215880 0.015332929 -0.085547037 20.329221725
-0.087299153 0.063537307 -0.994153976 -41.956314087 -0.011995836 0.997824371 0.064825282 1.302489758 0.996109605 0.017584901 -0.086347207 20.225772858
-0.088355713 0.061120462 -0.994212151 -43.048641205 -0.016556775 0.997887492 0.062817827 1.353850603 0.995951116 0.022011261 -0.087157272 20.126213074
-0.088634491 0.056387205 -0.994467020 -44.139919281 -0.021855621 0.998045743 0.058538079 1.399201632 0.995824158 0.026923185 -0.087229066 20.014772415
-0.087663807 0.055955596 -0.994577408 -45.236053467 -0.023105495 0.998038113 0.058186878 1.446968198 0.995881855 0.028081086 -0.086199105 19.903184891
-0.086175613 0.060247641 -0.994456708 -46.337432861 -0.023899456 0.997757375 0.062518656 1.494678497 0.995992959 0.029154560 -0.084542640 19.801824570
-0.084302381 0.063371971 -0.994423091 -47.449970245 -0.023862600 0.997560740 0.065594897 1.547161222 0.996154070 0.029259332 -0.082584694 19.700824738
-0.082910448 0.063254707 -0.994547546 -48.552730560 -0.021607080 0.997634590 0.065252341 1.598192334 0.996322334 0.026899375 -0.081347756 19.607564926
-0.080503106 0.062535442 -0.994790733 -49.657009125 -0.021282554 0.997694314 0.064440273 1.651114225 0.996526659 0.026359336 -0.078986757 19.513887405
-0.076510355 0.063270122 -0.995059311 -50.771076202 -0.025505939 0.997533500 0.065388620 1.703755617 0.996742070 0.030382834 -0.074708067 19.412240982
-0.070819825 0.064363979 -0.995410383 -51.904045105 -0.030559989 0.997307241 0.066660881 1.757225752 0.997020483 0.035140648 -0.068662345 19.317993164
-0.065267503 0.064002804 -0.995813131 -53.032318115 -0.034095742 0.997214854 0.066327617 1.813773632 0.997284710 0.038282037 -0.062903687 19.237001419
-0.059546534 0.063254856 -0.996219397 -54.161098480 -0.035528038 0.997223377 0.065442234 1.871919632 0.997592628 0.039290588 -0.057134066 19.159223557
-0.053753026 0.062497027 -0.996596575 -55.293315887 -0.035201326 0.997300208 0.064439826 1.926093102 0.997933209 0.038545366 -0.051408119 19.090612411
-0.048580892 0.062399119 -0.996868253 -56.425720215 -0.033252079 0.997392058 0.064052433 1.979786992 0.998265207 0.036259674 -0.046379492 19.034589767
-0.042883962 0.063202620 -0.997078955 -57.575279236 -0.032464106 0.997381508 0.064618103 2.030349731 0.998552084 0.035140365 -0.040720049 18.977409363
-0.037295476 0.064842090 -0.997198343 -58.706951141 -0.031617466 0.997316062 0.066032276 2.085973740 0.998803496 0.033991601 -0.035145432 18.930707932
-0.031731363 0.066021338 -0.997313559 -59.860019684 -0.032456692 0.997221351 0.067047931 2.144884348 0.998968840 0.034497030 -0.029500555 18.888597488
-0.026350437 0.065261938 -0.997520208 -60.996738434 -0.032300122 0.997289717 0.066100128 2.202044010 0.999130309 0.033961795 -0.024171246 18.851016998
-0.021370677 0.060604800 -0.997933090 -62.162948608 -0.032515053 0.997590423 0.061280344 2.260858774 0.999242187 0.033757452 -0.019348815 18.815645218
-0.016983001 0.055236742 -0.998328865 -63.302852631 -0.032340586 0.997919679 0.055764303 2.315812349 0.999332011 0.033233590 -0.015161484 18.793485641
-0.013276852 0.054659367 -0.998416781 -64.435974121 -0.032594036 0.997950137 0.055067290 2.365938902 0.999379873 0.033273559 -0.011468271 18.773729324
-0.010207836 0.057182096 -0.998311579 -65.590995789 -0.031771079 0.997840643 0.057480022 2.408516884 0.999442399 0.032304190 -0.008369261 18.761980057
-0.007889928 0.056730323 -0.998358369 -66.751625061 -0.032139815 0.997858882 0.056955982 2.456937551 0.999451637 0.032536443 -0.006049938 18.743078232
-0.006803749 0.056759547 -0.998364687 -67.925117493 -0.034182370 0.997790754 0.056959912 2.502481699 0.999391854 0.034514021 -0.004848748 18.726478577
-0.005945986 0.057733234 -0.998314321 -69.093521118 -0.035077821 0.997705162 0.057906974 2.547358513 0.999366283 0.035363015 -0.003907391 18.707275391
-0.004707928 0.057515338 -0.998333514 -70.254608154 -0.035815943 0.997693956 0.057647441 2.590026855 0.999346733 0.036027666 -0.002637312 18.691247940
-0.003623869 0.055644695 -0.998444080 -71.434204102 -0.036052458 0.997793794 0.055739366 2.634253025 0.999342740 0.036198366 -0.001609953 18.680240631
-0.002987747 0.054395746 -0.998515010 -72.619277954 -0.034068950 0.997933805 0.054466084 2.680578232 0.999414444 0.034181096 -0.001128575 18.671482086
-0.002712773 0.054173712 -0.998527825 -73.800575256 -0.030695010 0.998055995 0.054231565 2.726796389 0.999524593 0.030796945 -0.001044845 18.673751831
-0.002497423 0.054931633 -0.998486936 -74.974838257 -0.028157765 0.998089850 0.054980274 2.772378922 0.999599874 0.028252477 -0.000946109 18.669769287
-0.002365501 0.057732511 -0.998329222 -76.153640747 -0.028035365 0.997935355 0.057776220 2.818338633 0.999603629 0.028125200 -0.000742274 18.659816742
-0.002126790 0.061206438 -0.998122811 -77.364593506 -0.030269919 0.997663260 0.061242819 2.871853590 0.999539018 0.030343354 -0.000269314 18.653226852
-0.001497226 0.061221849 -0.998122990 -78.542396545 -0.032195799 0.997603238 0.061238322 2.920277596 0.999480009 0.032227058 0.000477241 18.638198853
-0.001168192 0.059240729 -0.998242974 -79.721527100 -0.033599511 0.997677207 0.059246536 2.970175028 0.999434292 0.033609692 0.000824772 18.627206802
-0.000659203 0.056826755 -0.998383760 -80.908660889 -0.033876602 0.997809112 0.056816485 3.009498596 0.999425411 0.033859305 0.001267131 18.616912842
-0.000766498 0.056102172 -0.998424649 -82.084152222 -0.032050829 0.997910082 0.056097928 3.057157993 0.999485552 0.032043338 0.001033017 18.615615845
-0.000688777 0.057673905 -0.998335123 -83.247161865 -0.031031827 0.997852802 0.057667516 3.100813866 0.999517798 0.031019887 0.001102221 18.610836029
-0.000371541 0.060552750 -0.998164773 -84.415245056 -0.030836092 0.997689009 0.060535423 3.145267010 0.999523997 0.030802000 0.001496320 18.603158951
0.000075561 0.062884882 -0.998020589 -85.594696045 -0.031280968 0.997531950 0.062851772 3.195835829 0.999510229 0.031214314 0.002042267 18.600757599
0.000239665 0.063272625 -0.997996032 -86.761688232 -0.032275677 0.997476220 0.063231960 3.245970488 0.999478519 0.032195859 0.002281019 18.589002609
0.000602501 0.061206676 -0.998124719 -87.925689697 -0.031864341 0.997618794 0.061156463 3.295146465 0.999491513 0.031767756 0.002551169 18.581775665
0.000867657 0.059824809 -0.998208344 -89.104789734 -0.030581411 0.997742951 0.059770379 3.349675417 0.999531388 0.030474773 0.002695018 18.584337234
0.000863499 0.060841400 -0.998146892 -90.270698547 -0.029055446 0.997726917 0.060790706 3.397459507 0.999576867 0.028949127 0.002629103 18.585113525
0.001066916 0.063723408 -0.997966826 -91.440040588 -0.027017929 0.997604489 0.063671432 3.447847128 0.999633849 0.026895082 0.002785827 18.587453842
0.001291190 0.066197440 -0.997805476 -92.597717285 -0.025677834 0.997479081 0.066142611 3.500649691 0.999668956 0.025536098 0.002987535 18.584571838
0.001867837 0.067929208 -0.997688174 -93.756790161 -0.026367610 0.997345924 0.067856595 3.558944941 0.999650061 0.026179925 0.003653804 18.579153061
0.002719549 0.069704123 -0.997563779 -94.912361145 -0.029338770 0.997143149 0.069594800 3.619457722 0.999565363 0.029078048 0.004756607 18.561903000
0.003011442 0.068902917 -0.997618616 -96.070854187 -0.031575672 0.997131765 0.068774022 3.674386978 0.999496341 0.031293388 0.005178254 18.555772781
0.002857411 0.064891651 -0.997888029 -97.216857910 -0.034180768 0.997314930 0.064756550 3.729012012 0.999411106 0.033923559 0.005067578 18.548265457
0.003154561 0.063076138 -0.998003542 -98.383064270 -0.035834365 0.997374237 0.062923141 3.787029505 0.999352276 0.035564344 0.005406365 18.548526764
0.003486574 0.061618887 -0.998093426 -99.527313232 -0.035746198 0.997468889 0.061455496 3.834357262 0.999354303 0.035463795 0.005680183 18.543380737
0.003705875 0.062009186 -0.998068511 -100.688110352 -0.034374438 0.997493029 0.061845835 3.884006739 0.999401629 0.034078866 0.005827909 18.544919968
0.003643798 0.063912779 -0.997948647 -101.841102600 -0.033862855 0.997390389 0.063753419 3.940232038 0.999419332 0.033561099 0.005798352 18.542608261
0.003967198 0.065954678 -0.997814536 -103.006370544 -0.032729480 0.997295976 0.065790311 3.997290134 0.999455869 0.032396961 0.006114926 18.539194107
0.003332060 0.065052859 -0.997876108 -104.173980713 -0.036437817 0.997226357 0.064888880 4.054473877 0.999329865 0.036144219 0.005692996 18.536605835
0.003079239 0.066329561 -0.997792900 -105.350738525 -0.040629961 0.996981442 0.066150285 4.112395763 0.999168992 0.040336594 0.005764705 18.528610229
0.002998180 0.065521598 -0.997846544 -106.505424500 -0.044237439 0.996882260 0.065325424 4.170237541 0.999016047 0.043946318 0.005887134 18.513599396
0.002753495 0.061690498 -0.998091400 -107.667167664 -0.045039956 0.997089386 0.061504368 4.224910259 0.998980880 0.044784643 0.005523812 18.508504868
0.001981669 0.057633903 -0.998335660 -108.848403931 -0.044798542 0.997339904 0.057487551 4.284145355 0.998993635 0.044610061 0.004558106 18.503566742
0.001093110 0.056669585 -0.998392224 -110.032524109 -0.041253418 0.997544944 0.056576379 4.334325314 0.999147654 0.041125242 0.003428034 18.503145218
0.000774726 0.055882435 -0.998436868 -111.254814148 -0.036675375 0.997766554 0.055816513 4.390028000 0.999326468 0.036574796 0.002822298 18.503662109
0.000330354 0.057656605 -0.998336196 -112.472251892 -0.035466492 0.997708380 0.057608660 4.444687366 0.999370337 0.035388447 0.002374266 18.498308182
-0.000470760 0.061590198 -0.998101175 -113.671180725 -0.034617156 0.997501552 0.061569579 4.499653816 0.999400079 0.034580402 0.001662286 18.492425919
-0.001077307 0.061588679 -0.998100817 -114.901016235 -0.032951560 0.997556627 0.061590727 4.558264732 0.999455929 0.032955322 0.000954560 18.491060257
-0.001659020 0.057254162 -0.998358011 -116.136558533 -0.032838836 0.997817278 0.057277780 4.610889912 0.999458790 0.032879937 0.000224553 18.485982895
-0.002465682 0.053562410 -0.998561203 -117.381416321 -0.033061210 0.998013496 0.053614721 4.666565418 0.999449790 0.033145837 -0.000690155 18.473798752
-0.003308093 0.052095979 -0.998636365 -118.636039734 -0.031970188 0.998125315 0.052175280 4.718280315 0.999482870 0.032099187 -0.001636583 18.461820602
-0.004048039 0.053264488 -0.998571992 -119.873939514 -0.034021657 0.997994244 0.053371642 4.765747547 0.999412417 0.034189116 -0.002227983 18.452497482
-0.004561672 0.058000676 -0.998305857 -121.148345947 -0.038961411 0.997547448 0.058134697 4.815747261 0.999229848 0.039160591 -0.002290906 18.430139542
-0.004789133 0.061456989 -0.998097956 -122.411178589 -0.044236235 0.997118890 0.061609015 4.867787361 0.999009192 0.044447150 -0.002056919 18.406772614
-0.004782028 0.061280727 -0.998108804 -123.654663086 -0.051481131 0.996781111 0.061445918 4.923420429 0.998662114 0.051677614 -0.001612043 18.376667023
-0.004477892 0.059247412 -0.998233020 -124.913589478 -0.054599904 0.996738911 0.059403725 4.980910301 0.998497844 0.054769438 -0.001228595 18.351854324
-0.004610523 0.057966419 -0.998307586 -126.173812866 -0.056871861 0.996686697 0.058135018 5.034643650 0.998370409 0.057043657 -0.001298798 18.327072144
-0.005131689 0.057483170 -0.998332977 -127.439689636 -0.057287313 0.996689141 0.057683054 5.082994461 0.998344064 0.057487842 -0.001821851 18.311651230
-0.005441693 0.056602754 -0.998381674 -128.690124512 -0.055121366 0.996861041 0.056817044 5.132515430 0.998464406 0.055341359 -0.002304800 18.299354553
-0.005672418 0.057293791 -0.998341024 -129.934768677 -0.055455562 0.996802151 0.057520635 5.181072712 0.998444676 0.055689853 -0.002477229 18.282739639
-0.006316165 0.062444869 -0.998028159 -131.182525635 -0.055924170 0.996463537 0.062700965 5.228377342 0.998414695 0.056209933 -0.002801861 18.268711090
-0.006876199 0.066709891 -0.997748435 -132.427169800 -0.055110257 0.996229887 0.066988237 5.279120445 0.998456240 0.055446804 -0.003174086 18.255416870
-0.006863078 0.065331832 -0.997839689 -133.691284180 -0.055639911 0.996291935 0.065613255 5.342163563 0.998426974 0.055970028 -0.003202782 18.238309860
-0.005941879 0.063934080 -0.997936130 -134.941741943 -0.055423021 0.996398330 0.064165629 5.406157017 0.998444915 0.055689912 -0.002377268 18.221866608
-0.004813130 0.063234128 -0.997986794 -136.186889648 -0.054549418 0.996495366 0.063402779 5.463823318 0.998499155 0.054744773 -0.001347086 18.210813522
-0.003918898 0.062557966 -0.998033285 -137.438827515 -0.054759838 0.996529639 0.062678799 5.517733097 0.998491526 0.054897778 -0.000479842 18.201217651
-0.003063081 0.064585939 -0.997907102 -138.688873291 -0.054485295 0.996418238 0.064656898 5.574658394 0.998509526 0.054569315 0.000466666 18.191139221
-0.002136379 0.068303786 -0.997661889 -139.954650879 -0.055566419 0.996114314 0.068316892 5.634316444 0.998452365 0.055582460 0.001667111 18.179481506
-0.000834538 0.069382764 -0.997589350 -141.200851440 -0.056861084 0.995972037 0.069317922 5.696904659 0.998381436 0.056781873 0.003113797 18.174547195
0.000183437 0.066643909 -0.997776389 -142.465682983 -0.059154447 0.996029437 0.066516422 5.761083126 0.998248518 0.059010722 0.004124786 18.161479950
0.000248183 0.063606128 -0.997974634 -143.709350586 -0.058158536 0.996285915 0.063484110 5.821842194 0.998307049 0.058024999 0.003946295 18.154964447
0.000570093 0.062026896 -0.998073936 -144.963287354 -0.055415176 0.996541858 0.061900105 5.877724171 0.998462915 0.055273160 0.004005148 18.148731232
0.000316273 0.061629210 -0.998098671 -146.203063965 -0.054250054 0.996629417 0.061521374 5.927910805 0.998526990 0.054127458 0.003658390 18.148567200
0.000090835 0.061786842 -0.998089015 -147.426971436 -0.051759407 0.996750832 0.061699376 5.983967781 0.998659194 0.051654894 0.003288384 18.151865005
-0.000192615 0.060408510 -0.998173416 -148.649536133 -0.049889561 0.996929169 0.060342927 6.032926083 0.998754323 0.049810056 0.002821524 18.153810501
0.000061871 0.060584486 -0.998162746 -149.900497437 -0.048911721 0.996967554 0.060509000 6.088664055 0.998802722 0.048818115 0.003024769 18.136114120
-0.000107734 0.063129202 -0.998005033 -151.125823975 -0.046557467 0.996921718 0.063065797 6.145375729 0.998915195 0.046471380 0.002831527 18.134786606
-0.000274670 0.064428397 -0.997921944 -152.357116699 -0.044166710 0.996946633 0.064377680 6.200683117 0.999023736 0.044092610 0.002571552 18.136713028
-0.000370814 0.063053183 -0.998009801 -153.593246460 -0.041940045 0.997129977 0.063013278 6.247787476 0.999119639 0.041879941 0.002274497 18.132715225
-0.001001854 0.063307658 -0.997993290 -154.821533203 -0.043208539 0.997058153 0.063291810 6.302063465 0.999065161 0.043185242 0.001736317 18.119953156
-0.000848695 0.067980513 -0.997686028 -156.060684204 -0.044066705 0.996713817 0.067951858 6.362327576 0.999027848 0.044022407 0.002149564 18.108489990
-0.000330767 0.074533120 -0.997218192 -157.293563843 -0.048979271 0.996019363 0.074459851 6.426638603 0.998799324 0.048867662 0.003320921 18.100732803
0.000802464 0.074662246 -0.997208297 -158.500030518 -0.053469963 0.995784461 0.074512698 6.492471695 0.998568714 0.053260911 0.004791063 18.083168030
0.002309719 0.070877157 -0.997482061 -159.719131470 -0.057714719 0.995830774 0.070626259 6.558125973 0.998329997 0.057406291 0.006390541 18.068679810
0.003958737 0.065479770 -0.997845769 -160.942169189 -0.059825942 0.996080995 0.065126702 6.618621349 0.998200595 0.059439261 0.007860409 18.062046051
0.004693372 0.063883774 -0.997946024 -162.167282104 -0.062394649 0.996030450 0.063467786 6.676342487 0.998040140 0.061968632 0.008660545 18.060398102
0.006171826 0.060827356 -0.998128951 -163.393188477 -0.057072759 0.996541560 0.060377799 6.727824211 0.998350561 0.056593347 0.009621865 18.059204102
0.006385020 0.056263801 -0.998395205 -164.602218628 -0.054153297 0.996969163 0.055837188 6.780013084 0.998511791 0.053709883 0.009412337 18.065814972
0.006204181 0.053019624 -0.998573840 -165.818649292 -0.047957644 0.997459114 0.052662544 6.824735165 0.998829663 0.047562532 0.008730910 18.071004868
0.005176261 0.055790856 -0.998428702 -167.050796509 -0.045579843 0.997416854 0.055498078 6.876675606 0.998946905 0.045220960 0.007705624 18.077102661
0.005940279 0.062292241 -0.998039961 -168.312057495 -0.046096817 0.997012913 0.061953839 6.927430153 0.998918951 0.045638453 0.008793805 18.076093674
0.007662792 0.065506846 -0.997822404 -169.534896851 -0.047737725 0.996737182 0.065069072 6.982563496 0.998830080 0.047135171 0.010764735 18.072299957
0.009415898 0.062260702 -0.998015165 -170.752731323 -0.048754111 0.996900260 0.061731242 7.038428307 0.998766005 0.048076097 0.012421975 18.075862885
0.010111558 0.062362164 -0.998001993 -171.984664917 -0.050824657 0.996794343 0.061771821 7.094181061 0.998655975 0.050098509 0.013248479 18.079685211
0.011120310 0.063514739 -0.997918606 -173.197219849 -0.048909102 0.996819615 0.062899843 7.145410538 0.998740911 0.048107844 0.014191192 18.087690353
0.011886507 0.061644875 -0.998027027 -174.397888184 -0.049473461 0.996910632 0.060986754 7.196846962 0.998704255 0.048650935 0.014899371 18.090543747
0.013591263 0.060194023 -0.998093843 -175.556961060 -0.049503300 0.997001708 0.059454128 7.243403912 0.998681068 0.048600879 0.016530117 18.099864960
0.015111519 0.062270142 -0.997944653 -176.700408936 -0.051102176 0.996801496 0.061425067 7.280298710 0.998578668 0.050068907 0.018245129 18.113086700
0.016433692 0.064695761 -0.997769475 -177.827392578 -0.051179841 0.996649563 0.063780278 7.309205532 0.998553813 0.050017525 0.019689558 18.126178741
0.016981509 0.066201255 -0.997661531 -178.923049927 -0.051884845 0.996518433 0.065242343 7.351019859 0.998508215 0.050655592 0.020357037 18.133295059
0.017098781 0.067374296 -0.997581005 -179.981460571 -0.052058015 0.996432602 0.066404536 7.393545151 0.998497188 0.050796639 0.020544963 18.148733139
0.016893435 0.068408974 -0.997514069 -181.026214600 -0.051278744 0.996401846 0.067464352 7.433631420 0.998541057 0.050011549 0.020340381 18.160131454
0.017412504 0.067800544 -0.997546673 -182.038726807 -0.051138844 0.996451557 0.066833556 7.471747398 0.998539388 0.049849629 0.020817764 18.172811508
0.018791994 0.067731321 -0.997526348 -183.010467529 -0.051932443 0.996420979 0.066678017 7.513909340 0.998473406 0.050550953 0.022241998 18.185930252
0.020255413 0.068556428 -0.997441292 -183.957244873 -0.052566212 0.996338248 0.067413211 7.555104256 0.998411655 0.051066212 0.023784803 18.197799683
0.019684343 0.067111999 -0.997550905 -184.894561768 -0.051015038 0.996511102 0.066035464 7.587508678 0.998503566 0.049590223 0.023039196 18.206995010
0.016620280 0.064126410 -0.997802973 -185.832778931 -0.048662610 0.996809244 0.063252054 7.624434948 0.998676658 0.047504418 0.019687612 18.220678329
0.011718169 0.060650516 -0.998089910 -186.749694824 -0.048320405 0.997025728 0.060018618 7.659180164 0.998762786 0.047524784 0.014613772 18.225429535
0.006936321 0.057693481 -0.998309851 -187.684371948 -0.049922828 0.997108042 0.057277236 7.694539070 0.998728633 0.049441140 0.009796275 18.221616745
0.003135413 0.056881037 -0.998375654 -188.604339600 -0.051736917 0.997051775 0.056643210 7.732253551 0.998655438 0.051475268 0.006068806 18.214033127
0.000212000 0.057712018 -0.998332858 -189.515945435 -0.053514384 0.996902108 0.057618026 7.765867233 0.998566687 0.053412944 0.003299550 18.206247330
-0.001823490 0.059477918 -0.998227596 -190.443420410 -0.052250970 0.996859074 0.059491906 7.801071167 0.998632014 0.052266829 0.001289797 18.202516556
-0.003302041 0.060972098 -0.998133659 -191.359725952 -0.049480885 0.996905565 0.061060853 7.838950634 0.998769343 0.049590144 -0.000275090 18.197589874
-0.004745009 0.061538581 -0.998093069 -192.274551392 -0.047822952 0.996947408 0.061695375 7.873887062 0.998844266 0.048024483 -0.001787792 18.190553665
-0.005694839 0.060471766 -0.998153269 -193.180618286 -0.048142374 0.996994555 0.060676314 7.912397861 0.998824000 0.048398994 -0.002766694 18.179342270
-0.006326610 0.059329022 -0.998218060 -194.078842163 -0.050126959 0.996963382 0.059572224 7.949508667 0.998722553 0.050414506 -0.003333641 18.163717270
-0.006305562 0.058790982 -0.998250008 -194.981491089 -0.053613216 0.996813297 0.059045095 7.984852314 0.998541653 0.053891692 -0.003133720 18.148626328
-0.005536381 0.057091847 -0.998353183 -195.885147095 -0.056083210 0.996778488 0.057312883 8.021549225 0.998410523 0.056308143 -0.002316875 18.135681152
-0.004548312 0.054514144 -0.998502254 -196.785446167 -0.056242313 0.996917188 0.054683875 8.055087090 0.998406589 0.056406781 -0.001468512 18.125627518
-0.004182436 0.051998340 -0.998638034 -197.696197510 -0.056000173 0.997066498 0.052151129 8.089424133 0.998421788 0.056142002 -0.001258473 18.120897293
-0.003676117 0.051577110 -0.998661876 -198.609146118 -0.056050688 0.997087061 0.051702179 8.124653816 0.998420954 0.056165736 -0.000774698 18.115964890
-0.003086993 0.054204091 -0.998524725 -199.539871216 -0.053453542 0.997091949 0.054291651 8.159329414 0.998565316 0.053542271 -0.000180835 18.112623215
-0.003272085 0.055590019 -0.998447895 -200.469329834 -0.052840430 0.997047782 0.055685308 8.193439484 0.998597383 0.052940618 -0.000325245 18.107290268
-0.002352188 0.051866859 -0.998650789 -201.406341553 -0.047864135 0.997502208 0.051920015 8.225247383 0.998850882 0.047921669 0.000136030 18.104906082
-0.002139411 0.048739932 -0.998808742 -202.348297119 -0.046604309 0.997720003 0.048786700 8.262690544 0.998910964 0.046653148 0.000136739 18.102821350
-0.001741121 0.049155261 -0.998789132 -203.288284302 -0.050882742 0.997491598 0.049180176 8.299428940 0.998702943 0.050906744 0.000764183 18.090667725
-0.000290209 0.053200711 -0.998583317 -204.244812012 -0.052279286 0.997216105 0.053143136 8.330006599 0.998632312 0.052220635 0.002491680 18.082824707
0.001910942 0.052675407 -0.998609364 -205.207626343 -0.050001003 0.997366250 0.052514225 8.368880272 0.998747170 0.049831100 0.004539520 18.080442429
0.004005006 0.053751737 -0.998545825 -206.166793823 -0.048903551 0.997368693 0.053492304 8.413906097 0.998795271 0.048618179 0.006622910 18.083490372
0.005742476 0.058651485 -0.998261511 -207.151168823 -0.049679566 0.997061133 0.058295254 8.454732895 0.998748541 0.049258418 0.008639174 18.083137512
0.007229607 0.062527791 -0.998016536 -208.137557983 -0.046286400 0.996992946 0.062128440 8.497420311 0.998901904 0.045745403 0.010101848 18.098234177
0.008450025 0.063148521 -0.997967899 -209.136840820 -0.046044812 0.996968627 0.062695503 8.545933723 0.998903453 0.045421436 0.011331868 18.107189178
0.010549011 0.063858666 -0.997902751 -210.126556396 -0.049364496 0.996773839 0.063264668 8.594497681 0.998724937 0.048593562 0.013667130 18.107952118
0.013107649 0.065479174 -0.997767389 -211.140045166 -0.052120335 0.996540427 0.064714037 8.647230148 0.998554587 0.051155705 0.016474904 18.116750717
0.016695622 0.065735102 -0.997696936 -212.163757324 -0.053269457 0.996476471 0.064763345 8.697724342 0.998440385 0.052065492 0.020138279 18.127031326
0.019680474 0.063340217 -0.997797430 -213.178009033 -0.056299280 0.996476531 0.062146004 8.746362686 0.998219728 0.054952204 0.023176955 18.136745453
0.022659045 0.060165238 -0.997930706 -214.207839966 -0.056136891 0.996687710 0.058815744 8.794196129 0.998165667 0.054688007 0.025961304 18.153862000
