1.000000000 0.000000000 0.000000000 0.000000000 0.000000000 1.000000000 0.000000000 0.000000000 0.000000000 0.000000000 1.000000000 0.000000000
0.999999821 -0.000567296 -0.000231025 -0.004856173 0.000567649 0.999998689 0.001530546 -0.021617446 0.000230156 -0.001530676 0.999998808 1.327791929
0.999998212 -0.001766876 -0.000720591 -0.005890148 0.001768009 0.999997258 0.001575492 -0.044940166 0.000717806 -0.001576763 0.999998510 2.635908127
0.999994814 -0.003129491 -0.000803259 -0.011942089 0.003129869 0.999995053 0.000469931 -0.065688021 0.000801784 -0.000472443 0.999999583 3.937926769
0.999994934 -0.003143745 -0.000593134 -0.022040974 0.003144030 0.999994993 0.000479940 -0.085711852 0.000591622 -0.000481803 0.999999762 5.265134811
0.999993622 -0.003550440 -0.000576237 -0.030453514 0.003551208 0.999992847 0.001337732 -0.107653216 0.000571483 -0.001339770 0.999998987 6.594767094
0.999987960 -0.004917158 -0.000237622 -0.043494083 0.004917741 0.999984801 0.002520436 -0.131057322 0.000225225 -0.002521574 0.999996841 7.932207584
0.999990106 -0.004431149 -0.000533936 -0.050632343 0.004432710 0.999985814 0.002960439 -0.153052181 0.000520810 -0.002962776 0.999995530 9.267270088
0.999993265 -0.003558533 -0.000934317 -0.059462588 0.003559632 0.999992967 0.001177645 -0.173613504 0.000930119 -0.001180963 0.999998927 10.594967842
0.999999285 -0.000715693 -0.001000325 -0.065271370 0.000714649 0.999999225 -0.001043017 -0.195552036 0.001001071 0.001042302 0.999999046 11.947243690
0.999995828 0.002793429 -0.000792548 -0.078324921 -0.002794916 0.999994338 -0.001881407 -0.218751594 0.000787288 0.001883615 0.999998033 13.278683662
0.999987006 0.005031717 -0.000905262 -0.088085726 -0.005033458 0.999985456 -0.001930825 -0.245097041 0.000895533 0.001935357 0.999997854 14.619805336
0.999981821 0.005999940 -0.000693506 -0.099523112 -0.006000621 0.999981523 -0.000983959 -0.270076394 0.000687590 0.000988103 0.999999404 15.965730667
0.999993622 0.003579134 -0.000223205 -0.105487525 -0.003578706 0.999991775 0.001891214 -0.294336855 0.000229972 -0.001890403 0.999998331 17.328790665
0.999999940 -0.000456290 -0.000082323 -0.112258732 0.000456591 0.999992967 0.003705629 -0.315128297 0.000080632 -0.003705667 0.999993265 18.678550720
0.999996424 -0.002671184 -0.000325698 -0.116267331 0.002671654 0.999995291 0.001451549 -0.338037014 0.000321819 -0.001452413 0.999999046 20.033946991
0.999993920 -0.003493790 -0.000155658 -0.130925581 0.003493685 0.999993622 -0.000667442 -0.356506079 0.000157989 0.000666894 0.999999940 21.387916565
0.999999285 -0.001084195 0.000553842 -0.139797002 0.001085416 0.999996901 -0.002209257 -0.381958246 -0.000551446 0.002209858 0.999997616 22.751911163
0.999997735 0.001594830 0.001470037 -0.153981686 -0.001594513 0.999998629 -0.000216598 -0.402819335 -0.001470381 0.000214253 0.999999106 24.117444992
0.999996006 0.002014892 0.002039432 -0.165016487 -0.002021862 0.999992013 0.003421658 -0.424000382 -0.002032522 -0.003425768 0.999992251 25.457515717
0.999996722 -0.000265988 0.002592441 -0.164816350 0.000252237 0.999985814 0.005303079 -0.440971315 -0.002593816 -0.005302409 0.999982774 26.837650299
0.999988258 -0.004386716 0.002113296 -0.161926344 0.004379172 0.999984026 0.003560496 -0.459660530 -0.002128882 -0.003551200 0.999991655 28.206470490
0.999986529 -0.004824457 0.001952038 -0.167797208 0.004821809 0.999987423 0.001358121 -0.479955882 -0.001958566 -0.001348691 0.999997377 29.564821243
0.999985099 -0.004727371 0.002763924 -0.170909971 0.004730265 0.999988198 -0.001042046 -0.500766814 -0.002758966 0.001055104 0.999995828 30.963584900
0.999993861 -0.001378572 0.003240798 -0.177968308 0.001384202 0.999997497 -0.001735901 -0.533557594 -0.003238397 0.001740376 0.999993443 32.348205566
0.999993503 -0.000370554 0.003601375 -0.185965449 0.000384571 0.999992311 -0.003892604 -0.559437096 -0.003599905 0.003893964 0.999986172 33.725193024
0.999993384 0.000642805 0.003585613 -0.193324909 -0.000631234 0.999994576 -0.003227602 -0.590050340 -0.003587669 0.003225319 0.999988556 35.111091614
0.999993861 0.000599729 0.003447568 -0.197719961 -0.000592762 0.999997735 -0.002021627 -0.617221594 -0.003448773 0.002019571 0.999992251 36.520942688
0.999993682 0.001790702 0.003078056 -0.204428509 -0.001788801 0.999998152 -0.000620530 -0.638560951 -0.003079163 0.000615021 0.999995291 37.918884277
0.999983549 0.004783319 0.003176123 -0.212967187 -0.004782475 0.999988496 -0.000273454 -0.664965749 -0.003177396 0.000258260 0.999995172 39.315353394
0.999970615 0.006868466 0.003410978 -0.220263109 -0.006867326 0.999976337 -0.000346045 -0.694949508 -0.003413276 0.000322610 0.999994338 40.720443726
0.999952495 0.009128457 0.003412341 -0.231858432 -0.009128772 0.999958277 0.000076552 -0.720709801 -0.003411501 -0.000107698 0.999994397 42.151115417
0.999949574 0.009645299 0.002806783 -0.222422138 -0.009646055 0.999953449 0.000255885 -0.747535229 -0.002804186 -0.000282947 0.999996245 43.599449158
0.999959230 0.008713143 0.002384349 -0.228582650 -0.008713776 0.999962032 0.000255521 -0.774330020 -0.002382034 -0.000276287 0.999997377 45.013664246
0.999964893 0.008218074 0.001690285 -0.231225967 -0.008217598 0.999966204 -0.000288728 -0.794973910 -0.001692602 0.000274828 0.999998748 46.420829773
0.999968112 0.007941750 0.000965091 -0.235140517 -0.007941569 0.999968410 -0.000191358 -0.813836038 -0.000966581 0.000183688 0.999999762 47.829914093
0.999968290 0.007982672 -0.000053906 -0.243034348 -0.007982606 0.999967396 0.001137230 -0.840436995 0.000062981 -0.001136763 0.999999583 49.242698669
0.999965191 0.008284047 -0.001154687 -0.254569054 -0.008282987 0.999965191 0.000919401 -0.865481317 0.001162262 -0.000909805 0.999999106 50.654178619
0.999959767 0.008668659 -0.002386119 -0.264538199 -0.008665591 0.999961555 0.001292716 -0.886164725 0.002397233 -0.001271987 0.999996483 52.080707550
0.999956608 0.008690421 -0.003394624 -0.278839558 -0.008682624 0.999959588 0.002304641 -0.912162900 0.003414514 -0.002275067 0.999991775 53.509960175
0.999968529 0.006811071 -0.004114169 -0.286178797 -0.006796682 0.999970675 0.003500863 -0.938137412 0.004137892 -0.003472790 0.999985635 54.951053619
0.999973357 0.005670982 -0.004629148 -0.295723379 -0.005654555 0.999977589 0.003554064 -0.957299352 0.004649199 -0.003527793 0.999983191 56.378765106
0.999981701 0.003070657 -0.005234938 -0.302747458 -0.003055221 0.999990821 0.002954136 -0.983760834 0.005243961 -0.002938087 0.999982178 57.840259552
0.999983788 0.001993619 -0.005356772 -0.311392039 -0.001975879 0.999992371 0.003315153 -1.009698629 0.005363340 -0.003304515 0.999980390 59.293365479
0.999987125 0.000566523 -0.005068370 -0.319577098 -0.000546060 0.999991477 0.004038167 -1.032611728 0.005070614 -0.004035348 0.999979258 60.722713470
0.999988973 -0.000602617 -0.004677154 -0.331151277 0.000624779 0.999988377 0.004738736 -1.053009152 0.004674243 -0.004741607 0.999978125 62.154819489
0.999989033 -0.002085279 -0.004217339 -0.335275769 0.002103445 0.999988258 0.004308216 -1.073974967 0.004208305 -0.004317041 0.999982119 63.584560394
0.999985218 -0.003878091 -0.003828791 -0.348809004 0.003892196 0.999985397 0.003684224 -1.099465489 0.003814447 -0.003699072 0.999986172 65.006919861
0.999989688 -0.003133306 -0.003318359 -0.357420504 0.003144406 0.999989212 0.003346039 -1.124363422 0.003307838 -0.003356439 0.999989212 66.452186584
0.999996603 -0.001423533 -0.002223404 -0.379209638 0.001430615 0.999993622 0.003187891 -1.152524710 0.002218849 -0.003191061 0.999992788 67.903045654
0.999996364 0.002017349 -0.001807274 -0.391896933 -0.002009212 0.999987662 0.004494003 -1.172927380 0.001816316 -0.004490356 0.999988616 69.306983948
0.999984026 0.005593172 -0.000845156 -0.410137177 -0.005588331 0.999968350 0.005625579 -1.191340327 0.000876591 -0.005620768 0.999984145 70.712051392
0.999950409 0.009960547 -0.000001469 -0.427154124 -0.009960362 0.999932587 0.005938992 -1.208847880 0.000060622 -0.005938685 0.999982655 72.136199951
0.999896407 0.014384735 0.000581733 -0.436207056 -0.014387743 0.999880970 0.005547728 -1.230490565 -0.000501864 -0.005555525 0.999984741 73.545028687
0.999832571 0.018271634 0.001032574 -0.429316342 -0.018276617 0.999820113 0.005044524 -1.261356235 -0.000940220 -0.005062553 0.999987006 74.923255920
0.999799073 0.019975467 0.001711271 -0.438744724 -0.019983778 0.999787748 0.004987058 -1.284170747 -0.001611292 -0.005020255 0.999986351 76.347007751
0.999798834 0.019955697 0.002012908 -0.448605746 -0.019966029 0.999786675 0.005252117 -1.296239138 -0.001907672 -0.005291251 0.999984443 77.751548767
0.999816060 0.019089229 0.001869257 -0.440232456 -0.019098274 0.999805212 0.004948972 -1.323355675 -0.001774424 -0.004983763 0.999986291 79.169219971
0.999835908 0.018035719 0.001698989 -0.442198455 -0.018042454 0.999828935 0.004038104 -1.347216845 -0.001625872 -0.004068096 0.999990702 80.565155029
0.999844134 0.017605467 0.001316329 -0.446416855 -0.017610729 0.999836326 0.004101346 -1.369470477 -0.001243911 -0.004123889 0.999991059 81.903091431
0.999845684 0.017534286 0.001052900 -0.455883026 -0.017538674 0.999836683 0.004318659 -1.392707944 -0.000977007 -0.004336460 0.999990463 83.286575317
0.999853075 0.017136887 0.000246059 -0.452888399 -0.017137710 0.999845386 0.003886390 -1.412154555 -0.000179423 -0.003890037 0.999992788 84.700416565
0.999850988 0.017250903 -0.000480716 -0.464259237 -0.017248619 0.999841392 0.004396913 -1.437840700 0.000556488 -0.004387967 0.999990582 86.099960327
0.999860466 0.016634813 -0.001462026 -0.476123571 -0.016626745 0.999847174 0.005363567 -1.463189006 0.001551023 -0.005338512 0.999984920 87.482482910
0.999888480 0.014717621 -0.002515514 -0.480609864 -0.014701600 0.999872029 0.006271473 -1.483656764 0.002607492 -0.006233793 0.999977529 88.913528442
0.999914587 0.012440027 -0.003993190 -0.481816590 -0.012412732 0.999899685 0.006788332 -1.506077766 0.004077237 -0.006738188 0.999969304 90.288635254
0.999934256 0.010361923 -0.004900177 -0.487353414 -0.010327935 0.999922574 0.006910880 -1.527755737 0.004971408 -0.006859819 0.999964416 91.710121155
0.999940336 0.009388207 -0.005581839 -0.490181714 -0.009353537 0.999936819 0.006204799 -1.536790133 0.005639739 -0.006152221 0.999965489 93.117126465
0.999950111 0.008225649 -0.005674877 -0.505141675 -0.008192962 0.999949634 0.005759138 -1.548907518 0.005721965 -0.005712358 0.999967635 94.473922729
0.999945760 0.008742658 -0.005668285 -0.528068244 -0.008713378 0.999948442 0.005169895 -1.567806602 0.005713193 -0.005120227 0.999970913 95.798797607
0.999947786 0.008629188 -0.005483503 -0.546330750 -0.008603988 0.999952137 0.004602695 -1.588896990 0.005522960 -0.004555276 0.999974728 97.157798767
0.999940336 0.009500179 -0.005399120 -0.564309359 -0.009479226 0.999947250 0.003893254 -1.612342596 0.005435824 -0.003841843 0.999978244 98.497749329
0.999928951 0.010678505 -0.005299493 -0.570988834 -0.010656239 0.999934137 0.004211961 -1.632093787 0.005344124 -0.004155190 0.999977469 99.893608093
0.999920964 0.011548833 -0.004964413 -0.594990969 -0.011520339 0.999916971 0.005730169 -1.656826258 0.005030180 -0.005672526 0.999971688 101.219757080
0.999908090 0.012690874 -0.004773723 -0.618605614 -0.012657248 0.999895036 0.007009026 -1.675157905 0.004862175 -0.006947962 0.999964476 102.558563232
0.999915063 0.012254472 -0.004435284 -0.641701221 -0.012229422 0.999909103 0.005631314 -1.693762183 0.004503891 -0.005576596 0.999974728 103.870559692
0.999913037 0.012479565 -0.004268570 -0.656983018 -0.012465511 0.999916613 0.003303162 -1.713536501 0.004309438 -0.003249665 0.999985814 105.193603516
0.999918163 0.012000879 -0.004438895 -0.670089781 -0.011991878 0.999925792 0.002048437 -1.729425550 0.004463150 -0.001995037 0.999988437 106.545204163
0.999942183 0.009809423 -0.004407612 -0.679133117 -0.009795001 0.999946475 0.003281627 -1.749009490 0.004439568 -0.003238264 0.999985278 107.891807556
0.999966919 0.007190338 -0.003801165 -0.691431224 -0.007170215 0.999960184 0.005281211 -1.769967079 0.003838988 -0.005253782 0.999979198 109.209671021
0.999980330 0.005507160 -0.002993016 -0.697809815 -0.005489657 0.999967813 0.005824816 -1.789121151 0.003024999 -0.005808272 0.999978900 110.549095154
0.999985576 0.004995963 -0.001967130 -0.712601662 -0.004987544 0.999978304 0.004261104 -1.807559490 0.001988375 -0.004251232 0.999989331 111.861701965
0.999972820 0.007265084 -0.001293744 -0.724231184 -0.007262700 0.999971807 0.001838012 -1.830350280 0.001307060 -0.001828565 0.999997795 113.180374146
0.999952316 0.009771510 0.000064942 -0.744121611 -0.009771492 0.999952137 -0.000235923 -1.852066517 -0.000067245 0.000235278 1.000000238 114.491851807
0.999917865 0.012727458 0.001507885 -0.759378314 -0.012727254 0.999918878 -0.000143588 -1.876116514 -0.001509592 0.000124386 0.999999106 115.798614502
0.999895573 0.014115714 0.003085626 -0.765528321 -0.014120726 0.999898851 0.001609317 -1.892588377 -0.003062600 -0.001652720 0.999994159 117.126777649
0.999895692 0.013845147 0.004105036 -0.770504773 -0.013861055 0.999896288 0.003872902 -1.917472959 -0.004050991 -0.003929399 0.999984264 118.491928101
0.999903023 0.013055456 0.004841303 -0.774548769 -0.013076384 0.999905050 0.004317118 -1.930562139 -0.004784484 -0.004380007 0.999979138 119.823539734
0.999891400 0.013529963 0.005841109 -0.774528027 -0.013552093 0.999900937 0.003766201 -1.951897144 -0.005789577 -0.003844951 0.999976039 121.177612305
0.999855220 0.015553053 0.006908515 -0.768075883 -0.015575580 0.999873340 0.003219354 -1.970894694 -0.006857573 -0.003326492 0.999971151 122.538131714
0.999810457 0.017652426 0.008217514 -0.773444772 -0.017675977 0.999839664 0.002802495 -1.986134291 -0.008166730 -0.002947217 0.999962509 123.919868469
0.999786079 0.018465146 0.009324359 -0.772660077 -0.018480489 0.999827802 0.001562087 -1.998160124 -0.009293915 -0.001734071 0.999955535 125.272224426
0.999756098 0.019554418 0.010269077 -0.769987822 -0.019563327 0.999808073 0.000768141 -2.020826340 -0.010252092 -0.000968851 0.999947190 126.617179871
0.999767005 0.018455878 0.011199847 -0.761345685 -0.018463377 0.999829113 0.000566964 -2.041130304 -0.011187477 -0.000773618 0.999937296 127.981529236
0.999762475 0.018079286 0.012171402 -0.759237051 -0.018100778 0.999834538 0.001658240 -2.060583115 -0.012139417 -0.001878158 0.999924719 129.332870483
0.999771237 0.016885623 0.013130626 -0.755730629 -0.016919205 0.999853611 0.002450890 -2.075794220 -0.013087329 -0.002672489 0.999910951 130.684677124
0.999779403 0.016183142 0.013392750 -0.746460378 -0.016222589 0.999864161 0.002842359 -2.097948790 -0.013344942 -0.003058997 0.999906421 132.045074463
0.999815166 0.013819972 0.013367993 -0.732597888 -0.013862095 0.999899030 0.003063843 -2.119685173 -0.013324309 -0.003248586 0.999906123 133.377136230
0.999836981 0.012404653 0.013121698 -0.720338523 -0.012454880 0.999915183 0.003753218 -2.143508434 -0.013074036 -0.003916035 0.999907076 134.732971191
0.999863565 0.010922144 0.012389889 -0.709716082 -0.010965715 0.999933720 0.003454431 -2.166415691 -0.012351345 -0.003589824 0.999917507 136.071609497
0.999892056 0.009544766 0.011172121 -0.698686302 -0.009583066 0.999948204 0.003379965 -2.190761566 -0.011139289 -0.003486663 0.999932110 137.472473145
0.999915600 0.008111876 0.010151317 -0.692142069 -0.008155686 0.999957383 0.004281858 -2.207948446 -0.010116157 -0.004364287 0.999939501 138.825195312
0.999938369 0.006432748 0.009048318 -0.685511470 -0.006473013 0.999969065 0.004427914 -2.226481915 -0.009019559 -0.004486211 0.999949455 140.184951782
0.999950826 0.006126740 0.007794871 -0.686504543 -0.006161679 0.999970853 0.004466473 -2.248450994 -0.007767283 -0.004514283 0.999959826 141.518630981
0.999959886 0.005874242 0.006761937 -0.691837370 -0.005901217 0.999974489 0.003976532 -2.272773743 -0.006738409 -0.004016276 0.999969423 142.839889526
0.999966204 0.005866973 0.005761040 -0.694342315 -0.005887901 0.999975920 0.003622761 -2.290431261 -0.005739650 -0.003656558 0.999977052 144.187133789
0.999981999 0.003426687 0.004923542 -0.698703468 -0.003433148 0.999993026 0.001304412 -2.310305357 -0.004919041 -0.001321289 0.999987245 145.528656006
0.999991357 -0.001994875 0.003640051 -0.686139226 0.001991990 0.999997437 0.000795944 -2.329665661 -0.003641632 -0.000788684 0.999993265 146.887054443
0.999948859 -0.009754035 0.002660220 -0.675844252 0.009745555 0.999947190 0.003181109 -2.354287148 -0.002691110 -0.003155020 0.999991596 148.247238159
0.999863088 -0.016534599 0.000429904 -0.649019361 0.016532455 0.999852657 0.004574789 -2.374155521 -0.000505484 -0.004567055 0.999989629 149.602920532
0.999809384 -0.019510109 -0.000528927 -0.646677315 0.019510662 0.999808848 0.001076621 -2.389634371 0.000507821 -0.001086733 0.999999464 150.968154907
0.999824286 -0.018739613 -0.000234770 -0.662829459 0.018739074 0.999821961 -0.002092756 -2.411360025 0.000273946 0.002087992 0.999997973 152.290954590
0.999877274 -0.015640624 0.000781817 -0.675026000 0.015643625 0.999869406 -0.003996712 -2.444006681 -0.000719204 0.004008456 0.999991894 153.625045776
0.999881983 -0.015285756 0.001473325 -0.667288065 0.015291670 0.999874473 -0.004092464 -2.469416142 -0.001410584 0.004114515 0.999990761 154.987442017
0.999828398 -0.018392226 0.002161589 -0.669928312 0.018393446 0.999830425 -0.000547874 -2.495983839 -0.002151148 0.000587541 0.999997735 156.289138794
0.999717176 -0.023619935 0.002730028 -0.669604719 0.023613611 0.999718189 0.002323463 -2.522242546 -0.002784140 -0.002258339 0.999993801 157.626632690
0.999621093 -0.027385848 0.002737798 -0.658928692 0.027375702 0.999618173 0.003674534 -2.544555426 -0.002837384 -0.003598192 0.999989748 158.990005493
0.999577165 -0.028942168 0.002771191 -0.661741734 0.028932359 0.999574900 0.003513822 -2.563719511 -0.002871712 -0.003432159 0.999990225 160.313751221
0.999631763 -0.026870618 0.003764598 -0.667464077 0.026854720 0.999630213 0.004209496 -2.580868959 -0.003876320 -0.004106849 0.999984324 161.663574219
0.999724567 -0.022916719 0.005050265 -0.675433338 0.022899739 0.999731779 0.003392977 -2.602750540 -0.005126669 -0.003276392 0.999981761 162.991302490
0.999792635 -0.019473668 0.005939547 -0.684021056 0.019466441 0.999809504 0.001270714 -2.620569706 -0.005963163 -0.001154826 0.999981821 164.323303223
0.999842107 -0.016402116 0.006829027 -0.688837469 0.016398922 0.999865174 0.000522537 -2.634104252 -0.006836679 -0.000410464 0.999976814 165.662689209
0.999867737 -0.014564363 0.007232742 -0.687497199 0.014553509 0.999892712 0.001549943 -2.649935484 -0.007254542 -0.001444474 0.999972939 167.027832031
0.999891162 -0.012848694 0.007239002 -0.700857878 0.012841519 0.999916792 0.001035708 -2.663020849 -0.007251709 -0.000942633 0.999973595 168.364028931
0.999921560 -0.010554291 0.006730954 -0.698690712 0.010565190 0.999942660 -0.001586803 -2.680482626 -0.006713822 0.001657796 0.999976397 169.707733154
0.999958158 -0.006648889 0.006265821 -0.704881012 0.006676417 0.999967873 -0.004383810 -2.707376719 -0.006236474 0.004425466 0.999971092 171.045227051
0.999980152 -0.001551712 0.006084948 -0.708613932 0.001585881 0.999982715 -0.005615555 -2.740453482 -0.006076131 0.005625100 0.999966025 172.421020508
0.999975622 0.002779678 0.006380293 -0.722668052 -0.002751161 0.999985933 -0.004474853 -2.764738083 -0.006392643 0.004457197 0.999969900 173.779922485
0.999959588 0.005588133 0.007018545 -0.735964596 -0.005570401 0.999980986 -0.002544150 -2.790488958 -0.007032631 0.002504956 0.999972403 175.124053955
0.999957442 0.006237641 0.006775889 -0.725659728 -0.006235787 0.999980271 -0.000295439 -2.814601660 -0.006777600 0.000253177 0.999977291 176.517639160
0.999977946 0.002985918 0.005910009 -0.716031909 -0.002989690 0.999995172 0.000628556 -2.839840889 -0.005908104 -0.000646208 0.999982655 177.924957275
0.999990225 0.001165773 0.004223594 -0.708172381 -0.001168740 0.999998868 0.000698786 -2.859540462 -0.004222775 -0.000703712 0.999991119 179.315521240
0.999997318 0.000472877 0.002203276 -0.713449717 -0.000465311 0.999993742 -0.003435518 -2.894417048 -0.002204885 0.003434490 0.999991953 180.717605591
0.999996126 0.002647973 0.000668321 -0.720262229 -0.002642685 0.999965847 -0.007800081 -2.919139385 -0.000688950 0.007798295 0.999969602 182.097335815
0.999970078 0.007720186 0.000130649 -0.741244853 -0.007718805 0.999933958 -0.008481266 -2.954470158 -0.000196115 0.008480013 0.999964297 183.461303711
0.999939442 0.010992833 -0.000074103 -0.755042434 -0.010993084 0.999911368 -0.007474920 -2.986391783 -0.000008071 0.007475291 0.999972343 184.886215210
0.999913216 0.013161745 0.000215887 -0.762996078 -0.013160726 0.999904275 -0.004198149 -3.004310369 -0.000271119 0.004194951 0.999991417 186.286010742
0.999904573 0.013795885 0.000471664 -0.770582914 -0.013794813 0.999902070 -0.002212977 -3.035723209 -0.000502145 0.002206265 0.999997675 187.727813721
0.999915481 0.012976968 0.000428540 -0.777437925 -0.012976395 0.999914587 -0.001322152 -3.054219723 -0.000445659 0.001316485 0.999999225 189.158248901
0.999936342 0.011248753 0.000546999 -0.786138117 -0.011248394 0.999936163 -0.000663666 -3.079609394 -0.000554428 0.000657476 0.999999821 190.585952759
0.999960363 0.008834107 0.000891769 -0.803136826 -0.008833996 0.999960661 -0.000133047 -3.102984905 -0.000892908 0.000125168 0.999999821 191.989776611
0.999980867 0.006057289 0.001063310 -0.809043527 -0.006057242 0.999981344 -0.000051329 -3.124333858 -0.001063599 0.000044891 0.999999702 193.392852783
0.999994397 0.002954921 0.001390611 -0.798481107 -0.002956168 0.999994934 0.000893088 -3.144619226 -0.001387963 -0.000897191 0.999998927 194.834381104
0.999997318 -0.001256900 0.001822594 -0.802803874 0.001252398 0.999995887 0.002466884 -3.168055296 -0.001825686 -0.002464592 0.999995589 196.240036011
0.999989033 -0.004137058 0.002093176 -0.802007079 0.004131971 0.999988198 0.002426993 -3.192075968 -0.002103192 -0.002418316 0.999995112 197.665664673
0.999994934 -0.001910811 0.002485671 -0.811832309 0.001915818 0.999995828 -0.002014535 -3.217307568 -0.002481810 0.002019292 0.999995112 199.101364136
0.999982655 0.005162483 0.002762709 -0.820932806 -0.005142890 0.999961615 -0.007052910 -3.246215105 -0.002799013 0.007038588 0.999971509 200.511474609
0.999894083 0.013964201 0.004058152 -0.842435062 -0.013936302 0.999879241 -0.006824003 -3.284056902 -0.004152955 0.006766733 0.999968648 201.941146851
0.999752641 0.021643234 0.005074697 -0.857740104 -0.021627797 0.999760985 -0.003077219 -3.320939302 -0.005140087 0.002966709 0.999982595 203.366806030
0.999724150 0.022718610 0.005926793 -0.857999563 -0.022713656 0.999741256 -0.000901734 -3.350808144 -0.005945747 0.000766870 0.999982238 204.858230591
0.999767840 0.020854466 0.005382455 -0.850224674 -0.020852130 0.999782145 -0.000489713 -3.374032974 -0.005391497 0.000377367 0.999985576 206.318115234
0.999837279 0.017557899 0.004094306 -0.845530987 -0.017556150 0.999845445 -0.000462533 -3.400544405 -0.004101796 0.000390581 0.999991715 207.757797241
0.999877572 0.015340507 0.003017209 -0.838351130 -0.015337522 0.999881566 -0.001009747 -3.428202868 -0.003032342 0.000963351 0.999995172 209.235458374
0.999871552 0.015846970 0.002313435 -0.836248159 -0.015843207 0.999872804 -0.001635821 -3.453946352 -0.002339063 0.001598963 0.999996245 210.706573486
0.999848425 0.017235890 0.002399523 -0.856530845 -0.017232306 0.999850094 -0.001506328 -3.477723598 -0.002425125 0.001464754 0.999996245 212.150909424
0.999826312 0.018496141 0.002227822 -0.861664712 -0.018494697 0.999828458 -0.000666143 -3.502117157 -0.002239760 0.000624828 0.999997556 213.614715576
0.999844491 0.017529447 0.001831834 -0.863360584 -0.017527321 0.999845386 -0.001169239 -3.525859594 -0.001852046 0.001136953 0.999997914 215.083770752
0.999847531 0.017395742 0.001422800 -0.864130020 -0.017392574 0.999845982 -0.002207382 -3.550605059 -0.001460979 0.002182303 0.999996841 216.556869507
0.999861598 0.016595481 0.001075034 -0.872506678 -0.016592838 0.999859095 -0.002422134 -3.581151009 -0.001115077 0.002403965 0.999996781 218.016082764
0.999857128 0.016887739 0.000588719 -0.878795326 -0.016886199 0.999853909 -0.002530471 -3.606088638 -0.000631365 0.002520173 0.999996901 219.478668213
0.999854028 0.017079433 0.000261974 -0.887219369 -0.017078653 0.999850094 -0.002738958 -3.636520624 -0.000308713 0.002734088 0.999996483 220.968322754
0.999853194 0.017128814 -0.000007643 -0.892969728 -0.017128766 0.999848902 -0.002862410 -3.666691303 -0.000041386 0.002862125 0.999996185 222.472259521
0.999833882 0.018216711 -0.000435938 -0.908452094 -0.018218040 0.999828398 -0.003267231 -3.694526434 0.000376348 0.003274635 0.999994874 223.954391479
0.999837518 0.018008526 -0.000747219 -0.924058795 -0.018010933 0.999831915 -0.003349482 -3.726107836 0.000686777 0.003362401 0.999994397 225.437911987
0.999829829 0.018416353 -0.001057054 -0.932642519 -0.018419793 0.999824524 -0.003340587 -3.754149675 0.000995350 0.003359494 0.999994159 226.948120117
0.999844193 0.017616542 -0.001109750 -0.949026525 -0.017620098 0.999839127 -0.003280162 -3.784758329 0.001051790 0.003299210 0.999994278 228.425796509
0.999867916 0.016217707 -0.001041888 -0.957147717 -0.016221311 0.999861836 -0.003546295 -3.815211058 0.000984235 0.003562733 0.999993443 229.945053101
0.999884367 0.015173427 -0.000956065 -0.968895674 -0.015176428 0.999879360 -0.003211078 -3.849501610 0.000907230 0.003225222 0.999994636 231.430053711
0.999903023 0.013905229 -0.000705591 -0.986207247 -0.013906986 0.999899745 -0.002544702 -3.877204418 0.000670139 0.002554273 0.999996781 232.958877563
0.999901831 0.013992667 -0.000739636 -1.000256658 -0.013994315 0.999899209 -0.002266833 -3.907773018 0.000707846 0.002276966 0.999997377 234.454757690
0.999897361 0.014301911 -0.000785409 -1.008997202 -0.014303949 0.999893844 -0.002649512 -3.935465097 0.000747436 0.002660480 0.999996424 235.965148926
0.999885023 0.015155404 -0.000329654 -1.021625400 -0.015156372 0.999879837 -0.003158303 -3.968429327 0.000281752 0.003162942 0.999995172 237.455535889
0.999866605 0.016328499 0.000111716 -1.030019641 -0.016328173 0.999863327 -0.002479894 -3.996913910 -0.000152191 0.002477745 0.999997139 238.975204468
0.999860644 0.016669940 0.000804792 -1.034540653 -0.016669674 0.999860704 -0.000338482 -4.025302410 -0.000810320 0.000325024 0.999999881 240.485916138
0.999861002 0.016650578 0.000749574 -1.018528581 -0.016650520 0.999861002 -0.000088149 -4.046477795 -0.000750936 0.000075660 0.999999940 242.002914429
0.999856591 0.016880099 0.001283976 -1.031149030 -0.016877837 0.999855697 -0.001752802 -4.074439049 -0.001313376 0.001730885 0.999997854 243.499725342
0.999849379 0.017257972 0.001788635 -1.038456202 -0.017252285 0.999845862 -0.003148898 -4.100918293 -0.001842701 0.003117572 0.999993682 245.011505127
0.999833047 0.018124113 0.002287337 -1.049677610 -0.018118266 0.999832273 -0.002552918 -4.132514477 -0.002333221 0.002511055 0.999994397 246.518737793
0.999836683 0.017934870 0.002211944 -1.054433584 -0.017931385 0.999837637 -0.001587253 -4.158185005 -0.002240051 0.001547335 0.999996543 248.025756836
0.999831736 0.018238923 0.001951562 -1.059539318 -0.018236682 0.999832690 -0.001160924 -4.189421654 -0.001972408 0.001125143 0.999997675 249.570678711
0.999826431 0.018535791 0.001846447 -1.074214578 -0.018533623 0.999827206 -0.001184375 -4.218382835 -0.001868079 0.001149954 0.999997854 251.086685181
0.999808967 0.019413782 0.002229686 -1.091693521 -0.019412300 0.999810994 -0.000684287 -4.254172325 -0.002242547 0.000640878 0.999997556 252.624206543
0.999782681 0.020709656 0.002371571 -1.099846125 -0.020708069 0.999785006 -0.000691814 -4.281121731 -0.002385387 0.000642558 0.999997258 254.155487061
0.999776125 0.020982917 0.002706430 -1.117404580 -0.020981234 0.999779344 -0.000649580 -4.301887035 -0.002719462 0.000592655 0.999996424 255.694580078
0.999805689 0.019500446 0.002858637 -1.125480652 -0.019498974 0.999809384 -0.000542283 -4.324910641 -0.002868666 0.000486442 0.999996066 257.210083008
0.999839664 0.017691217 0.002722493 -1.129564166 -0.017691674 0.999843121 0.000144060 -4.348818779 -0.002719516 -0.000192199 0.999996603 258.712432861
0.999874115 0.015624961 0.002716119 -1.122914433 -0.015627226 0.999877155 0.000814728 -4.371747017 -0.002703054 -0.000857067 0.999996305 260.256713867
0.999898076 0.014060431 0.002451975 -1.128097653 -0.014060521 0.999900758 0.000019172 -4.396972179 -0.002451460 -0.000053642 0.999997318 261.783081055
0.999917448 0.012615441 0.002397712 -1.136511803 -0.012613298 0.999919593 -0.000907137 -4.427419662 -0.002408962 0.000876824 0.999997079 263.316589355
0.999943793 0.010268221 0.002625644 -1.136642694 -0.010271338 0.999946177 0.001175612 -4.459565639 -0.002613430 -0.001202512 0.999996245 264.861022949
0.999965370 0.007784972 0.002937429 -1.135875702 -0.007793803 0.999964714 0.003005521 -4.484667301 -0.002913926 -0.003028309 0.999991536 266.422821045
0.999972284 0.006868364 0.002869927 -1.139414191 -0.006874277 0.999973834 0.002053845 -4.506262302 -0.002855745 -0.002073513 0.999994099 267.957885742
0.999972522 0.006638235 0.003292550 -1.140532970 -0.006641157 0.999977171 0.000875507 -4.530414104 -0.003286662 -0.000897345 0.999994516 269.519042969
0.999964952 0.007365828 0.003973080 -1.145570993 -0.007368451 0.999972224 0.000644716 -4.554584503 -0.003968221 -0.000673965 0.999992251 271.057250977
0.999947011 0.009011984 0.004981934 -1.154663920 -0.009015207 0.999958694 0.000623949 -4.582407951 -0.004976107 -0.000668825 0.999987721 272.625732422
0.999920726 0.011114338 0.005919660 -1.161854148 -0.011116430 0.999937654 0.000320080 -4.612250328 -0.005915736 -0.000385856 0.999982774 274.168243408
0.999900758 0.012262248 0.006937767 -1.159249306 -0.012263724 0.999924302 0.000169687 -4.645197392 -0.006935166 -0.000254749 0.999976277 275.728820801
0.999886274 0.012995456 0.007653221 -1.159446597 -0.012993880 0.999915063 -0.000256165 -4.667320251 -0.007655904 0.000156696 0.999971032 277.275695801
0.999872446 0.013485653 0.008553571 -1.172655940 -0.013477852 0.999908209 -0.000969523 -4.700041294 -0.008565866 0.000854120 0.999963284 278.809082031
0.999870896 0.012950410 0.009509426 -1.169606090 -0.012937085 0.999914765 -0.001461768 -4.729795456 -0.009527553 0.001338561 0.999954045 280.354187012
0.999865055 0.012775380 0.010323564 -1.150436640 -0.012766317 0.999917567 -0.000943645 -4.778933525 -0.010334776 0.000811729 0.999946594 281.930358887
0.999868810 0.011883859 0.011008010 -1.138229847 -0.011885245 0.999928892 0.000060327 -4.809126377 -0.011006518 -0.000191147 0.999939740 283.481445312
0.999871969 0.011303305 0.011325307 -1.128198504 -0.011307390 0.999935567 0.000296575 -4.840412140 -0.011321234 -0.000424593 0.999936163 284.975891113
0.999880910 0.010663920 0.011154482 -1.109670043 -0.010640960 0.999940634 -0.002116002 -4.870456696 -0.011176394 0.001997062 0.999935865 286.550018311
0.999895573 0.009289917 0.011071607 -1.101014495 -0.009242140 0.999947250 -0.004359036 -4.898332119 -0.011111528 0.004256263 0.999929547 288.144561768
0.999902546 0.009343190 0.010374557 -1.089492202 -0.009297399 0.999946356 -0.004453754 -4.926351070 -0.010415623 0.004356871 0.999936640 289.714141846
0.999923468 0.008269488 0.009202608 -1.079831004 -0.008229015 0.999955773 -0.004427886 -4.961501598 -0.009238827 0.004351826 0.999948204 291.231658936
0.999933124 0.008355157 0.007999817 -1.071951747 -0.008314355 0.999951780 -0.005120949 -4.992046833 -0.008042227 0.005054102 0.999955237 292.789062500
0.999931037 0.008882392 0.007692257 -1.070658684 -0.008840211 0.999945223 -0.005501224 -5.024323463 -0.007740709 0.005432851 0.999955654 294.400909424
0.999937475 0.008756132 0.006956227 -1.067480087 -0.008720819 0.999948442 -0.005091648 -5.054397583 -0.007000460 0.005030673 0.999963224 295.937133789
0.999945879 0.008491544 0.006015418 -1.063673139 -0.008462079 0.999951601 -0.004908348 -5.087367535 -0.006056814 0.004857187 0.999970198 297.471130371
0.999954224 0.008102294 0.005107199 -1.063321710 -0.008083539 0.999959946 -0.003684041 -5.117262840 -0.005136851 0.003642594 0.999980509 299.035614014
0.999945521 0.009507624 0.004330312 -1.059601307 -0.009497424 0.999951482 -0.002371736 -5.150296688 -0.004352659 0.002330485 0.999988139 300.644836426
0.999938726 0.009748071 0.005259980 -1.071176529 -0.009736741 0.999949634 -0.002176778 -5.186387062 -0.005280943 0.002125434 0.999984086 302.208587646
0.999926805 0.010323841 0.006316330 -1.080702543 -0.010308258 0.999943137 -0.002495770 -5.214919090 -0.006341746 0.002430482 0.999977231 303.787719727
0.999939144 0.008901345 0.006537056 -1.075659394 -0.008884491 0.999956548 -0.002603774 -5.245306492 -0.006559959 0.002545542 0.999975502 305.363250732
0.999952018 0.006945036 0.006920724 -1.083647728 -0.006919537 0.999968648 -0.003703008 -5.265770435 -0.006946234 0.003654948 0.999969482 306.983428955
0.999958396 0.005411281 0.007352419 -1.082974195 -0.005370875 0.999969900 -0.005505660 -5.307837009 -0.007382000 0.005465948 0.999958098 308.527099609
0.999959767 0.005012743 0.007453297 -1.094578385 -0.004964471 0.999966204 -0.006482438 -5.342854977 -0.007485550 0.006445183 0.999951482 310.126647949
0.999970853 0.005830234 0.004961061 -1.080870509 -0.005792810 0.999954462 -0.007526849 -5.375606060 -0.005004726 0.007497900 0.999959648 311.756958008
0.999971986 0.006932549 0.002889137 -1.085258484 -0.006912725 0.999952495 -0.006819293 -5.414817810 -0.002936281 0.006799139 0.999972880 313.388732910
0.999962032 0.008358179 0.002541153 -1.081219792 -0.008348829 0.999958098 -0.003671749 -5.452693939 -0.002571742 0.003650401 0.999990344 315.032287598
0.999969900 0.007041430 0.003319105 -1.089459300 -0.007039381 0.999974728 -0.000631937 -5.486098766 -0.003323477 0.000608559 0.999994576 316.661102295
0.999974370 0.006358862 0.003333553 -1.087345123 -0.006359450 0.999979436 0.000162817 -5.514965057 -0.003332455 -0.000184007 0.999994755 318.292053223
0.999978900 0.005453278 0.003579082 -1.082730174 -0.005448950 0.999984086 -0.001220878 -5.539644718 -0.003585690 0.001201356 0.999993145 319.918640137
0.999980748 0.004778556 0.004008620 -1.084873080 -0.004772787 0.999987245 -0.001450319 -5.567475319 -0.004015506 0.001431165 0.999991238 321.551879883
0.999977648 0.005064244 0.004416744 -1.081772447 -0.005058809 0.999986112 -0.001243521 -5.598939896 -0.004422987 0.001221156 0.999989808 323.194061279
0.999975264 0.005150527 0.004830270 -1.079685807 -0.005143930 0.999985516 -0.001379535 -5.624958515 -0.004837313 0.001354660 0.999987721 324.824798584
0.999962926 0.006858091 0.005238755 -1.084018469 -0.006845896 0.999973536 -0.002344320 -5.659461498 -0.005254702 0.002308375 0.999983907 326.465850830
0.999952197 0.007787925 0.005945934 -1.087512016 -0.007769689 0.999964774 -0.003085682 -5.686842442 -0.005969764 0.003039342 0.999977946 328.081909180
0.999954760 0.006783501 0.006695565 -1.079855680 -0.006774398 0.999975801 -0.001383045 -5.716272354 -0.006704794 0.001337630 0.999976993 329.714141846
0.999959648 0.005841441 0.006839531 -1.081502318 -0.005838584 0.999982536 -0.000439329 -5.753841877 -0.006841986 0.000399383 0.999976873 331.298706055
0.999961436 0.005205308 0.007090184 -1.092216134 -0.005193657 0.999984801 -0.001662503 -5.788124561 -0.007098738 0.001625620 0.999973834 332.899291992
0.999949753 0.006891831 0.007296321 -1.095439315 -0.006879718 0.999974549 -0.001685633 -5.815978527 -0.007307760 0.001635358 0.999972343 334.529754639
0.999937117 0.008770431 0.007010520 -1.094523311 -0.008743875 0.999954164 -0.003811524 -5.848319054 -0.007043635 0.003749993 0.999968529 336.154449463
0.999918818 0.010850397 0.006710516 -1.105850935 -0.010806010 0.999919355 -0.006617344 -5.889670849 -0.006781783 0.006544301 0.999955952 337.730316162
0.999905050 0.012353499 0.006134753 -1.114684939 -0.012315294 0.999904394 -0.006228528 -5.927336216 -0.006211118 0.006152393 0.999962151 339.328155518
0.999896228 0.013415892 0.005278359 -1.122802734 -0.013401099 0.999905825 -0.002829513 -5.964948654 -0.005315828 0.002758490 0.999982417 340.943145752
0.999885440 0.014573439 0.004127981 -1.124105096 -0.014573480 0.999893367 -0.000022083 -5.998992920 -0.004127868 -0.000038073 0.999991834 342.567108154
0.999881446 0.015130126 0.002925976 -1.129078746 -0.015126230 0.999884248 -0.001351756 -6.030753613 -0.002946095 0.001307343 0.999995172 344.172027588
0.999890089 0.014808026 0.000975049 -1.126224518 -0.014805011 0.999885321 -0.003039069 -6.057429314 -0.001019944 0.003024306 0.999995291 345.812316895
0.999906957 0.013630333 -0.000854093 -1.132913828 -0.013631802 0.999905109 -0.001725998 -6.091318607 0.000830483 0.001737486 0.999998510 347.407226562
0.999919057 0.012658066 -0.001431692 -1.152467012 -0.012660062 0.999918401 -0.001386440 -6.122578621 0.001414023 0.001404459 0.999998391 348.998382568
0.999915957 0.012803740 -0.002141349 -1.152747989 -0.012808343 0.999915183 -0.002145171 -6.166661739 0.002113699 0.002172424 0.999995768 350.621154785
0.999924242 0.012058175 -0.002560896 -1.163274288 -0.012065775 0.999922335 -0.002969338 -6.200424671 0.002524890 0.003000019 0.999992669 352.244293213
0.999930263 0.011560614 -0.002527573 -1.184414864 -0.011568715 0.999927461 -0.003210217 -6.228316307 0.002490276 0.003239241 0.999992013 353.855194092
0.999936759 0.011008712 -0.002405653 -1.203538656 -0.011017224 0.999932528 -0.003549813 -6.255296230 0.002366410 0.003576099 0.999991179 355.452301025
0.999944210 0.010172156 -0.002917108 -1.208573341 -0.010183381 0.999940217 -0.003855221 -6.295823097 0.002877716 0.003884719 0.999988675 357.040954590
0.999945700 0.010025711 -0.002922907 -1.224559546 -0.010039032 0.999938607 -0.004574964 -6.333786964 0.002876859 0.004604066 0.999985635 358.622833252
0.999952316 0.009368860 -0.002836915 -1.239750147 -0.009381611 0.999945283 -0.004510667 -6.366434574 0.002794498 0.004537074 0.999986172 360.222229004
0.999948621 0.009805745 -0.002657700 -1.258324742 -0.009819781 0.999937117 -0.005315791 -6.400938511 0.002605406 0.005341623 0.999982715 361.821502686
0.999963343 0.008132427 -0.002771248 -1.266048670 -0.008150369 0.999944985 -0.006519989 -6.440000057 0.002718071 0.006542345 0.999975324 363.437652588
0.999973595 0.006696972 -0.002904292 -1.267583489 -0.006710618 0.999965847 -0.004708979 -6.481529236 0.002872656 0.004728351 0.999985099 365.052825928
0.999982238 0.005267513 -0.002884838 -1.275741458 -0.005278835 0.999977827 -0.003924963 -6.514753819 0.002864098 0.003940128 0.999988556 366.651916504
0.999983132 0.005050672 -0.002980702 -1.278707623 -0.005065564 0.999974132 -0.005003558 -6.551419735 0.002955352 0.005018579 0.999983430 368.262298584
0.999977708 0.006369541 -0.002173873 -1.301626325 -0.006381596 0.999963582 -0.005575977 -6.588685513 0.002138275 0.005589732 0.999982476 369.856689453
0.999963760 0.008375244 -0.001753933 -1.322626591 -0.008383612 0.999952734 -0.004810062 -6.620711803 0.001713562 0.004824598 0.999987304 371.419494629
0.999954104 0.009520433 -0.001380367 -1.337640047 -0.009525848 0.999946237 -0.003959994 -6.651659489 0.001342589 0.003972967 0.999991655 373.011688232
0.999951243 0.009861873 -0.000950656 -1.349658489 -0.009865740 0.999942183 -0.004137399 -6.690302849 0.000909796 0.004146582 0.999991417 374.614044189
0.999952972 0.009699354 -0.000817506 -1.364574432 -0.009703370 0.999939620 -0.005040868 -6.730229378 0.000768560 0.005048570 0.999987364 376.197052002
0.999948263 0.010182576 -0.000655132 -1.375540376 -0.010185910 0.999933600 -0.005280748 -6.764689922 0.000601314 0.005287154 0.999986231 377.796417236
0.999944627 0.010550196 -0.000322737 -1.383740067 -0.010551824 0.999928713 -0.005489130 -6.798823357 0.000264799 0.005492238 0.999985278 379.413421631
0.999926448 0.012155261 -0.000069448 -1.401697993 -0.012155473 0.999910653 -0.005462110 -6.829602242 0.000003044 0.005462559 0.999985456 380.971679688
0.999893129 0.014633710 0.000505698 -1.415764689 -0.014630999 0.999879837 -0.005020618 -6.867973804 -0.000579112 0.005012689 0.999987662 382.547546387
0.999868691 0.016198155 0.000936088 -1.429374337 -0.016192621 0.999852359 -0.005653814 -6.906672478 -0.001027536 0.005637921 0.999983966 384.136444092
