1.000000000 0.000000000 0.000000000 0.000000000 0.000000000 1.000000000 0.000000000 0.000000000 0.000000000 0.000000000 1.000000000 0.000000000
0.999018490 -0.000176015 0.044295263 -0.020028219 0.000288472 0.999996781 -0.002532424 -0.017155444 -0.044294670 0.002542717 0.999015272 1.005705476
0.996005476 -0.004627960 0.089171812 0.084094346 0.005318470 0.999957681 -0.007507547 -0.042090178 -0.089133285 0.007951815 0.995988011 2.065269709
0.990934253 -0.004342710 0.134277478 0.244255453 0.005949680 0.999915361 -0.011568569 -0.062936157 -0.134215876 0.012262598 0.990876317 3.145024538
0.983632088 -0.002091598 0.180176124 0.431204945 0.004677795 0.999891996 -0.013930017 -0.092180461 -0.180127546 0.014544840 0.983535826 4.206995010
0.974170983 -0.004498322 0.225766614 0.668877006 0.007796088 0.999875486 -0.013717528 -0.127621442 -0.225676820 0.015123316 0.974084914 5.210696220
0.962618351 -0.005100457 0.270813376 0.962034822 0.009469606 0.999845147 -0.014829210 -0.163248986 -0.270695835 0.016839366 0.962517679 6.234329224
0.949231148 -0.007511687 0.314489931 1.307617188 0.013703657 0.999753237 -0.017482607 -0.195886075 -0.314281017 0.020904697 0.949099839 7.247709274
0.934277058 -0.009734424 0.356415123 1.712590337 0.017723605 0.999659359 -0.019156454 -0.230831847 -0.356107235 0.024214398 0.934131324 8.224549294
0.916897893 -0.009189860 0.399016082 2.135679483 0.018728871 0.999624252 -0.020014375 -0.255619198 -0.398682207 0.025824260 0.916725516 9.233203888
0.897356868 -0.009768154 0.441197574 2.597153664 0.019944444 0.999631107 -0.018433321 -0.301651627 -0.440854758 0.025340708 0.897220671 10.186777115
0.875577629 -0.009387461 0.482986331 3.090281010 0.020336563 0.999641061 -0.017437657 -0.336064458 -0.482649297 0.025090301 0.875454247 11.074310303
0.851727664 -0.010022767 0.523888886 3.611312628 0.021694748 0.999634266 -0.016146401 -0.371848613 -0.523535430 0.025117971 0.851633549 11.933310509
0.826401830 -0.010243876 0.562987626 4.178053856 0.023208162 0.999604523 -0.015878588 -0.416203260 -0.562602282 0.026188001 0.826312780 12.719805717
0.799267471 -0.011825273 0.600858927 4.869466305 0.026251784 0.999539077 -0.015248809 -0.470659763 -0.600401580 0.027961498 0.799209595 13.584194183
0.770653546 -0.011081479 0.637157857 5.529139996 0.027221434 0.999508679 -0.015541313 -0.524637759 -0.636672497 0.029321320 0.770576596 14.396464348
0.739976823 -0.014886053 0.672467530 6.207489014 0.032657865 0.999371171 -0.013813870 -0.590980947 -0.671838939 0.032183297 0.739997685 15.174335480
0.707833767 -0.014012212 0.706239998 6.920669556 0.032843262 0.999374807 -0.013089212 -0.633422196 -0.705615044 0.032460209 0.707851470 15.919799805
0.673703849 -0.012531631 0.738895059 7.732384205 0.033827014 0.999331117 -0.013893915 -0.668413877 -0.738226771 0.034354996 0.673677146 16.657608032
0.637993634 -0.013416683 0.769924581 8.565126419 0.038048234 0.999176204 -0.014116843 -0.709477544 -0.769101024 0.038300727 0.637978494 17.363636017
0.601543903 -0.011822890 0.798752069 9.421016693 0.038182192 0.999173224 -0.013965724 -0.756955147 -0.797926724 0.038899098 0.601497948 18.001417160
0.563903868 -0.010734667 0.825770497 10.350309372 0.041471880 0.999022007 -0.015333542 -0.795320690 -0.824798465 0.042892892 0.563797534 18.650207520
0.525026917 -0.008915389 0.851038754 11.310105324 0.046154708 0.998771906 -0.018010959 -0.846271753 -0.849833250 0.048735682 0.524793506 19.266206741
0.487021297 -0.007918863 0.873354018 12.194658279 0.048221692 0.998677433 -0.017835382 -0.845085204 -0.872057915 0.050800819 0.486758858 19.687627792
0.449065387 -0.009627553 0.893446863 13.227305412 0.053744435 0.998422444 -0.016254356 -0.871290505 -0.891881108 0.055317067 0.448874205 20.179927826
0.412432134 -0.010271522 0.910930216 14.228635788 0.058283843 0.998185337 -0.015133155 -0.894830644 -0.909121990 0.059333913 0.412282228 20.618663788
0.377237350 -0.008059595 0.926081359 15.141792297 0.059933502 0.998078465 -0.015727609 -0.930722594 -0.924175322 0.061436336 0.376995325 20.992134094
0.343938053 -0.008625525 0.938952565 16.172149658 0.060647145 0.998073995 -0.013046394 -0.947484732 -0.937031806 0.061431933 0.343798548 21.370582581
0.310705841 -0.010410504 0.950448990 17.244907379 0.062968008 0.997968793 -0.009653509 -0.982414424 -0.948418140 0.062847264 0.310730100 21.707607269
0.277890325 -0.010415135 0.960556209 18.282588959 0.063508712 0.997952640 -0.007552543 -1.007758498 -0.958511174 0.063102446 0.277982682 21.993305206
0.245900586 -0.007660736 0.969264686 19.283266068 0.061235692 0.998093963 -0.007646782 -1.037191868 -0.967358887 0.061233923 0.245900840 22.244176865
0.215278015 -0.005864304 0.976535082 20.494371414 0.061789829 0.998059928 -0.007628053 -1.045769453 -0.974596083 0.061982065 0.215222552 22.498456955
0.184974983 -0.005921240 0.982725263 21.543331146 0.064240336 0.997915804 -0.006078965 -1.066121817 -0.980641425 0.064255029 0.184969693 22.686597824
0.154592723 -0.006372187 0.987957656 22.675374985 0.066463523 0.997780859 -0.003964468 -1.083717585 -0.985740304 0.066275991 0.154673010 22.864622116
0.124389462 -0.007037188 0.992208481 23.787128448 0.065595090 0.997845590 -0.001146237 -1.091906309 -0.990063012 0.065226540 0.124582894 23.004755020
0.095147908 -0.007288000 0.995436490 24.958429337 0.066609263 0.997778594 0.000938365 -1.090523124 -0.993232250 0.066215955 0.095421813 23.130237579
0.068142690 -0.007283937 0.997649014 26.115386963 0.069349304 0.997589052 0.002546720 -1.105764508 -0.995262504 0.069012672 0.068483353 23.191720963
0.043351214 -0.006860017 0.999036312 27.361991882 0.073808998 0.997265577 0.003645066 -1.101702571 -0.996329784 0.073579796 0.043738812 23.206890106
0.020711297 -0.006524295 0.999764144 28.524820328 0.078155145 0.996929049 0.004886722 -1.104910135 -0.996726155 0.078035444 0.021157403 23.222700119
0.000542810 -0.006497637 0.999978721 29.696449280 0.084088624 0.996437311 0.006428987 -1.104036570 -0.996458232 0.084083274 0.001087049 23.212148666
-0.017024422 -0.007224613 0.999828935 30.926630020 0.088618234 0.996027410 0.008706082 -1.107497096 -0.995920300 0.088751227 -0.016316768 23.177930832
-0.032449055 -0.007323345 0.999446511 32.162845612 0.091757268 0.995728135 0.010275191 -1.109140396 -0.995252669 0.092039838 -0.031638682 23.126693726
-0.046875749 -0.008249681 0.998866618 33.435588837 0.093994133 0.995492339 0.012632864 -1.112440705 -0.994468689 0.094479717 -0.045889251 23.069322586
-0.060201108 -0.009420541 0.998141825 34.699871063 0.093909442 0.995466530 0.015059276 -1.102339864 -0.993759036 0.094641455 -0.059043750 23.004192352
-0.072275780 -0.009462866 0.997339845 35.889472961 0.093772136 0.995460868 0.016240578 -1.097084403 -0.992966890 0.094696410 -0.071060605 22.922000885
-0.083365582 -0.006703393 0.996496499 37.145946503 0.093898840 0.995474994 0.014551983 -1.088121414 -0.992085397 0.094782934 -0.082359165 22.816366196
-0.093552701 -0.003529617 0.995608032 38.425857544 0.094245851 0.995471478 0.012384989 -1.083368778 -0.991143703 0.094990514 -0.092796646 22.699741364
-0.102948651 -0.001205054 0.994685888 39.691497803 0.095252194 0.995391190 0.011064390 -1.074318647 -0.990115583 0.095885016 -0.102359653 22.572742462
-0.110339023 -0.000312328 0.993893921 40.994865417 0.094981387 0.995419323 0.010857354 -1.065864801 -0.989345253 0.095599353 -0.109804191 22.428106308
-0.116022259 0.000337139 0.993246555 42.311798096 0.094618320 0.995455444 0.010714594 -1.053813338 -0.988729656 0.095222391 -0.115527160 22.278699875
-0.121032745 0.001999236 0.992646515 43.633579254 0.095715769 0.995361269 0.009665866 -1.038624644 -0.988023162 0.096181735 -0.120662943 22.117193222
-0.125723660 0.003704700 0.992058396 44.994445801 0.094400354 0.995499671 0.008245825 -1.024723291 -0.987563848 0.094687283 -0.125507876 21.959102631
-0.129999667 0.004459547 0.991503954 46.371124268 0.094483241 0.995494485 0.007910552 -1.014302611 -0.987002194 0.094708808 -0.129835591 21.796514511
-0.133073002 0.003158020 0.991101146 47.745075226 0.094062462 0.995520830 0.009457469 -1.011344910 -0.986632764 0.094483875 -0.132774293 21.619728088
-0.135456651 0.001242331 0.990782440 49.146247864 0.094415635 0.995464027 0.011660017 -0.999080181 -0.986274600 0.095124714 -0.134959817 21.435222626
-0.137552932 -0.000016258 0.990494311 50.586864471 0.094185613 0.995467961 0.013096191 -0.985264182 -0.986006439 0.095091671 -0.136928305 21.236425400
-0.139487550 0.000678710 0.990223467 52.044658661 0.096935965 0.995205522 0.012972742 -0.972077727 -0.985467911 0.097797751 -0.138884857 21.024166107
-0.140540406 0.000386920 0.990074754 53.512042999 0.096597560 0.995233834 0.013323030 -0.957639456 -0.985351562 0.097511172 -0.139908224 20.819974899
-0.141348496 0.001632004 0.989958405 54.960056305 0.098181546 0.995091021 0.012378127 -0.942650855 -0.985079348 0.098945230 -0.140815139 20.628377914
-0.141474545 0.001746861 0.989940226 56.458869934 0.097907163 0.995119810 0.012236140 -0.929853141 -0.985088527 0.098653294 -0.140955448 20.427574158
-0.140908673 0.002992922 0.990017951 57.985794067 0.097893082 0.995136499 0.010924681 -0.924522161 -0.985171020 0.098455235 -0.140516654 20.210445404
-0.139668971 0.002599803 0.990194738 59.527130127 0.098555207 0.995067060 0.011288830 -0.915963113 -0.985281467 0.099165492 -0.139236540 19.988655090
-0.137821212 0.001609079 0.990455687 61.087360382 0.098026551 0.995110631 0.012023700 -0.900806725 -0.985594332 0.098748028 -0.137305424 19.763080597
-0.136777624 0.002454285 0.990598559 62.702350616 0.099001162 0.995023727 0.011204422 -0.885551751 -0.985642254 0.099602878 -0.136340275 19.537813187
-0.135948762 0.003228656 0.990710437 64.289535522 0.098277286 0.995105863 0.010242986 -0.863052070 -0.985829353 0.098756805 -0.135601029 19.339553833
-0.135038212 0.003782805 0.990832984 65.911750793 0.099173456 0.995022237 0.009717324 -0.849940658 -0.985864699 0.099576510 -0.134741500 19.118619919
-0.134245455 0.003693236 0.990941048 67.564353943 0.098593831 0.995080471 0.009648121 -0.835441709 -0.986031115 0.098995864 -0.133949474 18.908834457
-0.133457720 0.002086163 0.991052091 69.223594666 0.100512497 0.994869411 0.011441091 -0.823220551 -0.985944390 0.101140000 -0.132982999 18.681503296
-0.133046240 0.000131507 0.991109610 70.895439148 0.101808064 0.994711339 0.013534708 -0.809241533 -0.985867023 0.102703676 -0.132356331 18.468454361
-0.132384211 0.001348179 0.991197348 72.575225830 0.103250787 0.994576991 0.012437399 -0.794661045 -0.985806048 0.103988409 -0.131805822 18.261339188
-0.130997509 0.003284189 0.991377056 74.286430359 0.105566718 0.994354486 0.010655218 -0.781127870 -0.985746026 0.106052212 -0.130604982 18.013628006
-0.130500376 0.002992112 0.991443574 76.007850647 0.104852460 0.994428456 0.010800268 -0.770534635 -0.985888183 0.105364718 -0.130087361 17.793090820
-0.130316943 0.002865600 0.991468072 77.742881775 0.105813287 0.994324148 0.011034084 -0.766435444 -0.985809743 0.106348410 -0.129880846 17.562211990
-0.130170166 0.001675934 0.991490066 79.480087280 0.105534174 0.994340539 0.012174573 -0.758771181 -0.985859036 0.106220849 -0.129610702 17.341251373
-0.130061239 0.001836609 0.991504073 81.227935791 0.107380480 0.994141936 0.012244231 -0.756900907 -0.985674024 0.108060673 -0.129496932 17.114398956
-0.130150914 0.001765372 0.991492450 83.071640015 0.108443104 0.994023800 0.012465213 -0.737583518 -0.985545814 0.109142870 -0.129564941 16.870077133
-0.130057797 0.002968922 0.991501808 84.873344421 0.108646207 0.994015813 0.011274963 -0.715066433 -0.985535741 0.109189294 -0.129602462 16.621812820
-0.130901873 0.003811284 0.991387844 86.659484863 0.108233534 0.994069636 0.010469471 -0.706371665 -0.985469401 0.108671874 -0.130538478 16.402721405
-0.132071510 0.004504474 0.991229832 88.441146851 0.107303120 0.994177520 0.009779220 -0.695476711 -0.985415101 0.107653596 -0.131786257 16.174209595
-0.134026289 0.004722979 0.990966380 90.287925720 0.106669180 0.994246662 0.009688204 -0.713027358 -0.985219955 0.107004039 -0.133759379 15.954575539
-0.135231897 0.003860682 0.990806341 92.104598999 0.105435081 0.994369864 0.010515937 -0.706509113 -0.985188067 0.105887823 -0.134877965 15.715198517
-0.136029854 0.003986953 0.990696549 93.939956665 0.105274171 0.994387567 0.010453119 -0.685882211 -0.985095382 0.105716690 -0.135686502 15.452196121
-0.136413351 0.002936446 0.990647495 95.783668518 0.103122190 0.994604290 0.011251889 -0.680516839 -0.985270023 0.103692643 -0.135980502 15.200384140
-0.138172790 0.003981079 0.990399957 97.649215698 0.103145823 0.994611204 0.010392099 -0.671651363 -0.985022306 0.103591524 -0.137839213 14.949567795
-0.140309557 0.004741222 0.990096092 99.469329834 0.102194250 0.994716287 0.009718927 -0.666517794 -0.984819472 0.102545790 -0.140053093 14.675639153
-0.144396901 0.005941210 0.989501834 101.408851624 0.102634065 0.994677722 0.009005000 -0.641305685 -0.984182715 0.102856889 -0.144238532 14.395215988
-0.149000108 0.005127951 0.988823712 103.261383057 0.100742020 0.994861424 0.010020982 -0.634909332 -0.983691931 0.101109222 -0.148751438 14.132693291
-0.153976172 0.004354090 0.988064826 105.182456970 0.099669889 0.994957387 0.011147718 -0.639726520 -0.983034670 0.100196794 -0.153634101 13.841585159
-0.158044338 0.004883463 0.987419844 107.094146729 0.097971730 0.995130360 0.010759568 -0.627906144 -0.982559621 0.098439723 -0.157753572 13.534710884
-0.163085029 0.006972398 0.986587226 108.947906494 0.098053500 0.995138168 0.009175645 -0.605034530 -0.981727421 0.098234750 -0.162976205 13.264609337
-0.168378323 0.008692927 0.985683978 110.885147095 0.097380996 0.995215476 0.007858025 -0.606973946 -0.980900347 0.097310014 -0.168419659 12.960224152
-0.173638225 0.009040548 0.984767854 112.806175232 0.095770575 0.995372593 0.007748766 -0.606112003 -0.980141580 0.095657274 -0.173700973 12.644960403
-0.178766862 0.008729141 0.983852565 114.711936951 0.093818329 0.995554745 0.008213921 -0.606635749 -0.979408085 0.093771785 -0.178791583 12.314007759
-0.184012204 0.008160555 0.982889891 116.706245422 0.091941960 0.995723426 0.008945867 -0.600937545 -0.978614211 0.092014976 -0.183975995 11.924947739
-0.189754516 0.007633702 0.981801689 118.680412292 0.090891376 0.995811641 0.009824118 -0.596208811 -0.977615237 0.091101483 -0.189654022 11.565488815
-0.195238724 0.007381354 0.980727732 120.650177002 0.090873249 0.995805323 0.010595808 -0.591781616 -0.976536453 0.091190644 -0.195090979 11.191122055
-0.200077608 0.008745745 0.979740798 122.608558655 0.091399044 0.995765626 0.009776267 -0.593885005 -0.975507379 0.091503404 -0.200030208 10.789586067
-0.205836460 0.009815899 0.978536963 124.590682983 0.090679169 0.995838046 0.009085044 -0.585637152 -0.974375784 0.090602964 -0.205870301 10.397145271
-0.211849153 0.009882394 0.977252245 126.597732544 0.090818703 0.995820343 0.009617575 -0.576720119 -0.973073125 0.090790272 -0.211861640 9.959454536
-0.217453733 0.009883664 0.976020396 128.569168091 0.089739695 0.995915294 0.009908562 -0.570216417 -0.971936285 0.089742437 -0.217452884 9.523822784
-0.222828507 0.010934847 0.974796116 130.559478760 0.088999674 0.995988727 0.009171863 -0.554196715 -0.970786273 0.088800304 -0.222908303 9.088100433
-0.227681369 0.011397110 0.973668754 132.533996582 0.087677978 0.996108890 0.008842735 -0.540846050 -0.969779968 0.087382644 -0.227795154 8.619263649
-0.232712045 0.011064316 0.972482502 134.458648682 0.088863932 0.995993495 0.009933067 -0.535459638 -0.968477011 0.088730171 -0.232763350 8.163480759
-0.236947939 0.011010752 0.971459746 136.418136597 0.091676176 0.995726466 0.011074877 -0.538003504 -0.967186928 0.091683887 -0.236945227 7.679108143
-0.240414888 0.011796284 0.970598340 138.437301636 0.092781268 0.995626271 0.010881253 -0.529438794 -0.966225505 0.092669368 -0.240458325 7.175257683
-0.243418738 0.012581270 0.969839454 140.439559937 0.093628049 0.995550215 0.010584799 -0.523652911 -0.965391338 0.093380734 -0.243514016 6.670063496
-0.246151567 0.012397659 0.969151795 142.486099243 0.092753418 0.995629549 0.010821775 -0.515117347 -0.964782596 0.092555955 -0.246226192 6.124235153
-0.249995992 0.012651034 0.968163967 144.469482422 0.092213489 0.995679975 0.010800485 -0.533667982 -0.963845372 0.091977872 -0.250083089 5.620887280
-0.254418731 0.013583571 0.966998518 146.497070312 0.091038689 0.995796800 0.009964328 -0.522240281 -0.962799191 0.090569399 -0.254586488 5.099865437
-0.258161575 0.012910535 0.966015279 148.461791992 0.089605756 0.995919824 0.010636402 -0.520220041 -0.961936891 0.089306444 -0.258265615 4.567161083
-0.263038218 0.013022048 0.964697301 150.480407715 0.089439191 0.995931506 0.010943199 -0.526093960 -0.960630357 0.089160234 -0.263133198 4.046482563
-0.267035812 0.013529290 0.963591397 152.383193970 0.089137770 0.995960891 0.010718600 -0.520371974 -0.959554791 0.088754654 -0.267163694 3.487784147
-0.271586150 0.013250907 0.962322712 154.295837402 0.088800758 0.995984018 0.011346902 -0.542947531 -0.958308160 0.088536657 -0.271672636 2.964294434
-0.275722116 0.012500095 0.961155951 156.303619385 0.088961117 0.995955050 0.012567194 -0.545578301 -0.957111478 0.088970572 -0.275719374 2.396311283
-0.280324250 0.012386401 0.959825337 158.241027832 0.090001427 0.995850265 0.013434316 -0.575056732 -0.955676317 0.090151608 -0.280276269 1.911293149
-0.283731163 0.013248153 0.958812237 160.264846802 0.091180421 0.995745838 0.013223598 -0.575602114 -0.954558492 0.091176845 -0.283732563 1.337584257
-0.287635297 0.014376974 0.957631946 162.294876099 0.091135234 0.995760262 0.012424085 -0.568796515 -0.953393638 0.090847604 -0.287726492 0.768152177
-0.291321754 0.015880000 0.956493139 164.320480347 0.090619117 0.995823324 0.011067150 -0.551660061 -0.952322900 0.089900650 -0.291544467 0.198835850
-0.294359386 0.016985033 0.955543697 166.384948730 0.091380291 0.995760441 0.010450209 -0.543089569 -0.951315522 0.090393968 -0.294663936 -0.462943077
-0.297481716 0.017662978 0.954563975 168.420135498 0.091291904 0.995772898 0.010024858 -0.546864569 -0.950352252 0.090126172 -0.297837138 -1.104024172
-0.300394386 0.017658837 0.953651488 170.346771240 0.091767088 0.995724678 0.010468174 -0.547525585 -0.949389756 0.090658396 -0.300731003 -1.724802971
-0.304418296 0.017877128 0.952370584 172.386688232 0.091177255 0.995779037 0.010452203 -0.540999055 -0.948164105 0.090016365 -0.304763764 -2.360763311
-0.308331817 0.018756434 0.951093853 174.517715454 0.093384676 0.995572448 0.010640476 -0.532494068 -0.946683586 0.092098370 -0.308718681 -3.041969538
-0.311472684 0.018983284 0.950065434 176.390441895 0.095405169 0.995372593 0.011389405 -0.533631384 -0.945453167 0.094188631 -0.311842918 -3.638511419
-0.314005136 0.018654753 0.949237943 178.482879639 0.096200518 0.995285690 0.012263167 -0.522931457 -0.944534481 0.095167868 -0.314319819 -4.329716682
-0.317086041 0.018052531 0.948224902 180.538024902 0.095684625 0.995325446 0.013047678 -0.516369998 -0.943557084 0.094867773 -0.317331553 -4.979538918
-0.320079505 0.018573452 0.947208583 182.606033325 0.095018715 0.995395124 0.012590300 -0.527706623 -0.942613184 0.094032429 -0.320370823 -5.650987625
-0.322647274 0.020902434 0.946288466 184.713546753 0.094617583 0.995459914 0.010272333 -0.513297319 -0.941777706 0.092849858 -0.323160589 -6.364825249
-0.326042324 0.022639258 0.945084095 186.789184570 0.094233714 0.995511651 0.008662252 -0.525482416 -0.940646231 0.091883034 -0.326712757 -7.058793545
-0.329262614 0.023591897 0.943943620 188.862335205 0.093693979 0.995569706 0.007799798 -0.535399795 -0.939577818 0.091010012 -0.330014765 -7.761164188
-0.332866341 0.024498126 0.942655742 190.895217896 0.092019767 0.995734394 0.006616074 -0.544954538 -0.938472807 0.088945232 -0.333701253 -8.423409462
-0.336676121 0.024492370 0.941301942 192.807022095 0.093026839 0.995635569 0.007366891 -0.572420478 -0.937013328 0.090046607 -0.337485671 -9.075808525
-0.340587229 0.023840297 0.939910650 194.833129883 0.092949390 0.995634377 0.008427594 -0.588294923 -0.935606480 0.090234458 -0.341316789 -9.757579803
-0.344164848 0.023416387 0.938617170 196.873779297 0.092838846 0.995637774 0.009202534 -0.586875319 -0.934307337 0.090307333 -0.344837993 -10.485428810
-0.347957402 0.023331229 0.937219918 198.994201660 0.093052372 0.995612502 0.009762302 -0.585638344 -0.932880282 0.090607397 -0.348602325 -11.270052910
-0.351994902 0.023471816 0.935707569 201.133377075 0.092113234 0.995700657 0.009674507 -0.589017630 -0.931457758 0.089596413 -0.352644175 -12.026484489
-0.355984688 0.023833038 0.934187829 203.074676514 0.091239847 0.995784044 0.009363696 -0.599736333 -0.930026352 0.088568479 -0.356658965 -12.733871460
-0.359095901 0.024388468 0.932981968 205.139022827 0.091251187 0.995785534 0.009091564 -0.606894076 -0.928828418 0.088400446 -0.359808564 -13.530426025
-0.362029463 0.025149681 0.931827366 207.203567505 0.092107549 0.995708346 0.008911437 -0.616152465 -0.927604258 0.089054525 -0.362792820 -14.316597939
-0.365190864 0.024956590 0.930598140 209.256622314 0.093249060 0.995592833 0.009893771 -0.627553940 -0.926249981 0.090390496 -0.365909189 -15.021141052
-0.367339194 0.024412096 0.929766655 211.287597656 0.094698884 0.995441198 0.011277909 -0.629134893 -0.925252855 0.092190653 -0.367976964 -15.833810806
-0.370315611 0.025209654 0.928563893 213.387634277 0.095751695 0.995341778 0.011163632 -0.618853688 -0.923957109 0.093045600 -0.371005088 -16.629129410
-0.373510897 0.026203355 0.927255690 215.499740601 0.095681906 0.995356619 0.010414138 -0.625273347 -0.922677338 0.092611343 -0.374284327 -17.383504868
-0.376088262 0.026250931 0.926211953 217.581298828 0.095248468 0.995397687 0.010463839 -0.643379927 -0.921674669 0.092155561 -0.376858324 -18.178670883
-0.378985792 0.027553800 0.924992204 219.657897949 0.095208041 0.995412588 0.009356959 -0.660269320 -0.920491159 0.091612801 -0.379871160 -19.007959366
-0.381817192 0.028664609 0.923793256 221.767395020 0.095277898 0.995413661 0.008492827 -0.678491533 -0.919313014 0.091259733 -0.382797778 -19.868923187
-0.385003656 0.028984787 0.922459781 223.821685791 0.093137786 0.995623529 0.007588921 -0.658873200 -0.918202698 0.088837564 -0.386018902 -20.636594772
-0.388615936 0.030092983 0.920908272 225.953491211 0.094128311 0.995533347 0.007189877 -0.682582974 -0.916578472 0.089477569 -0.389713377 -21.446456909
-0.391134501 0.029520629 0.919859946 227.979019165 0.095661357 0.995374858 0.008732189 -0.713036120 -0.915347576 0.091410443 -0.392150104 -22.282649994
-0.393189222 0.028799661 0.919006407 230.091674805 0.096613757 0.995269477 0.010145838 -0.724091291 -0.914366722 0.092777826 -0.394112349 -23.186874390
-0.395945907 0.028638080 0.917827129 232.095138550 0.095979474 0.995328724 0.010348794 -0.726944506 -0.913243294 0.092190072 -0.396845698 -24.051929474
-0.398919910 0.028844364 0.916531920 234.062850952 0.095105648 0.995415449 0.010067773 -0.753206909 -0.912039638 0.091183536 -0.399835020 -24.846145630
-0.402505010 0.028374372 0.914977849 236.193359375 0.093648575 0.995550990 0.010323654 -0.755069852 -0.910614133 0.089841641 -0.403372169 -25.770109177
-0.405723482 0.027551571 0.913580358 238.137741089 0.093199328 0.995581806 0.011365553 -0.774654448 -0.909230769 0.089756303 -0.406499445 -26.610647202
-0.409050137 0.027958842 0.912083387 240.278228760 0.093005329 0.995601952 0.011191958 -0.771077693 -0.907758951 0.089406639 -0.409852147 -27.562673569
-0.412945211 0.027683854 0.910334885 242.528930664 0.092430472 0.995650232 0.011649909 -0.763427675 -0.906052530 0.088953421 -0.413708538 -28.568601608
-0.417122513 0.027208045 0.908442795 244.433685303 0.091657490 0.995714307 0.012263839 -0.777404606 -0.904215693 0.088381067 -0.417829365 -29.377119064
-0.420966476 0.027142245 0.906669915 246.395721436 0.090731978 0.995798409 0.012316447 -0.777012706 -0.902526021 0.087448731 -0.421661109 -30.285440445
-0.425282806 0.028022531 0.904626429 248.534194946 0.091054782 0.995773256 0.011960719 -0.779357553 -0.900467575 0.087457225 -0.426037520 -31.202075958
-0.428799212 0.028547913 0.902948439 250.624389648 0.091568276 0.995725691 0.012003507 -0.784230530 -0.898746192 0.087828502 -0.429581136 -32.164344788
-0.432407916 0.028509185 0.901227117 252.644882202 0.091540158 0.995723128 0.012422469 -0.786549449 -0.897018433 0.087870017 -0.433168977 -33.102523804
-0.436023831 0.028801708 0.899473965 254.788711548 0.090196833 0.995852828 0.011835520 -0.806646347 -0.895402730 0.086290240 -0.436814100 -34.116695404
-0.439873546 0.029222712 0.897584021 256.804626465 0.091502480 0.995726526 0.012424162 -0.833824039 -0.893384993 0.087596186 -0.440668464 -35.037956238
-0.443086833 0.029634571 0.895988643 258.943542480 0.091987021 0.995680153 0.012557883 -0.827729523 -0.891745865 0.087983519 -0.443899542 -36.135910034
-0.446444035 0.030747537 0.894283056 261.057098389 0.093366027 0.995554030 0.012380764 -0.823044300 -0.889926314 0.089022927 -0.447330713 -37.189456940
-0.448639929 0.032807883 0.893110156 262.971832275 0.095743544 0.995338380 0.011532139 -0.822254002 -0.888568342 0.090683267 -0.449690461 -38.249855042
-0.451448143 0.033489294 0.891668618 264.958404541 0.097559050 0.995156348 0.012017704 -0.859401226 -0.886947036 0.092415676 -0.452529460 -39.208923340
-0.454660207 0.035593998 0.889953375 266.940368652 0.099215090 0.995005548 0.010891557 -0.849410057 -0.885120690 0.093248725 -0.455921739 -40.179885864
-0.457327425 0.038013916 0.888485432 268.958862305 0.101323970 0.994806349 0.009591366 -0.872843087 -0.883506238 0.094411224 -0.458804816 -41.186370850
-0.460335404 0.038785744 0.886897266 270.959075928 0.102573007 0.994676888 0.009740413 -0.879619479 -0.881798387 0.095455542 -0.461864203 -42.190582275
-0.463147163 0.039373528 0.885406196 272.947937012 0.101950675 0.994746983 0.009093579 -0.858851850 -0.880397081 0.094479397 -0.464729279 -43.275253296
-0.466688991 0.039482430 0.883539617 275.105834961 0.101316810 0.994812012 0.009061153 -0.846665621 -0.878598034 0.093746126 -0.468268931 -44.376441956
-0.470099449 0.041170299 0.881652534 277.232543945 0.102647141 0.994682372 0.008283345 -0.836653829 -0.876623273 0.094393082 -0.471826524 -45.488990784
-0.472358942 0.041547544 0.880426288 279.261322021 0.102044754 0.994748235 0.007805823 -0.833785117 -0.875478268 0.093530022 -0.474118799 -46.626365662
-0.475969762 0.041249085 0.878493607 281.324707031 0.100609861 0.994894505 0.007796091 -0.854082048 -0.873686790 0.092095815 -0.477690637 -47.643558502
-0.479312241 0.041693766 0.876653433 283.387725830 0.102542058 0.994689226 0.008757598 -0.879052281 -0.871632397 0.094091460 -0.481042951 -48.687458038
-0.481782317 0.041796494 0.875293493 285.429962158 0.103886977 0.994540989 0.009691191 -0.873829663 -0.870110035 0.095600635 -0.483495265 -49.784038544
-0.484680295 0.042310283 0.873667359 287.423614502 0.105700187 0.994341850 0.010484497 -0.884491742 -0.868280232 0.097428426 -0.486410975 -50.788249969
-0.487394601 0.042408764 0.872151256 289.477844238 0.106742337 0.994221449 0.011307650 -0.914197624 -0.866631746 0.098606743 -0.489105850 -51.813350677
-0.490088254 0.042060748 0.870657325 291.596313477 0.107554644 0.994119406 0.012516871 -0.934524894 -0.865010738 0.099777602 -0.491730928 -52.933055878
-0.492475986 0.042640727 0.869280756 293.751464844 0.109097704 0.993944347 0.013051637 -0.910887778 -0.863460004 0.101264134 -0.494146615 -54.146522522
-0.494677842 0.042506248 0.868036211 295.855438232 0.109235190 0.993922174 0.013580504 -0.891617835 -0.862183094 0.101538055 -0.496315330 -55.324489594
-0.496604145 0.043316148 0.866895556 297.968566895 0.108566359 0.994009256 0.012525033 -0.877875865 -0.861159563 0.100335643 -0.498332709 -56.529571533
-0.499206632 0.045532878 0.865285695 300.096374512 0.108066134 0.994091988 0.010035412 -0.866784215 -0.859716594 0.098517783 -0.501178741 -57.741439819
-0.503058374 0.045003761 0.863079846 302.202392578 0.106941402 0.994208932 0.010491116 -0.883466959 -0.857609451 0.097576573 -0.504958808 -58.922515869
-0.507327616 0.043187287 0.860670328 304.283996582 0.104976088 0.994401515 0.011981145 -0.884850919 -0.855334401 0.096428141 -0.509021938 -60.129039764
-0.512090623 0.041163396 0.857944429 306.406280518 0.103636578 0.994513631 0.014142895 -0.885257363 -0.852655172 0.096156843 -0.513548136 -61.362152100
-0.517236948 0.039966159 0.854908466 308.564025879 0.102450944 0.994616449 0.015487592 -0.866385043 -0.849686921 0.095596902 -0.518547952 -62.585918427
-0.521523416 0.040107004 0.852293789 310.810607910 0.102817282 0.994568706 0.016112406 -0.844431818 -0.847018301 0.096033484 -0.522815585 -63.946166992
-0.524690092 0.041658748 0.850273371 312.987579346 0.105399892 0.994294763 0.016325638 -0.822359383 -0.844742060 0.098184571 -0.526088536 -65.330192566
-0.529540002 0.043133441 0.847187638 315.151153564 0.108894676 0.993898809 0.017462313 -0.843293071 -0.841265380 0.101501159 -0.531007171 -66.527618408
-0.531730711 0.043346714 0.845803440 317.478942871 0.109152198 0.993866622 0.017685877 -0.792121768 -0.839848936 0.101725370 -0.533201814 -68.121856689
-0.535909772 0.040582463 0.843299270 319.712127686 0.106859580 0.994070411 0.020070357 -0.749656916 -0.837484121 0.100870453 -0.537069678 -69.519645691
-0.540171564 0.039688442 0.840618432 321.889282227 0.106900498 0.994030476 0.021761542 -0.737095773 -0.834736347 0.101617448 -0.541190743 -70.834167480
-0.544669449 0.039362434 0.837726474 324.049652100 0.105679587 0.994155824 0.021997776 -0.705122113 -0.831964433 0.100512058 -0.545647144 -72.186035156
-0.548350990 0.038911097 0.835342407 326.205902100 0.105356179 0.994170904 0.022850450 -0.679881513 -0.829583645 0.100538492 -0.549255192 -73.638504028
-0.552118063 0.038927849 0.832856596 328.321899414 0.106659673 0.993998826 0.024247346 -0.657407165 -0.826914251 0.102219552 -0.552957773 -75.032127380
-0.559853077 0.050841644 0.827030540 329.510284424 0.142790183 0.989102185 0.035856005 -0.855859876 -0.816194415 0.138165891 -0.561012685 -75.937263489
-0.563201547 0.050198607 0.824793279 331.703918457 0.142065763 0.989171624 0.036805212 -0.795764089 -0.814014196 0.137903601 -0.564235568 -77.434440613
-0.566157579 0.049644720 0.822800636 333.927551270 0.142023548 0.989130735 0.038044028 -0.717791915 -0.811968446 0.138395935 -0.567055643 -78.940811157
-0.568354309 0.049502108 0.821293414 336.069427490 0.142252237 0.989067495 0.038827535 -0.637286127 -0.810392261 0.138898566 -0.569183588 -80.407188416
-0.571196914 0.048569843 0.819374740 338.236480713 0.139763445 0.989424050 0.038781192 -0.567746699 -0.808825195 0.136670262 -0.571945310 -81.908416748
-0.573928595 0.047662012 0.817517102 340.361083984 0.135746300 0.990029514 0.037579563 -0.478760839 -0.807574630 0.132542819 -0.574677289 -83.344131470
-0.577780426 0.046838704 0.814847052 342.403961182 0.132135764 0.990548790 0.036754746 -0.419117242 -0.805423975 0.128906533 -0.578509867 -84.736862183
-0.580166161 0.044782378 0.813266039 344.339324951 0.130523443 0.990693867 0.038560212 -0.332459092 -0.803970635 0.128521532 -0.580613315 -86.085960388
-0.583694518 0.044149406 0.810772121 346.482818604 0.130928874 0.990570307 0.040318888 -0.267752528 -0.801346481 0.129687324 -0.583972037 -87.561988831
-0.586538374 0.043981642 0.808726251 348.663085938 0.129793912 0.990722239 0.040255368 -0.176458985 -0.799452364 0.128578976 -0.586806297 -89.172004700
-0.589773834 0.042798698 0.806433380 350.735870361 0.127714112 0.990969777 0.040809657 -0.109677434 -0.797404408 0.127061307 -0.589915216 -90.657012939
-0.592924118 0.038690764 0.804328144 352.731964111 0.125133157 0.991137147 0.044567205 -0.061941009 -0.795475066 0.127073020 -0.592511773 -92.095993042
-0.594627142 0.037438896 0.803129315 352.749145508 0.124247961 0.991192997 0.045786012 -0.059297021 -0.794341862 0.127012715 -0.594043076 -92.109848022
-0.597675085 0.036594726 0.800902605 354.761810303 0.123003893 0.991315067 0.046496928 0.014597956 -0.792245209 0.126304135 -0.596986711 -93.568717957
-0.598456860 0.038476240 0.800230384 354.763397217 0.124621220 0.991157353 0.045542467 0.019887436 -0.791401863 0.126980826 -0.597961068 -93.590751648
-0.599085212 0.038278215 0.799769580 354.756927490 0.124592312 0.991144896 0.045890965 0.019624909 -0.790930867 0.127137661 -0.598550618 -93.572471619
-0.600717723 0.037957110 0.798559427 354.766418457 0.124403283 0.991141558 0.046471726 0.019481210 -0.789721429 0.127259731 -0.600119472 -93.580825806
-0.603569508 0.036823023 0.796459436 354.801605225 0.121781729 0.991468132 0.046449233 0.006976529 -0.787953615 0.125029474 -0.602905512 -93.582824707
-0.604059875 0.033746894 0.796223879 354.812957764 0.112332880 0.992732048 0.043146409 0.007924730 -0.788980901 0.115505062 -0.603461742 -93.645286560
-0.607837617 0.036366556 0.793227971 356.975646973 0.104614824 0.993909478 0.034597620 0.075662479 -0.787138522 0.104013048 -0.607941270 -95.248703003
-0.610013008 0.046149991 0.791046202 357.009368896 0.114437185 0.992966354 0.030317843 0.035022218 -0.784083009 0.109019272 -0.611004949 -95.286033630
-0.611136138 0.047532532 0.790096819 357.059814453 0.122730784 0.991811991 0.035263926 0.018959967 -0.781951189 0.118520170 -0.611967087 -95.475654602
-0.614428163 0.038021851 0.788055837 357.114501953 0.121207222 0.991528451 0.046663471 0.011464747 -0.779605448 0.124189332 -0.613832831 -95.500755310
-0.618561566 0.027485043 0.785255253 357.191223145 0.115115687 0.991772890 0.055965561 0.021778669 -0.777256548 0.125013277 -0.616637886 -95.544258118
-0.622377455 0.022722378 0.782387137 357.253173828 0.110944398 0.992045939 0.059443317 0.028515602 -0.774813116 0.123797588 -0.619949281 -95.600936890
-0.624960899 0.022556441 0.780329883 357.292663574 0.110327199 0.992100358 0.059682418 0.054250084 -0.772819161 0.123390734 -0.622513950 -95.659606934
-0.629428566 0.027911078 0.776556671 357.321197510 0.115922436 0.991543114 0.058321442 0.061529897 -0.768361449 0.126729473 -0.627342522 -95.686332703
-0.633282661 0.034659240 0.773143888 357.333404541 0.121012598 0.991141856 0.054689698 0.070204251 -0.764399588 0.128194138 -0.631868601 -95.731544495
-0.636233807 0.037115518 0.770602703 357.365234375 0.121408835 0.991211951 0.052498028 0.072994545 -0.761881888 0.126958966 -0.635150194 -95.798332214
-0.643721938 0.036955744 0.764366269 357.438415527 0.120306171 0.991298676 0.053390108 0.072673671 -0.755742073 0.126326337 -0.642568231 -95.830696106
-0.646294951 0.036502063 0.762213826 357.429382324 0.121024221 0.991114616 0.055154696 0.079620913 -0.753427863 0.127892494 -0.644971550 -95.907119751
-0.648761749 0.035628963 0.760156751 358.795227051 0.121406034 0.990953743 0.057168454 0.171719566 -0.751243234 0.129376262 -0.647220016 -97.137176514
-0.654868841 0.036240295 0.754872739 358.804656982 0.121240549 0.990948737 0.057604991 0.172181815 -0.745952427 0.129244834 -0.653336823 -97.142166138
-0.659788966 0.036452655 0.750565886 358.810882568 0.120636076 0.991004407 0.057915851 0.172156811 -0.741702735 0.128757492 -0.658252835 -97.144615173
-0.660826743 0.037314776 0.749609888 358.797576904 0.121731579 0.990866125 0.057989605 0.177798092 -0.740599036 0.129572213 -0.659334779 -97.230918884
-0.666136980 0.036575932 0.744931579 358.822448730 0.122585885 0.990581095 0.060982250 0.174293965 -0.735684514 0.131940559 -0.664347947 -97.257286072
-0.667039156 0.036288172 0.744137883 358.800750732 0.124644697 0.990169466 0.063444555 0.189722538 -0.734520197 0.135072798 -0.665006459 -97.341529846
-0.671147108 0.035766974 0.740460336 358.811950684 0.125733212 0.989854813 0.066149965 0.190483540 -0.730582118 0.137496784 -0.668836772 -97.351463318
-0.676832497 0.035547212 0.735277772 358.834289551 0.123657569 0.990128875 0.065960385 0.193734497 -0.725674927 0.135566756 -0.674548566 -97.361648560
-0.679915547 0.035901163 0.732410550 358.817626953 0.119326279 0.990903318 0.062201828 0.208176076 -0.723514795 0.129687756 -0.678016007 -97.399124146
-0.681094646 0.035152085 0.731350660 358.768096924 0.116332613 0.991352975 0.060689703 0.212550059 -0.722893119 0.126415297 -0.679296017 -97.481559753
-0.682809174 0.034478430 0.729782403 358.731719971 0.115204930 0.991468847 0.060947973 0.216888294 -0.721454859 0.125690296 -0.680957556 -97.559432983
-0.683377564 0.032828324 0.729326367 358.683898926 0.112879671 0.991725087 0.061128765 0.208847955 -0.721284270 0.124100074 -0.681429744 -97.648582458
-0.684339583 0.031535566 0.728480756 358.640594482 0.109672032 0.992149174 0.060077064 0.201799229 -0.720866859 0.121007018 -0.682426989 -97.743270874
-0.690083027 0.030334655 0.723093808 358.622314453 0.109269679 0.992033482 0.062664360 0.165122628 -0.715432167 0.122255780 -0.687901616 -97.766204834
-0.695114255 0.029728066 0.718283951 358.651763916 0.108850285 0.991975963 0.064283662 0.169004992 -0.710609138 0.122869842 -0.692774117 -97.797424316
-0.694818497 0.028551593 0.718617678 360.567901611 0.111090057 0.991478503 0.068018354 0.308897495 -0.710551679 0.127091646 -0.692070961 -99.644294739
-0.693750083 0.027929492 0.719673693 362.404388428 0.115877420 0.990556538 0.073261358 0.457240641 -0.710831046 0.134218961 -0.690436602 -101.411476135
-0.692415774 0.027339004 0.720980108 364.318023682 0.119714171 0.989782155 0.077439547 0.615476608 -0.711495876 0.139931887 -0.688615203 -103.206832886
-0.691175342 0.024324730 0.722277164 366.171081543 0.113565773 0.990670502 0.075311974 0.762238622 -0.713706493 0.134079739 -0.687491059 -104.970642090
-0.690347731 0.023004770 0.723111451 368.176971436 0.106121637 0.991901815 0.069757439 0.930686116 -0.715650558 0.124894649 -0.687200069 -106.883750916
-0.688628912 0.021193726 0.724803686 370.365417480 0.102018446 0.992460608 0.067906611 1.113929510 -0.717899680 0.120705791 -0.685600817 -108.752899170
-0.685133755 0.020908454 0.728116691 372.290924072 0.100617297 0.992720842 0.066170849 1.257652283 -0.721432865 0.118596993 -0.682251930 -110.588806152
-0.682539940 0.021482522 0.730531991 374.088623047 0.102723792 0.992463529 0.066790402 1.385299325 -0.723591387 0.120630123 -0.679604471 -112.252563477
-0.680440426 0.021370471 0.732491195 376.003356934 0.103325076 0.992384911 0.067029998 1.530119181 -0.725480616 0.121294625 -0.677468657 -114.017051697
-0.677985549 0.021981856 0.734745979 377.772949219 0.101638503 0.992753506 0.064085990 1.625655055 -0.728012741 0.118127853 -0.675308466 -115.719810486
-0.676071823 0.017879732 0.736618280 378.123748779 0.096195914 0.993289590 0.064179294 1.668713927 -0.730527639 0.114249475 -0.673256814 -116.193023682
-0.675162613 0.011675242 0.737576067 378.589019775 0.087944388 0.994015932 0.064768143 1.707693458 -0.732406080 0.108594701 -0.672150910 -116.675758362
-0.675168574 0.008306458 0.737616122 380.400115967 0.081313878 0.994679272 0.063228503 1.823095798 -0.733166277 0.102668323 -0.672253549 -118.334152222
-0.674499214 0.007553881 0.738236427 382.269195557 0.079612836 0.994859159 0.062559627 1.949544072 -0.733968675 0.100969493 -0.671634972 -120.055458069
-0.673392415 0.007650389 0.739245117 384.132232666 0.081544913 0.994611800 0.063987717 2.064134836 -0.734772384 0.103370503 -0.670389771 -121.759567261
-0.671538234 0.007006760 0.740936220 385.697906494 0.083684355 0.994273007 0.066443861 2.216398001 -0.736227334 0.106624350 -0.668280602 -123.374656677
-0.669984102 0.004600093 0.742360651 387.166625977 0.082067490 0.994309068 0.067905068 2.309283257 -0.737823546 0.106418982 -0.666550696 -124.818542480
-0.669255793 0.004364696 0.743018687 389.129547119 0.079927802 0.994601607 0.066150509 2.449806690 -0.738718867 0.103659466 -0.665993690 -126.558380127
-0.668520987 0.005457408 0.743672669 389.570648193 0.079223238 0.994804025 0.063917093 2.489261866 -0.739459753 0.101646073 -0.665481627 -126.999412537
-0.667652667 0.006924482 0.744440079 391.486480713 0.080054671 0.994824708 0.062543809 2.615322113 -0.740154386 0.101353444 -0.664753675 -128.700592041
-0.666353345 0.008009540 0.745592475 391.658142090 0.082860202 0.994542599 0.063370243 2.630904436 -0.741016090 0.104006916 -0.663382351 -128.917953491
-0.665204465 0.008187507 0.746615767 391.665893555 0.084735774 0.994305909 0.064592466 2.630793810 -0.741835833 0.106232263 -0.662112415 -128.924407959
