1.000000000 0.000000000 0.000000000 0.000000000 0.000000000 1.000000000 0.000000000 0.000000000 0.000000000 0.000000000 1.000000000 0.000000000
0.999050200 -0.000386910 0.043572038 0.052379768 0.000494450 0.999996841 -0.002457347 -0.025953958 -0.043570951 0.002476558 0.999047279 1.053542495
0.996070445 -0.005046724 0.088419884 0.175079614 0.005719217 0.999956548 -0.007353987 -0.057718903 -0.088378936 0.007830782 0.996056139 2.118802786
0.991040647 -0.004750012 0.133476242 0.337600768 0.006286063 0.999918640 -0.011088999 -0.090541907 -0.133412734 0.011828688 0.990989923 3.144275188
0.983832002 -0.003000673 0.179068789 0.557799995 0.005487761 0.999895096 -0.013395278 -0.117186323 -0.179009840 0.014161388 0.983745277 4.163779259
0.974404156 -0.005450827 0.224737108 0.800013542 0.008639166 0.999875307 -0.013206063 -0.145720035 -0.224637121 0.014809582 0.974329829 5.186671734
0.962864220 -0.006029767 0.269918591 1.080003500 0.010279500 0.999844253 -0.014333710 -0.175660521 -0.269790173 0.016576044 0.962776363 6.199387550
0.949540436 -0.008247951 0.313536227 1.434516191 0.014364657 0.999748647 -0.017203573 -0.202172548 -0.313315630 0.020839328 0.949420273 7.196689129
0.934499741 -0.009815543 0.355828553 1.811441422 0.017656947 0.999667227 -0.018795945 -0.234038174 -0.355525762 0.023847651 0.934362054 8.156265259
0.917233706 -0.009558945 0.398234934 2.215287209 0.018869583 0.999632180 -0.019466862 -0.269547343 -0.397902519 0.025370190 0.917076707 9.100171089
0.897612333 -0.009378561 0.440686166 2.655704021 0.019126996 0.999660373 -0.017684350 -0.313534141 -0.440370798 0.024302693 0.897486866 10.006946564
0.875762701 -0.009015135 0.482657850 3.141720533 0.019490721 0.999670386 -0.016693149 -0.353550285 -0.482348382 0.024026584 0.875649750 10.914975166
0.851994812 -0.009564557 0.523463070 3.691751242 0.020709498 0.999665976 -0.015441426 -0.390830934 -0.523140669 0.023996668 0.851908267 11.797885895
0.826503336 -0.009795030 0.562846839 4.286013603 0.022366075 0.999630213 -0.015446870 -0.426068664 -0.562487483 0.025355559 0.826416731 12.679383278
0.798978269 -0.011586970 0.601248443 4.874691963 0.025667489 0.999560058 -0.014845593 -0.465599358 -0.600811958 0.027293840 0.798924088 13.495576859
0.770323634 -0.010697110 0.637563527 5.509381294 0.026532738 0.999530792 -0.015287416 -0.502452433 -0.637100935 0.028692562 0.770245910 14.280457497
0.739795446 -0.014105253 0.672684193 6.175091743 0.031667110 0.999401987 -0.013870344 -0.531798363 -0.672086358 0.031563178 0.739799559 15.004367828
0.707792461 -0.012911516 0.706302643 6.860174179 0.031330418 0.999422669 -0.013126618 -0.567352772 -0.705725431 0.031419676 0.707788169 15.689564705
0.673520982 -0.011482244 0.739079118 7.605370522 0.032417119 0.999375939 -0.014015446 -0.590150118 -0.738456964 0.033398509 0.673472703 16.385225296
0.637927890 -0.012312895 0.769997895 8.364976883 0.036580767 0.999227762 -0.014327962 -0.616456032 -0.769226849 0.037307315 0.637885451 17.018507004
0.601928711 -0.010642068 0.798479140 9.170498848 0.036860812 0.999215484 -0.014469830 -0.645299673 -0.797698617 0.038142391 0.601848483 17.606615067
0.564336479 -0.009398654 0.825491548 10.140463829 0.040104397 0.999066591 -0.016041942 -0.681751490 -0.824570119 0.042158891 0.564186394 18.279552460
0.525994480 -0.007967090 0.850450814 11.062996864 0.045332607 0.998797119 -0.018680902 -0.721057177 -0.849278867 0.048379201 0.525722742 18.820959091
0.487708062 -0.006870133 0.872979879 12.008210182 0.047138523 0.998717308 -0.018475236 -0.743452907 -0.871733069 0.050161500 0.487406194 19.307123184
0.449727625 -0.008772875 0.893122852 13.055556297 0.052411426 0.998487651 -0.016583670 -0.791562200 -0.891626477 0.054267973 0.449507177 19.798133850
0.413507402 -0.009307736 0.910453379 14.093100548 0.056913819 0.998256326 -0.015643610 -0.811976612 -0.908720016 0.058286127 0.413316041 20.212692261
0.378653288 -0.007109572 0.925511539 15.042520523 0.058950212 0.998125196 -0.016450845 -0.831169784 -0.923659086 0.060788263 0.378362387 20.574068069
0.345313370 -0.008087446 0.938452840 15.971046448 0.059732653 0.998124659 -0.013377553 -0.862703145 -0.936584294 0.060675722 0.345148742 20.924695969
0.312324673 -0.010064926 0.949922383 16.954139709 0.062742174 0.997978985 -0.010054865 -0.888471663 -0.947900951 0.062740564 0.312324822 21.225408554
0.279586852 -0.010090129 0.960067630 17.981266022 0.063236021 0.997967005 -0.007926878 -0.914952040 -0.958035409 0.062927097 0.279656380 21.509647369
0.247491390 -0.007343813 0.968862474 18.975770950 0.060713343 0.998123527 -0.007943328 -0.942305446 -0.966985703 0.060788784 0.247472733 21.765304565
0.216781139 -0.005819394 0.976203084 20.030668259 0.060887817 0.998115838 -0.007571065 -0.964745879 -0.974319279 0.061080143 0.216726914 21.991756439
0.186593950 -0.005727396 0.982420683 21.089944839 0.063404374 0.997968435 -0.006224531 -0.982154250 -0.980388761 0.063451231 0.186577916 22.183879852
0.156414852 -0.006307149 0.987671554 22.165615082 0.065985776 0.997812092 -0.004078077 -0.999803364 -0.985484540 0.065810151 0.156488717 22.343357086
0.126285329 -0.007002653 0.991969526 23.255882263 0.065225139 0.997869611 -0.001259353 -1.008792162 -0.989847004 0.064860389 0.126472980 22.477535248
0.097282283 -0.007353731 0.995229900 24.381362915 0.066252254 0.997802377 0.000896683 -1.017069697 -0.993048966 0.065848984 0.097555622 22.574352264
0.070303306 -0.007136353 0.997500360 25.529861450 0.069306232 0.997592747 0.002252353 -1.028105259 -0.995114863 0.068974629 0.070628598 22.646690369
0.045352690 -0.006993402 0.998946726 26.658809662 0.073884130 0.997260094 0.003627222 -1.036368370 -0.996234775 0.073641792 0.045745075 22.690280914
0.022669628 -0.006658026 0.999721050 27.833484650 0.078185633 0.996926785 0.004866488 -1.038636684 -0.996680796 0.078053489 0.023120474 22.711841583
0.002500515 -0.006961192 0.999972820 29.017271042 0.084071651 0.996436834 0.006726354 -1.044848204 -0.996456325 0.084052533 0.003076799 22.702003479
-0.015130145 -0.007666720 0.999856293 30.216901779 0.088400513 0.996044457 0.008975200 -1.043380141 -0.995969832 0.088523597 -0.014392596 22.685750961
-0.030690696 -0.007773669 0.999498844 31.417213440 0.091452919 0.995753407 0.010552703 -1.045039415 -0.995336115 0.091730945 -0.029849475 22.645359039
-0.045180649 -0.008579446 0.998942137 32.652832031 0.093535349 0.995533824 0.012780640 -1.050180078 -0.994590044 0.094013818 -0.044176411 22.595947266
-0.058471542 -0.009882208 0.998240352 33.897655487 0.093585655 0.995492995 0.015336758 -1.043803096 -0.993892491 0.094317727 -0.057283204 22.529687881
-0.070512578 -0.009911817 0.997461855 35.085842133 0.093469977 0.995485246 0.016499761 -1.037667513 -0.993121743 0.094396167 -0.069267802 22.448390961
-0.081522055 -0.007279205 0.996645212 36.336925507 0.093669131 0.995491326 0.014932587 -1.032178044 -0.992259920 0.094572201 -0.080472678 22.343101501
-0.091715664 -0.004084485 0.995777071 37.581695557 0.093864433 0.995503485 0.012728715 -1.024190426 -0.991351187 0.094635449 -0.090919890 22.237623215
-0.101051912 -0.001736430 0.994879842 38.838325500 0.094997443 0.995412230 0.011386443 -1.014103889 -0.990334988 0.095661633 -0.100423373 22.111608505
-0.108527437 -0.000745494 0.994093299 40.133174896 0.094795071 0.995434821 0.011095499 -1.004645109 -0.989563107 0.095439285 -0.107961342 21.972774506
-0.114252776 -0.000334099 0.993451774 41.455604553 0.094711751 0.995441258 0.011227178 -0.999254107 -0.988926470 0.095374271 -0.113700300 21.819028854
-0.119199872 0.001180301 0.992869675 42.774719238 0.095887244 0.995338380 0.010328598 -0.987003624 -0.988229036 0.096434683 -0.118757404 21.658267975
-0.123778336 0.002700685 0.992306292 44.120780945 0.094930828 0.995441675 0.009132269 -0.981164336 -0.987758398 0.095330812 -0.123470522 21.498399734
-0.127711639 0.003371806 0.991805732 45.530330658 0.096118286 0.995328963 0.008993062 -0.981598198 -0.987142682 0.096479163 -0.127439231 21.304288864
-0.130646735 0.002266275 0.991426528 46.896339417 0.096091770 0.995317996 0.010387471 -0.973426104 -0.986761153 0.096624993 -0.130252838 21.127788544
-0.133016959 0.000182511 0.991113901 48.297698975 0.096516408 0.995249152 0.012770154 -0.962791502 -0.986402988 0.097357370 -0.132402658 20.946138382
-0.135351822 -0.001097961 0.990797162 49.738166809 0.096146718 0.995265007 0.014237423 -0.945972860 -0.986121416 0.097188920 -0.134605408 20.755626678
-0.137385488 -0.000768880 0.990517497 51.196678162 0.099121459 0.994969010 0.014520559 -0.942049146 -0.985545516 0.100176424 -0.136618152 20.546867371
-0.138457134 -0.001100916 0.990367949 52.659942627 0.098808177 0.994994283 0.014919817 -0.925096989 -0.985426962 0.099922180 -0.137655333 20.346302032
-0.139119670 0.000173256 0.990275681 54.126762390 0.100743920 0.994813800 0.013979048 -0.908832490 -0.985137582 0.101708993 -0.138415679 20.142644882
-0.139186069 0.000265777 0.990266323 55.612098694 0.100487530 0.994841397 0.013856946 -0.892412424 -0.985154331 0.101438090 -0.138494834 19.938739777
-0.138688445 0.001657550 0.990334749 57.147037506 0.100466810 0.994862676 0.012404452 -0.882332146 -0.985226631 0.101216108 -0.138142541 19.730205536
-0.137518167 0.001351520 0.990498364 58.698665619 0.101084456 0.994796693 0.012676919 -0.869709313 -0.985327482 0.101867273 -0.136939272 19.511766434
-0.136067539 0.000026473 0.990699589 60.247428894 0.100305267 0.994861305 0.013749838 -0.859781981 -0.985608459 0.101243272 -0.135371014 19.303817749
-0.134829521 0.000693577 0.990868628 61.827301025 0.101326190 0.994766712 0.013091364 -0.843712628 -0.985674143 0.102166019 -0.134194240 19.089162827
-0.133909792 0.001241972 0.990992785 63.431465149 0.101279378 0.994779825 0.012438859 -0.830487251 -0.985804379 0.102032796 -0.133336604 18.877569199
-0.133057937 0.001757523 0.991106749 65.053390503 0.102304779 0.994680643 0.011970756 -0.819529772 -0.985813856 0.102987729 -0.132530019 18.665740967
-0.132075593 0.001583625 0.991238475 66.700370789 0.102020159 0.994709492 0.012004311 -0.804279804 -0.985975444 0.102711745 -0.131538466 18.449001312
-0.131244004 -0.000143912 0.991350174 68.357231140 0.104119621 0.994466841 0.013928680 -0.792057872 -0.985867023 0.105047032 -0.130502880 18.224952698
-0.130871907 -0.002069443 0.991397202 70.051330566 0.105316833 0.994309902 0.015978146 -0.772710323 -0.985789299 0.106501877 -0.129909337 18.011651993
-0.129998073 -0.001065140 0.991513729 71.724113464 0.107766248 0.994059682 0.015197191 -0.772809148 -0.985640168 0.108827300 -0.129111111 17.793689728
-0.129495308 0.000549750 0.991579890 73.412902832 0.109819740 0.993855357 0.013790896 -0.762513757 -0.985479712 0.110680893 -0.128760055 17.582746506
-0.128977522 0.000242490 0.991647482 75.092880249 0.109181538 0.993923366 0.013957532 -0.749551594 -0.985618532 0.110069796 -0.128220305 17.371744156
-0.128902182 0.000090188 0.991657257 76.820526123 0.110001735 0.993829370 0.014208371 -0.741539598 -0.985537171 0.110915504 -0.128116742 17.147939682
-0.128724560 -0.001138932 0.991679668 78.511383057 0.109715693 0.993843496 0.015383020 -0.730226874 -0.985592246 0.110782988 -0.127807170 16.938276291
-0.128674790 -0.000888418 0.991686404 80.256980896 0.111267164 0.993671894 0.015327505 -0.715369105 -0.985424817 0.112314388 -0.127761722 16.713001251
-0.128624514 -0.001018697 0.991692781 82.076095581 0.112445474 0.993534982 0.015604991 -0.694048882 -0.985297620 0.113518558 -0.127678439 16.470876694
-0.128628954 0.000014928 0.991692722 83.853401184 0.112998232 0.993486941 0.014641648 -0.677389383 -0.985233784 0.113942884 -0.127792910 16.235643387
-0.129440278 0.000647859 0.991586924 85.637374878 0.113036096 0.993490398 0.014106465 -0.677090168 -0.985123158 0.113911085 -0.128670931 16.017095566
-0.130495250 0.001197173 0.991448104 87.449577332 0.112388700 0.993570983 0.013592964 -0.669117033 -0.985058010 0.113201417 -0.129790872 15.776391983
-0.132093281 0.001803177 0.991235554 89.222023010 0.111314088 0.993699551 0.013026197 -0.652455568 -0.984966993 0.112059191 -0.131461784 15.551589966
-0.133143649 0.001119314 0.991096020 91.032997131 0.110214457 0.993813276 0.013683810 -0.638034165 -0.984949231 0.111055054 -0.132443339 15.311775208
-0.133896381 0.001111049 0.990994632 92.853431702 0.110247813 0.993808270 0.013781727 -0.619563878 -0.984843433 0.111100338 -0.133189872 15.054076195
-0.133972868 0.000312238 0.990984917 94.731033325 0.108146690 0.994031668 0.014307333 -0.592992365 -0.985065997 0.109088540 -0.133207083 14.785522461
-0.135553494 0.001526595 0.990768850 96.564506531 0.107939027 0.994069099 0.013236162 -0.567738175 -0.984872460 0.108736843 -0.134914368 14.544956207
-0.138002530 0.002412981 0.990428984 98.412010193 0.106787689 0.994203508 0.012457212 -0.551437378 -0.984657824 0.107484750 -0.137460336 14.300134659
-0.142038971 0.003544496 0.989854693 100.320320129 0.107458159 0.994138598 0.011859853 -0.528324664 -0.984010637 0.108052544 -0.141587347 14.023444176
-0.146863073 0.002818809 0.989152789 102.161376953 0.105564989 0.994329274 0.012840056 -0.517413557 -0.983507276 0.106305644 -0.146327838 13.784983635
-0.151877090 0.002127165 0.988397002 104.055084229 0.104193643 0.994460046 0.013870183 -0.510150015 -0.982891798 0.105091259 -0.151257351 13.503228188
-0.156368211 0.002997917 0.987694144 105.977989197 0.102965347 0.994596004 0.013282239 -0.502195060 -0.982316792 0.103775203 -0.155831873 13.207437515
-0.160646006 0.004812477 0.987000167 107.875091553 0.103842750 0.994520426 0.012052493 -0.494089842 -0.981533885 0.104429014 -0.160265461 12.888921738
-0.165061057 0.006883088 0.986259162 109.776695251 0.103887722 0.994533896 0.010445885 -0.489023179 -0.980796337 0.104184456 -0.164873853 12.573851585
-0.170104310 0.007328497 0.985398591 111.707504272 0.102468476 0.994682670 0.010291060 -0.481052607 -0.980083644 0.102722876 -0.169950739 12.260130882
-0.175386503 0.007118056 0.984473765 113.634170532 0.100649402 0.994863689 0.010737765 -0.476814181 -0.979340851 0.100969978 -0.175202087 11.943304062
-0.180667892 0.006536117 0.983522296 115.610893250 0.098987646 0.995021045 0.011570973 -0.473747343 -0.978549838 0.099447072 -0.180415332 11.582477570
-0.186387151 0.006046044 0.982457638 117.587959290 0.097604319 0.995147765 0.012392879 -0.456087053 -0.977615654 0.098201998 -0.186072856 11.223011017
-0.192017764 0.005709839 0.981374681 119.552375793 0.097382098 0.995158315 0.013263941 -0.446573764 -0.976547539 0.098115265 -0.191644102 10.857121468
-0.197618529 0.007290106 0.980251670 121.520805359 0.097631015 0.995146513 0.012281509 -0.430899799 -0.975404620 0.098130055 -0.197371140 10.475952148
-0.203024983 0.008438774 0.979136944 123.526931763 0.097635970 0.995153427 0.011668093 -0.423971981 -0.974293113 0.097967938 -0.202864930 10.048348427
-0.209032342 0.008613557 0.977870524 125.585937500 0.098010018 0.995110452 0.012185474 -0.407115221 -0.972984374 0.098388299 -0.208854482 9.623495102
-0.214690164 0.008635166 0.976643741 127.573432922 0.096973807 0.995207846 0.012517901 -0.392140746 -0.971855581 0.097396374 -0.214498714 9.202260971
-0.220006630 0.009116897 0.975455463 129.568923950 0.096187733 0.995285690 0.012392175 -0.385961890 -0.970744014 0.096553266 -0.219846383 8.766244888
-0.224669710 0.009829758 0.974385083 131.522399902 0.095600255 0.995347083 0.012001882 -0.363072932 -0.969733536 0.095847979 -0.224564061 8.297757149
-0.229434729 0.009554732 0.973276854 133.476669312 0.096283905 0.995269597 0.012926778 -0.332883090 -0.968549490 0.096676804 -0.229269385 7.809810638
-0.232322112 0.009620765 0.972590983 135.592453003 0.099120982 0.994978845 0.013834728 -0.312637895 -0.967574596 0.099618353 -0.232109204 7.201660156
-0.235846654 0.010405802 0.971734226 137.630294800 0.100359894 0.994856477 0.013704631 -0.302581817 -0.966593683 0.100755408 -0.235677883 6.712849617
-0.238945082 0.011177979 0.970968425 139.638595581 0.101131007 0.994782031 0.013435138 -0.290965348 -0.965751946 0.101405337 -0.238828704 6.223901272
-0.242222175 0.011073206 0.970157325 141.667083740 0.100328676 0.994859755 0.013694208 -0.276692212 -0.965018988 0.100651704 -0.242088050 5.720861435
-0.246320516 0.011513407 0.969119787 143.689971924 0.098829016 0.995015264 0.013298246 -0.274210662 -0.964135945 0.099052846 -0.246230528 5.204860687
-0.250512123 0.012362835 0.968034267 145.706298828 0.097331792 0.995173454 0.012478505 -0.261416525 -0.963207841 0.097346582 -0.250506312 4.688621521
-0.254082412 0.011142217 0.967118144 147.594955444 0.095962293 0.995289743 0.013744535 -0.280528545 -0.962409735 0.096299179 -0.253954858 4.156225204
-0.258632213 0.011315547 0.965909362 149.618530273 0.095674776 0.995314479 0.013957879 -0.271226615 -0.961225688 0.096023180 -0.258503020 3.626755714
-0.262811452 0.011793759 0.964774847 151.598068237 0.095287889 0.995353937 0.013789517 -0.261561483 -0.960129917 0.095555469 -0.262714237 3.080580711
-0.267289579 0.011451774 0.963547885 153.563644409 0.094525531 0.995418131 0.014390958 -0.268580377 -0.958968341 0.094926491 -0.267147392 2.538912058
-0.271730751 0.010576796 0.962314904 155.605407715 0.094031610 0.995446503 0.015610936 -0.259442836 -0.957767963 0.094730057 -0.271487981 1.997499108
-0.275701076 0.010618647 0.961184442 157.683074951 0.094783708 0.995365918 0.016190981 -0.252777636 -0.956558406 0.095568560 -0.275429904 1.407101631
-0.278679699 0.011422199 0.960315824 159.689102173 0.095805973 0.995271683 0.015964514 -0.233784720 -0.955592930 0.096453048 -0.278456300 0.790772796
-0.282112747 0.013080404 0.959291756 161.766433716 0.096031807 0.995269835 0.014670460 -0.206088647 -0.954562366 0.096261315 -0.282034427 0.177146852
-0.285947800 0.014413509 0.958136499 163.811401367 0.095655009 0.995321691 0.013574528 -0.192747816 -0.953458428 0.095532231 -0.285988748 -0.382637441
-0.290765107 0.015492004 0.956668735 165.784027100 0.097067311 0.995187521 0.013386374 -0.224893048 -0.951857448 0.096753627 -0.290869504 -0.798084497
-0.294002086 0.016249642 0.955666304 167.866149902 0.097011648 0.995199084 0.012922910 -0.218796611 -0.950868309 0.096510202 -0.294166952 -1.431968689
-0.297615290 0.016158435 0.954548776 169.761032104 0.097056426 0.995188236 0.013414490 -0.212465271 -0.949739039 0.096637525 -0.297751456 -1.990214825
-0.301460624 0.016431883 0.953336656 171.798233032 0.096932217 0.995199203 0.013498107 -0.203994960 -0.948538184 0.096478254 -0.301606089 -2.626043320
-0.305378705 0.017212797 0.952075005 173.926940918 0.099101998 0.994981349 0.013798514 -0.194315076 -0.947059512 0.098566383 -0.305551916 -3.299188852
-0.308655590 0.017419256 0.951013923 175.810348511 0.100952856 0.994784594 0.014543687 -0.185114473 -0.945800900 0.100496642 -0.308804363 -3.888866663
-0.311327845 0.017094545 0.950148344 177.940597534 0.101579204 0.994708121 0.015387436 -0.167636260 -0.944857478 0.101305932 -0.311416805 -4.598868847
-0.314094812 0.016557412 0.949246824 180.067749023 0.101399317 0.994713545 0.016201381 -0.149208069 -0.943960667 0.101341821 -0.314113289 -5.304611683
-0.317026079 0.017237971 0.948259771 182.088790894 0.100344881 0.994832218 0.015463108 -0.130641967 -0.943093002 0.100055285 -0.317117512 -5.959576607
-0.319946438 0.019354656 0.947237551 184.214996338 0.099409886 0.994957983 0.013247734 -0.110324405 -0.942205429 0.098403402 -0.320257306 -6.665953636
-0.323614866 0.021019384 0.945955038 186.264480591 0.099193521 0.994997501 0.011825347 -0.131099984 -0.940974593 0.097659528 -0.324081004 -7.320822239
-0.326694995 0.022133060 0.944870293 188.343505859 0.098437652 0.995085061 0.010726128 -0.121551484 -0.939989090 0.096515059 -0.327268064 -8.033992767
-0.329959333 0.023117542 0.943711758 190.438385010 0.096823588 0.995256126 0.009473190 -0.119121306 -0.939016044 0.094499402 -0.330632389 -8.745069504
-0.333515078 0.023201603 0.942458928 192.464660645 0.097745381 0.995159984 0.010090884 -0.128765345 -0.937663376 0.095486552 -0.334168732 -9.458129883
-0.336947650 0.022640456 0.941250861 194.565643311 0.097626552 0.995161891 0.011010996 -0.129341170 -0.936447799 0.095601283 -0.337527782 -10.201666832
-0.340496510 0.022111861 0.939985454 196.640304565 0.097588621 0.995154858 0.011940446 -0.126066580 -0.935167253 0.095797643 -0.341004640 -10.938591957
-0.344393730 0.021687973 0.938574433 198.751770020 0.097623013 0.995140433 0.012826007 -0.131491855 -0.933735430 0.096043743 -0.344837397 -11.717153549
-0.348134220 0.021880347 0.937188923 200.869888306 0.096645981 0.995237887 0.012665121 -0.115262732 -0.932449043 0.094984792 -0.348591030 -12.493969917
-0.351522893 0.022427246 0.935910225 202.979919434 0.096065111 0.995299578 0.012231133 -0.115330026 -0.931236982 0.094207920 -0.352025062 -13.280573845
-0.354809046 0.022949604 0.934656739 205.103103638 0.095963269 0.995312333 0.011990064 -0.120383456 -0.930000484 0.093946971 -0.355348110 -14.066858292
-0.357661843 0.023877632 0.933545470 207.174819946 0.096827045 0.995232880 0.011641124 -0.123252362 -0.928817451 0.094556108 -0.358268768 -14.858756065
-0.360625863 0.023531053 0.932413280 209.240600586 0.097839460 0.995120585 0.012727390 -0.139509216 -0.927564442 0.095816709 -0.361168444 -15.586371422
-0.362900972 0.023165632 0.931539297 211.342086792 0.099435218 0.994945407 0.013994669 -0.130093157 -0.926506758 0.097706564 -0.363370091 -16.410558701
-0.365887254 0.023808800 0.930354178 213.432785034 0.100415252 0.994846404 0.014031802 -0.123420395 -0.925225675 0.098555878 -0.366392344 -17.201801300
-0.369087070 0.024968369 0.929058969 215.499237061 0.100728601 0.994825065 0.013280587 -0.130532816 -0.923919797 0.098484568 -0.369692028 -17.927782059
-0.371945649 0.024743160 0.927924275 217.564010620 0.100009091 0.994893909 0.013558339 -0.156000599 -0.922851026 0.097843893 -0.372520953 -18.712940216
-0.374661177 0.026245361 0.926789880 219.735733032 0.100142002 0.994896829 0.012309027 -0.154536784 -0.921737492 0.097422376 -0.375377387 -19.585769653
-0.377546281 0.027327629 0.925586998 221.792465210 0.100004219 0.994921327 0.011416935 -0.161104977 -0.920574486 0.096873097 -0.378361613 -20.408313751
-0.380031228 0.027390437 0.924567640 223.880325317 0.098042592 0.995123208 0.010818437 -0.164406210 -0.919762611 0.094758436 -0.380863249 -21.242240906
-0.383363873 0.028597569 0.923154175 225.910598755 0.098943785 0.995039880 0.010264527 -0.156419098 -0.918281853 0.095275506 -0.384291828 -22.037225723
-0.386411041 0.028170153 0.921896040 227.974121094 0.100429118 0.994875252 0.011694509 -0.162728176 -0.916842282 0.097104177 -0.387259841 -22.815328598
-0.389232218 0.027158586 0.920738935 230.101104736 0.101201117 0.994774997 0.013439251 -0.173246861 -0.915563166 0.098410875 -0.389946908 -23.689668655
-0.392372936 0.026919689 0.919411957 232.034729004 0.100514062 0.994840205 0.013767713 -0.175678432 -0.914297402 0.097815983 -0.393054098 -24.467550278
-0.395217121 0.027132865 0.918186665 233.913482666 0.099655516 0.994930327 0.013494257 -0.192053556 -0.913165629 0.096835598 -0.395917386 -25.236446381
-0.398697913 0.026806066 0.916690230 236.018615723 0.098614261 0.995029986 0.013793592 -0.190837905 -0.911764503 0.095898278 -0.399359763 -26.135875702
-0.402231246 0.026261941 0.915161073 238.077285767 0.098234050 0.995055735 0.014621140 -0.196767613 -0.910252392 0.095781140 -0.402822256 -26.983362198
-0.405836821 0.026500573 0.913560987 240.152725220 0.097933948 0.995085001 0.014640366 -0.197652474 -0.908683002 0.095410310 -0.406437397 -27.869626999
-0.409677446 0.026025619 0.911858857 242.178390503 0.097558022 0.995110035 0.015428878 -0.213363618 -0.906998456 0.095280088 -0.410213113 -28.750003815
-0.413187355 0.025597217 0.910285950 244.073638916 0.096601903 0.995196462 0.015863607 -0.203640699 -0.905507386 0.094490074 -0.413675308 -29.617225647
-0.417087406 0.025588283 0.908505797 246.075271606 0.095732167 0.995279610 0.015917538 -0.194598332 -0.903810143 0.093612306 -0.417568237 -30.521404266
-0.421389997 0.026666407 0.906487107 248.219558716 0.096384875 0.995222747 0.015528734 -0.178953543 -0.901742637 0.093915366 -0.421947181 -31.410125732
-0.424858749 0.027217863 0.904850125 250.269531250 0.096951514 0.995166779 0.015587532 -0.174565494 -0.900052667 0.094349161 -0.425444186 -32.353092194
-0.428455770 0.027281353 0.903150558 252.298492432 0.096983023 0.995158017 0.015948256 -0.161782280 -0.898342490 0.094423458 -0.429027110 -33.299160004
-0.432118297 0.027650971 0.901392639 254.470703125 0.095714033 0.995290220 0.015352958 -0.170735255 -0.896722853 0.092910282 -0.432729781 -34.315032959
-0.435429037 0.027994130 0.899787366 256.546905518 0.096406884 0.995218098 0.015690476 -0.151656613 -0.895045519 0.093577847 -0.436045736 -35.338024139
-0.438845336 0.028431548 0.898112357 258.741394043 0.096898019 0.995167971 0.015843315 -0.136368647 -0.893322349 0.093978137 -0.439479828 -36.416778564
-0.442476273 0.029767731 0.896285713 260.820587158 0.098737039 0.994989514 0.015698355 -0.127525479 -0.891327679 0.095442802 -0.443198442 -37.375087738
-0.445824921 0.031897873 0.894551337 262.820312500 0.100999758 0.994775176 0.014864430 -0.128241003 -0.889403403 0.096976459 -0.446717292 -38.369110107
-0.448940694 0.032667849 0.892963886 264.829956055 0.102795966 0.994584680 0.015295517 -0.144925654 -0.887628615 0.098659925 -0.449867636 -39.298141479
-0.452213019 0.034802131 0.891230404 266.810974121 0.104481541 0.994425476 0.014182399 -0.128220201 -0.885768712 0.099530652 -0.453328341 -40.261737823
-0.454954505 0.037138339 0.889739573 268.819091797 0.106552064 0.994222045 0.012984228 -0.149392992 -0.884116709 0.100710891 -0.456283003 -41.246715546
-0.457886875 0.037839320 0.888204455 270.875762939 0.107452832 0.994124353 0.013042320 -0.134267807 -0.882492363 0.101412065 -0.459262460 -42.289604187
-0.461385399 0.038093247 0.886381328 272.803161621 0.107515410 0.994114935 0.013241451 -0.163562208 -0.880660594 0.101409130 -0.462765783 -43.239673615
-0.464597702 0.038277708 0.884693921 274.969085693 0.106809333 0.994193256 0.013075624 -0.131407499 -0.879056275 0.100568533 -0.465988338 -44.376735687
-0.468665868 0.039815366 0.882477522 277.060424805 0.108171500 0.994052172 0.012598319 -0.132155925 -0.876727104 0.101363383 -0.470185190 -45.398445129
-0.471653104 0.040267803 0.880864024 279.121826172 0.107557334 0.994124472 0.012145505 -0.115965195 -0.875199378 0.100471921 -0.473212957 -46.499084473
-0.474409491 0.039970171 0.879396200 281.201782227 0.105845958 0.994311035 0.011907654 -0.110070281 -0.873917341 0.098729715 -0.475941211 -47.605319977
-0.477135986 0.040525649 0.877894342 283.276733398 0.107696071 0.994103193 0.012642741 -0.113746345 -0.872205257 0.100578159 -0.478686839 -48.703315735
-0.479520589 0.040599030 0.876590669 285.332824707 0.109071419 0.993940175 0.013631199 -0.103029661 -0.870725334 0.102147520 -0.481042951 -49.805908203
-0.482217640 0.040828094 0.875099242 287.354827881 0.110372558 0.993784904 0.014454645 -0.106103092 -0.869070411 0.103557326 -0.483726859 -50.862640381
-0.483561724 0.041166496 0.874341369 289.486297607 0.111124530 0.993697941 0.014672194 -0.094357684 -0.868227303 0.104255788 -0.485088825 -52.040420532
-0.485958159 0.040833533 0.873027325 291.614715576 0.111779243 0.993608057 0.015746938 -0.096253321 -0.866804063 0.105238795 -0.487416178 -53.174533844
-0.488804400 0.041430634 0.871408701 293.800415039 0.113533773 0.993397593 0.016454633 -0.068841480 -0.864973724 0.106977530 -0.490280807 -54.340629578
-0.490800291 0.041404493 0.870287359 295.900909424 0.114172503 0.993312955 0.017130295 -0.053189721 -0.863758624 0.107770570 -0.492245436 -55.521141052
-0.492651850 0.042374138 0.869193852 298.053283691 0.113568991 0.993401945 0.015940547 -0.025132623 -0.862783551 0.106566742 -0.494213611 -56.727634430
-0.495708346 0.045395937 0.867301464 300.162414551 0.114974134 0.993273437 0.013724246 -0.034789417 -0.860844612 0.106520578 -0.497593164 -57.813495636
-0.500549197 0.044539791 0.864561260 302.216400146 0.114269167 0.993336558 0.014983706 -0.081206977 -0.858133018 0.106292881 -0.502303243 -58.878925323
-0.505235970 0.043233506 0.861897230 304.325500488 0.113393076 0.993410587 0.016639613 -0.089178056 -0.855498552 0.106140219 -0.506809115 -60.034248352
-0.509889781 0.040883187 0.859267294 306.425384521 0.111424580 0.993593931 0.018845089 -0.071285337 -0.852992475 0.105352528 -0.511178792 -61.267593384
-0.514769793 0.039756782 0.856405675 308.625030518 0.110339575 0.993688464 0.020193251 -0.038222142 -0.850197911 0.104890428 -0.515907586 -62.545951843
-0.518981278 0.040072847 0.853845298 310.870513916 0.111022480 0.993598878 0.020849504 -0.000564106 -0.847544491 0.105616644 -0.520108223 -63.887409210
-0.521755159 0.041811395 0.852069557 313.052276611 0.113906644 0.993268967 0.021009332 0.036084969 -0.845456123 0.108018234 -0.523005843 -65.270217896
-0.526220977 0.043321133 0.849243164 315.253417969 0.116323404 0.992979944 0.021424716 0.052033719 -0.842353582 0.110061109 -0.527566195 -66.528144836
-0.530116618 0.042755552 0.846845627 317.311706543 0.116280705 0.992957592 0.022658063 0.090264797 -0.839913309 0.110483333 -0.531355083 -67.789222717
-0.534210205 0.041377530 0.844338000 319.413909912 0.116328865 0.992897153 0.024943119 0.121228442 -0.837309003 0.111545853 -0.535229266 -69.060737610
-0.538532197 0.040265761 0.841641843 321.609863281 0.115779258 0.992918909 0.026579248 0.155299872 -0.834612250 0.111758545 -0.539380848 -70.394157410
-0.543305933 0.040366728 0.838563383 323.672760010 0.115373857 0.992956102 0.026951924 0.191019803 -0.831568956 0.111391522 -0.544136286 -71.620353699
-0.547209978 0.040454011 0.836016715 325.757995605 0.115998916 0.992857575 0.027883027 0.226704717 -0.828917921 0.112235002 -0.547994256 -72.958580017
-0.551249206 0.040762935 0.833343804 327.937500000 0.117672987 0.992620111 0.029285647 0.264869034 -0.826000452 0.114205845 -0.551977813 -74.364418030
-0.555208027 0.040399827 0.830729306 330.179382324 0.117999397 0.992541909 0.030594412 0.316588581 -0.823297977 0.115011916 -0.555834472 -75.859962463
-0.559441447 0.039256413 0.827939272 332.355590820 0.116546348 0.992679417 0.031683262 0.362908453 -0.820634782 0.114218324 -0.559921324 -77.294364929
-0.563208103 0.038424775 0.825420678 334.563476562 0.115892857 0.992717505 0.032864273 0.421612918 -0.818147004 0.114169888 -0.563559890 -78.767387390
-0.566030920 0.037948366 0.823509634 336.735687256 0.115903966 0.992680669 0.033921428 0.487683713 -0.816195011 0.114648707 -0.566286564 -80.234382629
-0.569186330 0.037142497 0.821368694 338.882324219 0.113216773 0.993003249 0.033552315 0.558923423 -0.814375818 0.112090334 -0.569409251 -81.674713135
-0.572421074 0.036175247 0.819160938 341.020843506 0.109265521 0.993481457 0.032480132 0.625961781 -0.812646389 0.108098462 -0.572642624 -83.096076965
-0.575501621 0.035651620 0.817022681 343.118865967 0.105994217 0.993873894 0.031292442 0.679064214 -0.810902059 0.104608633 -0.575755119 -84.537498474
-0.577388644 0.033048805 0.815799832 345.234985352 0.103856534 0.994036436 0.033235945 0.741742432 -0.809836507 0.103916302 -0.577377975 -86.045097351
-0.580850780 0.032521587 0.813359678 347.429595947 0.104299143 0.993938565 0.034742065 0.808546782 -0.807299912 0.105012782 -0.580722272 -87.576110840
-0.583411932 0.032071814 0.811542451 349.630676270 0.102728724 0.994108319 0.034564208 0.888803661 -0.805652797 0.103534006 -0.583269656 -89.244827271
-0.586787105 0.030990727 0.809147537 351.732574463 0.100800015 0.994289815 0.035017595 0.940844417 -0.803442180 0.102110066 -0.586560667 -90.722785950
-0.589752197 0.026730765 0.807141304 353.740234375 0.097810104 0.994458437 0.038532417 0.985477328 -0.801638782 0.101671264 -0.589098930 -92.210319519
-0.592589319 0.024629921 0.805127621 355.850433350 0.095673531 0.994608641 0.039991170 1.058103323 -0.799802303 0.100727849 -0.591751277 -93.748283386
-0.594328225 0.025103183 0.803830266 355.880920410 0.096131012 0.994563460 0.040016755 1.061019897 -0.798456013 0.101056211 -0.593510687 -93.767997742
-0.595014513 0.027707770 0.803236723 355.901855469 0.098705694 0.994358718 0.038817782 1.069706559 -0.797630310 0.102381304 -0.594393134 -93.840728760
-0.593234420 0.027706916 0.804552317 355.900329590 0.098591693 0.994384229 0.038452033 1.095890760 -0.798969150 0.102133363 -0.592634976 -93.935165405
-0.594876707 0.027381491 0.803349912 355.926605225 0.098371319 0.994386673 0.038950678 1.098161459 -0.797774315 0.102197565 -0.594231367 -93.962348938
-0.597412527 0.026167609 0.801506519 356.005584717 0.095351078 0.994694650 0.038596254 1.102414966 -0.796244621 0.099482514 -0.596738458 -94.021148682
-0.598858297 0.022943499 0.800525665 356.053009033 0.085748196 0.995679736 0.035609908 1.098811984 -0.796250582 0.089969039 -0.598238766 -94.091026306
-0.602185071 0.026048288 0.797930837 356.083068848 0.078462683 0.996559441 0.026682001 1.077158093 -0.794490933 0.078675412 -0.602157295 -94.093742371
-0.604580104 0.036314800 0.795715451 356.113494873 0.088903494 0.995794535 0.022102380 1.039482832 -0.791566908 0.084104665 -0.605266392 -94.123031616
-0.605068743 0.037060738 0.795309484 356.128753662 0.095998958 0.995023668 0.026668441 1.006081343 -0.790363908 0.092485249 -0.605615914 -94.181396484
-0.607117534 0.027625281 0.794130981 356.167633057 0.094923459 0.994759917 0.037965000 0.997677505 -0.788921356 0.098431014 -0.606558859 -94.223602295
-0.610362530 0.017268054 0.791933239 356.226196289 0.088969968 0.994930148 0.046876971 1.007181168 -0.787109315 0.099070355 -0.608804822 -94.272048950
-0.612806618 0.011595367 0.790147126 356.255310059 0.083407484 0.995255828 0.050082199 1.028915882 -0.785818279 0.096595027 -0.610866845 -94.325927734
-0.615437269 0.011562873 0.788100421 356.285186768 0.083046988 0.995277524 0.050249871 1.054331422 -0.783798099 0.096375145 -0.613491416 -94.380348206
-0.619607329 0.016835971 0.784730673 356.326354980 0.088522986 0.994889796 0.048551127 1.062267184 -0.779903650 0.099549480 -0.617931664 -94.415534973
-0.623948693 0.023418758 0.781113684 356.348236084 0.093325704 0.994630098 0.044727743 1.069874525 -0.775872171 0.100805946 -0.622783899 -94.455368042
-0.626448989 0.026156139 0.779022813 356.354797363 0.094287083 0.994640291 0.042425063 1.070175409 -0.773738325 0.100029066 -0.625557721 -94.527336121
-0.633211017 0.026037656 0.773540556 356.398437500 0.093826793 0.994645059 0.043325365 1.064854503 -0.768270671 0.100013062 -0.632263303 -94.566001892
-0.635855258 0.025596701 0.771383226 356.389770508 0.094630837 0.994494319 0.045004521 1.068434715 -0.765984774 0.101613142 -0.634776711 -94.637023926
-0.639269829 0.024498951 0.768591642 356.395660400 0.094469815 0.994423151 0.046877127 1.074367523 -0.763157368 0.102575980 -0.638019145 -94.703018188
-0.641126037 0.024918992 0.767030418 358.622131348 0.094927087 0.994371891 0.047040474 1.181883216 -0.761541784 0.102970980 -0.639883220 -96.597686768
-0.642808378 0.025028113 0.765617549 359.515533447 0.094785102 0.994383812 0.047074545 1.213895082 -0.760140061 0.102829188 -0.641570568 -97.485839844
-0.644236684 0.025743773 0.764392316 359.502471924 0.095699281 0.994291723 0.047169704 1.215475678 -0.758815110 0.103540391 -0.643022954 -97.566741943
-0.650752127 0.024828870 0.758883715 359.538452148 0.096509680 0.994063258 0.050234854 1.209641218 -0.753131568 0.105930202 -0.649285078 -97.583633423
-0.651641250 0.024574796 0.758128643 359.518096924 0.098740265 0.993718624 0.052659672 1.222788572 -0.752072811 0.109173186 -0.649974704 -97.670989990
-0.653827190 0.024260396 0.756254375 359.491119385 0.100365140 0.993434429 0.054902636 1.239699483 -0.749957502 0.111798562 -0.651969492 -97.736686707
-0.658041775 0.024478158 0.752583027 359.498718262 0.098393098 0.993696749 0.053712238 1.251630902 -0.746524870 0.109394014 -0.656302571 -97.763275146
-0.659667253 0.024763245 0.751149237 359.475189209 0.094499975 0.994257450 0.050213076 1.266117215 -0.745592654 0.104107656 -0.658219337 -97.847076416
-0.665738285 0.023183970 0.745824575 359.553405762 0.089200355 0.994822204 0.048698027 1.265022874 -0.740834236 0.098948106 -0.664359450 -97.872871399
-0.666420341 0.022122139 0.745247483 359.522979736 0.088268012 0.994870782 0.049399629 1.261577010 -0.740332544 0.098702572 -0.664954960 -97.970703125
-0.672631025 0.019951694 0.739708483 359.530944824 0.084442981 0.995175660 0.049943395 1.242138505 -0.735143781 0.096056819 -0.671070933 -97.980712891
-0.673100591 0.019053048 0.739304960 359.483154297 0.081744909 0.995459020 0.048770193 1.230326653 -0.735018969 0.093261816 -0.671601713 -98.077484131
-0.673573077 0.019226218 0.738870025 359.421142578 0.081931427 0.995442867 0.048788339 1.215465188 -0.734565198 0.093399346 -0.672078907 -98.170570374
-0.673714578 0.018210474 0.738766730 359.364227295 0.082809336 0.995260119 0.050984617 1.201605797 -0.734336913 0.095526025 -0.672029376 -98.269485474
-0.673470795 0.017229145 0.739012539 359.499145508 0.085412055 0.994845867 0.054643482 1.204970598 -0.734262407 0.099921532 -0.671471417 -98.390953064
-0.672413111 0.016409324 0.739993632 361.424896240 0.090204701 0.994118631 0.059922200 1.323866606 -0.734658539 0.107043542 -0.669938803 -100.132690430
-0.671085358 0.015881933 0.741209447 363.363861084 0.094352961 0.993470252 0.064139366 1.447943211 -0.735351205 0.112978458 -0.668202043 -101.833618164
-0.669686615 0.013304126 0.742524087 364.759094238 0.088579521 0.994132459 0.062078103 1.532486796 -0.737341762 0.107345454 -0.666935921 -103.224174500
-0.669049025 0.012091432 0.743119359 366.690673828 0.080733344 0.995133162 0.056494288 1.663655162 -0.738819957 0.097792104 -0.666769207 -104.924835205
-0.667491615 0.010083310 0.744548500 368.802337646 0.076265499 0.995575309 0.054889500 1.791132212 -0.740701079 0.093421787 -0.665307283 -106.695541382
-0.664967895 0.009514677 0.746810794 370.738006592 0.074324004 0.995798171 0.053491976 1.886061192 -0.743164301 0.091076560 -0.662881076 -108.426132202
-0.662340462 0.010163806 0.749133527 372.646026611 0.076438159 0.995606661 0.054074377 1.995752931 -0.745293200 0.093078181 -0.660207450 -110.100196838
-0.659554601 0.010130520 0.751587927 374.622100830 0.077249870 0.995527804 0.054371938 2.110157967 -0.747676313 0.093921483 -0.657387435 -111.853080750
-0.656277299 0.010811031 0.754441917 376.543487549 0.074822322 0.995901048 0.050815668 2.218788385 -0.750800550 0.089798406 -0.654396057 -113.555099487
-0.654586494 0.006811850 0.755955994 376.881927490 0.069298975 0.996289730 0.051028889 2.248764038 -0.752803981 0.085789934 -0.652629793 -113.996482849
-0.653618932 0.000721579 0.756823063 377.365966797 0.060914502 0.996805072 0.051657517 2.278137922 -0.754368186 0.079865962 -0.651574612 -114.459609985
-0.653057337 -0.002335659 0.757304490 377.805206299 0.054295275 0.997277141 0.049897008 2.308035851 -0.755359411 0.073703788 -0.651152313 -114.907752991
-0.652261198 -0.003111293 0.757987499 379.752563477 0.052407280 0.997413158 0.049191419 2.399026871 -0.756180167 0.071809843 -0.650410891 -116.583457947
-0.651290536 -0.002886222 0.758822620 380.356658936 0.054483175 0.997233689 0.050555453 2.429727316 -0.756869793 0.074269488 -0.649331689 -117.057723999
-0.649938464 -0.003634524 0.759977818 380.861999512 0.056567851 0.996982932 0.053145211 2.465576172 -0.757878542 0.077531561 -0.647772014 -117.508316040
-0.648597658 -0.005934996 0.761108041 382.592864990 0.054955866 0.996994138 0.054606438 2.552715778 -0.759144843 0.077245079 -0.646321893 -118.984397888
-0.647738934 -0.006030319 0.761838317 384.331054688 0.052927371 0.997196198 0.052893806 2.631092072 -0.760021687 0.074583590 -0.645603657 -120.476005554
-0.646614730 -0.004681560 0.762802243 384.700683594 0.052512042 0.997335434 0.050634548 2.657246351 -0.761007190 0.072797462 -0.644645989 -120.881828308
-0.645390987 -0.002678932 0.763847589 385.129150391 0.054148618 0.997317255 0.049249064 2.683011770 -0.761930764 0.073146306 -0.643514574 -121.311241150
-0.644068658 -0.001607058 0.764965951 385.481353760 0.057042804 0.997112393 0.050122365 2.704465866 -0.762838006 0.075918168 -0.642117262 -121.715194702
-0.643055260 -0.001626816 0.765818059 385.780670166 0.058578599 0.996963084 0.051306125 2.723200083 -0.763576269 0.077853344 -0.641007125 -121.971107483
