1.000000000 0.000000000 0.000000000 0.000000000 0.000000000 1.000000000 0.000000000 0.000000000 0.000000000 0.000000000 1.000000000 0.000000000
0.999994457 -0.001923678 0.002725076 0.000438955 0.001910468 0.999986470 0.004842218 -0.008131892 -0.002734354 -0.004836985 0.999984562 0.758075058
0.999963224 -0.006054623 0.006075364 0.008142808 0.006047439 0.999981046 0.001200142 -0.016156228 -0.006082514 -0.001163358 0.999980867 1.522240758
0.999942422 -0.004772959 0.009613115 0.011985985 0.004832279 0.999969363 -0.006157065 -0.022606635 -0.009583433 0.006203162 0.999934912 2.301781654
0.999912500 0.002796897 0.012931081 0.005529793 -0.002652842 0.999934375 -0.011143955 -0.022967009 -0.012961401 0.011108674 0.999854386 3.081963062
0.999880433 -0.000927832 0.015437684 0.015123629 0.001074253 0.999954522 -0.009479055 -0.032703314 -0.015428186 0.009494504 0.999835968 3.874240875
0.999796867 -0.010881575 0.016966989 0.040862106 0.010959575 0.999929786 -0.004511009 -0.051420882 -0.016916711 0.004696043 0.999845922 4.691557884
0.999673665 -0.017213281 0.018875567 0.062047578 0.017260855 0.999848247 -0.002360325 -0.064513564 -0.018832073 0.002685362 0.999819100 5.501110077
0.999658763 -0.017084587 0.019762527 0.075344406 0.017092785 0.999853909 -0.000245899 -0.069708690 -0.019755438 0.000583611 0.999804735 6.318120956
0.999723852 -0.012852043 0.019674491 0.081553340 0.012728413 0.999898553 0.006396200 -0.077054113 -0.019754699 -0.006144009 0.999786019 7.139317989
0.999705195 -0.013091615 0.020450491 0.091666393 0.012869097 0.999857008 0.010974826 -0.086860493 -0.020591244 -0.010708412 0.999730647 7.954587936
0.999708414 -0.012179620 0.020853365 0.101508141 0.012028947 0.999900818 0.007335591 -0.094881095 -0.020940639 -0.007082610 0.999755681 8.754628181
0.999715447 -0.010120287 0.021606125 0.114512518 0.010147197 0.999947965 -0.001136226 -0.099946856 -0.021593500 0.001355142 0.999765933 9.564547539
0.999712288 -0.008340778 0.022493090 0.124773890 0.008457157 0.999951422 -0.005083825 -0.103296250 -0.022449592 0.005272587 0.999734104 10.373538971
0.999734402 -0.005786792 0.022310771 0.134660795 0.005729422 0.999980211 0.002634503 -0.107741438 -0.022325573 -0.002505976 0.999747634 11.194906235
0.999677420 -0.008866235 0.023801811 0.152952939 0.008583759 0.999891937 0.011943894 -0.117815882 -0.023905134 -0.011735733 0.999645352 12.035603523
0.999595940 -0.011983671 0.025777772 0.178423584 0.011651836 0.999847889 0.012984883 -0.127106234 -0.025929458 -0.012679279 0.999583364 12.864402771
0.999488115 -0.014239084 0.028652787 0.198263034 0.014123145 0.999891400 0.004244706 -0.128405601 -0.028710116 -0.003837868 0.999580383 13.666000366
0.999436080 -0.012748986 0.031067021 0.217161909 0.012847706 0.999913216 -0.002980064 -0.129336834 -0.031026332 0.003377519 0.999512792 14.478612900
0.999378324 -0.012141133 0.033101402 0.246955603 0.012356210 0.999904037 -0.006300701 -0.143265456 -0.033021722 0.006705786 0.999432087 15.287659645
0.999228656 -0.015383392 0.036132019 0.276290148 0.015560511 0.999868453 -0.004625870 -0.157764331 -0.036056094 0.005184529 0.999336243 16.124319077
0.999140322 -0.014571429 0.038811605 0.306088626 0.014667044 0.999890327 -0.002179977 -0.169016391 -0.038775571 0.002747350 0.999244094 16.948099136
0.999072552 -0.010949860 0.041643173 0.334330022 0.010833092 0.999936938 0.003028645 -0.179669246 -0.041673698 -0.002574714 0.999127865 17.766885757
0.998970807 -0.009240944 0.044405337 0.361000657 0.008749601 0.999898732 0.011246577 -0.188189626 -0.044504754 -0.010846474 0.998950183 18.583974838
0.998866975 -0.009161483 0.046699446 0.394878685 0.008364252 0.999816716 0.017238412 -0.191705003 -0.046848804 -0.016828272 0.998760104 19.399488449
0.998736978 -0.009578713 0.049322285 0.431876659 0.008788494 0.999830246 0.016213525 -0.197073340 -0.049469206 -0.015759576 0.998651147 20.204908371
0.998621345 -0.008508507 0.051796790 0.464201540 0.008013681 0.999920666 0.009753403 -0.199047238 -0.051875651 -0.009324874 0.998609900 20.992015839
0.998539865 -0.007339044 0.053517893 0.504452884 0.007309210 0.999973357 0.000753122 -0.201105714 -0.053521976 -0.000360851 0.998566508 21.783294678
0.998440444 -0.005462066 0.055558719 0.542107701 0.005539182 0.999984205 -0.001234130 -0.206128985 -0.055551082 0.001539953 0.998454571 22.569789886
0.998283863 -0.003634688 0.058447365 0.582690537 0.003462553 0.999989629 0.003046084 -0.214364007 -0.058457814 -0.002838481 0.998285711 23.372220993
0.998116434 -0.000527176 0.061345141 0.620493531 -0.000108867 0.999946535 0.010364400 -0.225030169 -0.061347306 -0.010351555 0.998062670 24.165664673
0.997866452 0.004798918 0.065111235 0.659557164 -0.005710802 0.999888361 0.013826046 -0.228407353 -0.065037601 -0.014168384 0.997782052 24.961523056
0.997566044 0.009022032 0.069142781 0.702715755 -0.009854688 0.999883056 0.011710828 -0.233935401 -0.069029026 -0.012363703 0.997537851 25.745664597
0.997269154 0.011172237 0.073003218 0.752745032 -0.011613112 0.999916971 0.005617328 -0.239198893 -0.072934382 -0.006449783 0.997315705 26.516733170
0.996945262 0.008061449 0.077686228 0.815257430 -0.007780514 0.999962211 -0.003918374 -0.250037402 -0.077714875 0.003301960 0.996969998 27.287679672
0.996498227 0.006397812 0.083368741 0.877579808 -0.005717490 0.999948561 -0.008396669 -0.255634278 -0.083418168 0.007890599 0.996483207 28.052295685
0.995919049 0.004110006 0.090157017 0.950574398 -0.003814085 0.999986887 -0.003454397 -0.265407890 -0.090170026 0.003096427 0.995921373 28.827930450
0.995231390 0.000342857 0.097541414 1.027501702 -0.001135810 0.999966919 0.008073919 -0.276305765 -0.097535416 -0.008146209 0.995198488 29.597826004
0.994397998 -0.002697799 0.105665892 1.111407518 0.001196925 0.999897718 0.014264746 -0.288466305 -0.105693564 -0.014058363 0.994299114 30.359840393
0.993386507 -0.006974445 0.114606179 1.200660348 0.005649556 0.999913633 0.011881072 -0.293043524 -0.114679143 -0.011155025 0.993339658 31.102369308
0.992376864 -0.007439126 0.123015568 1.294261575 0.006997014 0.999967575 0.004025551 -0.296853423 -0.123041518 -0.003134128 0.992396295 31.838930130
0.991246581 -0.009039220 0.131713957 1.393296838 0.009240776 0.999957025 -0.000919112 -0.303250015 -0.131699994 0.002128199 0.991287053 32.573478699
0.990149975 -0.012155560 0.139482081 1.500442386 0.012389512 0.999923050 -0.000809101 -0.312367231 -0.139461502 0.002529239 0.990223944 33.301403046
0.988990307 -0.018464008 0.146823853 1.615785003 0.018326679 0.999829531 0.002288125 -0.319814920 -0.146841064 0.000427854 0.989159703 34.027191162
0.988075554 -0.022553988 0.152309045 1.728932619 0.022032866 0.999744296 0.005108595 -0.331331164 -0.152385309 -0.001691879 0.988319457 34.734973907
0.987234890 -0.028197104 0.156755283 1.846386313 0.027499016 0.999599993 0.006620759 -0.341541648 -0.156879246 -0.002225633 0.987615049 35.437797546
0.986900449 -0.029658586 0.158581138 1.958436608 0.029294662 0.999560177 0.004632517 -0.350139201 -0.158648759 0.000073742 0.987334847 36.119903564
0.986830771 -0.031590585 0.158641741 2.066373825 0.031537998 0.999498606 0.002849699 -0.356120586 -0.158652186 0.002191065 0.987331808 36.801315308
0.986947417 -0.033913001 0.157431707 2.175786257 0.034182854 0.999415219 0.000994002 -0.364979565 -0.157373309 0.004400430 0.987529159 37.485042572
0.987460256 -0.034125108 0.154135495 2.279475212 0.034356397 0.999409080 0.001163679 -0.373437434 -0.154084072 0.004146446 0.988048792 38.146408081
0.987894475 -0.035758588 0.150949687 2.373098850 0.035689361 0.999358058 0.003168640 -0.382250011 -0.150966048 0.002257010 0.988536060 38.812614441
0.988816857 -0.033095647 0.145415932 2.461627722 0.033026248 0.999450505 0.002891980 -0.389113873 -0.145431682 0.001942898 0.989366114 39.470252991
0.989647806 -0.034874223 0.139215797 2.547264814 0.034781296 0.999390304 0.003101081 -0.402561665 -0.139239013 0.001773121 0.990256965 40.118709564
0.990638733 -0.035220455 0.131887928 2.625963688 0.035022102 0.999379396 0.003823979 -0.410903215 -0.131940708 0.000830805 0.991257071 40.769966125
0.991399169 -0.041665308 0.124063335 2.709491491 0.041267719 0.999131620 0.005773938 -0.416516840 -0.124196120 -0.000604472 0.992257297 41.423515320
0.992217720 -0.044718120 0.116208196 2.782607317 0.043794729 0.998985648 0.010488475 -0.419625700 -0.116559304 -0.005317547 0.993169308 42.073516846
0.992954016 -0.047224279 0.108684666 2.849960327 0.045810450 0.998830497 0.015470251 -0.427113205 -0.109288104 -0.010382355 0.993955731 42.723289490
0.993797541 -0.048042562 0.100292034 2.912949562 0.046526402 0.998765588 0.017403467 -0.431814730 -0.101004317 -0.012629294 0.994805694 43.374328613
0.994440734 -0.050356437 0.092477575 2.967063427 0.049176410 0.998677611 0.014996300 -0.432976127 -0.093110420 -0.010365216 0.995601714 44.017456055
0.995160460 -0.050526854 0.084278680 3.018723965 0.049840529 0.998704851 0.010229092 -0.434345692 -0.084686354 -0.005979095 0.996389568 44.659618378
0.995886207 -0.049940385 0.075609408 3.060066223 0.049761280 0.998752117 0.004252020 -0.433510065 -0.075727388 -0.000472110 0.997128248 45.296886444
0.996695399 -0.047272354 0.066057652 3.091504812 0.047347862 0.998878419 0.000422848 -0.440340996 -0.066003531 0.002706235 0.997815549 45.932384491
0.997460723 -0.044180389 0.055858314 3.117466927 0.044409584 0.999009311 -0.002867986 -0.446944028 -0.055676252 0.005341344 0.998434365 46.574401855
0.998066127 -0.041405022 0.046364378 3.134655952 0.041662842 0.999121070 -0.004607944 -0.456423342 -0.046132825 0.006530700 0.998913765 47.223411560
0.998595953 -0.037966076 0.036941785 3.145319223 0.038163532 0.999260604 -0.004654677 -0.466875285 -0.036737740 0.006057966 0.999306381 47.875083923
0.999047041 -0.033515919 0.027955797 3.148059368 0.033649847 0.999424219 -0.004334388 -0.478870481 -0.027794415 0.005270962 0.999599516 48.535892487
0.999339402 -0.030486001 0.019777691 3.148242474 0.030585472 0.999520838 -0.004747378 -0.488087952 -0.019623473 0.005349148 0.999792874 49.198333740
0.999504507 -0.029075397 0.012049297 3.148030996 0.029135523 0.999563694 -0.004846055 -0.498170614 -0.011903128 0.005194711 0.999915421 49.865379333
0.999660015 -0.025637435 0.004726388 3.141690493 0.025657056 0.999662220 -0.004141598 -0.506621897 -0.004618601 0.004261450 0.999980032 50.535522461
0.999702990 -0.024352035 -0.000777746 3.133223534 0.024348542 0.999694705 -0.004206396 -0.517888546 0.000879953 0.004186205 0.999990642 51.212615967
0.999703765 -0.023373824 -0.006756452 3.121868849 0.023348277 0.999720097 -0.003833512 -0.527448595 0.006844174 0.003674621 0.999969602 51.885013580
0.999625325 -0.024664462 -0.011853261 3.110570669 0.024631443 0.999692440 -0.002922448 -0.535555899 0.011921704 0.002629386 0.999925256 52.560634613
0.999624789 -0.022709943 -0.015303060 3.090426683 0.022704905 0.999742210 -0.000502148 -0.543534994 0.015310526 0.000154502 0.999882579 53.242141724
0.999575377 -0.022211298 -0.018852487 3.072799444 0.022239344 0.999751985 0.001279857 -0.554039657 0.018819390 -0.001698584 0.999821305 53.928489685
0.999468684 -0.023756744 -0.022306990 3.054349422 0.023809338 0.999714494 0.002095683 -0.563083708 0.022250840 -0.002625688 0.999748826 54.612823486
0.999324977 -0.026749583 -0.025175147 3.035924673 0.026767910 0.999641716 0.000391697 -0.570308328 0.025155654 -0.001065323 0.999682844 55.299030304
0.999196112 -0.028917447 -0.027759824 3.013542652 0.028913487 0.999581873 -0.000543730 -0.577408254 0.027763946 -0.000259344 0.999614358 55.983921051
0.999140918 -0.027892364 -0.030645346 2.985257626 0.027865378 0.999610960 -0.001306974 -0.586836755 0.030669885 0.000451903 0.999529362 56.672447205
0.999077737 -0.027730417 -0.032777239 2.956539631 0.027749600 0.999615014 0.000130843 -0.597231448 0.032761000 -0.001040281 0.999462545 57.365440369
0.998998165 -0.028115358 -0.034812331 2.929839849 0.028173199 0.999602497 0.001172298 -0.610227644 0.034765542 -0.002151902 0.999393046 58.063961029
0.998931885 -0.028485350 -0.036378268 2.900409222 0.028564245 0.999590695 0.001650938 -0.617718518 0.036316361 -0.002688296 0.999336541 58.749202728
0.998942614 -0.027051114 -0.037168920 2.870492458 0.027121702 0.999631226 0.001396399 -0.627700031 0.037117448 -0.002403010 0.999307811 59.433635712
0.998990893 -0.025487509 -0.036974717 2.839533567 0.025523914 0.999674141 0.000513146 -0.638231158 0.036949597 -0.001456371 0.999315858 60.120037079
0.999072194 -0.023760278 -0.035913058 2.808675766 0.023734963 0.999717712 -0.001130786 -0.649033666 0.035929795 0.000277338 0.999354064 60.798793793
0.999164045 -0.023298191 -0.033583786 2.781876087 0.023187049 0.999724388 -0.003694759 -0.662193835 0.033660620 0.002912957 0.999428868 61.474113464
0.999314189 -0.021100529 -0.030419078 2.755801439 0.020924816 0.999762654 -0.006082841 -0.674026906 0.030540220 0.005442152 0.999518514 62.145927429
0.999465466 -0.019338518 -0.026348311 2.733235121 0.019148216 0.999788940 -0.007455320 -0.687615812 0.026486939 0.006946808 0.999624789 62.809562683
0.999600470 -0.018075865 -0.021718936 2.711110592 0.017922979 0.999813378 -0.007212915 -0.699968398 0.021845277 0.006820760 0.999737859 63.471855164
0.999685287 -0.018261390 -0.017187476 2.698509693 0.018164428 0.999818265 -0.005779944 -0.715413392 0.017289920 0.005465920 0.999835312 64.138496399
0.999782026 -0.016977923 -0.012134055 2.686231136 0.016939651 0.999851167 -0.003248887 -0.729704082 0.012187426 0.003042628 0.999920845 64.802894592
0.999850273 -0.016035618 -0.006468608 2.678198338 0.016023993 0.999869823 -0.001842964 -0.742230773 0.006497336 0.001739030 0.999977112 65.452033997
0.999883115 -0.015266161 -0.000401462 2.679109097 0.015265363 0.999881625 -0.001893421 -0.754985213 0.000430338 0.001887067 0.999997854 66.103607178
0.999868035 -0.014742068 0.006784095 2.681450844 0.014756082 0.999889016 -0.002022002 -0.766840219 -0.006753517 0.002121837 0.999974668 66.741714478
0.999781072 -0.015541011 0.013988937 2.691564322 0.015571078 0.999876559 -0.002043776 -0.779495001 -0.013955433 0.002261147 0.999899745 67.369209290
0.999646783 -0.016889997 0.020504881 2.706802130 0.016941497 0.999853611 -0.002340971 -0.789521456 -0.020462327 0.002687524 0.999786675 67.981590271
0.999461770 -0.018814016 0.026863838 2.726997137 0.018886352 0.999818504 -0.002441833 -0.802595675 -0.026813008 0.002947875 0.999635816 68.575775146
0.999245584 -0.020167716 0.033181097 2.750884056 0.020268558 0.999790728 -0.002705834 -0.814722061 -0.033119574 0.003376321 0.999445379 69.162078857
0.999006450 -0.020799840 0.039406803 2.775153637 0.020974485 0.999771774 -0.004023831 -0.825838685 -0.039314106 0.004846367 0.999214828 69.729660034
0.998769581 -0.020829363 0.044997636 2.801882744 0.021079941 0.999764621 -0.005101545 -0.836585760 -0.044880778 0.006043811 0.998973787 70.297599792
0.998548508 -0.021668278 0.049302109 2.831594944 0.021940824 0.999746621 -0.004993768 -0.847525835 -0.049181405 0.006068245 0.998771131 70.863960266
0.998375595 -0.022914235 0.052158020 2.864796877 0.023140687 0.999724984 -0.003742065 -0.854179204 -0.052057926 0.004942954 0.998631537 71.435096741
0.998244762 -0.024442704 0.053937554 2.895079136 0.024597380 0.999694824 -0.002205878 -0.865842402 -0.053867172 0.003528723 0.998541594 71.997322083
0.998165429 -0.025921119 0.054710705 2.924386024 0.026077043 0.999657512 -0.002138158 -0.875613749 -0.054636538 0.003560923 0.998499691 72.551292419
0.998122752 -0.028448900 0.054231402 2.957993746 0.028679062 0.999582529 -0.003470661 -0.886697233 -0.054110020 0.005019446 0.998522103 73.105834961
0.998212993 -0.027763808 0.052908991 2.984869480 0.028065125 0.999593616 -0.004960710 -0.898282886 -0.052749757 0.006436737 0.998586774 73.662826538
0.998337090 -0.024887566 0.051990543 3.003627300 0.025125651 0.999676406 -0.003931026 -0.906654418 -0.051875882 0.005230779 0.998639584 74.213554382
0.998444974 -0.023530604 0.050530009 3.024485350 0.023725523 0.999712944 -0.003261351 -0.915477872 -0.050438765 0.004455124 0.998716950 74.756263733
0.998510361 -0.025810944 0.048064411 3.050893545 0.025988655 0.999657273 -0.003076287 -0.927236557 -0.047968533 0.004320827 0.998839259 75.300201416
0.998502135 -0.030303784 0.045546073 3.078976631 0.030434668 0.999534130 -0.002183091 -0.941123545 -0.045458693 0.003565994 0.998959601 75.841514587
0.998555243 -0.032331757 0.042911775 3.100747585 0.032413155 0.999473631 -0.001202584 -0.950844705 -0.042850301 0.002591746 0.999077916 76.378906250
0.998745680 -0.031632490 0.038804032 3.115136862 0.031758502 0.999491870 -0.002635508 -0.956595182 -0.038700946 0.003864554 0.999243140 76.915306091
0.998984694 -0.031255841 0.032432325 3.125009298 0.031349286 0.999505401 -0.002377074 -0.965480983 -0.032341983 0.003391384 0.999470830 77.438957214
0.999132812 -0.033415541 0.024823647 3.134884596 0.033432927 0.999440610 -0.000286015 -0.975782156 -0.024800198 0.001115687 0.999691486 77.957908630
0.999210298 -0.036551990 0.015552749 3.138833761 0.036539540 0.999331295 0.001083179 -0.986735344 -0.015581931 -0.000514041 0.999878109 78.468475342
0.999236643 -0.038842328 0.004066571 3.134351254 0.038842004 0.999245048 0.000154818 -0.996343970 -0.004069500 0.000003246 0.999991357 78.972007751
0.999206126 -0.039022267 -0.007963676 3.121076345 0.039021287 0.999238074 -0.000276160 -1.005202889 0.007968402 -0.000034819 0.999967873 79.472869873
0.999140739 -0.036893666 -0.018859234 3.096939087 0.036902484 0.999318600 0.000120656 -1.013246655 0.018841952 -0.000816512 0.999821782 79.973571777
0.999012530 -0.033822581 -0.028794490 3.069215775 0.033831261 0.999427319 -0.000185059 -1.021638989 0.028784283 -0.000789285 0.999584973 80.469200134
0.998854756 -0.031249275 -0.036220390 3.038939238 0.031240642 0.999511361 -0.000803783 -1.029876113 0.036227833 -0.000328694 0.999343157 80.963470459
0.998729467 -0.029957652 -0.040511992 3.011334896 0.029940356 0.999550998 -0.001033192 -1.039252400 0.040524773 -0.000181072 0.999178171 81.457725525
0.998616934 -0.030078478 -0.043113466 2.984325886 0.030044151 0.999547362 -0.001443621 -1.047450304 0.043137394 0.000146309 0.999068797 81.948638916
0.998498201 -0.030595781 -0.045436833 2.959249973 0.030532259 0.999531388 -0.002091145 -1.055680752 0.045479547 0.000700708 0.998964667 82.435707092
0.998403847 -0.031228492 -0.047049392 2.934689522 0.031125635 0.999511003 -0.002916994 -1.063698769 0.047117501 0.001447889 0.998887897 82.924011230
0.998382092 -0.030905891 -0.047720455 2.906048059 0.030739114 0.999518275 -0.004224592 -1.071689606 0.047828060 0.002750866 0.998851418 83.416671753
0.998437524 -0.030048475 -0.047103662 2.879244328 0.029835284 0.999540925 -0.005222320 -1.080843210 0.047238987 0.003808802 0.998875976 83.917198181
0.998502612 -0.029777734 -0.045880940 2.853915215 0.029568329 0.999548793 -0.005235772 -1.089808226 0.046016172 0.003871303 0.998932779 84.428817749
0.998564363 -0.030378172 -0.044108182 2.830944777 0.030189779 0.999531746 -0.004930855 -1.097818732 0.044237342 0.003592154 0.999014199 84.946655273
0.998673558 -0.030457549 -0.041505091 2.807218313 0.030290812 0.999530137 -0.004640023 -1.105938792 0.041626934 0.003376640 0.999127090 85.476882935
0.998800397 -0.030393053 -0.038383227 2.783963919 0.030251000 0.999532938 -0.004276094 -1.112900138 0.038495284 0.003109828 0.999253511 86.011489868
0.998922527 -0.030237446 -0.035195936 2.764345407 0.030110223 0.999537766 -0.004138859 -1.119981766 0.035304829 0.003074636 0.999371469 86.558509827
0.999055028 -0.030115286 -0.031328596 2.746158600 0.030026017 0.999543369 -0.003315649 -1.126387596 0.031414155 0.002371836 0.999503255 87.117843628
0.999219060 -0.029483961 -0.026293313 2.729930401 0.029415812 0.999562562 -0.002974392 -1.132322550 0.026369521 0.002198623 0.999649465 87.685478210
0.999362051 -0.029343877 -0.020339411 2.717588186 0.029292902 0.999566674 -0.002798846 -1.140756607 0.020412739 0.002201253 0.999788821 88.260177612
0.999482810 -0.028967347 -0.013939014 2.709413528 0.028949806 0.999579549 -0.001457174 -1.148231745 0.013975376 0.001052881 0.999901354 88.844253540
0.999575853 -0.028299741 -0.006812776 2.705528736 0.028299142 0.999599218 -0.000181112 -1.154567957 0.006815183 -0.000011768 0.999976337 89.430755615
0.999638379 -0.026864193 0.000744257 2.704060078 0.026863670 0.999638617 0.000676661 -1.160621643 -0.000762156 -0.000656430 0.999999046 90.017173767
0.999606609 -0.026721120 0.008469127 2.708096266 0.026706627 0.999641418 0.001817305 -1.167783737 -0.008514643 -0.001590416 0.999962032 90.608581543
0.999492824 -0.026959365 0.016923800 2.721862316 0.026911886 0.999632955 0.003025805 -1.175592422 -0.016999157 -0.002568827 0.999851763 91.188888550
0.999272406 -0.027235629 0.026682070 2.740654469 0.027137036 0.999623299 0.004049573 -1.181642890 -0.026782308 -0.003322562 0.999635339 91.771827698
0.998964369 -0.026605465 0.036898538 2.764092445 0.026420176 0.999635577 0.005499654 -1.187851906 -0.037031408 -0.004519101 0.999303460 92.350898743
0.998522043 -0.025893718 0.047775902 2.793817043 0.025546031 0.999642432 0.007873431 -1.194673300 -0.047962688 -0.006641319 0.998826623 92.924156189
0.997895539 -0.024998866 0.059823804 2.829249382 0.024416756 0.999647141 0.010441519 -1.199169159 -0.060063720 -0.008958852 0.998153865 93.481422424
0.996980131 -0.024910897 0.073548786 2.875886679 0.024135178 0.999643326 0.011416907 -1.204253793 -0.073806956 -0.009607326 0.997225821 94.027313232
0.995683253 -0.024278376 0.089581102 2.932021141 0.023378422 0.999665082 0.011081834 -1.208128691 -0.089820147 -0.008939741 0.995917439 94.568206787
0.993735790 -0.023755446 0.109197602 2.997409105 0.022661880 0.999679744 0.011244735 -1.212867856 -0.109429754 -0.008699681 0.993956029 95.107093811
0.991080046 -0.024883019 0.130921409 3.078899860 0.023523938 0.999652028 0.011917338 -1.215318322 -0.131172404 -0.008731256 0.991320670 95.642280579
0.987974942 -0.027901934 0.152072966 3.174143791 0.026307853 0.999575734 0.012484633 -1.216064692 -0.152356789 -0.008333798 0.988289952 96.174964905
0.984476984 -0.031904493 0.172587141 3.284467459 0.029926889 0.999453187 0.014049090 -1.215861320 -0.172940984 -0.008666018 0.984893620 96.703399658
0.980487943 -0.035488885 0.193347156 3.401493073 0.033020321 0.999326825 0.015976170 -1.214656115 -0.193783954 -0.009280066 0.980999887 97.227325439
0.976105869 -0.038746059 0.213811219 3.530578136 0.035875354 0.999206543 0.017291650 -1.212184429 -0.214311510 -0.009207937 0.976721525 97.747306824
0.971656442 -0.043461304 0.232366100 3.669292688 0.040338513 0.999020576 0.018176233 -1.211315632 -0.232928440 -0.008287761 0.972458124 98.259071350
0.967792988 -0.049404040 0.246850446 3.815295219 0.046113551 0.998753428 0.019096863 -1.209583879 -0.247486174 -0.007098668 0.968865037 98.765762329
0.965147793 -0.057208039 0.255374610 3.965483189 0.053897642 0.998346984 0.019948220 -1.205972552 -0.256093651 -0.005488899 0.966636002 99.269775391
0.964349031 -0.065519162 0.256392926 4.109229565 0.062292144 0.997843146 0.020696592 -1.204240680 -0.257195920 -0.003987483 0.966350615 99.764297485
0.965419650 -0.071665481 0.250655353 4.246199608 0.068565644 0.997423530 0.021089520 -1.200662613 -0.251520872 -0.003173903 0.967846215 100.259155273
0.967910886 -0.074843548 0.239887625 4.366961002 0.071991421 0.997191429 0.020643210 -1.200425982 -0.240758836 -0.002710948 0.970580697 100.747375488
0.971729219 -0.075693116 0.223633900 4.471989632 0.073145069 0.997127175 0.019668134 -1.199518085 -0.224480122 -0.002754394 0.974474311 101.235977173
0.976300895 -0.076867267 0.202304929 4.561091900 0.074664012 0.997036755 0.018511413 -1.201142669 -0.203128308 -0.002967822 0.979147136 101.718238831
0.980962157 -0.077204578 0.178190991 4.632244587 0.075409703 0.997010410 0.016834196 -1.202859163 -0.178957865 -0.003076389 0.983851433 102.192047119
0.985229492 -0.077365316 0.152764022 4.686224461 0.075930752 0.996996939 0.015211551 -1.202869892 -0.153482020 -0.003387392 0.988145113 102.660247803
0.989010334 -0.078198150 0.125471145 4.723361969 0.076991975 0.996926963 0.014441603 -1.204733610 -0.126214787 -0.004622635 0.991991639 103.121795654
0.992354095 -0.078980111 0.094841167 4.743661880 0.078009143 0.996855438 0.013908261 -1.209321618 -0.095641322 -0.006403453 0.995394707 103.575302124
0.995118558 -0.078213707 0.060175680 4.751141548 0.077656820 0.996913135 0.011541910 -1.215928793 -0.060892574 -0.006812526 0.998120546 104.034660339
0.996870339 -0.075566955 0.023208119 4.728813171 0.075391635 0.997118890 0.008340753 -1.223368764 -0.023771461 -0.006564960 0.999695301 104.483146667
0.997350454 -0.071465135 -0.013573831 4.688603401 0.071544319 0.997422397 0.005437807 -1.229225755 0.013150305 -0.006394539 0.999892473 104.932228088
0.996647716 -0.066015750 -0.048318304 4.631031990 0.066261671 0.997795939 0.003503299 -1.235471845 0.047980603 -0.006693216 0.998825192 105.369140625
0.995101571 -0.059173260 -0.079187550 4.561132908 0.059473488 0.998228669 0.001435840 -1.242833257 0.078962386 -0.006138375 0.996858001 105.811058044
0.993041217 -0.052866988 -0.105230615 4.484048843 0.053156093 0.998585999 -0.000057606 -1.249313951 0.105084926 -0.005536452 0.994447112 106.241905212
0.990706146 -0.047069974 -0.127612934 4.400787830 0.047402777 0.998875499 -0.000429778 -1.258141160 0.127489731 -0.005623431 0.991823256 106.672325134
0.988227606 -0.042142946 -0.147070035 4.313352108 0.042507365 0.999095619 -0.000665748 -1.265616417 0.146965161 -0.005593656 0.989125133 107.098197937
0.985980392 -0.037967257 -0.162482768 4.226378918 0.038240854 0.999267161 -0.001444671 -1.273280501 0.162418619 -0.004789068 0.986709595 107.522132874
0.984327734 -0.034403484 -0.172959328 4.135478973 0.034133390 0.999406636 -0.004536691 -1.279919982 0.173012838 -0.001438103 0.984917819 107.955001831
0.983543813 -0.029817311 -0.178191438 4.038704395 0.028936613 0.999552429 -0.007540057 -1.288174868 0.178336576 0.002259715 0.983966231 108.408180237
0.983494580 -0.024631307 -0.179252103 3.938593864 0.023435285 0.999686301 -0.008787301 -1.296799660 0.179412395 0.004441435 0.983763158 108.873817444
0.984115303 -0.019705201 -0.176432565 3.840942621 0.018510496 0.999792814 -0.008415071 -1.303711295 0.176561907 0.005015541 0.984275997 109.355941772
0.985349000 -0.016465683 -0.169752866 3.752000332 0.015243840 0.999847293 -0.008498841 -1.311630607 0.169866934 0.005786634 0.985449255 109.854812622
0.987145483 -0.014130463 -0.159197927 3.667713881 0.012953722 0.999880195 -0.008427246 -1.320260406 0.159298003 0.006256707 0.987209916 110.379249573
0.989218473 -0.011459563 -0.145997733 3.587627411 0.010198535 0.999903560 -0.009383133 -1.329740405 0.146091253 0.007793000 0.989239573 110.918762207
0.991343200 -0.007396579 -0.131086931 3.512155533 0.006160209 0.999932170 -0.009834958 -1.337245703 0.131150872 0.008942290 0.991321206 111.479034424
0.993320107 -0.005795473 -0.115245529 3.447531223 0.004874883 0.999953508 -0.008268637 -1.342886329 0.115288183 0.007651589 0.993301749 112.060279846
0.995035350 -0.007477709 -0.099240147 3.395970345 0.006711395 0.999944568 -0.008053785 -1.350878239 0.099294968 0.007347755 0.995030105 112.661514282
0.996513426 -0.009306471 -0.082910396 3.352250338 0.008632470 0.999926269 -0.008484470 -1.359657764 0.082983345 0.007739161 0.996520042 113.284515381
0.997672558 -0.011947559 -0.067129835 3.317336798 0.011317810 0.999887943 -0.009754072 -1.369156957 0.067238942 0.008971601 0.997695684 113.928009033
0.998574197 -0.010780045 -0.052277848 3.282171965 0.010177047 0.999878287 -0.011787664 -1.377367139 0.052398656 0.011238815 0.998562098 114.588188171
0.999194860 -0.011005597 -0.038574226 3.262388706 0.010484524 0.999850929 -0.013685585 -1.388875604 0.038719200 0.013270127 0.999161065 115.258605957
0.999599338 -0.012688613 -0.025289554 3.259958744 0.012325441 0.999818921 -0.014466398 -1.399451733 0.025468644 0.014148891 0.999574542 115.966796875
0.999817967 -0.014890238 -0.011905146 3.259681940 0.014715355 0.999783993 -0.014647630 -1.414252162 0.012120792 0.014469768 0.999820888 116.700660706
0.999850273 -0.017284065 0.000086420 3.269414663 0.017283631 0.999753475 -0.013905600 -1.429466367 0.000154059 0.013905005 0.999902368 117.450920105
0.999787033 -0.018033169 0.010003519 3.279886723 0.018159715 0.999754012 -0.012703310 -1.444284558 -0.009771862 0.012882259 0.999868333 118.207252502
0.999665678 -0.018730218 0.017807428 3.290131807 0.018925527 0.999761522 -0.010861380 -1.459753871 -0.017599627 0.011194757 0.999781549 118.990776062
0.999507070 -0.021726429 0.022648968 3.314830542 0.021952819 0.999710679 -0.009793845 -1.478065014 -0.022429507 0.010286219 0.999694645 119.778556824
0.999375403 -0.024004407 0.025922244 3.334430695 0.024244389 0.999665380 -0.008982184 -1.492328167 -0.025697835 0.009605037 0.999622762 120.575691223
0.999311864 -0.024347244 0.027970230 3.354473829 0.024590759 0.999662042 -0.008394364 -1.506869912 -0.027756276 0.009076391 0.999572694 121.379272461
0.999278724 -0.024104699 0.029330451 3.372249126 0.024330277 0.999676585 -0.007357414 -1.520674109 -0.029143494 0.008065720 0.999541879 122.183212280
0.999271631 -0.023219040 0.030270945 3.390514135 0.023409735 0.999707878 -0.005959484 -1.536530375 -0.030123606 0.006663773 0.999523163 122.985336304
0.999254525 -0.022670884 0.031235792 3.410379171 0.022794496 0.999733329 -0.003606070 -1.549880743 -0.031145584 0.004315382 0.999504745 123.789886475
0.999223650 -0.022648480 0.032224707 3.431776524 0.022659147 0.999742925 0.000035020 -1.562828779 -0.032217089 0.000695188 0.999479890 124.591377258
0.999190629 -0.023771102 0.032441381 3.455632210 0.023662612 0.999712765 0.003724823 -1.573296428 -0.032520477 -0.002954163 0.999465942 125.391746521
0.999198020 -0.024340585 0.031785056 3.474887848 0.024160566 0.999689639 0.006036253 -1.583510280 -0.031921983 -0.005263470 0.999475777 126.182411194
0.999207020 -0.025244392 0.030783016 3.493149281 0.025077362 0.999668479 0.005800896 -1.591627479 -0.030919116 -0.005024343 0.999508500 126.977432251
0.999230742 -0.025726860 0.029590050 3.513393879 0.025630908 0.999664724 0.003618224 -1.599230051 -0.029673077 -0.002857026 0.999554813 127.771049500
0.999235392 -0.026646286 0.028603241 3.532124043 0.026605776 0.999644160 0.001796702 -1.607345343 -0.028640803 -0.001034322 0.999588490 128.561309814
0.999242365 -0.027158698 0.027868066 3.549012184 0.027140893 0.999630868 0.001017726 -1.613717556 -0.027885286 -0.000260597 0.999610305 129.352005005
0.999248564 -0.027277499 0.027527472 3.566604376 0.027257312 0.999627590 0.001109049 -1.623247504 -0.027547341 -0.000357896 0.999619663 130.142059326
0.999283075 -0.025522228 0.027953951 3.580121040 0.025485443 0.999673545 0.001672125 -1.633414507 -0.027987370 -0.000958513 0.999607027 130.933593750
0.999248266 -0.024877319 0.029723020 3.596924067 0.024836335 0.999689698 0.001747978 -1.644882917 -0.029757150 -0.001008458 0.999555886 131.724822998
0.999180377 -0.024435166 0.032264262 3.617827177 0.024387280 0.999700487 0.001877576 -1.655232906 -0.032300346 -0.001089205 0.999476850 132.511291504
0.999111950 -0.021786056 0.036057476 3.638692379 0.021704905 0.999760628 0.002641157 -1.665600538 -0.036106251 -0.001856192 0.999345422 133.292800903
0.998916209 -0.020758050 0.041652504 3.666780949 0.020616870 0.999779880 0.003816714 -1.674890161 -0.041722428 -0.002953838 0.999124050 134.075149536
0.998617947 -0.020581728 0.048352148 3.702905416 0.020356193 0.999779224 0.005152712 -1.685150385 -0.048447385 -0.004161329 0.998816252 134.857589722
0.998176634 -0.019179935 0.057226319 3.743418932 0.018843779 0.999801576 0.006408401 -1.694483519 -0.057337739 -0.005318360 0.998339832 135.634689331
0.997557461 -0.016286159 0.067920141 3.790841818 0.015808837 0.999846101 0.007559613 -1.703400493 -0.068032667 -0.006467414 0.997661352 136.403274536
0.996659458 -0.015128132 0.080251455 3.849422216 0.014502502 0.999859393 0.008373317 -1.709715724 -0.080366701 -0.007181502 0.996738732 137.173553467
0.995399475 -0.015554734 0.094536789 3.921993732 0.014769331 0.999850035 0.009002209 -1.715416431 -0.094662488 -0.007564551 0.995479941 137.942428589
0.993767500 -0.015467476 0.110391170 4.007592678 0.014562834 0.999853075 0.008996703 -1.720926404 -0.110513955 -0.007333024 0.993846774 138.706481934
0.991708994 -0.016240574 0.127471179 4.104573250 0.015206554 0.999842703 0.009081030 -1.728080630 -0.127598464 -0.007067343 0.991800010 139.463607788
0.989259005 -0.017864497 0.145075127 4.219370842 0.016696047 0.999817252 0.009267913 -1.736963153 -0.145214021 -0.006746187 0.989376545 140.205612183
0.986481547 -0.021444134 0.162461042 4.350413799 0.020173561 0.999751329 0.009466767 -1.744394064 -0.162623480 -0.006061376 0.986668885 140.951614380
0.983567178 -0.026095154 0.178644747 4.492904663 0.024574548 0.999640107 0.010719998 -1.749417663 -0.178860039 -0.006153728 0.983854532 141.692504883
0.980972826 -0.031948388 0.191496432 4.649151802 0.030256625 0.999472678 0.011752896 -1.753171086 -0.191770762 -0.005735241 0.981422246 142.432571411
0.979092896 -0.038866602 0.199664325 4.814430237 0.037063107 0.999231040 0.012763988 -1.752717853 -0.200006723 -0.005096957 0.979780495 143.171249390
0.978256881 -0.045101508 0.202431992 4.975390434 0.043344360 0.998973846 0.013107277 -1.756875753 -0.202815264 -0.004048007 0.979207873 143.904159546
0.978315949 -0.051136557 0.200704858 5.128799438 0.049553435 0.998687685 0.012907308 -1.760349154 -0.201101348 -0.002681817 0.979566038 144.626235962
0.979115665 -0.057161547 0.195101291 5.282420635 0.055633981 0.998362124 0.013305142 -1.766746879 -0.195542127 -0.002173020 0.980692208 145.354766846
0.980648935 -0.061911419 0.185725659 5.421448708 0.060591366 0.998080373 0.012780914 -1.769170284 -0.186160266 -0.001280229 0.982517838 146.080047607
0.982638657 -0.064881153 0.173812941 5.545326233 0.063797101 0.997892439 0.011822669 -1.772019267 -0.174213529 -0.000528662 0.984707057 146.798980713
0.984502971 -0.067146257 0.162001684 5.657622814 0.066247843 0.997742712 0.010947478 -1.774876714 -0.162370920 -0.000045575 0.986729145 147.513931274
0.986159444 -0.067116246 0.151605323 5.758591652 0.066277839 0.997744679 0.010582608 -1.778873444 -0.151973501 -0.000388079 0.988383830 148.231719971
0.987459481 -0.067335188 0.142789841 5.859957218 0.066372022 0.997728229 0.011503232 -1.784693956 -0.143239841 -0.001881738 0.989685595 148.955978394
0.988457918 -0.069284283 0.134721294 5.955082893 0.068210430 0.997591257 0.012576096 -1.790709376 -0.135267913 -0.003241558 0.990803182 149.674835205
0.989443541 -0.070491917 0.126615569 6.040613174 0.069495857 0.997506320 0.012272666 -1.796939731 -0.127164751 -0.003343866 0.991875350 150.383438110
0.990365744 -0.070930071 0.118926913 6.116877556 0.069971308 0.997473717 0.012223369 -1.799421191 -0.119493254 -0.003784148 0.992827117 151.089782715
0.991265535 -0.070606470 0.111384302 6.187560558 0.069631875 0.997492492 0.012620714 -1.801912785 -0.111995891 -0.004754595 0.993696570 151.792678833
0.992031097 -0.072310828 0.103171982 6.256652832 0.071358301 0.997366965 0.012898644 -1.803411365 -0.103832819 -0.005433695 0.994579196 152.493652344
0.992785811 -0.072248839 0.095683672 6.317004681 0.071336888 0.997368217 0.012922177 -1.807416916 -0.096365236 -0.006003194 0.995327234 153.182861328
0.993631840 -0.070170224 0.088152371 6.370134354 0.069453232 0.997522235 0.011178533 -1.814638138 -0.088718116 -0.004984893 0.996043563 153.859558105
0.994241953 -0.070477687 0.080714777 6.414353848 0.069935270 0.997505605 0.009531294 -1.820377827 -0.081184961 -0.003831618 0.996690989 154.522247314
0.994671166 -0.072387896 0.073405080 6.461587906 0.072012693 0.997373223 0.007748776 -1.826002479 -0.073772959 -0.002421402 0.997271419 155.175933838
0.995099008 -0.072726324 0.066992573 6.500474453 0.072332576 0.997345746 0.008287805 -1.833040833 -0.067417286 -0.003401456 0.997718394 155.813690186
0.995514691 -0.071490750 0.061957754 6.535070419 0.071101584 0.997432768 0.008466300 -1.840533018 -0.062403750 -0.004023046 0.998042166 156.447937012
0.995913565 -0.069441803 0.057733651 6.561486244 0.069094375 0.997577727 0.007994924 -1.846654296 -0.058148779 -0.003973197 0.998299301 157.052536011
0.996039569 -0.070299238 0.054427460 6.593269348 0.070028774 0.997520983 0.006863086 -1.855063558 -0.054774798 -0.003024432 0.998493433 157.639511108
0.996140778 -0.070247978 0.052611258 6.620121002 0.070006877 0.997525513 0.006414018 -1.863466978 -0.052931435 -0.002706129 0.998593807 158.204971313
0.996219635 -0.069740728 0.051786181 6.641338348 0.069579735 0.997563958 0.004907519 -1.874739051 -0.052002072 -0.001285713 0.998645484 158.750915527
0.996321619 -0.068189301 0.051890641 6.664542198 0.068069853 0.997671962 0.004067939 -1.879937768 -0.052047014 -0.000520802 0.998643816 159.283859253
0.996400654 -0.065812826 0.053418264 6.694131374 0.065703332 0.997831643 0.003805246 -1.886415005 -0.053552654 -0.000281806 0.998564303 159.817932129
0.996233642 -0.065056697 0.057316571 6.722668171 0.064946324 0.997881293 0.003788556 -1.895191550 -0.057441387 -0.000051801 0.998348176 160.323425293
0.996076822 -0.062356822 0.062781692 6.750995636 0.062249880 0.998053610 0.003660041 -1.904535651 -0.062887505 0.000262457 0.998019814 160.806869507
0.995680869 -0.060527444 0.070391662 6.783305168 0.060632255 0.998159647 0.000648871 -1.914334297 -0.070301175 0.003621923 0.997518480 161.285217285
0.995151043 -0.057186894 0.080018967 6.823371887 0.057589356 0.998336315 -0.002728770 -1.923826098 -0.079729579 0.007323767 0.996788859 161.750198364
0.994220257 -0.052698269 0.093530938 6.863454819 0.053606737 0.998535633 -0.007225391 -1.932677150 -0.093013011 0.012197508 0.995589435 162.207977295
0.992630005 -0.049056869 0.110806555 6.915460110 0.050479863 0.998673916 -0.010071674 -1.936643600 -0.110165343 0.015590937 0.993790209 162.655929565
0.990415514 -0.044659153 0.130696878 6.977708340 0.046340104 0.998876750 -0.009846930 -1.941662550 -0.130110145 0.015809052 0.991372764 163.101440430
0.987040102 -0.044786274 0.154094145 7.059471607 0.046699617 0.998869658 -0.008817599 -1.944262981 -0.153524891 0.015899453 0.988016129 163.550094604
0.982455611 -0.049098145 0.179914460 7.161241531 0.050818462 0.998695135 -0.004962412 -1.953375459 -0.179435894 0.014018316 0.983669043 163.982879639
0.976657689 -0.054426081 0.207789376 7.278743267 0.056191333 0.998416185 -0.002597919 -1.963612318 -0.207318738 0.014213229 0.978169382 164.402038574
0.969532669 -0.055992007 0.238474607 7.402111053 0.057400808 0.998350203 0.001038560 -1.975184321 -0.238139182 0.012681707 0.971147418 164.817642212
0.960932791 -0.051637944 0.271920145 7.528466702 0.052670848 0.998605251 0.003503899 -1.981117129 -0.271721691 0.010955243 0.962312698 165.223571777
0.950957417 -0.039895728 0.306736201 7.655411243 0.040749583 0.999162257 0.003622633 -1.982404947 -0.306623697 0.009054394 0.951786935 165.615432739
0.939226210 -0.031745762 0.341826081 7.803511620 0.032587517 0.999462903 0.003281401 -1.986130357 -0.341746598 0.008057278 0.939756811 166.004089355
0.925914288 -0.029420398 0.376584500 7.972076893 0.031091735 0.999514580 0.001640660 -1.989074588 -0.376449943 0.010189548 0.926380098 166.372039795
0.909903526 -0.037984211 0.413075686 8.181181908 0.041178584 0.999150515 0.001170282 -1.995076418 -0.412769198 0.015945023 0.910695195 166.731201172
0.890527368 -0.044711724 0.452725708 8.409228325 0.050624344 0.998716712 -0.000945406 -1.995484233 -0.452102423 0.023760850 0.891648591 167.084075928
0.868092120 -0.044234067 0.494426936 8.646090508 0.050195139 0.998738110 0.001222119 -1.990476012 -0.493857056 0.023756912 0.869217575 167.445739746
0.843029261 -0.037788708 0.536537290 8.885646820 0.039968610 0.999171674 0.007572072 -1.985579252 -0.536379039 0.015061167 0.843841851 167.808197021
0.815301001 -0.035077710 0.577972710 9.157068253 0.030610617 0.999378085 0.017473198 -1.981611848 -0.578226268 0.003446178 0.815868199 168.172348022
0.784721076 -0.033709347 0.618930757 9.458820343 0.024235327 0.999424636 0.023705371 -1.976275086 -0.619373858 -0.003602126 0.785086989 168.519195557
