1.000000000 0.000000000 0.000000000 0.000000000 0.000000000 1.000000000 0.000000000 0.000000000 0.000000000 0.000000000 1.000000000 0.000000000
0.999998569 0.000904898 0.001444612 -0.006516830 -0.000898250 0.999989033 -0.004596093 -0.002723721 -0.001448755 0.004594788 0.999988377 0.959879994
0.999996662 -0.001393791 0.002188522 -0.005388407 0.001405659 0.999984324 -0.005430525 -0.001632701 -0.002180918 0.005433583 0.999982893 1.921733856
0.999992967 -0.002803374 0.002497804 -0.013004035 0.002807017 0.999995053 -0.001456411 -0.002115290 -0.002493709 0.001463411 0.999995887 2.861977816
0.999983728 -0.005426813 0.001773352 -0.008598427 0.005418646 0.999974906 0.004578299 -0.005343035 -0.001798153 -0.004568616 0.999988019 3.820107937
0.999960184 -0.008920040 0.000432283 -0.008042931 0.008917991 0.999950051 0.004529664 -0.001735559 -0.000472667 -0.004525629 0.999989748 4.747076511
0.999935448 -0.011360648 -0.000478271 -0.009839689 0.011361457 0.999934018 0.001725127 0.000063599 0.000458641 -0.001730449 0.999998510 5.675666809
0.999927878 -0.011960132 -0.001201506 -0.014132565 0.011958024 0.999926984 -0.001745574 0.001186055 0.001222296 0.001731081 0.999997914 6.591667175
0.999929488 -0.011715082 -0.002012645 -0.021762632 0.011710408 0.999928772 -0.002317621 0.000397907 0.002039652 0.002293888 0.999995470 7.517855167
0.999934316 -0.011105266 -0.002904301 -0.032442842 0.011104117 0.999938309 -0.000410556 -0.001665407 0.002908681 0.000378279 0.999995887 8.435637474
0.999936819 -0.010763277 -0.003306005 -0.046343923 0.010771473 0.999938965 0.002471913 -0.005560211 0.003279197 -0.002507367 0.999991655 9.342821121
0.999936044 -0.010608731 -0.003969244 -0.058614366 0.010623921 0.999936283 0.003826063 -0.001401181 0.003928401 -0.003867987 0.999984980 10.255635262
0.999919116 -0.011947002 -0.004395925 -0.070009962 0.011967428 0.999917626 0.004650705 0.000039341 0.004340000 -0.004702937 0.999979734 11.162834167
0.999912322 -0.012128449 -0.005351168 -0.074843593 0.012153083 0.999915659 0.004595958 0.004243676 0.005294974 -0.004660588 0.999975324 12.067303658
0.999903202 -0.012589850 -0.005957164 -0.087253563 0.012609006 0.999915481 0.003189767 0.007874553 0.005916502 -0.003264571 0.999977350 12.971686363
0.999888122 -0.012972246 -0.007470516 -0.095154822 0.012981248 0.999915183 0.001158573 0.011968317 0.007454853 -0.001255420 0.999971569 13.874947548
0.999857366 -0.014346139 -0.008925749 -0.106658302 0.014345692 0.999897182 -0.000113382 0.012074567 0.008926458 -0.000014681 0.999960303 14.773985863
0.999843001 -0.014095508 -0.010746527 -0.118262142 0.014088570 0.999900639 -0.000720361 0.012222910 0.010755613 0.000568844 0.999942124 15.674382210
0.999843001 -0.012903242 -0.012152641 -0.139010653 0.012885761 0.999916017 -0.001515065 0.009603973 0.012171168 0.001358231 0.999925137 16.566789627
0.999839842 -0.011548744 -0.013679504 -0.160725296 0.011529319 0.999932647 -0.001497347 0.008974232 0.013695873 0.001339391 0.999905407 17.457431793
0.999815047 -0.011887809 -0.015129106 -0.178293049 0.011879187 0.999929428 -0.000659091 0.007465519 0.015135871 0.000479248 0.999885380 18.348621368
0.999800682 -0.011258361 -0.016500831 -0.199512094 0.011273596 0.999936342 0.000831011 0.004653162 0.016490420 -0.001016868 0.999863565 19.223314285
0.999781966 -0.010938429 -0.017800873 -0.222291127 0.010964452 0.999939203 0.001365395 0.005651587 0.017784851 -0.001560274 0.999840677 20.102785110
0.999740481 -0.012067566 -0.019335274 -0.244796932 0.012092048 0.999926507 0.001150170 0.005735996 0.019319966 -0.001383674 0.999812484 20.980056763
0.999708056 -0.012085861 -0.020934191 -0.266747802 0.012103382 0.999926805 0.000710853 0.006619912 0.020924058 -0.000964020 0.999780715 21.849924088
0.999683619 -0.012038349 -0.022098577 -0.290245622 0.012065895 0.999926925 0.001113969 0.006533463 0.022083543 -0.001380255 0.999755263 22.712224960
0.999657691 -0.011937356 -0.023293590 -0.312440187 0.012010195 0.999923766 0.002989985 0.009184541 0.023256114 -0.003268720 0.999724269 23.565996170
0.999620676 -0.013231842 -0.024169628 -0.333548188 0.013372896 0.999894738 0.005684060 0.012472391 0.024091866 -0.006005118 0.999691784 24.416988373
0.999612331 -0.012890529 -0.024692744 -0.360158771 0.013077708 0.999887109 0.007434225 0.012766968 0.024594121 -0.007754263 0.999667525 25.251129150
0.999604285 -0.012319243 -0.025301658 -0.386311918 0.012483673 0.999902129 0.006351505 0.014019383 0.025220932 -0.006664845 0.999659777 26.076248169
0.999598980 -0.010803550 -0.026187712 -0.413192302 0.010901901 0.999934256 0.003616122 0.020642508 0.026146919 -0.003900165 0.999650598 26.886341095
0.999592602 -0.010291751 -0.026634838 -0.446955323 0.010346886 0.999944866 0.001933369 0.024236295 0.026613466 -0.002208166 0.999643505 27.665910721
0.999564886 -0.009730794 -0.027858607 -0.472116292 0.009780279 0.999951124 0.001640933 0.024789689 0.027841270 -0.001912682 0.999610662 28.453681946
0.999530315 -0.010028162 -0.028973226 -0.503030896 0.010066730 0.999948919 0.001185928 0.022858435 0.028959844 -0.001477035 0.999579608 29.226924896
0.999472916 -0.009817963 -0.030956801 -0.531953454 0.009833071 0.999951959 0.000336171 0.022909658 0.030951999 -0.000640392 0.999520779 29.989727020
0.999407411 -0.009869685 -0.032989040 -0.559157670 0.009883170 0.999951482 0.000246052 0.023471147 0.032984994 -0.000571941 0.999455750 30.757289886
0.999341846 -0.009709190 -0.034962475 -0.589021981 0.009755573 0.999952137 0.001156663 0.028429987 0.034949556 -0.001496978 0.999387980 31.515609741
0.999257565 -0.010364756 -0.037116706 -0.618307650 0.010503093 0.999938965 0.003534339 0.028045705 0.037077792 -0.003921551 0.999304712 32.259895325
0.999186099 -0.009450865 -0.039225519 -0.651739299 0.009655700 0.999941051 0.005036145 0.027869694 0.039175589 -0.005410790 0.999217749 32.999736786
0.999121189 -0.007883680 -0.041177232 -0.684467793 0.008106773 0.999953687 0.005253984 0.030691911 0.041133881 -0.005583175 0.999138117 33.727165222
0.999053955 -0.005408271 -0.043160107 -0.722815573 0.005606943 0.999974549 0.004483693 0.031962499 0.043134734 -0.004721442 0.999058187 34.442749023
0.998975217 -0.003728361 -0.045115873 -0.756983161 0.003897530 0.999985993 0.003662514 0.035653833 0.045101561 -0.003834596 0.998975098 35.159175873
0.998906016 -0.003432225 -0.046645638 -0.793618321 0.003659697 0.999982119 0.004792320 0.040484540 0.046628334 -0.004957781 0.998900056 35.843868256
0.998851120 -0.001886092 -0.047892410 -0.828071237 0.002201227 0.999976575 0.006528408 0.046256714 0.047878951 -0.006626323 0.998831213 36.527980804
0.998847127 0.000952920 -0.048003577 -0.866594017 -0.000610690 0.999974608 0.007143660 0.045441587 0.048009139 -0.007106103 0.998821676 37.207759857
0.998890996 0.004166597 -0.046905778 -0.906264782 -0.003934707 0.999979854 0.005035196 0.046258725 0.046925791 -0.004845046 0.998886704 37.871807098
0.998963356 0.006032852 -0.045128066 -0.941976666 -0.005949857 0.999980628 0.001973412 0.046474431 0.045139074 -0.001702858 0.998979330 38.520511627
0.999057055 0.006840111 -0.042883120 -0.974657238 -0.006840474 0.999976873 0.000138509 0.049683638 0.042883057 0.000154964 0.999080122 39.157054901
0.999183238 0.008170422 -0.039583813 -1.005880237 -0.008141045 0.999966741 0.000903528 0.052380200 0.039589863 -0.000580534 0.999215901 39.796104431
0.999252379 0.012967210 -0.036431532 -1.038227677 -0.012841040 0.999911010 0.003695340 0.051701874 0.036476195 -0.003224755 0.999329388 40.423393250
0.999321461 0.017555488 -0.032389253 -1.071001649 -0.017336803 0.999825358 0.007020703 0.055013414 0.032506835 -0.006454407 0.999450743 41.040409088
0.999348402 0.022659095 -0.028106350 -1.095002294 -0.022444855 0.999717057 0.007915073 0.058308531 0.028277736 -0.007279067 0.999573648 41.643230438
0.999391913 0.026453659 -0.022728506 -1.115277171 -0.026276430 0.999622524 0.008061782 0.064461023 0.022933183 -0.007459651 0.999709189 42.223239899
0.999399245 0.030284474 -0.016865861 -1.130140185 -0.030119840 0.999497294 0.009931934 0.070861332 0.017158162 -0.009417964 0.999808431 42.789268494
0.999328732 0.035168979 -0.010273581 -1.143272400 -0.035054177 0.999323547 0.011149900 0.073311731 0.010658761 -0.010782279 0.999885082 43.339962006
0.999257803 0.038384866 -0.003285614 -1.148070574 -0.038347341 0.999206305 0.010811849 0.075176023 0.003698019 -0.010677826 0.999936163 43.874473572
0.999118447 0.041793261 0.003998590 -1.150837064 -0.041834366 0.999066353 0.010815519 0.075799815 -0.003542835 -0.010973259 0.999933541 44.378601074
0.998860776 0.046324112 0.011474775 -1.149746418 -0.046442442 0.998868465 0.010268638 0.082090557 -0.010986097 -0.010789852 0.999881506 44.868610382
0.998541772 0.050530065 0.019015774 -1.145434380 -0.050680358 0.998687029 0.007505312 0.084385693 -0.018611550 -0.008458090 0.999791086 45.331508636
0.998252630 0.052576695 0.026981141 -1.134479642 -0.052712999 0.998600483 0.004364630 0.087235928 -0.026713885 -0.005779258 0.999626517 45.772312164
0.997986615 0.053048708 0.034772895 -1.119235635 -0.053225432 0.998574078 0.004175253 0.087432794 -0.034501798 -0.006017646 0.999386609 46.187877655
0.997715116 0.052348617 0.042717732 -1.097531915 -0.052631073 0.998599112 0.005513337 0.088658132 -0.042369246 -0.007749017 0.999072075 46.590728760
0.997252762 0.053994771 0.050715528 -1.078378558 -0.054378070 0.998501420 0.006207463 0.089519113 -0.050304323 -0.008948219 0.998694003 46.965209961
0.996594965 0.057074808 0.059511244 -1.059499502 -0.057557520 0.998321772 0.006427343 0.089636095 -0.059044491 -0.009830773 0.998207152 47.315444946
0.995758712 0.061763186 0.068195343 -1.037799954 -0.062311940 0.998039246 0.005946940 0.088224404 -0.067694291 -0.010171098 0.997654498 47.645210266
0.994872093 0.065457396 0.077106826 -1.015340805 -0.066113494 0.997794390 0.005984377 0.087460585 -0.076545008 -0.011051488 0.997005105 47.945346832
0.994148970 0.064778998 0.086441293 -0.984887898 -0.065600969 0.997823656 0.006699459 0.084610961 -0.085819148 -0.012330890 0.996234655 48.223823547
0.993243456 0.063638911 0.097046964 -0.949635208 -0.064423792 0.997910440 0.004972546 0.082109869 -0.096527696 -0.011191079 0.995267689 48.490596771
0.992098927 0.062353354 0.108868681 -0.912465274 -0.062781237 0.998027384 0.000503621 0.081030332 -0.108622484 -0.007334550 0.994056284 48.752708435
0.990511298 0.063389115 0.121941589 -0.865083933 -0.063441545 0.997979701 -0.003456545 0.076774120 -0.121914297 -0.004312414 0.992531478 49.008785248
0.988391101 0.065205760 0.137228429 -0.820121646 -0.065061636 0.997866035 -0.005540193 0.072231017 -0.137296796 -0.003452426 0.990524113 49.257850647
0.985927820 0.066670731 0.153302833 -0.770947397 -0.066407852 0.997769296 -0.006840399 0.070038989 -0.153416872 -0.003436370 0.988155723 49.508563995
0.983122647 0.067204975 0.170158193 -0.717024922 -0.066809013 0.997733474 -0.008058322 0.066483349 -0.170314014 -0.003445779 0.985383928 49.757659912
0.979888856 0.066390552 0.188177258 -0.657953858 -0.065844797 0.997788072 -0.009156833 0.062327862 -0.188368887 -0.003417813 0.982092500 49.995487213
0.976065636 0.065244995 0.207459360 -0.590289176 -0.064668186 0.997861147 -0.009568321 0.060134649 -0.207639843 -0.004076711 0.978196919 50.238567352
0.971559703 0.065403335 0.227584526 -0.517947793 -0.064611942 0.997850716 -0.010933942 0.058907080 -0.227810413 -0.004081700 0.973697007 50.484157562
0.966265082 0.067381531 0.248580098 -0.442586094 -0.066178985 0.997720599 -0.013200954 0.056010518 -0.248902887 -0.003695157 0.968521416 50.724330902
0.960057437 0.068697542 0.271239609 -0.359185576 -0.067034863 0.997631907 -0.015401607 0.053262606 -0.271655262 -0.003396084 0.962388694 50.965129852
0.952759862 0.069787525 0.295599192 -0.267455935 -0.067921132 0.997552931 -0.016590700 0.048481993 -0.296033591 -0.004270482 0.955168009 51.205730438
0.944228292 0.072539032 0.321203291 -0.168793082 -0.070651062 0.997346938 -0.017546009 0.042945709 -0.321623802 -0.006125917 0.946847737 51.449230194
0.934336066 0.074692905 0.348478884 -0.063161947 -0.072740972 0.997175634 -0.018702513 0.036338024 -0.348891497 -0.007874259 0.937130034 51.688156128
0.923165023 0.075387463 0.376939863 0.053551637 -0.073216915 0.997113526 -0.020105489 0.027150080 -0.377367407 -0.009037690 0.926019490 51.922298431
0.910530508 0.073554359 0.406847179 0.188028783 -0.070591941 0.997255921 -0.022309106 0.018338846 -0.407371521 -0.008407013 0.913223863 52.151809692
0.895668507 0.070902526 0.439034641 0.333213151 -0.066631079 0.997460723 -0.025153194 0.010494780 -0.439703077 -0.006724432 0.898118019 52.375377655
0.878364086 0.070366800 0.472784966 0.488355875 -0.063980505 0.997512221 -0.029598149 0.003304672 -0.473691374 -0.004251075 0.880680621 52.599411011
0.858838260 0.072366305 0.507109940 0.650882959 -0.063480973 0.997375548 -0.034817889 -0.006076642 -0.508298576 -0.002288898 0.861177802 52.818130493
0.837028027 0.074343972 0.542086363 0.824643373 -0.063058518 0.997231960 -0.039396755 -0.015984386 -0.543514609 -0.001206970 0.839398742 53.037704468
0.812494695 0.077236027 0.577830017 1.018107533 -0.064106055 0.997010887 -0.043125726 -0.027669739 -0.579433441 -0.002002965 0.815016985 53.261974335
0.785119414 0.081162721 0.614003837 1.228328466 -0.066949151 0.996688962 -0.046141285 -0.040618006 -0.615715563 -0.004880599 0.787953317 53.493782043
0.755247355 0.085456215 0.649845600 1.456326365 -0.070577085 0.996302545 -0.048991818 -0.056471001 -0.651629329 -0.008863247 0.758485734 53.724391937
0.722280145 0.086744316 0.686139584 1.707907319 -0.070512280 0.996169567 -0.051713187 -0.071970567 -0.687997043 -0.011029840 0.725629628 53.950466156
0.685798943 0.084536299 0.722865224 1.991417408 -0.067108274 0.996344924 -0.052851576 -0.091025040 -0.724690855 -0.012264668 0.688964963 54.174087524
0.646729350 0.083431326 0.758143246 2.302404642 -0.064378597 0.996423304 -0.054735597 -0.109128892 -0.759998083 -0.013409064 0.649787009 54.395595551
0.604155481 0.083345331 0.792496443 2.629865885 -0.062511660 0.996407449 -0.057134885 -0.124500081 -0.794411063 -0.015021894 0.607194662 54.612846375
0.558217227 0.083149217 0.825518429 2.982115030 -0.058809455 0.996428311 -0.060596868 -0.144572482 -0.827608287 -0.014722054 0.561113000 54.815002441
0.510328352 0.082077503 0.856054425 3.362163067 -0.055632830 0.996500790 -0.062378436 -0.169007391 -0.858178556 -0.015791228 0.513108373 55.001850128
0.461828649 0.080161080 0.883339942 3.765242338 -0.053882930 0.996603787 -0.062268455 -0.194800884 -0.885331213 -0.018839568 0.464579105 55.179088593
0.412279576 0.077958710 0.907716334 4.189898491 -0.053934854 0.996673226 -0.061101872 -0.221381932 -0.909459710 -0.023766469 0.415112317 55.341518402
0.362207234 0.077658363 0.928857386 4.628600597 -0.056818601 0.996509492 -0.061158188 -0.241317600 -0.930364430 -0.030624412 0.365355015 55.491359711
0.313057363 0.077973410 0.946528494 5.086543560 -0.054393195 0.996460140 -0.064096592 -0.264036000 -0.948175550 -0.031418774 0.316190034 55.619155884
0.266137838 0.074835256 0.961026192 5.571910858 -0.043170124 0.996906757 -0.065674178 -0.295280069 -0.962967992 -0.024009213 0.268544853 55.714061737
0.222117156 0.069248743 0.972558260 6.076167583 -0.030167662 0.997485161 -0.064133808 -0.327118129 -0.974553287 -0.015094567 0.223647267 55.788589478
0.179990456 0.068439648 0.981285095 6.596517563 -0.020857288 0.997617900 -0.065753095 -0.354839087 -0.983447254 -0.008631995 0.180988804 55.851448059
0.141658559 0.070177600 0.987425447 7.110597610 -0.017129809 0.997508407 -0.068436742 -0.376497358 -0.989767432 -0.007219738 0.142507374 55.903930664
0.109092437 0.070898265 0.991500556 7.653284550 -0.008378936 0.997483373 -0.070404172 -0.413633496 -0.993996322 -0.000627140 0.109411612 55.937751770
0.080264457 0.069304861 0.994361877 8.210235596 -0.001249450 0.997586131 -0.069428742 -0.454548180 -0.996772826 0.004330270 0.080156982 55.960144043
0.055282768 0.067655683 0.996176481 8.781600952 0.005932405 0.997661829 -0.068085790 -0.491016448 -0.998453081 0.009673705 0.054751847 55.979003906
0.035319336 0.066812709 0.997140706 9.361420631 0.010615660 0.997681320 -0.067224972 -0.522881985 -0.999319613 0.012959658 0.034527890 55.987831116
0.019453384 0.068640620 0.997452199 9.947963715 0.013352528 0.997533739 -0.068906672 -0.555275202 -0.999721467 0.014658987 0.018488601 55.988925934
0.006041043 0.068295315 0.997647285 10.535562515 0.014038743 0.997560918 -0.068374440 -0.592816710 -0.999883056 0.014418777 0.005067254 55.985603333
-0.005518887 0.069238491 0.997585356 11.136666298 0.014938489 0.997494400 -0.069149569 -0.629461288 -0.999873042 0.014520798 -0.006539644 55.980335236
-0.014565323 0.072167374 0.997286677 11.751244545 0.019695112 0.997219145 -0.071874879 -0.664843261 -0.999699771 0.018594798 -0.015946425 55.963222504
-0.021028060 0.074114136 0.997028530 12.374371529 0.023872934 0.997001290 -0.073608667 -0.702117562 -0.999493659 0.022254152 -0.022734586 55.941329956
-0.025571600 0.073573224 0.996962428 13.013836861 0.024264090 0.997039735 -0.072956622 -0.738626420 -0.999378264 0.022324773 -0.027281350 55.923252106
-0.029266870 0.070823617 0.997059882 13.664997101 0.021919085 0.997292161 -0.070196778 -0.779314101 -0.999331057 0.019800207 -0.030740269 55.910995483
-0.031828720 0.064072125 0.997438014 14.336268425 0.019741930 0.997788668 -0.063464724 -0.817816377 -0.999298096 0.017671363 -0.033023503 55.896469116
-0.033102859 0.058460865 0.997741163 15.012369156 0.020849807 0.998110890 -0.057790823 -0.853070498 -0.999234200 0.018889684 -0.034259479 55.877025604
-0.033606853 0.056052245 0.997862518 15.699010849 0.023363391 0.998197198 -0.055284236 -0.888840616 -0.999161780 0.021455538 -0.034856092 55.851123810
-0.033303715 0.058293186 0.997744262 16.390689850 0.026500970 0.997997999 -0.057423480 -0.929416239 -0.999093652 0.024528787 -0.034782123 55.823623657
-0.032472406 0.065736361 0.997308910 17.083347321 0.027284199 0.997521043 -0.064862005 -0.967176676 -0.999099910 0.025104560 -0.034185726 55.803443909
-0.030249467 0.073780231 0.996816099 17.791980743 0.027904021 0.996945500 -0.072943076 -1.004058838 -0.999152541 0.025608696 -0.032216091 55.779865265
-0.028112181 0.074529752 0.996822894 18.503971100 0.028600859 0.996868074 -0.073726580 -1.043745756 -0.999195278 0.026437385 -0.030156009 55.762786865
-0.025941916 0.070282653 0.997190237 19.233852386 0.027850688 0.997188807 -0.069558077 -1.087291598 -0.999275208 0.025967972 -0.027826671 55.749114990
-0.023519985 0.063810498 0.997685313 19.971597672 0.027217615 0.997631609 -0.063165478 -1.136677742 -0.999352574 0.025668975 -0.025201313 55.735588074
-0.020735623 0.062271141 0.997844279 20.708913803 0.025287092 0.997771561 -0.061741184 -1.181947231 -0.999464929 0.023952350 -0.022264333 55.729721069
-0.017195882 0.067629904 0.997562706 21.432411194 0.033137478 0.997200012 -0.067034148 -1.227555990 -0.999302626 0.031904008 -0.019389082 55.711818695
-0.014049843 0.073350102 0.997207761 22.166944504 0.034660097 0.996741891 -0.072827555 -1.271748066 -0.999300182 0.033540100 -0.016546652 55.700519562
-0.011702993 0.074118920 0.997181237 22.900520325 0.028565047 0.996866643 -0.073760346 -1.315328240 -0.999523222 0.027621316 -0.013783798 55.709789276
-0.008601494 0.070629299 0.997466087 23.626861572 0.024047568 0.997228444 -0.070405155 -1.362151504 -0.999673605 0.023381051 -0.010276383 55.716156006
-0.003791464 0.066904709 0.997752726 24.359214783 0.028087709 0.997372746 -0.066772543 -1.416486382 -0.999598086 0.027771428 -0.005660971 55.710643768
-0.000137998 0.067875683 0.997694314 25.089706421 0.032739673 0.997159243 -0.067834787 -1.468037009 -0.999463737 0.032654829 -0.002360104 55.705608368
0.002477497 0.072554335 0.997361958 25.819311142 0.032310400 0.996837914 -0.072596505 -1.515726566 -0.999474585 0.032405026 0.000125131 55.712055206
0.006394263 0.073440328 0.997279644 26.543130875 0.028575420 0.996878803 -0.073594064 -1.559181213 -0.999570906 0.028968271 0.004275443 55.727954865
0.009821144 0.073009461 0.997283399 27.286491394 0.027691573 0.996928573 -0.073256232 -1.611109495 -0.999567986 0.028335813 0.007768956 55.745193481
0.013412422 0.070010900 0.997456551 28.034000397 0.031599671 0.997017860 -0.070405044 -1.661559701 -0.999410272 0.032463606 0.011159823 55.754604340
0.017136663 0.070433207 0.997369766 28.766477585 0.036073986 0.996822774 -0.071014419 -1.713560581 -0.999201834 0.037196055 0.014541128 55.761371613
0.020737562 0.071461372 0.997228205 29.507650375 0.038847759 0.996631384 -0.072226472 -1.761400938 -0.999029517 0.040237878 0.017891305 55.772689819
0.023456542 0.071412370 0.997171462 30.248907089 0.039311819 0.996608078 -0.072296783 -1.810682654 -0.998951197 0.040896449 0.020569341 55.792839050
0.026894817 0.069980584 0.997186124 31.007064819 0.040646795 0.996644974 -0.071038894 -1.860999227 -0.998811126 0.042442996 0.023959808 55.817642212
0.030607365 0.069032677 0.997145176 31.763090134 0.042594019 0.996615827 -0.070303470 -1.914302349 -0.998623073 0.044624224 0.027563112 55.839069366
0.033441290 0.069550171 0.997018158 32.502696991 0.040836256 0.996647596 -0.070894040 -1.959585786 -0.998605609 0.043085277 0.030488715 55.871463776
0.036520645 0.071241595 0.996790648 33.238685608 0.037984442 0.996635914 -0.072622232 -2.008831263 -0.998610258 0.040514756 0.033691410 55.905986786
0.039152689 0.071285196 0.996687591 33.991867065 0.039599814 0.996557772 -0.072831511 -2.058715820 -0.998447776 0.042320196 0.036194727 55.936809540
0.041852348 0.071234681 0.996581435 34.747406006 0.037342705 0.996646583 -0.072807595 -2.106619120 -0.998425245 0.040262222 0.039051589 55.974475861
0.044070311 0.071605757 0.996459186 35.501213074 0.035631709 0.996680617 -0.073197573 -2.156730890 -0.998392284 0.038731389 0.041372273 56.015361786
0.046740267 0.071876466 0.996318042 36.255355835 0.032523345 0.996769428 -0.073434830 -2.206467628 -0.998376966 0.035835963 0.044251289 56.059173584
0.050096676 0.073772594 0.996016264 37.006313324 0.031353261 0.996660411 -0.075397313 -2.256673336 -0.998251557 0.035005517 0.047616042 56.098346710
0.053396627 0.077357702 0.995572746 37.759162903 0.030192338 0.996413767 -0.079042427 -2.309990883 -0.998116255 0.034279272 0.050869208 56.143127441
0.056817219 0.079542324 0.995211244 38.520179749 0.030138921 0.996230125 -0.081344448 -2.365883112 -0.997929037 0.034616362 0.054205384 56.189735413
0.059544139 0.081930019 0.994858086 39.292701721 0.023975862 0.996221125 -0.083477311 -2.421560526 -0.997937143 0.028823173 0.057354458 56.247066498
0.062080815 0.081187591 0.994763851 40.062984467 0.020148372 0.996380866 -0.082577020 -2.479666948 -0.997867107 0.025169333 0.060220011 56.306980133
0.065948151 0.081648305 0.994477212 40.832107544 0.022225829 0.996279001 -0.083270170 -2.542238235 -0.997574866 0.027594604 0.063887723 56.360511780
0.069753341 0.082783319 0.994123757 41.612987518 0.021286141 0.996200204 -0.084449820 -2.607095480 -0.997336566 0.027051726 0.067725822 56.417602539
0.073403865 0.084039554 0.993755460 42.396236420 0.017115043 0.996190250 -0.085509688 -2.663555622 -0.997154832 0.023284925 0.071685538 56.487407684
0.077537932 0.082234435 0.993592501 43.190143585 0.016018530 0.996361017 -0.083713658 -2.722991228 -0.996860087 0.022406891 0.075938150 56.553592682
0.082614295 0.081985794 0.993203819 43.986774445 0.016545739 0.996360004 -0.083622627 -2.789774895 -0.996443629 0.023341732 0.080956712 56.616851807
0.087765023 0.085654490 0.992452145 44.786315918 0.013177013 0.996109247 -0.087135434 -2.853535891 -0.996053398 0.020725014 0.086294517 56.693901062
0.093821190 0.094216295 0.991121352 45.574073792 0.011518338 0.995342672 -0.095707968 -2.917607307 -0.995521784 0.020395519 0.092298649 56.777595520
0.101051718 0.098940946 0.989949465 46.360443115 0.009859625 0.994893968 -0.100441620 -2.985233068 -0.994831622 0.019910341 0.099559851 56.866477966
0.108488023 0.102023326 0.988848984 47.161079407 0.005518536 0.994642437 -0.103226565 -3.059488535 -0.994081736 0.016655859 0.107343398 56.960186005
0.115479186 0.100503325 0.988212645 47.972915649 0.001690481 0.994846702 -0.101375617 -3.134295464 -0.993307769 0.013377346 0.114713803 57.065635681
0.123049289 0.098847724 0.987465739 48.774250031 0.001762398 0.995003641 -0.099821955 -3.206850052 -0.992398262 0.014023347 0.122259893 57.171836853
0.130139709 0.095781296 0.986858726 49.583339691 0.001752348 0.995299160 -0.096831627 -3.266758204 -0.991493344 0.014330979 0.129359707 57.297920227
0.137759119 0.090350181 0.986336529 50.379680634 0.000096338 0.995829463 -0.091233239 -3.333805323 -0.990464926 0.012663255 0.137175485 57.418727875
0.144846424 0.083192870 0.985950768 51.187324524 -0.002143280 0.996483028 -0.083766729 -3.397133112 -0.989451051 0.010020169 0.144514889 57.551528931
0.152295560 0.080288008 0.985068738 51.995231628 -0.001895372 0.996716738 -0.080944389 -3.468665361 -0.988332391 0.010460426 0.151947275 57.688602448
0.159663782 0.082053989 0.983755589 52.787662506 -0.001940129 0.996563613 -0.082807451 -3.534899473 -0.987168729 0.011312764 0.159273863 57.819606781
0.165534317 0.088795364 0.982198656 53.565555573 -0.001170875 0.995955229 -0.089841738 -3.593114138 -0.986202538 0.013721880 0.164968312 57.955768585
0.170620978 0.092424005 0.980992675 54.343311310 -0.002691173 0.995630980 -0.093335122 -3.658143997 -0.985332251 0.013284929 0.170123830 58.095470428
0.175629646 0.095346712 0.979828358 55.109695435 -0.003965490 0.995359063 -0.096147247 -3.728634357 -0.984447479 0.013000825 0.175192237 58.241432190
0.180977806 0.094848596 0.978902996 55.862590790 -0.006008876 0.995426595 -0.095338732 -3.794932604 -0.983467996 0.011372109 0.180719629 58.385570526
0.186347336 0.091788448 0.978186965 56.621204376 -0.001694163 0.995654643 -0.093104817 -3.863789320 -0.982481658 0.015692646 0.185692683 58.531959534
0.190584585 0.085168108 0.977969408 57.392578125 -0.000778540 0.996241987 -0.086607710 -3.930823803 -0.981669664 0.015744725 0.189934254 58.699092865
0.193881571 0.078872837 0.977849305 58.136501312 -0.002422575 0.996797979 -0.079920925 -3.997009516 -0.981021166 0.013126304 0.193451434 58.856666565
0.197017014 0.075606644 0.977480531 58.878330231 -0.005985512 0.997095823 -0.075917482 -4.058655739 -0.980381072 0.009106339 0.196896985 59.017765045
0.200065896 0.075596280 0.976861894 59.605110168 -0.007662534 0.997108936 -0.075593859 -4.117743969 -0.979751706 0.007638542 0.200066373 59.178394318
0.202058479 0.077661224 0.976289630 60.314056396 -0.009464514 0.996959031 -0.077346638 -4.172172070 -0.979326963 0.006388465 0.202178687 59.335773468
0.203444228 0.082039818 0.975643456 61.007457733 -0.013486487 0.996623218 -0.080991760 -4.227262974 -0.978992879 0.003319332 0.203863308 59.492618561
0.205416039 0.086189888 0.974872172 61.695285797 -0.014662182 0.996273339 -0.084992573 -4.284284115 -0.978564143 0.003165110 0.205913886 59.645736694
0.207223058 0.091532752 0.974002361 62.363765717 -0.015322573 0.995794475 -0.090320796 -4.340238571 -0.978173018 0.003792355 0.207753718 59.797515869
0.208792344 0.093625270 0.973468184 63.037185669 -0.014645610 0.995594144 -0.092612103 -4.396787643 -0.977849662 0.005079686 0.209243253 59.945762634
0.210175589 0.093584336 0.973174453 63.699645996 -0.017081929 0.995607197 -0.092052460 -4.455620766 -0.977513731 0.002723508 0.210850567 60.098476410
0.210575476 0.090489447 0.973380625 64.357696533 -0.017156560 0.995894909 -0.088870980 -4.518045425 -0.977426410 0.002014210 0.211263180 60.249683380
0.211260036 0.087954856 0.973464668 65.005599976 -0.017166713 0.996122837 -0.086276650 -4.578265667 -0.977278471 0.001515644 0.211950481 60.395217896
0.211189717 0.086675607 0.973594606 65.648742676 -0.015935974 0.996232986 -0.085234292 -4.631276608 -0.977314472 0.002485451 0.211775064 60.535366058
0.209703892 0.086020738 0.973973751 66.277442932 -0.016413216 0.996291399 -0.084457979 -4.687508106 -0.977626443 0.001725150 0.210337698 60.672100067
0.208069772 0.086810581 0.974254131 66.893051147 -0.017484888 0.996224165 -0.085034050 -4.741546631 -0.977956951 0.000658316 0.208801642 60.810050964
0.205876648 0.089648575 0.974463046 67.493621826 -0.018296292 0.995972931 -0.087762021 -4.797117233 -0.978406131 0.000239115 0.206687450 60.940677643
0.203815639 0.093482234 0.974536061 68.089904785 -0.016429601 0.995616674 -0.092068359 -4.853056431 -0.978870571 0.002753754 0.204457760 61.066905975
0.202229664 0.093895406 0.974826694 68.679412842 -0.013965610 0.995568097 -0.092996098 -4.903377533 -0.979237735 0.005192541 0.202644348 61.185756683
0.200022101 0.092776850 0.975389063 69.266578674 -0.014602046 0.995678008 -0.091712333 -4.952181339 -0.979681730 0.004101839 0.200511977 61.309070587
0.197494999 0.089847371 0.976177931 69.850311279 -0.014810349 0.995950341 -0.088670954 -5.004254818 -0.980191171 0.003054558 0.198025540 61.431194305
0.195414230 0.085920446 0.976949930 70.418632507 -0.014367210 0.996298313 -0.084748380 -5.058024406 -0.980614722 0.002525020 0.195924968 61.545471191
0.193629637 0.084828839 0.977400541 70.977737427 -0.010765329 0.996378064 -0.084343314 -5.111812592 -0.981014848 0.005809350 0.193841189 61.654750824
0.191948488 0.086240068 0.977608681 71.525009155 -0.007030518 0.996226311 -0.086502127 -5.158282280 -0.981379032 0.009730876 0.191830099 61.757530212
0.189588681 0.088271007 0.977887869 72.075279236 -0.002733460 0.995993674 -0.089375518 -5.203266621 -0.981858969 0.014271588 0.189070076 61.858734131
0.188022926 0.090200953 0.978014052 72.620552063 -0.003213950 0.995824456 -0.091225818 -5.247146130 -0.982158542 0.014009275 0.187527388 61.963050842
0.186791822 0.092947252 0.977992892 73.159622192 -0.003556700 0.995571017 -0.093938671 -5.293853283 -0.982392251 0.014068564 0.186294764 62.068923950
0.185571790 0.091238342 0.978385985 73.705764771 -0.001805821 0.995709300 -0.092511438 -5.344640732 -0.982628226 0.015400738 0.184939981 62.173530579
0.186382756 0.089761719 0.978368402 74.249114990 0.004191343 0.995735228 -0.092153676 -5.390096664 -0.982467413 0.021276547 0.185211331 62.268508911
0.188895926 0.087810233 0.978063464 74.801666260 0.009481096 0.995783746 -0.091232404 -5.431129456 -0.981950462 0.026506554 0.187266633 62.365917206
0.190934852 0.087140381 0.977727413 75.346260071 0.012323822 0.995759726 -0.091154315 -5.478448391 -0.981524527 0.029453885 0.189051017 62.472545624
0.194247305 0.086883485 0.977097631 75.893875122 0.009685227 0.995850623 -0.090476587 -5.529019833 -0.980903983 0.027038254 0.192599520 62.587932587
0.199730992 0.087609708 0.975926518 76.442878723 0.008373469 0.995804965 -0.091108076 -5.576949120 -0.979814172 0.026369004 0.198159218 62.705459595
0.206331715 0.086513147 0.974650323 77.006828308 0.009559858 0.995857000 -0.090419494 -5.622023106 -0.978434563 0.027973933 0.204649538 62.827907562
0.213943169 0.086945012 0.972969413 77.566413879 0.007874651 0.995844364 -0.090720832 -5.661714077 -0.976813495 0.027070902 0.212369129 62.958969116
0.222382262 0.084777929 0.971266925 78.137306213 0.008350296 0.996009171 -0.088849649 -5.709981441 -0.974922955 0.027868956 0.220786542 63.096389771
0.231267259 0.084415957 0.969221354 78.709838867 0.004839721 0.996115506 -0.087913342 -5.761763573 -0.972877383 0.025022244 0.229960054 63.244636536
0.240839049 0.084166154 0.966909111 79.288696289 0.003808893 0.996142328 -0.087659717 -5.808552742 -0.970556676 0.024794742 0.239589095 63.401084900
0.250389099 0.088129848 0.964126050 79.875297546 -0.001646195 0.995884597 -0.090605527 -5.855413914 -0.968142927 0.021099506 0.249503449 63.569946289
0.259871304 0.090291344 0.961413026 80.472595215 -0.004995514 0.995730400 -0.092164151 -5.903521061 -0.965629399 0.019148076 0.259212524 63.747085571
0.270779908 0.093092605 0.958129704 81.068283081 -0.009298568 0.995518684 -0.094097614 -5.954145908 -0.962595403 0.016570520 0.270431757 63.924209595
0.280974120 0.094761960 0.955025733 81.679252625 -0.010662993 0.995359182 -0.095627084 -6.011456013 -0.959655106 0.016685311 0.280680299 64.116149902
0.290917665 0.095518261 0.951968253 82.298858643 -0.013903011 0.995319903 -0.095619537 -6.067434788 -0.956646085 0.014582195 0.290883839 64.314773560
0.301265687 0.095791534 0.948716760 82.924987793 -0.014654639 0.995287895 -0.095840409 -6.123530865 -0.953426659 0.014970330 0.301249564 64.526687622
0.311322659 0.096852131 0.945356250 83.566184998 -0.018935304 0.995226681 -0.095725842 -6.175911427 -0.950114667 0.011901022 0.311670214 64.754470825
0.321857572 0.091959417 0.942311883 84.218627930 -0.018389836 0.995690405 -0.090887517 -6.230057716 -0.946608603 0.011923884 0.322161317 64.983306885
0.332843632 0.084786862 0.939162791 84.875892639 -0.014671177 0.996293664 -0.084745251 -6.284868240 -0.942867041 0.014428305 0.332853615 65.217216492
0.343481749 0.080494463 0.935703754 85.527793884 -0.013343093 0.996636927 -0.080838442 -6.338505268 -0.939063728 0.015281355 0.343400300 65.467346191
0.353957266 0.077373452 0.932055950 86.210464478 -0.014092768 0.996899188 -0.077404678 -6.390318394 -0.935154617 0.014262709 0.353949726 65.729324341
0.363486528 0.074877426 0.928585768 86.900787354 -0.008073473 0.996979415 -0.077232338 -6.440886497 -0.931563616 0.020576008 0.362992764 65.998321533
0.372044981 0.069327548 0.925622404 87.595993042 -0.001546802 0.997250795 -0.074070878 -6.487786293 -0.928212583 0.026125951 0.371129036 66.275733948
0.379181057 0.060103144 0.923368871 88.314643860 0.007647936 0.997649670 -0.068078995 -6.532337189 -0.925290108 0.032876138 0.377829850 66.561210632
0.386302441 0.055905852 0.920676768 89.052810669 0.012940332 0.997733772 -0.066014729 -6.577974319 -0.922280610 0.037415519 0.384703189 66.860816956
0.393620938 0.056227092 0.917552054 89.724418640 0.014139001 0.997638285 -0.067200437 -6.632267952 -0.919163287 0.039424773 0.391895980 67.142852783
0.401069134 0.062448841 0.913917065 90.438400269 0.016492628 0.997018576 -0.075365186 -6.677315712 -0.915898561 0.045299545 0.398843080 67.451530457
0.408389330 0.066683531 0.910369217 91.140716553 0.020245131 0.996420026 -0.082068779 -6.723241329 -0.912582576 0.051946554 0.405576944 67.756896973
0.413516849 0.068829104 0.907891512 91.844413757 0.018281557 0.996308863 -0.083859101 -6.784933090 -0.910312176 0.051274817 0.410731912 68.091156006
0.418022305 0.070324853 0.905710936 92.524810791 0.011515470 0.996507704 -0.082689926 -6.845336437 -0.908363044 0.044995919 0.415752381 68.417106628
0.421918571 0.074006923 0.903608441 93.212196350 0.004894035 0.996461332 -0.083897077 -6.910896778 -0.906619787 0.039820030 0.420063138 68.758468628
0.425868958 0.077071726 0.901496589 93.901626587 0.004132774 0.996188164 -0.087119743 -6.974473476 -0.904774666 0.040827278 0.423926890 69.096298218
0.429763466 0.081298649 0.899274349 94.571929932 0.000828434 0.995901346 -0.090430304 -7.039130688 -0.902940452 0.039608635 0.427934438 69.431480408
0.433045208 0.084440582 0.897408545 95.230659485 -0.002339840 0.995703161 -0.092560612 -7.102254868 -0.901368499 0.037983142 0.431381881 69.765449524
0.436962515 0.082862675 0.895655096 95.884704590 -0.003622448 0.995900452 -0.090369947 -7.172702312 -0.899471700 0.036243819 0.435471207 70.093345642
0.440920383 0.079726748 0.893998504 96.533660889 -0.002700019 0.996159077 -0.087506004 -7.239109516 -0.897541404 0.036169369 0.439442009 70.422264099
0.444349170 0.077070124 0.892532647 97.164535522 -0.003043914 0.996415377 -0.084525205 -7.300492764 -0.895847797 0.034841917 0.442990869 70.741935730
0.447998703 0.076002263 0.890798151 97.790145874 -0.003935748 0.996536732 -0.083044671 -7.363095760 -0.894024849 0.033697952 0.446746200 71.064735413
0.451338202 0.077721372 0.888962209 98.400047302 -0.005893375 0.996436357 -0.084125854 -7.420440674 -0.892332792 0.032730222 0.450187773 71.384315491
0.454068035 0.078191176 0.887529671 99.004005432 -0.005053770 0.996350288 -0.085192926 -7.479041100 -0.890951991 0.034198016 0.452805936 71.700508118
0.456273347 0.076389194 0.886555076 99.605598450 -0.003035208 0.996434808 -0.084295012 -7.532830715 -0.889833808 0.035770692 0.454878479 72.008972168
0.457997739 0.075198598 0.885767341 100.191970825 -0.001201681 0.996465683 -0.083975397 -7.590262890 -0.888951898 0.037396140 0.456469417 72.312881470
0.459874511 0.075242557 0.884790659 100.770721436 -0.002699768 0.996515989 -0.083340704 -7.648237705 -0.887979150 0.035937544 0.458475471 72.619186401
0.461863846 0.074546896 0.883812845 101.339752197 -0.001226144 0.996512890 -0.083412290 -7.702546597 -0.886949360 0.037441444 0.460344702 72.917022705
0.464532286 0.076328620 0.882260919 101.899421692 -0.001688227 0.996351480 -0.085310504 -7.753375053 -0.885553896 0.038140032 0.462966383 73.218032837
0.467345774 0.076320648 0.880774498 102.456138611 0.001164956 0.996211171 -0.086941838 -7.808220387 -0.884073198 0.041657973 0.465486318 73.513015747
0.470115662 0.075736985 0.879349649 103.005081177 0.002702854 0.996181726 -0.087244801 -7.866073132 -0.882600069 0.043391909 0.468116045 73.820312500
0.473520309 0.073910534 0.877676725 103.541969299 0.005799618 0.996188164 -0.087019831 -7.918063641 -0.880763173 0.046295851 0.471286803 74.102989197
0.476850718 0.073028952 0.875945687 104.063316345 0.006854673 0.996201754 -0.086786747 -7.972299099 -0.878956974 0.047388647 0.474539131 74.386566162
0.479979038 0.072677031 0.874264777 104.577880859 0.007694438 0.996173918 -0.087035857 -8.023505211 -0.877245605 0.048502367 0.477583587 74.671043396
0.483698368 0.071916305 0.872275531 105.087921143 0.008366850 0.996191442 -0.086772688 -8.073434830 -0.875194192 0.049270011 0.481254667 74.953758240
0.487011909 0.071515620 0.870462835 105.594718933 0.009963996 0.996120632 -0.087414436 -8.120828629 -0.873337924 0.051245164 0.484410197 75.243194580
0.490987748 0.072809115 0.868118942 106.092781067 0.009498177 0.995993137 -0.088906147 -8.169266701 -0.871114135 0.051897381 0.488329023 75.530235291
0.495161086 0.072951108 0.865733385 106.592170715 0.011507347 0.995828748 -0.090495594 -8.220547676 -0.868724346 0.054772194 0.492256373 75.819976807
0.499895364 0.076363392 0.862713158 107.078269958 0.009293875 0.995573401 -0.093509167 -8.270956039 -0.866035283 0.054762751 0.496973038 76.109588623
0.505141914 0.082198121 0.859113455 107.557479858 0.005661793 0.995115399 -0.098539822 -8.325190544 -0.863017023 0.054640725 0.502209306 76.405548096
0.510822415 0.089402944 0.855025411 108.031974792 0.000205308 0.994563460 -0.104116254 -8.378012657 -0.859685540 0.053360470 0.508027136 76.705741882
0.516805530 0.095807828 0.850725412 108.501251221 -0.005072649 0.994041741 -0.108866706 -8.430927277 -0.856087089 0.051947493 0.514212489 77.005210876
0.523256361 0.100155674 0.846269786 108.969612122 -0.008732661 0.993645787 -0.112198398 -8.486602783 -0.852129877 0.051318344 0.520806313 77.303100586
0.528532088 0.100391530 0.842956841 109.456161499 -0.012769825 0.993809044 -0.110350847 -8.543987274 -0.848816633 0.047559556 0.526542127 77.629722595
0.533913732 0.099453479 0.839670181 109.943786621 -0.019201769 0.994226992 -0.105550371 -8.601799965 -0.845320284 0.040231645 0.532741308 77.960914612
0.539535820 0.097045623 0.836351693 110.437599182 -0.025386002 0.994757056 -0.099049740 -8.661367416 -0.841579318 0.032209251 0.539170802 78.301567078
0.545165360 0.095288828 0.832895935 110.935440063 -0.031649806 0.995148718 -0.093135796 -8.719045639 -0.837730348 0.024413412 0.545536578 78.654235840
0.551198721 0.093281396 0.829143822 111.436866760 -0.033976316 0.995414555 -0.089400902 -8.771245956 -0.833681405 0.021106401 0.551840663 79.004547119
0.557337403 0.096962899 0.824605465 111.938011169 -0.039166652 0.995120764 -0.090541482 -8.820825577 -0.829361200 0.018165112 0.558415771 79.358924866
0.563255250 0.100876562 0.820102751 112.450683594 -0.042898852 0.994749844 -0.092895903 -8.869906425 -0.825168073 0.017142624 0.564625502 79.733482361
0.569228530 0.104277104 0.815540493 112.970870972 -0.045909788 0.994406760 -0.095103726 -8.922716141 -0.820896089 0.016694443 0.570831895 80.118118286
0.575390339 0.106498174 0.810916305 113.498336792 -0.048372839 0.994180322 -0.096243434 -8.975256920 -0.816446781 0.016151197 0.577193201 80.508407593
