1.000000000 0.000000000 0.000000000 0.000000000 0.000000000 1.000000000 0.000000000 0.000000000 0.000000000 0.000000000 1.000000000 0.000000000
0.999998271 0.001000329 0.001565378 -0.009434174 -0.000992988 0.999988556 -0.004683144 -0.001435652 -0.001570045 0.004681582 0.999987781 0.959158421
0.999996483 -0.001298845 0.002336472 -0.007404514 0.001311746 0.999983907 -0.005528338 0.000977343 -0.002329253 0.005531383 0.999981940 1.920019150
0.999992847 -0.002742903 0.002640173 -0.015754323 0.002746811 0.999995172 -0.001477626 -0.000995040 -0.002636107 0.001484868 0.999995410 2.859351635
0.999984741 -0.005176530 0.001976381 -0.013083936 0.005167647 0.999976754 0.004473448 -0.004152485 -0.001999491 -0.004463165 0.999988019 3.813194036
0.999961376 -0.008782534 0.000567305 -0.011292379 0.008779927 0.999951661 0.004441997 -0.000885007 -0.000606290 -0.004436843 0.999989927 4.740632057
0.999936044 -0.011317238 -0.000352406 -0.012793037 0.011317806 0.999934614 0.001661338 0.000903623 0.000333581 -0.001665220 0.999998510 5.673959732
0.999927223 -0.012021221 -0.001132624 -0.016823102 0.012019200 0.999926269 -0.001772196 0.000659094 0.001153844 0.001758453 0.999997735 6.594138622
0.999926984 -0.011941444 -0.001890610 -0.026709944 0.011937098 0.999926209 -0.002292357 -0.002459529 0.001917844 0.002269620 0.999995530 7.513215065
0.999928713 -0.011565189 -0.002994448 -0.033787969 0.011564074 0.999933183 -0.000388031 -0.004532507 0.002998734 0.000353375 0.999995351 8.429950714
0.999926805 -0.011391754 -0.004080605 -0.030945918 0.011402247 0.999931812 0.002558367 -0.005587426 0.004051181 -0.002604708 0.999988317 9.332666397
0.999921560 -0.011489325 -0.004991145 -0.039904021 0.011509454 0.999925792 0.004023650 -0.003381941 0.004944544 -0.004080778 0.999979377 10.251230240
0.999901712 -0.012887971 -0.005511380 -0.049977593 0.012915079 0.999904692 0.004911989 -0.002807737 0.005447547 -0.004982686 0.999972641 11.168716431
0.999895573 -0.012977025 -0.006356454 -0.058559068 0.013007997 0.999903798 0.004856288 0.000847731 0.006292820 -0.004938465 0.999967873 12.066203117
0.999886274 -0.013426319 -0.006862970 -0.073956870 0.013450596 0.999903619 0.003504051 0.003605642 0.006815259 -0.003595963 0.999970198 12.970762253
0.999869645 -0.013797176 -0.008383492 -0.082575411 0.013809645 0.999903858 0.001431578 0.008452704 0.008362931 -0.001547165 0.999963760 13.874112129
0.999837697 -0.015110251 -0.009808901 -0.095574535 0.015112340 0.999886036 0.000138941 0.009401704 0.009805679 -0.000287155 0.999951839 14.771131516
0.999821544 -0.014837980 -0.011691928 -0.107285708 0.014833000 0.999890089 -0.000512438 0.009807527 0.011698242 0.000338920 0.999931514 15.669316292
0.999820888 -0.013640690 -0.013117144 -0.128581628 0.013624634 0.999906540 -0.001312509 0.007079176 0.013133815 0.001133556 0.999913156 16.563961029
0.999819338 -0.012156368 -0.014614090 -0.152319193 0.012138671 0.999925733 -0.001298961 0.006292399 0.014628790 0.001121329 0.999892414 17.459098816
0.999792755 -0.012521894 -0.016056623 -0.170966864 0.012516622 0.999921799 -0.000428632 0.004488997 0.016060729 0.000227567 0.999871016 18.352462769
0.999778092 -0.011840153 -0.017428532 -0.192058697 0.011858996 0.999929368 0.000978298 0.002816492 0.017415712 -0.001184766 0.999847651 19.224290848
0.999760091 -0.011474702 -0.018663209 -0.217354357 0.011504388 0.999932885 0.001484215 0.005262956 0.018644916 -0.001698569 0.999824762 20.101600647
0.999721110 -0.012349939 -0.020134564 -0.238568634 0.012375464 0.999922931 0.001143699 0.007618011 0.020118877 -0.001392555 0.999796689 20.977472305
0.999688447 -0.012265849 -0.021744348 -0.260299325 0.012280760 0.999924600 0.000552435 0.010535754 0.021735922 -0.000819301 0.999763429 21.847225189
0.999663115 -0.012216562 -0.022904506 -0.284434855 0.012241667 0.999924779 0.000956273 0.010476527 0.022891089 -0.001236341 0.999737203 22.709539413
0.999636233 -0.012286070 -0.024013275 -0.308173329 0.012357614 0.999919832 0.002833373 0.012347419 0.023976527 -0.003129089 0.999707639 23.562452316
0.999602139 -0.013446348 -0.024799326 -0.331647784 0.013587952 0.999892473 0.005550429 0.015767910 0.024722015 -0.005885192 0.999677062 24.410284042
0.999588847 -0.013206503 -0.025455365 -0.356786072 0.013392599 0.999884963 0.007154166 0.017791599 0.025357943 -0.007492137 0.999650419 25.244235992
0.999589920 -0.012336358 -0.025847226 -0.386857837 0.012498563 0.999903321 0.006123408 0.018293804 0.025769176 -0.006443949 0.999647200 26.068239212
0.999584079 -0.010793319 -0.026748205 -0.413699239 0.010887292 0.999935269 0.003370102 0.024758618 0.026710086 -0.003659915 0.999636590 26.880624771
0.999570608 -0.010403983 -0.027398989 -0.442607015 0.010452171 0.999944329 0.001616045 0.028740698 0.027380636 -0.001901729 0.999623358 27.673286438
0.999551117 -0.009680700 -0.028359748 -0.472908378 0.009720412 0.999952257 0.001262703 0.029606322 0.028346157 -0.001537804 0.999597073 28.456903458
0.999513686 -0.009889880 -0.029581022 -0.499132156 0.009917813 0.999950826 0.000797686 0.027316276 0.029571662 -0.001090677 0.999562204 29.241434097
0.999466956 -0.009399496 -0.031271476 -0.530637264 0.009397310 0.999956131 -0.000216910 0.028146049 0.031272128 -0.000077074 0.999511003 30.020433426
0.999405861 -0.009382104 -0.033171166 -0.561834574 0.009376190 0.999956310 -0.000333885 0.028211989 0.033172831 0.000022667 0.999449730 30.780168533
0.999332249 -0.009310642 -0.035338443 -0.588375509 0.009336605 0.999956548 0.000569666 0.032716338 0.035331585 -0.000899227 0.999375343 31.538536072
0.999249041 -0.009737226 -0.037509739 -0.616119623 0.009852020 0.999947608 0.002876679 0.033525474 0.037479743 -0.003244065 0.999292254 32.287616730
0.999178052 -0.008911063 -0.039551470 -0.651259005 0.009093202 0.999949098 0.004427532 0.031726122 0.039509986 -0.004783541 0.999207854 33.024223328
0.999114931 -0.007509166 -0.041393071 -0.688505054 0.007708886 0.999959648 0.004667357 0.031863466 0.041356333 -0.004982319 0.999132156 33.750930786
0.999045670 -0.004985041 -0.043397304 -0.725721776 0.005156092 0.999979615 0.003830389 0.033614848 0.043377303 -0.004050493 0.999050617 34.462608337
0.998969674 -0.003232429 -0.045273717 -0.761766553 0.003374971 0.999989808 0.003072283 0.035569131 0.045263302 -0.003221914 0.998969972 35.174289703
0.998899162 -0.002897574 -0.046825387 -0.798499703 0.003098983 0.999986470 0.004229177 0.038830020 0.046812475 -0.004369630 0.998894215 35.874900818
0.998836577 -0.001513117 -0.048204552 -0.832755923 0.001804586 0.999980569 0.006003471 0.043355051 0.048194509 -0.006083474 0.998819530 36.570938110
0.998835742 0.001368911 -0.048226353 -0.873980880 -0.001054898 0.999978304 0.006536006 0.044292666 0.048234232 -0.006477520 0.998815179 37.242992401
0.998879194 0.004576845 -0.047115326 -0.913121819 -0.004368382 0.999980390 0.004526440 0.044005722 0.047135100 -0.004315548 0.998879373 37.905441284
0.998949468 0.006314352 -0.045393322 -0.948968410 -0.006252057 0.999979496 0.001514096 0.043366414 0.045401931 -0.001228703 0.998968244 38.549068451
0.999044180 0.007155715 -0.043128021 -0.983887136 -0.007181338 0.999974251 -0.000439304 0.047961354 0.043123744 0.000748601 0.999069631 39.183898926
0.999174356 0.008500419 -0.039734088 -1.017361522 -0.008494939 0.999964058 0.000306663 0.049819037 0.039735243 0.000031128 0.999210417 39.819644928
0.999240339 0.013211082 -0.036670256 -1.047033191 -0.013104458 0.999909341 0.003146334 0.047350425 0.036708474 -0.002663400 0.999322653 40.452060699
0.999306619 0.017522911 -0.032856692 -1.075776577 -0.017309569 0.999827385 0.006766248 0.044229735 0.032969560 -0.006192821 0.999437332 41.071163177
0.999336302 0.022587983 -0.028582163 -1.100367427 -0.022376737 0.999720156 0.007689178 0.047033817 0.028747825 -0.007044499 0.999562025 41.674163818
0.999385118 0.026253629 -0.023242544 -1.120798588 -0.026075602 0.999628663 0.007929753 0.049789157 0.023442077 -0.007318814 0.999698520 42.258701324
0.999395132 0.030176731 -0.017285651 -1.138758659 -0.030010875 0.999501884 0.009775323 0.056401674 0.017572006 -0.009250652 0.999802947 42.821353912
0.999328494 0.035041355 -0.010709189 -1.153146744 -0.034923896 0.999329865 0.010965432 0.058743175 0.011086235 -0.010584062 0.999882638 43.368442535
0.999259830 0.038288832 -0.003705229 -1.158500314 -0.038247533 0.999211609 0.010641041 0.060462996 0.004109720 -0.010491448 0.999936640 43.902072906
0.999122739 0.041722871 0.003596643 -1.161871195 -0.041759014 0.999071002 0.010638404 0.061413527 -0.003149459 -0.010779263 0.999937057 44.405590057
0.998871863 0.046181370 0.011060918 -1.160658360 -0.046294231 0.998875976 0.010174599 0.065161951 -0.010578632 -0.010675176 0.999887168 44.896301270
0.998552203 0.050462924 0.018630324 -1.157344222 -0.050608624 0.998690844 0.007433405 0.067005292 -0.018230848 -0.008365496 0.999798894 45.356662750
0.998267174 0.052492891 0.026594147 -1.146527767 -0.052625090 0.998605072 0.004295327 0.069774792 -0.026331602 -0.005687402 0.999637127 45.797420502
0.998004019 0.052965730 0.034391031 -1.131626129 -0.053138301 0.998578668 0.004122886 0.069340877 -0.034123801 -0.005942137 0.999399960 46.210536957
0.997734189 0.052277479 0.042350762 -1.110447764 -0.052555066 0.998603106 0.005467155 0.070349731 -0.042005815 -0.007680513 0.999087870 46.613990784
0.997279525 0.053870708 0.050314516 -1.090536475 -0.054249793 0.998508155 0.006198411 0.070916384 -0.049905568 -0.008911099 0.998714149 46.989559174
0.996627748 0.056940112 0.059084371 -1.070939779 -0.057418630 0.998329461 0.006431706 0.070611723 -0.058619477 -0.009802559 0.998232245 47.341056824
0.995791733 0.061654795 0.067804910 -1.050139666 -0.062202744 0.998045504 0.005998029 0.068635300 -0.067302607 -0.010190438 0.997680545 47.669845581
0.994914055 0.065315314 0.076680750 -1.027132154 -0.065973662 0.997802854 0.006081352 0.066857912 -0.076115087 -0.011109331 0.997037172 47.967521667
0.994192839 0.064641431 0.086036481 -0.997279048 -0.065465115 0.997831821 0.006784026 0.064383894 -0.085411437 -0.012377016 0.996268928 48.246589661
0.993306696 0.063379347 0.096566483 -0.961580932 -0.064171918 0.997925758 0.005120995 0.060567591 -0.096041635 -0.011283573 0.995313406 48.510189056
0.992171824 0.062063053 0.108366951 -0.923504949 -0.062500946 0.998044729 0.000645792 0.059588864 -0.108114995 -0.007413773 0.994110763 48.773620605
0.990535736 0.062967293 0.121960156 -0.895303845 -0.063012190 0.998006642 -0.003492502 0.061803237 -0.121936977 -0.004225530 0.992528856 49.031906128
0.988416195 0.064782761 0.137247220 -0.850327015 -0.064630613 0.997893691 -0.005569309 0.057254661 -0.137318954 -0.003365577 0.990521193 49.280971527
0.985941172 0.066237368 0.153404042 -0.802768469 -0.065961145 0.997798324 -0.006895103 0.055457398 -0.153523028 -0.003320540 0.988139510 49.535842896
0.983129978 0.066729680 0.170301959 -0.749954641 -0.066313230 0.997765601 -0.008138907 0.052777156 -0.170464560 -0.003291668 0.985358298 49.785614014
0.979893923 0.065940827 0.188308045 -0.689758658 -0.065371342 0.997818232 -0.009240160 0.049126349 -0.188506514 -0.003255574 0.982066512 50.026496887
0.976069748 0.064769447 0.207588390 -0.621802509 -0.064164490 0.997892678 -0.009653513 0.047141161 -0.207776189 -0.003897301 0.978168607 50.270267487
0.971563935 0.064906359 0.227707952 -0.549522042 -0.064087600 0.997883737 -0.010995737 0.045629654 -0.227939740 -0.003910195 0.973667324 50.514854431
0.966272950 0.066860966 0.248689398 -0.474126726 -0.065618336 0.997756243 -0.013292640 0.043871798 -0.249020159 -0.003474270 0.968491971 50.757061005
0.960063815 0.068147488 0.271355003 -0.390639305 -0.066442080 0.997670233 -0.015478190 0.041129738 -0.271777600 -0.003169345 0.962354720 50.998027802
0.952790856 0.069169201 0.295643926 -0.297956079 -0.067263730 0.997596741 -0.016623728 0.035800479 -0.296083242 -0.004047181 0.955153406 51.238750458
0.944260120 0.071920782 0.321248293 -0.199281037 -0.069993153 0.997392833 -0.017561289 0.030270217 -0.321673781 -0.005902761 0.946832001 51.482246399
0.934366405 0.074081831 0.348527700 -0.094166085 -0.072090350 0.997222781 -0.018699475 0.023786539 -0.348945051 -0.007653325 0.937111795 51.720035553
0.923189938 0.074801929 0.376994997 0.022090718 -0.072597027 0.997159243 -0.020076079 0.014249711 -0.377425820 -0.008834684 0.925997555 51.953094482
0.910544574 0.072998248 0.406915277 0.156620413 -0.070001319 0.997298241 -0.022269260 0.005791633 -0.407441527 -0.008207453 0.913194239 52.183917999
0.895662725 0.070337579 0.439136744 0.300434351 -0.066034414 0.997501850 -0.025088508 -0.002185223 -0.439804375 -0.006527303 0.898069680 52.408168793
0.878346264 0.069889024 0.472888529 0.453656226 -0.063478984 0.997546315 -0.029522799 -0.009106274 -0.473791540 -0.004087251 0.880627334 52.628925323
0.858772218 0.071954973 0.507279992 0.610218227 -0.063054465 0.997405469 -0.034731977 -0.017507207 -0.508462965 -0.002159421 0.861080945 52.844253540
0.836953878 0.073933154 0.542256713 0.783009052 -0.062643290 0.997262478 -0.039282501 -0.027728982 -0.543676555 -0.001091112 0.839293897 53.062316895
0.812345624 0.076946788 0.578077853 0.969794750 -0.063838303 0.997033119 -0.043004092 -0.038366918 -0.579671741 -0.001969333 0.814847469 53.282131195
0.784976244 0.080827728 0.614230752 1.180637479 -0.066645987 0.996716261 -0.045987219 -0.051936857 -0.615930676 -0.004837160 0.787785232 53.513763428
0.755095720 0.085120291 0.650065541 1.408702612 -0.070281573 0.996331513 -0.048823822 -0.067728586 -0.651836634 -0.008820985 0.758307874 53.744308472
0.722105682 0.086360671 0.686371267 1.662113428 -0.070169292 0.996203601 -0.051521890 -0.083571658 -0.688214898 -0.010957953 0.725423932 53.971611023
0.685648561 0.084134221 0.723054528 1.945796490 -0.066711642 0.996380687 -0.052677844 -0.101382174 -0.724869370 -0.012117678 0.688779473 54.194358826
0.646647155 0.082990490 0.758261442 2.256164074 -0.063954994 0.996462286 -0.054520205 -0.119711883 -0.760103345 -0.013239283 0.649666965 54.414127350
0.604284585 0.082782008 0.792456686 2.588565350 -0.062031779 0.996457100 -0.056790300 -0.136642531 -0.794350028 -0.014840006 0.607278585 54.629680634
0.558499217 0.082588613 0.825383544 2.944795847 -0.058353718 0.996477783 -0.060223132 -0.156768307 -0.827449799 -0.014529635 0.561351240 54.830669403
0.510439575 0.081511155 0.856041789 3.323988438 -0.055304132 0.996548116 -0.061913256 -0.182115644 -0.858133137 -0.015739683 0.513185382 55.020534515
0.461944968 0.079583041 0.883330941 3.726531982 -0.053577818 0.996651113 -0.061773546 -0.207810685 -0.885288537 -0.018790979 0.464661717 55.197559357
0.412369400 0.077504203 0.907714069 4.154330730 -0.053552341 0.996713877 -0.060774788 -0.232053488 -0.909441113 -0.023548560 0.415164709 55.362335205
0.362305939 0.077172555 0.928858995 4.591216087 -0.056501031 0.996552050 -0.060758170 -0.252205253 -0.930344880 -0.030468451 0.365417004 55.511211395
0.313152283 0.077478327 0.946537375 5.049983978 -0.054115079 0.996503055 -0.063664779 -0.275083631 -0.948159695 -0.031285178 0.316249907 55.639450073
0.266206741 0.074347444 0.961044550 5.534213066 -0.042890009 0.996947110 -0.065244451 -0.305655807 -0.962961018 -0.023850705 0.268582761 55.734622955
0.222196504 0.068870604 0.972566605 6.037850857 -0.029607844 0.997518718 -0.063873179 -0.332472026 -0.974551976 -0.014603215 0.223684266 55.807270050
0.180057257 0.068055488 0.981299162 6.552637577 -0.020376138 0.997647762 -0.065450475 -0.359595895 -0.983444810 -0.008210268 0.181020439 55.867713928
0.141694725 0.069717042 0.987452447 7.073233604 -0.016906379 0.997541845 -0.068003364 -0.385188103 -0.989765763 -0.007058540 0.142525122 55.921688080
0.109124586 0.070437446 0.991529405 7.615987778 -0.008170136 0.997516096 -0.069963522 -0.422092319 -0.993994236 -0.000466206 0.109429084 55.955524445
0.080270693 0.068843283 0.994392991 8.174217224 -0.001068185 0.997617483 -0.068980254 -0.462904572 -0.996772289 0.004474881 0.080153063 55.978466034
0.055390649 0.067140743 0.996204853 8.741293907 0.006076652 0.997695506 -0.067579031 -0.498420537 -0.998446047 0.009796817 0.054855093 55.993412018
0.035462495 0.066358246 0.997165501 9.316112518 0.010884069 0.997708321 -0.066781394 -0.526353061 -0.999311447 0.013221432 0.034659069 56.000106812
0.019550527 0.068164282 0.997482538 9.905757904 0.013559638 0.997563481 -0.068435527 -0.560375333 -0.999716640 0.014863431 0.018578703 56.003501892
0.006121339 0.067821778 0.997678638 10.490726471 0.014315325 0.997589290 -0.067903481 -0.597063899 -0.999878466 0.014697733 0.005135791 56.002094269
-0.005440257 0.068763509 0.997618139 11.092160225 0.015196067 0.997523487 -0.068674065 -0.633790314 -0.999869406 0.014786245 -0.006471614 55.996612549
-0.014486120 0.071701907 0.997320890 11.708204269 0.019949598 0.997247875 -0.071406834 -0.668926954 -0.999695718 0.018861718 -0.015876567 55.980056763
-0.020954009 0.073798701 0.997052968 12.332779884 0.024155706 0.997018337 -0.073288418 -0.703539908 -0.999488235 0.022548808 -0.022674080 55.956871033
-0.025491301 0.073260121 0.996987045 12.972321510 0.024492657 0.997057676 -0.072639011 -0.739831507 -0.999374628 0.022567173 -0.027210519 55.937789917
-0.029162837 0.070507184 0.997084856 13.624472618 0.022116758 0.997310638 -0.069876216 -0.780024290 -0.999329627 0.020014470 -0.030643683 55.923965454
-0.031667493 0.063764431 0.997462392 14.302474976 0.020012530 0.997803450 -0.063150816 -0.818538547 -0.999297738 0.017961893 -0.032873906 55.907043457
-0.032923639 0.058153085 0.997764647 14.979548454 0.021132158 0.998123288 -0.057476625 -0.853673220 -0.999234080 0.019192552 -0.034090634 55.887020111
-0.033385277 0.055646971 0.997892201 15.668362617 0.023708243 0.998212039 -0.054871570 -0.892048359 -0.999160886 0.021826338 -0.034644760 55.859161377
-0.033069570 0.057868697 0.997776330 16.359823227 0.026873555 0.998013079 -0.056991689 -0.932642281 -0.999091268 0.024929076 -0.034558881 55.831653595
-0.032268595 0.065260433 0.997346401 17.054523468 0.027755221 0.997539937 -0.064375035 -0.971121192 -0.999093354 0.025604250 -0.034000408 55.813308716
-0.030037215 0.073299669 0.996857524 17.766586304 0.028438134 0.996966600 -0.072450742 -1.008048177 -0.999143660 0.026172522 -0.032030486 55.789062500
-0.027904980 0.074120209 0.996858776 18.478351593 0.029099183 0.996884882 -0.073307529 -1.045867085 -0.999186397 0.026962105 -0.029974768 55.772129059
-0.025734980 0.069878846 0.997223437 19.209518433 0.028345393 0.997203827 -0.069145925 -1.088962078 -0.999266326 0.026487192 -0.027643641 55.758728027
-0.023303954 0.063421384 0.997714698 19.948450089 0.027700929 0.997643590 -0.062769800 -1.137956738 -0.999344051 0.026174812 -0.025005752 55.745029449
-0.020506175 0.061880909 0.997872829 20.685478210 0.025769420 0.997783899 -0.061345797 -1.182951450 -0.999457061 0.024456609 -0.022055250 55.738689423
-0.016747747 0.067292668 0.997592688 21.411104202 0.033575408 0.997207820 -0.066702999 -1.227439404 -0.999295294 0.032377426 -0.018960247 55.716587067
-0.013510748 0.073003516 0.997240186 22.144384384 0.035253756 0.996745884 -0.072489686 -1.271266341 -0.999286473 0.034177039 -0.016040318 55.705806732
-0.011019878 0.073628448 0.997224867 22.869310379 0.029281823 0.996881425 -0.073279493 -1.316103816 -0.999509811 0.028393004 -0.013141377 55.711017609
-0.007984910 0.070115730 0.997506917 23.601898193 0.024543930 0.997251868 -0.069901310 -1.364184618 -0.999666214 0.023924559 -0.009683775 55.720073700
-0.003220085 0.066389017 0.997788668 24.334638596 0.028486812 0.997394860 -0.066270873 -1.418053508 -0.999588311 0.028210392 -0.005102803 55.714962006
0.000421178 0.067412473 0.997725129 25.067924500 0.033125788 0.997176647 -0.067389384 -1.468605638 -0.999450445 0.033078782 -0.001813000 55.710643768
0.003046955 0.072062150 0.997395515 25.799144745 0.032728493 0.996858537 -0.072123326 -1.516433954 -0.999459028 0.032862976 0.000678998 55.717529297
0.006987645 0.072890975 0.997315466 26.521329880 0.029028958 0.996904612 -0.073064327 -1.559690595 -0.999553502 0.029461544 0.004850166 55.732646942
0.010825686 0.072746515 0.997291744 27.259973526 0.028332820 0.996927321 -0.073027484 -1.602860093 -0.999539256 0.029046629 0.008731406 55.739543915
0.014417349 0.069733642 0.997461498 28.003412247 0.032245003 0.997013807 -0.070168406 -1.652667046 -0.999375343 0.033174757 0.012125831 55.748901367
0.018078025 0.070177384 0.997370780 28.739332199 0.036562342 0.996820152 -0.070801347 -1.704342604 -0.999167144 0.037746124 0.015454782 55.759025574
0.021663878 0.071159765 0.997229695 29.473859787 0.039292820 0.996632457 -0.071970738 -1.753535628 -0.998992145 0.040743094 0.018794946 55.770965576
0.024448318 0.070972085 0.997178674 30.216703415 0.039888114 0.996613145 -0.071909785 -1.804141283 -0.998904288 0.041533612 0.021534663 55.790657043
0.028020486 0.069569990 0.997183502 30.973070145 0.041259062 0.996644437 -0.070691742 -1.853287339 -0.998754799 0.043123633 0.025056155 55.814247131
0.031809375 0.068692848 0.997130632 31.727014542 0.043227937 0.996607304 -0.070035800 -1.905068755 -0.998557985 0.045331657 0.028732087 55.835197449
0.034633789 0.069215223 0.997000396 32.468837738 0.041464534 0.996640265 -0.070630610 -1.950370073 -0.998538792 0.043786321 0.031647533 55.869464874
0.037755780 0.070903040 0.996768415 33.208663940 0.038675111 0.996628463 -0.072358027 -1.999862194 -0.998537540 0.041282024 0.034886379 55.903594971
0.040390663 0.070950948 0.996661723 33.961940765 0.040295359 0.996548355 -0.072575890 -2.049428463 -0.998370349 0.043092191 0.037392329 55.935264587
0.043050561 0.070895791 0.996554255 34.716983795 0.037969243 0.996642113 -0.072542302 -2.096836805 -0.998350382 0.040961362 0.040214218 55.973667145
0.045246657 0.071284831 0.996429205 35.471446991 0.036293533 0.996674716 -0.072950445 -2.146086931 -0.998315573 0.039464664 0.042509094 56.016334534
0.047930073 0.071499497 0.996288359 36.225688934 0.033249140 0.996767521 -0.073133469 -2.197726727 -0.998296380 0.036630984 0.045397915 56.061199188
0.051116619 0.073499054 0.995984375 36.985435486 0.031859700 0.996660352 -0.075184077 -2.247807026 -0.998183668 0.035574879 0.048604313 56.106391907
0.054457914 0.077090792 0.995535612 37.739040375 0.030775432 0.996411741 -0.078842126 -2.301024914 -0.998040915 0.034931581 0.051890064 56.150444031
0.057843935 0.079258114 0.995174408 38.498153687 0.030748840 0.996228933 -0.081129372 -2.356950045 -0.997851253 0.035293262 0.055188768 56.198516846
0.060541600 0.081638761 0.994821489 39.265949249 0.024554351 0.996226072 -0.083248347 -2.412317514 -0.997862935 0.029467151 0.058308590 56.257408142
0.063138545 0.080919914 0.994718730 40.036926270 0.020808959 0.996383846 -0.082376197 -2.467938662 -0.997787118 0.025900142 0.061226416 56.314846039
0.067001149 0.081398681 0.994426966 40.804859161 0.022866424 0.996279359 -0.083090968 -2.529240131 -0.997490168 0.028306143 0.064890616 56.368778229
0.070860431 0.082723953 0.994050026 41.585407257 0.021853877 0.996186972 -0.084459633 -2.590539217 -0.997246146 0.027708659 0.068782456 56.425643921
0.074501246 0.084000900 0.993676662 42.369041443 0.017618045 0.996179283 -0.085533381 -2.648074865 -0.997064590 0.023878952 0.072736725 56.495330811
0.078664601 0.082192250 0.993507028 43.162578583 0.016513176 0.996351004 -0.083735019 -2.708000183 -0.996763647 0.022992905 0.077020355 56.560844421
0.083555870 0.082025014 0.993121386 43.954082489 0.016982881 0.996344388 -0.083720043 -2.773977757 -0.996357679 0.023861330 0.081857443 56.629760742
0.088683814 0.085783124 0.992358863 44.752063751 0.013484085 0.996089637 -0.087310627 -2.836058855 -0.995967805 0.021124059 0.087180361 56.704929352
0.094791047 0.094308011 0.991019845 45.543579102 0.011876957 0.995324314 -0.095853642 -2.901647568 -0.995425582 0.020856338 0.093227789 56.787708282
0.102072507 0.099066317 0.989831686 46.333724976 0.010093553 0.994874299 -0.100611843 -2.968885899 -0.994724989 0.020260593 0.100549430 56.873786926
0.109516181 0.102036521 0.988733768 47.127223969 0.005926661 0.994632185 -0.103301667 -3.040697336 -0.993966579 0.017173067 0.108323619 56.969841003
0.116497904 0.100526370 0.988090217 47.934898376 0.002210342 0.994835615 -0.101473205 -3.113975525 -0.993187726 0.014005408 0.115674093 57.075069427
0.124077782 0.098886326 0.987332642 48.735305786 0.002069433 0.994993806 -0.099913649 -3.187493324 -0.992269576 0.014440258 0.123252004 57.177589417
0.131203756 0.095607556 0.986734211 49.537109375 0.001856294 0.995313048 -0.096685581 -3.253719807 -0.991352916 0.014517155 0.130411357 57.300281525
0.138665348 0.090285346 0.986215055 50.338363647 0.000121055 0.995833874 -0.091182917 -3.321758032 -0.990338504 0.012763274 0.138076767 57.427471161
0.145745069 0.083105013 0.985825360 51.142723083 -0.002567180 0.996493697 -0.083624788 -3.389540195 -0.989318073 0.009657087 0.145447433 57.555946350
0.153282002 0.080332845 0.984911680 51.951019287 -0.002302368 0.996716201 -0.080937326 -3.458203316 -0.988179028 0.010138582 0.152963653 57.691600800
0.160757974 0.082147762 0.983569205 52.741847992 -0.002576966 0.996561587 -0.082811669 -3.525670052 -0.986989737 0.010777988 0.160416946 57.819034576
0.166510612 0.088872217 0.982026279 53.522678375 -0.002027489 0.995958388 -0.089789242 -3.588061571 -0.986036837 0.012959789 0.166017860 57.960788727
0.171513051 0.092462704 0.980833113 54.301860809 -0.003517310 0.995636821 -0.093243137 -3.655722380 -0.985174835 0.012542497 0.171089947 58.106571198
0.176543146 0.095374942 0.979661047 55.067897797 -0.004962899 0.995367706 -0.096009642 -3.728189468 -0.984279692 0.012087863 0.176198691 58.250606537
0.181866124 0.094915271 0.978731513 55.828926086 -0.007038019 0.995430410 -0.095226832 -3.794678450 -0.983297408 0.010430181 0.181703091 58.398193359
0.187247321 0.091877736 0.978006363 56.584850311 -0.002897338 0.995663285 -0.092981711 -3.862705708 -0.982307851 0.014576938 0.186701491 58.542469025
0.191805407 0.085243717 0.977723777 57.341831207 -0.001865738 0.996250451 -0.086492896 -3.925836563 -0.981430471 0.014765604 0.191245258 58.695430756
0.195118979 0.078926645 0.977598429 58.083644867 -0.003533968 0.996806562 -0.079771996 -3.991509199 -0.980772436 0.012110204 0.194774792 58.852073669
0.198289156 0.075688332 0.977216542 58.823341370 -0.007212040 0.997099340 -0.075764813 -4.052672386 -0.980116248 0.007975592 0.198259845 59.011486053
0.201360121 0.075615562 0.976594031 59.550537109 -0.008747737 0.997114658 -0.075400680 -4.111440182 -0.979477465 0.006639678 0.201440573 59.174259186
0.203243569 0.077706397 0.976039529 60.263175964 -0.010590882 0.996961653 -0.077166632 -4.165997505 -0.979070187 0.005346477 0.203449011 59.338340759
0.204521388 0.082069546 0.975415289 60.958396912 -0.014542021 0.996623576 -0.080804765 -4.221240520 -0.978753328 0.002341769 0.205024272 59.501419067
0.206492677 0.086219773 0.974641562 61.646053314 -0.015717320 0.996273398 -0.084803350 -4.278119564 -0.978321195 0.002192492 0.207078293 59.655357361
0.208609566 0.091559425 0.973703325 62.318794250 -0.016262021 0.995794833 -0.090152629 -4.332883835 -0.977863073 0.002972292 0.209221274 59.804920197
0.210179865 0.093671456 0.973164618 62.991329193 -0.015605118 0.995593786 -0.092459954 -4.388804436 -0.977537513 0.004246848 0.210715517 59.953693390
0.211568192 0.093640611 0.972866714 63.658042908 -0.017963855 0.995603800 -0.091922440 -4.447340488 -0.977197409 0.001971405 0.212320253 60.109249115
0.211982653 0.090531610 0.973070741 64.317764282 -0.017909307 0.995892286 -0.088753253 -4.509792805 -0.977108538 0.001387104 0.212733284 60.261322021
0.212704778 0.088015519 0.973144054 64.964820862 -0.017854327 0.996118307 -0.086190842 -4.568178177 -0.976952553 0.000958349 0.213450626 60.406608582
0.212657258 0.086742982 0.973268688 65.610466003 -0.016586054 0.996228456 -0.085165195 -4.620932102 -0.976985216 0.001968287 0.213293999 60.548004150
0.211064905 0.086143702 0.973668456 66.238327026 -0.016825531 0.996281326 -0.084496945 -4.674636364 -0.977326334 0.001451830 0.211729512 60.690864563
0.209508687 0.086921148 0.973935485 66.853431702 -0.017886221 0.996214747 -0.085061841 -4.728857994 -0.977642298 0.000401148 0.210270420 60.826675415
0.207455412 0.089635544 0.974128902 67.450942993 -0.018533850 0.995974243 -0.087698534 -4.784635067 -0.978068054 0.000139155 0.208281621 60.953983307
0.205366835 0.093475208 0.974210620 68.046455383 -0.016708080 0.995617807 -0.092007034 -4.840615273 -0.978541613 0.002617982 0.206028745 61.080680847
0.203829408 0.093953468 0.974487484 68.635406494 -0.014410864 0.995564103 -0.092971206 -4.892569065 -0.978899539 0.004907036 0.204279274 61.198780060
0.201673537 0.092905357 0.975036383 69.221076965 -0.015020169 0.995667040 -0.091764338 -4.940361023 -0.979336798 0.003861205 0.202195242 61.320755005
0.199147269 0.089977697 0.975829840 69.804595947 -0.015228331 0.995939374 -0.088724054 -4.992464542 -0.979850411 0.002808870 0.199708924 61.443885803
0.197025299 0.086034931 0.976615846 70.372726440 -0.014983442 0.996289551 -0.084745206 -5.048794270 -0.980283082 0.002063861 0.197583452 61.559726715
0.195286289 0.084923618 0.977062285 70.934867859 -0.011318810 0.996372342 -0.084339619 -5.103064060 -0.980680168 0.005411168 0.195539206 61.669418335
0.193619058 0.086360008 0.977268159 71.484756470 -0.007541424 0.996219397 -0.086540490 -5.148902893 -0.981047034 0.009385874 0.193538442 61.773838043
0.191292718 0.088354066 0.977548003 72.036750793 -0.003236801 0.995991349 -0.089387543 -5.194229126 -0.981526911 0.013935038 0.190811977 61.876338959
0.189637795 0.090330251 0.977689803 72.577369690 -0.003784835 0.995818555 -0.091270976 -5.238031864 -0.981846035 0.013608012 0.189186826 61.981758118
0.188421234 0.093062341 0.977668822 73.115760803 -0.004060916 0.995565176 -0.093983136 -5.283648491 -0.982079089 0.013738168 0.187963650 62.087734222
0.187054902 0.091400728 0.978087842 73.659210205 -0.002489877 0.995702684 -0.092570536 -5.336316586 -0.982345521 0.014880436 0.186478749 62.193740845
0.187817708 0.089904182 0.978080332 74.201805115 0.003438961 0.995735407 -0.092187300 -5.382227898 -0.982197046 0.020677967 0.186707661 62.290100098
0.190027237 0.088048495 0.977822363 74.757003784 0.008509941 0.995784938 -0.091319650 -5.426717758 -0.981741130 0.025674410 0.188477054 62.395046234
0.192035764 0.087375239 0.977490306 75.302093506 0.011347393 0.995764136 -0.091237880 -5.474071503 -0.981321514 0.028612882 0.190230936 62.503364563
0.195458025 0.087047689 0.976841033 75.848815918 0.008778727 0.995857537 -0.090498738 -5.524357319 -0.980671942 0.026264105 0.193884283 62.614765167
0.200839162 0.087779917 0.975683272 76.397750854 0.007472225 0.995810747 -0.091128774 -5.572214127 -0.979594886 0.025592729 0.199341983 62.736362457
0.207515538 0.086780816 0.974374652 76.980049133 0.008666542 0.995854795 -0.090539567 -5.616428375 -0.978192449 0.027232805 0.205903366 62.869865417
0.215212613 0.087255798 0.972661018 77.544761658 0.006699461 0.995844662 -0.090817809 -5.660134315 -0.976543367 0.026061423 0.213733852 63.000576019
0.223646477 0.085078411 0.970949769 78.115905762 0.007184781 0.996011674 -0.088929266 -5.708474159 -0.974642992 0.026864760 0.222143322 63.138927460
0.232565135 0.084709853 0.968884528 78.690338135 0.003734682 0.996114254 -0.087986916 -5.760291100 -0.972572803 0.024081144 0.231345162 63.288902283
0.242174596 0.084438823 0.966551125 79.272003174 0.002789432 0.996140659 -0.087722600 -5.807128429 -0.970227897 0.023940293 0.241004497 63.446952820
0.251708210 0.088374399 0.963759542 79.856346130 -0.002562421 0.995879114 -0.090650342 -5.853376389 -0.967799008 0.020347858 0.250897467 63.616687775
0.261209846 0.090568446 0.961023569 80.442779541 -0.006149922 0.995724142 -0.092167020 -5.902798653 -0.965261698 0.018164692 0.260650009 63.785423279
0.271964550 0.093264900 0.957776904 81.041549683 -0.010381113 0.995518327 -0.093992189 -5.956679344 -0.962250471 0.015619736 0.271713972 63.970394135
0.282151937 0.095034942 0.954650879 81.650108337 -0.011818114 0.995349824 -0.095593512 -6.011911869 -0.959296167 0.015689706 0.281963110 64.161354065
0.292064548 0.095956743 0.951572537 82.268463135 -0.015177395 0.995293379 -0.095707104 -6.066815376 -0.956277490 0.013510242 0.292146355 64.360710144
0.302442789 0.096247241 0.948295593 82.893089294 -0.015938891 0.995260000 -0.095930375 -6.122025967 -0.953033566 0.013898651 0.302543342 64.571830750
0.312445730 0.097419523 0.944926858 83.534858704 -0.020681316 0.995188892 -0.095762923 -6.179561615 -0.949709713 0.010378364 0.312957346 64.798416138
0.322934777 0.092527851 0.941887140 84.185020447 -0.020212699 0.995656312 -0.090879761 -6.232757568 -0.946204662 0.010310131 0.323402315 65.027832031
0.333883494 0.085361302 0.938741148 84.844596863 -0.016404545 0.996266186 -0.084757440 -6.286544800 -0.942470908 0.012899460 0.334037125 65.265022278
0.345105380 0.080798149 0.935079455 85.507217407 -0.014850409 0.996632576 -0.080635957 -6.344857216 -0.938445747 0.013941565 0.345143139 65.508956909
0.355443299 0.077629097 0.931468427 86.180023193 -0.015685480 0.996899784 -0.077096596 -6.397907734 -0.934565485 0.012792914 0.355558991 65.771423340
0.364982128 0.075200908 0.927972257 86.865020752 -0.009687042 0.996984899 -0.076983422 -6.445088387 -0.930963397 0.019108243 0.364610136 66.035293579
0.373709261 0.069737196 0.924920380 87.554893494 -0.003359107 0.997264385 -0.073834479 -6.492137909 -0.927539051 0.024485696 0.372921199 66.305015564
0.380832940 0.060562581 0.922658145 88.270133972 0.005653001 0.997681081 -0.067820251 -6.537790298 -0.924625874 0.031043943 0.379607439 66.589393616
0.387887537 0.056149177 0.919994652 89.000488281 0.011053381 0.997787178 -0.065557241 -6.588960648 -0.921639740 0.035597857 0.386408538 66.891586304
0.395311892 0.055959750 0.916840613 89.714447021 0.013114588 0.997696519 -0.066549316 -6.646670818 -0.918452680 0.038331687 0.393667340 67.200813293
0.402634054 0.062190786 0.913245797 90.419479370 0.015341576 0.997090280 -0.074664220 -6.693598270 -0.915231824 0.044072956 0.400508344 67.512573242
0.409906000 0.066427872 0.909705520 91.122299194 0.019096080 0.996500611 -0.081370205 -6.739050865 -0.911927223 0.050725907 0.407202989 67.822441101
0.415188611 0.068547092 0.907149076 91.823165894 0.017367151 0.996377945 -0.083238102 -6.794680595 -0.909568965 0.050314073 0.412494242 68.149299622
0.419588774 0.070045508 0.905007541 92.502761841 0.010702973 0.996566713 -0.082094103 -6.853357792 -0.907650590 0.044131998 0.417398453 68.484001160
0.423489273 0.073762156 0.902893007 93.187767029 0.004118607 0.996512055 -0.083342090 -6.916760445 -0.905891180 0.039013103 0.421708345 68.824600220
0.427460372 0.076820277 0.900764167 93.874473572 0.003355172 0.996240914 -0.086555004 -6.979167461 -0.904027343 0.040021010 0.425595790 69.160415649
0.431451052 0.081122205 0.898481488 94.536399841 -0.000036237 0.995949864 -0.089904964 -7.041041374 -0.902135849 0.038756993 0.429706573 69.486335754
0.434701204 0.084318995 0.896618605 95.194541931 -0.003232858 0.995746434 -0.092073642 -7.103172779 -0.900568426 0.037125841 0.433124781 69.822151184
0.438574761 0.082737513 0.894877851 95.847686768 -0.004442487 0.995939970 -0.089904070 -7.172864914 -0.898683250 0.035454132 0.437161714 70.153366089
0.442444235 0.079739645 0.893243730 96.495109558 -0.003671002 0.996191263 -0.087111324 -7.237685680 -0.896788001 0.035262767 0.441051841 70.484161377
0.445834100 0.077152140 0.891784251 97.124641418 -0.004081460 0.996442735 -0.084166057 -7.298377514 -0.895105779 0.033884279 0.444563150 70.805801392
0.449469894 0.076104373 0.890047550 97.751037598 -0.004962739 0.996560991 -0.082705662 -7.360485554 -0.893281221 0.032756593 0.448301971 71.131362915
0.452836424 0.077748440 0.888197064 98.358001709 -0.007225669 0.996477365 -0.083542757 -7.422096252 -0.891563833 0.031413347 0.451803148 71.445320129
0.455584198 0.078240037 0.886747539 98.962768555 -0.006388444 0.996391237 -0.084631890 -7.480208397 -0.890169263 0.032891978 0.454440027 71.761810303
0.457870483 0.076428361 0.885727406 99.558486938 -0.004453543 0.996481895 -0.083682917 -7.534831524 -0.889007211 0.034371272 0.456600130 72.063369751
0.459570378 0.075317450 0.884941876 100.144828796 -0.002702742 0.996511102 -0.083409436 -7.591905594 -0.888136744 0.035940692 0.458170623 72.369697571
0.461386263 0.075409167 0.883988678 100.721542358 -0.004212935 0.996555567 -0.082812786 -7.647985935 -0.887188852 0.034484453 0.460114896 72.677047729
0.463378340 0.074829966 0.882995307 101.290298462 -0.002849811 0.996548355 -0.082957484 -7.701447964 -0.886155486 0.035924289 0.461992323 72.975051880
0.466161668 0.076619849 0.881375313 101.848442078 -0.003349108 0.996387720 -0.084846698 -7.751099110 -0.884692788 0.036600415 0.464734524 73.270553589
0.469043970 0.076613478 0.879845321 102.402938843 -0.000288208 0.996242821 -0.086595193 -7.800783634 -0.883174241 0.040363334 0.467303932 73.563095093
0.472057551 0.075986795 0.878286600 102.946990967 0.001311635 0.996215880 -0.086894594 -7.855151653 -0.881566226 0.042171199 0.470171750 73.856719971
0.475393295 0.074187234 0.876639724 103.483657837 0.004301618 0.996229589 -0.086640410 -7.908346653 -0.879762292 0.044959199 0.473281950 74.143859863
0.478634596 0.073317647 0.874947488 104.005859375 0.005432267 0.996240318 -0.086453207 -7.961378574 -0.877996802 0.046132404 0.476437032 74.433486938
0.481759787 0.072963469 0.873260319 104.519821167 0.006273245 0.996214151 -0.086697377 -8.012380600 -0.876280308 0.047245447 0.479478419 74.719078064
0.485318273 0.072157830 0.871354759 105.028747559 0.007083695 0.996230721 -0.086444274 -8.061662674 -0.874308288 0.048125360 0.482978046 75.006774902
0.488633752 0.071665086 0.869540632 105.538108826 0.008773698 0.996166170 -0.087031461 -8.109362602 -0.872444332 0.050155561 0.486131877 75.298202515
0.492598206 0.072949417 0.867193818 106.033752441 0.008319892 0.996039391 -0.088514000 -8.157479286 -0.870216548 0.050816756 0.490040511 75.585639954
0.496797651 0.073104605 0.864781797 106.530738831 0.010313041 0.995877504 -0.090111360 -8.208386421 -0.867804587 0.053685602 0.493995935 75.873954773
0.501515687 0.076510228 0.861758649 107.013961792 0.008057375 0.995624781 -0.093084440 -8.258599281 -0.865110457 0.053626779 0.498705238 76.163383484
0.506775081 0.082358293 0.858135104 107.492935181 0.004429849 0.995163321 -0.098125383 -8.312984467 -0.862066388 0.053528875 0.503959477 76.459297180
0.512480557 0.089682169 0.854002655 107.968704224 -0.001260154 0.994607806 -0.103691414 -8.367994308 -0.858697295 0.052063622 0.509830534 76.757652283
0.518612385 0.096040115 0.849598289 108.435829163 -0.006573311 0.994088948 -0.108361073 -8.419938087 -0.854983568 0.050612681 0.516178489 77.050582886
0.524924517 0.100382216 0.845208466 108.904556274 -0.010177252 0.993689358 -0.111695997 -8.475152016 -0.851087272 0.050030027 0.522633851 77.357131958
0.530343711 0.100610845 0.841791332 109.387275696 -0.014264380 0.993850648 -0.109798081 -8.530878067 -0.847661972 0.046223052 0.528517902 77.671569824
0.535682380 0.099646047 0.838519335 109.873641968 -0.020622011 0.994259655 -0.104979254 -8.589723587 -0.844166934 0.038943537 0.534662604 78.005058289
0.541248262 0.097245656 0.835220456 110.367660522 -0.026809350 0.994779885 -0.098449983 -8.648944855 -0.840434551 0.030894117 0.541030288 78.350265503
0.546755314 0.095637910 0.831812203 110.865531921 -0.033208143 0.995149553 -0.092589661 -8.705514908 -0.836632848 0.023000902 0.547279537 78.704360962
0.552805424 0.093795910 0.828014493 111.364677429 -0.035834543 0.995400846 -0.088832885 -8.757305145 -0.832538724 0.019435722 0.553624392 79.047981262
0.558872938 0.097401366 0.823512912 111.868156433 -0.040848911 0.995105088 -0.089974500 -8.806643486 -0.828245819 0.016644653 0.560116351 79.411674500
0.564752936 0.101363540 0.819011033 112.380111694 -0.044647422 0.994726658 -0.092323750 -8.855497360 -0.824050665 0.015573326 0.566300690 79.787391663
0.570716739 0.104764715 0.814436197 112.899559021 -0.047653906 0.994381011 -0.094518252 -8.907896996 -0.819762409 0.015132028 0.572502553 80.173080444
0.576865911 0.106972434 0.809803724 113.426948547 -0.050081909 0.994153559 -0.095648378 -8.959937096 -0.815301359 0.014619721 0.578850985 80.565216064
