1.000000000 0.000000000 0.000000000 0.000000000 0.000000000 1.000000000 0.000000000 0.000000000 0.000000000 0.000000000 1.000000000 0.000000000
0.999996185 -0.002337347 -0.001459403 0.002108969 0.002341904 0.999992371 0.003128682 -0.025529452 0.001452079 -0.003132088 0.999994040 1.511090040
0.999992549 -0.002630451 -0.002793971 -0.005237942 0.002641958 0.999988019 0.004123280 -0.049372107 0.002783091 -0.004130631 0.999987602 3.030180454
0.999989867 -0.001427437 -0.004243377 -0.015597359 0.001444206 0.999991179 0.003951701 -0.066592008 0.004237698 -0.003957790 0.999983191 4.535860062
0.999982476 -0.001210177 -0.005776612 -0.035110381 0.001233010 0.999991477 0.003950883 -0.088440001 0.005771782 -0.003957937 0.999975502 6.024680614
0.999973595 -0.001546883 -0.007092435 -0.051655442 0.001577769 0.999989331 0.004351442 -0.109929122 0.007085629 -0.004362518 0.999965370 7.510373592
0.999958754 -0.001870010 -0.008884268 -0.067215748 0.001912888 0.999986589 0.004820337 -0.131687403 0.008875135 -0.004837133 0.999948919 9.051161766
0.999943435 -0.003832551 -0.009923455 -0.111539528 0.003870175 0.999985397 0.003775148 -0.138201475 0.009908843 -0.003813341 0.999943674 10.520228386
0.999923050 -0.004919394 -0.011388644 -0.131449685 0.004966426 0.999979258 0.004105122 -0.152909428 0.011368213 -0.004161367 0.999926746 11.998541832
0.999909043 -0.004943524 -0.012553998 -0.159816772 0.004997867 0.999978304 0.004301168 -0.183115169 0.012532464 -0.004363520 0.999911964 13.499637604
0.999896705 -0.004560719 -0.013636904 -0.189458638 0.004622254 0.999979258 0.004484384 -0.209948361 0.013616171 -0.004546954 0.999897003 14.999961853
0.999895394 -0.002856323 -0.014185279 -0.217281744 0.002929928 0.999982297 0.005170802 -0.230911538 0.014170258 -0.005211823 0.999886096 16.498729706
0.999891520 -0.001451818 -0.014663598 -0.264449984 0.001538518 0.999981344 0.005903162 -0.240180179 0.014654753 -0.005925081 0.999875188 17.939556122
0.999883175 -0.000119451 -0.015290641 -0.297438353 0.000222935 0.999976993 0.006766307 -0.251481533 0.015289481 -0.006768925 0.999860287 19.373594284
0.999876320 -0.000261002 -0.015729439 -0.327175856 0.000365374 0.999977827 0.006633009 -0.260140896 0.015727358 -0.006637936 0.999854386 20.831893921
0.999868810 0.000452478 -0.016196540 -0.368939817 -0.000343871 0.999977350 0.006707763 -0.263014883 0.016199207 -0.006701314 0.999846399 22.213449478
0.999869108 0.001278015 -0.016134417 -0.412339658 -0.001160622 0.999972701 0.007283214 -0.274816304 0.016143285 -0.007263534 0.999843359 23.648445129
0.999868035 0.002112837 -0.016114596 -0.443618149 -0.001976040 0.999961793 0.008500191 -0.284755856 0.016131939 -0.008467225 0.999834120 25.112066269
0.999869287 0.002455022 -0.015986945 -0.480903536 -0.002340792 0.999971509 0.007160012 -0.298176885 0.016004067 -0.007121652 0.999846697 26.549186707
0.999871969 0.002683622 -0.015781451 -0.515717864 -0.002603433 0.999983490 0.005099560 -0.313530236 0.015794871 -0.005057820 0.999862611 27.999652863
0.999881387 0.000762104 -0.015389315 -0.546551824 -0.000685838 0.999987364 0.004960511 -0.329541147 0.015392897 -0.004949367 0.999869466 29.438697815
0.999887526 -0.000161992 -0.015000873 -0.583222985 0.000279511 0.999969184 0.007832464 -0.350515246 0.014999137 -0.007835775 0.999857008 30.833934784
0.999886155 -0.001833538 -0.014979105 -0.609205723 0.001967806 0.999957919 0.008953994 -0.362841606 0.014962053 -0.008982452 0.999847889 32.230258942
0.999888182 -0.002745945 -0.014699338 -0.641765952 0.002870670 0.999959946 0.008470817 -0.376881301 0.014675484 -0.008512069 0.999856234 33.610469818
0.999895155 -0.002873844 -0.014192976 -0.667857051 0.002969627 0.999972880 0.006732250 -0.392599940 0.014173239 -0.006773693 0.999876738 34.984035492
0.999905169 -0.001933166 -0.013638291 -0.696875811 0.002015596 0.999979675 0.006032937 -0.403506368 0.013626346 -0.006059855 0.999888897 36.347927094
0.999916673 -0.001138380 -0.012859232 -0.722881973 0.001204321 0.999986053 0.005121420 -0.416954696 0.012853216 -0.005136480 0.999904335 37.701972961
0.999933124 -0.000601389 -0.011549336 -0.741769373 0.000673303 0.999980330 0.006223926 -0.433678955 0.011545360 -0.006231287 0.999914050 39.057163239
0.999950886 0.000132231 -0.009907547 -0.768681228 -0.000049578 0.999965131 0.008342354 -0.447095662 0.009908298 -0.008341455 0.999916255 40.374832153
0.999965370 -0.000312799 -0.008315053 -0.788649976 0.000390693 0.999955952 0.009367968 -0.459661424 0.008311749 -0.009370894 0.999921679 41.678524017
0.999981999 -0.000025577 -0.005992168 -0.809373796 0.000086024 0.999949038 0.010087877 -0.475464791 0.005991598 -0.010088213 0.999931276 42.978149414
0.999996006 -0.000508546 -0.002757563 -0.815186024 0.000534795 0.999954343 0.009526758 -0.485267788 0.002752585 -0.009528197 0.999950945 44.252990723
0.999998152 -0.001672674 0.000839723 -0.821051478 0.001666065 0.999968052 0.007808495 -0.502004325 -0.000852766 -0.007807083 0.999969304 45.514663696
0.999988914 -0.001792224 0.004320875 -0.829560697 0.001765783 0.999979734 0.006115074 -0.515589237 -0.004331756 -0.006107378 0.999972105 46.745983124
0.999964297 -0.001468117 0.008306270 -0.815230966 0.001413266 0.999977171 0.006605533 -0.526831567 -0.008315789 -0.006593560 0.999943852 48.006149292
0.999907672 -0.001190497 0.013528174 -0.802966595 0.001102713 0.999978304 0.006494495 -0.538125634 -0.013535623 -0.006478980 0.999887586 49.207370758
0.999802768 0.000259367 0.019856051 -0.786163568 -0.000369662 0.999984562 0.005551176 -0.549291015 -0.019854316 -0.005557423 0.999787629 50.411777496
0.999620259 0.002029220 0.027478231 -0.772246838 -0.002187305 0.999981225 0.005724230 -0.565842628 -0.027466113 -0.005782161 0.999606192 51.577400208
0.999355137 0.002662996 0.035804961 -0.733155310 -0.002900914 0.999974072 0.006594495 -0.577494383 -0.035786487 -0.006694112 0.999337196 52.772407532
0.998915434 0.005275803 0.046259448 -0.691908479 -0.005620373 0.999957383 0.007321703 -0.590504706 -0.046218868 -0.007573761 0.998902798 53.932914734
0.998219192 0.007785922 0.059142049 -0.636430025 -0.008237369 0.999938667 0.007393280 -0.604141891 -0.059080880 -0.007867291 0.998222411 55.081588745
0.997201145 0.010182164 0.074068591 -0.565784633 -0.010795922 0.999910474 0.007890671 -0.612717330 -0.073981643 -0.008668226 0.997222126 56.236907959
0.995860994 0.012405667 0.090038426 -0.467803061 -0.013282805 0.999869764 0.009149134 -0.621497631 -0.089913234 -0.010307230 0.995896459 57.379486084
0.994112194 0.012520979 0.107629612 -0.351223558 -0.013679052 0.999855995 0.010028211 -0.632277787 -0.107488587 -0.011441440 0.994140685 58.497039795
0.991897404 0.012045902 0.126469061 -0.215440050 -0.013321398 0.999868393 0.009244470 -0.646723032 -0.126341105 -0.010854312 0.991927683 59.591972351
0.989118338 0.011215839 0.146693677 -0.069823235 -0.012567955 0.999886513 0.008293654 -0.656222284 -0.146584064 -0.010047046 0.989147365 60.653663635
0.985797703 0.008704048 0.167711377 0.107799754 -0.010177984 0.999916673 0.007930937 -0.661239326 -0.167628437 -0.009525264 0.985804439 61.727329254
0.981916547 0.003751769 0.189277083 0.300874293 -0.005733182 0.999934256 0.009921866 -0.668585360 -0.189227477 -0.010827605 0.981873810 62.745082855
0.977178514 -0.001400709 0.212414816 0.531553030 -0.001021035 0.999935687 0.011290881 -0.676951706 -0.212417021 -0.011250091 0.977114558 63.804271698
0.971704245 -0.006636817 0.236107141 0.785895705 0.004221100 0.999933362 0.010735436 -0.686640322 -0.236162737 -0.009435038 0.971667945 64.823928833
0.965212166 -0.012526442 0.261167109 1.057034254 0.010559700 0.999904215 0.008932558 -0.693540454 -0.261254102 -0.005863968 0.965252459 65.811851501
0.957688093 -0.016087674 0.287357509 1.349867821 0.013958950 0.999857724 0.009455340 -0.700034797 -0.287468880 -0.005044058 0.957776904 66.785987854
0.949040890 -0.018508596 0.314608306 1.660135269 0.015611928 0.999809265 0.011724756 -0.706921399 -0.314765453 -0.006215633 0.949149311 67.736732483
0.939404488 -0.022789113 0.342051804 2.002305508 0.018996317 0.999715209 0.014434643 -0.710390210 -0.342283487 -0.007062247 0.939570427 68.665870667
0.928540766 -0.025921701 0.370323777 2.382565737 0.022323212 0.999652624 0.014000400 -0.715176821 -0.370558202 -0.004733128 0.928797424 69.587127686
0.916434348 -0.025259105 0.399386525 2.768147707 0.023162067 0.999680817 0.010076765 -0.720510960 -0.399513751 0.000015925 0.916727424 70.482322693
0.903342485 -0.026422074 0.428104848 3.180423260 0.027012110 0.999623895 0.004697330 -0.727007866 -0.428068191 0.007320721 0.903717041 71.341278076
0.889161348 -0.028457507 0.456707686 3.624197006 0.030868275 0.999520898 0.002183014 -0.732317388 -0.456551284 0.012156733 0.889614284 72.192512512
0.873420596 -0.028970392 0.486103624 4.079333305 0.030074025 0.999532163 0.005532914 -0.743541360 -0.486036807 0.009786538 0.873883784 73.022018433
0.855639338 -0.027418954 0.516845345 4.565435410 0.025384193 0.999616921 0.011006657 -0.746875763 -0.516949475 0.003701977 0.856008172 73.850311279
0.836023211 -0.027634082 0.547997415 5.087201118 0.023399793 0.999617696 0.014709471 -0.755523980 -0.548194766 0.000525567 0.836350799 74.648582458
0.814814329 -0.021254836 0.579331994 5.619062901 0.019186510 0.999768674 0.009694752 -0.756819725 -0.579404414 0.003215938 0.815034091 75.415756226
0.792908132 -0.014479514 0.609168887 6.185066700 0.016440203 0.999861836 0.002367073 -0.756228805 -0.609119356 0.008137994 0.793037057 76.157127380
0.770534694 -0.012201260 0.637281060 6.781539917 0.015682740 0.999876797 0.000181500 -0.758988678 -0.637205124 0.009854468 0.770631492 76.874145508
0.747282982 -0.014525956 0.664346874 7.405805111 0.016617876 0.999856710 0.003169464 -0.767032444 -0.664298177 0.008671554 0.747417688 77.568908691
0.723004282 -0.014758242 0.690685630 8.042460442 0.016904071 0.999850273 0.003669279 -0.779699862 -0.690636754 0.009022501 0.723145902 78.223411560
0.697808504 -0.012868570 0.716168582 8.695041656 0.017698335 0.999843061 0.000721205 -0.789087236 -0.716065764 0.012171738 0.697927058 78.854454041
0.671733856 -0.010466925 0.740718484 9.364994049 0.017687142 0.999841750 -0.001911363 -0.796246827 -0.740581512 0.014385129 0.671813011 79.453506470
0.644857049 -0.008088179 0.764260232 10.056922913 0.016053392 0.999866724 -0.002963703 -0.805850744 -0.764134705 0.014180144 0.644901276 80.037223816
0.616600096 -0.006604152 0.787248671 10.762411118 0.015990881 0.999863565 -0.004136846 -0.820167363 -0.787114263 0.015139592 0.616621852 80.605567932
0.588111222 -0.000140348 0.808779836 11.507586479 0.014818500 0.999834001 -0.010601896 -0.835075438 -0.808644474 0.018220011 0.588015974 81.142776489
0.558219790 0.009213306 0.829641759 12.252908707 0.013719437 0.999699116 -0.020332865 -0.854764700 -0.829579890 0.022732440 0.557925701 81.644844055
0.527534842 0.017506465 0.849352837 13.030635834 0.012798142 0.999510407 -0.028550396 -0.879431546 -0.849437237 0.025931481 0.527052760 82.128921509
0.496069580 0.022348722 0.867994964 13.830823898 0.010438485 0.999442875 -0.031698905 -0.908477783 -0.868220329 0.024785429 0.495560229 82.585159302
0.463782191 0.022096435 0.885673523 14.652726173 0.008311540 0.999536335 -0.029289503 -0.938964367 -0.885910571 0.020945273 0.463383764 83.016189575
0.431029916 0.020840880 0.902096748 15.502758026 0.003523668 0.999686599 -0.024779115 -0.974342823 -0.902331054 0.013859237 0.430821687 83.417945862
0.396641493 0.021933639 0.917711377 16.348308563 -0.000606001 0.999720454 -0.023631776 -1.012952209 -0.917973697 0.008817213 0.396544158 83.798347473
0.361626238 0.024747454 0.931994498 17.209007263 -0.007773322 0.999692798 -0.023528917 -1.047109723 -0.932291090 0.001263979 0.361707777 84.142784119
0.326005638 0.026537366 0.944995105 18.101251602 -0.012490400 0.999639511 -0.023762943 -1.076143861 -0.945285618 -0.004056518 0.326219797 84.459373474
0.289936185 0.025904316 0.956695199 19.006689072 -0.015135348 0.999632657 -0.022480013 -1.106577754 -0.956926644 -0.007962151 0.290221959 84.745124817
0.253822327 0.025401514 0.966917098 19.933822632 -0.015809717 0.999630451 -0.022110760 -1.136972427 -0.967122018 -0.009674489 0.254130304 84.991775513
0.217781812 0.024745667 0.975683570 20.861242294 -0.014956407 0.999645650 -0.022014996 -1.170334101 -0.975883305 -0.009798263 0.218074918 85.206428528
0.182493016 0.023476040 0.982926667 21.814113617 -0.012395710 0.999690235 -0.021575002 -1.196999073 -0.983129442 -0.008246795 0.182727635 85.384742737
0.148247808 0.022331562 0.988697946 22.771883011 -0.004097306 0.999750137 -0.021966845 -1.233810425 -0.988942146 -0.000794464 0.148302391 85.515869141
0.114845812 0.025750631 0.993049324 23.736509323 -0.001667515 0.999667346 -0.025729401 -1.269381046 -0.993382335 0.001298988 0.114850640 85.619201660
0.082205951 0.030644299 0.996143878 24.714580536 -0.000456179 0.999527991 -0.030710764 -1.304100633 -0.996615648 0.002070187 0.082181200 85.699218750
0.053016990 0.034480486 0.997997940 25.675704956 0.006620720 0.999369323 -0.034879591 -1.343203902 -0.998572111 0.008456681 0.052755311 85.753761292
0.027618483 0.032719214 0.999082685 26.653146744 0.008433016 0.999420702 -0.032963414 -1.381303906 -0.999583423 0.009335686 0.027326580 85.777885437
0.005105639 0.029757092 0.999543905 27.637342453 0.010034377 0.999504983 -0.029807203 -1.421015739 -0.999937057 0.010181991 0.004804514 85.786697388
-0.013810367 0.027096130 0.999537170 28.619146347 0.010412738 0.999582112 -0.026953492 -1.461529374 -0.999850810 0.010035688 -0.014086762 85.783767700
-0.030384999 0.030268198 0.999079585 29.618928909 0.012157521 0.999478281 -0.029910546 -1.500029206 -0.999464691 0.011237508 -0.030737173 85.756484985
-0.044802956 0.034906611 0.998385549 30.609352112 0.015252350 0.999296427 -0.034254018 -1.532841325 -0.998879790 0.013693055 -0.045303896 85.702598572
-0.056713328 0.039972775 0.997589707 31.594850540 0.019791005 0.999046445 -0.038906042 -1.577903032 -0.998194695 0.017536826 -0.057450421 85.646820068
-0.065441236 0.043384504 0.996912599 32.584312439 0.025198884 0.998807192 -0.041812826 -1.626684785 -0.997538626 0.022384821 -0.066456504 85.574211121
-0.071348473 0.048627488 0.996265233 33.595981598 0.028954087 0.998490512 -0.046662565 -1.680087566 -0.997031510 0.025516666 -0.072648831 85.495841980
-0.074772172 0.053470481 0.995765865 34.591224670 0.030731782 0.998210132 -0.051294118 -1.735618472 -0.996727347 0.026766310 -0.076281682 85.414764404
-0.077366367 0.057676390 0.995332897 35.593593597 0.032795466 0.997931719 -0.055277865 -1.793567061 -0.996463537 0.028365783 -0.079097979 85.330337524
-0.080086693 0.060526736 0.994948447 36.597549438 0.033001482 0.997767925 -0.058041912 -1.859957933 -0.996241748 0.028186411 -0.081905521 85.253677368
-0.082681820 0.063902214 0.994525015 37.594791412 0.033699464 0.997550011 -0.061294965 -1.928757548 -0.996006370 0.028447000 -0.084632836 85.175056458
-0.084539950 0.067598172 0.994124353 38.590835571 0.034934431 0.997283161 -0.064842217 -1.997969389 -0.995807827 0.029247431 -0.086671896 85.090179443
-0.086714149 0.069109976 0.993833065 39.613765717 0.037629381 0.997105539 -0.066054352 -2.068459749 -0.995522618 0.031669494 -0.089063853 84.995033264
-0.088919282 0.067818932 0.993727088 40.621643066 0.037802357 0.997189522 -0.064672716 -2.143702030 -0.995321512 0.031814594 -0.091233216 84.915748596
-0.091357306 0.067441732 0.993531525 41.624069214 0.037328701 0.997234046 -0.064260662 -2.219721556 -0.995118558 0.031216580 -0.093622252 84.835731506
-0.093558639 0.068815537 0.993232429 42.650852203 0.037190810 0.997153044 -0.065583996 -2.291240692 -0.994919181 0.030803185 -0.095851712 84.740898132
-0.095861554 0.071050420 0.992855430 43.661861420 0.036055654 0.997041821 -0.067868844 -2.363454103 -0.994741678 0.029292051 -0.098139882 84.638946533
-0.098644078 0.073339902 0.992416263 44.684314728 0.034372706 0.996935844 -0.070257373 -2.441902399 -0.994529188 0.027181566 -0.100862831 84.556121826
-0.100865811 0.076894566 0.991923749 45.726482391 0.032078993 0.996741116 -0.074006036 -2.525374413 -0.994382918 0.024355240 -0.103003927 84.445068359
-0.103188157 0.080981791 0.991359472 46.753002167 0.028878229 0.996503294 -0.078396164 -2.613106251 -0.994242787 0.020539148 -0.105166078 84.347160339
-0.106000878 0.083282128 0.990872025 47.779747009 0.026658962 0.996365607 -0.080892012 -2.704303503 -0.994008899 0.017840989 -0.107835978 84.256896973
-0.108865045 0.081811465 0.990684032 48.811187744 0.024652639 0.996522486 -0.079584636 -2.792454243 -0.993751109 0.015758984 -0.110503480 84.151443481
-0.111693010 0.077744879 0.990696728 49.855434418 0.021451710 0.996890545 -0.075812504 -2.878674030 -0.993511498 0.012784400 -0.113013618 84.041954041
-0.114152193 0.076041512 0.990548670 50.906558990 0.021745503 0.997017980 -0.074032232 -2.969791651 -0.993225515 0.013089025 -0.115465499 83.931121826
-0.116226763 0.076391205 0.990280449 51.937591553 0.020849803 0.997005045 -0.074462935 -3.061108589 -0.993004084 0.011992557 -0.117471553 83.815422058
-0.117403135 0.079143658 0.989925504 52.983997345 0.022143895 0.996779382 -0.077065475 -3.148666620 -0.992837667 0.012873068 -0.118777715 83.693336487
-0.118388399 0.081745334 0.989596665 54.036956787 0.022636693 0.996568084 -0.079613179 -3.241747856 -0.992709517 0.012975908 -0.119832680 83.580184937
-0.118863434 0.082433313 0.989482641 55.089351654 0.021456921 0.996527553 -0.080442742 -3.334923506 -0.992678881 0.011669538 -0.120219596 83.461044312
-0.118870579 0.080924541 0.989606261 56.130882263 0.018329179 0.996681452 -0.079301491 -3.433479071 -0.992740691 0.008712042 -0.119959518 83.351165771
-0.119092010 0.080106974 0.989646196 57.203964233 0.014630101 0.996772587 -0.078923330 -3.531006336 -0.992775619 0.005079465 -0.119879767 83.232688904
-0.119128294 0.081169695 0.989555180 58.262870789 0.010754182 0.996698976 -0.080461092 -3.624896765 -0.992820859 0.001056639 -0.119608104 83.117424011
-0.119583249 0.081174269 0.989499927 59.326557159 0.006538515 0.996694028 -0.080974318 -3.722778797 -0.992802858 -0.003213341 -0.119718805 83.006614685
-0.119956031 0.080509424 0.989509106 60.396099091 0.003279537 0.996732354 -0.080699623 -3.819694519 -0.992774010 -0.006435307 -0.119828217 82.891532898
-0.120427608 0.075332403 0.989859402 61.460971832 0.003591219 0.997142434 -0.075449817 -3.911047220 -0.992715776 -0.005531471 -0.120354146 82.780357361
-0.120787241 0.066608429 0.990440845 62.544727325 0.006808212 0.997777641 -0.066271611 -4.000833511 -0.992655218 -0.001261661 -0.120972432 82.653007507
-0.120641552 0.061212465 0.990806699 63.640350342 0.012270406 0.998111904 -0.060169797 -4.083009720 -0.992620528 0.004898603 -0.121165022 82.519279480
-0.119807795 0.063666321 0.990753174 64.730514526 0.020657849 0.997884631 -0.061626587 -4.158930779 -0.992582381 0.013083477 -0.120869718 82.374076843
-0.118688770 0.069276318 0.990511477 65.811225891 0.026115661 0.997434974 -0.066631287 -4.234893799 -0.992588282 0.017959476 -0.120193675 82.241790771
-0.117966004 0.074906074 0.990188003 66.910545349 0.029473700 0.996974766 -0.071908198 -4.318582535 -0.992580473 0.020701785 -0.119817033 82.113578796
-0.117464036 0.079232134 0.989910960 68.015884399 0.030271947 0.996633589 -0.076178178 -4.409151077 -0.992615998 0.021018341 -0.119467266 81.988166809
-0.117230505 0.076504424 0.990153193 69.129226685 0.027125796 0.996902049 -0.073814355 -4.495703697 -0.992734551 0.018205401 -0.118942723 81.861312866
-0.116525538 0.072074525 0.990568757 70.272605896 0.026469992 0.997233510 -0.069445737 -4.584046841 -0.992835224 0.018128144 -0.118111141 81.715179443
-0.116393700 0.069910429 0.990739346 71.402221680 0.024151661 0.997422874 -0.067544743 -4.669980049 -0.992909789 0.016066212 -0.117782354 81.589179993
-0.116025023 0.070914000 0.990711272 72.538848877 0.022558650 0.997377872 -0.068749353 -4.751340866 -0.992990434 0.014372454 -0.117320672 81.456054688
-0.115758650 0.075997971 0.990365446 73.663619995 0.023476847 0.996998429 -0.073762946 -4.839671612 -0.993000209 0.014711950 -0.117195539 81.328323364
-0.115206026 0.078520842 0.990233064 74.789215088 0.023314500 0.996809006 -0.076329872 -4.932563305 -0.993068278 0.014293118 -0.116669230 81.206985474
-0.114253707 0.077867284 0.990395010 75.939407349 0.023803355 0.996850908 -0.075628921 -5.021184444 -0.993166685 0.014933833 -0.115747564 81.070373535
-0.113054581 0.070914991 0.991054595 77.101348877 0.025741154 0.997322977 -0.068427168 -5.115387917 -0.993255556 0.017774884 -0.114577524 80.923171997
-0.113960318 0.069494002 0.991051555 78.251350403 0.024772599 0.997438133 -0.067093320 -5.202832699 -0.993176639 0.016904943 -0.115390085 80.797622681
-0.113658652 0.072279453 0.990886927 79.367645264 0.022663185 0.997278273 -0.070146166 -5.295713902 -0.993261576 0.014483929 -0.114987552 80.687980652
-0.113199838 0.075431213 0.990704536 80.536949158 0.022145795 0.997056782 -0.073384501 -5.383591175 -0.993325651 0.013632816 -0.114537321 80.557266235
-0.113166615 0.074794076 0.990756631 81.733863831 0.021206181 0.997116208 -0.072852015 -5.483119488 -0.993349969 0.012765737 -0.114426531 80.424880981
-0.113154352 0.071218155 0.991021514 82.916809082 0.020772971 0.997378230 -0.069303192 -5.575340748 -0.993360460 0.012744492 -0.114337280 80.293518066
-0.112250708 0.069843918 0.991222024 84.090667725 0.021568192 0.997461855 -0.067841172 -5.670726776 -0.993446052 0.013763638 -0.113472380 80.163398743
-0.111102097 0.070230536 0.991324127 85.275772095 0.023131639 0.997411251 -0.068069384 -5.758534908 -0.993539989 0.015368293 -0.112439215 80.030555725
-0.110400364 0.070609480 0.991375566 86.464653015 0.025324922 0.997348070 -0.068214722 -5.844325066 -0.993564725 0.017575575 -0.111895949 79.905082703
-0.109184228 0.070117868 0.991545141 87.650489807 0.024958726 0.997386813 -0.067782678 -5.931048393 -0.993708313 0.017346898 -0.110649139 79.774574280
-0.107947700 0.070816420 0.991630852 88.838256836 0.026144246 0.997315943 -0.068376429 -6.018227100 -0.993812859 0.018544357 -0.109509587 79.651527405
-0.106962733 0.069167025 0.991853952 89.987915039 0.026185837 0.997426212 -0.066731736 -6.099596977 -0.993918240 0.018834712 -0.108498819 79.531593323
-0.105823971 0.068343110 0.992033184 91.186935425 0.024590384 0.997509062 -0.066097245 -6.184762955 -0.994080901 0.017399797 -0.107241131 79.410812378
-0.105208240 0.068796180 0.992067337 92.394119263 0.024754515 0.997475147 -0.066546023 -6.262906075 -0.994142175 0.017556949 -0.106645800 79.300529480
-0.103807010 0.069548115 0.992162526 93.612701416 0.022660019 0.997457504 -0.067548469 -6.356474876 -0.994339347 0.015470407 -0.105119221 79.186058044
-0.102517143 0.072362579 0.992095411 94.839256287 0.023383718 0.997249067 -0.070322193 -6.440884590 -0.994456410 0.015989639 -0.103927411 79.065391541
-0.101222873 0.071368806 0.992300272 96.044212341 0.021312425 0.997349083 -0.069557928 -6.526869774 -0.994635522 0.014107458 -0.102475762 78.942604065
-0.100579105 0.069801874 0.992477179 97.276817322 0.017704077 0.997502387 -0.068361185 -6.623125553 -0.994771600 0.010695167 -0.101563863 78.819725037
-0.100882873 0.070596509 0.992390156 98.498535156 0.014886719 0.997473538 -0.069444843 -6.723068237 -0.994786978 0.007767614 -0.101679139 78.715553284
-0.100421615 0.069942825 0.992483199 99.706321716 0.011795250 0.997538447 -0.069105655 -6.815062523 -0.994875073 0.004766857 -0.100999601 78.577781677
-0.101387247 0.067174561 0.992576241 100.941642761 0.009337882 0.997736871 -0.066570036 -6.914804459 -0.994803190 0.002519175 -0.101785250 78.456245422
-0.102610849 0.065373689 0.992570698 102.160079956 0.006822644 0.997859716 -0.065016754 -7.012017727 -0.994698167 0.000100498 -0.102837443 78.331024170
-0.104342863 0.064647265 0.992437661 103.407646179 0.005143035 0.997905791 -0.064462751 -7.097670555 -0.994528055 -0.001622123 -0.104457006 78.211120605
-0.105791181 0.064860068 0.992270410 104.669967651 0.004993375 0.997891486 -0.064695150 -7.186315060 -0.994375765 -0.001889435 -0.105892174 78.075546265
-0.107681535 0.063623093 0.992147088 105.930664062 0.004487727 0.997970045 -0.063509457 -7.270720482 -0.994175255 -0.002386348 -0.107748657 77.936523438
-0.110753335 0.059056401 0.992091298 107.222869873 0.002409125 0.998244822 -0.059153795 -7.356143951 -0.993844986 -0.004161448 -0.110701412 77.804000854
-0.115092590 0.058718104 0.991617322 108.488563538 0.001759719 0.998260796 -0.058907285 -7.449181557 -0.993353188 -0.005034866 -0.114995949 77.666313171
-0.120906755 0.064537928 0.990563154 109.689514160 -0.003445289 0.997849941 -0.065433234 -7.532250404 -0.992657840 -0.011324149 -0.120424643 77.535026550
-0.127790689 0.067789845 0.989481151 110.898063660 -0.002527287 0.997634828 -0.068674877 -7.615721703 -0.991797864 -0.011276765 -0.127317324 77.383316040
-0.136666507 0.063998409 0.988547087 112.156639099 -0.000541045 0.997904837 -0.064679049 -7.709213734 -0.990616918 -0.009374357 -0.136345774 77.212928772
-0.147368208 0.061862402 0.987144649 113.412483215 0.001628265 0.998054802 -0.062303066 -7.806438923 -0.989080310 -0.007574205 -0.147182539 77.024444580
-0.160275608 0.063077465 0.985054255 114.654075623 0.002881686 0.997980535 -0.063436352 -7.891367435 -0.987068057 -0.007328729 -0.160133988 76.830894470
-0.174389347 0.063285910 0.982640386 115.873771667 0.005015689 0.997975409 -0.063383445 -7.979609013 -0.984663963 -0.006124824 -0.174354017 76.622329712
-0.188455448 0.061165158 0.980174601 117.092254639 0.005586740 0.998108029 -0.061210133 -8.069519043 -0.982065737 -0.006059446 -0.188440949 76.387832642
-0.203826442 0.063694119 0.976932287 118.309082031 0.009723993 0.997962654 -0.063036479 -8.161150932 -0.978958607 -0.003348858 -0.204030901 76.130416870
-0.218630344 0.067328595 0.973481655 119.612396240 0.010333713 0.997719407 -0.066684172 -8.250645638 -0.975752950 -0.004519545 -0.218827903 75.816627502
-0.233985007 0.071690537 0.969592929 120.762176514 0.010360390 0.997403622 -0.071246676 -8.337254524 -0.972184896 -0.006625338 -0.234120697 75.548004150
-0.250381619 0.069394998 0.965656400 121.918640137 0.006423174 0.997523606 -0.070019677 -8.432716370 -0.968125761 -0.011329113 -0.250207782 75.272933960
-0.266292125 0.063514590 0.961796880 123.096611023 0.000724498 0.997838140 -0.065694124 -8.531679153 -0.963891983 -0.016797069 -0.265762985 74.965286255
-0.281857461 0.059473209 0.957610667 124.236152649 -0.003111351 0.998013675 -0.062898308 -8.622618675 -0.959451139 -0.020707887 -0.281113118 74.647842407
-0.297172666 0.061080299 0.952867508 125.388694763 -0.004922643 0.997839093 -0.065498345 -8.706880569 -0.954810917 -0.024155015 -0.296230435 74.304527283
-0.312053680 0.063030168 0.947970748 126.546104431 -0.005178839 0.997667730 -0.068039335 -8.795673370 -0.950050235 -0.026141386 -0.311000109 73.949897766
-0.325874925 0.065325342 0.943152666 127.672897339 -0.003440112 0.997519970 -0.070279643 -8.887982368 -0.945406437 -0.026147000 -0.324842691 73.574279785
-0.339771986 0.065695293 0.938209951 128.816970825 -0.001010968 0.997529924 -0.070215166 -8.978820801 -0.940507114 -0.024805723 -0.338867009 73.161621094
-0.353818506 0.063507609 0.933154881 129.944122314 -0.001469671 0.997651756 -0.068454362 -9.076824188 -0.935312748 -0.025591929 -0.352895021 72.746116638
-0.368626207 0.062243264 0.927490890 131.086593628 -0.001702858 0.997707427 -0.067632303 -9.171794891 -0.929575920 -0.026510501 -0.367675841 72.309768677
-0.383589804 0.063592747 0.921310902 132.190032959 -0.003296132 0.997524202 -0.070225731 -9.265090942 -0.923497438 -0.029974720 -0.382431269 71.866279602
-0.398300976 0.065878876 0.914885402 133.297958374 -0.002333767 0.997339964 -0.072832331 -9.357741356 -0.917251527 -0.031144401 -0.397088528 71.386337280
-0.413313150 0.067659847 0.908071220 134.394424438 -0.001189653 0.997193217 -0.074841812 -9.452669144 -0.910587847 -0.032013480 -0.412073374 70.903877258
-0.427828670 0.070178762 0.901130676 135.466842651 0.001645602 0.997038484 -0.076866716 -9.552947044 -0.903858006 -0.031402964 -0.426677972 70.400833130
-0.442666233 0.073480427 0.893670082 136.536254883 0.001401989 0.996690691 -0.081256740 -9.656890869 -0.896685004 -0.034716785 -0.441305220 69.883537292
-0.457684636 0.075776428 0.885879040 137.592422485 0.002881388 0.996481180 -0.083748564 -9.764008522 -0.889109552 -0.035777960 -0.456293404 69.349060059
-0.472861469 0.073074996 0.878100753 138.665390015 0.001805809 0.996631861 -0.081966728 -9.870123863 -0.881134510 -0.037173316 -0.471401721 68.786643982
-0.488839328 0.068603180 0.869671583 139.748352051 -0.001000777 0.996856749 -0.079198681 -9.977610588 -0.872372806 -0.039585873 -0.487235129 68.190719604
-0.505046844 0.068648055 0.860356927 140.820724487 -0.001383608 0.996764600 -0.080344349 -10.084663391 -0.863090336 -0.041768163 -0.503318906 67.581054688
-0.521091342 0.067657553 0.850814462 141.872543335 -0.002728485 0.996714354 -0.080930836 -10.188373566 -0.853496015 -0.044493902 -0.519195676 66.955017090
-0.536450922 0.066209905 0.841329634 142.889755249 -0.003794625 0.996716738 -0.080857992 -10.300996780 -0.843922436 -0.046568993 -0.534439504 66.298461914
-0.552250385 0.065186217 0.831125200 143.946334839 -0.005652811 0.996621013 -0.081922427 -10.422405243 -0.833658516 -0.049940016 -0.550016999 65.623733521
-0.567655623 0.064464115 0.820737600 144.995315552 -0.006021711 0.996576130 -0.082440153 -10.533377647 -0.823243439 -0.051739994 -0.565325141 64.921905518
-0.582935333 0.061622523 0.810177624 146.005874634 -0.006488846 0.996733248 -0.080480970 -10.640233994 -0.812491953 -0.052172452 -0.580632567 64.213462830
-0.598124564 0.058280382 0.799280405 147.023284912 -0.006215358 0.996982992 -0.077347331 -10.749901772 -0.801378369 -0.051231280 -0.595959246 63.476879120
-0.612917721 0.056791455 0.788102388 148.020431519 -0.004971484 0.997114897 -0.075719625 -10.859472275 -0.790130436 -0.050328065 -0.610868573 62.714271545
-0.627715766 0.054981273 0.776497781 149.005355835 -0.006000422 0.997129321 -0.075454302 -10.964333534 -0.778418899 -0.052023292 -0.625585377 61.936458588
-0.642797828 0.056102540 0.763977945 149.997268677 -0.007110304 0.996832669 -0.079184793 -11.072893143 -0.766002297 -0.056332059 -0.640364468 61.132987976
-0.658028126 0.055787142 0.750923216 150.930175781 -0.008876121 0.996605814 -0.081817463 -11.179122925 -0.752940416 -0.060503621 -0.655301034 60.342891693
-0.673663080 0.052665908 0.737158895 151.881958008 -0.010623954 0.996662378 -0.080914989 -11.284773827 -0.738961577 -0.062341131 -0.670856774 59.488101959
-0.689935863 0.045090321 0.722464025 152.823059082 -0.015134487 0.996939301 -0.076674066 -11.382589340 -0.723711550 -0.063834459 -0.687143505 58.612689972
-0.706812799 0.042695250 0.706110239 153.726242065 -0.015799884 0.996973157 -0.076098166 -11.488344193 -0.707223296 -0.064943768 -0.704000592 57.740982056
-0.724164009 0.039876834 0.688473165 154.619216919 -0.017595064 0.996931493 -0.076250315 -11.593513489 -0.689402401 -0.067331620 -0.721242011 56.830760956
-0.741378903 0.036021356 0.670118392 155.519546509 -0.021077845 0.996813953 -0.076901890 -11.689336777 -0.670754611 -0.071138255 -0.738259375 55.832916260
-0.758007348 0.034155130 0.651350260 156.367706299 -0.020444058 0.996891260 -0.076066300 -11.802394867 -0.651924551 -0.070975214 -0.754954398 54.876148224
-0.773972869 0.036045074 0.632191062 157.174697876 -0.018603541 0.996651232 -0.079601116 -11.902772903 -0.632944345 -0.073370256 -0.770712316 53.900817871
-0.788641095 0.035679635 0.613816738 157.970901489 -0.015214734 0.996874750 -0.077494137 -12.013095856 -0.614664495 -0.070454270 -0.785635412 52.829242706
-0.803161561 0.036851637 0.594619453 158.739395142 -0.011266473 0.996965110 -0.077005044 -12.124430656 -0.595653713 -0.068546899 -0.800310731 51.796073914
-0.817598343 0.038194947 0.574519753 159.498870850 -0.009339756 0.996784389 -0.079559319 -12.238215446 -0.575712144 -0.070413582 -0.814614415 50.735565186
-0.831101179 0.040229574 0.554663122 160.206436157 -0.007793645 0.996437550 -0.083949462 -12.347550392 -0.556065440 -0.074093491 -0.827828825 49.685562134
-0.844093859 0.040920410 0.534630597 160.908538818 -0.004803620 0.996464491 -0.083853319 -12.465621948 -0.536172748 -0.073348388 -0.840915024 48.592556000
-0.855747581 0.039018005 0.515919089 161.578811646 -0.003588652 0.996678770 -0.081329614 -12.582358360 -0.517379940 -0.071449220 -0.852767408 47.482383728
-0.866554976 0.040641699 0.497422904 162.232833862 -0.000886067 0.996549904 -0.082966447 -12.699869156 -0.499079645 -0.072335884 -0.863531291 46.380947113
-0.876016021 0.043710757 0.480295837 162.847076416 0.002225636 0.996237993 -0.086606465 -12.812850952 -0.482275605 -0.074799843 -0.872819841 45.274471283
-0.885062635 0.041596718 0.463608265 163.451797485 0.000728186 0.996119320 -0.087985717 -12.935050011 -0.465470016 -0.077535443 -0.881660461 44.145111084
-0.893390000 0.038840380 0.447598547 164.051483154 -0.000369694 0.996190131 -0.087182567 -13.060413361 -0.449280351 -0.078053676 -0.889974236 42.992515564
-0.900704980 0.036641572 0.432881773 164.621627808 -0.001383112 0.996187627 -0.087201089 -13.188423157 -0.434427500 -0.079141356 -0.897222757 41.852928162
-0.907437563 0.034517083 0.418765187 165.173828125 -0.001979793 0.996255755 -0.086407587 -13.318894386 -0.420180589 -0.079238735 -0.903973937 40.681407928
-0.913657486 0.031873967 0.405231655 165.701980591 -0.003147348 0.996334136 -0.085464269 -13.445423126 -0.406470984 -0.079360656 -0.910210252 39.502212524
-0.919498563 0.026806947 0.392176628 166.222457886 -0.005708967 0.996653914 -0.081511095 -13.567424774 -0.393050194 -0.077188425 -0.916271269 38.340145111
-0.924695253 0.023389621 0.379987240 166.727203369 -0.006902299 0.996914625 -0.078160755 -13.683271408 -0.380643725 -0.074897826 -0.921683371 37.159580231
-0.929100394 0.023406276 0.369084448 167.216461182 -0.004675349 0.997169793 -0.075007252 -13.794362068 -0.369796216 -0.071415022 -0.926364005 35.958110809
-0.932310104 0.027530832 0.360608667 167.681198120 -0.000353742 0.997026205 -0.077033281 -13.896246910 -0.361657768 -0.071946636 -0.929530501 34.772468567
-0.934623778 0.032568101 0.354141623 168.137374878 0.004982870 0.996897221 -0.078528054 -14.007697105 -0.355600953 -0.071629710 -0.931888819 33.583881378
-0.936509907 0.035835348 0.348803133 168.579498291 0.008046113 0.996695936 -0.080795698 -14.119152069 -0.350546658 -0.072859630 -0.933706641 32.401885986
-0.938368499 0.032996133 0.344055653 169.028411865 0.005880145 0.996810377 -0.079560563 -14.232865334 -0.345584035 -0.072634198 -0.935572267 31.208417892
-0.940203071 0.025815802 0.339632630 169.476272583 0.000134990 0.997149467 -0.075420938 -14.349590302 -0.340612143 -0.070865303 -0.937529206 30.014554977
-0.942020297 0.019651748 0.334978044 169.923385620 -0.005347733 0.997275233 -0.073545106 -14.459461212 -0.335511178 -0.071072496 -0.939351141 28.796813965
-0.943656564 0.013045812 0.330667257 170.363265991 -0.012536115 0.997093797 -0.075114191 -14.561328888 -0.330686748 -0.075027436 -0.940753341 27.584716797
-0.944945216 0.010654726 0.327052951 170.795700073 -0.015692307 0.996841967 -0.077814825 -14.668801308 -0.326849759 -0.078663133 -0.941796720 26.374309540
-0.945684850 0.011287604 0.324886560 171.220413208 -0.015556895 0.996678174 -0.079911433 -14.784222603 -0.324709922 -0.080625430 -0.942370832 25.168321609
-0.945927083 0.011864159 0.324159950 171.639450073 -0.015524175 0.996527612 -0.081773885 -14.897885323 -0.324005097 -0.082384631 -0.942461252 23.964118958
-0.945843816 0.014621367 0.324290097 172.061004639 -0.013240420 0.996413708 -0.083543770 -15.012683868 -0.324349225 -0.083313294 -0.942261219 22.757919312
-0.945439577 0.015745752 0.325414240 172.481994629 -0.012630348 0.996306658 -0.084903926 -15.131896973 -0.325549841 -0.084381841 -0.941752017 21.553308487
-0.944988906 0.016874630 0.326664299 172.904235840 -0.012172128 0.996160090 -0.086671486 -15.250298500 -0.326873094 -0.085880011 -0.941158056 20.353929520
-0.944285333 0.017861141 0.328640491 173.327926636 -0.011256306 0.996187150 -0.086484544 -15.365943909 -0.328932732 -0.085365586 -0.940487027 19.150135040
-0.943508983 0.017756825 0.330868393 173.770507812 -0.011635030 0.996169209 -0.086640723 -15.489440918 -0.331139982 -0.085596174 -0.939691186 17.920015335
-0.942113280 0.016227238 0.334899396 174.201263428 -0.013878214 0.996082425 -0.087305725 -15.602130890 -0.335004717 -0.086899914 -0.938200474 16.728916168
-0.940401077 0.015065144 0.339731187 174.639038086 -0.014668563 0.996288896 -0.084783755 -15.726499557 -0.339748293 -0.084714316 -0.936693370 15.541316032
-0.938372731 0.013058780 0.345375955 175.087158203 -0.016126312 0.996540844 -0.081494436 -15.850006104 -0.345246047 -0.082041994 -0.934919357 14.357650757
-0.935783267 0.010518700 0.352416664 175.538757324 -0.018493267 0.996712029 -0.078855306 -15.959690094 -0.352088004 -0.080309004 -0.932515085 13.173437119
-0.932974696 0.012761919 0.359713405 175.997985840 -0.016724762 0.996752262 -0.078741491 -16.071054459 -0.359550714 -0.079480134 -0.929734409 11.991327286
-0.929740608 0.013512118 0.367964923 176.465713501 -0.016639594 0.996761203 -0.078646027 -16.178628922 -0.367836565 -0.079243384 -0.926507711 10.834320068
-0.925920308 0.016957778 0.377335876 176.926345825 -0.014461222 0.996665180 -0.080276705 -16.296728134 -0.377439618 -0.079786770 -0.922590435 9.705303192
-0.921768427 0.018265765 0.387308121 177.408996582 -0.013649010 0.996739626 -0.079491109 -16.399164200 -0.387498111 -0.078558974 -0.918516934 8.585100174
-0.916605294 0.019894412 0.399295777 177.905273438 -0.013781367 0.996592700 -0.081290141 -16.503826141 -0.399553329 -0.080014035 -0.913211107 7.449011326
-0.910645127 0.022273956 0.412586302 178.420608521 -0.012695796 0.996563554 -0.081822611 -16.622550964 -0.412991881 -0.079749696 -0.907236099 6.312111855
-0.904512048 0.024909742 0.425717652 178.948577881 -0.011019763 0.996591330 -0.081726588 -16.731050491 -0.426303297 -0.078614213 -0.901157558 5.197408676
-0.898052752 0.024302103 0.439213723 179.521621704 -0.011683608 0.996800184 -0.079043403 -16.847463608 -0.439730287 -0.076116957 -0.894898355 4.031451702
-0.891506433 0.027601462 0.452164322 180.095901489 -0.009381451 0.996800542 -0.079344802 -16.953344345 -0.452908754 -0.074978560 -0.888398230 2.916877508
-0.884244263 0.029973624 0.466059953 180.679763794 -0.007486910 0.996897697 -0.078318268 -17.067361832 -0.466962755 -0.072742030 -0.881279707 1.779831171
-0.876592815 0.031374123 0.480207056 181.285003662 -0.006142885 0.997059047 -0.076356195 -17.179168701 -0.481191605 -0.069883347 -0.873825192 0.662586689
-0.868298352 0.033482306 0.494909108 181.905242920 -0.003237973 0.997312903 -0.073152781 -17.291151047 -0.496029824 -0.065121129 -0.865859747 -0.440373182
-0.860005200 0.036953513 0.508943558 182.538452148 0.000738101 0.997460842 -0.071176909 -17.397542953 -0.510282815 -0.060837042 -0.857851803 -1.506560326
-0.850901306 0.040275946 0.523777604 183.221191406 0.003795949 0.997499347 -0.070536375 -17.491748810 -0.525310159 -0.058031429 -0.848929405 -2.582841873
-0.840456426 0.042692114 0.540193200 183.885147095 0.005815721 0.997542202 -0.069788828 -17.587585449 -0.541846335 -0.055513013 -0.838641942 -3.622848511
-0.829658628 0.045139458 0.556441665 184.547470093 0.008044132 0.997586250 -0.068932198 -17.687112808 -0.558211625 -0.052714247 -0.828022003 -4.613460541
-0.818456233 0.046638411 0.572671413 185.234313965 0.009202410 0.997633755 -0.068095595 -17.787849426 -0.574493766 -0.050463449 -0.816951513 -5.590995789
-0.806653082 0.049184345 0.588973701 185.944366455 0.011539480 0.997649431 -0.067508087 -17.883131027 -0.590911269 -0.047659293 -0.805327177 -6.549405575
-0.795200408 0.055157814 0.603831351 186.765472412 0.017719366 0.997539878 -0.067786783 -17.935005188 -0.606086493 -0.043204695 -0.794224024 -7.473143578
-0.780979156 0.055099148 0.622120559 187.457687378 0.018507175 0.997702539 -0.065130390 -18.039724350 -0.624281585 -0.039351895 -0.780207157 -8.390625954
-0.765892804 0.057488166 0.640391767 188.264022827 0.021599306 0.997730553 -0.063734509 -18.122703552 -0.642604232 -0.034981884 -0.765398860 -9.324796677
