1.000000000 0.000000000 0.000000000 0.000000000 0.000000000 1.000000000 0.000000000 0.000000000 0.000000000 0.000000000 1.000000000 0.000000000
0.999775171 -0.002650160 -0.021036390 -0.021867663 0.002657274 0.999996424 0.000310212 -0.004179760 0.021035494 -0.000366041 0.999778688 0.264857441
0.999090254 -0.003871431 -0.042469736 -0.051033251 0.003874780 0.999992490 -0.000003450 -0.007015923 0.042469431 -0.000161114 0.999097824 0.536469936
0.997883081 -0.006370348 -0.064721048 -0.085104138 0.006378544 0.999979615 -0.000079998 -0.008198469 0.064720243 -0.000332997 0.997903526 0.813608408
0.996035218 -0.009569348 -0.088443555 -0.122845322 0.009479660 0.999953985 -0.001434049 -0.010734665 0.088453218 0.000589949 0.996080279 1.095266104
0.993531346 -0.016816864 -0.112306274 -0.161146283 0.016560230 0.999857664 -0.003217659 -0.014731761 0.112344414 0.001337027 0.993668556 1.380161405
0.990750730 -0.023010401 -0.133729383 -0.214502722 0.022636710 0.999734402 -0.004314338 -0.018373588 0.133793160 0.001247240 0.991008639 1.680993915
0.987475872 -0.020680374 -0.156408891 -0.285375953 0.020566173 0.999785662 -0.002348616 -0.028493907 0.156423956 -0.000897531 0.987689734 1.984048843
0.983472049 -0.018872123 -0.180074185 -0.365574718 0.018963583 0.999819398 -0.001213755 -0.042572472 0.180064604 -0.002221158 0.983652413 2.285777569
0.979040742 -0.021328038 -0.202545211 -0.447107404 0.021137707 0.999771655 -0.003103008 -0.052867819 0.202565193 -0.001243370 0.979268074 2.591146946
0.974221110 -0.026759319 -0.224003226 -0.529453933 0.025899826 0.999641478 -0.006774803 -0.059119243 0.224104241 0.000798511 0.974564910 2.901845932
0.968915224 -0.033326540 -0.245138451 -0.615142167 0.031139832 0.999433041 -0.012791948 -0.066065505 0.245425820 0.004760743 0.969403803 3.200681925
0.963380933 -0.037159882 -0.265549481 -0.712328970 0.033725128 0.999278009 -0.017484225 -0.078289628 0.266007543 0.007888278 0.963938773 3.512876272
0.958180428 -0.040610727 -0.283268780 -0.820508420 0.035808079 0.999113798 -0.022113822 -0.089115754 0.283915848 0.011045720 0.958785653 3.830115795
0.952461481 -0.041814435 -0.301776290 -0.932557046 0.036055136 0.999045968 -0.024632268 -0.106472507 0.302518398 0.012580698 0.953060627 4.143628120
0.945946455 -0.046852216 -0.320921123 -1.052625775 0.040274609 0.998820722 -0.027107466 -0.119369239 0.321812719 0.012717237 0.946718097 4.471980572
0.939072430 -0.054908838 -0.339305580 -1.180984735 0.048060209 0.998435915 -0.028561134 -0.131894946 0.340343118 0.010513872 0.940242708 4.815853119
0.930961311 -0.064733900 -0.359333903 -1.313057899 0.057921048 0.997878969 -0.029705966 -0.146608263 0.360494703 0.006842106 0.932736337 5.166557312
0.922357261 -0.069926240 -0.379957467 -1.465529799 0.062303681 0.997533023 -0.032339144 -0.161423117 0.381281495 0.006155494 0.924438655 5.523563862
0.913646698 -0.074734904 -0.399580687 -1.636265993 0.066229783 0.997187674 -0.035072088 -0.176970035 0.401078075 0.005579354 0.916027069 5.880860806
0.904196858 -0.077200115 -0.420081526 -1.816023827 0.067366131 0.996995807 -0.038221091 -0.195942760 0.421770215 0.006260124 0.906681418 6.236996651
0.894086599 -0.080517881 -0.440597594 -2.009482861 0.068178594 0.996711314 -0.043794010 -0.221429393 0.442674875 0.009116314 0.896636128 6.596780777
0.883814037 -0.079636440 -0.461010873 -2.225231171 0.063666694 0.996711791 -0.050118297 -0.246608526 0.463486284 0.014944220 0.885978281 6.962195396
0.871892333 -0.082858130 -0.482637018 -2.447098255 0.063402437 0.996386111 -0.056519948 -0.273509711 0.485576063 0.018678956 0.873995066 7.329336166
0.858873963 -0.092735708 -0.503721952 -2.674943686 0.069729306 0.995486319 -0.064377688 -0.303328276 0.507418513 0.020168152 0.861463904 7.707454681
0.845711827 -0.101554863 -0.523887753 -2.917699575 0.075145125 0.994606078 -0.071496174 -0.334451586 0.528322816 0.021097563 0.848781586 8.089533806
0.832482457 -0.106316909 -0.543755412 -3.183596611 0.075961195 0.994050086 -0.078064457 -0.366877198 0.548819721 0.023682993 0.835605383 8.475646973
0.820663095 -0.106571920 -0.561386466 -3.471752882 0.072425626 0.993930042 -0.082809232 -0.407541335 0.566804051 0.027299728 0.823400378 8.865895271
0.810613751 -0.103033826 -0.576445699 -3.784971237 0.065076962 0.994151711 -0.086181507 -0.455075175 0.581954062 0.032346595 0.812578261 9.268801689
0.801508904 -0.101501681 -0.589305699 -4.111635208 0.060289491 0.994183898 -0.089238502 -0.504615664 0.594936073 0.035996526 0.802966714 9.680264473
0.792566538 -0.102790289 -0.601059616 -4.449336052 0.059230216 0.994006217 -0.091888189 -0.555525482 0.606902182 0.037226625 0.793904364 10.108281136
0.783494055 -0.106243856 -0.612249553 -4.801951408 0.061126325 0.993674099 -0.094209358 -0.608331323 0.618385613 0.036387920 0.785032094 10.550582886
0.773581862 -0.110696562 -0.623953223 -5.168231010 0.064759605 0.993279219 -0.095929824 -0.667440653 0.630378783 0.033802617 0.775551498 11.001615524
0.764001369 -0.110578552 -0.635668635 -5.560346603 0.063616075 0.993313968 -0.096333906 -0.729854703 0.642070889 0.033160504 0.765927851 11.457962990
0.754873753 -0.111221850 -0.646371067 -5.976103783 0.061192460 0.993161082 -0.099429913 -0.796811461 0.653009295 0.035504006 0.756517351 11.923236847
0.744915605 -0.114273176 -0.657299519 -6.405331612 0.060489755 0.992732167 -0.104036123 -0.865211368 0.664410830 0.037738256 0.746414244 12.396146774
0.734742761 -0.118394919 -0.667934120 -6.854382038 0.062521681 0.992279053 -0.107111529 -0.935526073 0.675458491 0.036939055 0.736472309 12.882702827
0.725084782 -0.120558977 -0.678024948 -7.324449539 0.062634140 0.992021263 -0.109408960 -1.009154439 0.685805440 0.036863253 0.726850808 13.374791145
0.716921926 -0.120919846 -0.686586857 -7.813120842 0.061235681 0.991958678 -0.110759884 -1.089670777 0.694458842 0.037362568 0.718561769 13.865838051
0.710188746 -0.124806970 -0.692860246 -8.315263748 0.063337438 0.991496265 -0.113679633 -1.176613331 0.701156378 0.036850002 0.712054670 14.377616882
0.705918252 -0.128171638 -0.696600080 -8.823724747 0.062287353 0.990913868 -0.119203649 -1.264597774 0.705549240 0.040758651 0.707487881 14.895057678
0.705132782 -0.129797190 -0.697094381 -9.357110977 0.059116531 0.990441680 -0.124619506 -1.355520248 0.706606686 0.046663493 0.706066370 15.420443535
0.706430554 -0.128356069 -0.696046472 -9.888533592 0.053965773 0.990323722 -0.127852097 -1.452642918 0.705722034 0.052755930 0.706522048 15.947918892
0.708765745 -0.129806116 -0.693398654 -10.430307388 0.054453645 0.990059078 -0.129681364 -1.555733919 0.703339219 0.054155607 0.708788633 16.502206802
0.711906672 -0.130420193 -0.690057695 -10.994752884 0.055077165 0.989946306 -0.130277827 -1.661058664 0.700111091 0.054739218 0.711932719 17.077314377
0.715848207 -0.126808569 -0.686644852 -11.562540054 0.050513145 0.990198970 -0.130207062 -1.770949602 0.696426511 0.058523890 0.715237856 17.649047852
0.720306158 -0.122850060 -0.682691097 -12.140249252 0.045896769 0.990475714 -0.129810274 -1.881047606 0.692136288 0.062169816 0.719084382 18.238725662
0.724903226 -0.118289664 -0.678618491 -12.716894150 0.041341536 0.990840375 -0.128551766 -1.997622252 0.687609076 0.065132454 0.723153889 18.838840485
0.730264485 -0.115687095 -0.673298180 -13.304715157 0.039531354 0.991061747 -0.127409741 -2.114306211 0.682019830 0.066426411 0.728310704 19.461009979
0.735203862 -0.112944722 -0.668370306 -13.879652023 0.035974029 0.991132200 -0.127915502 -2.230788946 0.676890790 0.070000000 0.732747495 20.078756332
0.739011526 -0.111805812 -0.664350450 -14.472047806 0.035874501 0.991264164 -0.126917124 -2.350880861 0.672736943 0.069959983 0.736566842 20.738153458
0.742139637 -0.112091452 -0.660805881 -15.062393188 0.038315613 0.991398931 -0.125137880 -2.470318079 0.669149280 0.067550607 0.740051568 21.397169113
0.744020820 -0.111740850 -0.658746660 -15.663232803 0.037597612 0.991355836 -0.125695631 -2.591262102 0.667097867 0.068752885 0.741790831 22.070087433
0.746301055 -0.114145108 -0.655748308 -16.270357132 0.037373029 0.990817487 -0.129936248 -2.715294600 0.664558649 0.072464280 0.743714273 22.742322922
0.747905135 -0.112315252 -0.654234946 -16.867864609 0.032199588 0.990559816 -0.133243829 -2.833112001 0.663024306 0.078587681 0.744461477 23.406211853
0.750057817 -0.110131331 -0.652138352 -17.489055634 0.030664742 0.990768433 -0.132049203 -2.956501484 0.660661042 0.079046920 0.746510983 24.097398758
0.751966357 -0.110794887 -0.649823964 -18.115695953 0.033569563 0.990931094 -0.130107477 -3.092285395 0.658346236 0.076022185 0.748866439 24.811527252
0.753558457 -0.108047590 -0.648440838 -18.758304596 0.031254474 0.991173089 -0.128834918 -3.222975969 0.656637549 0.076818012 0.750284076 25.535898209
0.754643917 -0.112245694 -0.646462321 -19.415592194 0.035453051 0.990794599 -0.130646467 -3.362586260 0.655175984 0.075672559 0.751676857 26.288108826
0.755362570 -0.116185352 -0.644925177 -20.067935944 0.040229663 0.990522146 -0.131327182 -3.498902321 0.654071093 0.073254563 0.752877653 27.044807434
0.755973160 -0.116988935 -0.644063950 -20.739633560 0.040301323 0.990351617 -0.132585391 -3.640648127 0.653360903 0.074274421 0.753394186 27.821599960
0.756478846 -0.112791225 -0.644218981 -21.430074692 0.037088364 0.990829587 -0.129925266 -3.786861420 0.652965784 0.074392736 0.753724992 28.616949081
0.756964684 -0.110557534 -0.644035459 -22.128576279 0.037546080 0.991313636 -0.126042962 -3.921024561 0.652376235 0.071229123 0.754540682 29.404895782
0.757230759 -0.106250137 -0.644447684 -22.791307449 0.033982188 0.991752028 -0.123580955 -4.053597450 0.652262866 0.071679607 0.754596055 30.161857605
0.757049739 -0.105267614 -0.644821465 -23.462314606 0.033279888 0.991866529 -0.122850925 -4.191069603 0.652509153 0.071544722 0.754395902 30.922700882
0.755444467 -0.108200669 -0.646217167 -24.128345490 0.036499292 0.991688013 -0.123376712 -4.328788280 0.654195428 0.069617823 0.753114760 31.686841965
0.753110170 -0.108625032 -0.648865104 -24.795536041 0.037301097 0.991738260 -0.122730903 -4.470610619 0.656836152 0.068226561 0.750940382 32.460178375
0.749858081 -0.106359616 -0.652993679 -25.454280853 0.037109397 0.992200553 -0.118995525 -4.606876850 0.660557151 0.064997606 0.747956872 33.207878113
0.747384548 -0.105500937 -0.655962050 -26.111963272 0.035823733 0.992274225 -0.118774839 -4.747281551 0.663425207 0.065271512 0.745390117 33.944942474
0.746408105 -0.103874907 -0.657331944 -26.766622543 0.032519042 0.992255688 -0.119875535 -4.880199909 0.664693594 0.068100303 0.744005799 34.670269012
0.745858729 -0.101836480 -0.658273816 -27.422784805 0.029154988 0.992287636 -0.120475091 -5.013337135 0.665465951 0.070665471 0.743075609 35.389007568
0.745857537 -0.097664699 -0.658907056 -28.087636948 0.025891518 0.992695510 -0.117831409 -5.147745609 0.665602267 0.070825376 0.742938280 36.106925964
0.745496869 -0.096880496 -0.659430742 -28.738611221 0.026513556 0.992906511 -0.115899250 -5.282144070 0.665981710 0.068918720 0.742777586 36.823318481
0.745700657 -0.096274599 -0.659289062 -29.360937119 0.027170971 0.993075907 -0.114284620 -5.413917542 0.665727019 0.067308635 0.743153512 37.532691956
0.746496022 -0.095925510 -0.658439338 -29.971435547 0.028098321 0.993215084 -0.112841696 -5.539266586 0.664796472 0.065734878 0.744126797 38.219913483
0.746799052 -0.096583605 -0.657999337 -30.562450409 0.030769063 0.993356109 -0.110887095 -5.661004543 0.664337754 0.062564395 0.744809508 38.893386841
0.746713102 -0.098688155 -0.657784522 -31.130054474 0.033019207 0.993211865 -0.111529529 -5.779554844 0.664326310 0.061561074 0.744903266 39.527469635
0.746428907 -0.099608339 -0.657968342 -31.680007935 0.034787424 0.993222296 -0.110897295 -5.889426708 0.664555430 0.059887957 0.744835258 40.146690369
0.745936990 -0.098128900 -0.658748090 -32.208759308 0.033909746 0.993398666 -0.109581515 -5.998755932 0.665152907 0.059402965 0.744340658 40.736446381
0.745172441 -0.096274897 -0.659885943 -32.715850830 0.032893505 0.993625402 -0.107821472 -6.104762554 0.666060328 0.058639672 0.743589401 41.300918579
0.744489372 -0.098502599 -0.660328090 -33.199726105 0.035647001 0.993509531 -0.108013719 -6.200086117 0.666682243 0.056876387 0.743168950 41.838317871
0.743818820 -0.100057565 -0.660849810 -33.659729004 0.035269048 0.993228853 -0.110685252 -6.289902210 0.667450368 0.059022263 0.742311597 42.346790314
0.743412137 -0.099100873 -0.661451340 -34.103412628 0.033075664 0.993198574 -0.111630350 -6.382457733 0.668015540 0.061109446 0.741634071 42.831142426
0.742943406 -0.097244464 -0.662253082 -34.533668518 0.029339431 0.993170023 -0.112921789 -6.471913815 0.668711245 0.064464398 0.740722537 43.292839050
0.741870701 -0.100015245 -0.663042605 -34.944820404 0.030412147 0.992814302 -0.115731254 -6.556395054 0.669853389 0.065693095 0.739581764 43.753700256
0.740649998 -0.101600654 -0.664165258 -35.352378845 0.032029234 0.992715359 -0.116142988 -6.638953686 0.671127617 0.064748622 0.738509059 44.208114624
0.740534961 -0.099544890 -0.664604664 -35.759670258 0.031016145 0.992976427 -0.114169002 -6.719224930 0.671302080 0.063932680 0.738421559 44.651546478
0.740451992 -0.095613457 -0.665274084 -36.164417267 0.026979771 0.993259490 -0.112723172 -6.800920963 0.671567976 0.065517172 0.738040805 45.082275391
0.740064621 -0.093419544 -0.666016340 -36.558044434 0.024408432 0.993383408 -0.112215951 -6.876193523 0.672093093 0.066790670 0.737448394 45.502136230
0.739899755 -0.093387216 -0.666203916 -36.941658020 0.024341337 0.993384957 -0.112216912 -6.952666759 0.672276914 0.066813007 0.737278700 45.919914246
0.740651250 -0.091598772 -0.665616930 -37.314743042 0.022831816 0.993521929 -0.111317813 -7.026283264 0.671501994 0.067250453 0.737944841 46.321376801
0.741529524 -0.090215787 -0.664827466 -37.680198669 0.021759948 0.993630171 -0.110563323 -7.099493027 0.670567751 0.067519367 0.738769412 46.727718353
0.742397845 -0.086679146 -0.664328754 -38.042457581 0.020440621 0.994063318 -0.106859058 -7.167634487 0.669647872 0.065752648 0.739762545 47.120830536
0.742923439 -0.083373457 -0.664164305 -38.399475098 0.021008302 0.994627535 -0.101357497 -7.232905388 0.669047177 0.061347906 0.740683973 47.509037018
0.743280053 -0.081739284 -0.663968444 -38.750560760 0.022870112 0.995031238 -0.096893623 -7.297896862 0.668589890 0.056834068 0.741456628 47.901855469
0.743890941 -0.075856306 -0.663982511 -39.107051849 0.016276704 0.995298326 -0.095471837 -7.360050201 0.668103278 0.060213190 0.741628468 48.276508331
0.744631827 -0.071123816 -0.663675725 -39.463191986 0.010575552 0.995438218 -0.094812170 -7.422117710 0.667392135 0.063581437 0.741987586 48.650085449
0.744737267 -0.071663521 -0.663499296 -39.813217163 0.009902967 0.995294034 -0.096384771 -7.483171463 0.667284787 0.065210737 0.741942704 49.029067993
0.743818402 -0.078136764 -0.663799226 -40.155845642 0.014499709 0.994795024 -0.100851245 -7.539995193 0.668224990 0.065390125 0.741080284 49.414569855
0.743315756 -0.083299123 -0.663734496 -40.497573853 0.020794902 0.994613647 -0.101536579 -7.595489502 0.668617904 0.061671451 0.741044641 49.808078766
0.745601952 -0.079413973 -0.661643207 -40.857593536 0.017552745 0.994868934 -0.099629536 -7.652642250 0.666160941 0.062670320 0.743170559 50.199687958
0.748536468 -0.072263896 -0.659144640 -41.227142334 0.010860910 0.995245874 -0.096777901 -7.709989071 0.663005233 0.065282881 0.745763123 50.592449188
0.751509368 -0.067095190 -0.656302214 -41.593650818 0.009316797 0.995794177 -0.091133974 -7.769864082 0.659657180 0.062373392 0.748974204 51.002044678
0.755712211 -0.066241540 -0.651545703 -41.953372955 0.013930409 0.996271372 -0.085131802 -7.829130173 0.654756308 0.055258829 0.753817677 51.427116394
0.759575486 -0.067593612 -0.646897852 -42.312286377 0.018231347 0.996406198 -0.082706563 -7.882894993 0.650164247 0.051028039 0.758078516 51.860336304
0.762444198 -0.071690343 -0.643070757 -42.670944214 0.023662802 0.996266842 -0.083009884 -7.936398029 0.646621823 0.048073523 0.761294723 52.296829224
0.765460551 -0.075234562 -0.639070034 -43.030902863 0.028249368 0.996112168 -0.083431177 -7.989312172 0.642863095 0.045809913 0.764610291 52.736763000
0.769144058 -0.074627466 -0.634703636 -43.403949738 0.029254079 0.996227920 -0.081684478 -8.043007851 0.638406098 0.044259429 0.768426359 53.187774658
0.772508562 -0.074224778 -0.630651772 -43.777767181 0.029328082 0.996254802 -0.081329614 -8.097004890 0.634327233 0.044331986 0.771792650 53.642196655
0.775649011 -0.074178167 -0.626790822 -44.156280518 0.028571911 0.996177554 -0.082536183 -8.151262283 0.630518019 0.046110470 0.774803996 54.106220245
0.778193295 -0.076652937 -0.623329818 -44.534038544 0.031273801 0.996021092 -0.083440498 -8.211072922 0.627246261 0.045438915 0.777494609 54.579898834
0.779952526 -0.081069343 -0.620566249 -44.914913177 0.036009043 0.995744288 -0.084824234 -8.267700195 0.624802530 0.043812845 0.779552877 55.067806244
0.781282723 -0.082429484 -0.618711054 -45.300567627 0.038117342 0.995691597 -0.084520854 -8.321810722 0.623012960 0.042451024 0.781059027 55.558048248
0.782707036 -0.080804579 -0.617123127 -45.703083038 0.038325902 0.995911360 -0.081792928 -8.380243301 0.621209741 0.040368062 0.782604158 56.059520721
0.783671200 -0.078147419 -0.616241097 -46.106975555 0.038749848 0.996272206 -0.077062413 -8.443864822 0.619966626 0.036512312 0.783778369 56.572330475
0.783943951 -0.077388018 -0.615989923 -46.512195587 0.040302753 0.996450543 -0.073894538 -8.504795074 0.619522631 0.033103053 0.784280717 57.083873749
0.783833683 -0.077212267 -0.616152287 -46.926208496 0.041083172 0.996512890 -0.072613060 -8.561773300 0.619610906 0.031603038 0.784272850 57.607624054
0.783094406 -0.077993490 -0.616993308 -47.342998505 0.042103216 0.996476650 -0.072525829 -8.619005203 0.620476604 0.030817142 0.783619404 58.132308960
0.781186819 -0.078749932 -0.619311094 -47.762195587 0.042802777 0.996433198 -0.072713263 -8.679445267 0.622828960 0.030294381 0.781771481 58.657466888
0.778711677 -0.080632381 -0.622179329 -48.187679291 0.043888155 0.996277511 -0.074184485 -8.741793633 0.625845551 0.030461995 0.779352129 59.187088013
0.774909616 -0.081740797 -0.626764774 -48.615711212 0.045641135 0.996249557 -0.073498912 -8.802443504 0.630422533 0.028348731 0.775734544 59.721000671
0.770826042 -0.080718465 -0.631911576 -49.059360504 0.045708563 0.996390522 -0.071519196 -8.859890938 0.635404229 0.026245059 0.771733761 60.254169464
0.766914427 -0.075276449 -0.637319565 -49.517654419 0.042820372 0.996885061 -0.066218667 -8.920430183 0.640319705 0.023493756 0.767749369 60.785362244
0.762120306 -0.071572654 -0.643467546 -49.975246429 0.041031145 0.997211516 -0.062322401 -8.981586456 0.646134436 0.021094924 0.762932241 61.308986664
0.755566359 -0.073818788 -0.650899947 -50.432510376 0.044297546 0.997112751 -0.061662260 -9.041658401 0.653573036 0.017756626 0.756655276 61.834632874
0.747784317 -0.076245353 -0.659549713 -50.885723114 0.045967788 0.996945143 -0.063131705 -9.097390175 0.662349045 0.016890822 0.749005198 62.345214844
0.739018977 -0.078920268 -0.669046342 -51.346557617 0.045651376 0.996697485 -0.067144006 -9.152016640 0.672136486 0.019077772 0.740181684 62.844280243
0.729302168 -0.078053437 -0.679725289 -51.823070526 0.042611077 0.996723592 -0.068735711 -9.209936142 0.682864010 0.021165246 0.730239093 63.336330414
0.718568385 -0.077786647 -0.691092730 -52.299892426 0.041860323 0.996760190 -0.068666868 -9.266586304 0.694195807 0.020412443 0.719496965 63.816974640
0.707284808 -0.075095326 -0.702929080 -52.779300690 0.041713353 0.997041821 -0.064544201 -9.323563576 0.705697358 0.016329575 0.708325446 64.285079956
0.695937693 -0.070423566 -0.714640915 -53.269618988 0.039417766 0.997424722 -0.059904121 -9.378277779 0.717019856 0.013519964 0.696921825 64.741455078
0.684713125 -0.064772390 -0.725928962 -53.770809174 0.034846921 0.997812510 -0.056163333 -9.437000275 0.727979481 0.013159361 0.685472846 65.189056396
0.672057450 -0.062742472 -0.737836421 -54.268787384 0.032034528 0.997933745 -0.055681478 -9.491329193 0.739806116 0.013784890 0.672679126 65.620018005
0.658282757 -0.066385426 -0.749838114 -54.773220062 0.033535108 0.997700274 -0.058888994 -9.541628838 0.752023757 0.013619685 0.658995569 66.049858093
0.645510733 -0.069072396 -0.760621607 -55.285945892 0.031478584 0.997461081 -0.063865259 -9.595123291 0.763102531 0.017282400 0.646046579 66.468711853
0.634090662 -0.070507273 -0.770037711 -55.807346344 0.028191604 0.997279227 -0.068099834 -9.648751259 0.772744894 0.021472855 0.634353638 66.878646851
0.625009298 -0.067693628 -0.777676880 -56.345272064 0.022196403 0.997370362 -0.068978116 -9.703414917 0.780301988 0.025850324 0.624868691 67.282005310
0.618066967 -0.062215015 -0.783659935 -56.883998871 0.017959502 0.997719944 -0.065044798 -9.750786781 0.785920560 0.026127890 0.617775440 67.687393188
0.614798009 -0.052406557 -0.786941707 -57.434978485 0.012866057 0.998322845 -0.056431938 -9.800419807 0.788579941 0.024569394 0.614441454 68.098434448
0.615395427 -0.047149565 -0.786807239 -57.982662201 0.012923683 0.998678029 -0.049737800 -9.854978561 0.788112879 0.020439953 0.615191460 68.517356873
0.617893755 -0.045986101 -0.784915805 -58.517780304 0.011937235 0.998721063 -0.049115263 -9.908955574 0.786171257 0.020978276 0.617652655 68.934509277
0.623231053 -0.049520470 -0.780468464 -59.047832489 0.011701736 0.998471200 -0.054008435 -9.953663826 0.781950474 0.024526885 0.622857928 69.354370117
0.631241381 -0.052898265 -0.773780525 -59.579650879 0.012096075 0.998220801 -0.058373924 -9.995965958 0.775492489 0.027488314 0.630758226 69.786224365
0.641123891 -0.053118762 -0.765596986 -60.107059479 0.012433601 0.998189032 -0.058844388 -10.042540550 0.767337084 0.028207401 0.640623391 70.229309082
0.652575433 -0.051344771 -0.755982339 -60.624092102 0.013532326 0.998331428 -0.056123324 -10.095224380 0.757603347 0.026394486 0.652181506 70.680320740
0.664345264 -0.049492273 -0.745785594 -61.142967224 0.016010366 0.998517931 -0.052002233 -10.146777153 0.747254789 0.022607118 0.664153159 71.150077820
0.675789773 -0.050237160 -0.735380590 -61.665790558 0.020250104 0.998562753 -0.049607173 -10.188668251 0.736816585 0.018632468 0.675836086 71.642059326
0.687106490 -0.048525531 -0.724934578 -62.182258606 0.022335500 0.998705566 -0.045681179 -10.230587006 0.726213694 0.015196037 0.687301219 72.140106201
0.698999763 -0.044180572 -0.713755965 -62.711627960 0.022953311 0.998960793 -0.039355632 -10.272600174 0.714753807 0.011126491 0.699287832 72.657615662
0.709831595 -0.036404073 -0.703430176 -63.232288361 0.020863311 0.999311209 -0.030663423 -10.308873177 0.704062760 0.007089962 0.710102558 73.181709290
0.719413757 -0.034908440 -0.693704069 -63.745849609 0.025049206 0.999389708 -0.024313554 -10.340208054 0.694130301 0.000114742 0.719849527 73.722549438
0.726533353 -0.034191541 -0.686280012 -64.258232117 0.027958926 0.999404311 -0.020193066 -10.373526573 0.686562479 -0.004516746 0.727056921 74.270629883
0.731687546 -0.038402371 -0.680557609 -64.770370483 0.033192720 0.999233842 -0.020698123 -10.400331497 0.680831850 -0.007445034 0.732402027 74.830986023
0.735864699 -0.038736463 -0.676019788 -65.288581848 0.032989237 0.999226928 -0.021346889 -10.422305107 0.676324844 -0.006592987 0.736574054 75.388977051
0.739160061 -0.034644820 -0.672638297 -65.819778442 0.032299224 0.999349713 -0.015978888 -10.443953514 0.672755182 -0.009914772 0.739798784 75.962333679
0.741443276 -0.027360868 -0.670457602 -66.357162476 0.030773917 0.999502659 -0.006756835 -10.467310905 0.670309782 -0.015622832 0.741917014 76.547958374
0.743959785 -0.025728947 -0.667728901 -66.889579773 0.034736011 0.999395609 0.000192857 -10.487265587 0.667321205 -0.023337761 0.744404376 77.142753601
0.746016860 -0.027689794 -0.665351152 -67.418136597 0.037192028 0.999307275 0.000113098 -10.501160622 0.664887846 -0.024830181 0.746530473 77.739593506
0.748834252 -0.030281231 -0.662065148 -67.953094482 0.039021064 0.999236286 -0.001567541 -10.510910034 0.661607742 -0.024660708 0.749444544 78.343582153
0.751453221 -0.028266270 -0.659180582 -68.497604370 0.038774468 0.999246180 0.001353525 -10.518779755 0.658646166 -0.026576540 0.751983404 78.960327148
0.754393280 -0.023080226 -0.656016767 -69.046463013 0.038706187 0.999205887 0.009356122 -10.526735306 0.655280650 -0.032450162 0.754688263 79.589523315
0.757725418 -0.015448045 -0.652390599 -69.592399597 0.037583496 0.999092519 0.019994041 -10.531804085 0.651490510 -0.039669175 0.757619023 80.223709106
0.761594296 -0.011632700 -0.647949755 -70.144233704 0.035665851 0.999074936 0.023984803 -10.525856018 0.647072196 -0.041376427 0.761305273 80.862106323
0.765672266 -0.012322137 -0.643113017 -70.696456909 0.037296645 0.998983920 0.025263621 -10.519323349 0.642149091 -0.043329667 0.765354395 81.513565063
0.769650042 -0.010729328 -0.638375938 -71.244125366 0.036283605 0.998977005 0.026954805 -10.507849693 0.637434542 -0.043908402 0.769252539 82.166023254
0.774037659 -0.007159581 -0.633099198 -71.793663025 0.035104096 0.998882353 0.031622671 -10.497426033 0.632166028 -0.046701573 0.773424387 82.832366943
0.777500093 -0.005431321 -0.628859460 -72.338340759 0.037571788 0.998576760 0.037827939 -10.485926628 0.627759814 -0.053038664 0.776598155 83.503250122
0.780821800 -0.007994803 -0.624702811 -72.878929138 0.041930262 0.998333216 0.039632548 -10.470076561 0.623345494 -0.057139974 0.779856145 84.186851501
0.784085035 -0.012387211 -0.620529890 -73.429496765 0.046203066 0.998190582 0.038454730 -10.452773094 0.618931651 -0.058822233 0.783239245 84.884284973
0.786453605 -0.014118334 -0.617488205 -73.969879150 0.048077114 0.998103678 0.038411785 -10.431148529 0.615775883 -0.059896208 0.785641551 85.579765320
0.788476169 -0.012969888 -0.614928663 -74.522155762 0.048138741 0.998010993 0.040674839 -10.413296700 0.613179028 -0.061673108 0.787532866 86.276847839
0.789956868 -0.009242391 -0.613092840 -75.069313049 0.047869522 0.997763097 0.046637490 -10.392813683 0.611291349 -0.066190153 0.788632929 86.974250793
0.791002154 -0.006217848 -0.611781836 -75.621231079 0.047474153 0.997556090 0.051242899 -10.362542152 0.609969139 -0.069577157 0.789364874 87.679420471
0.791657448 -0.008621406 -0.610904515 -76.173568726 0.051148709 0.997324407 0.052207649 -10.338866234 0.608820915 -0.072577640 0.789980948 88.388359070
0.791595399 -0.010473318 -0.610955894 -76.731239319 0.052728415 0.997293234 0.051222317 -10.314326286 0.608766675 -0.072762176 0.790005744 89.101325989
0.791154563 -0.011524500 -0.611507654 -77.293220520 0.052621610 0.997396529 0.049283616 -10.279116631 0.609348595 -0.071169570 0.789702058 89.819664001
0.790273905 -0.012279257 -0.612630665 -77.847961426 0.055967160 0.997065365 0.052211128 -10.249239922 0.610192657 -0.075548396 0.788642764 90.534538269
0.788757861 -0.012015992 -0.614586592 -78.415031433 0.059998572 0.996538699 0.057518199 -10.215798378 0.611769259 -0.082242355 0.786749482 91.259979248
0.786575973 -0.011129691 -0.617393196 -78.985313416 0.062923014 0.996076405 0.062209424 -10.179481506 0.614279568 -0.087780796 0.784190834 91.981193542
0.783906102 -0.011566411 -0.620771706 -79.563369751 0.065355495 0.995807767 0.063976206 -10.142421722 0.617430389 -0.090722293 0.781376541 92.710533142
0.780579448 -0.013108547 -0.624919057 -80.156524658 0.067585304 0.995687246 0.063534074 -10.099908829 0.621392250 -0.091828860 0.778099835 93.445846558
0.776209652 -0.014984627 -0.630296767 -80.756240845 0.070889391 0.995451093 0.063634373 -10.054511070 0.626477182 -0.094075091 0.773741841 94.181243896
0.771235049 -0.011566893 -0.636445343 -81.367195129 0.070085891 0.995297909 0.066840254 -10.011384010 0.632680655 -0.096155517 0.768420160 94.912719727
0.766300738 -0.011623835 -0.642376840 -81.980735779 0.071745522 0.995129704 0.067579336 -9.969495773 0.638463855 -0.097873896 0.763403416 95.636466980
0.761462152 -0.012791822 -0.648083150 -82.610260010 0.074560232 0.994896293 0.067966945 -9.919851303 0.643907249 -0.100075625 0.758530438 96.372062683
0.756929934 -0.010335501 -0.653414309 -83.245613098 0.073184945 0.994924366 0.069041647 -9.868704796 0.649385393 -0.100079909 0.753845274 97.098526001
0.752739966 -0.009178461 -0.658253968 -83.902877808 0.074502453 0.994665265 0.071327247 -9.818642616 0.654088914 -0.102732539 0.749409020 97.833869934
0.748242736 -0.012073730 -0.663315296 -84.566246033 0.079143584 0.994317472 0.071178004 -9.770205498 0.658687830 -0.105755702 0.744947195 98.577667236
0.743966937 -0.014920705 -0.668049932 -85.235710144 0.080668353 0.994442999 0.067624845 -9.720916748 0.663329720 -0.104201272 0.741037130 99.316917419
0.740693450 -0.017403854 -0.671617806 -85.895820618 0.082059979 0.994521856 0.064728409 -9.674845695 0.666813195 -0.103056982 0.738064826 100.036445618
0.738170326 -0.018537898 -0.674359798 -86.582290649 0.082539603 0.994592607 0.063008808 -9.629039764 0.669546306 -0.102172747 0.735709667 100.776367188
0.735985816 -0.019966321 -0.676702678 -87.270889282 0.086046509 0.994215965 0.064250015 -9.582213402 0.671506822 -0.105515122 0.733447611 101.521919250
0.733842015 -0.021010688 -0.678995371 -87.961837769 0.091692992 0.993436873 0.068358868 -9.532341003 0.673103869 -0.112423852 0.730952978 102.276184082
0.731846809 -0.022612819 -0.681093991 -88.666870117 0.094512358 0.993157208 0.068581529 -9.483332634 0.674883783 -0.114563107 0.728976965 103.037384033
0.729999304 -0.025385272 -0.682976425 -89.375427246 0.092653908 0.993758738 0.062096491 -9.434176445 0.677138686 -0.108610950 0.727796078 103.788345337
0.729607403 -0.027370805 -0.683318377 -90.099143982 0.089889549 0.994366288 0.056148745 -9.385997772 0.677933156 -0.102389835 0.727958202 104.551475525
0.730406761 -0.024300715 -0.682580113 -90.822753906 0.086079419 0.994672120 0.056699179 -9.344150543 0.677566826 -0.100169674 0.728607833 105.304145813
0.730885506 -0.017825883 -0.682267368 -91.554161072 0.080530174 0.994926631 0.060273841 -9.302061081 0.677732885 -0.098996490 0.728613794 106.065307617
0.731865227 -0.015774023 -0.681266904 -92.292800903 0.079801448 0.994835734 0.062693968 -9.259205818 0.676761091 -0.100249715 0.729345322 106.844078064
0.733129501 -0.018889965 -0.679826677 -93.026718140 0.082734853 0.994665444 0.061583553 -9.214920044 0.675038278 -0.101394176 0.730782330 107.633628845
0.734155118 -0.024585674 -0.678536534 -93.753211975 0.082256719 0.995202541 0.052939586 -9.175334930 0.673981190 -0.094680138 0.732656300 108.415206909
0.735279322 -0.028344031 -0.677171290 -94.479034424 0.078329958 0.995982289 0.043363065 -9.142351151 0.673223078 -0.084926829 0.734546363 109.193969727
0.736439407 -0.032246597 -0.675734580 -95.216819763 0.078094654 0.996236145 0.037569102 -9.115518570 0.671981156 -0.080438688 0.736186862 109.990470886
0.737898111 -0.032864619 -0.674111545 -95.969253540 0.078375176 0.996227145 0.037222713 -9.093926430 0.670346260 -0.080300242 0.737690926 110.806053162
0.739258647 -0.034961794 -0.672513545 -96.720062256 0.081593789 0.995942533 0.037915923 -9.068580627 0.668460548 -0.082902670 0.739112854 111.628936768
0.739886343 -0.037522953 -0.671684682 -97.451911926 0.086232863 0.995494902 0.039376516 -9.049704552 0.667182505 -0.087055527 0.739789784 112.440711975
0.740381122 -0.043827906 -0.670757055 -98.191772461 0.090363361 0.995302260 0.034708999 -9.032423019 0.666086137 -0.086309843 0.740864336 113.263351440
0.740913272 -0.048091918 -0.669876754 -98.934829712 0.091472991 0.995362520 0.029713901 -9.015741348 0.665342629 -0.083291143 0.741877317 114.084114075
0.741612375 -0.046032470 -0.669247568 -99.680076599 0.088930801 0.995582223 0.030068191 -9.001704216 0.664908230 -0.081815749 0.742430687 114.903732300
0.742418170 -0.041491203 -0.668650806 -100.428009033 0.085816532 0.995746076 0.033495873 -8.989850998 0.664418042 -0.082249321 0.742821574 115.724502563
0.742794514 -0.040017564 -0.668322563 -101.176231384 0.084187724 0.995870113 0.033938520 -8.976625443 0.664205730 -0.081473984 0.743096828 116.548446655
0.743689060 -0.035347905 -0.667590618 -101.945083618 0.079923294 0.996138573 0.036289703 -8.961946487 0.663731337 -0.080344379 0.743643522 117.384475708
0.744095385 -0.033854708 -0.667215168 -102.689559937 0.079708196 0.996078551 0.038351256 -8.944693565 0.663301766 -0.081719592 0.743876934 118.208236694
0.744058013 -0.037085678 -0.667085111 -103.457374573 0.080644287 0.996141672 0.034570437 -8.925686836 0.663230598 -0.079519086 0.744178832 119.056304932
0.744120538 -0.042529397 -0.666690409 -104.206604004 0.081220940 0.996326149 0.027096545 -8.910224915 0.663090110 -0.074312389 0.744841874 119.882476807
0.744025767 -0.047251042 -0.666478217 -104.962860107 0.082652189 0.996342123 0.021631826 -8.900333405 0.663019657 -0.071180582 0.745210409 120.725776672
0.743873954 -0.048032168 -0.666591883 -105.730499268 0.084413052 0.996177077 0.022418676 -8.893067360 0.662968218 -0.072945789 0.745085478 121.565841675
0.744219720 -0.045963716 -0.666351676 -106.492927551 0.080920197 0.996484041 0.021640651 -8.893492699 0.663015723 -0.070026770 0.745323300 122.407867432
0.744645774 -0.049054027 -0.665654957 -107.256813049 0.078889564 0.996771991 0.014796088 -8.899809837 0.662781954 -0.063531123 0.746112764 123.248069763
0.744922161 -0.054499738 -0.664921761 -108.016899109 0.076742157 0.997040391 0.004253865 -8.904428482 0.662723541 -0.054196373 0.746900678 124.090728760
0.745742381 -0.058792308 -0.663635433 -108.783470154 0.076975465 0.997029781 -0.001829050 -8.916867256 0.661773324 -0.049719688 0.748053730 124.938392639
0.746199906 -0.059523638 -0.663055658 -109.541885376 0.079158030 0.996860445 -0.000405783 -8.936620712 0.660999596 -0.052183427 0.748569846 125.790306091
0.746266007 -0.061923604 -0.662761450 -110.286949158 0.084902585 0.996384561 0.002504942 -8.951670647 0.660211682 -0.058139563 0.748826265 126.642105103
0.746487319 -0.063306876 -0.662381411 -111.039901733 0.088002719 0.996110737 0.003973910 -8.969290733 0.659555137 -0.061257895 0.749156117 127.498229980
0.746316135 -0.067385145 -0.662171900 -111.775848389 0.091773711 0.995776117 0.002101688 -8.987435341 0.659234822 -0.062338557 0.749348938 128.343551636
0.747309208 -0.067302682 -0.661059320 -112.530502319 0.088858202 0.996042252 -0.000955692 -9.009352684 0.658508837 -0.058026399 0.750332892 129.190856934
0.748615682 -0.066240899 -0.659686863 -113.282432556 0.084743544 0.996393681 -0.003883151 -9.035144806 0.657566488 -0.052997261 0.751530409 130.026092529
0.749660730 -0.062658027 -0.658849597 -114.034622192 0.081223890 0.996691465 -0.002368313 -9.056905746 0.656819642 -0.051738940 0.752270818 130.869094849
0.750574708 -0.057617702 -0.658268809 -114.780754089 0.079439975 0.996832490 0.003327560 -9.076889038 0.655993521 -0.054790486 0.752775431 131.711090088
0.752302229 -0.055871561 -0.656444788 -115.536430359 0.079922147 0.996776640 0.006754762 -9.094102859 0.653952897 -0.057546146 0.754343629 132.568679810
0.754271507 -0.057147983 -0.654070854 -116.281806946 0.079324052 0.996837735 0.004379645 -9.104650497 0.651753664 -0.055187039 0.756420374 133.429901123
0.755737782 -0.062098891 -0.651923478 -117.009826660 0.082223840 0.996612310 0.000385238 -9.125294685 0.649692476 -0.053894844 0.758284390 134.274734497
0.757080436 -0.065466650 -0.650033474 -117.733032227 0.084403776 0.996428013 -0.002049665 -9.148859978 0.647847116 -0.053313576 0.759902596 135.121566772
0.758622646 -0.067182459 -0.648057342 -118.445808411 0.086431727 0.996254086 -0.002101240 -9.169196129 0.645772278 -0.054418724 0.761588395 135.945617676
0.759978354 -0.066684604 -0.646518528 -119.166374207 0.086316571 0.996265471 -0.001294368 -9.193079948 0.644191742 -0.054821625 0.762896955 136.793106079
0.762488842 -0.063923195 -0.643835902 -119.887092590 0.083622642 0.996496081 0.000096509 -9.219693184 0.641575158 -0.053912904 0.765163302 137.651214600
0.765520751 -0.060464598 -0.640563905 -120.634445190 0.081872910 0.996634245 0.003769075 -9.243412018 0.638181448 -0.055330198 0.767895281 138.513504028
0.767521083 -0.057043683 -0.638480604 -121.361015320 0.079543263 0.996808469 0.006561698 -9.260603905 0.636070013 -0.055823132 0.769609571 139.380035400
0.768861175 -0.060673431 -0.636530638 -122.073997498 0.082911432 0.996542215 0.005158843 -9.278110504 0.634018064 -0.056742165 0.771233737 140.245666504
0.770351887 -0.062392544 -0.634558976 -122.789260864 0.081401967 0.996679723 0.000823877 -9.295820236 0.632402122 -0.052289091 0.772873521 141.108428955
0.771380305 -0.066356525 -0.632905364 -123.496543884 0.083134070 0.996532083 -0.003157503 -9.316547394 0.630921543 -0.050180435 0.774222255 141.970230103
0.771537006 -0.066263758 -0.632723987 -124.193099976 0.083187580 0.996528327 -0.002926047 -9.341441154 0.630722702 -0.050377302 0.774371386 142.821456909
0.771944582 -0.063998468 -0.632459939 -124.896270752 0.081515118 0.996669888 -0.001360008 -9.370999336 0.630442262 -0.050505273 0.774591386 143.678604126
0.771826446 -0.063819841 -0.632622123 -125.592330933 0.080884397 0.996720493 -0.001868068 -9.396133423 0.630668104 -0.049727522 0.774457812 144.521820068
0.771234989 -0.061023492 -0.633618593 -126.270980835 0.078815319 0.996887982 -0.000076413 -9.419997215 0.631652892 -0.049879998 0.773644984 145.345687866
0.770659566 -0.060361918 -0.634381711 -126.958892822 0.078916639 0.996879399 0.001015696 -9.440962791 0.632342219 -0.050846100 0.773018718 146.176452637
0.769625545 -0.059029903 -0.635760784 -127.638076782 0.078804024 0.996884823 0.002836942 -9.468774796 0.633614242 -0.052283973 0.771880329 146.995864868
0.767926991 -0.061228920 -0.637604058 -128.299926758 0.079110704 0.996864438 -0.000448012 -9.485483170 0.635633647 -0.050097339 0.770363510 147.790161133
0.766087234 -0.063912593 -0.639550865 -128.956863403 0.079946332 0.996790409 -0.003848887 -9.513829231 0.637745559 -0.048181240 0.768738568 148.580108643
0.764679790 -0.066710897 -0.640947938 -129.631332397 0.080413610 0.996729672 -0.007804118 -9.539535522 0.639373839 -0.045573361 0.767544091 149.373138428
0.763559580 -0.065563045 -0.642400265 -130.313598633 0.078491375 0.996877670 -0.008445618 -9.572149277 0.640949607 -0.043974221 0.766322136 150.163604736
0.762538016 -0.063816704 -0.643788040 -130.978271484 0.076206118 0.997053921 -0.008572077 -9.601386070 0.642439842 -0.042524125 0.765155196 150.944931030
0.761509001 -0.062967584 -0.645088375 -131.637573242 0.074480943 0.997176707 -0.009412466 -9.629600525 0.643861115 -0.040879175 0.764049411 151.720748901
0.760512471 -0.064531311 -0.646108747 -132.300888062 0.075679839 0.997075498 -0.010504606 -9.656011581 0.644898415 -0.040908583 0.763172507 152.497787476
0.759667873 -0.065150850 -0.647039533 -132.964935303 0.076883309 0.996987402 -0.010121145 -9.681233406 0.645751059 -0.042057902 0.762388647 153.274032593
0.759574533 -0.063724734 -0.647291124 -133.623901367 0.075475618 0.997100174 -0.009594706 -9.712541580 0.646026909 -0.041566871 0.762181878 154.046066284
0.760666788 -0.062403820 -0.646136165 -134.293579102 0.074505299 0.997182250 -0.008596117 -9.750341415 0.644853354 -0.041601859 0.763173163 154.828475952
0.762712717 -0.059413530 -0.644002736 -134.971862793 0.070883848 0.997450590 -0.008071447 -9.783070564 0.642841876 -0.039493266 0.764980018 155.607803345
0.765126228 -0.056707177 -0.641378403 -135.640167236 0.068567276 0.997624576 -0.006407825 -9.817033768 0.640219629 -0.039074838 0.767197371 156.390213013
0.766986609 -0.058924373 -0.638951957 -136.295089722 0.068703748 0.997590244 -0.009527341 -9.846479416 0.637975037 -0.036591113 0.769187093 157.167526245
0.768450618 -0.066366151 -0.636458516 -136.939025879 0.073604874 0.997171700 -0.015109736 -9.875413895 0.635662556 -0.035235427 0.771162391 157.954238892
0.769721210 -0.074000686 -0.634076834 -137.580551147 0.078524932 0.996689618 -0.020996500 -9.910643578 0.633532941 -0.033629458 0.772984445 158.739135742
0.771097600 -0.078392722 -0.631872892 -138.218948364 0.082795851 0.996309578 -0.022567382 -9.947921753 0.631311536 -0.034914877 0.774742961 159.526306152
0.772553742 -0.078938738 -0.630023599 -138.853256226 0.085196406 0.996155083 -0.020342741 -9.988113403 0.629208505 -0.037959967 0.776309013 160.312179565
