1.000000000 0.000000000 0.000000000 0.000000000 0.000000000 1.000000000 0.000000000 0.000000000 0.000000000 0.000000000 1.000000000 0.000000000
0.999047279 -0.000292129 0.043640621 0.042817544 0.000400869 0.999996841 -0.002482982 -0.023035252 -0.043639760 0.002498111 0.999044180 1.056087494
0.996052146 -0.004830259 0.088638052 0.140799671 0.005513126 0.999957025 -0.007460787 -0.045364060 -0.088598199 0.007920006 0.996035933 2.091710091
0.990947843 -0.004759170 0.134162471 0.247438058 0.006329966 0.999916375 -0.011284037 -0.098751411 -0.134097546 0.012031138 0.990895092 3.208508253
0.983636975 -0.002230781 0.180147558 0.498183072 0.004753204 0.999896705 -0.013571519 -0.135989934 -0.180098668 0.014205728 0.983545959 4.398195744
0.974122882 -0.004668633 0.225970179 0.732643068 0.007912330 0.999878347 -0.013450960 -0.170999512 -0.225879893 0.014890841 0.974041283 5.444018364
0.962542415 -0.005411488 0.271076739 1.020611286 0.009696769 0.999848366 -0.014471482 -0.211226225 -0.270957351 0.016557986 0.962448895 6.486270905
0.949125826 -0.007750153 0.314801306 1.354152918 0.013792470 0.999760926 -0.016970985 -0.251476407 -0.314594537 0.020449489 0.949005783 7.459389210
0.934026420 -0.009749781 0.357070446 1.542478561 0.017322868 0.999687672 -0.018016830 -0.303642541 -0.356783330 0.023013679 0.933903575 8.178110123
0.916843653 -0.010072488 0.399119198 1.954389811 0.019242762 0.999634802 -0.018976258 -0.334471017 -0.398782372 0.025078416 0.916702509 9.121891022
0.897364438 -0.010718379 0.441159904 2.427936792 0.020399462 0.999643862 -0.017207330 -0.381110609 -0.440818429 0.024440670 0.897263408 10.058650970
0.875434101 -0.010182227 0.483230263 2.932548046 0.020610360 0.999655128 -0.016274413 -0.417434156 -0.482898027 0.024206724 0.875341833 11.010601044
0.851588666 -0.010667159 0.524101973 3.456425905 0.021753013 0.999650896 -0.014999334 -0.458059281 -0.523759067 0.024174057 0.851523221 11.886762619
0.826005280 -0.010630766 0.563562155 4.033526421 0.022995301 0.999625385 -0.014847434 -0.492347181 -0.563193142 0.025223333 0.825940073 12.740442276
0.798369110 -0.012664895 0.602035165 4.682113647 0.025847206 0.999578178 -0.013248486 -0.627162576 -0.601613283 0.026138103 0.798359513 13.646512985
0.769983709 -0.011585507 0.637958288 5.392056465 0.026467307 0.999554634 -0.013792509 -0.669349909 -0.637514234 0.027505040 0.769947231 14.447930336
0.739257514 -0.015162992 0.673252106 6.073169231 0.031623669 0.999425292 -0.012214969 -0.723749995 -0.672679842 0.030320702 0.739311993 15.224918365
0.707246721 -0.014202066 0.706824064 6.785157204 0.031535596 0.999436855 -0.011472978 -0.764703214 -0.706262946 0.030404339 0.707296193 15.941290855
0.657307804 -0.013958531 0.753492832 6.598094463 0.037122618 0.999214470 -0.013873281 -0.696825743 -0.752707183 0.037090637 0.657309532 17.662700653
0.620847225 -0.014840325 0.783790946 7.473111153 0.041497149 0.999041200 -0.013954348 -0.742404282 -0.782832325 0.041188605 0.620867729 18.389263153
0.583478868 -0.013237732 0.812020242 8.373790741 0.041438255 0.999050081 -0.013488812 -0.809647799 -0.811070263 0.041519143 0.583473086 19.071666718
0.545292258 -0.012218826 0.838156760 9.320167542 0.044410285 0.998910666 -0.014330333 -0.881281555 -0.837068617 0.045036998 0.545240879 19.695854187
0.506594837 -0.010728580 0.862117290 10.284806252 0.049730007 0.998621523 -0.016794894 -0.916267574 -0.860748768 0.051381305 0.506430030 20.220993042
0.468397975 -0.009727943 0.883463860 11.013510704 0.049473993 0.998659253 -0.015233916 -0.950811148 -0.882131159 0.050844021 0.468251288 20.454051971
0.429736793 -0.011524446 0.902880430 12.060208321 0.054319356 0.998437524 -0.013109798 -1.010071158 -0.901318669 0.054677643 0.429691404 20.944419861
0.392700732 -0.012290944 0.919583976 13.123480797 0.058440629 0.998223245 -0.011614563 -1.061112761 -0.917807460 0.058302112 0.392721385 21.379051208
0.357252091 -0.009909378 0.933955193 14.102961540 0.059708130 0.998140633 -0.012248867 -1.092266202 -0.932097375 0.060140651 0.357179582 21.739433289
0.323944539 -0.010684997 0.946015477 15.098691940 0.060510561 0.998122811 -0.009447118 -1.106930733 -0.944138825 0.060304273 0.323983043 22.054512024
0.290669322 -0.012507729 0.956741512 16.086648941 0.063222162 0.997980416 -0.006160771 -1.130023360 -0.954732418 0.062278014 0.290873110 22.330759048
0.258329391 -0.012243902 0.965978980 17.228977203 0.064019419 0.997938573 -0.004471549 -1.130910158 -0.963933229 0.062996544 0.258580744 22.569465637
0.226403728 -0.009496337 0.973986924 18.253658295 0.061892606 0.998071849 -0.004655790 -1.150016069 -0.972065032 0.061336678 0.226554975 22.794158936
0.195672840 -0.007761153 0.980638206 19.436286926 0.062443577 0.998037934 -0.004560882 -1.156345367 -0.978679061 0.062126998 0.195773587 23.018541336
0.165731460 -0.007684901 0.986140609 20.491592407 0.064833097 0.997891068 -0.003119409 -1.171865702 -0.984037340 0.064451531 0.165880203 23.180912018
0.135244921 -0.007989893 0.990779638 21.653354645 0.066949487 0.997755587 -0.001092680 -1.178765297 -0.988547564 0.066479973 0.135476306 23.341188431
0.105095297 -0.008728854 0.994423509 22.749198914 0.066212028 0.997803807 0.001760944 -1.184625745 -0.992255390 0.065657742 0.105442442 23.449138641
0.075819127 -0.009008727 0.997080505 23.861324310 0.066925272 0.997750044 0.003925715 -1.190316200 -0.994872987 0.066432260 0.076251440 23.540477753
0.048870385 -0.008436430 0.998769104 25.000196457 0.069844708 0.997545063 0.005008559 -1.188179731 -0.996360004 0.069513991 0.049339622 23.588571548
0.024032718 -0.008089142 0.999678016 26.290311813 0.074519120 0.997199535 0.006277625 -1.208803892 -0.996929944 0.074344285 0.024568168 23.582706451
0.001321835 -0.007639863 0.999969482 27.464359283 0.078782298 0.996863246 0.007512002 -1.207552671 -0.996891022 0.078769997 0.001919517 23.583774567
-0.018753489 -0.007866621 0.999792695 28.646553040 0.084854916 0.996348321 0.009431186 -1.211774826 -0.996216834 0.085014232 -0.018017560 23.545389175
-0.036416311 -0.008485899 0.999300241 29.927726746 0.089084618 0.995954990 0.011703908 -1.208721995 -0.995358109 0.089448527 -0.035513129 23.491384506
-0.052034538 -0.008565112 0.998608112 31.177906036 0.092227310 0.995648146 0.013345432 -1.214506388 -0.994377434 0.092793398 -0.051018253 23.439590454
-0.066432014 -0.009469487 0.997745574 32.390857697 0.094079927 0.995440245 0.015711661 -1.204581738 -0.993345678 0.094911627 -0.065238319 23.380605698
-0.079782717 -0.010701708 0.996754348 33.613075256 0.094023190 0.995402992 0.018213065 -1.198138952 -0.992368042 0.095171161 -0.078409865 23.287822723
-0.091589987 -0.010522642 0.995740771 34.858917236 0.093517102 0.995433629 0.019121280 -1.170471787 -0.991395891 0.094870158 -0.090187833 23.148550034
-0.102543451 -0.007898713 0.994696736 36.121330261 0.093757130 0.995439649 0.017570065 -1.162602186 -0.990300179 0.095061660 -0.101335391 23.013187408
-0.112724937 -0.004639354 0.993614972 37.380580902 0.093819298 0.995471358 0.015291773 -1.147680759 -0.989187062 0.094944075 -0.111779332 22.882545471
-0.122052126 -0.002253839 0.992520690 38.633037567 0.094864883 0.995392323 0.013926089 -1.134095669 -0.987979770 0.095855117 -0.121276096 22.730552673
-0.129482374 -0.001313093 0.991580427 39.941192627 0.094584942 0.995422542 0.013669270 -1.120606780 -0.987060308 0.095558554 -0.128765628 22.556251526
-0.135332003 -0.000711404 0.990799546 41.269329071 0.094335131 0.995447159 0.013599867 -1.109087706 -0.986299276 0.095307752 -0.134648919 22.381008148
-0.140180781 0.000846843 0.990125060 42.625381470 0.095393181 0.995358825 0.012654355 -1.093623996 -0.985520005 0.096225135 -0.139611140 22.172863007
-0.144833311 0.002416233 0.989452600 43.983863831 0.094285481 0.995479822 0.011370310 -1.082566619 -0.984953642 0.094937868 -0.144406632 21.985385895
-0.148763582 0.003397668 0.988866389 45.380409241 0.094972298 0.995420158 0.010867316 -1.068806887 -0.984301686 0.095531635 -0.148405120 21.766765594
-0.151849478 0.002275298 0.988400400 46.744277954 0.094665647 0.995433211 0.012252152 -1.059673071 -0.983859897 0.095428102 -0.151371598 21.572614670
-0.154220760 0.000378843 0.988035679 48.139766693 0.095085502 0.995363533 0.014460087 -1.043599010 -0.983450472 0.096177973 -0.153541923 21.360128403
-0.156171054 -0.000672321 0.987729192 49.596523285 0.095113687 0.995341778 0.015716054 -1.022427797 -0.983139932 0.096401013 -0.155379802 21.119949341
-0.158183873 -0.000043215 0.987409055 51.049301147 0.097910620 0.995070279 0.015728937 -1.009351373 -0.982543349 0.099165969 -0.157400027 20.882652283
-0.159231648 -0.000347526 0.987240553 52.505840302 0.097565979 0.995098472 0.016086683 -0.991428971 -0.982408404 0.098882675 -0.158417434 20.652614594
-0.160059080 0.000936358 0.987106323 53.956233978 0.099151947 0.994956613 0.015133675 -0.971870780 -0.982115030 0.100295871 -0.159344867 20.430562973
-0.160162449 0.000995819 0.987089515 55.456005096 0.098752886 0.994998097 0.015019591 -0.952340424 -0.982138395 0.099883586 -0.159459859 20.191188812
-0.159660682 0.002141652 0.987168968 56.984722137 0.098648064 0.995026171 0.013796250 -0.945084035 -0.982230604 0.099585094 -0.159078002 19.947088242
-0.158074394 0.001932949 0.987424612 58.524620056 0.099475026 0.994941354 0.013977061 -0.928912878 -0.982403696 0.100433581 -0.157467172 19.688474655
-0.156608745 0.000925959 0.987659574 60.072731018 0.098535687 0.995024502 0.014691508 -0.908700168 -0.982733071 0.099620610 -0.155920908 19.445531845
-0.155260235 0.001734397 0.987871349 61.637012482 0.099586345 0.994931161 0.013904852 -0.890480995 -0.982841134 0.100537457 -0.154646099 19.197263718
-0.154507607 0.002593751 0.987987459 63.229278564 0.098974809 0.995006144 0.012866127 -0.862589777 -0.983021498 0.099773869 -0.153992862 18.968488693
-0.153634027 0.003273027 0.988121629 64.875114441 0.099924974 0.994919062 0.012240890 -0.845152557 -0.983062267 0.100618735 -0.153180599 18.709840775
-0.152701199 0.002998943 0.988267064 66.511756897 0.099446677 0.994965732 0.012346654 -0.831053555 -0.983256042 0.100165308 -0.152230799 18.469570160
-0.151596099 0.001638592 0.988440394 68.166938782 0.101483718 0.994739294 0.013915430 -0.812925041 -0.983218908 0.102420211 -0.150964975 18.208057404
-0.151032940 -0.000418102 0.988527894 69.833328247 0.103264153 0.994521439 0.016197935 -0.801949441 -0.983120203 0.104525998 -0.150162429 17.954288483
-0.150345474 0.000800611 0.988632441 71.502273560 0.104674801 0.994391084 0.015113072 -0.783384860 -0.983076334 0.105757169 -0.149586111 17.712165833
-0.149699837 0.002449390 0.988727689 73.222129822 0.106548950 0.994212925 0.013669240 -0.765373588 -0.982973516 0.107394263 -0.149094597 17.444404602
-0.149005696 0.002142993 0.988833249 74.911163330 0.105813332 0.994289815 0.013790037 -0.748588085 -0.983158410 0.106686629 -0.148381725 17.196275711
-0.148866624 0.001944262 0.988854587 76.650108337 0.106616959 0.994199693 0.014095841 -0.739133775 -0.983092666 0.107527174 -0.148210570 16.931161880
-0.148806259 0.000731453 0.988865256 78.312553406 0.106281206 0.994218469 0.015257994 -0.724015296 -0.983138144 0.107368395 -0.148023814 16.698160172
-0.148452669 0.001235333 0.988917887 80.058845520 0.107783042 0.994061589 0.014938245 -0.697198510 -0.983028114 0.108806320 -0.147704393 16.427248001
-0.148432955 0.001159942 0.988920987 81.878921509 0.108647734 0.993964314 0.015141733 -0.670294642 -0.982935965 0.109691665 -0.147663251 16.145177841
-0.148329645 0.002158436 0.988934815 83.694755554 0.109338537 0.993902028 0.014230348 -0.661786139 -0.982874990 0.110239565 -0.147661299 15.865293503
-0.149273098 0.002860086 0.988791049 85.456024170 0.108951159 0.993953764 0.013572834 -0.652634263 -0.982775092 0.109756097 -0.148682326 15.639909744
-0.150458530 0.003639148 0.988608837 87.254524231 0.107958615 0.994072676 0.012771208 -0.634671092 -0.982703805 0.108650483 -0.149959758 15.372488022
-0.152379319 0.003955704 0.988313377 89.091125488 0.107126333 0.994165659 0.012537747 -0.638120115 -0.982498884 0.107784986 -0.151914209 15.125867844
-0.153212428 0.003583600 0.988185942 90.923255920 0.106613293 0.994215846 0.012924308 -0.626297116 -0.982425153 0.107334033 -0.152708456 14.846035957
-0.153958991 0.003604298 0.988069832 92.735633850 0.106657214 0.994210243 0.012992418 -0.606884658 -0.982303679 0.107385181 -0.153452203 14.552385330
-0.154634818 0.002562061 0.987967551 94.585533142 0.103997082 0.994482577 0.013698481 -0.588406742 -0.982482791 0.104864106 -0.154048249 14.277734756
-0.156290874 0.003571372 0.987703741 96.441513062 0.103851750 0.994509220 0.012837177 -0.572460771 -0.982236028 0.104581207 -0.155803800 13.990768433
-0.158717364 0.004442361 0.987313211 98.241424561 0.102935821 0.994614005 0.012072437 -0.556002498 -0.981943309 0.103546105 -0.158319980 13.710408211
-0.162773490 0.005497983 0.986647248 100.109535217 0.103594355 0.994551837 0.011548600 -0.536741316 -0.981209874 0.104090989 -0.162456438 13.407117844
-0.167433470 0.004765538 0.985871017 101.975097656 0.101636469 0.994742930 0.012452817 -0.523307979 -0.980630338 0.102285556 -0.167037815 13.111905098
-0.172176868 0.004065854 0.985056818 103.886741638 0.100243032 0.994871795 0.013415001 -0.512244463 -0.979952157 0.101054914 -0.171701699 12.775568008
-0.177369356 0.004635610 0.984132648 105.790824890 0.098792091 0.995020866 0.013118325 -0.511665523 -0.979173124 0.099551372 -0.176944405 12.464188576
-0.181872666 0.006905844 0.983296990 107.616462708 0.098845750 0.995037913 0.011294425 -0.477050811 -0.978341281 0.099248938 -0.181653053 12.139871597
-0.186792165 0.009018063 0.982357204 109.527702332 0.099594414 0.994979024 0.009803647 -0.485918909 -0.977337956 0.099668600 -0.186752692 11.810469627
-0.191865712 0.009307303 0.981376171 111.444396973 0.097927921 0.995145380 0.009707697 -0.480187774 -0.976523161 0.097966768 -0.191845983 11.454786301
-0.196873531 0.008962308 0.980387032 113.369453430 0.096111357 0.995317519 0.010201535 -0.476626009 -0.975706518 0.096234813 -0.196813330 11.084420204
-0.202032104 0.008021173 0.979345202 115.256706238 0.093504354 0.995555818 0.011135370 -0.481810272 -0.974905014 0.093822807 -0.201884538 10.672881126
-0.207787603 0.007414788 0.978145003 117.198219299 0.092349216 0.995652735 0.012070281 -0.475494385 -0.973804772 0.092839047 -0.207569346 10.301246643
-0.213236421 0.007212497 0.976973176 119.154312134 0.092477225 0.995631337 0.012834067 -0.467024654 -0.972613990 0.093084514 -0.212972149 9.890892982
-0.218651712 0.008930978 0.975761235 121.155662537 0.092831224 0.995612442 0.011689260 -0.443743706 -0.971377134 0.093137041 -0.218521744 9.430164337
-0.224177569 0.010088915 0.974495232 123.153457642 0.092330709 0.995667517 0.010932103 -0.428388327 -0.970164478 0.092426613 -0.224138170 8.965416908
-0.230054140 0.010137374 0.973124206 125.132629395 0.092726700 0.995623708 0.011549571 -0.421462804 -0.968749940 0.092891678 -0.229987711 8.491014481
-0.235658228 0.010132925 0.971782327 127.068595886 0.091633931 0.995721459 0.011838797 -0.407232672 -0.967506111 0.091838203 -0.235578835 8.033182144
-0.240917668 0.010534651 0.970487535 129.053665161 0.090894558 0.995790184 0.011754728 -0.405072242 -0.966279745 0.091044016 -0.240861371 7.547808170
-0.245329142 0.011440478 0.969371438 131.008804321 0.090346865 0.995847464 0.011112109 -0.380180657 -0.965220571 0.090305850 -0.245344400 7.034778595
-0.277501732 0.012199833 0.960646808 133.050476074 0.091514431 0.995707333 0.013790671 -0.436788201 -0.956356406 0.091740035 -0.277427405 7.576663017
-0.280578166 0.012347621 0.959750891 134.976699829 0.094276659 0.995435774 0.014754579 -0.432402998 -0.955189764 0.094621986 -0.280462056 6.939938068
-0.283960223 0.013255920 0.958743513 136.951644897 0.095586136 0.995313883 0.014549114 -0.416088372 -0.954059482 0.095774025 -0.283897042 6.347205639
-0.286911488 0.014069600 0.957852840 138.912658691 0.096263073 0.995253444 0.014215309 -0.400308073 -0.953107953 0.096284471 -0.286904454 5.760633945
-0.289869517 0.013707308 0.956967056 140.906005859 0.095539488 0.995316446 0.014682727 -0.394218594 -0.952285409 0.095684297 -0.289821893 5.139348984
-0.293562561 0.013563320 0.955842674 142.888717651 0.094413057 0.995421112 0.014871626 -0.405053228 -0.951265812 0.094609857 -0.293499351 4.521258354
-0.297596127 0.013803662 0.954591155 144.854614258 0.093243554 0.995534301 0.014673208 -0.400334507 -0.950127184 0.093376227 -0.297554672 3.904852152
-0.302460790 0.012405820 0.953080118 146.690979004 0.092497654 0.995577037 0.016395237 -0.451726377 -0.948662817 0.093116656 -0.302270979 3.390114784
-0.306677431 0.012474315 0.951730788 148.622604370 0.092932604 0.995528162 0.016897436 -0.463663459 -0.947265565 0.093628950 -0.306465745 2.764908075
-0.311476469 0.012914177 0.950165093 150.707611084 0.092667311 0.995553732 0.016846480 -0.464374959 -0.945724428 0.093296595 -0.311288744 2.153435469
-0.315888077 0.012520472 0.948712826 152.564147949 0.091643482 0.995639443 0.017374294 -0.462766558 -0.944359899 0.092431739 -0.315658540 1.513874292
-0.320231527 0.011750776 0.947265387 154.576309204 0.091824546 0.995598972 0.018691761 -0.461756319 -0.942878246 0.092967965 -0.319901645 0.871235311
-0.324376345 0.011736129 0.945854247 156.561508179 0.092328936 0.995540559 0.019311152 -0.453260124 -0.941411018 0.093593858 -0.324013829 0.210408807
-0.328059644 0.012379579 0.944574833 158.548812866 0.093402259 0.995438814 0.019393280 -0.450197369 -0.940027773 0.094587639 -0.327720016 -0.448387921
-0.331365168 0.014336021 0.943392575 160.584320068 0.093649276 0.995445967 0.017767131 -0.404295534 -0.938843012 0.094235510 -0.331199139 -1.177227139
-0.335452110 0.015476473 0.941929042 162.565643311 0.093618348 0.995462537 0.016984537 -0.423960954 -0.937393546 0.093879402 -0.335379362 -1.788258672
-0.338228673 0.016499627 0.940918267 164.486953735 0.094302237 0.995407104 0.016443381 -0.407968521 -0.936326683 0.094292365 -0.338231623 -2.536682606
-0.341201633 0.017227957 0.939831197 166.517379761 0.094165124 0.995428264 0.015939144 -0.393203408 -0.935261190 0.093937822 -0.341264516 -3.288808584
-0.344286144 0.017230339 0.938705564 168.578887939 0.094513483 0.995387793 0.016393656 -0.377571821 -0.934094965 0.094364472 -0.344327271 -4.031692982
-0.348141074 0.017444359 0.937278807 170.576705933 0.094132461 0.995423198 0.016437864 -0.363630533 -0.932703614 0.093951069 -0.348190337 -4.768269062
-0.351901114 0.018323919 0.935856819 172.675903320 0.096337214 0.995207191 0.016738757 -0.348456770 -0.931066036 0.096048243 -0.351980358 -5.551295757
-0.355014414 0.018708732 0.934672654 174.525482178 0.098339826 0.994999349 0.017435929 -0.332242519 -0.929673731 0.098105580 -0.355079472 -6.233274937
-0.357267410 0.018377669 0.933820426 176.595596313 0.099251695 0.994891584 0.018392844 -0.313858032 -0.928713262 0.099254452 -0.357266873 -7.043141365
-0.359947085 0.017997317 0.932798207 178.680389404 0.098946080 0.994910896 0.018985491 -0.284960687 -0.927710652 0.099130534 -0.359896541 -7.852169991
-0.362939864 0.018412933 0.931629658 180.622116089 0.098317638 0.994979799 0.018637128 -0.290338516 -0.926610768 0.098359823 -0.362928629 -8.584094048
-0.365947545 0.020320611 0.930412591 182.729125977 0.097587027 0.995086908 0.016649567 -0.267401606 -0.925504386 0.096889108 -0.366133124 -9.392960548
-0.369406402 0.022230335 0.929000974 184.756942749 0.096837252 0.995190918 0.014691997 -0.244445413 -0.924208164 0.095389254 -0.369783133 -10.172722816
-0.373183459 0.023872484 0.927449346 186.848007202 0.097324371 0.995159626 0.013545666 -0.243818864 -0.922638297 0.095318466 -0.373701036 -11.000391006
-0.376408041 0.024720661 0.926123083 188.928894043 0.095220461 0.995381296 0.012131500 -0.218130097 -0.921547294 0.092752270 -0.377023995 -11.819377899
-0.380234092 0.024965057 0.924552262 190.999969482 0.095849738 0.995315790 0.012543609 -0.198412284 -0.919909894 0.093387604 -0.380846471 -12.630064964
-0.384013891 0.024216181 0.923008680 192.996902466 0.095789477 0.995305836 0.013739830 -0.214354113 -0.918344796 0.093690805 -0.384531468 -13.414372444
-0.387735009 0.023765398 0.921463490 195.048446655 0.095572650 0.995315254 0.014545115 -0.202422172 -0.916802585 0.093706354 -0.388190418 -14.249044418
-0.392158896 0.023249770 0.919602692 197.094497681 0.095884606 0.995267272 0.015726639 -0.219030589 -0.914886355 0.094343081 -0.392532766 -15.054451942
-0.395727932 0.023408158 0.918068409 199.212966919 0.094958544 0.995358765 0.015552460 -0.197318107 -0.913444996 0.093332976 -0.396114647 -15.974485397
-0.399619937 0.023727668 0.916372776 201.128158569 0.094060235 0.995448828 0.015243421 -0.196000516 -0.911842167 0.092285804 -0.400033623 -16.775678635
-0.402741343 0.024333715 0.914989293 203.193313599 0.094122402 0.995447338 0.014955414 -0.185377374 -0.910461426 0.092144147 -0.403198749 -17.680131912
-0.405458093 0.025199771 0.913765252 205.232757568 0.095168322 0.995350540 0.014778586 -0.182624638 -0.909145892 0.092953600 -0.405971766 -18.586832047
-0.408105910 0.024922565 0.912593365 207.299407959 0.096160114 0.995239139 0.015822599 -0.185427412 -0.907855868 0.094212383 -0.408560187 -19.482460022
-0.410296559 0.024385696 0.911625087 209.292785645 0.097551793 0.995079339 0.017287219 -0.175800219 -0.906719327 0.096023552 -0.410657167 -20.386711121
-0.412883013 0.025174238 0.910435140 211.399780273 0.098830789 0.994952738 0.017308619 -0.164314047 -0.905405819 0.097125463 -0.413287759 -21.340782166
-0.415483356 0.026254518 0.909220815 213.491302490 0.098726287 0.994978786 0.016383741 -0.139008537 -0.904226959 0.096571177 -0.415989816 -22.278518677
-0.418070287 0.026447926 0.908028603 215.521469116 0.098075457 0.995046616 0.016172960 -0.121898636 -0.903104782 0.095816761 -0.418594003 -23.182737350
-0.420878679 0.027744558 0.906691551 217.514343262 0.097889163 0.995083451 0.014990003 -0.109602153 -0.901819646 0.095064253 -0.421525985 -24.089223862
-0.423642218 0.028823579 0.905369818 219.597274780 0.097770989 0.995108485 0.014068646 -0.100088023 -0.900537550 0.094478980 -0.424388796 -25.051752090
-0.425985575 0.028758848 0.904271722 221.660369873 0.095888577 0.995299280 0.013517497 -0.099604085 -0.899634004 0.092467584 -0.426741511 -26.007129669
-0.428355217 0.029994883 0.903111398 223.469421387 0.096891135 0.995210350 0.012902725 -0.071511522 -0.898400605 0.093030430 -0.429210484 -26.946830750
-0.430118561 0.030026486 0.902271867 225.390350342 0.098834917 0.995004296 0.014002698 -0.040972844 -0.897345781 0.095198780 -0.430938184 -27.894805908
-0.433126688 0.029307522 0.900855362 227.422042847 0.099229775 0.994945288 0.015340616 -0.042206269 -0.895854056 0.096036106 -0.433846235 -28.835660934
-0.436289817 0.028692218 0.899347544 229.353454590 0.098289631 0.995029211 0.015937291 -0.063615620 -0.894421637 0.095349818 -0.436941952 -29.727264404
-0.439181864 0.028865384 0.897933245 231.212997437 0.097627223 0.995097220 0.015760899 -0.085963860 -0.893077731 0.094584621 -0.439847410 -30.565074921
-0.442660302 0.028314656 0.896241188 233.306198120 0.096121997 0.995239377 0.016033100 -0.072785944 -0.891522288 0.093245685 -0.443275332 -31.589086533
-0.445990682 0.027621919 0.894610226 235.334396362 0.095661305 0.995268404 0.016960265 -0.088734284 -0.889910579 0.093143687 -0.446523517 -32.568077087
-0.449008435 0.028067848 0.893085480 237.416793823 0.095626228 0.995274544 0.016797686 -0.074384302 -0.888395548 0.092944689 -0.449571431 -33.609745026
-0.453063250 0.027663445 0.891047955 239.505233765 0.095146231 0.995308876 0.017477836 -0.074754044 -0.886386156 0.092698410 -0.453570664 -34.611385345
-0.457100719 0.027727347 0.888981581 241.392761230 0.094859399 0.995331764 0.017730836 -0.031865712 -0.884341717 0.092433013 -0.457597792 -35.495784760
-0.460928679 0.027386781 0.887013435 243.316665649 0.093675308 0.995440066 0.017943058 -0.039342251 -0.882479072 0.091361701 -0.461393088 -36.485374451
-0.464476138 0.028271403 0.885133207 245.401428223 0.093911536 0.995425880 0.017486155 -0.018174602 -0.880591929 0.091246098 -0.465007335 -37.575595856
-0.467867970 0.029019438 0.883320749 247.444137573 0.094636120 0.995358348 0.017425684 -0.002638878 -0.878716826 0.091746949 -0.468443334 -38.626708984
-0.471392572 0.029285664 0.881436050 249.428939819 0.094779685 0.995341301 0.017618073 0.023587724 -0.876815557 0.091847241 -0.471972913 -39.649852753
-0.474795461 0.029512871 0.879600167 251.491363525 0.093324438 0.995489955 0.016973903 0.026599081 -0.875133991 0.090147294 -0.475409120 -40.764030457
-0.478483886 0.029926961 0.877585173 253.493057251 0.094352715 0.995383918 0.017499648 0.021807024 -0.873012245 0.091175817 -0.479099572 -41.809440613
-0.481832922 0.030348575 0.875736356 255.644287109 0.094782695 0.995340347 0.017656296 0.043020319 -0.871121645 0.091512017 -0.482464969 -43.001422882
-0.485083222 0.031518035 0.873898804 257.718994141 0.096135430 0.995213866 0.017469410 0.063152760 -0.869167387 0.092486724 -0.485792279 -44.154953003
-0.487439573 0.034033384 0.872492194 259.646881104 0.098711841 0.994980872 0.016336517 0.087472513 -0.867558837 0.094088346 -0.488353282 -45.280300140
-0.490560651 0.034895517 0.870707035 261.612091064 0.100746401 0.994767547 0.016893495 0.065133721 -0.865563452 0.096007854 -0.491510212 -46.284076691
-0.493762285 0.037091091 0.868804514 263.516693115 0.102401212 0.994617581 0.015734719 0.086615115 -0.863546491 0.096735813 -0.494903594 -47.321506500
-0.496711493 0.039773908 0.867002845 265.460815430 0.104574323 0.994413197 0.014292409 0.087619528 -0.861592531 0.097765408 -0.498096585 -48.348285675
-0.499772310 0.040592290 0.865204036 267.437591553 0.105545677 0.994310200 0.014317385 0.110860541 -0.859702051 0.098473944 -0.501213789 -49.435024261
-0.502771914 0.041261066 0.863432705 269.357238770 0.105430804 0.994328618 0.013875514 0.118146837 -0.857965350 0.098008581 -0.504271507 -50.544506073
-0.506204247 0.041399404 0.861418247 271.461486816 0.104783252 0.994398296 0.013784497 0.149036691 -0.856024265 0.097239934 -0.507707477 -51.736789703
-0.509998024 0.043078419 0.859095097 273.566101074 0.106220879 0.994253576 0.013201744 0.153111503 -0.853591740 0.097986653 -0.511644185 -52.898479462
-0.513461113 0.043591648 0.857003868 275.549652100 0.105980046 0.994282901 0.012921982 0.157363817 -0.851543128 0.097460195 -0.515146434 -54.010780334
-0.516728461 0.043310408 0.855052114 277.512847900 0.104606509 0.994429290 0.012846008 0.156938031 -0.849734664 0.096081868 -0.518381417 -55.105792999
-0.518927455 0.043593563 0.853704870 279.419891357 0.106170967 0.994251192 0.013765959 0.148886040 -0.848199189 0.097782172 -0.520573556 -56.291721344
-0.522372007 0.043903053 0.851585627 281.479187012 0.108167864 0.994016409 0.015105346 0.128322095 -0.845829189 0.100004777 -0.523996234 -57.399578094
-0.524710715 0.044191957 0.850131571 283.470672607 0.109372795 0.993873060 0.015842104 0.134186625 -0.844225049 0.101293765 -0.526330292 -58.603935242
-0.526529551 0.044050075 0.849013746 285.434173584 0.109494396 0.993851602 0.016339874 0.143772006 -0.843076110 0.101565644 -0.528116465 -59.795761108
-0.528720140 0.043477368 0.847680867 287.523712158 0.109467328 0.993838251 0.017303783 0.159990102 -0.841707587 0.101942196 -0.530222595 -61.083915710
-0.531276107 0.044028897 0.846052766 289.557617188 0.111161232 0.993636072 0.018094124 0.180273429 -0.839874148 0.103661224 -0.532790422 -62.329994202
-0.533006728 0.044215977 0.844953835 291.574798584 0.112117581 0.993516743 0.018734848 0.197606087 -0.838649631 0.104719952 -0.534509540 -63.607822418
-0.535032988 0.045094274 0.843625724 293.601379395 0.111780770 0.993572235 0.017782709 0.218570754 -0.837403476 0.103815444 -0.536635637 -64.860267639
-0.535705686 0.045296747 0.843187869 293.668334961 0.108045012 0.994027555 0.015244624 0.231513530 -0.837463796 0.099268846 -0.537401319 -64.983764648
-0.539474010 0.044894140 0.840803504 295.711090088 0.106571801 0.994185805 0.015294383 0.252633691 -0.835230589 0.097856835 -0.541122854 -66.236679077
-0.544143975 0.043578472 0.837858319 297.798767090 0.105549090 0.994270027 0.016834704 0.249683321 -0.832326114 0.097595654 -0.545626640 -67.512062073
-0.548592508 0.041303955 0.835067928 299.919342041 0.103639476 0.994433761 0.018898774 0.275064945 -0.829641521 0.096913695 -0.549820602 -68.898979187
-0.553304851 0.040163845 0.832008898 302.057403564 0.102539256 0.994522572 0.020181980 0.309636593 -0.826643407 0.096480332 -0.554393530 -70.273544312
-0.557203293 0.040574107 0.829383194 304.249389648 0.103379361 0.994422734 0.020805184 0.347974241 -0.823915720 0.097333796 -0.558291078 -71.724632263
-0.561037004 0.042241633 0.826711178 306.412536621 0.105875373 0.994154811 0.021053588 0.391061217 -0.820991933 0.099340178 -0.562230885 -73.136054993
-0.565818131 0.043859165 0.823361635 308.555236816 0.109052807 0.993790746 0.022003915 0.383787423 -0.817286432 0.102240101 -0.567088664 -74.441116333
-0.570213437 0.044256639 0.820302486 310.739318848 0.109568805 0.993721724 0.022551166 0.432993412 -0.814156711 0.102738537 -0.571483493 -75.896652222
-0.573744237 0.042565580 0.817926645 312.696777344 0.109207764 0.993705630 0.024891740 0.450277507 -0.811721087 0.103605427 -0.574782133 -77.297790527
-0.578153908 0.040829454 0.814904511 314.884857178 0.107443593 0.993858159 0.026432790 0.494989872 -0.808822513 0.102838486 -0.578990519 -78.793991089
-0.580742836 0.040867779 0.813059628 316.964782715 0.107425682 0.993850946 0.026775610 0.520362914 -0.806968033 0.102893226 -0.581562757 -80.324394226
-0.584824324 0.040972497 0.810123563 318.967651367 0.108003810 0.993762732 0.027707212 0.554937959 -0.803937554 0.103700273 -0.585602522 -81.723495483
-0.588717461 0.041223872 0.807286024 321.023773193 0.109519683 0.993556082 0.029132027 0.588768184 -0.800885141 0.105564237 -0.589439392 -83.196006775
-0.592554033 0.041401919 0.804465055 323.196716309 0.110250622 0.993446946 0.030080602 0.653026640 -0.797950089 0.106517144 -0.593236327 -84.780723572
-0.603235483 0.043905757 0.796352744 324.208770752 0.112231821 0.993219793 0.030255564 0.679334521 -0.789627016 0.107627340 -0.604073822 -85.458557129
-0.607050598 0.043119792 0.793491483 326.382812500 0.111557230 0.993261278 0.031369723 0.738178909 -0.786793828 0.107562713 -0.607770920 -87.056373596
-0.609879375 0.042624414 0.791346192 328.481658936 0.111394115 0.993248105 0.032350309 0.801267982 -0.784626365 0.107881084 -0.610510349 -88.650306702
-0.611751795 0.041511297 0.789958835 330.613555908 0.108753592 0.993551731 0.032009926 0.854994714 -0.783538401 0.105492987 -0.612322271 -90.356254578
-0.614709496 0.040712673 0.787701130 332.688201904 0.105465874 0.993940234 0.030931590 0.915941000 -0.781670809 0.102089517 -0.615279019 -91.896789551
-0.617637575 0.040024661 0.785442710 334.689514160 0.102275349 0.994309485 0.029756641 0.964856088 -0.779784381 0.098710231 -0.618217111 -93.431243896
-0.623997509 0.041163310 0.780340374 334.694458008 0.098819785 0.994749665 0.026547438 0.980995715 -0.775152862 0.093678571 -0.624789774 -93.414947510
-0.627412856 0.041253291 0.777592242 336.901794434 0.100083739 0.994583726 0.027988825 1.045089126 -0.772228301 0.095384859 -0.628144145 -95.123184204
-0.630405843 0.040650044 0.775199592 339.016540527 0.098382413 0.994757533 0.027842933 1.088955164 -0.770006180 0.093818329 -0.631100893 -96.857200623
-0.633463800 0.039025895 0.772786558 341.052093506 0.095862523 0.994989693 0.028332513 1.110155344 -0.767811298 0.092028856 -0.634031713 -98.493408203
-0.636566103 0.035184249 0.770418108 343.011413574 0.093510628 0.995108128 0.031818401 1.138966799 -0.765532196 0.092296757 -0.636742830 -100.082275391
-0.639505327 0.032883007 0.768082023 345.020629883 0.091223888 0.995270371 0.033343554 1.190867186 -0.763355374 0.091390766 -0.639481068 -101.732521057
-0.640650988 0.033796735 0.767087042 345.024597168 0.092124783 0.995195746 0.033093199 1.194013238 -0.762285829 0.091868870 -0.640687287 -101.738021851
-0.641785026 0.035394698 0.766066313 345.034362793 0.093442291 0.995098829 0.032306015 1.198066235 -0.761170685 0.092316464 -0.641947508 -101.763534546
-0.642393291 0.035535458 0.765549779 345.041595459 0.093926027 0.995042801 0.032627605 1.198843598 -0.760597825 0.092864759 -0.642547131 -101.772644043
-0.643547058 0.035238758 0.764593780 345.039978027 0.093557924 0.995068967 0.032885227 1.199802876 -0.759667218 0.092696950 -0.643671274 -101.766609192
-0.645729661 0.034164157 0.762800217 345.113616943 0.090775259 0.995346963 0.032264013 1.205379009 -0.758151174 0.090077162 -0.645827115 -101.832649231
-0.666687250 0.043291140 0.744078040 345.274261475 0.107728228 0.993424237 0.038725082 0.778103709 -0.737511218 0.105975717 -0.666967809 -101.191810608
-0.670021296 0.044916954 0.740980446 347.416412354 0.099904090 0.994541585 0.030049391 0.839765251 -0.735588610 0.094160676 -0.670852304 -103.087791443
-0.671198964 0.058724634 0.738946140 347.425201416 0.112147242 0.993425727 0.022917062 0.830176353 -0.732744813 0.098252676 -0.673372984 -103.124465942
-0.672660768 0.058767453 0.737612367 347.482757568 0.115612581 0.992943943 0.026321651 0.847479522 -0.730863452 0.102982819 -0.674709499 -103.228981018
-0.673993587 0.049277350 0.737090588 347.496765137 0.114246860 0.992719889 0.038099736 0.828083456 -0.729849637 0.109889284 -0.674717426 -103.279624939
-0.677087903 0.039299499 0.734850764 347.523468018 0.108713157 0.992956698 0.047064744 0.833566785 -0.727828026 0.111754932 -0.676592171 -103.302886963
-0.680876553 0.032840714 0.731660247 347.574096680 0.102676250 0.993406951 0.050960217 0.850420177 -0.725165367 0.109821767 -0.679760277 -103.348289490
-0.686448872 0.032316793 0.726458251 347.657379150 0.101238243 0.993528545 0.051464941 0.874459624 -0.720096409 0.108873427 -0.685279071 -103.369529724
-0.690414667 0.037761729 0.722426295 347.701690674 0.106511116 0.993057787 0.049883511 0.883010805 -0.715529919 0.111386761 -0.689644516 -103.405845642
-0.695413888 0.044527888 0.717227221 347.733825684 0.111390635 0.992692530 0.046373032 0.889145911 -0.709923685 0.112140872 -0.695293009 -103.438041687
-0.697801411 0.046953179 0.714749396 347.744750977 0.112008803 0.992724776 0.044138860 0.891242921 -0.707479477 0.110858403 -0.697984815 -103.515190125
-0.704699993 0.046818007 0.707957745 347.789642334 0.111346945 0.992752314 0.045182656 0.888433337 -0.700713694 0.110669166 -0.704806447 -103.547851562
-0.706565022 0.046608426 0.706110358 347.763824463 0.112300180 0.992567360 0.046855673 0.892993987 -0.698680580 0.112402909 -0.706548274 -103.622604370
-0.712942421 0.045544043 0.699740708 347.807769775 0.111753441 0.992512524 0.049262002 0.890716970 -0.692260325 0.113319419 -0.712694764 -103.634284973
-0.714694619 0.045695703 0.697941065 347.828491211 0.111730449 0.992506742 0.049430747 0.895829260 -0.690454900 0.113309167 -0.714445591 -103.725212097
-0.720486999 0.046048425 0.691936612 347.842529297 0.111163266 0.992557228 0.049695134 0.896421373 -0.684500694 0.112722628 -0.720244288 -103.732704163
-0.723102629 0.046692681 0.689159393 347.857879639 0.111708306 0.992482424 0.049966354 0.898837864 -0.681647956 0.113115616 -0.722883403 -103.801971436
-0.724365711 0.046647299 0.687834740 347.819763184 0.113472715 0.992166519 0.052212726 0.901518345 -0.680013537 0.115871571 -0.723985493 -103.872558594
-0.724790275 0.046879929 0.687371492 347.780120850 0.115892261 0.991760433 0.054561175 0.917286158 -0.679152548 0.119206451 -0.724252224 -103.958778381
-0.726375878 0.047004923 0.685687184 347.740509033 0.117350258 0.991489172 0.056345519 0.939366579 -0.677205443 0.121393606 -0.725710750 -104.018379211
-0.731271565 0.046934038 0.680468559 347.753112793 0.116054155 0.991643071 0.056321710 0.942356288 -0.672141075 0.120157674 -0.730608106 -104.033721924
-0.734385192 0.046618059 0.677128851 347.743469238 0.111538813 0.992362738 0.052649207 0.960155427 -0.669505596 0.114190944 -0.733977079 -104.090751648
-0.735517323 0.045572419 0.675970256 347.687744141 0.108496740 0.992779732 0.051123157 0.964012861 -0.668762326 0.110942528 -0.735152006 -104.169288635
-0.740365803 0.044419620 0.670733690 347.708862305 0.105776042 0.993080139 0.050989833 0.967371583 -0.663829923 0.108698674 -0.739942014 -104.185653687
-0.740976095 0.043064244 0.670147896 347.651916504 0.103627324 0.993318975 0.050748073 0.961834073 -0.663487732 0.107048720 -0.740489244 -104.266838074
-0.743286252 0.041672342 0.667672992 347.626190186 0.100185961 0.993734539 0.049508490 0.955921233 -0.661429107 0.103690408 -0.742805183 -104.338333130
-0.748692095 0.040462386 0.661680520 347.606689453 0.099936560 0.993615746 0.052317601 0.914511621 -0.655341804 0.105295822 -0.747956991 -104.356216431
-0.741625369 0.041760188 0.669511795 347.462951660 0.103013039 0.993310213 0.052151658 0.930638015 -0.662857592 0.107645422 -0.740966916 -104.546478271
-0.745160103 0.041780882 0.665574193 347.486694336 0.103997402 0.993103862 0.054091409 0.935826302 -0.658726811 0.109524727 -0.744367480 -104.583320618
-0.743890047 0.042418327 0.666953087 349.159393311 0.109733805 0.992189586 0.059288677 1.069088697 -0.659231424 0.117291570 -0.742735684 -106.519866943
-0.742245972 0.042944726 0.668748617 351.471710205 0.114151269 0.991460383 0.063028522 1.271079183 -0.660333455 0.123121202 -0.740810752 -108.790275574
-0.741171777 0.039617356 0.670143962 353.083587646 0.108144373 0.992263615 0.060946010 1.359279633 -0.662547469 0.117643766 -0.739723265 -110.595458984
-0.739787340 0.037604075 0.671787679 354.920684814 0.100638963 0.993387818 0.055219684 1.493339419 -0.665271759 0.108458824 -0.738681197 -112.672706604
-0.738562465 0.034721676 0.673288822 355.629211426 0.095600612 0.993973553 0.053609248 1.536063790 -0.667372406 0.103960589 -0.737432003 -113.390281677
-0.736490488 0.033883255 0.675597131 357.180969238 0.093614556 0.994238198 0.052188080 1.598579288 -0.669938743 0.101681732 -0.735419989 -115.121543884
-0.734029531 0.034731567 0.678227186 358.917938232 0.095712774 0.994012177 0.052684873 1.706736803 -0.672338843 0.103587255 -0.732959569 -116.991561890
-0.732336223 0.034541503 0.680064917 360.707122803 0.096188590 0.993944228 0.053097833 1.808865786 -0.674115181 0.104299948 -0.731224954 -118.877471924
-0.730745614 0.035243392 0.681737840 360.939361572 0.094318055 0.994299352 0.049696434 1.823195934 -0.676102638 0.100615636 -0.729905009 -119.031898499
-0.729531586 0.030727632 0.683254898 361.356109619 0.088629380 0.994812727 0.049892962 1.854017377 -0.678180218 0.096954927 -0.728471696 -119.540374756
-0.728956461 0.023863072 0.684142351 361.846771240 0.080005579 0.995511651 0.050522439 1.879810810 -0.679868758 0.091563821 -0.727594852 -120.071266174
-0.728754342 0.019782893 0.684487700 363.560455322 0.073029123 0.996125698 0.048962113 1.952360868 -0.680869818 0.085668832 -0.727376640 -121.902816772
-0.728121281 0.018878706 0.685186565 365.285949707 0.071276642 0.996285319 0.048292510 2.041499615 -0.681732297 0.084000543 -0.726763129 -123.760314941
-0.727114975 0.019428996 0.686239004 365.307098389 0.073434360 0.996063948 0.049607515 2.042500496 -0.682576835 0.086463846 -0.725680709 -123.785827637
-0.725947201 0.018655986 0.687495649 365.320129395 0.075044796 0.995810330 0.052219458 2.042894363 -0.683643878 0.089501508 -0.724306762 -123.801773071
-0.724747837 0.016353885 0.688818336 366.830047607 0.073393561 0.995861173 0.053578045 2.163766384 -0.685094118 0.089385375 -0.722949564 -125.493865967
-0.724080980 0.015856592 0.689530909 368.662200928 0.071219489 0.996108830 0.051881220 2.267342329 -0.686028063 0.086674213 -0.722393870 -127.392471313
-0.723218799 0.016738212 0.690414369 369.190765381 0.070392087 0.996284664 0.049582932 2.306048155 -0.687022269 0.084458984 -0.721711099 -127.909896851
-0.721854508 0.019018542 0.691781700 369.523101807 0.072286800 0.996224523 0.048040770 2.332944155 -0.688259184 0.084685102 -0.720504999 -128.373947144
-0.720691085 0.020026928 0.692965269 370.104400635 0.074683756 0.996006548 0.048886824 2.363196373 -0.689221919 0.086985528 -0.719309688 -128.909271240
-0.719673395 0.020267004 0.694015145 370.354736328 0.076363705 0.995818496 0.050106362 2.376024485 -0.690100670 0.089057766 -0.718212724 -129.305007935
