1.000000000 0.000000000 0.000000000 0.000000000 0.000000000 1.000000000 0.000000000 0.000000000 0.000000000 0.000000000 1.000000000 0.000000000
0.999998450 0.000958399 0.001471665 -0.005978297 -0.000951504 0.999988616 -0.004678917 -0.001776897 -0.001476133 0.004677509 0.999987960 0.961700678
0.999996543 -0.001296426 0.002282116 -0.005472736 0.001309032 0.999983847 -0.005530904 -0.000256469 -0.002274909 0.005533873 0.999982059 1.924279928
0.999992847 -0.002869009 0.002453571 -0.008670336 0.002872612 0.999994814 -0.001466159 -0.001468014 -0.002449352 0.001473198 0.999995887 2.872551680
0.999984384 -0.005293828 0.001792066 -0.006391115 0.005285758 0.999975979 0.004479082 -0.004730797 -0.001815735 -0.004469538 0.999988317 3.825773716
0.999960244 -0.008903309 0.000390637 -0.005024138 0.008901482 0.999950469 0.004451504 -0.001556485 -0.000430251 -0.004447848 0.999989986 4.752672195
0.999934018 -0.011469187 -0.000553938 -0.006385067 0.011470097 0.999932826 0.001668711 0.000235233 0.000534762 -0.001674954 0.999998450 5.686810970
0.999924242 -0.012225653 -0.001383507 -0.009210072 0.012223135 0.999923646 -0.001814374 0.001536631 0.001405583 0.001797328 0.999997377 6.605813980
0.999926090 -0.011952111 -0.002195529 -0.015974801 0.011946652 0.999925554 -0.002482907 0.002185730 0.002225041 0.002456496 0.999994516 7.529417515
0.999929726 -0.011417822 -0.003163473 -0.025712702 0.011415851 0.999934614 -0.000640006 0.001052639 0.003170574 0.000603848 0.999994814 8.449746132
0.999929011 -0.011258815 -0.003878091 -0.034315556 0.011267892 0.999933839 0.002326937 -0.001252951 0.003851636 -0.002370469 0.999989808 9.374243736
0.999927342 -0.011147216 -0.004568821 -0.045976866 0.011164172 0.999930859 0.003702805 0.000802788 0.004527229 -0.003753542 0.999982715 10.286637306
0.999908745 -0.012537385 -0.005014121 -0.057464365 0.012560816 0.999910295 0.004669382 0.000340068 0.004955129 -0.004731937 0.999976516 11.194425583
0.999905586 -0.012450303 -0.005800793 -0.065298863 0.012476624 0.999912024 0.004523831 0.005654801 0.005743960 -0.004595778 0.999972939 12.099857330
0.999895990 -0.012912329 -0.006406335 -0.078115299 0.012932501 0.999911606 0.003117444 0.009217994 0.006365515 -0.003199969 0.999974608 13.004234314
0.999879897 -0.013333946 -0.007887619 -0.087637231 0.013342814 0.999910474 0.001072792 0.013730536 0.007872608 -0.001177906 0.999968350 13.908116341
0.999850750 -0.014585650 -0.009247443 -0.101012461 0.014583869 0.999893725 -0.000259970 0.014920272 0.009250252 0.000125068 0.999957263 14.803841591
0.999838650 -0.014261475 -0.010911300 -0.116215378 0.014251613 0.999898076 -0.000981165 0.016979294 0.010924181 0.000825503 0.999940038 15.702601433
0.999838591 -0.013046402 -0.012344920 -0.136215597 0.013025347 0.999913692 -0.001784499 0.014666785 0.012367137 0.001623414 0.999922216 16.592098236
0.999837935 -0.011488202 -0.013853448 -0.157165974 0.011464220 0.999932826 -0.001809329 0.013189503 0.013873303 0.001650217 0.999902427 17.486227036
0.999812484 -0.011864124 -0.015297134 -0.175682455 0.011849843 0.999929428 -0.001023875 0.011883900 0.015308201 0.000842415 0.999882460 18.379077911
0.999800563 -0.011070758 -0.016612260 -0.196203530 0.011078542 0.999938667 0.000376614 0.009628337 0.016607070 -0.000560578 0.999861896 19.263988495
0.999783933 -0.010665772 -0.017831326 -0.221243933 0.010683597 0.999942660 0.000904676 0.010864375 0.017820654 -0.001094982 0.999840558 20.140491486
0.999742210 -0.011918127 -0.019315295 -0.245950863 0.011933824 0.999928713 0.000697659 0.010509150 0.019305604 -0.000927984 0.999813139 21.017011642
0.999711990 -0.011861455 -0.020851264 -0.269186318 0.011868423 0.999929667 0.000210502 0.011633647 0.020847304 -0.000457913 0.999782503 21.884107590
0.999687552 -0.011815077 -0.022015130 -0.292567521 0.011831475 0.999930024 0.000614812 0.011086247 0.022006327 -0.000875091 0.999757349 22.746034622
0.999663770 -0.011673831 -0.023142744 -0.315515965 0.011735953 0.999928117 0.002550349 0.012380097 0.023111310 -0.002821093 0.999728799 23.600650787
0.999630392 -0.012863140 -0.023941245 -0.338046193 0.012990622 0.999902487 0.005176950 0.016607288 0.023872321 -0.005486048 0.999699831 24.448049545
0.999617875 -0.012621691 -0.024583053 -0.363473862 0.012790850 0.999895751 0.006736158 0.018525863 0.024495469 -0.007048022 0.999674976 25.283430099
0.999610126 -0.012058502 -0.025174098 -0.390493006 0.012204699 0.999909818 0.005661950 0.019772157 0.025103554 -0.005966985 0.999666929 26.106542587
0.999604464 -0.010559334 -0.026056593 -0.417346925 0.010639138 0.999939442 0.002926013 0.025894666 0.026024120 -0.003202076 0.999656081 26.915321350
0.999590695 -0.010180620 -0.026726870 -0.444816500 0.010216085 0.999947429 0.001190746 0.029543264 0.026713345 -0.001463303 0.999641955 27.712629318
0.999570608 -0.009365462 -0.027755149 -0.471244067 0.009392061 0.999955833 0.000828192 0.030753464 0.027746169 -0.001088516 0.999614298 28.509334564
0.999535084 -0.009538917 -0.028951194 -0.498266935 0.009553288 0.999954581 0.000358129 0.028440401 0.028946465 -0.000634542 0.999580622 29.292604446
0.999479592 -0.009163601 -0.030920597 -0.529334307 0.009152005 0.999958277 -0.000516508 0.028055999 0.030924041 0.000233253 0.999521554 30.066024780
0.999420166 -0.009053797 -0.032816444 -0.560132205 0.009036331 0.999959290 -0.000680466 0.030876677 0.032821268 0.000383531 0.999461055 30.825834274
0.999354780 -0.009021857 -0.034759566 -0.591163576 0.009037048 0.999959469 0.000279977 0.034512810 0.034755629 -0.000593921 0.999395609 31.581010818
0.999271393 -0.009673466 -0.036913954 -0.620349765 0.009778073 0.999949038 0.002654366 0.033653039 0.036886390 -0.003013380 0.999314904 32.325984955
0.999200642 -0.008650333 -0.039021846 -0.654375076 0.008816306 0.999953210 0.004083348 0.034560118 0.038984686 -0.004424114 0.999230027 33.063671112
0.999136269 -0.007329977 -0.040895458 -0.690567434 0.007514871 0.999962628 0.004369351 0.033964284 0.040861893 -0.004672902 0.999153912 33.789787292
0.999070525 -0.004895468 -0.042820808 -0.730486929 0.005052628 0.999981284 0.003562851 0.035052139 0.042802554 -0.003775899 0.999076426 34.501091003
0.998992145 -0.003162852 -0.044768848 -0.765176177 0.003285400 0.999991417 0.002664202 0.040776208 0.044760030 -0.002808603 0.998993814 35.221675873
0.998921692 -0.002880403 -0.046332352 -0.800606608 0.003061217 0.999988377 0.003832215 0.043612659 0.046320766 -0.003969917 0.998918712 35.911396027
0.998866260 -0.001349847 -0.047579888 -0.835744798 0.001612927 0.999984026 0.005491427 0.051612072 0.047571704 -0.005561945 0.998852313 36.609870911
0.998864591 0.001470413 -0.047610302 -0.876620114 -0.001182776 0.999981344 0.006069308 0.051750612 0.047618322 -0.006006106 0.998847485 37.282760620
0.998910069 0.004724930 -0.046430413 -0.917430043 -0.004545604 0.999982238 0.003967351 0.051353022 0.046448316 -0.003751975 0.998913586 37.943370819
0.998980820 0.006598905 -0.044644836 -0.952928662 -0.006565412 0.999978483 0.000897107 0.051080126 0.044649784 -0.000603084 0.999002457 38.588859558
0.999060869 0.007116429 -0.042733096 -0.981245339 -0.007162794 0.999974310 -0.000931659 0.053466786 0.042725358 0.001236869 0.999086022 39.229881287
0.999183178 0.008392290 -0.039520733 -1.009999156 -0.008410642 0.999964952 -0.000297745 0.056819044 0.039516844 0.000629893 0.999218643 39.872608185
0.999249458 0.013222841 -0.036400460 -1.041822672 -0.013139194 0.999910831 0.002536703 0.055252321 0.036430750 -0.002056530 0.999333978 40.497520447
0.999313176 0.017671023 -0.032558903 -1.071588874 -0.017483024 0.999829233 0.006050383 0.053950895 0.032660253 -0.005477003 0.999451458 41.116287231
0.999343872 0.022601509 -0.028286330 -1.095738769 -0.022410350 0.999724329 0.007057668 0.054590307 0.028438041 -0.006419135 0.999574900 41.721004486
0.999387383 0.026537368 -0.022797173 -1.119572520 -0.026379611 0.999626517 0.007194138 0.060595937 0.022979565 -0.006588355 0.999714196 42.296398163
0.999391973 0.030526260 -0.016823042 -1.136858702 -0.030378563 0.999498606 0.008967783 0.067305155 0.017088354 -0.008451276 0.999818206 42.859973907
0.999321401 0.035358485 -0.010278147 -1.149160743 -0.035254717 0.999327540 0.010110623 0.069332369 0.010628724 -0.009741413 0.999895990 43.411071777
0.999245346 0.038694918 -0.003227732 -1.155485153 -0.038661834 0.999204993 0.009758443 0.071439847 0.003602761 -0.009626292 0.999947131 43.942073822
0.999104142 0.042110614 0.004066855 -1.158337951 -0.042148646 0.999063909 0.009760084 0.071503915 -0.003652053 -0.009922757 0.999944091 44.446048737
0.998842537 0.046681061 0.011554528 -1.157346368 -0.046788108 0.998862982 0.009171187 0.078056060 -0.011113280 -0.009701190 0.999891162 44.933681488
0.998514950 0.051001832 0.019124828 -1.154345632 -0.051132988 0.998671412 0.006430514 0.079849102 -0.018771464 -0.007398877 0.999796391 45.392093658
0.998222589 0.053050101 0.027136236 -1.144499540 -0.053158388 0.998580992 0.003283022 0.082204908 -0.026923578 -0.004719709 0.999626279 45.833961487
0.997954309 0.053531677 0.034938060 -1.129148006 -0.053670302 0.998554349 0.003040369 0.083104976 -0.034724809 -0.004909289 0.999384761 46.253715515
0.997678876 0.052894954 0.042873550 -1.106936574 -0.053131338 0.998578191 0.004391300 0.083641931 -0.042580329 -0.006659039 0.999070764 46.656562805
0.997215629 0.054524247 0.050863780 -1.087598205 -0.054855227 0.998481452 0.005132385 0.083124027 -0.050506711 -0.007908241 0.998692393 47.031250000
0.996554136 0.057601105 0.059673596 -1.068881273 -0.058017436 0.998301983 0.005265870 0.083527133 -0.059268959 -0.008709836 0.998204052 47.381469727
0.995715320 0.062250786 0.068373717 -1.047782183 -0.062722974 0.998019814 0.004778426 0.080997050 -0.067940883 -0.009046557 0.997648299 47.709972382
0.994832993 0.065887176 0.077235304 -1.024461746 -0.066459566 0.997777522 0.004860824 0.078786887 -0.076743402 -0.009968735 0.997001052 48.007556915
0.994102478 0.065204576 0.086646564 -0.996210217 -0.065937921 0.997808099 0.005625070 0.075377613 -0.086089879 -0.011305192 0.996223211 48.285381317
0.993207514 0.064033434 0.097146966 -0.958190501 -0.064724892 0.997895479 0.003979341 0.070431210 -0.096687719 -0.010240141 0.995262086 48.552024841
0.992073357 0.062690653 0.108900659 -0.919003010 -0.063010022 0.998012960 -0.000509812 0.069130063 -0.108716242 -0.006356064 0.994052470 48.816089630
0.990507126 0.063694350 0.121810250 -0.869817317 -0.063636668 0.997963727 -0.004368203 0.063058384 -0.121840455 -0.003424862 0.992543757 49.071495056
0.988371849 0.065511949 0.137216344 -0.827430069 -0.065243036 0.997848630 -0.006461699 0.058317561 -0.137344480 -0.002565849 0.990520000 49.322452545
0.985893428 0.066991068 0.153379783 -0.780090809 -0.066587590 0.997750461 -0.007772385 0.055834975 -0.153555453 -0.002550444 0.988136649 49.575927734
0.983082294 0.067483358 0.170276806 -0.727283835 -0.066924497 0.997717321 -0.009026810 0.052922383 -0.170497313 -0.002521589 0.985354841 49.825695038
0.979849875 0.066664152 0.188279644 -0.666613877 -0.065928362 0.997772574 -0.010175307 0.049945232 -0.188538641 -0.002442691 0.982062638 50.070003510
0.976030290 0.065525346 0.207534015 -0.598031282 -0.064737774 0.997846127 -0.010592121 0.047525804 -0.207781151 -0.003097056 0.978170335 50.314033508
0.971527696 0.065673679 0.227640197 -0.525270104 -0.064655021 0.997836351 -0.011937616 0.045463655 -0.227931753 -0.003120354 0.973672032 50.558589935
0.966233552 0.067633316 0.248631567 -0.450131178 -0.066173367 0.997706652 -0.014235227 0.043256659 -0.249024272 -0.002698229 0.968493342 50.800258636
0.960024416 0.068949319 0.271290183 -0.366717726 -0.067004867 0.997617304 -0.016435454 0.040246144 -0.271777123 -0.002399320 0.962357104 51.041049957
0.952731669 0.070014715 0.295634031 -0.274877906 -0.067836687 0.997540653 -0.017631281 0.035406582 -0.296141535 -0.003256949 0.955138385 51.281932831
0.944198430 0.072766103 0.321237564 -0.176206484 -0.070538603 0.997335911 -0.018583950 0.029599709 -0.321734190 -0.005112704 0.946816087 51.525424957
0.934295297 0.074944511 0.348532408 -0.071920991 -0.072630964 0.997163832 -0.019720538 0.022515034 -0.349022031 -0.006889433 0.937089026 51.762142181
0.923124254 0.075658016 0.376983881 0.043969952 -0.073099323 0.997101128 -0.021112310 0.012680750 -0.377488554 -0.008067975 0.925978899 51.993091583
0.910498798 0.073811032 0.406870067 0.179323435 -0.070420809 0.997244656 -0.023323562 0.003927200 -0.407470733 -0.007416037 0.913187921 52.222778320
0.895620406 0.071150914 0.439091116 0.323114157 -0.066416673 0.997449040 -0.026157094 -0.004341523 -0.439832300 -0.005736134 0.898061395 52.447052002
0.878319740 0.070675306 0.472820044 0.478142977 -0.063793227 0.997493923 -0.030598124 -0.011961957 -0.473797828 -0.003287770 0.880627334 52.670143127
0.858796120 0.072664112 0.507137537 0.641016066 -0.063238651 0.997355521 -0.035814580 -0.021488754 -0.508399069 -0.001313262 0.861120462 52.889503479
0.836972475 0.074609905 0.542134523 0.815466166 -0.062736571 0.997212708 -0.040383384 -0.031366467 -0.543636620 -0.000211875 0.839320540 53.110691071
0.812373817 0.077602066 0.577950001 1.003557682 -0.063868620 0.996983707 -0.044091824 -0.042979192 -0.579628527 -0.001093820 0.814879954 53.331893921
0.784991443 0.081528164 0.614118159 1.213812470 -0.066668093 0.996663034 -0.047095641 -0.056219090 -0.615908623 -0.003972408 0.787807465 53.563652039
0.755101681 0.085849680 0.649962127 1.441909909 -0.070277780 0.996276140 -0.049946263 -0.072122589 -0.651829779 -0.007963385 0.758323371 53.794952393
0.722160876 0.087078266 0.686222017 1.694803596 -0.070113823 0.996149957 -0.052620914 -0.088769183 -0.688162327 -0.010112880 0.725486159 54.020763397
0.685706496 0.084825456 0.722918332 1.978693724 -0.066621169 0.996331215 -0.053715285 -0.108353905 -0.724822700 -0.011328741 0.688842237 54.244129181
0.646729350 0.083682798 0.758114755 2.289930582 -0.063805699 0.996414602 -0.055555996 -0.126416698 -0.760045886 -0.012442349 0.649750173 54.464332581
0.604389548 0.083352417 0.792316437 2.623244524 -0.061767641 0.996420801 -0.057707295 -0.145734742 -0.794290721 -0.014061829 0.607374847 54.680591583
0.558593273 0.083103165 0.825267911 2.976617098 -0.057930239 0.996447206 -0.061129890 -0.166026220 -0.827416003 -0.013661218 0.561422944 54.881366730
0.510718107 0.082022741 0.855826557 3.359000921 -0.054668859 0.996522367 -0.062883288 -0.190110564 -0.858008206 -0.014671430 0.513426065 55.069667816
0.461489826 0.080381870 0.883496284 3.758476019 -0.053022578 0.996605396 -0.062976710 -0.212325424 -0.885559440 -0.017782141 0.464185297 55.259330750
0.411872029 0.078171007 0.907882452 4.183321476 -0.052898258 0.996684492 -0.061819218 -0.238568857 -0.909704864 -0.022563793 0.414641589 55.423599243
0.361790359 0.077863678 0.929002047 4.621775150 -0.055743150 0.996529758 -0.061814930 -0.258844644 -0.930591285 -0.029421454 0.364875197 55.573127747
0.312625051 0.078179143 0.946653783 5.083322048 -0.053257868 0.996482134 -0.064706273 -0.281580627 -0.948382199 -0.030187957 0.315688938 55.702152252
0.265679002 0.075050883 0.961135685 5.567291737 -0.041984145 0.996920049 -0.066239856 -0.312640041 -0.963146746 -0.022753920 0.268011719 55.796936035
0.221674651 0.069555707 0.972636640 6.068000317 -0.028737968 0.997485459 -0.064783059 -0.341145903 -0.974696934 -0.013590842 0.223116159 55.868392944
0.179529816 0.068749629 0.981347084 6.587112904 -0.019422140 0.997608244 -0.066335745 -0.368955523 -0.983560562 -0.007150622 0.180435732 55.930587769
0.141206950 0.070420593 0.987472057 7.106032372 -0.015930932 0.997499287 -0.068857618 -0.394380212 -0.989851713 -0.006008181 0.141975731 55.982734680
0.108636439 0.071140572 0.991532445 7.648692131 -0.007209404 0.997466147 -0.070776448 -0.432121277 -0.994055212 0.000540538 0.108874068 56.016563416
0.079828784 0.069570601 0.994377553 8.200401306 0.000062343 0.997561157 -0.069798365 -0.470619023 -0.996808350 0.005633906 0.079629757 56.037021637
0.054964721 0.067866966 0.996178865 8.767186165 0.007108293 0.997635543 -0.068358429 -0.507217288 -0.998462796 0.010838429 0.054352332 56.049964905
0.035002630 0.067025252 0.997136772 9.347005844 0.011801250 0.997651279 -0.067474112 -0.539214730 -0.999317288 0.014129227 0.034129426 56.058570862
0.018978797 0.068765111 0.997452021 9.919845581 0.014482952 0.997508466 -0.069044597 -0.578221083 -0.999714732 0.015756430 0.017935582 56.072345734
0.005546344 0.068355083 0.997645319 10.505884171 0.015100546 0.997541547 -0.068431944 -0.617053866 -0.999870300 0.015444533 0.004500502 56.068412781
-0.006010670 0.069286063 0.997578442 11.106824875 0.016004134 0.997475684 -0.069182523 -0.653928339 -0.999853551 0.015549542 -0.007104367 56.062740326
-0.015065959 0.072205424 0.997275710 11.721393585 0.020744231 0.997197151 -0.071886368 -0.689608991 -0.999670923 0.019604677 -0.016521582 56.045478821
-0.021600112 0.074299403 0.997001708 12.346239090 0.025010586 0.996962845 -0.073754661 -0.724016964 -0.999453425 0.023342485 -0.023392785 56.026531219
-0.026199173 0.073750593 0.996932268 12.985434532 0.025380680 0.997002482 -0.073088810 -0.761186779 -0.999334097 0.023387948 -0.027992489 56.010829926
-0.029875297 0.071042009 0.997025549 13.637856483 0.023000784 0.997255802 -0.070369236 -0.800782800 -0.999288559 0.020830063 -0.031427346 55.996650696
-0.032586694 0.064242192 0.997401893 14.313574791 0.020930745 0.997757137 -0.063581258 -0.842656434 -0.999249279 0.018804459 -0.033858255 55.987941742
-0.033747230 0.058605142 0.997710407 14.993854523 0.022088764 0.998079240 -0.057879683 -0.879442871 -0.999185801 0.020084908 -0.034976933 55.963352203
-0.034242254 0.056096464 0.997837722 15.681182861 0.024603592 0.998168290 -0.055270758 -0.917322159 -0.999110162 0.022657797 -0.035559714 55.936206818
-0.033933189 0.058294814 0.997722268 16.372220993 0.027781950 0.997966707 -0.057364237 -0.958706498 -0.999037385 0.025772121 -0.035483748 55.908233643
-0.033138320 0.065736234 0.997286379 17.066717148 0.028555488 0.997489572 -0.064800791 -0.996705413 -0.999042273 0.026330613 -0.034932267 55.888679504
-0.030973153 0.073775299 0.996793568 17.772480011 0.029172419 0.996914089 -0.072877772 -1.033900857 -0.999093890 0.026821626 -0.033029791 55.866947174
-0.028837133 0.074522682 0.996802032 18.487039566 0.029864185 0.996836007 -0.073661283 -1.073632479 -0.999137402 0.027644500 -0.030971464 55.849773407
-0.026650490 0.070282392 0.997170806 19.218862534 0.029134898 0.997156143 -0.069502704 -1.117050648 -0.999219656 0.027200192 -0.028622385 55.834522247
-0.024205711 0.063816480 0.997667789 19.955009460 0.028473524 0.997599542 -0.063121289 -1.166381836 -0.999300957 0.026879227 -0.025964702 55.820743561
-0.021411046 0.062350594 0.997824371 20.692111969 0.026503913 0.997738004 -0.061776493 -1.210515380 -0.999418914 0.025123555 -0.023015166 55.813793182
-0.017747432 0.067798190 0.997540951 21.418014526 0.034285173 0.997152865 -0.067161843 -1.255194902 -0.999253988 0.033008914 -0.020021392 55.793041229
-0.014629085 0.073518090 0.997186363 22.151578903 0.035772357 0.996693313 -0.072956957 -1.299546003 -0.999252379 0.034604415 -0.017210644 55.781726837
-0.012152128 0.074148446 0.997172952 22.879264832 0.029762784 0.996831715 -0.073760375 -1.344474673 -0.999482572 0.028782303 -0.014320510 55.786556244
-0.009093167 0.070576549 0.997464716 23.610149384 0.025047885 0.997209251 -0.070330136 -1.394711137 -0.999644339 0.024344865 -0.010835604 55.793285370
-0.004272148 0.066851191 0.997753620 24.342981339 0.029103914 0.997348547 -0.066699438 -1.448811173 -0.999566674 0.028753592 -0.006206473 55.787345886
-0.000688499 0.067892678 0.997692227 25.073049545 0.033707276 0.997127295 -0.067830980 -1.499915719 -0.999430895 0.033582788 -0.002975021 55.783531189
0.001883720 0.072469659 0.997368693 25.802989960 0.033223547 0.996815562 -0.072492220 -1.548930049 -0.999445617 0.033272684 -0.000530002 55.790084839
0.005815963 0.073321961 0.997291207 26.520435333 0.029502328 0.996861637 -0.073462419 -1.591762662 -0.999547184 0.029849676 0.003634515 55.804687500
0.009319973 0.072823741 0.997301102 27.269260406 0.028801160 0.996911407 -0.073064424 -1.644290805 -0.999541104 0.029404396 0.007193751 55.823558807
0.012930218 0.069827072 0.997475088 28.014490128 0.032755166 0.996993899 -0.070217967 -1.693707347 -0.999379098 0.033580404 0.010604121 55.831268311
0.016591391 0.070277616 0.997389257 28.750421524 0.037072245 0.996797800 -0.070852607 -1.745420098 -0.999174178 0.038151003 0.013932880 55.840270996
0.020152712 0.071288079 0.997251928 29.489990234 0.039828315 0.996605873 -0.072046734 -1.794214964 -0.999002635 0.041170806 0.017244991 55.852985382
0.022759495 0.071554013 0.997176766 30.229436874 0.040061481 0.996569097 -0.072424740 -1.837280154 -0.998937309 0.041596733 0.019814812 55.874633789
0.026177078 0.070038840 0.997200429 30.983554840 0.041376274 0.996611893 -0.071083628 -1.888827920 -0.998799980 0.043121208 0.023190403 55.898139954
0.029932706 0.069109820 0.997159541 31.733324051 0.043335091 0.996579230 -0.070370406 -1.941827059 -0.998611391 0.045318384 0.026835393 55.917133331
0.032758199 0.069630146 0.997034550 32.475528717 0.041572258 0.996612072 -0.070966497 -1.987347841 -0.998597622 0.043773714 0.029752493 55.949901581
0.035877697 0.071311951 0.996808290 33.215938568 0.038809072 0.996599019 -0.072693795 -2.037010670 -0.998601615 0.041293290 0.032988090 55.982830048
0.038506005 0.071353957 0.996707201 33.969051361 0.040422298 0.996519685 -0.072902143 -2.087008238 -0.998439729 0.043096367 0.035487663 56.013195038
0.041176081 0.071295984 0.996604621 34.722824097 0.038145576 0.996611595 -0.072872497 -2.135807514 -0.998422742 0.041016664 0.038316891 56.052116394
0.043376394 0.071635000 0.996486962 35.474655151 0.036454923 0.996648431 -0.073233433 -2.186173439 -0.998392701 0.039503466 0.040619522 56.092643738
0.046051323 0.071883403 0.996349037 36.227317810 0.033353563 0.996740818 -0.073453248 -2.236231804 -0.998381257 0.036614418 0.043503627 56.136138916
0.049357384 0.073722206 0.996056318 36.983158112 0.032076064 0.996640801 -0.075354889 -2.288594961 -0.998265207 0.035668895 0.046826825 56.177021027
0.052665807 0.077306941 0.995615065 37.735866547 0.030960988 0.996393383 -0.079005107 -2.341645241 -0.998131335 0.034986101 0.050082322 56.221054077
0.056120154 0.079561129 0.995248735 38.498668671 0.030935034 0.996202886 -0.081381738 -2.396705627 -0.997943938 0.035355214 0.053445786 56.265167236
0.058809269 0.081898883 0.994903803 39.268550873 0.024725325 0.996203780 -0.083467394 -2.453071833 -0.997962296 0.029507985 0.056560993 56.323184967
0.061404482 0.081247069 0.994800448 40.044490814 0.020935269 0.996357381 -0.082666442 -2.509244680 -0.997892678 0.025902513 0.059479833 56.380191803
0.065249011 0.081687510 0.994519591 40.812454224 0.023053881 0.996254206 -0.083342500 -2.571123123 -0.997601986 0.028365558 0.063121349 56.432910919
0.069077514 0.083016634 0.994150937 41.593967438 0.022039941 0.996161282 -0.084715910 -2.632569313 -0.997367144 0.027762998 0.066982619 56.489627838
0.072731100 0.084082447 0.993800759 42.377624512 0.017902123 0.996169269 -0.085592985 -2.690735579 -0.997190237 0.024016425 0.070947193 56.558692932
0.076784991 0.082271524 0.993647337 43.172145844 0.017003963 0.996336758 -0.083808184 -2.749644518 -0.996901989 0.023331160 0.075104713 56.630821228
0.081689604 0.082006186 0.993278086 43.960056305 0.017660236 0.996333539 -0.083710864 -2.815420151 -0.996500671 0.024379840 0.079941794 56.700786591
0.086818494 0.085759178 0.992525756 44.758178711 0.014161509 0.996080935 -0.087305091 -2.877500057 -0.996122777 0.021635368 0.085263714 56.774421692
0.092928737 0.094280973 0.991198659 45.548053741 0.012530857 0.995317101 -0.095847517 -2.943369389 -0.995593131 0.021327566 0.091312088 56.855571747
0.100256965 0.099040695 0.990019679 46.340499878 0.010844530 0.994865417 -0.100623645 -3.010709524 -0.994901717 0.020824529 0.098668084 56.938907623
0.107785746 0.101943307 0.988933444 47.139869690 0.006684249 0.994632006 -0.103259258 -3.085203171 -0.994150937 0.017740166 0.106525674 57.030075073
0.114804991 0.100411899 0.988299966 47.952457428 0.002949717 0.994839430 -0.101418950 -3.160153389 -0.993382990 0.014558620 0.113916270 57.135326385
0.122323103 0.098779552 0.987562239 48.748359680 0.002883247 0.994995296 -0.099880137 -3.232321978 -0.992485464 0.015065049 0.121426031 57.240074158
0.129738063 0.095352843 0.986952543 49.555782318 0.002431947 0.995331764 -0.096482046 -3.307334661 -0.991544724 0.014917624 0.128900439 57.350040436
0.137502521 0.089818880 0.986420274 50.351757050 0.000926600 0.995867908 -0.090808272 -3.375142097 -0.990500450 0.013400400 0.136851043 57.468097687
0.144623399 0.082653530 0.986028314 51.164531708 -0.001484607 0.996522069 -0.083315387 -3.441202164 -0.989485145 0.010585507 0.144243032 57.598083496
0.152173534 0.079795830 0.985127032 51.973342896 -0.001283146 0.996750534 -0.080539107 -3.511916161 -0.988352418 0.010991875 0.151781365 57.732593536
0.159521207 0.081733055 0.983804941 52.766353607 -0.001372885 0.996584058 -0.082572103 -3.575438976 -0.987192988 0.011821365 0.159088403 57.863910675
0.165526494 0.088212505 0.982252002 53.544487000 -0.000552395 0.995999694 -0.089354031 -3.637012005 -0.986204624 0.014247882 0.164912969 57.997295380
0.170549870 0.091837309 0.981059670 54.320503235 -0.001972429 0.995676875 -0.092862718 -3.700658083 -0.985346437 0.013902668 0.169993609 58.140598297
0.175500944 0.094735354 0.979910195 55.088691711 -0.003699732 0.995415568 -0.095571734 -3.776602268 -0.984471619 0.013147537 0.175046772 58.285369873
0.180796310 0.094265312 0.978992403 55.848510742 -0.005815083 0.995481253 -0.094779067 -3.843044281 -0.983502626 0.011442796 0.180527404 58.432266235
0.186131090 0.091286466 0.978274643 56.606342316 -0.001491039 0.995699465 -0.092628732 -3.909335852 -0.982523024 0.015782449 0.185466647 58.579166412
0.190654576 0.084645040 0.978000700 57.364074707 -0.000629881 0.996285737 -0.086104780 -3.974686384 -0.981656194 0.015800258 0.189999670 58.730926514
0.193951100 0.078282788 0.977882504 58.104572296 -0.002371158 0.996845365 -0.079330519 -4.042300701 -0.981007516 0.013067540 0.193524808 58.886913300
0.197085232 0.075019412 0.977511585 58.846504211 -0.005946903 0.997141004 -0.075326853 -4.103120327 -0.980367541 0.009032657 0.196967825 59.047920227
0.200156420 0.075003438 0.976888537 59.571685791 -0.007660854 0.997154713 -0.074989766 -4.162000179 -0.979733229 0.007525896 0.200161412 59.206920624
0.202058688 0.077105597 0.976333082 60.283340454 -0.009455037 0.997002959 -0.076781183 -4.215795517 -0.979326963 0.006283053 0.202182055 59.368747711
0.203445032 0.081455380 0.975691795 60.976646423 -0.013528758 0.996671796 -0.080385931 -4.271783829 -0.978992105 0.003154236 0.203869820 59.526237488
0.205404431 0.085589997 0.974927008 61.664997101 -0.014602382 0.996325433 -0.084392026 -4.328020096 -0.978567481 0.003098256 0.205899373 59.681381226
0.207525954 0.090905190 0.973996162 62.339405060 -0.015142453 0.995851815 -0.089718640 -4.382706642 -0.978111506 0.003870273 0.208041549 59.830299377
0.209129244 0.093014561 0.973453939 63.015205383 -0.014445609 0.995651066 -0.092032097 -4.438608646 -0.977780461 0.005184486 0.209563315 59.978202820
0.210374683 0.093062542 0.973181009 63.680896759 -0.016985765 0.995656312 -0.091539912 -4.496572971 -0.977472484 0.002727476 0.211041525 60.134166718
0.210783914 0.089955665 0.973384559 64.339004517 -0.017042791 0.995943427 -0.088349856 -4.558698177 -0.977383375 0.002033556 0.211461857 60.285430908
0.211431846 0.087353513 0.973481059 64.983650208 -0.017053299 0.996175885 -0.085686147 -4.619443893 -0.977243185 0.001515735 0.212112904 60.431491852
0.211396992 0.086071409 0.973602831 65.627166748 -0.015820637 0.996285498 -0.084641546 -4.672186375 -0.977271438 0.002489971 0.211973414 60.570190430
0.209878206 0.085427582 0.973988116 66.256492615 -0.016351275 0.996342599 -0.083864845 -4.728450775 -0.977590024 0.001675476 0.210507408 60.707668304
0.208271846 0.086180322 0.974266589 66.868591309 -0.017474970 0.996279061 -0.084391780 -4.782636642 -0.977914095 0.000551174 0.209002823 60.842819214
0.206124038 0.088956721 0.974473774 67.467163086 -0.018191317 0.996035099 -0.087077089 -4.837694645 -0.978355944 0.000221739 0.206924960 60.971858978
0.204091415 0.092798024 0.974543333 68.062339783 -0.016323932 0.995680869 -0.091392167 -4.893049240 -0.978814900 0.002743995 0.204724669 61.096210480
0.202540994 0.093276665 0.974821031 68.651008606 -0.014124481 0.995627701 -0.092332870 -4.944334507 -0.979171097 0.004932368 0.202972844 61.212230682
0.200356990 0.092153020 0.975379050 69.234252930 -0.014822883 0.995737374 -0.091031604 -4.993527412 -0.979610026 0.003780906 0.200868845 61.333721161
0.197830200 0.089223728 0.976166844 69.817977905 -0.015032944 0.996007562 -0.087990612 -5.045192719 -0.980120242 0.002732555 0.198381588 61.456058502
0.195702031 0.085284859 0.976947546 70.386795044 -0.014787124 0.996354342 -0.084016830 -5.101017475 -0.980551183 0.001996038 0.196249589 61.571239471
0.193948373 0.084126689 0.977397561 70.951698303 -0.011190159 0.996440887 -0.083545253 -5.157245159 -0.980947196 0.005266249 0.194199383 61.680953979
0.192306951 0.085501224 0.977602601 71.497657776 -0.007337067 0.996294379 -0.085692674 -5.202376842 -0.981306672 0.009306578 0.192221552 61.782562256
0.189973682 0.087509595 0.977881074 72.045379639 -0.002974635 0.996066332 -0.088559046 -5.246183872 -0.981783986 0.013915065 0.189486578 61.883293152
0.188388407 0.089511096 0.978006542 72.588546753 -0.003468403 0.995892107 -0.090479895 -5.288917542 -0.982087731 0.013653260 0.187924862 61.987037659
0.187157616 0.092257544 0.977987647 73.127609253 -0.003812092 0.995640576 -0.093193240 -5.335212708 -0.982321739 0.013713664 0.186693296 62.093128204
0.185824439 0.090605870 0.978396237 73.671394348 -0.002063145 0.995772958 -0.091823176 -5.385509491 -0.982580006 0.015044435 0.185225785 62.197750092
0.186585784 0.089122877 0.978387535 74.214271545 0.003862931 0.995802343 -0.091445856 -5.430863857 -0.982430279 0.020841958 0.185458183 62.293338776
0.189095378 0.087177724 0.978080928 74.764694214 0.008949734 0.995856762 -0.090492338 -5.476124763 -0.981917143 0.025865262 0.187531590 62.388435364
0.191093817 0.086446926 0.977757335 75.312034607 0.011658336 0.995843947 -0.090324491 -5.526718140 -0.981501758 0.028659489 0.189291701 62.496734619
0.194478005 0.086205125 0.977111220 75.861251831 0.008915913 0.995934069 -0.089640282 -5.578329563 -0.980865538 0.026144916 0.192918614 62.611175537
0.199913070 0.086762272 0.975964308 76.412422180 0.007653233 0.995902836 -0.090102404 -5.627696991 -0.979782939 0.025481945 0.198429927 62.731987000
0.206539884 0.085652851 0.974681556 76.976005554 0.008942817 0.995953798 -0.089417197 -5.671227932 -0.978396535 0.027184630 0.204938158 62.853134155
0.214127675 0.086065002 0.973006368 77.541168213 0.007145606 0.995945930 -0.089666545 -5.713066578 -0.976778746 0.026152821 0.212644547 62.987472534
0.222359180 0.083940014 0.971344292 78.112785339 0.007736451 0.996103346 -0.087850578 -5.759980679 -0.974933326 0.027049152 0.220843285 63.131172180
0.231258363 0.083569475 0.969296038 78.685760498 0.004282428 0.996206582 -0.086911276 -5.811275482 -0.972882092 0.024249915 0.230023175 63.279750824
0.240943745 0.083336361 0.966954112 79.264358521 0.003122656 0.996234655 -0.086637922 -5.858072281 -0.970533252 0.023894345 0.239776254 63.430358887
0.250580817 0.087237455 0.964156568 79.845336914 -0.002218055 0.995980382 -0.089540362 -5.903896809 -0.968092382 0.020298559 0.249767050 63.594390869
0.259958535 0.089642793 0.961449265 80.434806824 -0.005585587 0.995804131 -0.091335632 -5.946072102 -0.965602815 0.018373232 0.259368479 63.769592285
0.270775676 0.092331938 0.958203673 81.034637451 -0.009696051 0.995600224 -0.093195409 -5.999335289 -0.962592840 0.015944270 0.270479560 63.953643799
0.280934066 0.094082415 0.955103874 81.643234253 -0.011120374 0.995435297 -0.094784245 -6.054432869 -0.959661841 0.016007023 0.280697912 64.144378662
0.290688872 0.094755813 0.952113569 82.263137817 -0.014227793 0.995401859 -0.094719999 -6.112673759 -0.956711054 0.013987589 0.290700436 64.351203918
0.301090449 0.095042937 0.948846817 82.888481140 -0.014981820 0.995369017 -0.094948784 -6.167386532 -0.953477085 0.014372732 0.301120043 64.560729980
0.311225712 0.096063264 0.945467770 83.527687073 -0.019478785 0.995313346 -0.094715759 -6.222649097 -0.950135529 0.011061426 0.311638325 64.781303406
0.321862966 0.091057450 0.942396760 84.185630798 -0.018864408 0.995783150 -0.089772880 -6.276835442 -0.946597517 0.011116818 0.322223485 65.009086609
0.332731247 0.084113754 0.939262331 84.850204468 -0.015386217 0.996365309 -0.083776914 -6.328898430 -0.942895353 0.013423513 0.332816064 65.243392944
0.343512475 0.079575963 0.935770214 85.507690430 -0.013405973 0.996717334 -0.079837516 -6.382179737 -0.939051628 0.014880285 0.343451619 65.505622864
0.353836536 0.076360486 0.932184398 86.180374146 -0.014142811 0.996984124 -0.076300249 -6.434352398 -0.935199559 0.013814119 0.353849381 65.768539429
0.363352507 0.073841177 0.928720295 86.871589661 -0.007985751 0.997063875 -0.076150678 -6.482538223 -0.931616724 0.020253023 0.362875372 66.039604187
0.372053027 0.068422303 0.925685644 87.565483093 -0.001658852 0.997326314 -0.073050871 -6.529699802 -0.928209245 0.025643235 0.371171832 66.311035156
0.379251331 0.058649871 0.923432529 88.272689819 0.008011472 0.997743070 -0.066659801 -6.580134869 -0.925258279 0.032678891 0.377925575 66.594749451
0.386197507 0.054309852 0.920815349 88.999465942 0.013373215 0.997830093 -0.064460993 -6.628769398 -0.922318459 0.037208952 0.384633273 66.897232056
0.393270165 0.054356247 0.917814255 89.686752319 0.014997164 0.997738302 -0.065515660 -6.688347340 -0.919299960 0.039529983 0.391565591 67.206863403
0.400635213 0.060703278 0.914224088 90.398071289 0.017112888 0.997132540 -0.073707536 -6.735136986 -0.916077137 0.045174867 0.398447663 67.518028259
0.407952130 0.064996168 0.910686374 91.100662231 0.020790031 0.996542275 -0.080436841 -6.779615879 -0.912765861 0.051747601 0.405190408 67.823165894
0.413290650 0.066981390 0.908131838 91.794769287 0.019354036 0.996419013 -0.082301192 -6.831188202 -0.910392761 0.051590357 0.410514414 68.142837524
0.417451680 0.068559624 0.906108618 92.487686157 0.012084579 0.996642113 -0.080977157 -6.905534744 -0.908618033 0.044754017 0.415221542 68.493103027
0.421367198 0.072233312 0.904008389 93.174705505 0.005485966 0.996601105 -0.082188807 -6.969614983 -0.906872809 0.039591048 0.419538856 68.833427429
0.425369173 0.075329341 0.901878953 93.856361389 0.004636743 0.996334851 -0.085405640 -7.031343937 -0.905007303 0.040510729 0.423460990 69.163337708
0.429356337 0.079522394 0.899626791 94.528091431 0.001393479 0.996055782 -0.088711239 -7.093587399 -0.903133333 0.039342366 0.427552223 69.494171143
0.432687491 0.082545534 0.897756577 95.189277649 -0.001706619 0.995872080 -0.090744354 -7.157429695 -0.901541591 0.037731841 0.431042492 69.828231812
0.436593592 0.080961868 0.896007955 95.838584900 -0.002778003 0.996058345 -0.088648617 -7.222016811 -0.899653792 0.036214326 0.435097903 70.155296326
0.440482318 0.077896200 0.894374967 96.487289429 -0.001952754 0.996308625 -0.085812435 -7.286957264 -0.897758365 0.036052383 0.439008743 70.484825134
0.443952471 0.075275272 0.892882347 97.117080688 -0.002317862 0.996557474 -0.082863212 -7.345192909 -0.896046519 0.034717765 0.442598909 70.800430298
0.447588265 0.074206881 0.891154885 97.743858337 -0.003194185 0.996676445 -0.081389397 -7.406658649 -0.894233227 0.033582442 0.446338028 71.124443054
0.450900286 0.075909063 0.889340043 98.360649109 -0.005411678 0.996590495 -0.082319595 -7.469853401 -0.892557085 0.032305129 0.449774057 71.447738647
0.453664601 0.076413445 0.887889802 98.965568542 -0.004635997 0.996505201 -0.083392330 -7.527489185 -0.891159534 0.033715919 0.452433765 71.761039734
0.455841362 0.074608997 0.886927903 99.566642761 -0.002618904 0.996587813 -0.082487658 -7.580255985 -0.890056252 0.035278533 0.454481721 72.070144653
0.457584471 0.073446460 0.886126995 100.153968811 -0.000903020 0.996619701 -0.082138315 -7.638048172 -0.889164746 0.036785051 0.456104428 72.371986389
0.459230542 0.073551171 0.885266364 100.728530884 -0.002537043 0.996670008 -0.081490912 -7.695519924 -0.888312578 0.035177179 0.457888335 72.682151794
0.461180449 0.072958499 0.884301245 101.298095703 -0.001121696 0.996660173 -0.081643589 -7.747686863 -0.887304723 0.036660526 0.459722400 72.979980469
0.463882983 0.074845724 0.882728577 101.855499268 -0.001695089 0.996497095 -0.083601266 -7.795985222 -0.885893881 0.037284922 0.462385297 73.276062012
0.466703832 0.074832030 0.881241560 102.413162231 0.001201373 0.996358693 -0.085243620 -7.849347115 -0.884411871 0.040842254 0.464914888 73.570381165
0.469712406 0.074207641 0.879694581 102.957374573 0.002810751 0.996329427 -0.085547306 -7.902855873 -0.882814050 0.042655263 0.467780024 73.862525940
0.473080784 0.072315946 0.878045559 103.494255066 0.006014267 0.996336520 -0.085298814 -7.953912258 -0.880997539 0.045634065 0.470913053 74.144996643
0.476325512 0.071447633 0.876360834 104.017524719 0.007005764 0.996352315 -0.085038073 -8.008441925 -0.879240215 0.046645410 0.474087775 74.432662964
0.479513675 0.071051449 0.874652743 104.532020569 0.007872432 0.996327579 -0.085251495 -8.059595108 -0.877498150 0.047764927 0.477193624 74.714843750
0.482985288 0.070327759 0.872799098 105.039588928 0.008551980 0.996342182 -0.085014969 -8.106800079 -0.875585794 0.048525166 0.480617434 75.000869751
0.486373961 0.069790110 0.870958507 105.548118591 0.010241454 0.996280372 -0.085551344 -8.154016495 -0.873689890 0.050529853 0.483850300 75.287483215
0.490367174 0.071081847 0.868611753 106.046478271 0.009789525 0.996155441 -0.087045804 -8.201330185 -0.871460140 0.051187724 0.487786293 75.573493958
0.494545460 0.071227379 0.866227686 106.544631958 0.011774610 0.995995104 -0.088620089 -8.251650810 -0.869071186 0.054026179 0.491726428 75.861152649
0.499283016 0.074610852 0.863219857 107.026863098 0.009627432 0.995745361 -0.091633886 -8.300760269 -0.866384685 0.054061852 0.496440709 76.148063660
0.504537225 0.080493376 0.859628856 107.505737305 0.005864053 0.995301247 -0.096639112 -8.355001450 -0.863369167 0.053798959 0.501694858 76.441009521
0.510206938 0.087633051 0.855574727 107.979377747 0.000561694 0.994760275 -0.102224194 -8.404566765 -0.860050619 0.052636083 0.507484734 76.742141724
0.516319513 0.094076373 0.851212442 108.446914673 -0.004735910 0.994245529 -0.107011765 -8.454117775 -0.856382072 0.051221013 0.513794243 77.033538818
0.522837341 0.098495357 0.846722245 108.920181274 -0.008575199 0.993858695 -0.110315979 -8.510818481 -0.852388501 0.050416518 0.520471394 77.331375122
0.528193653 0.098696224 0.843367815 109.402641296 -0.012616791 0.994023681 -0.108425096 -8.566011429 -0.849029362 0.046628866 0.526282609 77.648605347
0.533620834 0.097737461 0.840056539 109.889671326 -0.019032210 0.994435072 -0.103609152 -8.623105049 -0.845508814 0.039299879 0.532511890 77.977432251
0.539285481 0.095352203 0.836706579 110.382575989 -0.025056902 0.994945049 -0.097235218 -8.676634789 -0.841749310 0.031472269 0.538949132 78.319335938
0.544867098 0.093730390 0.833266556 110.881156921 -0.031470492 0.995317757 -0.091380402 -8.732559204 -0.837930739 0.023566870 0.545266151 78.669250488
0.550955415 0.091793716 0.829470158 111.384735107 -0.033905912 0.995572865 -0.087654315 -8.783210754 -0.833844721 0.020169677 0.551629066 79.017272949
0.557094276 0.095495760 0.824939489 111.887611389 -0.039111640 0.995280206 -0.088801816 -8.833024979 -0.829526782 0.017206250 0.558200419 79.374122620
0.562996745 0.099518679 0.820444584 112.400962830 -0.043036904 0.994906068 -0.091148213 -8.881729126 -0.825336814 0.016006758 0.564412415 79.747108459
0.568912148 0.103034079 0.815917671 112.921157837 -0.046170000 0.994556725 -0.093399763 -8.932234764 -0.821100354 0.015465351 0.570573032 80.133232117
0.575069547 0.105247527 0.811305523 113.449806213 -0.048604909 0.994333029 -0.094538786 -8.983620644 -0.816658437 0.014932960 0.576926768 80.524368286
