1.000000000 0.000000000 0.000000000 0.000000000 0.000000000 1.000000000 0.000000000 0.000000000 0.000000000 0.000000000 1.000000000 0.000000000
0.999876320 0.001648717 0.015641371 0.011631695 -0.001634368 0.999998212 -0.000930108 -0.002953996 -0.015642878 0.000904430 0.999877214 0.119358145
0.999309063 0.004605340 0.036881126 0.029612843 -0.004591723 0.999989331 -0.000453890 -0.004576679 -0.036882825 0.000284229 0.999319494 0.265171498
0.997944415 0.006210533 0.063783213 0.059921019 -0.006282821 0.999979794 0.000932839 -0.005417415 -0.063776135 -0.001331660 0.997963250 0.426275492
0.995202422 0.005841571 0.097662151 0.104776978 -0.006179417 0.999975920 0.003157222 -0.006533598 -0.097641349 -0.003745570 0.995214522 0.600443721
0.990757883 0.002709844 0.135614574 0.166054845 -0.003429918 0.999981225 0.005076346 -0.006046199 -0.135598257 -0.005494577 0.990748584 0.788167119
0.984551311 -0.000359499 0.175095662 0.239552513 -0.000596687 0.999985218 0.005408265 -0.004370488 -0.175094992 -0.005429192 0.984536529 0.984775841
0.975802481 -0.000327012 0.218653530 0.324448586 -0.001157847 0.999977112 0.006662756 -0.002114412 -0.218650684 -0.006754701 0.975779772 1.194539547
0.963779569 -0.000017486 0.266699791 0.417981565 -0.002599703 0.999951839 0.009460178 0.003131086 -0.266687095 -0.009810867 0.963733137 1.409846067
0.949362934 -0.003898733 0.314157158 0.530635834 -0.001420265 0.999859512 0.016700344 0.000233993 -0.314178109 -0.016300874 0.949223995 1.623461604
0.932396233 -0.013074188 0.361201018 0.671504200 0.004556141 0.999691248 0.024424136 -0.002954253 -0.361408830 -0.021127287 0.932167947 1.841637135
0.911065340 -0.018099627 0.411864281 0.822140694 0.006925151 0.999566674 0.028607775 -0.000993350 -0.412203580 -0.023211328 0.910795927 2.059977293
0.885746837 -0.019095935 0.463775456 0.979844153 0.004508702 0.999460161 0.032541741 0.000956013 -0.464146495 -0.026732722 0.885354817 2.276215553
0.857492805 -0.021421185 0.514049649 1.163191319 0.002827742 0.999313951 0.036925863 0.004872396 -0.514487922 -0.030210063 0.856965184 2.493527174
0.825369835 -0.026345544 0.563977122 1.365686536 0.003918177 0.999153852 0.040940154 0.010712855 -0.564578474 -0.031581011 0.824774921 2.702056885
0.789304912 -0.031515848 0.613191783 1.575558901 0.005546584 0.999006987 0.044205755 0.009548531 -0.613976061 -0.031490710 0.788696110 2.902356148
0.751321316 -0.035317704 0.658990622 1.827780843 0.006143953 0.998897970 0.046529803 0.017615538 -0.659907699 -0.030910037 0.750710428 3.113244295
0.711439848 -0.038489379 0.701691926 2.099233866 0.007183625 0.998845100 0.047505487 0.025836408 -0.702709913 -0.028756618 0.710894823 3.320252895
0.669557929 -0.039887425 0.741687775 2.395262718 0.005899898 0.998811066 0.048389211 0.040829942 -0.742735982 -0.028023513 0.668997407 3.531589270
0.626917422 -0.039798886 0.778068244 2.708246708 0.000753443 0.998724818 0.050478596 0.055524949 -0.779084921 -0.031059697 0.626148164 3.744161844
0.585249960 -0.040500559 0.809840620 3.054196596 -0.002093784 0.998672962 0.051457290 0.070090100 -0.810849845 -0.031811021 0.584388614 3.953420162
0.545244038 -0.041759294 0.837236404 3.427320957 -0.003822177 0.998624206 0.052298084 0.086484179 -0.838268280 -0.031715300 0.544334352 4.157248497
0.506622851 -0.043725695 0.861058056 3.828232050 -0.005569835 0.998526335 0.053983651 0.102787942 -0.862149477 -0.032145321 0.505632758 4.361808300
0.469349414 -0.043531597 0.881938577 4.257658005 -0.008519441 0.998514354 0.053819522 0.119173765 -0.882971168 -0.032773808 0.468281329 4.562891483
0.432913423 -0.042844780 0.900416434 4.711708546 -0.009239556 0.998606443 0.051959287 0.140348375 -0.901387930 -0.030813342 0.431914330 4.756027699
0.399403751 -0.041374773 0.915840685 5.192689896 -0.008003294 0.998785615 0.048612237 0.161400378 -0.916740000 -0.026745671 0.398587644 4.940243721
0.369721115 -0.039526336 0.928301334 5.704727173 -0.005872672 0.998975277 0.044874515 0.183392674 -0.929124117 -0.022042684 0.369110167 5.122378349
0.344204962 -0.037716314 0.938136339 6.236157417 -0.004606360 0.999112785 0.041857861 0.203516990 -0.938883126 -0.018729093 0.343725890 5.302992344
0.324014187 -0.037184250 0.945320845 6.798816681 -0.003259355 0.999177277 0.040419854 0.224697739 -0.946046472 -0.016177757 0.323626459 5.483309746
0.309380114 -0.037659116 0.950192094 7.391107082 -0.002371232 0.999181688 0.040372789 0.247305065 -0.950935304 -0.014743678 0.309037715 5.668073654
0.297886461 -0.039074708 0.953800857 8.006076813 -0.001411078 0.999142647 0.041372932 0.267972261 -0.954600036 -0.013670338 0.297575980 5.852140903
0.287028551 -0.040990975 0.957044184 8.651399612 -0.002582989 0.999047160 0.043564651 0.290267527 -0.957918346 -0.014976350 0.286649227 6.042384624
0.276449293 -0.042709615 0.960078597 9.320549011 -0.004069194 0.998950839 0.045610562 0.315389574 -0.961019754 -0.016515771 0.275985509 6.236200809
0.266476363 -0.044426147 0.962816656 10.007500648 -0.004901639 0.998861611 0.047445938 0.342624277 -0.963828802 -0.017362617 0.265955269 6.423077583
0.256498694 -0.046145502 0.965442061 10.726640701 -0.005778568 0.998768449 0.049273662 0.373700559 -0.966527164 -0.018217519 0.255916178 6.606292725
0.246226624 -0.047519125 0.968046308 11.459805489 -0.005886161 0.998705506 0.050521277 0.405505151 -0.969194293 -0.018137779 0.245628223 6.789438725
0.236205757 -0.048489578 0.970492065 12.214385986 -0.005835436 0.998665154 0.051317487 0.439111292 -0.971685469 -0.017784750 0.235607550 6.964006901
0.225700721 -0.051328793 0.972843111 12.983980179 -0.007098343 0.998497665 0.054329190 0.470970601 -0.974170744 -0.019167731 0.224997327 7.141894341
0.214279041 -0.054877348 0.975229263 13.763230324 -0.008888747 0.998269439 0.058126893 0.504133642 -0.976731956 -0.021123959 0.213420466 7.316726208
0.202050447 -0.058688391 0.977614701 14.550916672 -0.009856503 0.998030365 0.061951093 0.538089097 -0.979325414 -0.022153126 0.201074049 7.479793549
0.189215347 -0.060915548 0.980043888 15.343549728 -0.010749798 0.997885406 0.064099945 0.571356535 -0.981876731 -0.022663984 0.188160434 7.629423141
0.175320342 -0.061346989 0.982597828 16.139860153 -0.011357985 0.997864127 0.064326659 0.608803391 -0.984445870 -0.022438120 0.174249098 7.769738197
0.160712674 -0.060433768 0.985148907 16.947090149 -0.012763775 0.997912884 0.063298985 0.642675996 -0.986918628 -0.022747185 0.159605876 7.905906677
0.144370347 -0.059250239 0.987747788 17.756563187 -0.013381814 0.997997403 0.061820954 0.680232644 -0.989433110 -0.022142986 0.143288359 8.016478539
0.124184042 -0.057502452 0.990591168 18.569337845 -0.016001560 0.998073399 0.059942782 0.714949310 -0.992129982 -0.023294959 0.123024657 8.114368439
0.098665565 -0.055888873 0.993549466 19.393077850 -0.020409118 0.998097777 0.058171459 0.751316011 -0.994911194 -0.026017010 0.097337224 8.196424484
0.068640620 -0.055138540 0.996116102 20.229475021 -0.024383580 0.998080313 0.056927484 0.787236929 -0.997343302 -0.028196437 0.067164347 8.247877121
0.035641219 -0.054950129 0.997852385 21.058048248 -0.027409926 0.998057604 0.055940449 0.818216681 -0.998988628 -0.029344868 0.034065761 8.272176743
0.001376372 -0.054200470 0.998528719 21.896884918 -0.028805381 0.998113334 0.054217622 0.848775148 -0.999584079 -0.028837644 -0.000187561 8.266871452
-0.032378729 -0.052979663 0.998070121 22.737857819 -0.029640289 0.998205543 0.052025273 0.875890315 -0.999036074 -0.027898595 -0.033891056 8.231927872
-0.065199524 -0.051059116 0.996564746 23.580200195 -0.031716224 0.998291254 0.049072556 0.900719583 -0.997368097 -0.028407780 -0.066707641 8.171852112
-0.097558036 -0.047979482 0.994072318 24.419195175 -0.033742227 0.998422205 0.044877969 0.927794814 -0.994657636 -0.029164024 -0.099023193 8.086305618
-0.129981622 -0.043254092 0.990572155 25.263406754 -0.030658729 0.998745441 0.039587975 0.948628068 -0.991042256 -0.025223991 -0.131144822 7.967305183
-0.161564499 -0.037135184 0.986162901 26.095165253 -0.025214672 0.999120712 0.033492152 0.963707685 -0.986539960 -0.019454649 -0.162358940 7.817523956
-0.191841438 -0.030653458 0.980946779 26.918960571 -0.018732131 0.999444306 0.027568066 0.973158658 -0.981247067 -0.013086541 -0.192309186 7.639568806
-0.220598698 -0.025043951 0.975042701 27.743444443 -0.012513455 0.999660611 0.022845130 0.974766135 -0.975284278 -0.007161561 -0.220837370 7.434834480
-0.248249397 -0.018796731 0.968513429 28.554821014 -0.003699451 0.999822736 0.018456113 0.974640489 -0.968689024 0.000998739 -0.248275101 7.205443382
-0.274178833 -0.008288186 0.961642683 29.362514496 0.002602460 0.999952734 0.009360353 0.965444267 -0.961675107 0.005069036 -0.274144471 6.952188492
-0.299265116 0.007515478 0.954140067 30.151391983 0.007798893 0.999954700 -0.005430251 0.950790584 -0.954138041 0.005816140 -0.299310356 6.685100555
-0.323896170 0.024858775 0.945765674 30.928409576 0.009281851 0.999689996 -0.023097403 0.924771667 -0.946047008 0.001297280 -0.324026674 6.409816742
-0.349027276 0.039768405 0.936268032 31.690263748 0.009612196 0.999198377 -0.038858131 0.891200304 -0.937063158 -0.004562974 -0.349129915 6.119364738
-0.373349309 0.050394375 0.926320732 32.447479248 0.013771301 0.998714387 -0.048782345 0.847014606 -0.927588522 -0.005456232 -0.373563498 5.805133343
-0.396859288 0.054403082 0.916265488 33.199310303 0.016713388 0.998504698 -0.052047018 0.792232811 -0.917727172 -0.005341462 -0.397175312 5.476365566
-0.419589311 0.054106358 0.906099737 33.952770233 0.020352287 0.998531699 -0.050201237 0.736764669 -0.907485723 -0.002622720 -0.420074642 5.121233463
-0.439700484 0.049841035 0.896760166 34.679470062 0.023947656 0.998754680 -0.043767769 0.681571901 -0.897825003 0.002230579 -0.440346688 4.757422447
-0.457515806 0.048574228 0.887873411 35.402805328 0.031557925 0.998764813 -0.038379341 0.631569445 -0.888641119 0.010460272 -0.458483785 4.370480537
-0.471199960 0.049079370 0.880659521 36.109378815 0.033838488 0.998721540 -0.037553608 0.582385004 -0.881376922 0.012104915 -0.472258508 3.983803034
-0.482213676 0.053246785 0.874433637 36.804954529 0.037925433 0.998484254 -0.039886307 0.534707546 -0.875232220 0.013929538 -0.483502328 3.593515396
-0.492086381 0.055826221 0.868754208 37.497714996 0.038740184 0.998357415 -0.042211041 0.487003952 -0.869683921 0.012884203 -0.493440956 3.198371172
-0.502960086 0.055100333 0.862551153 38.180408478 0.032908712 0.998463154 -0.044593178 0.434975505 -0.863682866 0.005956838 -0.504000545 2.810195923
-0.514156520 0.053613365 0.856018722 38.860710144 0.032406539 0.998546183 -0.043075472 0.383423775 -0.857083857 0.005593046 -0.515146673 2.410158634
-0.522755206 0.054945011 0.850709975 39.537979126 0.034420662 0.998467445 -0.043337040 0.336233139 -0.851787508 0.006627311 -0.523845553 1.986141920
-0.529928744 0.057924792 0.846061230 40.222003937 0.037613280 0.998288214 -0.044787902 0.285095841 -0.847207546 0.008088721 -0.531200588 1.550273180
-0.533327281 0.060896832 0.843713760 40.916568756 0.038636234 0.998118103 -0.047618642 0.239427030 -0.845026076 0.007201583 -0.534676671 1.109002113
-0.533045590 0.063120008 0.843728364 41.627246857 0.038435165 0.997990370 -0.050378166 0.190858901 -0.845212936 0.005574962 -0.534400582 0.662291288
-0.529820800 0.063243084 0.845747888 42.350418091 0.040326007 0.997966468 -0.049363341 0.140114307 -0.847150207 0.007951900 -0.531293929 0.209909648
-0.524033666 0.062068760 0.849432468 43.089588165 0.038396697 0.998048604 -0.049240530 0.086102255 -0.850831449 0.006811691 -0.525394499 -0.236837268
-0.517108858 0.060627349 0.853769302 43.845657349 0.036113314 0.998145342 -0.049006701 0.033090435 -0.855157316 0.005490623 -0.518339455 -0.686421037
-0.510047495 0.060195953 0.858036876 44.617599487 0.034407847 0.998177528 -0.049574375 -0.019107848 -0.859457672 0.004237899 -0.511189342 -1.135333300
-0.503764272 0.058670785 0.861845970 45.409454346 0.031446986 0.998275042 -0.049577001 -0.074760944 -0.863268435 0.002127318 -0.504740536 -1.585700750
-0.499454796 0.056458283 0.864497840 46.231193542 0.027124049 0.998404026 -0.049532760 -0.130483255 -0.865915120 -0.001290709 -0.500189245 -2.050568104
-0.498430789 0.053771615 0.865259767 47.058273315 0.022876650 0.998542666 -0.048876476 -0.187554270 -0.866627514 -0.004567314 -0.498934716 -2.508172750
-0.498935282 0.051182702 0.865126014 47.894683838 0.019662783 0.998665869 -0.047743324 -0.245299190 -0.866416097 -0.006810063 -0.499276251 -2.977201700
-0.499851823 0.050137836 0.864657938 48.746471405 0.018598879 0.998714030 -0.047159348 -0.304386497 -0.865911186 -0.007491037 -0.500141740 -3.462679625
-0.500260830 0.049345985 0.864466906 49.613040924 0.018373907 0.998754740 -0.046378665 -0.362223804 -0.865679741 -0.007317816 -0.500544786 -3.959888935
-0.500398874 0.048928425 0.864410758 50.489627838 0.018428408 0.998777390 -0.045866024 -0.421447396 -0.865598857 -0.007021611 -0.500688970 -4.463522911
-0.500354946 0.048103392 0.864482462 51.377960205 0.018702878 0.998822808 -0.044753626 -0.480474204 -0.865618348 -0.006224409 -0.500665903 -4.976584435
-0.500507236 0.047790192 0.864411652 52.266265869 0.018226296 0.998835444 -0.044668745 -0.540369511 -0.865540385 -0.006602031 -0.500795722 -5.485651970
-0.500791192 0.046164744 0.864335537 53.158061981 0.016413871 0.998903453 -0.043842055 -0.599514365 -0.865412474 -0.007768645 -0.501000106 -5.991017818
-0.500936806 0.045299493 0.864296854 54.050716400 0.015619069 0.998939693 -0.043303799 -0.661667824 -0.865342915 -0.008192976 -0.501113474 -6.498971462
-0.500427485 0.044451449 0.864635885 54.938087463 0.014243871 0.998968422 -0.043113660 -0.722685874 -0.865661323 -0.009259520 -0.500544727 -6.998789787
-0.499281794 0.042823531 0.865380049 55.822334290 0.013668093 0.999042630 -0.041552089 -0.786913455 -0.866331875 -0.008918130 -0.499389470 -7.493328094
-0.497165501 0.040734537 0.866698325 56.713874817 0.014106931 0.999144554 -0.038867343 -0.850700140 -0.867541134 -0.007097071 -0.497315198 -8.004158020
-0.494863153 0.039454635 0.868074119 57.610584259 0.014282892 0.999202847 -0.037272342 -0.905516863 -0.868853629 -0.006046121 -0.495032519 -8.504248619
-0.492648661 0.039014950 0.869352639 58.504547119 0.013903935 0.999219596 -0.036964055 -0.964533091 -0.870117307 -0.006122890 -0.492807001 -8.995995522
-0.490665674 0.039392628 0.870456398 59.403022766 0.014176192 0.999205947 -0.037228324 -1.022456646 -0.871232748 -0.005926921 -0.490834862 -9.494636536
-0.489739358 0.039874084 0.870956004 60.287250519 0.013996639 0.999184191 -0.037874363 -1.081672788 -0.871756673 -0.006358128 -0.489898294 -9.988481522
-0.490757644 0.041200325 0.870320857 61.170490265 0.013156470 0.999117613 -0.039878841 -1.140857935 -0.871196926 -0.008120516 -0.490867019 -10.476978302
-0.493629634 0.043040123 0.868605971 62.047489166 0.011845207 0.999014378 -0.042770389 -1.199159145 -0.869591773 -0.010823937 -0.493653297 -10.968744278
-0.498082012 0.043531053 0.866035998 62.919200897 0.010369605 0.998966396 -0.044248976 -1.258228302 -0.867068172 -0.013059191 -0.498018950 -11.467258453
-0.503566325 0.042113036 0.862929046 63.789836884 0.011366679 0.999047458 -0.042122938 -1.318268299 -0.863882065 -0.011403078 -0.503565669 -11.968175888
-0.508943260 0.039766092 0.859880567 64.651214600 0.012551103 0.999168694 -0.038778987 -1.379940510 -0.860708833 -0.008943873 -0.509019554 -12.477146149
-0.514206052 0.037314456 0.856854022 65.510269165 0.009670650 0.999241590 -0.037711799 -1.438246250 -0.857612491 -0.011105319 -0.514177144 -12.983290672
-0.519300818 0.040453915 0.853632927 66.365661621 0.011508225 0.999119103 -0.040347684 -1.497999310 -0.854514301 -0.011128804 -0.519309223 -13.499357224
-0.524919033 0.042049285 0.850112259 67.227882385 0.011744382 0.999041319 -0.042164061 -1.552404881 -0.851071358 -0.012148695 -0.524909973 -14.006343842
-0.529412210 0.042946193 0.847276449 68.041877747 0.010684564 0.998975813 -0.043959364 -1.614861488 -0.848297656 -0.014219866 -0.529329240 -14.508234024
-0.533402860 0.042829655 0.844775736 68.866485596 0.009126605 0.998950183 -0.044883627 -1.678014040 -0.845812261 -0.016231144 -0.533234119 -15.014408112
-0.536638319 0.041999515 0.842765927 69.683479309 0.010024901 0.999006987 -0.043402478 -1.739908934 -0.843753040 -0.014842808 -0.536526799 -15.532885551
-0.538964927 0.035245202 0.841589928 70.504211426 0.010993565 0.999333084 -0.034811035 -1.795515776 -0.842256665 -0.009509871 -0.538993239 -16.057310104
-0.541170716 0.026300410 0.840500772 71.325210571 0.010334154 0.999642909 -0.024626441 -1.848909855 -0.840849459 -0.004641260 -0.541249573 -16.581722260
-0.542679250 0.025022712 0.839566588 72.139533997 0.011792843 0.999684155 -0.022172328 -1.897665977 -0.839857399 -0.002131597 -0.542803288 -17.101827621
-0.544036686 0.029423568 0.838544786 72.943656921 0.011459580 0.999551833 -0.027638383 -1.939896584 -0.838983357 -0.005426936 -0.544130385 -17.614011765
-0.545087516 0.036041077 0.837603569 73.727279663 0.013572093 0.999323428 -0.034167465 -1.984691620 -0.838269472 -0.007256236 -0.545208216 -18.124330521
-0.545248389 0.039977998 0.837320209 74.515144348 0.019234078 0.999195218 -0.035181955 -2.030991316 -0.838054001 -0.003077827 -0.545578957 -18.645711899
-0.545199990 0.041264046 0.837289274 75.300987244 0.022747098 0.999147654 -0.034429252 -2.082638264 -0.837997437 0.000275069 -0.545674384 -19.162803650
-0.544686079 0.037903730 0.837782502 76.095001221 0.021663874 0.999280095 -0.031125644 -2.132519007 -0.838360250 0.001195906 -0.545115530 -19.677524567
-0.543953478 0.033117209 0.838461041 76.891860962 0.020726670 0.999445677 -0.026029354 -2.178732395 -0.838859379 0.003219745 -0.544338822 -20.191747665
-0.543028235 0.026536662 0.839294434 77.679885864 0.017860556 0.999638796 -0.020050634 -2.221393347 -0.839524448 0.004102200 -0.543306589 -20.696323395
-0.542597771 0.020998430 0.839729548 78.476409912 0.009768644 0.999777019 -0.018688630 -2.263725996 -0.839935839 -0.001937405 -0.542682469 -21.190750122
-0.541028023 0.015822127 0.840855122 79.272872925 0.002687308 0.999849856 -0.017084911 -2.300475359 -0.841000199 -0.006983801 -0.540989935 -21.681213379
-0.539050817 0.016564632 0.842109740 80.075492859 0.005916102 0.999855816 -0.015880655 -2.335961103 -0.842252433 -0.003578491 -0.539071739 -22.193143845
-0.535926461 0.019687191 0.844034493 80.863632202 0.009449388 0.999804735 -0.017320689 -2.369582653 -0.844211817 -0.001307021 -0.536008537 -22.696222305
-0.530845344 0.022791650 0.847161531 81.658729553 0.010449599 0.999737740 -0.020348705 -2.394889832 -0.847404301 -0.001949533 -0.530945003 -23.182010651
-0.522987604 0.024946492 0.851974547 82.436683655 0.014949986 0.999685764 -0.020094594 -2.426196098 -0.852209210 0.002227775 -0.523196876 -23.663652420
-0.514743030 0.028237471 0.856878817 83.226760864 0.022627201 0.999556184 -0.019346766 -2.466578722 -0.857045949 0.009430157 -0.515154123 -24.148000717
-0.504954815 0.027050145 0.862721264 84.024490356 0.019388877 0.999611497 -0.019993966 -2.497306347 -0.862928033 0.006631144 -0.505283713 -24.610139847
-0.494080603 0.024773438 0.869062543 84.831428528 0.016976079 0.999677718 -0.018845584 -2.526449203 -0.869250417 0.005442031 -0.494342476 -25.058568954
-0.482499391 0.021451248 0.875633061 85.644325256 0.017084315 0.999739826 -0.015077759 -2.560299635 -0.875729740 0.007684576 -0.482740879 -25.500064850
-0.471407294 0.020710308 0.881671846 86.467521667 0.017130686 0.999750137 -0.014324706 -2.598394156 -0.881749272 0.008350868 -0.471644759 -25.934171677
-0.459429860 0.019940605 0.887989640 87.288261414 0.017325077 0.999758422 -0.013486889 -2.624320030 -0.888045132 0.009188206 -0.459664792 -26.353332520
-0.447247148 0.020983158 0.894163728 88.112937927 0.018908488 0.999722660 -0.014002645 -2.657399654 -0.894210517 0.010644639 -0.447520316 -26.765598297
-0.435757428 0.024505792 0.899729967 88.943473816 0.018108968 0.999665141 -0.018457267 -2.697276831 -0.899881899 0.008250287 -0.436055690 -27.154779434
-0.424421370 0.033691742 0.904837310 89.772605896 0.020123700 0.999411166 -0.027774122 -2.728708982 -0.905241072 0.006420739 -0.424849868 -27.538135529
-0.411575198 0.038255300 0.910572112 90.600807190 0.019547636 0.999258876 -0.033145886 -2.764392853 -0.911166012 0.004157501 -0.412018359 -27.906023026
-0.400303215 0.034744110 0.915723383 91.455642700 0.017042210 0.999389946 -0.030468756 -2.805441141 -0.916224122 0.003409204 -0.400651515 -28.272085190
-0.388813406 0.030595083 0.920807898 92.303497314 0.013725536 0.999529362 -0.027415168 -2.844109774 -0.921214104 0.001979191 -0.389050752 -28.624380112
-0.379030347 0.031098533 0.924861073 93.140830994 0.010450611 0.999514699 -0.029325958 -2.889588833 -0.925325036 -0.001450074 -0.379171818 -28.959186554
-0.372318357 0.035391785 0.927429557 93.983528137 0.005221864 0.999336123 -0.036039598 -2.936408281 -0.928090215 -0.008575309 -0.372256398 -29.282129288
-0.367442191 0.040428508 0.929166794 94.825790405 -0.000042406 0.999053419 -0.043486182 -2.986665964 -0.930046141 -0.016018083 -0.367093056 -29.601325989
-0.363927692 0.042540941 0.930454791 95.673255920 -0.002464997 0.998908341 -0.046634916 -3.040848970 -0.931423724 -0.019265331 -0.363425940 -29.923089981
-0.360329866 0.042103939 0.931873858 96.517799377 -0.004227919 0.998896301 -0.046767071 -3.099134207 -0.932815135 -0.020791486 -0.359754562 -30.242439270
-0.355216235 0.042456254 0.933819115 97.353942871 -0.004103622 0.998887002 -0.046975661 -3.155560732 -0.934774935 -0.020518586 -0.354647070 -30.550584793
-0.349240601 0.038093075 0.936258078 98.201126099 -0.007811485 0.999019623 -0.043560553 -3.208118677 -0.937000334 -0.022526708 -0.348601073 -30.861671448
-0.343780875 0.034759127 0.938405991 99.064331055 -0.008198850 0.999164879 -0.040013395 -3.262243032 -0.939013898 -0.021449715 -0.343209177 -31.172653198
-0.337925315 0.031736035 0.940637290 99.912284851 -0.009650523 0.999261320 -0.037181016 -3.318930864 -0.941123247 -0.021642074 -0.337369829 -31.467216492
-0.332184523 0.030139228 0.942732334 100.770912170 -0.017805604 0.999110222 -0.038215790 -3.368956089 -0.943046153 -0.029480647 -0.331352711 -31.752403259
-0.326322824 0.030414734 0.944768548 101.615020752 -0.025118105 0.998849630 -0.040831655 -3.418248653 -0.944924474 -0.037055135 -0.325183868 -32.015823364
-0.319521308 0.034627508 0.946945786 102.458213806 -0.023170011 0.998747170 -0.044339970 -3.471845150 -0.947295666 -0.036108349 -0.318319082 -32.293567657
-0.312181145 0.038037840 0.949260414 103.305213928 -0.021244321 0.998668134 -0.047004346 -3.524137497 -0.949784935 -0.034840304 -0.310957670 -32.571289062
-0.305717111 0.036257844 0.951431453 104.156524658 -0.022616493 0.998715520 -0.045327108 -3.572060108 -0.951853633 -0.035375353 -0.304504812 -32.838539124
-0.298476607 0.031375106 0.953900814 105.014617920 -0.023331834 0.998920321 -0.040156536 -3.627409697 -0.954131603 -0.034242079 -0.297422707 -33.100547791
-0.291497201 0.028801151 0.956137717 105.869232178 -0.024867916 0.998979986 -0.037673250 -3.678254604 -0.956248224 -0.034758832 -0.290484041 -33.349845886
-0.285287261 0.031956192 0.957908869 106.728416443 -0.027211873 0.998770416 -0.041423786 -3.726918936 -0.958055496 -0.037884206 -0.284067243 -33.596046448
-0.278870642 0.034285817 0.959716141 107.584808350 -0.027516026 0.998666227 -0.043672930 -3.782184124 -0.959934175 -0.038586710 -0.277555645 -33.842754364
-0.272255301 0.034930076 0.961590528 108.440368652 -0.029916778 0.998549879 -0.044743098 -3.833150864 -0.961759686 -0.040949274 -0.270815849 -34.069580078
-0.265445560 0.034423273 0.963510811 109.300415039 -0.030061351 0.998580396 -0.043958168 -3.884037018 -0.963656962 -0.040632974 -0.264034241 -34.295127869
-0.257328689 0.034141619 0.965720356 110.142028809 -0.026080877 0.998765588 -0.042259589 -3.936133385 -0.965971768 -0.036061473 -0.256120920 -34.512050629
-0.249718860 0.035299942 0.967674494 111.005569458 -0.023248654 0.998828053 -0.042436078 -3.989458323 -0.968039095 -0.033094253 -0.248605862 -34.728347778
-0.243196756 0.035832148 0.969314635 111.873741150 -0.022450773 0.998841226 -0.042556554 -4.041360855 -0.969716907 -0.032111514 -0.242110804 -34.940895081
-0.236322299 0.034661833 0.971056044 112.715637207 -0.029039839 0.998664618 -0.042714752 -4.094636917 -0.971240461 -0.038293798 -0.235000461 -35.136741638
-0.230289534 0.032708991 0.972572029 113.567604065 -0.033233907 0.998587012 -0.041453283 -4.149614334 -0.972554266 -0.041868664 -0.228877395 -35.327976227
-0.225729764 0.032654542 0.973642290 114.444450378 -0.030603528 0.998706520 -0.040590413 -4.204160690 -0.973708928 -0.038959391 -0.224438742 -35.528011322
-0.221506074 0.032737263 0.974609077 115.311157227 -0.029473135 0.998754382 -0.040246978 -4.256441593 -0.974713266 -0.037639774 -0.220265597 -35.713481903
-0.216760680 0.033997931 0.975632310 116.180496216 -0.028878210 0.998732090 -0.041219003 -4.307594776 -0.975797296 -0.037109211 -0.215504348 -35.902095795
-0.210764244 0.033112645 0.976975620 117.041595459 -0.022935634 0.998982847 -0.038806576 -4.353388786 -0.977267563 -0.030586628 -0.209790707 -36.088283539
-0.205519572 0.031851519 0.978134215 117.917762756 -0.015599008 0.999236047 -0.035816342 -4.403455257 -0.978528440 -0.022618912 -0.204866007 -36.274314880
-0.200473905 0.030860361 0.979212582 118.785186768 -0.013895379 0.999313056 -0.034338735 -4.456176758 -0.979600191 -0.020490579 -0.199907660 -36.452774048
-0.196500018 0.032671053 0.979959071 119.654075623 -0.015645374 0.999212444 -0.036450237 -4.500605106 -0.980378628 -0.022494329 -0.195834383 -36.616661072
-0.192993462 0.034709007 0.980585694 120.517082214 -0.017038729 0.999104321 -0.038718075 -4.544802189 -0.981051743 -0.024180302 -0.192229509 -36.775810242
-0.191306666 0.033956308 0.980942547 121.388107300 -0.019497197 0.999072134 -0.038386405 -4.597306728 -0.981336296 -0.026469238 -0.190467417 -36.934352875
-0.190344319 0.032927874 0.981164753 122.267623901 -0.019991368 0.999099493 -0.037408166 -4.643780708 -0.981513441 -0.026735291 -0.189514950 -37.097129822
-0.189284623 0.028568830 0.981506348 123.132621765 -0.018357491 0.999298394 -0.032627083 -4.688519478 -0.981750309 -0.024193829 -0.188627660 -37.260971069
-0.187957406 0.023313241 0.981900275 124.002494812 -0.019103114 0.999441743 -0.027386604 -4.734488010 -0.981990993 -0.023904895 -0.187407419 -37.426181793
-0.186981320 0.021515766 0.982127666 124.866531372 -0.018289432 0.999509990 -0.025378698 -4.777427673 -0.982192755 -0.022707926 -0.186496481 -37.589282990
-0.185733974 0.026211910 0.982250214 125.719619751 -0.018466890 0.999373853 -0.030160893 -4.818583012 -0.982426047 -0.023741037 -0.185133904 -37.746551514
-0.185763061 0.029848482 0.982140958 126.561721802 -0.017763868 0.999272525 -0.033729129 -4.866286278 -0.982433558 -0.023712277 -0.185097978 -37.896469116
-0.185871884 0.029002024 0.982145727 127.422431946 -0.021396188 0.999207258 -0.033555206 -4.906446934 -0.982340574 -0.027251173 -0.185104251 -38.048248291
-0.185247540 0.028020233 0.982292175 128.274185181 -0.023058282 0.999193668 -0.032850970 -4.955137730 -0.982420921 -0.028735559 -0.184452310 -38.204524994
-0.184445441 0.028727371 0.982422709 129.116592407 -0.019049790 0.999279857 -0.032796938 -4.999390602 -0.982657671 -0.024764217 -0.183765605 -38.365428925
-0.183700591 0.031467129 0.982478380 129.934188843 -0.021122867 0.999129653 -0.035950057 -5.036244869 -0.982754827 -0.027356833 -0.182876289 -38.511253357
-0.184027582 0.032482024 0.982384145 130.769027710 -0.029187331 0.998831868 -0.038493581 -5.084323883 -0.982487202 -0.035757083 -0.182864800 -38.648765564
-0.183706701 0.033708535 0.982402861 131.598114014 -0.034841783 0.998559892 -0.040778372 -5.134979725 -0.982362986 -0.041719962 -0.182267949 -38.783821106
-0.183336556 0.037340030 0.982340693 132.430938721 -0.031968191 0.998522699 -0.043921556 -5.185009480 -0.982529819 -0.039456118 -0.181872308 -38.935569763
-0.182827920 0.038269594 0.982399702 133.250061035 -0.030750751 0.998529911 -0.044620898 -5.236463070 -0.982663453 -0.038367510 -0.181382626 -39.079757690
-0.181089684 0.039489176 0.982673347 134.074966431 -0.031554688 0.998445094 -0.045938078 -5.287558556 -0.982959747 -0.039326902 -0.179562345 -39.225944519
-0.179763466 0.038538024 0.982954562 134.882858276 -0.022962932 0.998794973 -0.043358669 -5.342455864 -0.983441353 -0.030365858 -0.178662211 -39.365730286
-0.175890818 0.035427138 0.983771861 135.694152832 -0.016299291 0.999109745 -0.038893793 -5.396360874 -0.984274268 -0.022875873 -0.175157100 -39.525299072
-0.174067482 0.030551227 0.984259605 136.502609253 -0.012478273 0.999369204 -0.033227153 -5.445416451 -0.984654129 -0.018065654 -0.173576772 -39.665622711
-0.170573607 0.030148223 0.984883547 137.295425415 -0.010245803 0.999422789 -0.032367900 -5.492187023 -0.985291064 -0.015612059 -0.170166582 -39.795303345
-0.165297419 0.035192870 0.985615551 138.108078003 -0.008530979 0.999274015 -0.037111420 -5.542838573 -0.986206293 -0.014542717 -0.164877519 -39.933803558
-0.158917248 0.038277563 0.986549497 138.881423950 -0.007109849 0.999177098 -0.039912920 -5.586524487 -0.987265706 -0.013357099 -0.158514664 -40.047328949
-0.150659651 0.038926952 0.987818897 139.680892944 -0.007127127 0.999154925 -0.040460814 -5.628376007 -0.988559365 -0.013136153 -0.150255233 -40.164531708
-0.141237885 0.034448732 0.989376009 140.480697632 -0.005716612 0.999348521 -0.035612166 -5.674716473 -0.989958525 -0.010685695 -0.140949294 -40.271484375
-0.129086971 0.032930873 0.991086185 141.250869751 -0.001405028 0.999440551 -0.033391599 -5.719968796 -0.991631627 -0.005702951 -0.128968835 -40.372615814
-0.115105495 0.035769373 0.992708921 142.032760620 0.003099645 0.999358714 -0.035649706 -5.757929325 -0.993347764 -0.001026458 -0.115142912 -40.463508606
-0.100956477 0.036930609 0.994204998 142.820404053 0.002635387 0.999316454 -0.036852993 -5.799407005 -0.994886696 -0.001100461 -0.100985147 -40.537117004
-0.086936764 0.036954194 0.995528042 143.587875366 0.004695119 0.999315083 -0.036684882 -5.839305878 -0.996202171 0.001484831 -0.087051064 -40.596603394
-0.073668540 0.038578391 0.996536195 144.370758057 0.004957440 0.999252498 -0.038317196 -5.886441231 -0.997269869 0.002117470 -0.073805057 -40.645839691
-0.059951223 0.044947863 0.997188687 145.145767212 0.001790230 0.998988032 -0.044921469 -5.936444759 -0.998199165 -0.000907930 -0.059971355 -40.683479309
-0.047307089 0.054205760 0.997408390 145.899490356 -0.005361479 0.998497427 -0.054519378 -5.985496521 -0.998865485 -0.007926773 -0.046945713 -40.700550079
-0.034345258 0.061773293 0.997498989 146.656784058 -0.009882865 0.998017311 -0.062145807 -6.040128231 -0.999360681 -0.011992601 -0.033666991 -40.704223633
-0.021274574 0.062382311 0.997825444 147.416946411 -0.010545336 0.997981071 -0.062617011 -6.094253540 -0.999717534 -0.011854595 -0.020574097 -40.709110260
-0.009615566 0.058567166 0.998237073 148.186767578 -0.014795595 0.998164833 -0.058705587 -6.155544758 -0.999843717 -0.015334040 -0.008731697 -40.704021454
0.001130060 0.056168251 0.998420596 148.949676514 -0.018511800 0.998250544 -0.056137871 -6.218550205 -0.999827445 -0.018419163 0.002167551 -40.687953949
0.009851531 0.062646344 0.997987092 149.694595337 -0.022686038 0.997791827 -0.062410284 -6.281004429 -0.999693573 -0.022025580 0.011250671 -40.662860870
0.016465830 0.070676558 0.997363329 150.433273315 -0.025932033 0.997192323 -0.070236459 -6.336159229 -0.999527514 -0.024707202 0.018252088 -40.642955780
0.019326270 0.073711969 0.997092247 151.178710938 -0.028855197 0.996903300 -0.073138848 -6.391649723 -0.999396205 -0.027357839 0.021393100 -40.615566254
0.019195911 0.069195688 0.997418344 151.926193237 -0.031256277 0.997155249 -0.068576016 -6.453498840 -0.999326468 -0.029859252 0.021303806 -40.590530396
0.017427308 0.064756244 0.997748792 152.673461914 -0.032575373 0.997406662 -0.064165168 -6.522544384 -0.999316752 -0.031383865 0.019491274 -40.568050385
0.014514796 0.061822243 0.997981489 153.419494629 -0.031138683 0.997629762 -0.061347686 -6.581042767 -0.999409080 -0.030185429 0.016405156 -40.554695129
0.011716441 0.062110405 0.998000383 154.157089233 -0.029456997 0.997656405 -0.061743297 -6.634508133 -0.999496758 -0.028674731 0.013518269 -40.542922974
0.007919405 0.062073689 0.998040020 154.897644043 -0.027881043 0.997696280 -0.061831199 -6.694015503 -0.999579251 -0.027336780 0.009631539 -40.534111023
0.003286991 0.060490243 0.998163223 155.636886597 -0.028953744 0.997755170 -0.060370293 -6.754450798 -0.999574661 -0.028702179 0.005030728 -40.523532867
-0.002247777 0.060882896 0.998142183 156.375564575 -0.030087281 0.997688055 -0.060923070 -6.805689812 -0.999544024 -0.030168381 -0.000411085 -40.518520355
-0.008258533 0.059061997 0.998220026 157.112106323 -0.031298861 0.997748971 -0.059293192 -6.860799313 -0.999475241 -0.031732876 -0.006391677 -40.517959595
-0.014238082 0.056304947 0.998311937 157.849105835 -0.028951241 0.997970641 -0.056698728 -6.921116352 -0.999478698 -0.029709699 -0.012579398 -40.525856018
-0.019650288 0.056282371 0.998221338 158.584838867 -0.029853055 0.997935236 -0.056854032 -6.973547459 -0.999360383 -0.030917207 -0.017929826 -40.537761688
-0.025187995 0.057469822 0.998029232 159.312103271 -0.031519983 0.997803330 -0.058252428 -7.027009010 -0.999184966 -0.032925181 -0.023321532 -40.547042847
-0.029280886 0.059600171 0.997792542 160.034301758 -0.031840429 0.997657835 -0.060526621 -7.085869789 -0.999063194 -0.033542473 -0.027314924 -40.561996460
-0.031963632 0.061920576 0.997568905 160.751907349 -0.032172121 0.997497380 -0.062947102 -7.141385078 -0.998970330 -0.034105979 -0.029891836 -40.579963684
-0.033644538 0.063415416 0.997419715 161.462692261 -0.028965266 0.997503042 -0.064397886 -7.195552349 -0.999013245 -0.031057220 -0.031723998 -40.601379395
-0.032950472 0.061664071 0.997552693 162.182983398 -0.025453836 0.997718573 -0.062515229 -7.252392292 -0.999131978 -0.027451506 -0.031306025 -40.625156403
-0.029263062 0.058077868 0.997882903 162.890014648 -0.023341110 0.997997940 -0.058769166 -7.307800293 -0.999298334 -0.025011517 -0.027849184 -40.641357422
-0.021747675 0.058092251 0.998074114 163.590438843 -0.022312731 0.998032808 -0.058576155 -7.364028454 -0.999513626 -0.023543712 -0.020409007 -40.651699066
-0.010534503 0.058930136 0.998206317 164.279388428 -0.020024324 0.998048544 -0.059132263 -7.417443275 -0.999743223 -0.020611392 -0.009334218 -40.653896332
0.003324304 0.059947260 0.998195827 164.970748901 -0.017265616 0.998055398 -0.059881441 -7.461231709 -0.999844611 -0.017035458 0.004352559 -40.642459869
0.018410509 0.057713874 0.998163223 165.658355713 -0.018535282 0.998179972 -0.057373084 -7.509505749 -0.999657869 -0.017445024 0.019446440 -40.617774963
0.034471624 0.052851871 0.998006999 166.343383789 -0.023561487 0.998365402 -0.052057132 -7.560383797 -0.999127090 -0.021720087 0.035660237 -40.576702118
0.050801016 0.046281792 0.997635603 167.027877808 -0.024843231 0.998674393 -0.045065038 -7.606051445 -0.998398900 -0.022495192 0.051883161 -40.528842926
0.067817576 0.039025262 0.996933997 167.700637817 -0.025138730 0.998983562 -0.037395511 -7.645627975 -0.997380137 -0.022525629 0.068729386 -40.473896027
0.085394472 0.031630021 0.995844841 168.372314453 -0.025835056 0.999229491 -0.029522255 -7.682385445 -0.996011436 -0.023206715 0.086145535 -40.404750824
0.102105722 0.025779460 0.994439304 169.033142090 -0.027710317 0.999349236 -0.023061648 -7.716801643 -0.994386852 -0.025201544 0.102753326 -40.319255829
0.120308347 0.023414226 0.992460251 169.684036255 -0.028450619 0.999391794 -0.020129012 -7.748594761 -0.992328167 -0.025814462 0.120901026 -40.227516174
0.138060823 0.022177618 0.990175247 170.323318481 -0.027327741 0.999453247 -0.018575203 -7.772482872 -0.990046084 -0.024494788 0.138591096 -40.125648499
0.155294552 0.021619007 0.987631440 170.956420898 -0.028952569 0.999429941 -0.017324895 -7.796178341 -0.987443328 -0.025904048 0.155831635 -40.012214661
0.171098128 0.020781681 0.985034585 171.582534790 -0.034077983 0.999303401 -0.015163560 -7.817271709 -0.984663963 -0.030973580 0.171686843 -39.882446289
0.185489669 0.017324159 0.982493281 172.207809448 -0.036282830 0.999282777 -0.010770302 -7.837923050 -0.981975615 -0.033649903 0.185984924 -39.747562408
0.197836056 0.013295025 0.980144799 172.835906982 -0.032525931 0.999445677 -0.006991784 -7.856976986 -0.979694784 -0.030496940 0.198158562 -39.617061615
0.208530009 0.012277202 0.977938771 173.452316284 -0.030607630 0.999512553 -0.006021559 -7.874135494 -0.977536380 -0.028676756 0.208803877 -39.482089996
0.218345523 0.015867371 0.975742340 174.048416138 -0.034905970 0.999354184 -0.008440413 -7.896777630 -0.975246549 -0.032216355 0.218758121 -39.334304810
0.227341667 0.023118444 0.973540425 174.638748169 -0.039214872 0.999123812 -0.014568601 -7.918418884 -0.973024666 -0.034865264 0.228048816 -39.179084778
0.236377120 0.032986537 0.971101105 175.224136353 -0.039418187 0.998925626 -0.024336958 -7.939228058 -0.970861077 -0.032526396 0.237423167 -39.028617859
0.244552732 0.038690023 0.968863547 175.814254761 -0.034030043 0.998929799 -0.031301189 -7.957796574 -0.969038248 -0.025315728 0.245607361 -38.880092621
0.250994384 0.036792539 0.967288852 176.410293579 -0.033477951 0.999008775 -0.029312234 -7.977567673 -0.967409074 -0.025025692 0.251977056 -38.718910217
0.256971419 0.029423475 0.965970814 177.013534546 -0.036148034 0.999128878 -0.020817336 -7.997770786 -0.965742350 -0.029568531 0.257810891 -38.546707153
0.261186868 0.019038539 0.965100348 177.619735718 -0.040690720 0.999133229 -0.008697813 -8.021473885 -0.964429855 -0.036998916 0.261734903 -38.368858337
0.263033062 0.011238109 0.964721203 178.257064819 -0.041675176 0.999130487 -0.000276240 -8.040005684 -0.963885903 -0.040132307 0.263272434 -38.195465088
0.264062226 0.010429251 0.964449048 178.860671997 -0.038178209 0.999270141 -0.000352865 -8.059021950 -0.963749349 -0.036727801 0.264267415 -38.031135559
0.265359133 0.012448394 0.964069068 179.457122803 -0.034658518 0.999392807 -0.003364890 -8.072015762 -0.963526130 -0.032520339 0.265629172 -37.869499207
0.267102599 0.012045131 0.963592589 180.055053711 -0.031444013 0.999497652 -0.003777954 -8.078597069 -0.963154614 -0.029290153 0.267346889 -37.705821991
0.268676043 0.009867531 0.963179827 180.659973145 -0.033463277 0.999438822 -0.000904628 -8.086716652 -0.962648809 -0.031988140 0.268855155 -37.527950287
0.271603078 0.006122221 0.962389648 181.270812988 -0.033794709 0.999422967 0.003179535 -8.098115921 -0.961815417 -0.033387285 0.271652967 -37.351921082
0.274583280 0.001233513 0.961562276 181.878646851 -0.033463813 0.999404907 0.008273740 -8.105632782 -0.960980475 -0.034449406 0.274460852 -37.174167633
0.278941512 -0.001425144 0.960306823 182.494140625 -0.032351632 0.999416530 0.010880291 -8.110803604 -0.959762573 -0.034102488 0.278732389 -36.991641998
0.285172820 -0.003633634 0.958469033 183.104736328 -0.030639617 0.999446452 0.012905059 -8.112421036 -0.957985818 -0.033047326 0.284903347 -36.805286407
0.293080240 -0.006783099 0.956063569 183.724014282 -0.029129017 0.999446511 0.016020250 -8.114803314 -0.955643535 -0.032544442 0.292720169 -36.612731934
0.302832276 -0.008812196 0.953002930 184.345428467 -0.026480734 0.999492586 0.017656650 -8.120416641 -0.952675343 -0.030583251 0.302445024 -36.412101746
0.313808531 -0.006622488 0.949463010 184.958770752 -0.028064355 0.999473274 0.016246792 -8.122987747 -0.949070871 -0.031744480 0.313457161 -36.197608948
0.325278968 -0.002890456 0.945613503 185.564987183 -0.029276550 0.999484360 0.013125770 -8.125424385 -0.945164204 -0.031953871 0.325026393 -35.974182129
0.336938918 0.000310929 0.941526234 186.178192139 -0.030526999 0.999476969 0.010594353 -8.124015808 -0.941030920 -0.032311659 0.336771995 -35.740547180
0.348453283 0.000660496 0.937325656 186.796051025 -0.029338308 0.999516666 0.010202161 -8.123548508 -0.936866283 -0.031054566 0.348304063 -35.502460480
0.359748125 -0.002370039 0.933046222 187.409667969 -0.028631434 0.999496937 0.013577941 -8.123867989 -0.932609439 -0.031599130 0.359499127 -35.257019043
