1.000000000 0.000000000 0.000000000 0.000000000 0.000000000 1.000000000 0.000000000 0.000000000 0.000000000 0.000000000 1.000000000 0.000000000
0.999999881 -0.000474038 -0.000152516 -0.006608189 0.000474275 0.999998689 0.001555355 -0.022004491 0.000151778 -0.001555427 0.999998808 1.331430674
0.999998152 -0.001808393 -0.000695396 -0.006988059 0.001809577 0.999996901 0.001704805 -0.046893097 0.000692311 -0.001706060 0.999998331 2.653387070
0.999994636 -0.003202582 -0.000808574 -0.010841571 0.003203111 0.999994636 0.000654261 -0.068452753 0.000806474 -0.000656848 0.999999523 3.961265087
0.999994636 -0.003269140 -0.000465562 -0.024714518 0.003269455 0.999994397 0.000677707 -0.091167405 0.000463344 -0.000679225 0.999999702 5.293973923
0.999993384 -0.003656056 -0.000379752 -0.035319962 0.003656638 0.999992073 0.001544311 -0.113242120 0.000374103 -0.001545689 0.999998808 6.622206211
0.999987125 -0.005095579 -0.000161736 -0.041046966 0.005096000 0.999983251 0.002723793 -0.135045752 0.000147854 -0.002724582 0.999996364 7.958659649
0.999989390 -0.004601853 -0.000500901 -0.045383878 0.004603408 0.999984324 0.003149050 -0.156063914 0.000486402 -0.003151322 0.999995053 9.286599159
0.999992669 -0.003752911 -0.000908221 -0.054411672 0.003754154 0.999991894 0.001370402 -0.176520288 0.000903070 -0.001373801 0.999998808 10.612930298
0.999999225 -0.000935076 -0.000986054 -0.060490198 0.000934216 0.999999106 -0.000872703 -0.196241185 0.000986869 0.000871783 0.999999285 11.960246086
0.999996424 0.002617544 -0.000787957 -0.073214762 -0.002618881 0.999995053 -0.001702753 -0.219350979 0.000783496 0.001704812 0.999998391 13.290603638
0.999988258 0.004812026 -0.000883365 -0.082505666 -0.004813533 0.999986947 -0.001714214 -0.245957360 0.000875104 0.001718448 0.999998271 14.631521225
0.999983251 0.005794232 -0.000690186 -0.094229907 -0.005794756 0.999982893 -0.000761871 -0.270399541 0.000685760 0.000765859 0.999999583 15.974982262
0.999994755 0.003311609 -0.000236974 -0.100603923 -0.003311091 0.999992192 0.002151977 -0.295810282 0.000244098 -0.002151180 0.999997735 17.338388443
1.000000000 -0.000675942 -0.000074106 -0.107308686 0.000676226 0.999992192 0.003907393 -0.315308571 0.000071464 -0.003907441 0.999992430 18.687812805
0.999996245 -0.002829929 -0.000307311 -0.110930890 0.002830429 0.999994755 0.001638911 -0.337684065 0.000302672 -0.001639774 0.999998629 20.049383163
0.999993265 -0.003731658 -0.000241528 -0.119689837 0.003731542 0.999993026 -0.000470562 -0.355186552 0.000243282 0.000469658 0.999999881 21.397354126
0.999999285 -0.001342345 0.000455000 -0.128538668 0.001343261 0.999997199 -0.002020945 -0.379839599 -0.000452286 0.002021555 0.999997914 22.768650055
0.999998450 0.001373166 0.001318536 -0.136086732 -0.001373055 0.999999225 -0.000085383 -0.398673981 -0.001318652 0.000083574 0.999999166 24.153196335
0.999996841 0.001778938 0.001915255 -0.147054628 -0.001785749 0.999992251 0.003560472 -0.420025975 -0.001908905 -0.003563879 0.999991894 25.498918533
0.999997199 -0.000434404 0.002453822 -0.142869413 0.000421033 0.999985218 0.005447012 -0.434724033 -0.002456151 -0.005445961 0.999982238 26.878170013
0.999989212 -0.004269466 0.002009052 -0.139560938 0.004262131 0.999984443 0.003640627 -0.449869990 -0.002024563 -0.003632022 0.999991417 28.243537903
0.999987602 -0.004743085 0.001713535 -0.135135397 0.004740695 0.999987960 0.001395690 -0.468081057 -0.001720133 -0.001387548 0.999997616 29.625995636
0.999986231 -0.004665463 0.002532803 -0.139143899 0.004667990 0.999988794 -0.000993205 -0.488701195 -0.002528139 0.001005015 0.999996305 31.006772995
0.999995232 -0.001284227 0.002916238 -0.143594638 0.001289436 0.999997795 -0.001785623 -0.518567145 -0.002913937 0.001789375 0.999994159 32.395149231
0.999994636 -0.000299946 0.003338241 -0.154266566 0.000312675 0.999992847 -0.003813560 -0.547723591 -0.003337071 0.003814582 0.999987185 33.753761292
0.999993980 0.000956305 0.003408624 -0.162314817 -0.000945314 0.999994576 -0.003224920 -0.573984563 -0.003411688 0.003221678 0.999989033 35.120929718
0.999994516 0.001039288 0.003226842 -0.163298860 -0.001032600 0.999997556 -0.002074101 -0.599329412 -0.003228988 0.002070758 0.999992728 36.521820068
0.999994040 0.002140035 0.002806991 -0.164880008 -0.002138676 0.999997854 -0.000487211 -0.628250003 -0.002808027 0.000481205 0.999996006 37.935203552
0.999983191 0.005058612 0.002925504 -0.174907237 -0.005058295 0.999987423 -0.000115872 -0.654541016 -0.002926052 0.000101073 0.999995768 39.338130951
0.999967635 0.007443793 0.003143248 -0.178142473 -0.007442599 0.999972463 -0.000391621 -0.681041837 -0.003146075 0.000368214 0.999995053 40.752758026
0.999948382 0.009752460 0.002964494 -0.175925508 -0.009752430 0.999952674 -0.000024859 -0.701826751 -0.002964594 -0.000004053 0.999995708 42.173938751
0.999939859 0.010667996 0.002668511 -0.182445884 -0.010668239 0.999943316 0.000076193 -0.730175555 -0.002667545 -0.000104657 0.999996543 43.580490112
0.999949872 0.009789979 0.002234769 -0.186865315 -0.009790065 0.999952316 0.000026563 -0.756519258 -0.002234401 -0.000048439 0.999997556 44.997684479
0.999958932 0.008970249 0.001504116 -0.193075553 -0.008969887 0.999960005 -0.000248789 -0.782396078 -0.001506287 0.000235288 0.999998927 46.390491486
0.999964297 0.008452392 0.000744700 -0.198291510 -0.008452438 0.999964535 0.000053961 -0.805326164 -0.000744217 -0.000060253 0.999999762 47.805690765
0.999963343 0.008591035 -0.000225774 -0.208949536 -0.008590744 0.999962568 0.001274213 -0.828960836 0.000236712 -0.001272226 0.999999225 49.207756042
0.999959886 0.008886145 -0.001331273 -0.220689848 -0.008884739 0.999960244 0.001060956 -0.853119075 0.001340647 -0.001049085 0.999998569 50.613124847
0.999954522 0.009223422 -0.002546468 -0.233379766 -0.009219822 0.999956787 0.001423633 -0.872271776 0.002559488 -0.001400089 0.999995768 52.037693024
0.999952853 0.009082772 -0.003520411 -0.251578778 -0.009074027 0.999956012 0.002493050 -0.899223983 0.003542899 -0.002460987 0.999990702 53.459018707
0.999965072 0.007273906 -0.004182978 -0.260644972 -0.007258729 0.999967396 0.003632866 -0.925330997 0.004209265 -0.003602374 0.999984622 54.907421112
0.999970973 0.006099567 -0.004629135 -0.274697512 -0.006082407 0.999974906 0.003712877 -0.948795080 0.004651664 -0.003684611 0.999982357 56.345752716
0.999979794 0.003689445 -0.005224793 -0.278723121 -0.003673390 0.999988854 0.003079783 -0.973783016 0.005236095 -0.003060527 0.999981582 57.793472290
0.999983072 0.002579002 -0.005265693 -0.293516159 -0.002561064 0.999991298 0.003411187 -0.994316995 0.005274442 -0.003397642 0.999980271 59.224330902
0.999987304 0.001150855 -0.004954135 -0.303262889 -0.001130290 0.999991179 0.004152643 -1.018265963 0.004958868 -0.004146989 0.999979079 60.651039124
0.999990046 0.000029557 -0.004519113 -0.317653686 -0.000007548 0.999988556 0.004870798 -1.039916515 0.004519203 -0.004870713 0.999977887 62.083324432
0.999991357 -0.001505454 -0.003941281 -0.327149510 0.001522730 0.999989629 0.004384845 -1.059749961 0.003934638 -0.004390806 0.999982595 63.515857697
0.999988019 -0.003297916 -0.003695030 -0.331913203 0.003311351 0.999988258 0.003636486 -1.079331994 0.003682992 -0.003648676 0.999986529 64.929382324
0.999992430 -0.002482255 -0.003079932 -0.345393032 0.002492485 0.999991715 0.003323107 -1.104213476 0.003071657 -0.003330757 0.999989688 66.352790833
0.999997437 -0.000979975 -0.002195199 -0.359127581 0.000987211 0.999994397 0.003298967 -1.133727074 0.002191955 -0.003301124 0.999992073 67.800415039
0.999995708 0.002459882 -0.001773895 -0.371788085 -0.002451701 0.999986768 0.004601268 -1.153745174 0.001785191 -0.004596897 0.999987721 69.205200195
0.999981999 0.005996637 -0.000794425 -0.386601388 -0.005991836 0.999964952 0.005917472 -1.176496863 0.000829883 -0.005912603 0.999982059 70.651351929
0.999947786 0.010246285 -0.000019517 -0.404263824 -0.010245968 0.999928534 0.006227221 -1.193755627 0.000083323 -0.006226694 0.999980509 72.074218750
0.999896586 0.014381602 0.000684935 -0.422653347 -0.014385435 0.999879181 0.005959346 -1.215953469 -0.000599145 -0.005968581 0.999981880 73.462440491
0.999840975 0.017788235 0.001458532 -0.439633638 -0.017796002 0.999826968 0.005495446 -1.239433765 -0.001360522 -0.005520526 0.999983668 74.873878479
0.999805272 0.019629609 0.002149586 -0.446507871 -0.019641111 0.999792635 0.005465178 -1.264370322 -0.002041857 -0.005506332 0.999982595 76.307548523
0.999808669 0.019421078 0.002420356 -0.455186248 -0.019434927 0.999794543 0.005834403 -1.275867105 -0.002306544 -0.005880324 0.999979854 77.715118408
0.999820590 0.018816261 0.002291930 -0.447877973 -0.018828124 0.999809325 0.005267227 -1.291516066 -0.002192380 -0.005309433 0.999983311 79.078704834
0.999841392 0.017700478 0.002099706 -0.449842364 -0.017709116 0.999834955 0.004166801 -1.306567192 -0.002025601 -0.004203322 0.999988973 80.460838318
0.999851346 0.017184161 0.001558194 -0.445618957 -0.017190859 0.999843001 0.004390196 -1.336107135 -0.001482504 -0.004416329 0.999988973 81.821449280
0.999855936 0.016935742 0.001344512 -0.462219536 -0.016941687 0.999846578 0.004539682 -1.354341865 -0.001267419 -0.004561805 0.999988616 83.248580933
0.999860942 0.016662491 0.000981814 -0.483767360 -0.016666362 0.999853194 0.004072121 -1.377065659 -0.000913816 -0.004087918 0.999991059 84.676734924
0.999859691 0.016758626 0.000411424 -0.499385834 -0.016760292 0.999850094 0.004440296 -1.397858381 -0.000336947 -0.004446567 0.999989867 86.035392761
0.999868572 0.016214127 -0.000587806 -0.508133471 -0.016210739 0.999854505 0.005377950 -1.421758533 0.000674921 -0.005367713 0.999985158 87.417915344
0.999896824 0.014314298 -0.001344689 -0.519793808 -0.014305592 0.999878347 0.006277644 -1.440600157 0.001434387 -0.006257758 0.999979138 88.808479309
0.999923885 0.012022239 -0.002848942 -0.518278480 -0.012002751 0.999905467 0.006762747 -1.462299943 0.002929976 -0.006728034 0.999972820 90.189460754
0.999942482 0.010114395 -0.003632997 -0.525695503 -0.010089575 0.999926388 0.006787017 -1.481752634 0.003701375 -0.006749968 0.999970138 91.579940796
0.999951065 0.008949704 -0.004262526 -0.530239761 -0.008922974 0.999940991 0.006249729 -1.496968031 0.004318207 -0.006211386 0.999971151 92.984184265
0.999959648 0.007934407 -0.004257688 -0.545837283 -0.007910022 0.999952734 0.005714303 -1.515936971 0.004302825 -0.005680392 0.999974370 94.353050232
0.999955475 0.008516393 -0.004103277 -0.567389131 -0.008495446 0.999951243 0.005095696 -1.534329772 0.004146473 -0.005060608 0.999978364 95.696815491
0.999956429 0.008451655 -0.004003218 -0.580272734 -0.008433565 0.999954581 0.004514513 -1.553757906 0.004041190 -0.004480553 0.999981582 97.046516418
0.999949038 0.009328988 -0.003896442 -0.597270966 -0.009314266 0.999949813 0.003779968 -1.575926423 0.003931509 -0.003743481 0.999985039 98.385238647
0.999935627 0.010692379 -0.003833598 -0.604554474 -0.010677436 0.999935746 0.003897314 -1.587981343 0.003875022 -0.003856129 0.999984860 99.762969971
0.999929070 0.011345749 -0.003660670 -0.613068163 -0.011326155 0.999921978 0.005330022 -1.604613900 0.003720857 -0.005288180 0.999978900 101.122825623
0.999919534 0.012246186 -0.003342143 -0.640001893 -0.012223440 0.999902844 0.006743726 -1.625594378 0.003424403 -0.006702328 0.999971449 102.428268433
0.999926686 0.011757502 -0.002944527 -0.661246300 -0.011741732 0.999917209 0.005317393 -1.645416021 0.003006803 -0.005282427 0.999981344 103.736053467
0.999921620 0.012253437 -0.002631299 -0.683982849 -0.012245714 0.999920964 0.002932464 -1.663204908 0.002667024 -0.002900011 0.999992013 105.027938843
0.999926150 0.011840654 -0.002793054 -0.692258298 -0.011835973 0.999928772 0.001686885 -1.684390664 0.002812829 -0.001653702 0.999994457 106.353775024
0.999947488 0.009879820 -0.002786514 -0.696233511 -0.009871911 0.999947488 0.002838177 -1.700994849 0.002814409 -0.002810519 0.999991894 107.703613281
0.999971509 0.007098718 -0.002636672 -0.683562040 -0.007086359 0.999964237 0.004668031 -1.711547971 0.002669715 -0.004649212 0.999985456 109.079093933
0.999983668 0.005461479 -0.001803357 -0.689885736 -0.005451949 0.999971628 0.005248513 -1.732265353 0.001831971 -0.005238593 0.999984384 110.428054810
0.999987364 0.004988614 -0.000900527 -0.705963373 -0.004985175 0.999980688 0.003783763 -1.751321554 0.000919386 -0.003779225 0.999992192 111.755462646
0.999975502 0.007014970 -0.000365557 -0.707568824 -0.007014487 0.999974787 0.001311451 -1.766147971 0.000374749 -0.001308856 0.999998808 113.103645325
0.999957263 0.009227101 0.000876238 -0.720067084 -0.009226464 0.999957442 -0.000730760 -1.792988658 -0.000882941 0.000722642 0.999999106 114.438659668
0.999922693 0.012250211 0.002218051 -0.734497786 -0.012248834 0.999925017 -0.000634255 -1.816578507 -0.002225651 0.000607035 0.999997079 115.750663757
0.999901533 0.013509932 0.003861969 -0.744253814 -0.013514910 0.999908090 0.001265499 -1.837647319 -0.003844513 -0.001317569 0.999991477 117.068916321
0.999894977 0.013633034 0.004977889 -0.752948761 -0.013650460 0.999900997 0.003483445 -1.858840823 -0.004929902 -0.003551029 0.999981284 118.403900146
0.999899030 0.013038624 0.005704429 -0.751492620 -0.013061479 0.999907017 0.003987520 -1.878648162 -0.005651901 -0.004061623 0.999975502 119.723777771
0.999887288 0.013459442 0.006700569 -0.744110227 -0.013482930 0.999903321 0.003472486 -1.899556398 -0.006653178 -0.003562436 0.999971211 121.041717529
0.999853015 0.015260091 0.007858219 -0.745579839 -0.015283568 0.999879122 0.002936129 -1.916621447 -0.007812456 -0.003055797 0.999964476 122.410293579
0.999807656 0.017382463 0.009125850 -0.744653940 -0.017405491 0.999845803 0.002450069 -1.932353020 -0.009081846 -0.002608437 0.999955058 123.769088745
0.999787152 0.017974654 0.010166129 -0.739195943 -0.017989594 0.999837518 0.001380200 -1.948194146 -0.010139659 -0.001562791 0.999947071 125.116760254
0.999761999 0.018905310 0.010926192 -0.728017211 -0.018913714 0.999821186 0.000666447 -1.974715710 -0.010911629 -0.000872943 0.999939799 126.462959290
0.999772727 0.017813142 0.011745889 -0.706786692 -0.017819189 0.999841392 0.000410368 -1.993184209 -0.011736706 -0.000619578 0.999930680 127.841224670
0.999767184 0.017453171 0.012714053 -0.702969253 -0.017473785 0.999846399 0.001512278 -2.014277220 -0.012685696 -0.001734088 0.999917805 129.196258545
0.999774039 0.016330730 0.013638091 -0.696933031 -0.016363613 0.999863684 0.002303212 -2.031173706 -0.013598608 -0.002525860 0.999904156 130.546615601
0.999782741 0.015544324 0.013911639 -0.687853813 -0.015581496 0.999875546 0.002567848 -2.045521498 -0.013869980 -0.002784054 0.999899745 131.902465820
0.999814391 0.013268010 0.013993839 -0.681129932 -0.013307864 0.999907851 0.002758838 -2.065676212 -0.013955933 -0.002944554 0.999898136 133.237548828
0.999833286 0.011959488 0.013822682 -0.669528186 -0.012007480 0.999922335 0.003394305 -2.089475870 -0.013781004 -0.003559713 0.999898553 134.591171265
0.999858856 0.010354671 0.013257880 -0.666903555 -0.010395306 0.999941647 0.002999836 -2.108125687 -0.013226034 -0.003137232 0.999907434 135.930557251
0.999883056 0.009127411 0.012302802 -0.669826925 -0.009163511 0.999953985 0.002881092 -2.127525330 -0.012275931 -0.002993491 0.999919951 137.294418335
0.999909639 0.007637155 0.011098598 -0.655637145 -0.007678836 0.999963760 0.003717721 -2.143908739 -0.011069796 -0.003802608 0.999931276 138.649002075
0.999931693 0.006059543 0.010038132 -0.650362015 -0.006098730 0.999974012 0.003877637 -2.163608074 -0.010014369 -0.003938591 0.999941826 139.991088867
0.999943376 0.005977638 0.008848897 -0.647864819 -0.006010556 0.999975264 0.003697859 -2.181497335 -0.008826569 -0.003750836 0.999953747 141.332473755
0.999955773 0.005635815 0.007585532 -0.637032688 -0.005658805 0.999979615 0.003012461 -2.199820042 -0.007568396 -0.003055253 0.999966443 142.697753906
0.999961376 0.005671633 0.006784895 -0.645314157 -0.005689965 0.999980390 0.002685377 -2.219998121 -0.006769529 -0.002723879 0.999973118 144.042160034
0.999975085 0.003449748 0.006241870 -0.657174766 -0.003452113 0.999994159 0.000367773 -2.241345882 -0.006240563 -0.000389314 0.999980152 145.369491577
0.999985635 -0.002185622 0.005002963 -0.647221923 0.002185272 0.999997795 0.000074582 -2.265410423 -0.005003115 -0.000063651 0.999987185 146.725341797
0.999944031 -0.009822459 0.004064514 -0.636862576 0.009812677 0.999949098 0.002417593 -2.286892176 -0.004088055 -0.002377574 0.999988556 148.072998047
0.999856830 -0.016808065 0.002192260 -0.625309467 0.016799098 0.999850869 0.004042202 -2.315219164 -0.002259878 -0.004004793 0.999989152 149.411926270
0.999803901 -0.019792523 0.001176088 -0.617909968 0.019791774 0.999804139 0.000634315 -2.337445259 -0.001188417 -0.000610915 0.999998808 150.785614014
0.999819219 -0.018995821 0.001280277 -0.614178300 0.018999048 0.999816418 -0.002564388 -2.364711761 -0.001231334 0.002588244 0.999995589 152.149063110
0.999873817 -0.015770821 0.002160415 -0.618924916 0.015780445 0.999865413 -0.004516352 -2.397040367 -0.002088901 0.004549867 0.999987185 153.493515015
0.999877393 -0.015430589 0.002864686 -0.609999955 0.015443606 0.999870360 -0.004581704 -2.423634291 -0.002793619 0.004625376 0.999985158 154.856628418
0.999824107 -0.018488841 0.003311587 -0.601277590 0.018492501 0.999828517 -0.001081429 -2.450280428 -0.003291026 0.001142474 0.999993742 156.195388794
0.999721825 -0.023262160 0.004020964 -0.605476022 0.023255903 0.999728322 0.001593371 -2.470267057 -0.004056938 -0.001499419 0.999990463 157.522750854
0.999628603 -0.026971743 0.004034776 -0.593754590 0.026959976 0.999632239 0.002940083 -2.493901491 -0.004112592 -0.002830215 0.999987364 158.869171143
0.999581039 -0.028687807 0.003984455 -0.593847811 0.028676491 0.999584675 0.002866066 -2.515653610 -0.004065023 -0.002750607 0.999987781 160.211181641
0.999637067 -0.026473375 0.005099211 -0.604096055 0.026455609 0.999643803 0.003519088 -2.533038139 -0.005190558 -0.003382909 0.999980628 161.550720215
0.999721885 -0.022695430 0.006494975 -0.609440207 0.022677625 0.999738932 0.002800891 -2.557532787 -0.006556847 -0.002652823 0.999974787 162.881362915
0.999787748 -0.019204291 0.007522989 -0.618606627 0.019199822 0.999815464 0.000664887 -2.576874256 -0.007534369 -0.000520309 0.999971271 164.215423584
0.999842465 -0.015930511 0.007888455 -0.599672675 0.015930165 0.999873102 0.000106148 -2.607645988 -0.007889144 0.000019529 0.999968648 165.618957520
0.999866009 -0.014105107 0.008362223 -0.600201607 0.014095547 0.999899924 0.001200526 -2.629632711 -0.008378319 -0.001082498 0.999964058 166.977661133
0.999890804 -0.012372576 0.008133360 -0.607712328 0.012367031 0.999923229 0.000731108 -2.644791603 -0.008141779 -0.000630446 0.999966443 168.309188843
0.999919534 -0.010229730 0.007555058 -0.601300716 0.010243254 0.999945939 -0.001753964 -2.668522596 -0.007536707 0.001831207 0.999969661 169.679473877
0.999954104 -0.006507711 0.007094426 -0.607025325 0.006539400 0.999968648 -0.004453047 -2.698714256 -0.007065224 0.004499231 0.999964654 171.020553589
0.999975502 -0.001372123 0.006927857 -0.611232817 0.001412101 0.999982297 -0.005768993 -2.726803780 -0.006919819 0.005778629 0.999959111 172.392547607
0.999970078 0.002912472 0.007228097 -0.624040604 -0.002879171 0.999985158 -0.004613004 -2.750709057 -0.007241426 0.004592050 0.999962986 173.749282837
0.999951601 0.006046405 0.007818611 -0.627746582 -0.006025157 0.999978006 -0.002737761 -2.778512001 -0.007834994 0.002690516 0.999965489 175.111221313
0.999948323 0.006805892 0.007603424 -0.616837263 -0.006802607 0.999976635 -0.000457258 -2.804309368 -0.007606360 0.000405509 0.999970794 176.502075195
0.999971271 0.003598621 0.006736516 -0.603571236 -0.003601682 0.999993265 0.000442712 -2.824220896 -0.006734879 -0.000466964 0.999976993 177.898605347
0.999985576 0.001847196 0.005125063 -0.604717553 -0.001849886 0.999997973 0.000520612 -2.848461390 -0.005124093 -0.000530087 0.999986529 179.265777588
0.999994755 0.001370380 0.003070723 -0.603249311 -0.001359054 0.999992073 -0.003687138 -2.875652075 -0.003075755 0.003682941 0.999988258 180.663024902
0.999994636 0.003055662 0.001458418 -0.599426448 -0.003044023 0.999963820 -0.007915584 -2.903019428 -0.001482557 0.007911097 0.999967337 182.049652100
0.999964416 0.008441164 0.000796756 -0.604696035 -0.008434194 0.999929130 -0.008374135 -2.956703424 -0.000867392 0.008367112 0.999964356 183.410247803
0.999931216 0.011743653 0.000597025 -0.618355215 -0.011738964 0.999904096 -0.007318016 -2.992445469 -0.000682914 0.007310499 0.999972761 184.828155518
0.999902189 0.013984997 0.000891033 -0.626356900 -0.013981381 0.999894261 -0.003933905 -3.020702362 -0.000945960 0.003921059 0.999991596 186.239959717
0.999893188 0.014570002 0.001421917 -0.657303393 -0.014566983 0.999891400 -0.002105799 -3.035737276 -0.001452449 0.002084858 0.999996543 187.662796021
0.999901831 0.013959868 0.001496991 -0.672210157 -0.013958092 0.999901652 -0.001185338 -3.058269978 -0.001513396 0.001164324 0.999997973 189.086929321
0.999924183 0.012231436 0.001688657 -0.686571717 -0.012230528 0.999924839 -0.000543777 -3.080169439 -0.001695186 0.000523081 0.999998212 190.500991821
0.999951720 0.009697172 0.001827694 -0.685561121 -0.009696976 0.999952793 -0.000113630 -3.101332426 -0.001828715 0.000095899 0.999998093 191.946472168
0.999973834 0.007011396 0.001997709 -0.696361363 -0.007011268 0.999975204 -0.000069904 -3.125356197 -0.001998154 0.000055894 0.999997795 193.344390869
0.999991655 0.003479291 0.002316141 -0.690364301 -0.003482121 0.999993026 0.001218957 -3.154446840 -0.002311888 -0.001227013 0.999996364 194.787551880
0.999996543 -0.000881498 0.002615624 -0.685760796 0.000874223 0.999995589 0.002780457 -3.175283194 -0.002618068 -0.002778161 0.999992490 196.232910156
0.999989569 -0.003620345 0.002889319 -0.683443010 0.003612714 0.999989867 0.002640931 -3.196186781 -0.002898855 -0.002630466 0.999992073 197.654953003
0.999993861 -0.001632242 0.003201218 -0.687797546 0.001637831 0.999997020 -0.001745042 -3.219879627 -0.003198364 0.001750272 0.999993086 199.075027466
0.999978960 0.005486286 0.003539737 -0.698442996 -0.005462193 0.999961972 -0.006780389 -3.247862577 -0.003576805 0.006760906 0.999970436 200.486038208
0.999888062 0.014239962 0.004649925 -0.706083238 -0.014208974 0.999876976 -0.006630251 -3.277536154 -0.004743771 0.006563433 0.999966860 201.888244629
0.999740660 0.022048855 0.005738567 -0.725726306 -0.022032171 0.999752820 -0.002953480 -3.308832407 -0.005802272 0.002826279 0.999978840 203.302276611
0.999711335 0.023124209 0.006556358 -0.724963009 -0.023119168 0.999732316 -0.000842422 -3.331845045 -0.006574085 0.000690599 0.999977827 204.758148193
0.999756277 0.021242965 0.006043850 -0.718872547 -0.021240801 0.999774277 -0.000420918 -3.355135441 -0.006051430 0.000292437 0.999981284 206.217803955
0.999830842 0.017807001 0.004655385 -0.706319809 -0.017805295 0.999841392 -0.000406420 -3.382236719 -0.004661886 0.000323459 0.999988735 207.674392700
0.999872744 0.015564550 0.003567907 -0.699583471 -0.015561361 0.999878466 -0.000918326 -3.410881519 -0.003581770 0.000862686 0.999992847 209.144638062
0.999867678 0.016008228 0.002973083 -0.701809525 -0.016003912 0.999870837 -0.001467339 -3.435407162 -0.002996192 0.001419562 0.999994159 210.595611572
0.999847054 0.017269205 0.002829728 -0.706982970 -0.017265579 0.999850035 -0.001298091 -3.461433411 -0.002851724 0.001249033 0.999994814 212.064544678
0.999824584 0.018519113 0.002863172 -0.723884404 -0.018518183 0.999828398 -0.000348153 -3.489928246 -0.002869132 0.000295070 0.999995470 213.513015747
0.999844253 0.017482828 0.002483305 -0.727376223 -0.017480837 0.999846756 -0.000818396 -3.515377522 -0.002497236 0.000774857 0.999996245 214.982040405
0.999852180 0.017060157 0.002218827 -0.734070241 -0.017056305 0.999852896 -0.001740233 -3.543508530 -0.002248194 0.001702129 0.999995649 216.465454102
0.999867082 0.016229777 0.001679244 -0.729629874 -0.016226429 0.999866307 -0.001983007 -3.577013731 -0.001711207 0.001955493 0.999996245 218.013656616
0.999863327 0.016496543 0.001259942 -0.740754128 -0.016493926 0.999861717 -0.002054659 -3.604572773 -0.001293667 0.002033594 0.999996662 219.491744995
0.999861002 0.016660100 0.000910979 -0.747000515 -0.016657969 0.999858499 -0.002292661 -3.633371115 -0.000949050 0.002277164 0.999996543 220.992233276
0.999857068 0.016897457 0.000934051 -0.765815020 -0.016895106 0.999854088 -0.002464501 -3.661050797 -0.000975563 0.002448365 0.999996126 222.447677612
0.999837220 0.018042775 0.000646478 -0.787189841 -0.018040836 0.999832869 -0.002882823 -3.686728477 -0.000698388 0.002870687 0.999995232 223.920669556
0.999841034 0.017837869 0.000373502 -0.803905368 -0.017836681 0.999836326 -0.002959057 -3.717532873 -0.000426229 0.002951921 0.999995112 225.398696899
0.999829948 0.018452434 0.000123867 -0.809631348 -0.018451972 0.999825001 -0.003008900 -3.746150017 -0.000179372 0.003006099 0.999994993 226.917816162
0.999842703 0.017748479 0.000048417 -0.820499301 -0.017748252 0.999837816 -0.002982795 -3.773155451 -0.000101354 0.002981463 0.999995053 228.390167236
0.999864697 0.016461754 0.000026401 -0.819616079 -0.016461574 0.999858737 -0.003324348 -3.798118830 -0.000081127 0.003323460 0.999993980 229.906692505
0.999879539 0.015533191 0.000139983 -0.831709504 -0.015532699 0.999874651 -0.002994116 -3.830137014 -0.000186479 0.002991579 0.999994993 231.388763428
0.999898553 0.014252529 0.000367165 -0.844364285 -0.014251653 0.999895632 -0.002280273 -3.859116316 -0.000399631 0.002274806 0.999996781 232.907836914
0.999895990 0.014429390 0.000466871 -0.860217750 -0.014428459 0.999893844 -0.001937435 -3.891048908 -0.000494782 0.001930495 0.999997497 234.391860962
0.999889195 0.014890345 0.000507448 -0.867970586 -0.014889120 0.999886215 -0.002332186 -3.918866634 -0.000542122 0.002324369 0.999996662 235.900604248
0.999876618 0.015690742 0.000946937 -0.877643704 -0.015687982 0.999872625 -0.002852921 -3.951030254 -0.000991585 0.002837711 0.999994993 237.394409180
0.999857843 0.016813515 0.001372859 -0.882387102 -0.016810456 0.999855995 -0.002206979 -3.976997375 -0.001409773 0.002183585 0.999996126 238.905700684
0.999852180 0.017083701 0.002022013 -0.884811342 -0.017083589 0.999853849 -0.000070070 -4.005592823 -0.002022919 0.000035515 0.999997437 240.425811768
0.999854505 0.016882332 0.002513288 -0.888510644 -0.016883692 0.999857128 0.000522505 -4.033463001 -0.002504112 -0.000564864 0.999996185 241.908843994
0.999849319 0.017105149 0.003013922 -0.897378206 -0.017101673 0.999852896 -0.001173907 -4.057984352 -0.003033562 0.001122185 0.999994278 243.404113770
0.999837339 0.017719459 0.003400534 -0.894285977 -0.017710350 0.999839365 -0.002688317 -4.079732895 -0.003447627 0.002627652 0.999990165 244.933059692
0.999822497 0.018461043 0.003794179 -0.901797831 -0.018452574 0.999827027 -0.002253760 -4.105872631 -0.003835133 0.002183345 0.999989808 246.425537109
0.999828517 0.018133042 0.003784919 -0.908438206 -0.018128529 0.999834716 -0.001221421 -4.134600639 -0.003806445 0.001152595 0.999991655 247.928039551
0.999821305 0.018567635 0.003574571 -0.910480618 -0.018564796 0.999827087 -0.000824401 -4.161178112 -0.003589264 0.000757891 0.999992788 249.466156006
0.999817133 0.018835131 0.003343928 -0.919393420 -0.018831991 0.999821961 -0.000967223 -4.181906700 -0.003361554 0.000904072 0.999993443 250.973419189
0.999797761 0.019768337 0.003727727 -0.935001433 -0.019766193 0.999804258 -0.000609875 -4.215128422 -0.003739057 0.000536067 0.999992371 252.516525269
0.999769092 0.021139413 0.003884417 -0.940673292 -0.021137012 0.999776185 -0.000656471 -4.241056442 -0.003897428 0.000574212 0.999991775 254.053237915
0.999758780 0.021514578 0.004442093 -0.958085716 -0.021512177 0.999768257 -0.000585908 -4.263210773 -0.004453673 0.000490206 0.999989450 255.575622559
0.999789417 0.019996956 0.004636312 -0.964476466 -0.019995322 0.999799848 -0.000396911 -4.287506104 -0.004643325 0.000304122 0.999988616 257.092468262
0.999825060 0.018154446 0.004520566 -0.967519343 -0.018156009 0.999834955 0.000306769 -4.314516068 -0.004514255 -0.000388792 0.999989212 258.635620117
0.999863088 0.015968326 0.004363465 -0.959082901 -0.015972007 0.999871910 0.000811762 -4.338375568 -0.004349947 -0.000881345 0.999989629 260.190368652
0.999882638 0.014785432 0.004038000 -0.957467616 -0.014785265 0.999890506 -0.000069165 -4.363828659 -0.004038585 0.000009453 0.999991357 261.717132568
0.999899745 0.013632784 0.003853271 -0.957877457 -0.013628291 0.999906242 -0.001188180 -4.390744209 -0.003869113 0.001135546 0.999991357 263.259643555
0.999923825 0.011623671 0.004185674 -0.954914689 -0.011627023 0.999931931 0.000778606 -4.421782494 -0.004176343 -0.000827215 0.999990463 264.790069580
0.999945700 0.009313541 0.004696006 -0.957190454 -0.009325140 0.999953330 0.002454843 -4.443975449 -0.004672928 -0.002498501 0.999985456 266.327514648
0.999952793 0.008566638 0.004594820 -0.954235256 -0.008573600 0.999961972 0.001498647 -4.464425087 -0.004581811 -0.001537971 0.999987781 267.857116699
0.999951601 0.008439988 0.005060716 -0.953363299 -0.008441768 0.999964118 0.000330799 -4.487378120 -0.005057747 -0.000373505 0.999986589 269.391876221
0.999940515 0.009295197 0.005702897 -0.955241740 -0.009295391 0.999956608 0.000007992 -4.510992527 -0.005702579 -0.000061004 0.999983191 270.931945801
0.999918401 0.010962640 0.006560078 -0.948115408 -0.010963933 0.999939680 0.000161532 -4.547280788 -0.006557915 -0.000233445 0.999977946 272.500396729
0.999894142 0.012578450 0.007310801 -0.950445235 -0.012578192 0.999920726 -0.000080774 -4.578938484 -0.007311240 -0.000011192 0.999972761 274.039123535
0.999871314 0.013698466 0.008345559 -0.952604830 -0.013697323 0.999906003 -0.000193674 -4.616432190 -0.008347429 0.000079336 0.999964654 275.625579834
0.999851048 0.014668738 0.009089810 -0.949278235 -0.014663574 0.999892175 -0.000634042 -4.641406059 -0.009098130 0.000500657 0.999957979 277.164337158
0.999833047 0.015238789 0.010080530 -0.971149325 -0.015224937 0.999882936 -0.001448968 -4.672159195 -0.010101431 0.001295249 0.999947608 278.719726562
0.999826431 0.014899950 0.011184219 -0.967959106 -0.014877593 0.999887049 -0.002079111 -4.698549747 -0.011213935 0.001912353 0.999934733 280.257781982
0.999821842 0.014573337 0.011999571 -0.947125852 -0.014553619 0.999892533 -0.001728509 -4.735395432 -0.012023471 0.001553562 0.999925911 281.845916748
0.999822795 0.013916290 0.012682084 -0.935460865 -0.013907134 0.999902904 -0.000809504 -4.765240669 -0.012692117 0.000632988 0.999918640 283.408386230
0.999828339 0.013285549 0.012917236 -0.924507737 -0.013276773 0.999911547 -0.000764495 -4.791568756 -0.012926250 0.000592863 0.999915719 284.964080811
0.999838948 0.012518590 0.012864147 -0.916985333 -0.012477608 0.999916792 -0.003260646 -4.820109367 -0.012903895 0.003099604 0.999911368 286.526336670
0.999851346 0.011549793 0.012809832 -0.906069994 -0.011477072 0.999917626 -0.005735625 -4.848081589 -0.012875022 0.005587748 0.999900937 288.117919922
0.999855578 0.011723782 0.012315030 -0.896044314 -0.011652439 0.999915004 -0.005848562 -4.879865646 -0.012382551 0.005704212 0.999906480 289.694030762
0.999882638 0.010524978 0.011143587 -0.874456882 -0.010460922 0.999928534 -0.005790429 -4.917432308 -0.011203735 0.005673172 0.999920547 291.207336426
0.999888837 0.010922323 0.010161696 -0.874418437 -0.010856816 0.999920130 -0.006478860 -4.952030182 -0.010231650 0.006367811 0.999926805 292.769439697
0.999897182 0.010830427 0.009412778 -0.854637027 -0.010770853 0.999921858 -0.006356256 -4.997310162 -0.009480885 0.006254213 0.999934912 294.336090088
0.999909282 0.010356443 0.008626424 -0.844272017 -0.010307650 0.999930799 -0.005681048 -5.039857388 -0.008684665 0.005591609 0.999946058 295.896179199
0.999915540 0.010387587 0.007831398 -0.840028107 -0.010343789 0.999930859 -0.005612057 -5.071232796 -0.007889156 0.005530572 0.999953032 297.442108154
0.999926448 0.009971200 0.006926651 -0.838182509 -0.009940740 0.999940991 -0.004417629 -5.100885391 -0.006970296 0.004348445 0.999965668 299.012573242
0.999913990 0.011521841 0.006288297 -0.831450641 -0.011502837 0.999929368 -0.003049633 -5.131026268 -0.006322996 0.002977035 0.999975026 300.576507568
0.999903083 0.011972161 0.007126012 -0.832032025 -0.011951189 0.999924302 -0.002977861 -5.161625862 -0.007161130 0.002892406 0.999969602 302.144104004
0.999886870 0.012650978 0.008152097 -0.836999595 -0.012623445 0.999914646 -0.003419581 -5.187819958 -0.008194667 0.003316284 0.999960363 303.744232178
0.999898612 0.011567514 0.008323426 -0.825873673 -0.011535948 0.999926329 -0.003830108 -5.215211391 -0.008367122 0.003733699 0.999957442 305.317657471
0.999923766 0.009252101 0.008198662 -0.790793598 -0.009213628 0.999946654 -0.004717515 -5.255069733 -0.008241875 0.004641613 0.999954641 306.972015381
0.999934077 0.007720321 0.008515632 -0.781327307 -0.007664034 0.999948919 -0.006622354 -5.292414188 -0.008566326 0.006556650 0.999941230 308.542175293
0.999940634 0.007151179 0.008244855 -0.768455982 -0.007087890 0.999945581 -0.007679483 -5.323363781 -0.008299327 0.007620582 0.999935925 310.154968262
0.999953747 0.007775479 0.005702513 -0.754021406 -0.007726305 0.999933422 -0.008594433 -5.361097336 -0.005768964 0.008549968 0.999946237 311.778930664
0.999954879 0.008690455 0.003892306 -0.776857674 -0.008659953 0.999932408 -0.007784781 -5.406548977 -0.003959703 0.007750715 0.999961555 313.393035889
0.999945700 0.009849491 0.003469627 -0.780650377 -0.009833693 0.999941528 -0.004540011 -5.444505215 -0.003514148 0.004505642 0.999983072 315.073364258
0.999955714 0.008454076 0.004175268 -0.784340024 -0.008447935 0.999963343 -0.001485077 -5.476567268 -0.004187676 0.001449739 0.999989629 316.718566895
0.999959409 0.007907170 0.004352915 -0.790900409 -0.007903938 0.999968588 -0.000757822 -5.506402493 -0.004358776 0.000723386 0.999989688 318.345458984
0.999960005 0.007367790 0.005094128 -0.812121332 -0.007357109 0.999970794 -0.002111253 -5.535999775 -0.005109539 0.002073690 0.999984264 319.927673340
0.999964833 0.006502504 0.005312500 -0.801559448 -0.006490358 0.999976337 -0.002299398 -5.564482212 -0.005327331 0.002264837 0.999982715 321.584869385
0.999961019 0.006715831 0.005751304 -0.802213490 -0.006703929 0.999975383 -0.002085175 -5.595922947 -0.005765172 0.002046536 0.999980748 323.230987549
0.999958277 0.006880956 0.006024837 -0.791831613 -0.006868002 0.999974072 -0.002166970 -5.630265236 -0.006039597 0.002125500 0.999978960 324.839355469
0.999942064 0.008626166 0.006449985 -0.803344846 -0.008606100 0.999958098 -0.003131182 -5.671294689 -0.006476730 0.003075491 0.999973774 326.487945557
0.999923825 0.009789035 0.007521607 -0.814065576 -0.009760173 0.999944925 -0.003863415 -5.698243141 -0.007559017 0.003789707 0.999963760 328.020690918
0.999923587 0.009056998 0.008417634 -0.815536082 -0.009039346 0.999956906 -0.002131910 -5.731294155 -0.008436585 0.002055657 0.999961793 329.612335205
0.999931812 0.008004989 0.008510852 -0.812561572 -0.007995418 0.999967396 -0.001157152 -5.775526524 -0.008519841 0.001089025 0.999962628 331.244079590
0.999938071 0.007002927 0.008652751 -0.815963328 -0.006982052 0.999972701 -0.002439584 -5.800660133 -0.008669603 0.002379018 0.999959111 332.870605469
0.999922454 0.008712476 0.008896723 -0.822319567 -0.008690498 0.999959111 -0.002505258 -5.827263355 -0.008918191 0.002427746 0.999956787 334.494689941
0.999905646 0.010811153 0.008471625 -0.819739759 -0.010771510 0.999930918 -0.004710266 -5.859253407 -0.008521967 0.004618568 0.999952555 336.117523193
0.999886394 0.012811525 0.007932129 -0.817579508 -0.012750261 0.999888897 -0.007725305 -5.897130013 -0.008030225 0.007623288 0.999938190 337.707824707
0.999864161 0.014637914 0.007570362 -0.829293907 -0.014582083 0.999866486 -0.007377125 -5.936568737 -0.007677341 0.007265729 0.999943614 339.297454834
0.999855042 0.015647458 0.006700987 -0.834999979 -0.015621326 0.999870300 -0.003933013 -5.975877762 -0.006761663 0.003827764 0.999969304 340.893402100
0.999839664 0.016943686 0.005766831 -0.836686373 -0.016937368 0.999855936 -0.001140989 -6.011173248 -0.005785338 0.001043132 0.999982178 342.520690918
0.999832630 0.017675428 0.004690943 -0.842564464 -0.017663721 0.999840796 -0.002523037 -6.044526577 -0.004734798 0.002439755 0.999985278 344.129272461
0.999851704 0.017110679 0.001885543 -0.796548605 -0.017101742 0.999842882 -0.004652281 -6.043266296 -0.001964857 0.004619344 0.999986887 345.730468750
0.999870181 0.016076079 0.000996139 -0.845847249 -0.016072569 0.999864936 -0.003423711 -6.075353146 -0.001051050 0.003407255 0.999993145 347.314575195
0.999886990 0.015028445 0.000249843 -0.857064545 -0.015027585 0.999882221 -0.003102844 -6.108231068 -0.000296451 0.003098737 0.999994636 348.910430908
0.999889016 0.014892457 -0.000089960 -0.878283262 -0.014892691 0.999880135 -0.004214804 -6.132169724 0.000027174 0.004215674 0.999990642 350.516662598
0.999902666 0.013927998 -0.000739743 -0.877174616 -0.013931504 0.999890447 -0.004985217 -6.171870708 0.000670220 0.004995036 0.999986827 352.141448975
0.999906003 0.013681060 -0.000813132 -0.882453203 -0.013685062 0.999893010 -0.005156768 -6.209322453 0.000742488 0.005167409 0.999985933 353.737823486
0.999913633 0.013119321 -0.000646431 -0.899434686 -0.013122641 0.999898970 -0.005456159 -6.239167690 0.000574778 0.005464170 0.999984443 355.324096680
0.999921024 0.012481635 -0.001365857 -0.895359576 -0.012489637 0.999903798 -0.006028073 -6.277404308 0.001290478 0.006044656 0.999980450 356.911529541
0.999924362 0.012195153 -0.001513499 -0.903262973 -0.012205316 0.999901652 -0.006908732 -6.314651489 0.001429089 0.006926681 0.999974549 358.525299072
0.999932587 0.011471624 -0.001697343 -0.904199421 -0.011482609 0.999912143 -0.006620107 -6.358901501 0.001621243 0.006639150 0.999976218 360.104309082
0.999930859 0.011599609 -0.001854973 -0.913974822 -0.011612910 0.999905646 -0.007338284 -6.401958466 0.001769669 0.007359318 0.999970913 361.714080811
0.999949336 0.009838741 -0.002074464 -0.916053116 -0.009856053 0.999915183 -0.008515808 -6.441868305 0.001990495 0.008535821 0.999961138 363.306732178
0.999962509 0.008275105 -0.002519482 -0.913718641 -0.008291881 0.999943018 -0.006729945 -6.487059593 0.002463639 0.006750582 0.999973774 364.921112061
0.999973595 0.006731452 -0.002728395 -0.912413239 -0.006747522 0.999959707 -0.005931219 -6.524544239 0.002688351 0.005949470 0.999978244 366.542694092
0.999974847 0.006596043 -0.002611732 -0.927718937 -0.006614100 0.999953866 -0.006973793 -6.559179783 0.002565605 0.006990890 0.999971867 368.134429932
0.999964714 0.008215301 -0.001764041 -0.947929502 -0.008228929 0.999935150 -0.007874077 -6.590295792 0.001699231 0.007888313 0.999967039 369.718017578
0.999945879 0.010307333 -0.001450802 -0.959967673 -0.010317294 0.999921978 -0.007047736 -6.631978035 0.001378038 0.007062322 0.999973655 371.325531006
0.999932468 0.011572508 -0.001061870 -0.971943438 -0.011578833 0.999913931 -0.006176285 -6.670347214 0.000990296 0.006188163 0.999979913 372.927612305
0.999927640 0.012014349 -0.000614253 -0.977559626 -0.012018015 0.999907374 -0.006395634 -6.711569786 0.000537350 0.006402553 0.999978900 374.502441406
0.999928653 0.011937693 -0.000475530 -0.992276549 -0.011940827 0.999902070 -0.007296910 -6.755530357 0.000388368 0.007302066 0.999972820 376.087310791
0.999925256 0.012215555 -0.000418408 -0.999455631 -0.012218310 0.999897659 -0.007439368 -6.795054913 0.000327483 0.007443924 0.999971807 377.690246582
0.999918938 0.012730338 0.000158670 -1.014734507 -0.012728709 0.999888957 -0.007739642 -6.830361366 -0.000257187 0.007736994 0.999969602 379.300231934
0.999890327 0.014803096 0.000352610 -1.023469090 -0.014799796 0.999858618 -0.007970044 -6.865100861 -0.000470548 0.007963952 0.999967754 380.881561279
0.999858379 0.016810145 0.000723613 -1.034897566 -0.016804213 0.999830425 -0.007520986 -6.905409336 -0.000849925 0.007507762 0.999971032 382.503204346
0.999822617 0.018790351 0.001251384 -1.045021772 -0.018779345 0.999789298 -0.008276837 -6.946761608 -0.001406651 0.008251868 0.999964535 384.049377441
