1.000000000 0.000000000 0.000000000 0.000000000 0.000000000 1.000000000 0.000000000 0.000000000 0.000000000 0.000000000 1.000000000 0.000000000
0.999931991 -0.002513919 0.011389747 0.013077789 0.002502827 0.999996364 0.000988003 -0.003983936 -0.011392190 -0.000959429 0.999934673 0.284028739
0.999825478 -0.004399788 0.018153468 0.022525586 0.004381057 0.999989808 0.001071478 -0.009005678 -0.018157998 -0.000991760 0.999834657 0.570303917
0.999776959 -0.007150217 0.019868514 0.039703168 0.007154869 0.999974310 -0.000163073 -0.012953155 -0.019866837 0.000305193 0.999802649 0.867817461
0.999805272 -0.008558922 0.017778147 0.043392744 0.008589447 0.999961674 -0.001641278 -0.017802583 -0.017763419 0.001793663 0.999840677 1.163020611
0.999879539 -0.010982430 0.010966875 0.045056559 0.011017391 0.999934316 -0.003132479 -0.019794205 -0.010931751 0.003252928 0.999935031 1.471892834
0.999920547 -0.012539260 -0.001336449 0.039529800 0.012532594 0.999909461 -0.004886964 -0.028933447 0.001397609 0.004869828 0.999987185 1.768426657
0.999769866 -0.011784383 -0.017929219 0.023007423 0.011695815 0.999918878 -0.005036852 -0.035638418 0.017987125 0.004825997 0.999826610 2.093336105
0.999285638 -0.007353642 -0.037072387 -0.014256392 0.007183168 0.999962986 -0.004729593 -0.047271427 0.037105799 0.004459918 0.999301493 2.420375347
0.998302758 -0.004088173 -0.058096293 -0.024370298 0.003736593 0.999974012 -0.006159109 -0.049575500 0.058119968 0.005931573 0.998292148 2.782291889
0.996924698 -0.004072335 -0.078261741 -0.077604443 0.003570711 0.999972105 -0.006548508 -0.055199079 0.078286231 0.006248919 0.996911526 3.139309168
0.994994938 -0.005856346 -0.099755943 -0.126280263 0.005323766 0.999970078 -0.005604248 -0.063591495 0.099785790 0.005045121 0.994996309 3.516814709
0.992797196 -0.007294985 -0.119586714 -0.182160601 0.006785213 0.999966025 -0.004669446 -0.070078321 0.119616725 0.003824390 0.992812991 3.894284725
0.990570545 -0.006122555 -0.136868834 -0.269560426 0.005635550 0.999976277 -0.003945431 -0.080154248 0.136889756 0.003136896 0.990581512 4.275232315
0.988230824 -0.005119358 -0.152885944 -0.338940978 0.004682070 0.999983788 -0.003220146 -0.086132765 0.152899966 0.002466424 0.988238752 4.686728001
0.986037552 -0.004454705 -0.166465074 -0.424050033 0.003927797 0.999986112 -0.003494392 -0.090846993 0.166478351 0.002791760 0.986041307 5.106328011
0.983887553 -0.006084048 -0.178685948 -0.508732796 0.005405953 0.999976158 -0.004281583 -0.099144146 0.178707764 0.003246629 0.983896971 5.535766602
0.982039452 -0.009962190 -0.188413724 -0.595400751 0.008900845 0.999939322 -0.006478343 -0.107194871 0.188466847 0.004684946 0.982068539 5.974623680
0.980461001 -0.009090808 -0.196504727 -0.689485848 0.007573362 0.999935329 -0.008472266 -0.112310119 0.196569055 0.006818524 0.980466425 6.425099850
0.978989840 -0.008769916 -0.203721851 -0.802901030 0.006877378 0.999926329 -0.009995949 -0.122538112 0.203794509 0.008384860 0.978977919 6.892525196
0.977235794 -0.009496285 -0.211944953 -0.911484897 0.006922796 0.999893010 -0.012881034 -0.130456746 0.212044597 0.011120556 0.977196813 7.379177094
0.975457609 -0.013411597 -0.219779938 -1.025122285 0.010472197 0.999839485 -0.014533924 -0.141047135 0.219939575 0.011875647 0.975441277 7.875497341
0.973617136 -0.019561419 -0.227349341 -1.144347787 0.016378434 0.999739647 -0.015878692 -0.151904866 0.227600768 0.011736139 0.973683894 8.379315376
0.971503198 -0.020205913 -0.236165017 -1.273331404 0.016334889 0.999698281 -0.018336451 -0.164573669 0.236464262 0.013956191 0.971540093 8.898329735
0.969455063 -0.016171509 -0.244736508 -1.422924161 0.010976931 0.999684751 -0.022574395 -0.179988444 0.245024398 0.019198405 0.969326973 9.411288261
0.967256546 -0.013149771 -0.253461093 -1.577148199 0.006867819 0.999647081 -0.025653627 -0.196485609 0.253708988 0.023072908 0.967005551 9.937528610
0.965030849 -0.015284910 -0.261691630 -1.733047247 0.008386629 0.999587595 -0.027456969 -0.216391578 0.262003362 0.024302106 0.964761078 10.486462593
0.962669790 -0.018009692 -0.270080000 -1.894951105 0.010397872 0.999507904 -0.029587977 -0.238072813 0.270479977 0.025675189 0.962383330 11.046498299
0.960477352 -0.017282851 -0.277822375 -2.072672844 0.008682918 0.999444962 -0.032155510 -0.260320574 0.278223932 0.028472323 0.960094333 11.614439011
0.958179355 -0.016186960 -0.285711408 -2.259497881 0.006277912 0.999347508 -0.035563998 -0.288002461 0.286100686 0.032283008 0.957655787 12.191082001
0.955879688 -0.017212419 -0.293254972 -2.450165033 0.005469103 0.999151468 -0.040817779 -0.315396845 0.293708771 0.037413031 0.955162704 12.793278694
0.954149306 -0.018448791 -0.298763186 -2.650376797 0.004180352 0.998822629 -0.048327237 -0.350088626 0.299303114 0.044862449 0.953103006 13.391108513
0.952841818 -0.019199602 -0.302860558 -2.856801748 0.002166458 0.998401463 -0.056476910 -0.385174274 0.303460807 0.053157412 0.951360166 14.004801750
0.951588988 -0.019133812 -0.306778252 -3.067343950 -0.000891822 0.997884452 -0.065004580 -0.428501993 0.307373077 0.062131219 0.949558735 14.625187874
0.950277925 -0.018503785 -0.310853630 -3.287488937 -0.004786918 0.997246981 -0.073995456 -0.475210845 0.311367065 0.071804270 0.947573245 15.251549721
0.948988676 -0.017719449 -0.314812720 -3.516978502 -0.008229375 0.996687591 -0.080906354 -0.531495452 0.315203547 0.079369925 0.945699394 15.904430389
0.947429538 -0.015651081 -0.319582403 -3.751192331 -0.013037094 0.996085107 -0.087431423 -0.595320225 0.319699645 0.087001540 0.943516314 16.550966263
0.945812464 -0.014747061 -0.324379355 -3.994974375 -0.016399985 0.995523691 -0.093077332 -0.664292812 0.324299902 0.093353517 0.941336751 17.219184875
0.944126725 -0.012855664 -0.329332918 -4.246057034 -0.020777855 0.994929612 -0.098403193 -0.738183379 0.328928053 0.099747919 0.939072371 17.892614365
0.942435324 -0.010039013 -0.334238917 -4.508843422 -0.025392015 0.994514644 -0.101467170 -0.814195871 0.333424091 0.104113244 0.937010705 18.579607010
0.940615475 -0.009100851 -0.339352816 -4.774117947 -0.027452409 0.994327247 -0.102758504 -0.894212127 0.338362932 0.105972305 0.935029805 19.290542603
0.938404739 -0.008815818 -0.345426619 -5.050134659 -0.028119672 0.994410217 -0.101770312 -0.980473042 0.344392955 0.105215028 0.932911396 20.004297256
0.936154127 -0.008183667 -0.351495624 -5.332338333 -0.028966254 0.994535089 -0.100302324 -1.063040376 0.350395530 0.104079947 0.930801094 20.719087601
0.933612943 -0.008341480 -0.358187109 -5.620640755 -0.028834255 0.994736671 -0.098321833 -1.146967411 0.357121974 0.102122597 0.928458452 21.438644409
0.930433512 -0.007602287 -0.366382927 -5.922002316 -0.029344916 0.995028377 -0.095168158 -1.228762984 0.365284890 0.099299118 0.925584614 22.180112839
0.927137315 -0.005707229 -0.374679238 -6.232759476 -0.029969767 0.995551348 -0.089324236 -1.309194207 0.373522192 0.094044879 0.922841787 22.915027618
0.923705399 -0.001967683 -0.383099377 -6.564624786 -0.032891214 0.995886922 -0.084420383 -1.384150267 0.381689757 0.090580158 0.919841468 23.668128967
0.920137227 0.001799638 -0.391592681 -6.903060913 -0.036179919 0.996102691 -0.080435313 -1.457960010 0.389921725 0.088179313 0.916616321 24.422994614
0.916365087 0.002957196 -0.400333494 -7.253592491 -0.037575513 0.996193409 -0.078651831 -1.530657768 0.398576975 0.087116525 0.912988007 25.185792923
0.912435770 0.003064745 -0.409209251 -7.611268520 -0.038352497 0.996210754 -0.078055590 -1.601050854 0.407419384 0.086914904 0.909095824 25.949077606
0.908581257 0.003179258 -0.417696863 -7.972186565 -0.038771473 0.996295750 -0.076753184 -1.669788122 0.415905505 0.085931219 0.905338824 26.717668533
0.904729128 0.004169295 -0.425967813 -8.349535942 -0.039813608 0.996402562 -0.074809052 -1.741277814 0.424123377 0.084641233 0.901640296 27.497905731
0.900992095 0.003392902 -0.433823049 -8.739017487 -0.038712282 0.996608913 -0.072605826 -1.810235023 0.432105422 0.082211547 0.898068011 28.278615952
0.897142470 0.003858922 -0.441725224 -9.134536743 -0.037987161 0.996931314 -0.068442620 -1.879871368 0.440105468 0.078182667 0.894535959 29.062644958
0.893439412 0.006071144 -0.449143440 -9.546361923 -0.038262412 0.997302771 -0.062631197 -1.947742939 0.447551638 0.073142499 0.891261816 29.860206604
0.889652908 0.006470274 -0.456592321 -9.966251373 -0.037202969 0.997602344 -0.058351785 -2.015369892 0.455119938 0.068899430 0.887760460 30.655942917
0.885957122 0.005665538 -0.463733405 -10.398892403 -0.035968803 0.997752607 -0.056528196 -2.076947927 0.462370872 0.066761501 0.884169638 31.465801239
0.882774293 0.005438476 -0.469766706 -10.842662811 -0.035736863 0.997812867 -0.055604212 -2.134472370 0.468436778 0.065873958 0.881037712 32.270606995
0.879598856 0.005592859 -0.475684047 -11.295414925 -0.035314381 0.997939348 -0.053567402 -2.189222574 0.474404156 0.063916311 0.877983570 33.095340729
0.876475453 0.003858503 -0.481431931 -11.745561600 -0.033115786 0.998082459 -0.052289989 -2.244056940 0.480306894 0.061773878 0.874922276 33.936508179
0.873992920 0.002778301 -0.485931635 -12.267715454 -0.032250192 0.998110414 -0.052298278 -2.302826166 0.484867990 0.061379701 0.872430682 34.803089142
0.871747255 0.001596423 -0.489954144 -12.744950294 -0.031496804 0.998108625 -0.052788306 -2.357884407 0.488943070 0.061450034 0.870148480 35.675842285
0.870689750 0.002014276 -0.491829455 -13.303895950 -0.032500129 0.998041391 -0.053447798 -2.407627106 0.490758389 0.062520951 0.869049609 36.564193726
0.870253384 0.002167529 -0.492600501 -13.810651779 -0.032163937 0.998106241 -0.052430622 -2.467645407 0.491553873 0.061471876 0.868674755 37.426975250
0.870078981 0.002536188 -0.492906809 -14.324254990 -0.031616993 0.998214424 -0.050674122 -2.530743837 0.491898060 0.059674699 0.868605256 38.320396423
0.869733274 0.001400026 -0.493521005 -14.828985214 -0.030055376 0.998289883 -0.050134707 -2.590848684 0.492606670 0.058436763 0.868287802 39.216285706
0.869077086 -0.000648028 -0.494677097 -15.360073090 -0.028206568 0.998306990 -0.050862711 -2.652554274 0.493872404 0.058156740 0.867587328 40.136821747
0.867990494 -0.002830000 -0.496573478 -15.891979218 -0.026129304 0.998337924 -0.051362563 -2.711977005 0.495893359 0.057557322 0.866473794 41.046455383
0.866444468 -0.003167873 -0.499264091 -16.438785553 -0.024731817 0.998479664 -0.049256105 -2.778450251 0.498660952 0.055025376 0.865048766 41.977092743
0.864483237 -0.002423533 -0.502656400 -16.998989105 -0.023471154 0.998702705 -0.045181584 -2.843632698 0.502113640 0.050856642 0.863304913 42.897949219
0.861697972 -0.002493125 -0.507416010 -17.547727585 -0.021345198 0.998924375 -0.041156683 -2.905075550 0.506972671 0.046295520 0.860717893 43.827934265
0.857766569 -0.002690861 -0.514032841 -18.098667145 -0.020427370 0.999017715 -0.039316822 -2.960000753 0.513633549 0.044224992 0.856869042 44.722114563
0.852532566 -0.006433200 -0.522634983 -18.658641815 -0.017843939 0.998982906 -0.041404039 -3.017514944 0.522369564 0.044624157 0.851550639 45.618801117
0.846513152 -0.010091433 -0.532272518 -19.218997955 -0.016103173 0.998877227 -0.044547964 -3.074383974 0.532124221 0.046281718 0.845400274 46.503459930
0.840373933 -0.010278014 -0.541909933 -19.798980713 -0.016007448 0.998913169 -0.043769438 -3.130807877 0.541770577 0.045457296 0.839296162 47.394695282
0.834531307 -0.007352824 -0.550911784 -20.398492813 -0.016528580 0.999126494 -0.038372800 -3.193475008 0.550712466 0.041129101 0.833680928 48.289165497
0.829336226 -0.002968365 -0.558742344 -21.005243301 -0.019193649 0.999244094 -0.033797540 -3.251068354 0.558420062 0.038753834 0.828652442 49.168190002
0.825219691 -0.003074735 -0.564803898 -21.626121521 -0.020457482 0.999166012 -0.035329245 -3.300208092 0.564441264 0.040708862 0.824468613 50.065471649
0.821832240 -0.005193129 -0.569706261 -22.246892929 -0.020986022 0.999003589 -0.039379857 -3.356277943 0.569342911 0.044319514 0.820904434 50.948070526
0.818886876 -0.007451630 -0.573906898 -22.871938705 -0.023369033 0.998653352 -0.046310991 -3.410490036 0.573478997 0.051335126 0.817610085 51.799560547
0.815722048 -0.008704797 -0.578378856 -23.495847702 -0.023182655 0.998591065 -0.047725018 -3.473193169 0.577979326 0.052338719 0.814371109 52.666992188
0.812347770 -0.007051821 -0.583130896 -24.130540848 -0.022628712 0.998792231 -0.043602031 -3.536394119 0.582734108 0.048615530 0.811207294 53.541160583
0.809400260 -0.004207548 -0.587242484 -24.781286240 -0.022716405 0.999001086 -0.038467947 -3.594145775 0.586817801 0.044476021 0.808496416 54.400638580
0.806478083 -0.002148056 -0.591260254 -25.430688858 -0.023417573 0.999092221 -0.035571255 -3.649362803 0.590800047 0.042533331 0.805695891 55.260013580
0.803394437 -0.001639138 -0.595445156 -26.081497192 -0.024590278 0.999051273 -0.035928212 -3.704850197 0.594939232 0.043506701 0.802592099 56.116092682
0.799675226 -0.002758955 -0.600426674 -26.729215622 -0.024755981 0.998987079 -0.037561476 -3.762492418 0.599922180 0.044901144 0.798797131 56.994033813
0.795849323 -0.005341899 -0.605471373 -27.369449615 -0.023743842 0.998916030 -0.040022757 -3.819366932 0.605028927 0.046228312 0.794860065 57.808338165
0.791578889 -0.006444161 -0.611033201 -28.025789261 -0.022939228 0.998925626 -0.040252227 -3.876338482 0.610636234 0.045879461 0.790580809 58.649196625
0.787035584 -0.006523805 -0.616873324 -28.701484680 -0.022416443 0.998980701 -0.039164763 -3.935433388 0.616500199 0.044652179 0.786087334 59.501560211
0.782051980 -0.006349753 -0.623181045 -29.384557724 -0.022497036 0.999008119 -0.038411491 -3.993804455 0.622807026 0.044059522 0.781133652 60.353439331
0.776729226 -0.007510897 -0.629790127 -30.072288513 -0.022219295 0.998979092 -0.039317243 -4.054273129 0.629442632 0.044532359 0.775769532 61.193710327
0.771316946 -0.008972956 -0.636388302 -30.760496140 -0.021481529 0.998963237 -0.040121306 -4.111162186 0.636088669 0.044616848 0.770324647 62.016033173
0.765856385 -0.010008251 -0.642934084 -31.460685730 -0.021368558 0.998929799 -0.041003883 -4.169061184 0.642656624 0.045141671 0.764823020 62.835624695
0.760228395 -0.011346502 -0.649557114 -32.174461365 -0.021009710 0.998894393 -0.042038094 -4.228179932 0.649316192 0.045605570 0.759149611 63.655227661
0.754294038 -0.012917675 -0.656409979 -32.918155670 -0.020387780 0.998862743 -0.043084919 -4.288655281 0.656220198 0.045881454 0.753172874 64.489662170
0.748257697 -0.013669418 -0.663267612 -33.662967682 -0.019744039 0.998885334 -0.042860247 -4.354764938 0.663114309 0.045166105 0.747153819 65.305160522
0.742133498 -0.013203232 -0.670122266 -34.423816681 -0.019234985 0.998974025 -0.040984485 -4.418583870 0.669975996 0.043305770 0.741118193 66.124694824
0.736201942 -0.013695081 -0.676623642 -35.220825195 -0.018528221 0.999011993 -0.040380001 -4.471605778 0.676508248 0.042264480 0.735220850 66.922729492
0.729525208 -0.015526840 -0.683777988 -35.954265594 -0.017235097 0.999006927 -0.041073062 -4.528062344 0.683736742 0.041748825 0.728533030 67.723289490
0.723538637 -0.017065136 -0.690073252 -36.794761658 -0.017153740 0.998940587 -0.042688869 -4.593601227 0.690070689 0.042724393 0.722479284 68.545989990
0.717465758 -0.016425785 -0.696400404 -37.602085114 -0.018586120 0.998914063 -0.042709406 -4.650920391 0.696345747 0.043585930 0.716381252 69.362976074
0.712551832 -0.015482761 -0.701448917 -38.442874908 -0.019405436 0.998938560 -0.041761708 -4.713994980 0.701351047 0.043369316 0.711494982 70.167564392
0.707641125 -0.014898005 -0.706415296 -39.255859375 -0.020585194 0.998918056 -0.041687675 -4.772669315 0.706272125 0.044041622 0.706568718 70.968124390
0.702902138 -0.015984498 -0.711107314 -40.066505432 -0.020540932 0.998873770 -0.042756923 -4.832695007 0.710989892 0.044660751 0.701782048 71.752700806
0.697720766 -0.017542629 -0.716155410 -40.880069733 -0.021522051 0.998735011 -0.045432623 -4.894924164 0.716046393 0.047112428 0.696460485 72.532546997
0.692891777 -0.020063099 -0.720762789 -41.741729736 -0.021062355 0.998622537 -0.048045479 -4.959923744 0.720733762 0.048471294 0.691514671 73.336013794
0.687905610 -0.020539513 -0.725509882 -42.596096039 -0.021521857 0.998582184 -0.048676658 -5.026664734 0.725480855 0.049099281 0.686488152 74.121215820
0.683040440 -0.020250918 -0.730100155 -43.447219849 -0.020796843 0.998670518 -0.047156647 -5.095376968 0.730084240 0.047393691 0.681711078 74.909286499
0.677827477 -0.020271247 -0.734941840 -44.313598633 -0.020291481 0.998722732 -0.046261448 -5.162525177 0.734940767 0.046270356 0.676550269 75.705497742
0.672696829 -0.021732802 -0.739599347 -45.183509827 -0.019254142 0.998715401 -0.046859261 -5.225815296 0.739667535 0.045762446 0.671414137 76.485847473
0.667884231 -0.022771681 -0.743917048 -46.054515839 -0.018169429 0.998734593 -0.046884172 -5.295968533 0.744043171 0.044829771 0.666625261 77.263237000
0.663448095 -0.023258338 -0.747861087 -46.941158295 -0.017142493 0.998781443 -0.046269484 -5.369109154 0.748025775 0.043517631 0.662240803 78.040374756
0.659401238 -0.024487035 -0.751392663 -47.851886749 -0.015264044 0.998826861 -0.045945924 -5.439759254 0.751636088 0.041766115 0.658253789 78.823181152
0.655484319 -0.027039209 -0.754724920 -48.740386963 -0.012906575 0.998811364 -0.046993438 -5.512666225 0.755098403 0.040544406 0.654356122 79.594673157
0.650989056 -0.032066870 -0.758409858 -49.679321289 -0.009481607 0.998685420 -0.050364759 -5.577647686 0.759027898 0.039977878 0.649829090 80.410346985
0.646503448 -0.035986073 -0.762062192 -50.577205658 -0.005492073 0.998641014 -0.051817037 -5.649302959 0.762891173 0.037685223 0.645427108 81.161598206
0.639674067 -0.039791718 -0.767615855 -51.494354248 -0.000167636 0.998651385 -0.051907834 -5.723903179 0.768646061 0.033332806 0.638804615 81.931961060
0.631327868 -0.043552287 -0.774292409 -52.422199249 0.004669739 0.998616695 -0.052362520 -5.797320366 0.775501788 0.029442204 0.630657911 82.688110352
0.622420669 -0.044512060 -0.781416357 -53.373245239 0.007527023 0.998675287 -0.050892349 -5.873841763 0.782646537 0.025794741 0.621931136 83.439476013
0.614144683 -0.042910460 -0.788026214 -54.360752106 0.007455268 0.998791158 -0.048577026 -5.944382191 0.789158046 0.023958409 0.613722086 84.183486938
0.605168521 -0.042628773 -0.794955492 -55.339389801 0.007062213 0.998813033 -0.048184257 -6.020492077 0.796065927 0.023545485 0.604751170 84.920066833
0.595685542 -0.043897282 -0.802017510 -56.302097321 0.005961413 0.998719156 -0.050235718 -6.090312958 0.803195477 0.025143569 0.595184267 85.630844116
0.585674345 -0.046189498 -0.809229493 -57.293579102 0.006434865 0.998608053 -0.052341722 -6.160001755 0.810520709 0.025447959 0.585156381 86.341766357
0.575740814 -0.048014365 -0.816221416 -58.331172943 0.006872460 0.998522758 -0.053890616 -6.234469414 0.817603171 0.025417618 0.575220346 87.071235657
0.565886080 -0.048708610 -0.823043525 -59.369068146 0.009590243 0.998574317 -0.052502904 -6.311841011 0.824427485 0.021817513 0.565546393 87.779586792
0.555694222 -0.048805445 -0.829953134 -60.426231384 0.010932061 0.998617709 -0.051404215 -6.392689705 0.831314683 0.019491967 0.555459559 88.479858398
0.545490146 -0.049373109 -0.836661816 -61.476207733 0.011177935 0.998602688 -0.051641725 -6.473924637 0.838042498 0.018817939 0.545279801 89.157363892
0.535269380 -0.050537389 -0.843168318 -62.538127899 0.010640442 0.998532355 -0.053094625 -6.550218582 0.844614208 0.019448282 0.535021484 89.824127197
0.525180876 -0.050953403 -0.849463880 -63.619079590 0.009088429 0.998484313 -0.054273166 -6.633543015 0.850941837 0.020782979 0.524847984 90.478782654
0.515241683 -0.052037261 -0.855463684 -64.686622620 0.008325782 0.998411357 -0.055718075 -6.714045048 0.857004166 0.021585919 0.514856517 91.116027832
0.505586386 -0.051796615 -0.861219823 -65.758125305 0.007383524 0.998418987 -0.055713661 -6.797635078 0.862744033 0.021809276 0.505169630 91.737312317
0.496814549 -0.050152224 -0.866406441 -66.882568359 0.006570634 0.998517156 -0.054031756 -6.869843483 0.867831469 0.021150969 0.496407539 92.379127502
0.488819182 -0.048610095 -0.871029735 -67.985664368 0.007276305 0.998638391 -0.051648173 -6.951875210 0.872354388 0.018908788 0.488507450 92.992797852
0.480985284 -0.048913848 -0.875363052 -69.102874756 0.007457827 0.998634160 -0.051704165 -7.034227371 0.876696527 0.018340684 0.480693251 93.603599548
0.473613322 -0.051802114 -0.879208088 -70.250801086 0.008935823 0.998499632 -0.054017071 -7.121901989 0.880687118 0.017726805 0.473365754 94.207008362
0.466821313 -0.055191543 -0.882627666 -71.395545959 0.011443025 0.998343647 -0.056375138 -7.207997322 0.884277165 0.016217234 0.466679811 94.804847717
0.460507751 -0.057653069 -0.885781348 -72.520263672 0.012368919 0.998208046 -0.058540124 -7.303447723 0.887569070 0.016002072 0.460395753 95.393646240
0.455173701 -0.061060358 -0.888306499 -73.661705017 0.014033723 0.998013556 -0.061410405 -7.397467613 0.890291572 0.015486205 0.455126524 95.969261169
0.450544536 -0.061935488 -0.890602946 -74.804824829 0.016437456 0.997996628 -0.061088488 -7.492388725 0.892602086 0.012883891 0.450660139 96.546272278
0.446352959 -0.059230611 -0.892894566 -75.938697815 0.017962970 0.998198688 -0.057236400 -7.588476658 0.894676149 0.009508653 0.446613044 97.114013672
0.442873448 -0.056565911 -0.894797981 -77.076896667 0.020315560 0.998384297 -0.053059217 -7.693493366 0.896353364 0.005320252 0.443307310 97.664520264
0.439690411 -0.055921547 -0.896406829 -78.218269348 0.021698408 0.998429477 -0.051642980 -7.784622669 0.897886693 0.003256378 0.440213501 98.212333679
0.436577618 -0.055744760 -0.897938013 -79.348648071 0.023307657 0.998443961 -0.050652046 -7.871214390 0.899364114 0.001184776 0.437197804 98.766326904
0.433903039 -0.054942794 -0.899282813 -80.483619690 0.025124358 0.998488128 -0.048881367 -7.953409195 0.900608659 -0.001384073 0.434627682 99.323707581
0.431270629 -0.054033462 -0.900603175 -81.614067078 0.026579164 0.998532236 -0.047180958 -8.037987709 0.901830554 -0.003589460 0.432074010 99.866889954
0.429047197 -0.054776877 -0.901619732 -82.714111328 0.028671375 0.998482049 -0.047017977 -8.121925354 0.902826428 -0.005677685 0.429966688 100.382682800
0.428347707 -0.055332594 -0.901918352 -83.887084961 0.030915286 0.998436034 -0.046571337 -8.198659897 0.903084517 -0.007934275 0.429388642 100.880943298
0.427074492 -0.055633977 -0.902503431 -85.054756165 0.035161164 0.998371899 -0.044905029 -8.263048172 0.903532028 -0.012555215 0.428335577 101.388053894
0.425614953 -0.054905586 -0.903237224 -86.145339966 0.036625456 0.998384476 -0.043431029 -8.336230278 0.904162407 -0.014596516 0.426938564 101.881324768
0.424066812 -0.055819046 -0.903909147 -87.185935974 0.038799509 0.998301744 -0.043445341 -8.415790558 0.904798925 -0.016647439 0.425512612 102.373001099
0.422416896 -0.057305135 -0.904588461 -88.264686584 0.040493332 0.998195767 -0.044325847 -8.486166954 0.905496240 -0.017905749 0.423975438 102.888511658
0.422300130 -0.058383353 -0.904573977 -89.329505920 0.040276144 0.998146236 -0.045619786 -8.563313484 0.905560315 -0.017167451 0.423868984 103.367950439
0.422625393 -0.059198521 -0.904369056 -90.388198853 0.039372317 0.998121262 -0.046936065 -8.636181831 0.905448318 -0.015770670 0.424162418 103.854934692
0.424996346 -0.059407521 -0.903243542 -91.451210022 0.037395339 0.998144090 -0.048053868 -8.703724861 0.904421747 -0.013354317 0.426429421 104.343811035
0.429553658 -0.059575208 -0.901074111 -92.495094299 0.035286047 0.998166323 -0.049173187 -8.780291557 0.902351081 -0.010672756 0.430868506 104.825584412
0.434318393 -0.059970297 -0.898760974 -93.498085022 0.033994075 0.998161256 -0.050175462 -8.857130051 0.900117159 -0.008760358 0.435558736 105.308761597
0.439935237 -0.060304798 -0.896002531 -94.506629944 0.033544399 0.998149455 -0.050709475 -8.928064346 0.897402227 -0.007746914 0.441144317 105.797111511
0.446635872 -0.059380811 -0.892743289 -95.511466980 0.032613657 0.998212039 -0.050079569 -8.998634338 0.894120693 -0.006748224 0.447774261 106.296096802
0.454326898 -0.058148995 -0.888935328 -96.503395081 0.031281296 0.998292744 -0.049314916 -9.071447372 0.890285075 -0.005401887 0.455370545 106.805801392
0.463605613 -0.057614367 -0.884166718 -97.480094910 0.030622497 0.998328805 -0.048996773 -9.141634941 0.885511756 -0.004360146 0.464595467 107.295433044
0.473192185 -0.057378292 -0.879088879 -98.465026855 0.029975198 0.998346925 -0.049027368 -9.212178230 0.880448520 -0.003151428 0.474130213 107.814895630
0.483910263 -0.058187816 -0.873181164 -99.438987732 0.029032677 0.998304605 -0.050436214 -9.283742905 0.874635279 -0.000944120 0.484779507 108.329536438
0.494336665 -0.059490722 -0.867232680 -100.395355225 0.027077351 0.998224497 -0.053042013 -9.358052254 0.868848085 0.002738317 0.495070159 108.860267639
0.505761862 -0.060490243 -0.860549986 -101.351707458 0.025624732 0.998151243 -0.055102430 -9.429937363 0.862291813 0.005817418 0.506377220 109.407989502
0.517963469 -0.058742553 -0.853383601 -102.264450073 0.023487367 0.998239219 -0.054457944 -9.500028610 0.855079532 0.008163563 0.518431485 109.951637268
0.530739844 -0.056208692 -0.845669091 -103.190132141 0.022023048 0.998375535 -0.052536938 -9.575376511 0.847247899 0.009259308 0.531115890 110.517547607
0.542702079 -0.053916726 -0.838193238 -104.085525513 0.021277837 0.998499215 -0.050451703 -9.646918297 0.839654982 0.009545375 0.543035150 111.087829590
0.553037584 -0.054968752 -0.831341267 -105.012260437 0.023934908 0.998456955 -0.050096177 -9.708365440 0.832811713 0.007807065 0.553500175 111.706939697
0.564226389 -0.056016106 -0.823717892 -105.906211853 0.024580805 0.998392582 -0.051057421 -9.774877548 0.825253367 0.008560370 0.564696670 112.315139771
0.575234890 -0.056930520 -0.816004932 -106.768630981 0.024782766 0.998329520 -0.052180432 -9.848799706 0.817611992 0.009793219 0.575685143 112.915008545
0.585913122 -0.058726214 -0.808243334 -107.612182617 0.027026856 0.998231411 -0.052938189 -9.919018745 0.809922338 0.009172977 0.586464286 113.530906677
0.596406639 -0.058478810 -0.800549567 -108.447257996 0.027304616 0.998242915 -0.052578099 -9.992953300 0.802217245 0.009499299 0.596955597 114.157669067
0.606698990 -0.055886880 -0.792964876 -109.267944336 0.026142791 0.998388290 -0.050362840 -10.066546440 0.794501066 0.009824840 0.607182324 114.791557312
0.616484404 -0.053097058 -0.785574973 -110.065513611 0.026501790 0.998557091 -0.046695050 -10.135292053 0.786920428 0.007967698 0.617002130 115.415260315
0.626226723 -0.051290777 -0.777952194 -110.859596252 0.024977315 0.998640895 -0.045734886 -10.200874329 0.779240131 0.009209323 0.626656830 116.058280945
0.636270165 -0.050589688 -0.769805968 -111.634696960 0.022961639 0.998646915 -0.046649911 -10.269167900 0.771123827 0.012006010 0.636570990 116.695091248
0.645740211 -0.050498184 -0.761885703 -112.422500610 0.021414997 0.998615503 -0.048038296 -10.330092430 0.763256133 0.014704546 0.645927668 117.343124390
0.654618323 -0.050063200 -0.754300296 -113.165077209 0.021244431 0.998628557 -0.047842350 -10.392043114 0.755660415 0.015293860 0.654784083 118.000640869
0.663823187 -0.047857996 -0.746357024 -113.902961731 0.020750940 0.998744488 -0.045585297 -10.458454132 0.747601032 0.014773028 0.663982868 118.650215149
0.672455847 -0.045950465 -0.738709688 -114.621086121 0.020750025 0.998848736 -0.043243010 -10.521938324 0.739845693 0.013750833 0.672635078 119.301994324
0.680497229 -0.045367319 -0.731345117 -115.324409485 0.021042751 0.998879433 -0.042383403 -10.581013680 0.732447863 0.013452337 0.680689275 119.952827454
0.688324273 -0.044417068 -0.724042296 -116.020454407 0.019777447 0.998901248 -0.042476691 -10.636353493 0.725132883 0.014918093 0.688446403 120.602455139
0.695700526 -0.043505345 -0.717013597 -116.704605103 0.019215968 0.998933792 -0.041966219 -10.690529823 0.718074322 0.015417871 0.695794702 121.264762878
0.702750266 -0.040792465 -0.710266531 -117.373191833 0.018420093 0.999062955 -0.039153565 -10.743924141 0.711197615 0.014432063 0.702843070 121.926818848
0.710189164 -0.037744697 -0.702998698 -118.041572571 0.017166289 0.999192834 -0.036305714 -10.799397469 0.703801036 0.013716107 0.710263729 122.596305847
0.717557192 -0.036010005 -0.695568442 -118.684890747 0.016014006 0.999251068 -0.035211522 -10.851726532 0.696314931 0.014127502 0.717596352 123.254440308
0.725107074 -0.035067730 -0.687743008 -119.321266174 0.015245846 0.999274790 -0.034878403 -10.900012016 0.688466787 0.014805413 0.725115716 123.916999817
0.732870340 -0.032197833 -0.679606378 -119.929138184 0.012713669 0.999352813 -0.033636339 -10.946366310 0.680248976 0.016010845 0.732805252 124.569442749
0.741747975 -0.029483138 -0.670030713 -120.529891968 0.012050870 0.999457419 -0.030637965 -10.994326591 0.670569897 0.014651258 0.741700709 125.232177734
0.751102209 -0.025677618 -0.659686804 -121.108390808 0.010292071 0.999576867 -0.027189113 -11.036455154 0.660105169 0.013632318 0.751048505 125.889869690
0.761045992 -0.023665948 -0.648266435 -121.667663574 0.008692110 0.999616146 -0.026288129 -11.076727867 0.648639083 0.014371730 0.760959446 126.541587830
0.771001101 -0.022727011 -0.636428475 -122.223930359 0.007104158 0.999607265 -0.027089791 -11.116273880 0.636793494 0.016365029 0.770859718 127.207305908
0.780828953 -0.023654208 -0.624297321 -122.761215210 0.007156290 0.999555588 -0.028921802 -11.154657364 0.624703228 0.018115385 0.780651152 127.877517700
0.790722907 -0.022612065 -0.611756921 -123.286872864 0.006575820 0.999573171 -0.028447099 -11.192676544 0.612138271 0.018471027 0.790534019 128.552825928
0.800938487 -0.020837814 -0.598384440 -123.806327820 0.006011556 0.999623179 -0.026763773 -11.229529381 0.598715961 0.017838968 0.800761878 129.243209839
0.811024010 -0.018426076 -0.584723175 -124.312751770 0.005609368 0.999702334 -0.023722693 -11.267956734 0.584985554 0.015959799 0.810885847 129.936416626
0.820679247 -0.016974630 -0.571137488 -124.802612305 0.005795734 0.999754012 -0.021385331 -11.301749229 0.571359336 0.014240392 0.820575595 130.631866455
0.829735219 -0.015429457 -0.557944357 -125.272918701 0.006134779 0.999809086 -0.018525533 -11.329404831 0.558122993 0.011948478 0.829671323 131.331710815
0.837761164 -0.014461238 -0.545845807 -125.728439331 0.006548440 0.999842942 -0.016438503 -11.358078957 0.545997083 0.010197158 0.837724149 132.032073975
0.845039248 -0.014640793 -0.534504294 -126.182052612 0.007949187 0.999858081 -0.014819881 -11.385993004 0.534644723 0.008274564 0.845035553 132.743591309
0.851587176 -0.014293023 -0.524018645 -126.620407104 0.007931138 0.999864638 -0.014383042 -11.410887718 0.524152577 0.008092407 0.851585031 133.457839966
0.858385503 -0.013103978 -0.512838304 -127.059066772 0.006712599 0.999874532 -0.014313061 -11.436329842 0.512960792 0.008843701 0.858365595 134.173477173
0.865075409 -0.011007082 -0.501521587 -127.489967346 0.005037674 0.999898911 -0.013255564 -11.460648537 0.501616061 0.008940616 0.865043283 134.902420044
0.871266067 -0.009942538 -0.490710914 -127.909744263 0.004248727 0.999909520 -0.012715874 -11.487080574 0.490792245 0.008994066 0.871229351 135.642501831
0.877035677 -0.010346076 -0.480314463 -128.311874390 0.004826046 0.999906778 -0.012725932 -11.510980606 0.480400652 0.008843130 0.877003729 136.381103516
0.882029891 -0.011376038 -0.471056730 -128.710998535 0.005638243 0.999891162 -0.013589984 -11.536114693 0.471159339 0.009330893 0.881997943 137.136093140
0.886379242 -0.011789169 -0.462810278 -129.111190796 0.005925199 0.999882102 -0.014121894 -11.557314873 0.462921470 0.009775165 0.886344552 137.899200439
0.889876366 -0.010769816 -0.456075102 -129.510574341 0.005253371 0.999896348 -0.013361395 -11.577942848 0.456170976 0.009494111 0.889840603 138.674575806
0.893125176 -0.008989597 -0.449718952 -129.921615601 0.004906053 0.999934912 -0.010244718 -11.595496178 0.449781030 0.006943523 0.893110991 139.465042114
0.896213889 -0.004773012 -0.443597078 -130.320236206 0.002365067 0.999978781 -0.005981233 -11.614096642 0.443615437 0.004311379 0.896205962 140.260742188
0.899531364 -0.002013430 -0.436852008 -130.723022461 0.000670116 0.999994040 -0.003228966 -11.631304741 0.436855078 0.002611866 0.899527192 141.077224731
0.902675509 0.000680841 -0.430321753 -131.123321533 -0.001297338 0.999997973 -0.001139119 -11.641207695 0.430319279 0.001586577 0.902674496 141.920104980
0.905868590 0.002560231 -0.423551470 -131.524658203 -0.002303032 0.999996126 0.001119167 -11.653284073 0.423551947 -0.000038317 0.905870974 142.772872925
0.909144104 0.003997990 -0.416462809 -131.921600342 -0.002580400 0.999988198 0.003966824 -11.660906792 0.416472971 -0.002531725 0.909143806 143.627105713
0.912572384 0.003995116 -0.408896059 -132.324447632 -0.001796987 0.999981225 0.005759918 -11.668641090 0.408910602 -0.004521512 0.912562490 144.506423950
0.916063249 0.003805377 -0.401016057 -132.717651367 -0.001232356 0.999976456 0.006674092 -11.672697067 0.401031196 -0.005619646 0.916046381 145.401412964
0.919669867 0.002925627 -0.392681837 -133.102890015 -0.000364611 0.999977648 0.006596401 -11.675212860 0.392691553 -0.005923285 0.919650376 146.301345825
0.923520565 0.000245578 -0.383549154 -133.485122681 0.002219883 0.999979079 0.005985483 -11.676814079 0.383541763 -0.006379098 0.923500717 147.219970703
0.927469134 -0.001328167 -0.373897791 -133.860610962 0.003305710 0.999983191 0.004647916 -11.680718422 0.373884499 -0.005546742 0.927457869 148.147293091
0.931926906 -0.002437581 -0.362638474 -134.237472534 0.003571488 0.999990046 0.002456593 -11.686337471 0.362628013 -0.003584469 0.931926250 149.093276978
0.937043130 -0.000532182 -0.349213809 -134.615875244 0.001187745 0.999997318 0.001663262 -11.696661949 0.349211127 -0.001973273 0.937041104 150.072463989
0.942862630 0.002894914 -0.333169669 -134.962310791 -0.002082727 0.999993265 0.002795018 -11.699596405 0.333174676 -0.001941366 0.942862272 151.047943115
0.949228227 0.006497539 -0.314521849 -135.308959961 -0.004924786 0.999970436 0.005794977 -11.702207565 0.314549357 -0.003951755 0.949232042 152.074630737
0.955551088 0.009485450 -0.294673771 -135.630645752 -0.007638354 0.999942720 0.007418761 -11.704960823 0.294726431 -0.004838136 0.955568552 153.098526001
0.961785913 0.011147624 -0.273576349 -135.930496216 -0.009286013 0.999923468 0.008098872 -11.707091331 0.273644865 -0.005248903 0.961815655 154.133041382
0.967622936 0.012551004 -0.252088726 -136.222045898 -0.010473805 0.999898612 0.009580297 -11.709606171 0.252182573 -0.006629745 0.967656136 155.206649780
0.972987294 0.013316276 -0.230475128 -136.484375000 -0.010814444 0.999867439 0.012115151 -11.708253860 0.230605096 -0.009295384 0.973002195 156.287719727
0.977914989 0.015457342 -0.208431780 -136.722442627 -0.012490257 0.999800444 0.015544163 -11.707212448 0.208629668 -0.012597460 0.977912724 157.371490479
0.982379317 0.017562483 -0.186072558 -136.943435669 -0.014128089 0.999704063 0.019767517 -11.704865456 0.186363891 -0.016790308 0.982336462 158.489151001
0.986306310 0.019581441 -0.163759157 -137.137374878 -0.016024614 0.999606013 0.023013063 -11.699214935 0.164144501 -0.020073708 0.986231208 159.623046875
0.989716947 0.021103917 -0.141476870 -137.311309814 -0.018027596 0.999572396 0.022991227 -11.689394951 0.141900823 -0.020204274 0.989673853 160.766769409
0.992660344 0.020375373 -0.119210199 -137.455291748 -0.018015711 0.999619782 0.020838808 -11.679612160 0.119588718 -0.018538157 0.992649615 161.913238525
0.994955480 0.020292317 -0.098246686 -137.576766968 -0.018441327 0.999634802 0.019712204 -11.662070274 0.098610073 -0.017800920 0.994966149 163.081069946
0.996777833 0.019109841 -0.077906974 -137.677108765 -0.017485971 0.999615669 0.021473344 -11.652482033 0.078286648 -0.020041825 0.996728659 164.293975830
0.998157203 0.019659132 -0.057414610 -137.767974854 -0.018364718 0.999566317 0.022986855 -11.634613037 0.057840880 -0.021890042 0.998085082 165.514022827
0.999112248 0.020136192 -0.037012897 -137.825790405 -0.019262630 0.999530137 0.023809353 -11.615574837 0.037474215 -0.023075201 0.999030411 166.746780396
0.999622107 0.021957245 -0.016559843 -137.859069824 -0.021551097 0.999471128 0.024319740 -11.601807594 0.017084366 -0.023953618 0.999566317 167.985076904
0.999738574 0.022505946 0.004115341 -137.862258911 -0.022601999 0.999431014 0.025003707 -11.591423035 -0.003550977 -0.025090137 0.999678135 169.236450195
0.999384522 0.024991574 0.024630118 -137.843612671 -0.025594797 0.999371588 0.024487238 -11.577025414 -0.024003370 -0.025102524 0.999395907 170.494781494
0.998677075 0.025947558 0.044402119 -137.789276123 -0.027014732 0.999355435 0.023604911 -11.566864014 -0.043761708 -0.024773149 0.998733997 171.784881592
0.997626305 0.025765276 0.063863657 -137.711303711 -0.027155908 0.999409676 0.021003004 -11.547914505 -0.063285500 -0.022687381 0.997736752 173.080673218
0.996186316 0.027513340 0.082803972 -137.619583130 -0.029114190 0.999409735 0.018187560 -11.528754234 -0.082255386 -0.020528926 0.996398985 174.408493042
0.994394064 0.027777048 0.102026895 -137.501754761 -0.029603519 0.999425769 0.016431039 -11.520505905 -0.101512581 -0.019359240 0.994645059 175.705841064
0.992279172 0.028016308 0.120821215 -137.350402832 -0.029835084 0.999465823 0.013270281 -11.514416695 -0.120385565 -0.016772492 0.992584765 177.020568848
0.989775836 0.029569719 0.139534980 -137.178573608 -0.030973515 0.999488115 0.007899089 -11.515486717 -0.139230624 -0.012140177 0.990184844 178.349807739
0.987024248 0.031515881 0.157449976 -136.985870361 -0.032082137 0.999483764 0.001055426 -11.523373604 -0.157336071 -0.006093026 0.987525582 179.681793213
0.984030843 0.033460397 0.174826309 -136.763656616 -0.033280261 0.999437273 -0.003962932 -11.539767265 -0.174861148 -0.001918583 0.984590530 181.011718750
0.980658948 0.035829101 0.192418516 -136.515518188 -0.034918822 0.999356210 -0.008121051 -11.567276955 -0.192586228 0.001244986 0.981278598 182.376785278
0.976993978 0.037576482 0.209931746 -136.236831665 -0.036075145 0.999287844 -0.010977779 -11.600877762 -0.210195363 0.003151936 0.977653682 183.735824585
0.973085344 0.037081022 0.227443323 -135.930404663 -0.035574961 0.999308586 -0.010719043 -11.638828278 -0.227684155 0.002339287 0.973731577 185.121673584
0.968926489 0.036476333 0.244645685 -135.590148926 -0.034706879 0.999329984 -0.011541359 -11.670145988 -0.244903356 0.002691871 0.969543099 186.533477783
0.964576721 0.036363862 0.261285365 -135.227645874 -0.033132117 0.999309480 -0.016764607 -11.710226059 -0.261715174 0.007513843 0.965115249 187.893264771
0.959966123 0.037561174 0.277587742 -134.840835571 -0.032961067 0.999230444 -0.021221496 -11.751118660 -0.278171837 0.011222356 0.960465133 189.271362305
0.954756021 0.039891332 0.294703752 -134.434005737 -0.035155907 0.999152839 -0.021351248 -11.802771568 -0.295306444 0.010024682 0.955349386 190.670013428
0.949059904 0.042173084 0.312261611 -134.016174316 -0.037138484 0.999065757 -0.022055574 -11.850268364 -0.312900662 0.009335164 0.949739337 192.040695190
0.942950010 0.045284685 0.329841107 -133.572158813 -0.039227426 0.998916507 -0.025000496 -11.906065941 -0.330616474 0.010635426 0.943704605 193.412139893
0.936753750 0.045928888 0.346963286 -133.075927734 -0.038248386 0.998847663 -0.028956136 -11.963411331 -0.347894013 0.013854009 0.937430799 194.789657593
0.930248082 0.046808649 0.363934129 -132.543945312 -0.038014989 0.998786151 -0.031292826 -12.026091576 -0.364957720 0.015275165 0.930898011 196.180618286
0.923228323 0.047257856 0.381335586 -132.009811401 -0.036066048 0.998683572 -0.036446959 -12.098842621 -0.382556587 0.019895623 0.923717022 197.534927368
0.914598942 0.050625600 0.401181400 -131.488494873 -0.036678500 0.998427272 -0.042374697 -12.177886009 -0.402696341 0.024041142 0.915017009 198.895065308
0.904996932 0.053549889 0.422035187 -130.830490112 -0.037741967 0.998239636 -0.045729209 -12.266662598 -0.423741668 0.025456373 0.905424476 200.316558838
0.893308938 0.056714006 0.445851356 -130.147384644 -0.039891247 0.998095334 -0.047035538 -12.365282059 -0.447670341 0.024231715 0.893869460 201.791305542
