1.000000000 0.000000000 0.000000000 0.000000000 0.000000000 1.000000000 0.000000000 0.000000000 0.000000000 0.000000000 1.000000000 0.000000000
0.999991059 -0.002559480 -0.003363031 -0.000903998 0.002552453 0.999994576 -0.002091971 -0.005560021 0.003368367 0.002083368 0.999992132 0.670327842
0.999971151 -0.001334369 -0.007478216 -0.010020874 0.001307689 0.999992788 -0.003571475 -0.011578264 0.007482926 0.003561593 0.999965668 1.352384090
0.999934494 -0.001340058 -0.011363331 -0.025262486 0.001283056 0.999986529 -0.005022112 -0.016394071 0.011369907 0.005007204 0.999922872 2.060357809
0.999868810 0.000196732 -0.016192846 -0.043822404 -0.000287663 0.999984145 -0.005613402 -0.022193009 0.016191486 0.005617324 0.999853134 2.787473679
0.999783576 -0.000842248 -0.020783445 -0.057913646 0.000718791 0.999981999 -0.005946916 -0.028480742 0.020788081 0.005930691 0.999766290 3.525105476
0.999679506 0.000963456 -0.025294719 -0.083969988 -0.001144696 0.999973714 -0.007151613 -0.038429156 0.025287166 0.007178276 0.999654412 4.277934074
0.999537826 0.003615905 -0.030182600 -0.113252029 -0.003849495 0.999963045 -0.007684715 -0.047628604 0.030153699 0.007797352 0.999514818 5.035542965
0.999394715 0.003888284 -0.034569856 -0.143410474 -0.004101000 0.999973059 -0.006084465 -0.057242975 0.034545269 0.006222554 0.999383748 5.812137604
0.999233961 0.003190939 -0.039003305 -0.178621799 -0.003324688 0.999988735 -0.003364786 -0.067525901 0.038992137 0.003491883 0.999233425 6.598780632
0.999091744 0.002725389 -0.042522743 -0.214726701 -0.002756179 0.999995947 -0.000665485 -0.080592521 0.042520765 0.000782082 0.999095261 7.408864021
0.998974204 0.004529596 -0.045054860 -0.260018975 -0.004591559 0.999988616 -0.001271889 -0.090081215 0.045048594 0.001477457 0.998983681 8.217114449
0.998869538 0.004093179 -0.047357798 -0.300431341 -0.004171039 0.999990106 -0.001545409 -0.098286808 0.047351010 0.001741194 0.998876810 9.040749550
0.998789072 0.001057651 -0.049185377 -0.337656140 -0.001162783 0.999997079 -0.002108931 -0.105125874 0.049183007 0.002163570 0.998787463 9.877962112
0.998671353 0.000996939 -0.051521912 -0.378700376 -0.001059855 0.999998689 -0.001193861 -0.117254794 0.051520661 0.001246881 0.998671174 10.715005875
0.998588502 -0.000387694 -0.053111725 -0.421953380 0.000314603 0.999998927 -0.001384537 -0.128762826 0.053112213 0.001365875 0.998587608 11.560154915
0.998486936 0.001977551 -0.054953545 -0.472894311 -0.002178324 0.999991119 -0.003593857 -0.143292993 0.054945957 0.003708127 0.998482466 12.414738655
0.998400927 0.002672860 -0.056466255 -0.523188770 -0.003031605 0.999975681 -0.006268580 -0.152145773 0.056448132 0.006429740 0.998384833 13.269896507
0.998281240 0.006757872 -0.058213525 -0.581995666 -0.007232464 0.999942183 -0.007945809 -0.162786484 0.058156464 0.008353179 0.998272538 14.142290115
0.998215914 0.007696452 -0.059208792 -0.639658630 -0.008169226 0.999936461 -0.007746993 -0.175062537 0.059145410 0.008216862 0.998215556 15.031737328
0.998138309 0.007161185 -0.060569346 -0.694223225 -0.007554574 0.999951661 -0.006268381 -0.189890712 0.060521532 0.006714287 0.998144269 15.908320427
0.998037219 0.008000820 -0.062109984 -0.752106488 -0.008318387 0.999953449 -0.004856131 -0.202756956 0.062068246 0.005363254 0.998057425 16.801965714
0.997980356 0.007831636 -0.063038170 -0.813263774 -0.008139768 0.999956012 -0.004632726 -0.219735503 0.062999122 0.005136485 0.998000264 17.707744598
0.997859836 0.007681424 -0.064936087 -0.871443689 -0.008064742 0.999951422 -0.005642978 -0.231249183 0.064889595 0.006154594 0.997873366 18.613861084
0.997791648 0.005918574 -0.066157177 -0.932157159 -0.006350378 0.999959707 -0.006318583 -0.244645804 0.066117130 0.006724752 0.997789145 19.514793396
0.997753680 0.005840082 -0.066734016 -0.996105790 -0.006167919 0.999969721 -0.004707631 -0.255399615 0.066704519 0.005108666 0.997759581 20.449216843
0.997742057 0.007046982 -0.066790886 -1.059930205 -0.007138054 0.999973714 -0.001124999 -0.273267955 0.066781223 0.001599215 0.997766197 21.352083206
0.997788310 0.007993296 -0.065988593 -1.125340819 -0.007838507 0.999965727 0.002604255 -0.284509510 0.066007160 -0.002081244 0.997816801 22.280544281
0.997898400 0.006697038 -0.064449646 -1.186765909 -0.006355382 0.999964476 0.005504693 -0.290524781 0.064484239 -0.005083524 0.997905552 23.208333969
0.997996032 0.007082705 -0.062877081 -1.252555609 -0.006700776 0.999957621 0.006283017 -0.299152792 0.062918931 -0.005849103 0.998001277 24.154464722
0.998082221 0.007363890 -0.061460562 -1.313535810 -0.007154567 0.999967694 0.003625187 -0.310884029 0.061485276 -0.003178512 0.998102725 25.088592529
0.998138487 0.008397425 -0.060405582 -1.380329967 -0.008486752 0.999963105 -0.001222398 -0.321154296 0.060393091 0.001732769 0.998172939 26.013870239
0.998215497 0.007748359 -0.059208278 -1.438394547 -0.008003128 0.999959588 -0.004067032 -0.336727113 0.059174374 0.004533625 0.998237133 26.946628571
0.998270631 0.005216208 -0.058552641 -1.491113067 -0.005401217 0.999980807 -0.003001919 -0.348322839 0.058535855 0.003312983 0.998279572 27.892608643
0.998265266 0.003435615 -0.058775391 -1.552207470 -0.003315017 0.999992073 0.002149198 -0.364131331 0.058782306 -0.001950629 0.998268664 28.874212265
0.998222768 -0.000363496 -0.059590906 -1.609154820 0.000697019 0.999984086 0.005576143 -0.375178099 0.059587926 -0.005607769 0.998207033 29.841587067
0.998130798 -0.007602344 -0.060638707 -1.661434770 0.007925444 0.999955535 0.005089513 -0.386715740 0.060597312 -0.005560589 0.998146534 30.784982681
0.998025775 -0.009651851 -0.062059894 -1.721136808 0.009745562 0.999951661 0.001207457 -0.393282861 0.062045235 -0.001809882 0.998071432 31.757825851
0.997949064 -0.009388564 -0.063321151 -1.789687634 0.009232151 0.999953389 -0.002762315 -0.404404134 0.063344136 0.002172058 0.997989058 32.730758667
0.997820675 -0.008135259 -0.065480538 -1.859080791 0.007942288 0.999963164 -0.003206793 -0.419501960 0.065504223 0.002679738 0.997848392 33.708648682
0.997780323 -0.008455264 -0.066052981 -1.925698280 0.008368282 0.999963582 -0.001593462 -0.436815500 0.066064060 0.001037175 0.997814536 34.693454742
0.997710466 -0.005505036 -0.067405447 -2.000304222 0.005609128 0.999983251 0.001355069 -0.452657372 0.067396864 -0.001730053 0.997724473 35.672039032
0.997647822 -0.005429246 -0.068332218 -2.075458527 0.005627244 0.999980450 0.002705392 -0.467955112 0.068316191 -0.003083551 0.997658670 36.677051544
0.997581065 -0.004291989 -0.069379069 -2.147810221 0.004672251 0.999974906 0.005319568 -0.475632906 0.069354489 -0.005630857 0.997575879 37.654754639
0.997599721 -0.004459830 -0.069099858 -2.220030069 0.005048662 0.999952376 0.008349156 -0.482609540 0.069059320 -0.008677977 0.997574449 38.653289795
0.997558236 0.001365782 -0.069825917 -2.295320034 -0.000613649 0.999941528 0.010791836 -0.489995748 0.069836557 -0.010722634 0.997500420 39.627407074
0.997575521 0.001596802 -0.069573574 -2.380860567 -0.000908615 0.999950290 0.009922002 -0.489806861 0.069585949 -0.009834729 0.997527063 40.622879028
0.997594178 0.001583930 -0.069305457 -2.461064339 -0.001013157 0.999965191 0.008269958 -0.493268847 0.069316126 -0.008179845 0.997560740 41.629440308
0.997588575 0.003855944 -0.069297157 -2.539688587 -0.003435576 0.999974847 0.006184290 -0.501554847 0.069319241 -0.005931302 0.997576475 42.607368469
0.997530937 0.003579671 -0.070136189 -2.612804651 -0.003149409 0.999975383 0.006244254 -0.508445382 0.070156790 -0.006007950 0.997517467 43.596984863
0.997436643 0.001392432 -0.071540482 -2.682569742 -0.000844168 0.999969840 0.007693322 -0.517725110 0.071549013 -0.007613209 0.997407615 44.579132080
0.997378111 0.002007394 -0.072337329 -2.756381035 -0.001383330 0.999961138 0.008676184 -0.525021017 0.072351910 -0.008553369 0.997342110 45.568580627
0.997358978 0.004529979 -0.072486818 -2.833155870 -0.004173687 0.999978185 0.005065949 -0.534986258 0.072508164 -0.004750031 0.997356057 46.534248352
0.997294188 0.005224746 -0.073326342 -2.912325382 -0.005168192 0.999985874 0.000960945 -0.545322120 0.073330306 -0.000579379 0.997307062 47.488414764
0.997233510 0.006031640 -0.074085221 -2.987432480 -0.006068772 0.999981225 -0.000276138 -0.556916416 0.074082151 0.000724981 0.997251391 48.452148438
0.997232676 0.004588893 -0.074199632 -3.060929537 -0.004361060 0.999984920 0.003232216 -0.571380615 0.074213326 -0.002899682 0.997237682 49.431598663
0.997223139 0.002696489 -0.074420623 -3.132323503 -0.002217761 0.999975979 0.006514573 -0.585250854 0.074436381 -0.006331434 0.997205138 50.406829834
0.997183025 0.000630561 -0.075001478 -3.201148987 -0.000085708 0.999973238 0.007267537 -0.596900105 0.075004034 -0.007240636 0.997156382 51.366470337
0.997156620 -0.002175334 -0.075323112 -3.271549463 0.002643525 0.999977469 0.006116593 -0.609183609 0.075308084 -0.006298319 0.997139871 52.315662384
0.997127056 -0.004348506 -0.075619034 -3.342031002 0.004719969 0.999977350 0.004734253 -0.619601190 0.075596705 -0.005077571 0.997124970 53.253894806
0.997037709 -0.005942373 -0.076681964 -3.415126801 0.006414433 0.999961615 0.005911236 -0.628815651 0.076643877 -0.006385596 0.997037530 54.197547913
0.996941328 -0.008844333 -0.077648818 -3.488989830 0.009651759 0.999902844 0.010029294 -0.636536896 0.077552550 -0.010748064 0.996929765 55.140727997
0.996871710 -0.009685281 -0.078438118 -3.558409929 0.010908174 0.999825001 0.015177100 -0.643950939 0.078277387 -0.015985237 0.996802866 56.078205109
0.996840000 -0.007807944 -0.079047538 -3.635867596 0.009216188 0.999804735 0.017466031 -0.649451077 0.078895710 -0.018139355 0.996717215 57.020153046
0.996739209 -0.006542038 -0.080421112 -3.715279341 0.007646010 0.999880433 0.013427114 -0.651130140 0.080323629 -0.013998234 0.996669948 57.945487976
0.996635199 -0.004779612 -0.081821583 -3.793454647 0.005268845 0.999969363 0.005764405 -0.659422994 0.081791490 -0.006176117 0.996629775 58.857460022
0.996569753 -0.003302206 -0.082686916 -3.874111414 0.003390665 0.999993682 0.000929431 -0.664209306 0.082683288 -0.001206609 0.996574640 59.767303467
0.996487796 0.001425967 -0.083721422 -3.959458113 -0.001274118 0.999997258 0.001867178 -0.675722837 0.083723828 -0.001753951 0.996486962 60.669017792
0.996385753 0.004039577 -0.084843211 -4.046265125 -0.003698224 0.999984264 0.004180163 -0.686704874 0.084858745 -0.003851288 0.996385038 61.539276123
0.996298432 0.006674992 -0.085698105 -4.129302502 -0.006202457 0.999963880 0.005779073 -0.701394379 0.085733570 -0.005226145 0.996303856 62.430809021
0.996192217 0.007600237 -0.086847775 -4.205371380 -0.007145789 0.999958932 0.005542439 -0.712762892 0.086886317 -0.004900742 0.996205628 63.288074493
0.996027887 0.009086013 -0.088573180 -4.284049511 -0.008557611 0.999943078 0.006343670 -0.722265959 0.088625774 -0.005560501 0.996048868 64.144409180
0.995899558 0.009894955 -0.089919575 -4.363759518 -0.009298029 0.999931693 0.007054968 -0.734265685 0.089983240 -0.006189968 0.995923400 64.979598999
0.995777667 0.009975352 -0.091250829 -4.442110538 -0.009332313 0.999928355 0.007470979 -0.740814328 0.091318816 -0.006587856 0.995799303 65.799758911
0.995661259 0.009780389 -0.092533447 -4.518385887 -0.009025062 0.999922276 0.008577750 -0.748727262 0.092610151 -0.007705415 0.995672047 66.601676941
0.995504856 0.012553282 -0.093871467 -4.599975109 -0.011542482 0.999869287 0.011303200 -0.755350828 0.094001092 -0.010168884 0.995519519 67.387367249
0.995358765 0.014102785 -0.095191464 -4.680301189 -0.012695407 0.999801040 0.015374248 -0.760222852 0.095389351 -0.014094399 0.995339632 68.166923523
0.995145142 0.017230503 -0.096894272 -4.760909557 -0.015643846 0.999731064 0.017111139 -0.765177429 0.097163059 -0.015512271 0.995146930 68.931625366
0.994974077 0.019947739 -0.098121241 -4.842741489 -0.018746050 0.999737680 0.013153790 -0.773241222 0.098357894 -0.011248299 0.995086908 69.673645020
0.994846165 0.020185804 -0.099361449 -4.921954155 -0.019701356 0.999788642 0.005854522 -0.780542493 0.099458635 -0.003866799 0.995033562 70.400825500
0.994696856 0.019343853 -0.101010226 -4.990863800 -0.019433893 0.999810994 0.000092654 -0.786418200 0.100992925 0.001870854 0.994884789 71.099067688
0.994645178 0.020325687 -0.101325452 -5.068207741 -0.020545034 0.999788165 -0.001121573 -0.792935967 0.101281196 0.003197297 0.994852126 71.792579651
0.994500518 0.023176264 -0.102130152 -5.143842697 -0.023044353 0.999731243 0.002471432 -0.807898462 0.102159992 -0.000104322 0.994767427 72.455596924
0.994357765 0.023478093 -0.103442572 -5.215705872 -0.023105212 0.999721408 0.004801665 -0.822741091 0.103526495 -0.002384516 0.994623303 73.108032227
0.994331002 0.020307418 -0.104366310 -5.284127712 -0.020258194 0.999793470 0.001531774 -0.833054960 0.104375876 0.000591178 0.994537234 73.746185303
0.994465351 0.012251069 -0.104343213 -5.340006828 -0.012687368 0.999913156 -0.003518677 -0.845372379 0.104291067 0.004823039 0.994534612 74.358207703
0.994604588 0.008300226 -0.103401154 -5.396131992 -0.009207589 0.999922991 -0.008300976 -0.857108772 0.103324309 0.009208261 0.994604588 74.950653076
0.994902313 0.010835968 -0.100254312 -5.459362984 -0.011751971 0.999894202 -0.008550749 -0.867916048 0.100151062 0.009685342 0.994924605 75.528808594
0.995242536 0.015982267 -0.096103407 -5.523054123 -0.016597476 0.999846339 -0.005605552 -0.880202055 0.095999062 0.007173955 0.995355070 76.093704224
0.995698988 0.014606925 -0.091482766 -5.570482731 -0.014897870 0.999885678 -0.002498277 -0.892126739 0.091435827 0.003850427 0.995802999 76.649848938
0.996256649 0.011010464 -0.085734129 -5.606992245 -0.010907457 0.999938905 0.001669741 -0.903501868 0.085747287 -0.000728353 0.996316135 77.193412781
0.996962607 0.006752203 -0.077581778 -5.636467457 -0.006376019 0.999966502 0.005095452 -0.917887330 0.077613607 -0.004585317 0.996972382 77.719345093
0.997704744 0.010436551 -0.066897668 -5.671429157 -0.010132304 0.999936581 0.004885523 -0.926195085 0.066944428 -0.004196487 0.997747302 78.231834412
0.998533607 0.015655316 -0.051813632 -5.700323582 -0.015447687 0.999870777 0.004405230 -0.934077203 0.051875912 -0.003598374 0.998646498 78.732070923
0.999207616 0.020946633 -0.033830643 -5.715957165 -0.020796351 0.999772072 0.004787971 -0.939251482 0.033923231 -0.004080628 0.999415576 79.220191956
0.999738753 0.019513078 -0.011866139 -5.706107140 -0.019452587 0.999797046 0.005192029 -0.944831729 0.011965048 -0.004959850 0.999915600 79.695526123
0.999767184 0.016078575 0.014363840 -5.679204464 -0.016164174 0.999851882 0.005863295 -0.950579882 -0.014267438 -0.006094114 0.999879122 80.158035278
0.998934686 0.014919547 0.043659620 -5.634947777 -0.015249025 0.999857366 0.007223178 -0.958794594 -0.043545634 -0.007881253 0.999019861 80.610237122
0.996967614 0.014404059 0.076468162 -5.575641632 -0.015097068 0.999849677 0.008492332 -0.966390729 -0.076334357 -0.009621029 0.997035384 81.058578491
0.993362248 0.014596340 0.114094876 -5.502345085 -0.015689559 0.999838829 0.008689483 -0.969318092 -0.113949679 -0.010421906 0.993431389 81.505859375
0.987700462 0.014978387 0.155636922 -5.408460617 -0.016473982 0.999829352 0.008324020 -0.971932650 -0.155485734 -0.010785601 0.987778783 81.935722351
0.979568541 0.014656564 0.200574249 -5.291860580 -0.016601671 0.999829769 0.008018986 -0.978909791 -0.200422615 -0.011185017 0.979645252 82.356109619
0.968219042 0.016872145 0.249532893 -5.159856796 -0.018892387 0.999804974 0.005703090 -0.989027441 -0.249388039 -0.010236113 0.968349099 82.761627197
0.952942371 0.017624706 0.302637517 -5.003823757 -0.019325409 0.999809504 0.002625750 -0.999366760 -0.302533627 -0.008350784 0.953101695 83.151504517
0.933361351 0.018098699 0.358480513 -4.826171875 -0.019402212 0.999811471 0.000039014 -1.005130887 -0.358412296 -0.006991730 0.933536768 83.520935059
0.909292698 0.018764351 0.415732920 -4.626775265 -0.019671815 0.999804020 -0.002100479 -1.012416482 -0.415690929 -0.006268271 0.909483910 83.873634338
0.880286574 0.018741358 0.474071085 -4.415488243 -0.019244594 0.999807358 -0.003790551 -1.026487231 -0.474050879 -0.005786534 0.880477965 84.200172424
0.846873939 0.017149542 0.531516194 -4.177355289 -0.016523097 0.999845564 -0.005933806 -1.039900184 -0.531535983 -0.003757107 0.847026885 84.508071899
0.810194016 0.017098950 0.585911632 -3.915683270 -0.015446666 0.999849796 -0.007819589 -1.047847271 -0.585957468 -0.002714997 0.810336769 84.800010681
0.770751357 0.015811838 0.636939228 -3.637841940 -0.014490109 0.999868095 -0.007287170 -1.058741093 -0.636970580 -0.003612723 0.770879090 85.066184998
0.728429675 0.015285036 0.684949577 -3.348154068 -0.015733641 0.999860287 -0.005580052 -1.067389846 -0.684939325 -0.006712076 0.728568614 85.312919617
0.683319569 0.014410316 0.729976714 -3.043997288 -0.015146682 0.999869466 -0.005559650 -1.076466560 -0.729961693 -0.007257709 0.683448851 85.543632507
0.636858165 0.013500806 0.770862341 -2.726191998 -0.011847920 0.999899626 -0.007723832 -1.081321239 -0.770889342 -0.004214130 0.636954427 85.750907898
0.590336859 0.011203077 0.807078779 -2.399073601 -0.006001921 0.999936581 -0.009490048 -1.087174654 -0.807134032 0.000758303 0.590366900 85.930404663
0.543734491 0.013312723 0.839151263 -2.067192554 -0.007753279 0.999910831 -0.010839304 -1.097320080 -0.839220762 -0.000612470 0.543789506 86.101394653
0.496411353 0.016475834 0.867930651 -1.729461908 -0.011532638 0.999856412 -0.012384100 -1.105367303 -0.868010104 -0.003861921 0.496530384 86.263305664
0.450979471 0.018676825 0.892338514 -1.389396667 -0.012410269 0.999815166 -0.014654305 -1.116908908 -0.892447293 -0.004465368 0.451128215 86.400581360
0.408882380 0.016274517 0.912441611 -1.037670851 -0.004907185 0.999865294 -0.015634827 -1.124959826 -0.912573159 0.001915289 0.408907473 86.512123108
0.369225681 0.009268586 0.929293215 -0.671916246 0.010158177 0.999849856 -0.014008342 -1.127644777 -0.929283559 0.014612168 0.369076431 86.607208252
0.333990633 0.005804830 0.942558229 -0.308548182 0.014583828 0.999829054 -0.011325247 -1.133445024 -0.942462862 0.017528636 0.333849251 86.698020935
0.300810158 0.009936285 0.953631997 0.052361220 0.012289342 0.999821901 -0.014294065 -1.142122388 -0.953604162 0.016019313 0.300634831 86.794013977
0.269456565 0.017431255 0.962854505 0.414003730 0.001352090 0.999827921 -0.018479001 -1.160017252 -0.963010907 0.006281159 0.269387007 86.894905090
0.241160959 0.021651877 0.970243335 0.792418659 -0.003496624 0.999763548 -0.021441542 -1.182159185 -0.970478177 0.001778292 0.241180032 86.979087830
0.215581223 0.023318902 0.976207197 1.184185386 -0.002227712 0.999723494 -0.023388689 -1.200725913 -0.976482689 0.002867461 0.215573967 87.045623779
0.192277074 0.024733782 0.981028676 1.584221363 0.005268211 0.999641478 -0.026235599 -1.213588357 -0.981325865 0.010212779 0.192078248 87.098411560
0.172253117 0.031188980 0.984558642 1.992151260 0.012094556 0.999355853 -0.033773735 -1.215218067 -0.984977782 0.017725442 0.171765342 87.144683838
0.152439803 0.037945550 0.987583876 2.410745144 0.014043943 0.999078155 -0.040554971 -1.220354319 -0.988212228 0.020051777 0.151766777 87.196334839
0.134727567 0.038815595 0.990122020 2.845544815 0.011656196 0.999100804 -0.040753681 -1.236294270 -0.990813375 0.017031714 0.134154394 87.253379822
0.119225584 0.034383789 0.992271543 3.298840284 0.009483264 0.999314666 -0.035767309 -1.265113831 -0.992821157 0.013674362 0.118818238 87.304573059
0.104816914 0.031146256 0.994003594 3.766640425 0.009798725 0.999428093 -0.032349508 -1.288517356 -0.994442523 0.013130751 0.104452223 87.345069885
0.091635942 0.028698482 0.995378852 4.253456593 0.012218850 0.999476492 -0.029941522 -1.309511065 -0.995716870 0.014906109 0.091237761 87.379142761
0.080016404 0.027959557 0.996401191 4.750045776 0.015808498 0.999444783 -0.029314483 -1.328923702 -0.996667445 0.018097252 0.079530433 87.408264160
0.070003554 0.028612176 0.997136176 5.262212753 0.019030023 0.999367952 -0.030012224 -1.346576571 -0.997364461 0.021076491 0.069415271 87.431777954
0.062177692 0.029217115 0.997637212 5.784218311 0.021036245 0.999310553 -0.030577216 -1.365526915 -0.997842669 0.022887761 0.061520658 87.457717896
0.056678087 0.029618639 0.997952938 6.331784725 0.022720771 0.999262273 -0.030947926 -1.384890556 -0.998133302 0.024428330 0.055963770 87.481979370
0.051113926 0.030721467 0.998220086 6.893912315 0.024021795 0.999199271 -0.031981658 -1.403859973 -0.998403251 0.025613748 0.050335471 87.506568909
0.045134187 0.031468898 0.998485088 7.471989155 0.024536422 0.999166727 -0.032599512 -1.424631119 -0.998678863 0.025970604 0.044324908 87.533073425
0.040787186 0.031449873 0.998672664 8.067645073 0.027087446 0.999101758 -0.032569699 -1.449562311 -0.998799920 0.028379919 0.039899118 87.553215027
0.037969951 0.031471178 0.998783052 8.684169769 0.028556935 0.999060988 -0.032565583 -1.471722484 -0.998870015 0.029758697 0.037036039 87.572547913
0.034946512 0.031049699 0.998906612 9.322829247 0.029482873 0.999049604 -0.032085620 -1.496371865 -0.998953462 0.030571917 0.033998329 87.592979431
0.032643132 0.030449107 0.999002993 9.979741096 0.031713657 0.999000430 -0.031485315 -1.520492196 -0.998963058 0.032709822 0.031645309 87.610549927
0.032005377 0.030104794 0.999034107 10.646888733 0.035966080 0.998863697 -0.031251900 -1.544590473 -0.998839617 0.036931571 0.030886717 87.626617432
0.033047892 0.029803753 0.999009192 11.337036133 0.039133463 0.998749673 -0.031090591 -1.568832874 -0.998686612 0.040122170 0.031840701 87.643920898
0.035483845 0.029759990 0.998926938 12.044610023 0.040813461 0.998678982 -0.031202395 -1.593226910 -0.998535752 0.041876845 0.034222815 87.666229248
0.039412361 0.029692529 0.998781621 12.768900871 0.043231711 0.998571277 -0.031392232 -1.619453192 -0.998286605 0.044416282 0.038072851 87.692634583
0.043776840 0.029294532 0.998611629 13.503541946 0.043537546 0.998563945 -0.031201737 -1.646696448 -0.998091400 0.044843014 0.042439029 87.725463867
0.047808222 0.027614249 0.998474658 14.256533623 0.045091007 0.998538554 -0.029775048 -1.674065471 -0.997837424 0.046445720 0.046493664 87.760963440
0.051920123 0.026043396 0.998311460 15.004676819 0.044998273 0.998583019 -0.028390765 -1.702280879 -0.997636080 0.046396341 0.050675113 87.797195435
0.056094125 0.023977414 0.998137355 15.778260231 0.041869801 0.998775065 -0.026345782 -1.728905439 -0.997546375 0.043269649 0.055021953 87.846694946
0.060182869 0.022904845 0.997924328 16.568748474 0.041242626 0.998825312 -0.025412804 -1.754371285 -0.997334182 0.042686425 0.059167989 87.898193359
0.064300090 0.023904281 0.997644007 17.355388641 0.038566481 0.998906076 -0.026420223 -1.783796549 -0.997184336 0.040174436 0.063308321 87.954994202
0.067376427 0.027851390 0.997338533 18.126132965 0.036197960 0.998883367 -0.030339945 -1.819358230 -0.997069955 0.038145818 0.066293508 88.008956909
0.068708897 0.033377267 0.997078001 18.906517029 0.030353304 0.998907030 -0.035530161 -1.848280907 -0.997174025 0.032705851 0.067621171 88.070861816
0.068662666 0.036479350 0.996972501 19.705167770 0.027728220 0.998874843 -0.038458645 -1.885100603 -0.997253656 0.030284949 0.067574397 88.127136230
0.068860315 0.036068503 0.996973813 20.506528854 0.025611868 0.998952389 -0.037909087 -1.922344446 -0.997296631 0.028144795 0.067864887 88.187698364
0.069042116 0.034515765 0.997016191 21.318414688 0.023109097 0.999077260 -0.036187399 -1.960474253 -0.997345150 0.025538601 0.068181276 88.246658325
0.068828009 0.033321731 0.997071624 22.138727188 0.024080040 0.999094844 -0.035051599 -1.999055028 -0.997336984 0.026422055 0.067963809 88.308761597
0.069282733 0.032831967 0.997056365 22.945861816 0.021595476 0.999174178 -0.034402318 -2.037588596 -0.997362375 0.023915391 0.068516992 88.368911743
0.069469109 0.033238530 0.997029960 23.753795624 0.019978378 0.999197423 -0.034702804 -2.077214003 -0.997383118 0.022329811 0.068749793 88.429069519
0.069583140 0.033860181 0.997001052 24.563016891 0.016963553 0.999238610 -0.035120100 -2.119169950 -0.997431040 0.019356444 0.068956256 88.489952087
0.068481781 0.035297573 0.997027457 25.371801376 0.014349877 0.999235213 -0.036361367 -2.157804489 -0.997548223 0.016797310 0.067923374 88.551155090
0.065531865 0.034973089 0.997237086 26.184776306 0.011412937 0.999293506 -0.035795186 -2.197870970 -0.997784197 0.013727128 0.065086901 88.614402771
0.061507940 0.033854306 0.997531891 26.989532471 0.009078683 0.999363780 -0.034476262 -2.235296726 -0.998064339 0.011176839 0.061161928 88.672363281
0.056569550 0.031510137 0.997900963 27.801139832 0.007293374 0.999461591 -0.031972863 -2.271974802 -0.998371065 0.009086754 0.056309752 88.727493286
0.050400492 0.029397584 0.998296022 28.604406357 0.005343998 0.999543905 -0.029704126 -2.312387943 -0.998713851 0.006831991 0.050220881 88.769828796
0.043015212 0.029657898 0.998633862 29.408264160 0.005235899 0.999538362 -0.029910289 -2.348764420 -0.999059796 0.006515341 0.042840548 88.806350708
0.034409244 0.030660769 0.998937130 30.204544067 0.005075064 0.999510467 -0.030853180 -2.385404587 -0.999394119 0.006131303 0.034237273 88.833213806
0.024509015 0.031238409 0.999211133 31.007240295 0.006157593 0.999487400 -0.031398080 -2.417317390 -0.999679863 0.006922271 0.024304578 88.854393005
0.014185558 0.030290132 0.999440253 31.810836792 0.007785444 0.999506772 -0.030402653 -2.451928139 -0.999868274 0.008212363 0.013943220 88.868812561
0.003267794 0.029244591 0.999566793 32.610515594 0.007062100 0.999545991 -0.029267076 -2.486760616 -0.999968946 0.007154677 0.003060263 88.874938965
-0.007682291 0.028622378 0.999560595 33.387542725 0.008835505 0.999552488 -0.028554246 -2.518398285 -0.999930739 0.008612257 -0.007931266 88.863243103
-0.018676545 0.029022262 0.999404073 34.166736603 0.009300631 0.999539673 -0.028852399 -2.550920725 -0.999781609 0.008756224 -0.018937398 88.847045898
-0.029667275 0.029532732 0.999123335 34.949581146 0.009528673 0.999525666 -0.029261695 -2.588381290 -0.999513686 0.008652203 -0.029934134 88.821479797
-0.040141031 0.030621577 0.998724580 35.723770142 0.008706281 0.999502361 -0.030295506 -2.623530626 -0.999155343 0.007479081 -0.040387180 88.789688110
-0.050451338 0.031511553 0.998229206 36.490806580 0.009531568 0.999471068 -0.031069031 -2.661894083 -0.998680353 0.007947212 -0.050724529 88.750572205
-0.059967384 0.032208800 0.997680426 37.258522034 0.010457076 0.999443948 -0.031637199 -2.697195053 -0.998144865 0.008535617 -0.060270373 88.702743530
-0.069786415 0.033033077 0.997014761 38.012691498 0.011576951 0.999410331 -0.032302119 -2.723160028 -0.997494102 0.009288141 -0.070127212 88.652946472
-0.079115167 0.033435568 0.996304452 38.753585815 0.012461730 0.999391615 -0.032549605 -2.759127140 -0.996786892 0.009840509 -0.079483226 88.591888428
-0.087588072 0.032990877 0.995610178 39.480300903 0.013869611 0.999394178 -0.031896099 -2.792842150 -0.996059537 0.011015007 -0.087992102 88.522483826
-0.094861463 0.031910326 0.994978726 40.209938049 0.015622998 0.999409974 -0.030562945 -2.827289820 -0.995367169 0.012645305 -0.095303543 88.449920654
-0.100020111 0.030228555 0.994525909 40.929454803 0.018306641 0.999424398 -0.028536331 -2.862293482 -0.994816244 0.015352222 -0.100515440 88.373786926
-0.103725769 0.028649023 0.994193017 41.632637024 0.021496987 0.999415457 -0.026556693 -2.892682791 -0.994372845 0.018617541 -0.104280524 88.297271729
-0.106297106 0.027771935 0.993946254 42.345211029 0.023409314 0.999402046 -0.025420871 -2.918528795 -0.994058013 0.020565435 -0.106883176 88.217735291
-0.108184718 0.026908770 0.993766308 43.032787323 0.023326283 0.999426425 -0.024522647 -2.949514866 -0.993856311 0.020527897 -0.108749859 88.147224426
-0.108996131 0.027275471 0.993667603 43.690803528 0.023934076 0.999404967 -0.024807604 -2.980709553 -0.993753195 0.021078583 -0.109583609 88.078659058
-0.108246982 0.028224731 0.993722975 44.349708557 0.024474557 0.999368846 -0.025719052 -3.011148214 -0.993821919 0.021536922 -0.108868964 88.010437012
-0.105142675 0.029961292 0.994005442 44.976364136 0.025586648 0.999295890 -0.027414279 -3.038334608 -0.994127154 0.022550860 -0.105834767 87.943725586
-0.099977985 0.030495716 0.994521916 45.592742920 0.025744032 0.999274075 -0.028053418 -3.065590858 -0.994655728 0.022798285 -0.100690000 87.886215210
-0.092095554 0.031194078 0.995261192 46.195755005 0.025010280 0.999265552 -0.029005282 -3.093919992 -0.995435178 0.022220507 -0.092807591 87.839637756
-0.081101708 0.031121319 0.996219575 46.787307739 0.023644464 0.999290466 -0.029292366 -3.123490334 -0.996424496 0.021179423 -0.081779510 87.804077148
-0.067417257 0.031239176 0.997235417 47.343734741 0.022690220 0.999298453 -0.029769845 -3.156159163 -0.997465968 0.020620497 -0.068078287 87.776679993
-0.050357431 0.032509152 0.998201728 47.886848450 0.021598632 0.999271035 -0.031454362 -3.186157703 -0.998496830 0.019975837 -0.051022381 87.764167786
-0.029310666 0.035079438 0.998954296 48.417182922 0.019641330 0.999210477 -0.034512125 -3.214100361 -0.999376476 0.018609228 -0.029976033 87.765953064
-0.004907766 0.037949432 0.999267280 48.922504425 0.017241929 0.999133468 -0.037859667 -3.243127823 -0.999838352 0.017043501 -0.005557330 87.783203125
0.023139942 0.039603584 0.998947144 49.442508698 0.014984513 0.999088228 -0.039956279 -3.271871567 -0.999619007 0.015893335 0.022525916 87.818405151
0.056174662 0.038846139 0.997664630 49.955944061 0.012364798 0.999138296 -0.039599732 -3.302205086 -0.998343468 0.014560435 0.055646449 87.869194031
0.094106242 0.036110532 0.994906723 50.463088989 0.010967063 0.999242902 -0.037305262 -3.333069086 -0.995500803 0.014421873 0.093639500 87.938735962
0.135999888 0.032235645 0.990183949 50.962673187 0.008483402 0.999395132 -0.033700693 -3.361874342 -0.990671575 0.012983426 0.135644704 88.033393860
0.181738526 0.027806267 0.982953370 51.455200195 0.005454469 0.999555409 -0.029284392 -3.389790058 -0.983330786 0.010683592 0.181506604 88.146995544
0.229649127 0.024608852 0.972962081 51.935932159 0.000506986 0.999676287 -0.025404193 -3.414244413 -0.973272383 0.006327328 0.229562894 88.296211243
0.281038940 0.023079652 0.959418535 52.401966095 -0.003751290 0.999728739 -0.022950497 -3.438089848 -0.959688067 0.002850924 0.281049848 88.467552185
0.335292935 0.023064014 0.941831291 52.845977783 -0.005142525 0.999729395 -0.022651104 -3.453711748 -0.942098916 0.002751361 0.335321367 88.664619446
0.392689705 0.023450779 0.919371724 53.275367737 -0.004040615 0.999708414 -0.023774095 -3.475252867 -0.919661105 0.005621014 0.392670512 88.886299133
0.452441424 0.026644306 0.891395688 53.686134338 -0.003543342 0.999598622 -0.028080069 -3.495766640 -0.891785979 0.009546068 0.452354789 89.131095886
0.511950314 0.028318472 0.858547807 54.076084137 -0.001968968 0.999491692 -0.031793289 -3.528096199 -0.859011710 0.014586132 0.511746407 89.400543213
0.569836855 0.032083958 0.821130872 54.442848206 -0.005994980 0.999372423 -0.034888048 -3.547774076 -0.821734965 0.014957835 0.569672108 89.702995300
0.625573218 0.034432102 0.779404879 54.784858704 -0.009421423 0.999285400 -0.036583930 -3.567333221 -0.780107558 0.015542826 0.625451028 90.030273438
0.678548872 0.036019221 0.733671188 55.102775574 -0.011608164 0.999197304 -0.038319059 -3.576785326 -0.734462440 0.017484782 0.678422809 90.372665405
0.727279186 0.033921871 0.685502470 55.381809235 -0.012037808 0.999253869 -0.036676310 -3.595943451 -0.686235130 0.018421968 0.727145314 90.722785950
0.772403002 0.029620139 0.634441197 55.646434784 -0.013411929 0.999449074 -0.030332820 -3.617367983 -0.634990096 0.014920078 0.772375107 91.107337952
0.813669801 0.024141647 0.580825388 55.890254974 -0.013526058 0.999652207 -0.022601444 -3.632579088 -0.581169009 0.010533826 0.813713729 91.512969971
0.849809945 0.021689896 0.526642263 56.101249695 -0.015641082 0.999749780 -0.015935879 -3.643274307 -0.526856184 0.005305202 0.849937022 91.936393738
0.880718648 0.017998572 0.473297209 56.293785095 -0.015986411 0.999837041 -0.008274075 -3.654439449 -0.473369002 -0.000279206 0.880863369 92.378128052
0.905983448 0.018605124 0.422903657 56.445190430 -0.019376440 0.999808252 -0.002475296 -3.668583632 -0.422868609 -0.005951807 0.906170666 92.811195374
0.925936282 0.020316059 0.377132595 56.587493896 -0.022550397 0.999743640 0.001509786 -3.681271553 -0.377005190 -0.009902474 0.926157475 93.263107300
0.940996051 0.026286583 0.337394655 56.702838898 -0.029529044 0.999552965 0.004481075 -3.690867424 -0.337125927 -0.014179634 0.941352069 93.718627930
0.952715576 0.030738160 0.302304178 56.809509277 -0.033379491 0.999435425 0.003573767 -3.690681696 -0.302023560 -0.013495561 0.953204215 94.172805786
0.961874902 0.032684010 0.271528959 56.917091370 -0.035042256 0.999377549 0.003839786 -3.690792799 -0.271234334 -0.013208397 0.962422013 94.635704041
0.967990994 0.027166517 0.249509394 57.031280518 -0.029173108 0.999563932 0.004347103 -3.695467472 -0.249282390 -0.011486936 0.968362033 95.106948853
0.971970558 0.024481120 0.233823463 57.143360138 -0.026420478 0.999636650 0.005165054 -3.703090191 -0.233611941 -0.011198023 0.972264826 95.583007812
0.974809706 0.028880533 0.221159309 57.237167358 -0.030720502 0.999515116 0.004883910 -3.705358028 -0.220910907 -0.011555022 0.975224912 96.075050354
0.976760387 0.034273744 0.211574912 57.325813293 -0.036218949 0.999328673 0.005324358 -3.702418566 -0.211250290 -0.012863655 0.977346718 96.573684692
0.977729440 0.042092960 0.205603510 57.413246155 -0.043853782 0.999028862 0.004012834 -3.702738047 -0.205234826 -0.012939969 0.978626549 97.088096619
0.978081942 0.047762759 0.202667281 57.508178711 -0.048848718 0.998805046 0.000357018 -3.705230474 -0.202407986 -0.010249238 0.979246974 97.610725403
0.978203535 0.049072806 0.201765627 57.613323212 -0.049673870 0.998762190 -0.002086184 -3.714951277 -0.201618195 -0.007981773 0.979430974 98.136894226
0.977770209 0.047710396 0.204178259 57.728706360 -0.047559738 0.998851359 -0.005647538 -3.722760439 -0.204213113 -0.004188674 0.978916824 98.666511536
0.977052152 0.046033502 0.207965791 57.847137451 -0.044463795 0.998935163 -0.012218587 -3.726148844 -0.208306745 0.002691248 0.978059113 99.211273193
0.976120591 0.046684340 0.212153241 57.965145111 -0.044090457 0.998882711 -0.016943363 -3.733350754 -0.212707147 0.007184832 0.977088869 99.762832642
0.974924386 0.051477015 0.216500148 58.084823608 -0.049075920 0.998658359 -0.016455635 -3.745939970 -0.217056736 0.005418057 0.976143241 100.337928772
0.973490477 0.054373045 0.222170383 58.211257935 -0.052909877 0.998519421 -0.012536749 -3.757088184 -0.222523093 0.000449395 0.974926591 100.928230286
0.972593844 0.051263690 0.226788566 58.354171753 -0.050781716 0.998676777 -0.007962877 -3.768546343 -0.226896703 -0.003772075 0.973910809 101.530288696
0.971924424 0.046749547 0.230602011 58.503925323 -0.047471065 0.998868406 -0.002421384 -3.778902054 -0.230454311 -0.008593533 0.973044455 102.137687683
0.971152604 0.044122912 0.234340936 58.652790070 -0.045896180 0.998942673 0.002116213 -3.786739826 -0.233999848 -0.012810534 0.972151458 102.759109497
0.970632851 0.039476898 0.237304091 58.807910919 -0.041299865 0.999141753 0.002713681 -3.792419910 -0.236993372 -0.012434630 0.971430898 103.388191223
0.970730424 0.036063142 0.237448424 58.972499847 -0.037036221 0.999312460 -0.000362999 -3.799273491 -0.237298355 -0.008441830 0.971399307 104.029304504
0.970847845 0.035391770 0.237068832 59.132228851 -0.034634527 0.999371529 -0.007359471 -3.808969975 -0.237180397 -0.001065847 0.971464217 104.679916382
0.970968068 0.037720185 0.236215904 59.287647247 -0.035412092 0.999273181 -0.014007490 -3.817322016 -0.236572683 0.005235926 0.971598864 105.335990906
0.971487761 0.040580574 0.233590722 59.438026428 -0.037471067 0.999138892 -0.017736075 -3.826801777 -0.234109402 0.008477489 0.972172499 106.004478455
0.972127855 0.038925987 0.231197238 59.602451324 -0.036802910 0.999230087 -0.013490300 -3.836817741 -0.231544465 0.004605563 0.972812653 106.698486328
0.972563624 0.034912247 0.230002359 59.764827728 -0.034464810 0.999386668 -0.005963637 -3.850256443 -0.230069607 -0.002126979 0.973171055 107.399116516
0.973149002 0.035133835 0.227478430 59.927337646 -0.036076300 0.999347568 -0.000014653 -3.865855932 -0.227330640 -0.008192333 0.973782361 108.112205505
0.973425210 0.038480639 0.225748420 60.085494995 -0.039356086 0.999223590 -0.000622780 -3.876672268 -0.225597233 -0.008278357 0.974184692 108.836784363
0.973665833 0.044347726 0.223624244 60.236434937 -0.044297241 0.999003112 -0.005244703 -3.884185076 -0.223634034 -0.004799359 0.974660575 109.566314697
0.974504650 0.045287244 0.219748646 60.394336700 -0.044053547 0.998972297 -0.010513621 -3.892711639 -0.219999075 0.000564861 0.975499094 110.306945801
0.975439548 0.044031698 0.215820715 60.557014465 -0.042147812 0.999020994 -0.013325817 -3.901160955 -0.216196314 0.003902157 0.976341307 111.056449890
0.976347923 0.041976377 0.212090597 60.717258453 -0.040392455 0.999112725 -0.011797208 -3.915016413 -0.212397739 0.002951317 0.977178037 111.823883057
0.977216125 0.038333196 0.208755791 60.881954193 -0.037111014 0.999261856 -0.009769589 -3.929589272 -0.208976313 0.001799855 0.977918267 112.604644775
0.977628052 0.037211124 0.207022980 61.046264648 -0.036550652 0.999305606 -0.007015561 -3.946529627 -0.207140386 -0.000708223 0.978310227 113.394378662
0.978014290 0.033946268 0.205756038 61.215988159 -0.033704672 0.999419332 -0.004680062 -3.958966494 -0.205795541 -0.002357781 0.978591383 114.178848267
0.978240490 0.028844278 0.205458820 61.385665894 -0.028754694 0.999579072 -0.003422452 -3.969341278 -0.205471188 -0.002559935 0.978659034 114.979309082
0.978351831 0.029814895 0.204788759 61.545303345 -0.030068794 0.999544501 -0.001872648 -3.980905533 -0.204751447 -0.004325653 0.978803694 115.772026062
0.978055835 0.035391435 0.205313995 61.697715759 -0.035356093 0.999365807 -0.003841913 -3.993625402 -0.205319911 -0.003501506 0.978687942 116.578735352
0.977724552 0.041220915 0.205803409 61.858848572 -0.040625617 0.999147415 -0.007119183 -4.008468151 -0.205921561 -0.001400298 0.978566825 117.391410828
0.977115273 0.050127450 0.206718549 62.016288757 -0.049384996 0.998739898 -0.008753384 -4.021243095 -0.206896976 -0.001655738 0.978360653 118.217170715
0.976154029 0.055952720 0.209743038 62.174434662 -0.055493593 0.998424768 -0.008078071 -4.036078930 -0.209864751 -0.003753963 0.977722526 119.041931152
0.975338459 0.058800202 0.212736905 62.338840485 -0.058855075 0.998246431 -0.006080311 -4.054533005 -0.212721497 -0.006590298 0.977089942 119.873870850
0.974743724 0.059402354 0.215280235 62.521083832 -0.059331562 0.998213589 -0.006796741 -4.073638439 -0.215299517 -0.006147844 0.976527989 120.712677002
0.974445105 0.057892028 0.217036441 62.704051971 -0.057196669 0.998316169 -0.009489524 -4.090617180 -0.217220500 -0.003166750 0.976116717 121.531326294
0.974455357 0.051960133 0.218487158 62.895210266 -0.051407933 0.998642266 -0.008215107 -4.108529568 -0.218617529 -0.003226728 0.975804627 122.367279053
0.974772751 0.045307685 0.218552053 63.090934753 -0.044281155 0.998971343 -0.009595241 -4.130352497 -0.218762159 -0.000324564 0.975777447 123.186088562
0.974525392 0.044679232 0.219781041 63.276508331 -0.043621745 0.998999655 -0.009664574 -4.152552605 -0.219993174 -0.000168866 0.975500703 124.017204285
0.973938942 0.047415908 0.221797973 63.459491730 -0.047102977 0.998865783 -0.006703187 -4.169103146 -0.221864432 -0.003918862 0.975068986 124.868904114
0.973494172 0.049536593 0.223282069 63.634590149 -0.050565284 0.998718381 -0.001111361 -4.182087898 -0.223051146 -0.010208436 0.974752605 125.702301025
0.973119438 0.052930832 0.224135295 63.811115265 -0.055040691 0.998477340 0.003171645 -4.198123932 -0.223626316 -0.015422976 0.974552274 126.515289307
0.972905934 0.052361809 0.225193202 63.996467590 -0.052983951 0.998588264 -0.003284003 -4.213221073 -0.225047439 -0.008736616 0.974308014 127.344543457
0.973211467 0.048374631 0.224764302 64.184692383 -0.045612581 0.998804748 -0.017467944 -4.233604431 -0.225340858 0.006747927 0.974255979 128.150299072
