1.000000000 0.000000000 0.000000000 0.000000000 0.000000000 1.000000000 0.000000000 0.000000000 0.000000000 0.000000000 1.000000000 0.000000000
0.999990940 -0.002573845 -0.003396330 -0.000454994 0.002566691 0.999994457 -0.002108972 -0.005368299 0.003401740 0.002100236 0.999992013 0.670487463
0.999971032 -0.001321057 -0.007505846 -0.009677933 0.001294112 0.999992669 -0.003593650 -0.011373885 0.007510538 0.003583832 0.999965370 1.352700233
0.999934375 -0.001320530 -0.011384657 -0.025238428 0.001263242 0.999986470 -0.005037744 -0.016103566 0.011391154 0.005023031 0.999922454 2.058510065
0.999868631 0.000233648 -0.016210573 -0.044337511 -0.000325540 0.999983847 -0.005666289 -0.022276007 0.016208986 0.005670821 0.999852479 2.785764217
0.999782979 -0.000698558 -0.020823250 -0.056908306 0.000572936 0.999981582 -0.006038138 -0.027227452 0.020827083 0.006024896 0.999764860 3.523427010
0.999675393 0.001233853 -0.025450343 -0.078877360 -0.001416791 0.999973297 -0.007171264 -0.039723366 0.025440812 0.007204993 0.999650300 4.279045105
0.999532700 0.003885999 -0.030321863 -0.109321207 -0.004120735 0.999962032 -0.007682859 -0.050249405 0.030290851 0.007804216 0.999510586 5.037806511
0.999388516 0.004121996 -0.034723818 -0.139382377 -0.004335898 0.999972105 -0.006087048 -0.059449106 0.034697756 0.006233884 0.999378324 5.814833164
0.999225914 0.003569163 -0.039177809 -0.174856350 -0.003705306 0.999987364 -0.003402942 -0.069175042 0.039165165 0.003545473 0.999226391 6.602396011
0.999085009 0.003142039 -0.042653624 -0.212165445 -0.003176118 0.999994695 -0.000731230 -0.081330419 0.042651102 0.000866034 0.999089599 7.415931225
0.998966932 0.004812426 -0.045188922 -0.258055687 -0.004872613 0.999987423 -0.001221854 -0.094689876 0.045182474 0.001440780 0.998977661 8.227755547
0.998862326 0.004316013 -0.047492743 -0.298326075 -0.004385593 0.999989510 -0.001360987 -0.104234956 0.047486369 0.001567723 0.998870611 9.050281525
0.998783112 0.001288093 -0.049303018 -0.335856855 -0.001382294 0.999997318 -0.001876629 -0.111579604 0.049300469 0.001942497 0.998782039 9.886582375
0.998665333 0.001308286 -0.051633298 -0.376224548 -0.001362332 0.999998629 -0.001011556 -0.121328130 0.051631901 0.001080548 0.998665512 10.725067139
0.998582482 -0.000073395 -0.053227514 -0.419502944 0.000008382 0.999999285 -0.001221652 -0.132353708 0.053227562 0.001219474 0.998581588 11.570635796
0.998480797 0.002378219 -0.055050358 -0.470857501 -0.002573233 0.999990702 -0.003471865 -0.146289706 0.055041585 0.003608248 0.998477459 12.425450325
0.998394430 0.002960447 -0.056567725 -0.521251500 -0.003312833 0.999975681 -0.006136703 -0.154860690 0.056548182 0.006314250 0.998379827 13.283218384
0.998272479 0.007134409 -0.058320235 -0.580574572 -0.007605444 0.999940157 -0.007858728 -0.165050969 0.058260683 0.008288702 0.998266876 14.157716751
0.998203337 0.008136275 -0.059363678 -0.635645747 -0.008604756 0.999933779 -0.007640331 -0.177495599 0.059297588 0.008137412 0.998207033 15.045324326
0.998133123 0.007535558 -0.060610611 -0.690264404 -0.007926315 0.999949276 -0.006209135 -0.191937342 0.060560748 0.006677960 0.998142064 15.909636497
0.998034060 0.008469172 -0.062100433 -0.749201417 -0.008783210 0.999949932 -0.004785679 -0.203708291 0.062056798 0.005321710 0.998058319 16.799715042
0.997984648 0.008222190 -0.062922135 -0.810434580 -0.008544549 0.999951661 -0.004855731 -0.209929988 0.062879175 0.005383584 0.998006523 17.696868896
0.997866154 0.008110656 -0.064789012 -0.868365347 -0.008506244 0.999946773 -0.005832219 -0.223136574 0.064738259 0.006370882 0.997881830 18.598449707
0.997810364 0.006635306 -0.065807573 -0.932592213 -0.007092865 0.999952197 -0.006721733 -0.235537678 0.065759830 0.007173776 0.997809589 19.502174377
0.997761965 0.006661715 -0.066533744 -0.989703774 -0.007014108 0.999962509 -0.005064212 -0.246288940 0.066497512 0.005519550 0.997771263 20.429016113
0.997748017 0.007994257 -0.066596158 -1.053230762 -0.008120461 0.999965668 -0.001624544 -0.261673093 0.066580884 0.002161674 0.997778654 21.338088989
0.997791588 0.008970576 -0.065814622 -1.117121935 -0.008849730 0.999958515 0.002127511 -0.274422348 0.065830976 -0.001540373 0.997829556 22.266180038
0.997901917 0.007932532 -0.064256497 -1.179578543 -0.007619242 0.999957800 0.005119222 -0.285726607 0.064294398 -0.004618898 0.997920215 23.200901031
0.997993350 0.008218936 -0.062783100 -1.241994262 -0.007867030 0.999951839 0.005850297 -0.293985575 0.062828161 -0.005344643 0.998009980 24.143264771
0.998082399 0.008551976 -0.061306074 -1.302869439 -0.008370643 0.999959707 0.003214076 -0.306778789 0.061331093 -0.002694744 0.998113751 25.075231552
0.998129606 0.009775674 -0.060346887 -1.365717888 -0.009898663 0.999949396 -0.001739375 -0.316726267 0.060326837 0.002333473 0.998175800 26.001173019
0.998206913 0.009077753 -0.059165504 -1.423767805 -0.009367717 0.999945283 -0.004625353 -0.331521958 0.059120290 0.005171303 0.998237312 26.940675735
0.998271644 0.006567873 -0.058399528 -1.478810430 -0.006782736 0.999970794 -0.003481715 -0.344457209 0.058374967 0.003871804 0.998287082 27.889945984
0.998269856 0.004924263 -0.058591384 -1.539754868 -0.004838215 0.999986827 0.001610390 -0.360910714 0.058598559 -0.001324128 0.998280585 28.868782043
0.998233676 0.001075404 -0.059398424 -1.597096324 -0.000777602 0.999986827 0.005036542 -0.372223109 0.059403073 -0.004981460 0.998221457 29.837085724
0.998152316 -0.006178782 -0.060445037 -1.649364352 0.006464876 0.999968588 0.004538747 -0.383956820 0.060415104 -0.004921132 0.998161018 30.781942368
0.998049200 -0.008225648 -0.061886027 -1.708141446 0.008283778 0.999965250 0.000682833 -0.391903937 0.061878268 -0.001194153 0.998082817 31.752630234
0.997972965 -0.007958074 -0.063137792 -1.776402950 0.007767338 0.999964297 -0.003265793 -0.403828055 0.063161537 0.002768760 0.997999310 32.724914551
0.997839630 -0.006656783 -0.065355621 -1.842342138 0.006423236 0.999971986 -0.003782918 -0.416746378 0.065378979 0.003354951 0.997854650 33.698925018
0.997793972 -0.006768959 -0.066037700 -1.906975508 0.006637846 0.999975324 -0.002204597 -0.434467554 0.066051006 0.001761386 0.997814476 34.679851532
0.997714937 -0.003914144 -0.067447729 -1.980066061 0.003974311 0.999991655 0.000757937 -0.450853020 0.067444213 -0.001024264 0.997722328 35.667877197
0.997651160 -0.003983142 -0.068380818 -2.052085876 0.004137129 0.999989033 0.002110489 -0.465272576 0.068371676 -0.002388432 0.997656822 36.652477264
0.997584283 -0.002816864 -0.069406763 -2.124691248 0.003152420 0.999983668 0.004725610 -0.473498493 0.069392331 -0.004932994 0.997577012 37.630535126
0.997605562 -0.002896159 -0.069096789 -2.197978497 0.003442618 0.999963582 0.007790878 -0.483181417 0.069071710 -0.008010099 0.997579277 38.621181488
0.997557938 0.002520073 -0.069796994 -2.278539419 -0.001813586 0.999946356 0.010183595 -0.487281352 0.069818921 -0.010032144 0.997509003 39.603687286
0.997565389 0.002636976 -0.069686584 -2.359686613 -0.001979727 0.999952793 0.009498926 -0.492962718 0.069708355 -0.009337840 0.997523487 40.594848633
0.997578859 0.002613125 -0.069495171 -2.434272766 -0.002076105 0.999967337 0.007798593 -0.494253367 0.069513284 -0.007635434 0.997551560 41.585620880
0.997565687 0.005007300 -0.069552593 -2.511442661 -0.004609519 0.999971986 0.005878500 -0.510066688 0.069580086 -0.005543588 0.997560740 42.571758270
0.997512817 0.004857959 -0.070317879 -2.585505009 -0.004455182 0.999972701 0.005883695 -0.515820444 0.070344545 -0.005555784 0.997507036 43.555587769
0.997417212 0.002785892 -0.071771249 -2.652153730 -0.002267571 0.999970675 0.007302358 -0.524560332 0.071789496 -0.007120753 0.997394145 44.532115936
0.997360170 0.003470439 -0.072529674 -2.727516651 -0.002879413 0.999961674 0.008251767 -0.531488121 0.072555535 -0.008021141 0.997331917 45.521648407
0.997335970 0.005946903 -0.072701469 -2.804220915 -0.005622911 0.999973178 0.004660381 -0.541770399 0.072727241 -0.004239172 0.997342646 46.486976624
0.997267723 0.006623012 -0.073574021 -2.883728027 -0.006598956 0.999977887 0.000570086 -0.551249862 0.073576175 -0.000083018 0.997289360 47.448478699
0.997205317 0.007551820 -0.074326918 -2.958843708 -0.007620873 0.999970615 -0.000645440 -0.564646244 0.074319862 0.001210071 0.997233510 48.411735535
0.997207403 0.006324509 -0.074413240 -3.032833815 -0.006127751 0.999976993 0.002872170 -0.580355048 0.074429706 -0.002408164 0.997223139 49.384857178
0.997212350 0.004611122 -0.074472919 -3.107463121 -0.004179136 0.999973357 0.005955409 -0.590243399 0.074498415 -0.005627576 0.997205019 50.358940125
0.997174621 0.002613116 -0.075072080 -3.174877167 -0.002115664 0.999975085 0.006705121 -0.603317201 0.075087756 -0.006527350 0.997155309 51.316978455
0.997156680 -0.000224367 -0.075355485 -3.247226000 0.000642843 0.999984324 0.005529189 -0.615609586 0.075353093 -0.005561909 0.997141182 52.272163391
0.997130573 -0.002790445 -0.075648881 -3.321005583 0.003119307 0.999985933 0.004229463 -0.625553071 0.075636059 -0.004453300 0.997125328 53.223651886
0.997037053 -0.004500782 -0.076790497 -3.393596172 0.004933274 0.999972701 0.005443390 -0.635159731 0.076763958 -0.005806090 0.997032166 54.169849396
0.996936500 -0.007500324 -0.077853784 -3.466586113 0.008270834 0.999919593 0.009579204 -0.643198431 0.077775732 -0.010193776 0.996918499 55.115268707
0.996873260 -0.008249085 -0.078584090 -3.537205935 0.009433622 0.999846935 0.014714243 -0.650775611 0.078450739 -0.015409572 0.996798635 56.054283142
0.996835709 -0.006484843 -0.079223491 -3.614144087 0.007856026 0.999824107 0.017008414 -0.656868041 0.079099327 -0.017576981 0.996711493 56.994564056
0.996732354 -0.005194820 -0.080606379 -3.693731785 0.006259844 0.999895990 0.012965632 -0.659056365 0.080530703 -0.013427852 0.996661425 57.919200897
0.996613443 -0.003785071 -0.082139902 -3.771115065 0.004237357 0.999976397 0.005332700 -0.665146112 0.082117841 -0.005662698 0.996606350 58.835842133
0.996546209 -0.002202415 -0.083008528 -3.852129698 0.002254271 0.999996901 0.000531022 -0.671990037 0.083007164 -0.000716313 0.996548533 59.745918274
0.996460736 0.002608069 -0.084016316 -3.937477350 -0.002494616 0.999995470 0.001455343 -0.684188187 0.084019795 -0.001240605 0.996463120 60.646892548
0.996343374 0.005260158 -0.085274555 -4.021564960 -0.004947069 0.999979854 0.003882451 -0.698547244 0.085293330 -0.003446397 0.996349692 61.524295807
0.996252060 0.007870129 -0.086136304 -4.105280876 -0.007425113 0.999957025 0.005485590 -0.713241577 0.086175844 -0.004825460 0.996268034 62.422897339
0.996148109 0.008774475 -0.087243944 -4.183221817 -0.008350045 0.999951124 0.005228616 -0.723976254 0.087285630 -0.004479988 0.996173024 63.283760071
0.995981455 0.010259206 -0.088968210 -4.262476444 -0.009762232 0.999933898 0.006019327 -0.733286262 0.089024156 -0.005126612 0.996016085 64.141906738
0.995849311 0.011038926 -0.090342805 -4.342450142 -0.010474276 0.999922276 0.006721826 -0.745150030 0.090410046 -0.005747653 0.995887876 64.978660583
0.995724440 0.011106715 -0.091700286 -4.420598030 -0.010495552 0.999919176 0.007144352 -0.752434909 0.091772281 -0.006151365 0.995760858 65.796661377
0.995606720 0.010908012 -0.092992857 -4.497341633 -0.010183841 0.999913812 0.008258383 -0.760505438 0.093074977 -0.007275081 0.995632350 66.598312378
0.995443404 0.013740291 -0.094355553 -4.578352451 -0.012756513 0.999857724 0.011021580 -0.768495679 0.094493620 -0.009767717 0.995477319 67.386802673
0.995297790 0.015408067 -0.095625319 -4.660040379 -0.014021233 0.999786615 0.015157840 -0.775980532 0.095838524 -0.013745787 0.995301783 68.168739319
0.995082080 0.018584402 -0.097290754 -4.739971638 -0.017018130 0.999712050 0.016904084 -0.781413972 0.097576953 -0.015165252 0.995112240 68.931915283
0.994900286 0.021284945 -0.098587491 -4.821886063 -0.020106601 0.999713957 0.012930537 -0.789378285 0.098834574 -0.010882343 0.995044172 69.674468994
0.994770408 0.021526076 -0.099837333 -4.901440144 -0.021068193 0.999761820 0.005638455 -0.796930492 0.099935003 -0.003505580 0.994987607 70.401420593
0.994626045 0.020718811 -0.101433426 -4.972106457 -0.020838086 0.999782503 -0.000116372 -0.802648664 0.101409040 0.002229425 0.994842112 71.097106934
0.994578540 0.021342736 -0.101768792 -5.053683758 -0.021591453 0.999765635 -0.001342946 -0.804944634 0.101716362 0.003533002 0.994806945 71.794097900
0.994439721 0.024088133 -0.102509521 -5.131917953 -0.023987420 0.999709487 0.002215224 -0.816403627 0.102533184 0.000256030 0.994729340 72.462379456
0.994301319 0.024410883 -0.103767626 -5.205281258 -0.024068000 0.999699593 0.004555321 -0.832214832 0.103847735 -0.002031886 0.994590938 73.113456726
0.994276285 0.021251235 -0.104697824 -5.273499489 -0.021232193 0.999773383 0.001296489 -0.843296766 0.104701743 0.000933896 0.994503081 73.748573303
0.994418144 0.013166192 -0.104679771 -5.329542160 -0.013642794 0.999899268 -0.003838269 -0.855308831 0.104618773 0.005244971 0.994498432 74.360992432
0.994560778 0.009203861 -0.103744388 -5.385284424 -0.010150444 0.999911189 -0.008600001 -0.867117584 0.103656113 0.009606282 0.994566619 74.953765869
0.994855881 0.011662422 -0.100620754 -5.448834419 -0.012614786 0.999881148 -0.008833877 -0.877634346 0.100505851 0.010057751 0.994885445 75.532783508
0.995193124 0.016850920 -0.096464992 -5.512664318 -0.017499870 0.999829292 -0.005885246 -0.890363991 0.096349418 0.007545087 0.995318830 76.096664429
0.995652258 0.015481661 -0.091846228 -5.560266972 -0.015804360 0.999870956 -0.002787246 -0.902394712 0.091791295 0.004226702 0.995769143 76.652893066
0.996215940 0.011887875 -0.086089268 -5.596949577 -0.011813359 0.999929011 0.001374864 -0.913928151 0.086099565 -0.000352658 0.996286333 77.196220398
0.996928513 0.007663067 -0.077933766 -5.627433300 -0.007310797 0.999961495 0.004804283 -0.927954435 0.077967644 -0.004219771 0.996946812 77.723350525
0.997669101 0.011367365 -0.067274898 -5.660804749 -0.011084733 0.999927878 0.004572785 -0.936231077 0.067322083 -0.003816405 0.997723818 78.238800049
0.998497427 0.016578848 -0.052218378 -5.689602852 -0.016387928 0.999857128 0.004082040 -0.944312632 0.052278634 -0.003220159 0.998627126 78.738616943
0.999174714 0.021842003 -0.034227118 -5.705382824 -0.021702081 0.999754369 0.004454047 -0.950005174 0.034316018 -0.003707576 0.999403954 79.224548340
0.999715865 0.020404901 -0.012270700 -5.696055412 -0.020347090 0.999781191 0.004817256 -0.954744518 0.012366317 -0.004566218 0.999912918 79.703887939
0.999758124 0.016967205 0.013951789 -5.669260025 -0.017044775 0.999839604 0.005460483 -0.960603356 -0.013856913 -0.005696972 0.999887586 80.166664124
0.998940408 0.015781799 0.043219022 -5.624917507 -0.016091192 0.999847114 0.006820453 -0.969612420 -0.043104798 -0.007508678 0.999042153 80.617088318
0.996983469 0.015368387 0.076070279 -5.566970825 -0.016021533 0.999839604 0.007983357 -0.976434052 -0.075935423 -0.009178043 0.997070312 81.068946838
0.993393004 0.015551861 0.113698438 -5.493822098 -0.016586740 0.999828935 0.008161635 -0.979518294 -0.113552116 -0.009993604 0.993481576 81.516998291
0.987734675 0.015958972 0.155320138 -5.401610374 -0.017373785 0.999818802 0.007755762 -0.982648730 -0.155168310 -0.010359140 0.987833500 81.945083618
0.979606569 0.015655348 0.200311691 -5.286090374 -0.017497722 0.999819100 0.007430326 -0.990044415 -0.200159252 -0.010783802 0.979703784 82.364173889
0.968251169 0.017760508 0.249345213 -5.154862881 -0.019652095 0.999793649 0.005098693 -1.000692129 -0.249203354 -0.009836978 0.968400955 82.770217896
0.952983677 0.018479107 0.302455664 -4.999088764 -0.020014506 0.999797523 0.001977631 -1.011393785 -0.302358061 -0.007938157 0.953161120 83.159469604
0.933410823 0.018960169 0.358306408 -4.822342873 -0.020038173 0.999798775 -0.000704679 -1.016668916 -0.358247906 -0.006522056 0.933603466 83.526962280
0.909452915 0.019590462 0.415343761 -4.622246265 -0.020276360 0.999790490 -0.002759040 -1.026017666 -0.415311038 -0.005912447 0.909660041 83.876152039
0.880503535 0.019652294 0.473630905 -4.409297466 -0.019746050 0.999793530 -0.004775361 -1.037266731 -0.473627210 -0.005147622 0.880710125 84.204147339
0.847074926 0.018465869 0.531151533 -4.169713974 -0.017054336 0.999825895 -0.007561573 -1.044692039 -0.531198919 -0.002653221 0.847242653 84.516242981
0.810361922 0.018500322 0.585636556 -3.907521725 -0.015847806 0.999827743 -0.009655588 -1.051132917 -0.585714638 -0.001456536 0.810515702 84.810844421
0.770879805 0.017241521 0.636746347 -3.629787445 -0.014801766 0.999848485 -0.009153591 -1.062575936 -0.636808097 -0.002368653 0.771018326 85.078681946
0.728596985 0.016704738 0.684738100 -3.340393543 -0.015892264 0.999845684 -0.007481831 -1.071895123 -0.684757769 -0.005430800 0.728750050 85.324920654
0.683423162 0.015787032 0.729850948 -3.036568165 -0.015290463 0.999856293 -0.007309569 -1.083457232 -0.729861856 -0.006164232 0.683566391 85.556854248
0.637282670 0.014659092 0.770489991 -2.717442513 -0.011694195 0.999887824 -0.009351100 -1.090308309 -0.770541012 -0.003050965 0.637382627 85.759826660
0.590710342 0.012327470 0.806788802 -2.390842438 -0.005732469 0.999922097 -0.011081301 -1.096822143 -0.806862950 0.001920950 0.590734959 85.940155029
0.544111729 0.014434415 0.838887870 -2.059039116 -0.007402208 0.999895632 -0.012403646 -1.107592583 -0.838979781 0.000539348 0.544161737 86.111473083
0.496747673 0.017587909 0.867716074 -1.721588612 -0.011008248 0.999841869 -0.013964009 -1.115650654 -0.867824912 -0.002615445 0.496862650 86.274383545
0.451299012 0.019812424 0.892152071 -1.380771756 -0.011857710 0.999798357 -0.016204685 -1.127636552 -0.892293692 -0.003265724 0.451442808 86.412536621
0.409217060 0.017399283 0.912270427 -1.029085875 -0.004235941 0.999843657 -0.017169392 -1.136009336 -0.912426889 0.003161685 0.409226626 86.524269104
0.369837880 0.010160047 0.929040074 -0.665365458 0.011118200 0.999820292 -0.015360089 -1.141765356 -0.929029465 0.016010001 0.369658262 86.614372253
0.334634244 0.006681197 0.942323744 -0.301635474 0.015698968 0.999796629 -0.012663627 -1.147820711 -0.942217052 0.019031201 0.334461123 86.705566406
0.301437914 0.010850526 0.953423381 0.058816701 0.013225591 0.999791503 -0.015559660 -1.157306671 -0.953393817 0.017299864 0.301231354 86.801239014
0.270047277 0.018325482 0.962671995 0.422648340 0.002585419 0.999801517 -0.019757524 -1.175022840 -0.962843299 0.007824378 0.269946098 86.904624939
0.241688594 0.022593690 0.970090151 0.799600720 -0.002267508 0.999739349 -0.022719288 -1.197140336 -0.970350921 0.003291304 0.241676643 86.989402771
0.216093644 0.024270898 0.976070285 1.190710187 -0.000999828 0.999696016 -0.024637006 -1.216110110 -0.976371825 0.004347997 0.216052026 87.056350708
0.192763954 0.025684211 0.980908275 1.591177344 0.006363707 0.999603689 -0.027424287 -1.229817629 -0.981224179 0.011528628 0.192523912 87.110176086
0.172784209 0.032098562 0.984435856 2.000769377 0.013408139 0.999299645 -0.034936540 -1.231878638 -0.984868109 0.019235937 0.172232628 87.156593323
0.152996749 0.038850822 0.987461984 2.418713570 0.015354360 0.999012828 -0.041684262 -1.237611413 -0.988107085 0.021539403 0.152249008 87.207832336
0.135313392 0.039701030 0.990006387 2.853327513 0.013005929 0.999039590 -0.041840907 -1.254112124 -0.990717113 0.018537587 0.134666905 87.263801575
0.119875297 0.035265815 0.992161632 3.304807901 0.011082332 0.999259055 -0.036857069 -1.282044649 -0.992726743 0.015413715 0.119395457 87.313690186
0.105420284 0.032022279 0.993911326 3.771533012 0.011298443 0.999378264 -0.033396788 -1.306259513 -0.994363248 0.014750348 0.104992747 87.354629517
0.092236668 0.029570661 0.995297194 4.257818699 0.013727468 0.999426126 -0.030965481 -1.327769160 -0.995642185 0.016519062 0.091777608 87.389060974
0.080622546 0.028837301 0.996326685 4.754110336 0.017380383 0.999388695 -0.030332331 -1.347352743 -0.996592879 0.019762008 0.080071852 87.418403625
0.070613675 0.029485188 0.997067094 5.266282082 0.020617703 0.999306321 -0.031011567 -1.365516543 -0.997290373 0.022747073 0.069956556 87.442184448
0.062808618 0.030097438 0.997570872 5.790113449 0.022709448 0.999243259 -0.031577703 -1.384615183 -0.997766852 0.024637638 0.062077366 87.468269348
0.057332654 0.030403446 0.997891307 6.337168694 0.024428314 0.999194205 -0.031846628 -1.405193329 -0.998055935 0.026202654 0.056543518 87.493049622
0.051792033 0.031478930 0.998160899 6.900473118 0.025745045 0.999128759 -0.032845285 -1.425584793 -0.998325706 0.027398823 0.050936252 87.517066956
0.045811500 0.032226376 0.998429418 7.478549957 0.026258105 0.999095201 -0.033452671 -1.446862221 -0.998604655 0.027749384 0.044923615 87.543930054
0.041483279 0.032218352 0.998618901 8.076755524 0.028830236 0.999025106 -0.033429071 -1.471976519 -0.998722851 0.030177169 0.040513739 87.563804626
0.038665652 0.032185532 0.998732984 8.697603226 0.030313322 0.998983264 -0.033367153 -1.496316910 -0.998791993 0.031565081 0.037650447 87.583618164
0.035650719 0.031764127 0.998858631 9.335908890 0.031255048 0.998970330 -0.032883201 -1.521373272 -0.998875141 0.032391686 0.034620978 87.604095459
0.033354059 0.031178867 0.998956382 9.992389679 0.033450991 0.998918355 -0.032294553 -1.546189427 -0.998883367 0.034493241 0.032274775 87.622146606
0.032759439 0.030844362 0.998986423 10.662714958 0.037895281 0.998766482 -0.032080241 -1.570844293 -0.998744309 0.038907811 0.031549931 87.637786865
0.033814345 0.030506013 0.998961687 11.348764420 0.041114986 0.998645306 -0.031888053 -1.596640110 -0.998581767 0.042150583 0.032514043 87.655296326
0.036215976 0.030454876 0.998879075 12.053583145 0.042692933 0.998575687 -0.031993512 -1.622272968 -0.998431325 0.043803770 0.034863949 87.678863525
0.040129934 0.030382173 0.998731673 12.777137756 0.045062423 0.998465419 -0.032184709 -1.649344325 -0.998177469 0.046296857 0.038699023 87.705924988
0.044505794 0.029979672 0.998558402 13.511029243 0.045370750 0.998457432 -0.031998806 -1.677430749 -0.997977912 0.046729494 0.043076709 87.739006042
0.048540719 0.028295664 0.998419523 14.264286995 0.046932872 0.998429716 -0.030577706 -1.705359817 -0.997717500 0.048342980 0.047136277 87.774940491
0.052516975 0.026734829 0.998261273 15.019992828 0.046703793 0.998481750 -0.029197738 -1.735377192 -0.997526884 0.048155986 0.051188406 87.817092896
0.056665100 0.024680147 0.998087287 15.792866707 0.043599088 0.998679340 -0.027170056 -1.762613893 -0.997440457 0.045055315 0.055514019 87.867408752
0.060772236 0.023602556 0.997871697 16.587017059 0.042947862 0.998732448 -0.026238509 -1.790185928 -0.997226954 0.044451050 0.059681311 87.919021606
0.064900555 0.024619602 0.997587085 17.360662460 0.040318720 0.998814344 -0.027272914 -1.818188071 -0.997076631 0.041991483 0.063830763 87.974540710
0.067964986 0.028642813 0.997275591 18.144927979 0.038213264 0.998779297 -0.031290252 -1.851762056 -0.996955335 0.040235814 0.066787280 88.033187866
0.069187440 0.034205623 0.997016251 18.933917999 0.032297041 0.998811007 -0.036508426 -1.882391453 -0.997080505 0.034726612 0.068000227 88.100151062
0.069165446 0.037287373 0.996907234 19.730676651 0.029633828 0.998783171 -0.039413523 -1.920921087 -0.997164726 0.032268245 0.067976102 88.155090332
0.069294959 0.036873810 0.996913612 20.534904480 0.027505778 0.998865843 -0.038857918 -1.958856225 -0.997216702 0.030113555 0.068201900 88.218338013
0.069404162 0.035319094 0.996962309 21.344829559 0.024940727 0.998999000 -0.037127499 -1.997499228 -0.997276545 0.027441777 0.068453573 88.279716492
0.069221713 0.034097921 0.997017503 22.166044235 0.025867729 0.999018073 -0.035962287 -2.037429333 -0.997265637 0.028279960 0.068271466 88.340118408
0.069701083 0.033608388 0.997000754 22.975496292 0.023398411 0.999102056 -0.035315011 -2.076956987 -0.997293234 0.025789736 0.068851873 88.399864197
0.069980599 0.033979837 0.996968567 23.777292252 0.021839585 0.999127686 -0.035586409 -2.117779732 -0.997309029 0.024263747 0.069177218 88.456726074
0.070077702 0.034609932 0.996940076 24.586410522 0.018803352 0.999174297 -0.036009226 -2.160410166 -0.997364104 0.021269264 0.069368824 88.518150330
0.068913609 0.036031380 0.996970892 25.393445969 0.016135430 0.999176383 -0.037226405 -2.200056791 -0.997491956 0.018651962 0.068275236 88.580894470
0.066019692 0.035798773 0.997175097 26.206884384 0.013414612 0.999233842 -0.036760811 -2.238538980 -0.997727931 0.015803654 0.065488644 88.643630981
0.062135801 0.034784921 0.997460544 27.012155533 0.011309562 0.999303579 -0.035553705 -2.273606777 -0.998003423 0.013489998 0.061698887 88.699417114
0.057176601 0.032430105 0.997836471 27.824100494 0.009493911 0.999409199 -0.033025224 -2.311365128 -0.998318732 0.011361636 0.056834694 88.755210876
0.050540365 0.030472986 0.998256266 28.641380310 0.007352584 0.999495745 -0.030883074 -2.351860523 -0.998694777 0.008900600 0.050290581 88.812927246
0.043180432 0.030718843 0.998594165 29.442834854 0.007150959 0.999491870 -0.031055674 -2.390105486 -0.999041498 0.008481897 0.042938571 88.848518372
0.034572806 0.031799775 0.998895407 30.237131119 0.007006960 0.999461114 -0.032060307 -2.426991463 -0.999377429 0.008107628 0.034331098 88.875465393
0.024666220 0.032356154 0.999171257 31.039211273 0.008107551 0.999436498 -0.032564897 -2.460588932 -0.999662757 0.008904078 0.024389721 88.897010803
0.014380664 0.031376604 0.999403477 31.838777542 0.009730796 0.999455512 -0.031518269 -2.496863842 -0.999849141 0.010178238 0.014067236 88.910408020
0.003498710 0.030303763 0.999533951 32.637565613 0.009049619 0.999498487 -0.030334383 -2.534421444 -0.999952853 0.009151524 0.003222431 88.915573120
-0.007436461 0.029799692 0.999527574 33.422439575 0.010846659 0.999499142 -0.029718162 -2.563329697 -0.999913454 0.010620530 -0.007756259 88.903831482
-0.018513754 0.030223770 0.999371052 34.201278687 0.011453075 0.999483466 -0.030015016 -2.594156027 -0.999762952 0.010890175 -0.018850653 88.890968323
-0.029545752 0.030744065 0.999089897 34.974784851 0.011627050 0.999469399 -0.030411920 -2.633434772 -0.999495745 0.010717918 -0.029887855 88.866081238
-0.040071461 0.031901460 0.998686790 35.744289398 0.011168790 0.999441624 -0.031477455 -2.668704033 -0.999134302 0.009892768 -0.040405713 88.833389282
-0.050070811 0.032808457 0.998206019 36.497402191 0.012037474 0.999407113 -0.032244146 -2.707559109 -0.998673022 0.010401381 -0.050436392 88.786460876
-0.059568793 0.033511218 0.997660875 37.266139984 0.013013766 0.999377072 -0.032791849 -2.743473291 -0.998139262 0.011029948 -0.059968136 88.738845825
-0.069252104 0.034163769 0.997013390 38.014930725 0.014134337 0.999346316 -0.033261962 -2.774662256 -0.997498930 0.011788657 -0.069690064 88.686416626
-0.078541331 0.034617789 0.996308982 38.754234314 0.015039146 0.999323964 -0.033536993 -2.810503721 -0.996797264 0.012349592 -0.079009205 88.624778748
-0.087053925 0.034145191 0.995617628 39.483879089 0.016333537 0.999326706 -0.032844253 -2.845502377 -0.996069551 0.013402732 -0.087553374 88.557228088
-0.094278805 0.033056200 0.994996250 40.212726593 0.018074926 0.999340415 -0.031487882 -2.880903244 -0.995381594 0.015015840 -0.094814464 88.483673096
-0.099418357 0.031379193 0.994550169 40.930961609 0.020782789 0.999349773 -0.029453123 -2.916147232 -0.994828463 0.017741343 -0.100006223 88.407234192
-0.103090309 0.029945815 0.994220495 41.649242401 0.024356719 0.999322712 -0.027573965 -2.943141699 -0.994373560 0.021373341 -0.103750236 88.330841064
-0.105658695 0.028964348 0.993979871 42.361808777 0.026158318 0.999310493 -0.026339097 -2.971471310 -0.994058192 0.023217892 -0.106343858 88.251625061
-0.107579686 0.028166946 0.993796706 43.047416687 0.026043117 0.999335170 -0.025504731 -3.001421928 -0.993855178 0.023137780 -0.108242065 88.182746887
-0.108301438 0.028588725 0.993706226 43.704364777 0.026994403 0.999302208 -0.025807673 -3.030915976 -0.993751407 0.024029506 -0.108997941 88.112022400
-0.107579641 0.029643333 0.993753731 44.365684509 0.027736168 0.999255598 -0.026804853 -3.059277773 -0.993809342 0.024679272 -0.108322099 88.045043945
-0.104488805 0.031358719 0.994030833 44.992004395 0.028825585 0.999178112 -0.028491065 -3.087163925 -0.994108081 0.025676530 -0.105307192 87.978721619
-0.099301629 0.031898398 0.994545281 45.607429504 0.029030265 0.999153256 -0.029147632 -3.115147352 -0.994633675 0.025977511 -0.100143895 87.921249390
-0.091421559 0.032590579 0.995278180 46.209987640 0.028285833 0.999145806 -0.030119030 -3.144284010 -0.995410323 0.025398748 -0.092265651 87.874992371
-0.080452152 0.032426797 0.996230245 46.797985077 0.026780261 0.999179959 -0.030360136 -3.175965309 -0.996398449 0.024236770 -0.081254900 87.840209961
-0.066867329 0.032643788 0.997227132 47.358165741 0.025764549 0.999187648 -0.030980377 -3.206954002 -0.997429013 0.023621533 -0.067654386 87.814521790
-0.049817231 0.033885971 0.998182774 47.899650574 0.024615692 0.999162138 -0.032690711 -3.237951517 -0.998454750 0.022942398 -0.050609931 87.802375793
-0.028775420 0.036456160 0.998920321 48.430503845 0.022633523 0.999102056 -0.035810806 -3.266524076 -0.999329448 0.021578614 -0.029575016 87.804512024
-0.004412478 0.039302457 0.999217033 48.937129974 0.020101722 0.999028742 -0.039206289 -3.296832800 -0.999787986 0.019912984 -0.005198525 87.822639465
0.023725351 0.041006017 0.998876572 49.456790924 0.017884128 0.998980939 -0.041435085 -3.325681925 -0.999558330 0.018847095 0.022967549 87.856521606
0.056962542 0.040407456 0.997557580 49.958377838 0.015514804 0.999023914 -0.041352779 -3.354997158 -0.998255610 0.017832467 0.056279786 87.901626587
0.094988331 0.037794910 0.994759977 50.467941284 0.014026035 0.999128759 -0.039300226 -3.384235620 -0.995379388 0.017685600 0.094375253 87.970924377
0.136827573 0.033978611 0.990011275 50.969390869 0.011519520 0.999289155 -0.035889130 -3.413134813 -0.990527689 0.016315077 0.136338711 88.067047119
0.182611316 0.029541759 0.982740581 51.461936951 0.008377981 0.999465168 -0.031601291 -3.442375660 -0.983149350 0.014004136 0.182266012 88.180442810
0.230476722 0.026360132 0.972720087 51.945194244 0.003389873 0.999604940 -0.027891893 -3.467586279 -0.973071814 0.009725828 0.230296209 88.330871582
0.281802595 0.024881667 0.959149122 52.410018921 -0.000916938 0.999669909 -0.025663432 -3.490962029 -0.959471822 0.006352537 0.281732321 88.502792358
0.336140811 0.024809295 0.941484332 52.855155945 -0.002285190 0.999671221 -0.025526706 -3.507905006 -0.941808879 0.006429093 0.336086959 88.699752808
0.393523842 0.025037723 0.918972790 53.287319183 -0.001174195 0.999641597 -0.026732758 -3.532433271 -0.919313610 0.009440921 0.393412203 88.923171997
0.453177780 0.028242063 0.890972078 53.695083618 -0.000831412 0.999510646 -0.031259641 -3.554344416 -0.891419649 0.013425409 0.452979565 89.168205261
0.512672782 0.030917130 0.858026624 54.085460663 -0.000284388 0.999357224 -0.035839751 -3.581968069 -0.858583868 0.018130053 0.512352169 89.437133789
0.570333600 0.034741767 0.820677459 54.448692322 -0.004653535 0.999225497 -0.039066251 -3.603329182 -0.821399808 0.018461742 0.570053756 89.742881775
0.626168907 0.036947314 0.778810799 54.793937683 -0.008319542 0.999136090 -0.040710729 -3.626276970 -0.779642820 0.019012442 0.625935555 90.070083618
0.678974867 0.037632089 0.733195603 55.108646393 -0.010190828 0.999072075 -0.041841298 -3.643647432 -0.734090567 0.020937320 0.678728640 90.411621094
0.728050053 0.035964828 0.684579074 55.391864777 -0.011212036 0.999113798 -0.040565126 -3.661929369 -0.685432017 0.021857921 0.727808475 90.759757996
0.773152173 0.031791583 0.633422375 55.655281067 -0.012896421 0.999324203 -0.034414966 -3.684584618 -0.634089112 0.018439129 0.773040056 91.142196655
0.814260125 0.026648276 0.579887152 55.894256592 -0.013511118 0.999544919 -0.026961442 -3.700395584 -0.580342412 0.014118707 0.814250112 91.544258118
0.850333929 0.024341868 0.525678992 56.105525970 -0.016052334 0.999664307 -0.020323930 -3.712672949 -0.525997877 0.008843754 0.850439847 91.969551086
0.881164014 0.020834690 0.472350180 56.293926239 -0.016805591 0.999777198 -0.012748126 -3.725438833 -0.472511172 0.003295063 0.881318450 92.405830383
0.906321287 0.021305282 0.422050416 56.441806793 -0.020309849 0.999769926 -0.006854975 -3.742372513 -0.422099978 -0.002358977 0.906546175 92.835334778
0.926181436 0.023231260 0.376360357 56.579982758 -0.023899801 0.999709904 -0.002893461 -3.756175995 -0.376318932 -0.006315079 0.926468611 93.280769348
0.941183865 0.029238740 0.336625665 56.694591522 -0.031102959 0.999515831 0.000145567 -3.767880917 -0.336458951 -0.010607075 0.941638410 93.735870361
0.952837706 0.033753544 0.301595509 56.801250458 -0.035212252 0.999379337 -0.000600307 -3.770617008 -0.301429033 -0.010047877 0.953435659 94.195854187
0.961994469 0.035546474 0.270743161 56.909378052 -0.036861133 0.999320030 -0.000229418 -3.772552967 -0.270567626 -0.009759216 0.962651491 94.662658691
0.968106329 0.030077972 0.248725161 57.022762299 -0.031136189 0.999514699 0.000320625 -3.779310226 -0.248595208 -0.008054765 0.968573928 95.131935120
0.972099066 0.027360508 0.232966945 57.135829926 -0.028406845 0.999595404 0.001136694 -3.787793875 -0.232841969 -0.007722848 0.972483873 95.611244202
0.974925458 0.031683944 0.220261499 57.229251862 -0.032680348 0.999465048 0.000880301 -3.792095661 -0.220116138 -0.008056465 0.975440323 96.103324890
0.976834416 0.037189931 0.210737109 57.315265656 -0.038329620 0.999263883 0.001324532 -3.791600704 -0.210533068 -0.009371338 0.977541745 96.604370117
0.977787733 0.044911653 0.204726145 57.404266357 -0.045893278 0.998945951 0.000046690 -3.793285608 -0.204508603 -0.009441226 0.978819191 97.115669250
0.978124678 0.050617166 0.201763913 57.499088287 -0.050940171 0.998694837 -0.003594659 -3.797539711 -0.201682866 -0.006761882 0.979427516 97.635971069
0.978235662 0.052038848 0.200861916 57.603115082 -0.051889185 0.998634338 -0.006013751 -3.810534239 -0.200900897 -0.004539710 0.979601026 98.166664124
0.977811635 0.050655071 0.203265890 57.717983246 -0.049746215 0.998715520 -0.009581452 -3.820483208 -0.203490511 -0.000742863 0.979076564 98.696456909
0.977108896 0.048942175 0.207029998 57.836177826 -0.046604253 0.998782337 -0.016157839 -3.826251507 -0.207569078 0.006139487 0.978201032 99.242568970
0.976200402 0.049500126 0.211142138 57.956081390 -0.046115503 0.998716414 -0.020927263 -3.834878683 -0.211907402 0.010692280 0.977231145 99.795372009
0.975003183 0.054277286 0.215455785 58.076343536 -0.051067263 0.998485446 -0.020442016 -3.849681854 -0.216239393 0.008928294 0.976299465 100.368629456
0.973560810 0.057214633 0.221143022 58.201713562 -0.054916590 0.998353541 -0.016531421 -3.863126993 -0.221725151 0.003949919 0.975101113 100.958343506
0.972662151 0.054076031 0.225837603 58.342060089 -0.052722298 0.998536229 -0.012025961 -3.876691103 -0.226157755 -0.000209488 0.974090576 101.561332703
0.971999228 0.049596503 0.229687184 58.490940094 -0.049424488 0.998756111 -0.006505685 -3.888906717 -0.229724541 -0.005028664 0.973242581 102.171798706
0.971234381 0.046979368 0.233442128 58.638916016 -0.047840826 0.998852432 -0.001974050 -3.899324179 -0.233267412 -0.009250818 0.972368538 102.793563843
0.970724702 0.042378575 0.236423448 58.792789459 -0.043278243 0.999061525 -0.001385523 -3.907532692 -0.236260742 -0.008887048 0.971648932 103.423294067
0.970828652 0.038996890 0.236578330 58.955669403 -0.039049540 0.999226749 -0.004465092 -3.917084455 -0.236569971 -0.004903449 0.971601903 104.063583374
0.970950425 0.038358595 0.236182436 59.114772797 -0.036688808 0.999260426 -0.011462459 -3.929336309 -0.236447901 0.002464224 0.971640885 104.715011597
0.971082985 0.040457278 0.235285684 59.266712189 -0.037238628 0.999141753 -0.018108949 -3.941852093 -0.235816821 0.008823580 0.971757352 105.370201111
0.971590817 0.043487888 0.232633665 59.417579651 -0.039473597 0.998980403 -0.021885827 -3.951570988 -0.233348638 0.012081189 0.972317994 106.039390564
0.972230554 0.041841228 0.230251059 59.581321716 -0.038820896 0.999090075 -0.017634299 -3.964557886 -0.230779797 0.008206053 0.972971320 106.733474731
0.972681463 0.037745178 0.229051337 59.743515015 -0.036410015 0.999285877 -0.010054072 -3.981997967 -0.229267642 0.001439641 0.973362267 107.434303284
0.973258078 0.037989907 0.226547956 59.905437469 -0.038051520 0.999266922 -0.004096852 -4.000785828 -0.226537883 -0.004633212 0.973991215 108.146377563
0.973515689 0.041315291 0.224852666 60.060436249 -0.041323427 0.999134481 -0.004672190 -4.016441822 -0.224851444 -0.004743245 0.974381447 108.870971680
0.973744690 0.047112912 0.222710863 60.210926056 -0.046215709 0.998888314 -0.009241872 -4.027556896 -0.222899035 -0.001293525 0.974840641 109.596916199
0.974583805 0.048011262 0.218814418 60.368087769 -0.045959130 0.998838186 -0.014461970 -4.040043831 -0.219254866 0.004037880 0.975659192 110.337188721
0.975516140 0.046740022 0.214900255 60.528797150 -0.044059556 0.998879552 -0.017249260 -4.052436829 -0.215466022 0.007358523 0.976483583 111.086471558
0.976426184 0.044662289 0.211177215 60.687641144 -0.042296145 0.998981118 -0.015710749 -4.069774628 -0.211664036 0.006408402 0.977321446 111.852806091
0.977302551 0.040992379 0.207841188 60.852176666 -0.038998790 0.999145091 -0.013682339 -4.087251186 -0.208224684 0.005266228 0.978066802 112.634796143
0.977697372 0.039943010 0.206181973 61.011306763 -0.038518336 0.999197721 -0.010921046 -4.107109547 -0.206453070 0.002735686 0.978452682 113.421607971
0.978072524 0.036832754 0.204978198 61.180484772 -0.035829145 0.999320388 -0.008607025 -4.121391773 -0.205156207 0.001074095 0.978728652 114.219207764
0.978328645 0.031568952 0.204633608 61.349258423 -0.030696789 0.999500573 -0.007436073 -4.132062435 -0.204766467 0.000993323 0.978810310 115.011390686
0.978442669 0.032482635 0.203944132 61.508308411 -0.031957179 0.999471486 -0.005870386 -4.147451401 -0.204027340 -0.000773651 0.978964865 115.799964905
0.978152275 0.038028017 0.204377949 61.664928436 -0.037201457 0.999276102 -0.007886508 -4.162334919 -0.204530209 0.000111040 0.978860199 116.611434937
0.977820396 0.043748870 0.204820871 61.824863434 -0.042355821 0.999039412 -0.011182889 -4.178973675 -0.205113649 0.002259497 0.978735507 117.418991089
0.977190673 0.052614193 0.205738425 61.980560303 -0.051072396 0.998612344 -0.012801391 -4.195024967 -0.206126750 0.002001842 0.978523254 118.243194580
0.976199985 0.058639709 0.208789885 62.137386322 -0.057375304 0.998278558 -0.012112750 -4.214336395 -0.209141061 -0.000154926 0.977885425 119.074134827
0.975405276 0.061394058 0.211692303 62.305236816 -0.060640421 0.998108387 -0.010056870 -4.239241600 -0.211909607 -0.003027601 0.977284551 119.906219482
0.974817991 0.061930027 0.214225873 62.488090515 -0.061034210 0.998076677 -0.010800210 -4.260803223 -0.214483008 -0.002546882 0.976724327 120.751174927
0.974518895 0.060464028 0.215998396 62.670127869 -0.058934968 0.998169720 -0.013519260 -4.280421257 -0.216420799 0.000444905 0.976300001 121.575500488
0.974530876 0.054622397 0.217495531 62.858440399 -0.053234603 0.998506486 -0.012239647 -4.302097797 -0.217839569 0.000349615 0.975984514 122.413177490
0.974846482 0.048025984 0.217637867 63.049976349 -0.046161715 0.998840272 -0.013645223 -4.326457024 -0.218041092 0.003255454 0.975934088 123.233985901
0.974601984 0.047387108 0.218869358 63.235630035 -0.045482270 0.998870134 -0.013736392 -4.351752758 -0.219273299 0.003432833 0.975657344 124.068885803
0.974039435 0.050086454 0.220764324 63.423683167 -0.048914928 0.998744309 -0.010773990 -4.370882034 -0.221027046 -0.000304391 0.975267589 124.911033630
0.973590672 0.052180439 0.222253874 63.597900391 -0.052338578 0.998615384 -0.005182619 -4.387176991 -0.222216889 -0.006586723 0.974974930 125.744758606
0.973201096 0.055621613 0.223124146 63.773380280 -0.056856632 0.998381376 -0.000890393 -4.406823635 -0.222812831 -0.011819584 0.974789500 126.557830811
0.972990930 0.055075154 0.224173710 63.957660675 -0.054823916 0.998468459 -0.007349899 -4.426077366 -0.224235490 -0.005138715 0.974521339 127.386932373
0.973314703 0.051127214 0.223702952 64.145027161 -0.047508452 0.998638153 -0.021532729 -4.449898720 -0.224499539 0.010330340 0.974419355 128.192733765
