1.000000000 0.000000000 0.000000000 0.000000000 0.000000000 1.000000000 0.000000000 0.000000000 0.000000000 0.000000000 1.000000000 0.000000000
0.999990582 -0.002634402 -0.003441881 -0.000300788 0.002627148 0.999994338 -0.002110377 -0.001410339 0.003447421 0.002101315 0.999991834 0.670788825
0.999970496 -0.001386033 -0.007553060 -0.009546952 0.001358922 0.999992669 -0.003593413 -0.003866762 0.007557984 0.003583042 0.999965012 1.352776051
0.999933660 -0.001385573 -0.011431774 -0.025142241 0.001328052 0.999986470 -0.005037758 -0.007433191 0.011438599 0.005022241 0.999921918 2.058590889
0.999868453 0.000093404 -0.016217679 -0.045638733 -0.000184810 0.999984086 -0.005634778 -0.011536953 0.016216896 0.005637034 0.999852598 2.786919117
0.999782562 -0.000854229 -0.020833371 -0.058105901 0.000729273 0.999981642 -0.006004737 -0.015963700 0.020838121 0.005988238 0.999764919 3.524367332
0.999678075 0.000914466 -0.025353212 -0.084155172 -0.001097525 0.999973357 -0.007207385 -0.021395970 0.025345949 0.007232891 0.999652565 4.278691769
0.999536097 0.003596175 -0.030241696 -0.113895476 -0.003832274 0.999962509 -0.007752725 -0.027253114 0.030212685 0.007865023 0.999512553 5.036970139
0.999395490 0.003747361 -0.034561247 -0.146655455 -0.003964066 0.999972761 -0.006203764 -0.032039396 0.034537062 0.006337017 0.999383330 5.811611176
0.999233365 0.003194092 -0.039016269 -0.181976914 -0.003333998 0.999988139 -0.003521316 -0.034800299 0.039004564 0.003648696 0.999232352 6.599204540
0.999093235 0.002764423 -0.042483374 -0.219039142 -0.002801901 0.999995649 -0.000822690 -0.035461124 0.042480916 0.000940976 0.999096811 7.410358906
0.998974919 0.004535676 -0.045036197 -0.263640344 -0.004600863 0.999988496 -0.001343887 -0.036518440 0.045029581 0.001549713 0.998984456 8.223153114
0.998868585 0.003999742 -0.047383748 -0.302383423 -0.004073842 0.999990582 -0.001467376 -0.037723273 0.047377434 0.001658748 0.998875737 9.042918205
0.998787820 0.001005397 -0.049209066 -0.339707345 -0.001109169 0.999997199 -0.002081552 -0.039471958 0.049206838 0.002133608 0.998786390 9.880092621
0.998673558 0.001144727 -0.051472276 -0.382206082 -0.001208887 0.999998510 -0.001215399 -0.040489424 0.051470812 0.001276010 0.998673737 10.715597153
0.998590112 -0.000224327 -0.053078011 -0.425376117 0.000148690 0.999998987 -0.001428981 -0.041700531 0.053078283 0.001419073 0.998589396 11.562220573
0.998487651 0.002205069 -0.054928701 -0.476354152 -0.002410101 0.999990344 -0.003666742 -0.044836160 0.054920096 0.003793579 0.998483598 12.418406487
0.998402715 0.002899125 -0.056419618 -0.526619554 -0.003263196 0.999974430 -0.006361862 -0.050295547 0.056399740 0.006535809 0.998386919 13.275985718
0.998282015 0.007060932 -0.058160834 -0.585398316 -0.007543494 0.999938846 -0.008081641 -0.057304978 0.058100224 0.008506494 0.998274565 14.148735046
0.998215973 0.008046843 -0.059157733 -0.643088698 -0.008530079 0.999932230 -0.007920608 -0.064328104 0.059089996 0.008411099 0.998217225 15.038853645
0.998138428 0.007657640 -0.060502965 -0.697149873 -0.008064623 0.999946415 -0.006485329 -0.070015043 0.060450073 0.006961192 0.998146892 15.915228844
0.998031557 0.008802498 -0.062089201 -0.752459764 -0.009130577 0.999945819 -0.005002238 -0.074512586 0.062041815 0.005559304 0.998057961 16.811773300
0.997992396 0.008395418 -0.062771462 -0.818337500 -0.008720454 0.999949932 -0.004905900 -0.078849375 0.062727146 0.005443448 0.998015761 17.710035324
0.997874916 0.008250224 -0.064630724 -0.877690017 -0.008638233 0.999946296 -0.005726307 -0.084033027 0.064580023 0.006272435 0.997892678 18.614475250
0.997804761 0.006381144 -0.065913364 -0.935105205 -0.006813502 0.999956787 -0.006336776 -0.089711517 0.065870084 0.006771968 0.997805059 19.507068634
0.997765779 0.006537412 -0.066485725 -0.998068452 -0.006862999 0.999965668 -0.004669882 -0.094063200 0.066452913 0.005115742 0.997776270 20.438144684
0.997752011 0.007736949 -0.066564038 -1.061374068 -0.007834299 0.999968708 -0.001201577 -0.095137127 0.066552654 0.001720361 0.997781217 21.347076416
0.997795403 0.008691662 -0.065790668 -1.124984980 -0.008541424 0.999960303 0.002564515 -0.092729405 0.065810345 -0.001996913 0.997829914 22.275876999
0.997907579 0.007340913 -0.064235441 -1.187246799 -0.007004618 0.999960601 0.005458994 -0.087629810 0.064272985 -0.004997623 0.997919559 23.204784393
0.998004258 0.007787848 -0.062661439 -1.254475594 -0.007413463 0.999953330 0.006205010 -0.081671342 0.062706843 -0.005728085 0.998015225 24.153551102
0.998089969 0.008067194 -0.061244860 -1.315216303 -0.007863603 0.999962807 0.003564542 -0.078305379 0.061271340 -0.003076126 0.998116076 25.088436127
0.998127282 0.009326259 -0.060452938 -1.372280359 -0.009419885 0.999954939 -0.001263905 -0.079465643 0.060438428 0.001831000 0.998169899 26.012742996
0.998209238 0.008493843 -0.059210457 -1.432156801 -0.008754888 0.999953151 -0.004150700 -0.083286233 0.059172433 0.004661649 0.998236537 26.941383362
0.998265684 0.005784837 -0.058582034 -1.485398889 -0.005981513 0.999977171 -0.003182462 -0.086319849 0.058562286 0.003527354 0.998277187 27.888706207
0.998260796 0.004111065 -0.058806505 -1.544084311 -0.004008897 0.999990404 0.001855222 -0.084507018 0.058813564 -0.001616243 0.998267353 28.861055374
0.998213410 0.000347832 -0.059745815 -1.596246481 -0.000030988 0.999986112 0.005304008 -0.079371832 0.059746824 -0.005292676 0.998199224 29.827856064
0.998130858 -0.006884045 -0.060721941 -1.653278708 0.007194355 0.999962330 0.004893121 -0.074661121 0.060685966 -0.005320825 0.998142421 30.786943436
0.998028517 -0.008809206 -0.062138587 -1.712802768 0.008890230 0.999960065 0.001027485 -0.073652685 0.062127050 -0.001577882 0.998066723 31.758342743
0.997951388 -0.008560883 -0.063399486 -1.781188250 0.008391803 0.999960601 -0.002932791 -0.076566972 0.063422091 0.002394750 0.997983634 32.730773926
0.997822583 -0.007078324 -0.065572552 -1.851017714 0.006869039 0.999970675 -0.003416648 -0.079954036 0.065594815 0.002958791 0.997841656 33.708435059
0.997781634 -0.007391972 -0.066158928 -1.918080926 0.007289954 0.999971926 -0.001783373 -0.081728883 0.066170260 0.001297124 0.997807205 34.694515228
0.997703254 -0.004609020 -0.067577884 -1.992750525 0.004699165 0.999988377 0.001174965 -0.080606438 0.067571685 -0.001489822 0.997713029 35.678916931
0.997638106 -0.004630506 -0.068531409 -2.063747168 0.004815748 0.999985278 0.002538003 -0.078116633 0.068518646 -0.002862033 0.997645438 36.663711548
0.997571349 -0.003394807 -0.069568105 -2.136356831 0.003762228 0.999979794 0.005151068 -0.073082939 0.069549210 -0.005400283 0.997563601 37.641452789
0.997596800 -0.003683587 -0.069187969 -2.213525057 0.004257274 0.999957919 0.008146033 -0.065034218 0.069155045 -0.008421002 0.997570097 38.630958557
0.997546494 0.002049879 -0.069976822 -2.287221193 -0.001311162 0.999943137 0.010600853 -0.054676853 0.069994569 -0.010483084 0.997491956 39.604496002
0.997557044 0.002177356 -0.069822952 -2.369994879 -0.001491227 0.999950290 0.009877280 -0.044753615 0.069840990 -0.009749020 0.997510135 40.603828430
0.997562349 0.002321879 -0.069741905 -2.438636065 -0.001755335 0.999965131 0.008183594 -0.036637347 0.069758467 -0.008041218 0.997531116 41.593303680
0.997554600 0.004590319 -0.069740936 -2.517235518 -0.004176573 0.999972999 0.006077251 -0.030639548 0.069766946 -0.005771107 0.997546256 42.570037842
0.997492075 0.004332599 -0.070646487 -2.587963343 -0.003915482 0.999974251 0.006041672 -0.024645103 0.070670843 -0.005749899 0.997482717 43.559246063
0.997401476 0.002213809 -0.072011210 -2.658492804 -0.001678917 0.999970734 0.007487556 -0.017297205 0.072025679 -0.007347191 0.997375309 44.538059235
0.997342467 0.002872379 -0.072800815 -2.733515978 -0.002264548 0.999962091 0.008430382 -0.008897408 0.072822265 -0.008243110 0.997310460 45.530883789
0.997320533 0.005344844 -0.072962373 -2.810386896 -0.005008000 0.999976158 0.004798822 -0.004234601 0.072986275 -0.004420563 0.997322738 46.492713928
0.997252941 0.006022217 -0.073828153 -2.889906883 -0.005986334 0.999982059 0.000707292 -0.003503000 0.073831081 -0.000263387 0.997270286 47.452133179
0.997198999 0.006941059 -0.074472778 -2.968462467 -0.007002546 0.999975562 -0.000564570 -0.004005411 0.074467033 0.001084490 0.997222424 48.418170929
0.997201443 0.005689813 -0.074546434 -3.043005705 -0.005484363 0.999980748 0.002960395 -0.001110963 0.074561849 -0.002543266 0.997212708 49.389461517
0.997199178 0.003917674 -0.074691616 -3.115720272 -0.003465071 0.999975026 0.006188237 0.004934317 0.074713998 -0.005912086 0.997187018 50.363777161
0.997170508 0.001889431 -0.075152040 -3.187619686 -0.001371862 0.999975204 0.006937964 0.011627179 0.075163282 -0.006815228 0.997147441 51.325862885
0.997148752 -0.001007471 -0.075456806 -3.259744883 0.001446832 0.999982536 0.005768239 0.017162466 0.075449683 -0.005860960 0.997131884 52.282676697
0.997120619 -0.003347482 -0.075760253 -3.331858635 0.003694158 0.999983549 0.004436270 0.021363921 0.075744174 -0.004703362 0.997115672 53.227272034
0.997033119 -0.004896280 -0.076820657 -3.405505419 0.005343485 0.999970198 0.005616927 0.026683684 0.076790884 -0.006010746 0.997028589 54.172279358
0.996924102 -0.008070507 -0.077958427 -3.476379633 0.008857546 0.999913454 0.009755101 0.036034048 0.077872962 -0.010415606 0.996908307 55.124843597
0.996861815 -0.008915703 -0.078659795 -3.549389362 0.010115389 0.999838591 0.014866313 0.050134234 0.078514561 -0.015615320 0.996790111 56.069355011
0.996817470 -0.007275210 -0.079387650 -3.624967098 0.008665286 0.999815106 0.017179523 0.066310495 0.079247996 -0.017812748 0.996695220 57.008182526
0.996712983 -0.006122442 -0.080784887 -3.704420090 0.007209935 0.999887407 0.013176728 0.078532241 0.080695137 -0.013715855 0.996643841 57.934612274
0.996609747 -0.004690906 -0.082142279 -3.785827637 0.005151210 0.999972403 0.005392682 0.083486035 0.082114741 -0.005797526 0.996605396 58.854923248
0.996542275 -0.003400575 -0.083019495 -3.867165804 0.003456338 0.999994159 0.000527936 0.083951533 0.083017245 -0.000813053 0.996547163 59.767646790
0.996463239 0.001425834 -0.084019683 -3.952769279 -0.001309096 0.999998331 0.001444463 0.085270397 0.084021635 -0.001329362 0.996462464 60.667930603
0.996344745 0.004085449 -0.085326992 -4.035367489 -0.003770366 0.999985695 0.003853451 0.088705942 0.085341543 -0.003517648 0.996344984 61.548645020
0.996256292 0.006686534 -0.086190976 -4.118961334 -0.006239324 0.999965906 0.005456921 0.093666613 0.086224549 -0.004898713 0.996263087 62.447154999
0.996150434 0.007547914 -0.087335639 -4.195588589 -0.007119728 0.999961317 0.005213209 0.098180749 0.087371632 -0.004571329 0.996164680 63.308082581
0.995985508 0.009066616 -0.089055233 -4.274829388 -0.008565842 0.999945521 0.006003744 0.103373043 0.089104839 -0.005216803 0.996007979 64.165611267
0.995853603 0.009822593 -0.090439245 -4.354145050 -0.009252737 0.999934852 0.006718083 0.109034434 0.090499364 -0.005853410 0.995878696 64.999641418
0.995730340 0.009790256 -0.091789514 -4.432145596 -0.009172644 0.999932587 0.007148010 0.114934102 0.091853321 -0.006275531 0.995752156 65.817993164
0.995617926 0.009722162 -0.093007877 -4.510946274 -0.008994381 0.999925792 0.008240923 0.121584274 0.093081109 -0.007368256 0.995630622 66.616493225
0.995460570 0.012513236 -0.094349317 -4.592784405 -0.011529284 0.999873579 0.010966749 0.130333215 0.094474636 -0.009829177 0.995478034 67.402290344
0.995316386 0.014114713 -0.095635176 -4.673166752 -0.012733699 0.999806046 0.015035398 0.142145336 0.095828861 -0.013747176 0.995302200 68.178833008
0.995104611 0.017291130 -0.097302869 -4.752763748 -0.015730873 0.999735594 0.016779486 0.155095682 0.097567298 -0.015166670 0.995112658 68.941726685
0.994926810 0.019991711 -0.098594464 -4.834305286 -0.018819576 0.999741018 0.012804264 0.164808080 0.098824933 -0.010883790 0.995044589 69.684089661
0.994790733 0.020097487 -0.099937335 -4.912954807 -0.019640030 0.999791801 0.005559260 0.168984026 0.100028269 -0.003567523 0.994977474 70.411323547
0.994641483 0.019291654 -0.101568185 -4.984132767 -0.019411214 0.999811709 -0.000188858 0.168847173 0.101545431 0.002159409 0.994827867 71.110572815
0.994586885 0.020145768 -0.101936318 -5.062912464 -0.020391665 0.999791265 -0.001370729 0.168040842 0.101887450 0.003441961 0.994789302 71.805885315
0.994448483 0.022932505 -0.102695175 -5.140260220 -0.022828547 0.999737084 0.002187607 0.169701800 0.102718368 0.000168922 0.994709790 72.476341248
0.994309545 0.023279119 -0.103954732 -5.214759350 -0.022930734 0.999726832 0.004545335 0.172832653 0.104032174 -0.002135707 0.994570971 73.129859924
0.994281709 0.020104663 -0.104879037 -5.282957077 -0.020080917 0.999797642 0.001282461 0.173675224 0.104883626 0.000830942 0.994483471 73.766120911
0.994414032 0.011986698 -0.104867056 -5.338702202 -0.012451622 0.999915481 -0.003779899 0.171247900 0.104812913 0.005064548 0.994478345 74.377296448
0.994553804 0.008051292 -0.103913419 -5.394693375 -0.008989186 0.999923110 -0.008560586 0.166097447 0.103836536 0.009448053 0.994548798 74.970100403
0.994851291 0.010517423 -0.100798771 -5.458529472 -0.011462126 0.999895751 -0.008797610 0.161006182 0.100695774 0.009907675 0.994867206 75.551681519
0.995194972 0.015705997 -0.096645698 -5.522292137 -0.016347097 0.999849439 -0.005845257 0.157836661 0.096539386 0.007397042 0.995300949 76.115486145
0.995653033 0.014337314 -0.092030562 -5.569836140 -0.014651750 0.999889076 -0.002741908 0.156249464 0.091981098 0.004078395 0.995751679 76.671752930
0.996214151 0.010738936 -0.086268418 -5.606896400 -0.010653591 0.999942422 0.001449616 0.156933427 0.086279079 -0.000525058 0.996270180 77.216323853
0.996923983 0.006542893 -0.078102738 -5.637356281 -0.006181465 0.999969304 0.004868424 0.159430906 0.078132257 -0.004370655 0.996932685 77.742126465
0.997670710 0.010245179 -0.067442611 -5.670696735 -0.009954193 0.999939919 0.004649165 0.161817834 0.067486264 -0.003966994 0.997711599 78.257682800
0.998507559 0.015463273 -0.052381750 -5.699756145 -0.015266017 0.999875069 0.004163712 0.163954198 0.052439690 -0.003357832 0.998617709 78.760009766
0.999193609 0.020728622 -0.034390315 -5.715484142 -0.020583889 0.999778032 0.004557248 0.166149259 0.034477267 -0.003845681 0.999397337 79.245895386
0.999736428 0.019306887 -0.012433413 -5.706198692 -0.019246686 0.999802828 0.004943208 0.168224737 0.012526546 -0.004702596 0.999909699 79.725280762
0.999779165 0.015869888 0.013783724 -5.679358006 -0.015948592 0.999857247 0.005619138 0.170506462 -0.013692406 -0.005837720 0.999888420 80.189048767
0.998960197 0.014783151 0.043130685 -5.635606289 -0.015098877 0.999861717 0.007003711 0.173311472 -0.043020975 -0.007647643 0.999044120 80.640350342
0.997009754 0.014368813 0.075930387 -5.576373577 -0.015032302 0.999853849 0.008173812 0.176655874 -0.075801596 -0.009290767 0.997078836 81.091873169
0.993425250 0.014563000 0.113553837 -5.503104210 -0.015614729 0.999843240 0.008377980 0.180122390 -0.113413729 -0.010095997 0.993495762 81.540863037
0.987783313 0.014945085 0.155116245 -5.410161972 -0.016386358 0.999833882 0.008017038 0.183206409 -0.154970303 -0.010460874 0.987862945 81.968414307
0.979665101 0.014648326 0.200104728 -5.294456482 -0.016528971 0.999833822 0.007730810 0.186074644 -0.199957818 -0.010881118 0.979743302 82.387733459
0.968329489 0.016902477 0.249103487 -5.162934303 -0.018842112 0.999808192 0.005403962 0.187879324 -0.248963878 -0.009926441 0.968461156 82.793457031
0.953075349 0.017620606 0.302220374 -5.007054329 -0.019222640 0.999812841 0.002327182 0.188256994 -0.302122265 -0.008027446 0.953234613 83.182655334
0.933521092 0.018078612 0.358066708 -4.829422951 -0.019262545 0.999814749 -0.000260468 0.187503651 -0.358004451 -0.006654116 0.933695376 83.552070618
0.909568846 0.018721422 0.415131569 -4.629364491 -0.019528542 0.999806941 -0.002301077 0.185860291 -0.415093809 -0.006013917 0.909757912 83.901649475
0.880703628 0.018578250 0.473303497 -4.417079926 -0.019017478 0.999812007 -0.003857969 0.183732331 -0.473285437 -0.005603303 0.880890429 84.225799561
0.847392797 0.017013617 0.530694067 -4.178097725 -0.016275920 0.999849439 -0.006065555 0.180742204 -0.530716538 -0.003497620 0.847541213 84.533515930
0.810788810 0.017078241 0.585089803 -3.916184902 -0.015176704 0.999851882 -0.008153632 0.176931307 -0.585141540 -0.002268856 0.810927033 84.825592041
0.771340549 0.015820041 0.636226177 -3.638504267 -0.014228995 0.999870121 -0.007611418 0.173390716 -0.636263013 -0.003181857 0.771464586 85.093605042
0.728997350 0.015417363 0.684343100 -3.348758698 -0.015511084 0.999862015 -0.006002390 0.170474574 -0.684340239 -0.006239166 0.729135036 85.342254639
0.683910728 0.014465451 0.729422450 -3.045175791 -0.014547417 0.999875367 -0.006189159 0.167554051 -0.729420125 -0.006378369 0.684035122 85.572921753
0.637762308 0.013398827 0.770116806 -2.726396799 -0.011028235 0.999905407 -0.008263895 0.163936391 -0.770153701 -0.003222620 0.637849033 85.775848389
0.591125429 0.011160513 0.806502581 -2.399912834 -0.005247524 0.999936700 -0.009991114 0.159988478 -0.806562006 0.001673861 0.591145873 85.957427979
0.544542968 0.013268300 0.838628173 -2.068148375 -0.006977588 0.999912322 -0.011289315 0.155535400 -0.838703334 0.000295918 0.544587135 86.128868103
0.497193247 0.016424768 0.867484510 -1.730893016 -0.010663803 0.999861360 -0.012819270 0.150464386 -0.867573678 -0.002877022 0.497298867 86.291893005
0.451731116 0.018631933 0.891959727 -1.390357614 -0.011588720 0.999820471 -0.015015929 0.144610912 -0.892078221 -0.003553500 0.451865405 86.430465698
0.409652948 0.016214237 0.912097514 -1.038674235 -0.004015870 0.999864757 -0.015970804 0.138585657 -0.912231982 0.002879621 0.409662217 86.542343140
0.370323747 0.009044502 0.928858876 -0.675560057 0.011311255 0.999834895 -0.014245259 0.133896261 -0.928833246 0.015781904 0.370159924 86.631332397
0.335120499 0.005565880 0.942158937 -0.311920166 0.015833873 0.999808371 -0.011538465 0.130154148 -0.942041516 0.018784786 0.334967822 86.722755432
0.301927984 0.009742329 0.953281045 0.049470812 0.013428480 0.999805450 -0.014470933 0.124974526 -0.953235388 0.017170282 0.301738143 86.819305420
0.270513952 0.017253578 0.962561548 0.413980901 0.002759695 0.999821723 -0.018697023 0.117882967 -0.962711334 0.007714180 0.270417869 86.923164368
0.242225841 0.021511529 0.969981492 0.793189049 -0.002062886 0.999763668 -0.021656865 0.109448686 -0.970216930 0.003244895 0.242212772 87.007896423
0.216632843 0.023188200 0.975977778 1.184494972 -0.000823216 0.999722183 -0.023569614 0.100083254 -0.976252019 0.004302515 0.216591582 87.075103760
0.193297863 0.024597656 0.980831802 1.585016012 0.006514823 0.999631822 -0.026353039 0.089606516 -0.981117725 0.011483926 0.193066314 87.129180908
0.173315659 0.031003783 0.984378219 1.994419813 0.013556847 0.999334931 -0.033861753 0.076013111 -0.984772325 0.019213824 0.172779962 87.175567627
0.153522894 0.037757993 0.987423480 2.411903858 0.015469524 0.999055684 -0.040607974 0.059130743 -0.988023281 0.021509208 0.152793750 87.226852417
0.135785311 0.038604200 0.989986002 2.844712973 0.013041809 0.999084651 -0.040747803 0.041344166 -0.990651667 0.018444147 0.135157496 87.284431458
0.120339841 0.034170792 0.992144644 3.296555042 0.011073022 0.999299347 -0.035760295 0.025122527 -0.992670238 0.015289417 0.119877115 87.334823608
0.105867259 0.030922171 0.993899524 3.761638403 0.011208459 0.999416053 -0.032287702 0.010130286 -0.994316339 0.014558281 0.105458833 87.376182556
0.092681825 0.028469756 0.995288789 4.248169422 0.013625051 0.999461532 -0.029857896 -0.004296905 -0.995601833 0.016328132 0.092244014 87.410964966
0.081061587 0.027725969 0.996323466 4.743333340 0.017196227 0.999425590 -0.029211398 -0.018602937 -0.996560037 0.019500909 0.080538243 87.440139771
0.071049459 0.028372576 0.997069240 5.255585194 0.020422313 0.999344707 -0.029892590 -0.033688080 -0.997263014 0.022486294 0.070423476 87.464210510
0.063240722 0.028977223 0.997577608 5.779525757 0.022497198 0.999283195 -0.030452965 -0.049525589 -0.997743964 0.024368547 0.062543511 87.490631104
0.057762615 0.029274367 0.997901142 6.325213909 0.024152445 0.999236643 -0.030711597 -0.066150874 -0.998037457 0.025875708 0.057011504 87.515281677
0.052237872 0.030334909 0.998173952 6.888628006 0.025552005 0.999170899 -0.031702444 -0.083910130 -0.998307049 0.027161386 0.051419478 87.539337158
0.046304308 0.031094844 0.998443484 7.466928959 0.026060790 0.999137759 -0.032325093 -0.102644548 -0.998586774 0.027516987 0.045454074 87.566085815
0.041978154 0.031080913 0.998635173 8.064792633 0.028628986 0.999068320 -0.032297853 -0.121853173 -0.998707652 0.029945683 0.041049279 87.586410522
0.039160527 0.031048670 0.998750627 8.685782433 0.030105460 0.999026895 -0.032237701 -0.141787857 -0.998778701 0.031330258 0.038187739 87.606658936
0.036135487 0.030622872 0.998877764 9.324208260 0.031035909 0.999014080 -0.031749826 -0.162042707 -0.998864233 0.032148339 0.035149507 87.627952576
0.033836279 0.030036727 0.998976111 9.980834007 0.033232156 0.998961985 -0.031161925 -0.182421327 -0.998874128 0.034252491 0.032803025 87.646476746
0.033241961 0.029693307 0.999006331 10.651375771 0.037704386 0.998809993 -0.030942105 -0.202972844 -0.998735249 0.038695447 0.032082893 87.662406921
0.034289006 0.029355537 0.998980939 11.337951660 0.040908575 0.998689830 -0.030751146 -0.223916262 -0.998573720 0.041921265 0.033043247 87.680564880
0.036686026 0.029294033 0.998897612 12.041957855 0.042494111 0.998620689 -0.030846592 -0.245621473 -0.998422325 0.043578852 0.035390656 87.704704285
0.040592253 0.029220270 0.998748600 12.766005516 0.044860713 0.998511314 -0.031036627 -0.268086225 -0.998167515 0.046064369 0.039221033 87.732368469
0.044975337 0.028814154 0.998572588 13.500365257 0.045204923 0.998501658 -0.030848138 -0.290843487 -0.997964084 0.046527751 0.043605447 87.765968323
0.049007408 0.027130574 0.998430014 14.253614426 0.046758428 0.998473048 -0.029426873 -0.313074112 -0.997702599 0.048127100 0.047664024 87.802551270
0.052983608 0.025569487 0.998268068 15.009451866 0.046532728 0.998523355 -0.028045792 -0.334490359 -0.997509897 0.047938060 0.051715575 87.845489502
0.057139300 0.023513230 0.998089373 15.782444954 0.043442752 0.998717546 -0.026015086 -0.354975045 -0.997419894 0.044846196 0.056044564 87.896392822
0.061233323 0.022453511 0.997870982 16.572963715 0.042779911 0.998769581 -0.025098894 -0.375074565 -0.997205496 0.044225685 0.060197443 87.948959351
0.065357327 0.023458568 0.997586250 17.361293793 0.040106319 0.998854458 -0.026115993 -0.396023124 -0.997054875 0.041716352 0.064341642 88.007240295
0.068349674 0.027445633 0.997283936 18.136775970 0.037914593 0.998828351 -0.030086659 -0.419756204 -0.996939957 0.039867997 0.067229025 88.067985535
0.069661759 0.032840006 0.997030079 18.923137665 0.031878836 0.998874605 -0.035128128 -0.447815895 -0.997060418 0.034231223 0.068536483 88.132369995
0.069690607 0.035968587 0.996920049 19.718235016 0.029357385 0.998843312 -0.038090248 -0.478178978 -0.997135818 0.031921476 0.068554074 88.186546326
0.069822915 0.035556134 0.996925592 20.522701263 0.027229486 0.998924613 -0.037534554 -0.508717716 -0.997186959 0.029766524 0.068779670 88.250450134
0.069891766 0.034047652 0.996973395 21.330875397 0.024468658 0.999058485 -0.035834227 -0.537898064 -0.997253716 0.026899103 0.068992883 88.311286926
0.069686040 0.032865476 0.997027457 22.153755188 0.025516097 0.999071777 -0.034716297 -0.566725850 -0.997241855 0.027859477 0.068782777 88.374343872
0.070136577 0.032382663 0.997011662 22.963319778 0.023031322 0.999154270 -0.034072455 -0.594526231 -0.997270703 0.025352214 0.069331475 88.435913086
0.070292570 0.032720484 0.996989608 23.772548676 0.021436207 0.999181807 -0.034303807 -0.622503042 -0.997295260 0.023782972 0.069533683 88.497955322
0.070374846 0.033338662 0.996963322 24.579637527 0.018361568 0.999229014 -0.034710575 -0.650723636 -0.997350812 0.020748559 0.069708459 88.560203552
0.069300897 0.034787305 0.996989071 25.388154984 0.015860526 0.999227345 -0.035967890 -0.680001438 -0.997468889 0.018305378 0.068695627 88.621879578
0.066364065 0.034537960 0.997197568 26.202674866 0.012933028 0.999287248 -0.035471059 -0.709142268 -0.997710764 0.015250793 0.065870114 88.686668396
0.062382597 0.033435009 0.997492075 27.007429123 0.010680336 0.999359369 -0.034165557 -0.736808300 -0.997994244 0.012784895 0.061985567 88.744651794
0.057424434 0.031081747 0.997865915 27.819787979 0.008859414 0.999460220 -0.031641260 -0.762670934 -0.998309612 0.010657499 0.057118118 88.800865173
0.051113408 0.029066406 0.998269856 28.624025345 0.006551479 0.999545336 -0.029439013 -0.786414623 -0.998670459 0.008044885 0.050899796 88.845191956
0.043754812 0.029293742 0.998612821 29.426048279 0.006337806 0.999541938 -0.029598717 -0.810195804 -0.999021292 0.007624113 0.043549180 88.881401062
0.035120759 0.030298749 0.998923779 30.223318100 0.006138807 0.999515057 -0.030532541 -0.834564090 -0.999363303 0.007204540 0.034917809 88.909179688
0.025213253 0.030855341 0.999205887 31.025730133 0.007230516 0.999491870 -0.031046648 -0.859512210 -0.999655068 0.008007574 0.024977434 88.931251526
0.014992588 0.029826684 0.999442756 31.822145462 0.008672792 0.999513566 -0.029958924 -0.883379221 -0.999849081 0.009117131 0.014726718 88.942329407
0.004089338 0.028760524 0.999578118 32.622127533 0.007933337 0.999553978 -0.028792314 -0.906447768 -0.999959230 0.008047743 0.003859463 88.948585510
-0.006903732 0.028133379 0.999580503 33.404953003 0.009663897 0.999559402 -0.028066069 -0.928393364 -0.999928534 0.009466091 -0.007172440 88.939323425
-0.018003179 0.028589308 0.999429226 34.183731079 0.010121861 0.999545157 -0.028410321 -0.950552464 -0.999785781 0.009604618 -0.018284226 88.927268982
-0.028885256 0.029128905 0.999158382 34.963920593 0.010575842 0.999528289 -0.028833976 -0.973019361 -0.999525845 0.009734074 -0.029179541 88.899559021
-0.039436728 0.030304929 0.998762608 35.734493256 0.010122341 0.999500871 -0.029927675 -0.996104538 -0.999169827 0.008929575 -0.039723635 88.868370056
-0.049564455 0.031245252 0.998282254 36.494342804 0.011198608 0.999465108 -0.030726299 -1.019443035 -0.998707175 0.009656448 -0.049887672 88.825317383
-0.059024766 0.031920191 0.997746229 37.259323120 0.012135294 0.999437749 -0.031256441 -1.043375969 -0.998181820 0.010263047 -0.059378751 88.776718140
-0.068597190 0.032274272 0.997122467 38.011581421 0.012966182 0.999421000 -0.031456698 -1.067063093 -0.997559249 0.010771036 -0.068975754 88.720535278
-0.077904135 0.032688458 0.996424973 38.751567841 0.013862839 0.999401271 -0.031702284 -1.090578318 -0.996863604 0.011343546 -0.078310430 88.659889221
-0.086396061 0.032209206 0.995740235 39.483417511 0.015151509 0.999404192 -0.031013126 -1.113322020 -0.996144772 0.012407561 -0.086832367 88.592018127
-0.093649462 0.031145144 0.995118141 40.211933136 0.016881157 0.999416649 -0.029691046 -1.135013461 -0.995461285 0.014018198 -0.094120353 88.519905090
-0.098793656 0.029467637 0.994671702 40.930980682 0.019585084 0.999425530 -0.027663259 -1.154945135 -0.994914353 0.016747775 -0.099313781 88.444168091
-0.102446206 0.027764736 0.994351208 41.633789062 0.022444306 0.999420583 -0.025593922 -1.172899485 -0.994484484 0.019695519 -0.103009753 88.364486694
-0.105091624 0.026870832 0.994099677 42.346164703 0.024213200 0.999407828 -0.024454638 -1.190395355 -0.994166851 0.021500353 -0.105679765 88.287429810
-0.107021473 0.025983419 0.993917346 43.027896881 0.024009764 0.999434590 -0.023542400 -1.206673622 -0.993965864 0.021344174 -0.107584566 88.219741821
-0.107730933 0.026429705 0.993828893 43.684604645 0.024941027 0.999403954 -0.023874393 -1.222479939 -0.993866265 0.022215098 -0.108325645 88.149528503
-0.107042558 0.027401382 0.993876934 44.346351624 0.025456665 0.999368191 -0.024811070 -1.239131331 -0.993927598 0.022644948 -0.107672207 88.083641052
-0.103995174 0.029171072 0.994150102 44.973365784 0.026548654 0.999295175 -0.026544899 -1.255930305 -0.994222522 0.023632802 -0.104696073 88.020019531
-0.098804139 0.029707266 0.994663537 45.589237213 0.026775628 0.999271929 -0.027185198 -1.272876143 -0.994745672 0.023946730 -0.099527381 87.963127136
-0.090922005 0.030400779 0.995394051 46.192329407 0.026048921 0.999264717 -0.028139647 -1.290157199 -0.995516300 0.023370430 -0.091646828 87.917503357
-0.079956032 0.030244069 0.996339619 46.776863098 0.024607681 0.999295056 -0.028359052 -1.307103157 -0.996493638 0.022250134 -0.080643684 87.884033203
-0.066409513 0.030576522 0.997323990 47.339035034 0.023710927 0.999296665 -0.029058175 -1.323772788 -0.997509658 0.021717742 -0.067087606 87.859565735
-0.049356408 0.031803180 0.998274922 47.880546570 0.022524580 0.999274373 -0.030721396 -1.340764999 -0.998526156 0.020969432 -0.050036769 87.848030090
-0.028310070 0.034374185 0.999008179 48.411773682 0.020584311 0.999216914 -0.033798076 -1.359091640 -0.999386191 0.019607078 -0.028995324 87.850677490
-0.003930638 0.037251748 0.999298334 48.919334412 0.018200880 0.999143302 -0.037174404 -1.378349900 -0.999825597 0.018042006 -0.004605174 87.869201660
0.024085235 0.038917281 0.998952270 49.439502716 0.015975859 0.999099731 -0.039308235 -1.399223566 -0.999581218 0.016905887 0.023441885 87.905364990
0.057043687 0.038007710 0.997648120 49.948425293 0.013325957 0.999157369 -0.038827188 -1.419380784 -0.998281717 0.015509483 0.056489155 87.956764221
0.095027953 0.035418034 0.994844556 50.456184387 0.011974858 0.999254167 -0.036718894 -1.438452005 -0.995401561 0.015402464 0.094532922 88.026443481
0.136883691 0.031613037 0.990082800 50.958999634 0.009547040 0.999402404 -0.033230558 -1.455710053 -0.990540087 0.014001105 0.136499971 88.123023987
0.182829067 0.027219545 0.982768118 51.451637268 0.006710867 0.999559104 -0.028933084 -1.470455289 -0.983120799 0.011885061 0.182565615 88.234878540
0.230815634 0.024065712 0.972700119 51.932689667 0.001706275 0.999682784 -0.025138211 -1.483145356 -0.972994983 0.007462019 0.230701104 88.383514404
0.282210529 0.022616055 0.959086180 52.398139954 -0.002485055 0.999736190 -0.022843421 -1.494372845 -0.959348261 0.004063309 0.282191932 88.555267334
0.336446494 0.022558600 0.941432655 52.844982147 -0.003743954 0.999737442 -0.022617724 -1.505267262 -0.941694140 0.004085009 0.336442173 88.753906250
0.393873990 0.022786709 0.918882310 53.278270721 -0.002469485 0.999715507 -0.023732735 -1.516724348 -0.919160187 0.007078571 0.393817663 88.977195740
0.453439534 0.026005330 0.890907884 53.687030792 -0.001993703 0.999601543 -0.028163377 -1.530067086 -0.891283870 0.010994208 0.453310072 89.223464966
0.512872279 0.028667618 0.857986450 54.077789307 -0.001022534 0.999462128 -0.032783505 -1.545576572 -0.858463407 0.015936447 0.512625039 89.493225098
0.570718467 0.032400500 0.820506632 54.443119049 -0.005117192 0.999342322 -0.035903122 -1.562345386 -0.821129024 0.016291903 0.570508182 89.795272827
0.626541972 0.034628313 0.778618336 54.788078308 -0.008539031 0.999257624 -0.037569862 -1.579820514 -0.779340148 0.016890466 0.626371741 90.121894836
0.679306984 0.035560004 0.732992411 55.101764679 -0.010292981 0.999188840 -0.038935062 -1.597444534 -0.733781219 0.018904202 0.679121196 90.463356018
0.728329122 0.033963852 0.684385419 55.383766174 -0.011180051 0.999227047 -0.037690576 -1.613927364 -0.685135484 0.019799700 0.728145063 90.811454773
0.773362696 0.029722946 0.633266866 55.647624969 -0.012666456 0.999425471 -0.031440362 -1.628050327 -0.633836567 0.016293580 0.773293972 91.196403503
0.814413548 0.024879579 0.579751551 55.884490967 -0.013388184 0.999620199 -0.024090743 -1.638715744 -0.580129862 0.011858033 0.814436316 91.598510742
0.850479662 0.022574149 0.525523543 56.095764160 -0.015742447 0.999723613 -0.017466985 -1.646287203 -0.525771737 0.006582320 0.850598872 92.023902893
0.881289661 0.019019648 0.472193778 56.281967163 -0.016310062 0.999818742 -0.009831438 -1.650245547 -0.472294390 0.000962873 0.881439030 92.456092834
0.906471968 0.019504996 0.421815455 56.430538177 -0.019683193 0.999798596 -0.003932612 -1.651104569 -0.421806514 -0.004737827 0.906672239 92.886474609
0.926367223 0.021219203 0.376023471 56.572513580 -0.022928471 0.999737144 0.000070549 -1.650192618 -0.375922501 -0.008686947 0.926609099 93.338218689
0.941369653 0.027254052 0.336274475 56.687103271 -0.030028727 0.999544382 0.003052466 -1.647430778 -0.336037517 -0.012971336 0.941758037 93.791809082
0.952999949 0.031848319 0.301292121 56.790657043 -0.034123003 0.999415040 0.002288473 -1.645059347 -0.301042467 -0.012461849 0.953528047 94.246643066
0.962147951 0.033669952 0.270440221 56.898551941 -0.035709061 0.999358773 0.002621646 -1.643007636 -0.270178050 -0.012179519 0.962732077 94.713272095
0.968302488 0.028331300 0.248169273 57.020298004 -0.030058578 0.999543071 0.003172835 -1.641801238 -0.247965544 -0.010531824 0.968710363 95.155273438
0.972259402 0.025580781 0.232502803 57.129463196 -0.027249657 0.999620795 0.003968205 -1.639670491 -0.232312679 -0.010193693 0.972586513 95.638168335
0.975086987 0.029907363 0.219798297 57.222820282 -0.031488966 0.999497294 0.003694832 -1.637277246 -0.219576895 -0.010523949 0.975537181 96.130767822
0.977001309 0.035415310 0.210272714 57.308639526 -0.037112080 0.999302626 0.004127525 -1.634383321 -0.209979504 -0.011836200 0.977632880 96.631874084
0.977963746 0.043169867 0.204263732 57.396587372 -0.044692572 0.998996794 0.002844981 -1.632094264 -0.203935608 -0.011911305 0.978910565 97.142601013
0.978308201 0.048872210 0.201308280 57.491382599 -0.049729303 0.998762429 -0.000800649 -1.631924748 -0.201097921 -0.009227587 0.979526401 97.663017273
0.978409111 0.050325856 0.200457513 57.594692230 -0.050709832 0.998708248 -0.003222209 -1.633392453 -0.200360373 -0.007012478 0.979695857 98.195388794
0.977991521 0.048821636 0.202852771 57.709129333 -0.048450921 0.998802423 -0.006796092 -1.637305260 -0.202941269 -0.003181838 0.979184449 98.722999573
0.977272272 0.047174867 0.206672713 57.824840546 -0.045391057 0.998879910 -0.013367185 -1.644780755 -0.207071438 0.003682322 0.978317559 99.268417358
0.976374447 0.047691740 0.210757434 57.944984436 -0.044874500 0.998828053 -0.018132528 -1.655043483 -0.211374834 0.008246532 0.977368951 99.816619873
0.975174546 0.052539978 0.215114847 58.063823700 -0.049908761 0.998597801 -0.017649110 -1.665033221 -0.215740100 0.006474881 0.976428032 100.392982483
0.973745346 0.055430617 0.220788956 58.189254761 -0.053724088 0.998461366 -0.013731617 -1.672887206 -0.221210003 0.001509453 0.975223720 100.982139587
0.972848713 0.052240316 0.225469783 58.330078125 -0.051487520 0.998630941 -0.009221951 -1.678660631 -0.225642487 -0.002637272 0.974205315 101.585411072
0.972181082 0.047762319 0.229309559 58.479110718 -0.048199687 0.998830676 -0.003696697 -1.681228280 -0.229217619 -0.007458739 0.973345339 102.195907593
0.971414447 0.045140948 0.233058810 58.628257751 -0.046618901 0.998912156 0.000834094 -1.680668831 -0.232767269 -0.011675142 0.972461104 102.820434570
0.970896184 0.040548850 0.236043453 58.781955719 -0.042073440 0.999113262 0.001423512 -1.679778814 -0.235776052 -0.011313190 0.971740246 103.449920654
0.970996439 0.037134666 0.236192763 58.944988251 -0.037814081 0.999283195 -0.001654331 -1.681144476 -0.236084536 -0.007325017 0.971703589 104.090110779
0.971108019 0.036409680 0.235846639 59.101913452 -0.035365261 0.999336660 -0.008658472 -1.686905861 -0.236005113 0.000067573 0.971750498 104.741241455
0.971238613 0.038629990 0.234954000 59.255794525 -0.036034930 0.999232650 -0.015330082 -1.697053432 -0.235365570 0.006422650 0.971884429 105.394447327
0.971758366 0.041548964 0.232291773 59.406784058 -0.038148899 0.999089003 -0.019112322 -1.709840894 -0.232873902 0.009710915 0.972457170 106.064041138
0.972391665 0.039968371 0.229906872 59.570827484 -0.037552413 0.999183655 -0.014876138 -1.720468998 -0.230313420 0.005831910 0.973097742 106.760704041
0.972836673 0.035872959 0.228696302 59.733184814 -0.035135034 0.999355614 -0.007298884 -1.725641370 -0.228810430 -0.000934589 0.973469257 107.461761475
0.973414719 0.036115143 0.226184621 59.895294189 -0.036762696 0.999322772 -0.001350075 -1.726505756 -0.226079866 -0.007000925 0.974082291 108.174636841
0.973674893 0.039517056 0.224489927 60.051094055 -0.040106677 0.999193192 -0.001934812 -1.727496028 -0.224384919 -0.007119618 0.974473298 108.900413513
0.973914266 0.045307823 0.222347036 60.201831818 -0.044984907 0.998965979 -0.006519383 -1.731676936 -0.222412184 -0.003652896 0.974944592 109.626670837
0.974755824 0.046170197 0.218447641 60.359683990 -0.044684991 0.998931706 -0.011737157 -1.740220070 -0.218755886 0.001679571 0.975776851 110.368545532
0.975674391 0.044984423 0.214559555 60.520030975 -0.042861048 0.998974741 -0.014541002 -1.751206875 -0.214993387 0.004991073 0.976601481 111.122383118
0.976582587 0.042861555 0.210829914 60.678607941 -0.041043296 0.999072373 -0.012994673 -1.761101961 -0.211191028 0.004037254 0.977435172 111.887550354
0.977452517 0.039186973 0.207487255 60.843212128 -0.037731163 0.999227226 -0.010970858 -1.769823790 -0.207756549 0.002894795 0.978174984 112.669883728
0.977864206 0.038058102 0.205750063 61.007137299 -0.037163161 0.999274969 -0.008213982 -1.776371717 -0.205913231 0.000385876 0.978568912 113.458923340
0.978236377 0.034849927 0.204545975 61.174491882 -0.034371126 0.999391317 -0.005894355 -1.781199217 -0.204626620 -0.001264365 0.978838027 114.255966187
0.978485584 0.029572085 0.204184934 61.344024658 -0.029233456 0.999561191 -0.004675320 -1.785109401 -0.204233319 -0.001394260 0.978919923 115.048461914
0.978597581 0.030485233 0.203512624 61.503086090 -0.030488312 0.999529719 -0.003120911 -1.787461281 -0.203511789 -0.003150601 0.979066133 115.841377258
0.978299975 0.036068179 0.204029873 61.655101776 -0.035775665 0.999346137 -0.005123265 -1.791095376 -0.204080984 -0.002287175 0.978950083 116.650772095
0.977968812 0.041835260 0.204515964 61.814529419 -0.040979680 0.999123931 -0.008418906 -1.797651172 -0.204688728 -0.000147532 0.978825867 117.461151123
0.977357268 0.050723143 0.205426216 61.970909119 -0.049721804 0.998712063 -0.010037126 -1.805259347 -0.205670491 -0.000404264 0.978619993 118.286537170
0.976387143 0.056682210 0.208459049 62.128086090 -0.055960972 0.998388410 -0.009360729 -1.812091112 -0.208653450 -0.002525833 0.977985203 119.113304138
0.975578010 0.059499830 0.211440966 62.292621613 -0.059283398 0.998213291 -0.007368436 -1.817439198 -0.211501360 -0.005346411 0.977361858 119.945846558
0.974990964 0.060058549 0.213975593 62.475753784 -0.059708863 0.998182297 -0.008102885 -1.824339390 -0.214073047 -0.004875957 0.976804256 120.788986206
0.974690437 0.058567986 0.215750545 62.657810211 -0.057595506 0.998280942 -0.010797434 -1.833456516 -0.216011792 -0.001902066 0.976387680 121.609718323
0.974691987 0.052725747 0.217245340 62.846511841 -0.051898506 0.998606324 -0.009515730 -1.841742158 -0.217444047 -0.001999763 0.976069570 122.447471619
0.975010335 0.046047114 0.217334896 63.039726257 -0.044739168 0.998938143 -0.010937529 -1.851419568 -0.217607513 0.000940859 0.976034701 123.266067505
0.974763811 0.045395840 0.218574107 63.225635529 -0.044056993 0.998967767 -0.010997905 -1.860779405 -0.218847513 0.001090681 0.975757241 124.101058960
0.974198937 0.048052467 0.220516071 63.410854340 -0.047449250 0.998840630 -0.008034730 -1.867456794 -0.220646277 -0.002635856 0.975349128 124.947265625
0.973756671 0.050148208 0.221997872 63.585617065 -0.050873868 0.998701334 -0.002452077 -1.868804216 -0.221832320 -0.008906120 0.975042939 125.780220032
0.973376751 0.053586390 0.222858965 63.761920929 -0.055389192 0.998462379 0.001842045 -1.866758585 -0.222417384 -0.014136935 0.974847853 126.592987061
0.973163188 0.053038057 0.223920256 63.946777344 -0.053360555 0.998563886 -0.004615052 -1.870384693 -0.223843262 -0.007457267 0.974595428 127.422164917
0.973470211 0.049095925 0.223484352 64.134140015 -0.046056721 0.998761237 -0.018794628 -1.886051893 -0.224130049 0.008003093 0.974525213 128.227966309
0.973710477 0.047078107 0.222871229 64.321472168 -0.041907027 0.998731732 -0.027877707 -1.909304261 -0.223900795 0.017804980 0.974448144 129.036926270
