1.000000000 0.000000000 0.000000000 0.000000000 0.000000000 1.000000000 0.000000000 0.000000000 0.000000000 0.000000000 1.000000000 0.000000000
0.999990940 -0.002584479 -0.003379690 -0.000972996 0.002577329 0.999994457 -0.002118265 -0.001418775 0.003385146 0.002109536 0.999992073 0.671357453
0.999971092 -0.001331667 -0.007489190 -0.010189260 0.001304711 0.999992609 -0.003602987 -0.003882379 0.007493934 0.003593111 0.999965489 1.353583097
0.999934494 -0.001331115 -0.011367985 -0.025739525 0.001273805 0.999986410 -0.005047121 -0.007455010 0.011374550 0.005032310 0.999922633 2.059398890
0.999868929 0.000251462 -0.016190883 -0.045058947 -0.000343572 0.999983728 -0.005686468 -0.011597941 0.016189193 0.005691286 0.999852717 2.788183689
0.999783576 -0.000686287 -0.020796195 -0.057513230 0.000560699 0.999981523 -0.006044267 -0.016045341 0.020799963 0.006031299 0.999765456 3.524139881
0.999678433 0.001126283 -0.025337523 -0.082609139 -0.001308907 0.999973238 -0.007192252 -0.021463670 0.025328748 0.007223104 0.999653101 4.278171539
0.999535918 0.003845608 -0.030222319 -0.112380758 -0.004081769 0.999961555 -0.007756338 -0.027339052 0.030191332 0.007876098 0.999513149 5.038655758
0.999395311 0.003942647 -0.034549303 -0.144279808 -0.004158100 0.999972343 -0.006166486 -0.032082159 0.034524035 0.006306416 0.999384046 5.810685635
0.999232650 0.003089150 -0.039047506 -0.178112119 -0.003226197 0.999988854 -0.003447240 -0.034827799 0.039036423 0.003570568 0.999231458 6.608911514
0.999092519 0.002705751 -0.042508382 -0.215336546 -0.002739600 0.999995947 -0.000738057 -0.035419017 0.042506218 0.000853842 0.999095917 7.419290066
0.998973429 0.004439299 -0.045082025 -0.259519875 -0.004500897 0.999989033 -0.001264947 -0.036417872 0.045075916 0.001466557 0.998982549 8.234114647
0.998871505 0.003818952 -0.047341045 -0.301416069 -0.003886802 0.999991536 -0.001341251 -0.037508257 0.047335524 0.001523742 0.998877943 9.054710388
0.998791635 0.000834994 -0.049139187 -0.339021832 -0.000930243 0.999997735 -0.001915515 -0.039115813 0.049137477 0.001958911 0.998790145 9.891375542
0.998674154 0.000866459 -0.051469952 -0.379070938 -0.000920874 0.999999046 -0.001033538 -0.039983507 0.051469006 0.001079564 0.998674035 10.727262497
0.998590708 -0.000557505 -0.053068925 -0.422024310 0.000492017 0.999999106 -0.001247080 -0.041037962 0.053069573 0.001219211 0.998590112 11.572485924
0.998490989 0.001903185 -0.054882057 -0.473342121 -0.002098498 0.999991655 -0.003501369 -0.044027500 0.054874934 0.003611254 0.998486757 12.427363396
0.998409033 0.002623633 -0.056324136 -0.524594903 -0.002974115 0.999976695 -0.006139691 -0.049292590 0.056306716 0.006297437 0.998393714 13.284765244
0.998285532 0.006619223 -0.058154672 -0.582345784 -0.007086545 0.999944210 -0.007833286 -0.056097060 0.058099575 0.008231971 0.998276949 14.157746315
0.998227417 0.007532248 -0.059035674 -0.640285611 -0.007988884 0.999939978 -0.007502705 -0.062709890 0.058975615 0.007961034 0.998227775 15.043165207
0.998149097 0.006999046 -0.060409419 -0.694305718 -0.007378851 0.999954462 -0.006066390 -0.068040788 0.060364205 0.006500913 0.998155355 15.921310425
0.998048246 0.007839389 -0.061952729 -0.751488805 -0.008140586 0.999956369 -0.004610809 -0.072152652 0.061913874 0.005106142 0.998068511 16.814344406
0.997996986 0.007652063 -0.062796250 -0.813033164 -0.007943208 0.999958932 -0.004387990 -0.076103948 0.062760092 0.004878004 0.998016834 17.720878601
0.997875214 0.007442767 -0.064727344 -0.870500624 -0.007802743 0.999955535 -0.005310386 -0.080932923 0.064684935 0.005804153 0.997888923 18.626518250
0.997802019 0.005616749 -0.066026710 -0.928006053 -0.006017637 0.999964714 -0.005874264 -0.086200833 0.065991387 0.006258677 0.997800648 19.519792557
0.997761369 0.005682818 -0.066632435 -0.989520788 -0.005976685 0.999973297 -0.004211728 -0.090117604 0.066606723 0.004600541 0.997768819 20.447128296
0.997749448 0.007054246 -0.066679932 -1.053787112 -0.007120576 0.999974370 -0.000757125 -0.090781651 0.066672884 0.001230220 0.997774243 21.355403900
0.997795701 0.007957503 -0.065880843 -1.119000673 -0.007779293 0.999965370 0.002961140 -0.087988965 0.065902121 -0.002442107 0.997823238 22.286426544
0.997905552 0.006649278 -0.064344153 -1.180189967 -0.006285002 0.999963045 0.005862146 -0.082526922 0.064380750 -0.005445466 0.997910678 23.214717865
0.997998416 0.006813798 -0.062870443 -1.243250489 -0.006414309 0.999957919 0.006553812 -0.076294191 0.062912449 -0.006137425 0.998000324 24.160194397
0.998084426 0.007077262 -0.061459903 -1.304083109 -0.006849508 0.999968827 0.003915630 -0.072603814 0.061485693 -0.003487160 0.998102009 25.094976425
0.998134434 0.008176101 -0.060504254 -1.366714239 -0.008251956 0.999965429 -0.001003928 -0.073482007 0.060493942 0.001501334 0.998167515 26.020980835
0.998218954 0.007150753 -0.059225954 -1.429730654 -0.007395816 0.999964952 -0.003919579 -0.077092841 0.059195843 0.004350623 0.998236954 26.954483032
0.998272121 0.004592824 -0.058579735 -1.482339144 -0.004772120 0.999984324 -0.002921173 -0.079873681 0.058565389 0.003195676 0.998278499 27.900266647
0.998264790 0.002865535 -0.058814768 -1.541168332 -0.002738570 0.999993742 0.002239232 -0.077681653 0.058820806 -0.002074278 0.998266399 28.875755310
0.998222649 -0.000816688 -0.059588689 -1.600295305 0.001156175 0.999983311 0.005662927 -0.072174147 0.059583060 -0.005721758 0.998206973 29.846733093
0.998121142 -0.008019639 -0.060744397 -1.649143338 0.008350506 0.999951720 0.005194989 -0.067151092 0.060699787 -0.005692474 0.998139858 30.797910690
0.998015463 -0.009981600 -0.062173832 -1.708089709 0.010084330 0.999948323 0.001338733 -0.065836877 0.062157240 -0.001963058 0.998064458 31.767076492
0.997938633 -0.009696864 -0.063439213 -1.776203275 0.009548657 0.999951005 -0.002638970 -0.068479910 0.063461676 0.002027771 0.997982204 32.744709015
0.997811615 -0.008211102 -0.065610044 -1.846090078 0.008023396 0.999962986 -0.003123912 -0.071586616 0.065633245 0.002590660 0.997840405 33.722351074
0.997772396 -0.008487545 -0.066168420 -1.913637161 0.008405934 0.999963582 -0.001511677 -0.073099554 0.066178828 0.000952102 0.997807324 34.709190369
0.997696102 -0.005586766 -0.067610890 -1.986395597 0.005697236 0.999982774 0.001441239 -0.071712151 0.067601658 -0.001823114 0.997710705 35.693145752
0.997630477 -0.005690502 -0.068564557 -2.058223009 0.005895627 0.999978721 0.002789774 -0.068978257 0.068547212 -0.003187394 0.997642756 36.679084778
0.997565627 -0.004592908 -0.069583222 -2.132392406 0.004980910 0.999972939 0.005403653 -0.063708931 0.069556512 -0.005737086 0.997561455 37.656906128
0.997594595 -0.004987705 -0.069139525 -2.213398218 0.005579882 0.999949336 0.008374522 -0.055434771 0.069094241 -0.008740168 0.997571766 38.649768829
0.997547269 0.000651247 -0.069994509 -2.287122488 0.000105811 0.999941528 0.010811755 -0.044817962 0.069997445 -0.010792641 0.997488678 39.628971100
0.997552574 0.000758768 -0.069917999 -2.369971752 -0.000046425 0.999948084 0.010189373 -0.034533627 0.069922082 -0.010161187 0.997500598 40.634849548
0.997570276 0.000703778 -0.069665104 -2.450428247 -0.000108552 0.999963462 0.008547561 -0.025900010 0.069668546 -0.008519229 0.997533739 41.641593933
0.997566700 0.002975751 -0.069656007 -2.529380798 -0.002533144 0.999976039 0.006441693 -0.019555112 0.069673479 -0.006249569 0.997550189 42.619228363
0.997518897 0.002782604 -0.070345923 -2.606770277 -0.002334705 0.999976456 0.006448551 -0.013166133 0.070362180 -0.006268313 0.997501731 43.604099274
0.997424960 0.000675541 -0.071716279 -2.676917791 -0.000110245 0.999968886 0.007886095 -0.005421047 0.071719341 -0.007857880 0.997393847 44.583683014
0.997369289 0.001360042 -0.072476707 -2.752175570 -0.000721641 0.999960721 0.008833855 0.003347203 0.072485834 -0.008758311 0.997330964 45.573093414
0.997351170 0.003868710 -0.072635539 -2.828816414 -0.003497447 0.999980152 0.005237830 0.008441884 0.072654322 -0.004969915 0.997344732 46.538516998
0.997280478 0.004633357 -0.073555380 -2.904923677 -0.004563740 0.999988973 0.001114528 0.009538693 0.073559694 -0.000775809 0.997290432 47.497726440
0.997232974 0.005465052 -0.074139625 -2.984276533 -0.005488233 0.999984920 -0.000108914 0.009477751 0.074137866 0.000515508 0.997247815 48.457187653
0.997228265 0.004057690 -0.074292585 -3.054372311 -0.003818117 0.999987006 0.003366478 0.012744268 0.074305236 -0.003073489 0.997230709 49.427436829
0.997214258 0.002205414 -0.074558116 -3.124571562 -0.001712944 0.999976277 0.006668509 0.019240579 0.074571006 -0.006522217 0.997194290 50.399703979
0.997167230 0.000111929 -0.075216770 -3.190833569 0.000451780 0.999971867 0.007477420 0.026437480 0.075215444 -0.007490218 0.997139096 51.359527588
0.997140467 -0.002766131 -0.075520456 -3.262885809 0.003252192 0.999974728 0.006313955 0.032486789 0.075501032 -0.006541505 0.997124195 52.314731598
0.997100651 -0.005356423 -0.075905859 -3.335375309 0.005753368 0.999970853 0.005011752 0.037275597 0.075876743 -0.005433932 0.997102380 53.267440796
0.997009575 -0.006983160 -0.076962613 -3.409064293 0.007481310 0.999952853 0.006186231 0.043138519 0.076915734 -0.006743508 0.997014761 54.213123322
0.996898830 -0.009886159 -0.078071192 -3.480653763 0.010726254 0.999888897 0.010348654 0.052951705 0.077960163 -0.011153968 0.996894002 55.156269073
0.996832132 -0.010879246 -0.078787528 -3.554288864 0.012133796 0.999806881 0.015462039 0.067723833 0.078604050 -0.016369045 0.996771455 56.107475281
0.996801198 -0.009224648 -0.079387657 -3.632632494 0.010664198 0.999785960 0.017728357 0.084426895 0.079207085 -0.018518250 0.996686101 57.048286438
0.996699870 -0.007987796 -0.080781110 -3.712072849 0.009124625 0.999864280 0.013713626 0.097123876 0.080660567 -0.014405464 0.996637464 57.973617554
0.996587455 -0.006561718 -0.082282089 -3.789948463 0.007085490 0.999956429 0.006075209 0.102701664 0.082238592 -0.006637483 0.996590555 58.890914917
0.996525109 -0.004992735 -0.083142661 -3.870999098 0.005116344 0.999986053 0.001273741 0.103839017 0.083135098 -0.001694700 0.996536851 59.800807953
0.996448100 -0.000269748 -0.084208287 -3.955582142 0.000458492 0.999997377 0.002222093 0.105845772 0.084207423 -0.002252807 0.996445715 60.701713562
0.996341586 0.002355682 -0.085427150 -4.040557384 -0.001968712 0.999987364 0.004613819 0.109913394 0.085436903 -0.004428756 0.996333718 61.574958801
0.996257305 0.004956927 -0.086293906 -4.124244213 -0.004437014 0.999970734 0.006215716 0.115548261 0.086322151 -0.005809564 0.996250331 62.473457336
0.996155798 0.005861973 -0.087402202 -4.202165604 -0.005361860 0.999967813 0.005955690 0.120708205 0.087434269 -0.005464155 0.996155322 63.334159851
0.995992959 0.007346841 -0.089128740 -4.281409740 -0.006772812 0.999954283 0.006741219 0.126533881 0.089174159 -0.006110554 0.995997310 64.192214966
0.995862186 0.008125702 -0.090511136 -4.361218929 -0.007482786 0.999944270 0.007440292 0.132812366 0.090566508 -0.006732230 0.995867670 65.028434753
0.995739937 0.008106433 -0.091847852 -4.439239979 -0.007411999 0.999941289 0.007899347 0.139296919 0.091906451 -0.007184918 0.995741725 65.842880249
0.995624661 0.008036077 -0.093094535 -4.516739368 -0.007230175 0.999933422 0.008990917 0.146522000 0.093160540 -0.008278490 0.995616674 66.640342712
0.995475173 0.010825938 -0.094401293 -4.599048138 -0.009762077 0.999883592 0.011724154 0.155861884 0.094517179 -0.010749552 0.995465159 67.426208496
0.995332181 0.012471348 -0.095696695 -4.680809498 -0.011005166 0.999814034 0.015833721 0.168452084 0.095876321 -0.014706656 0.995284617 68.212806702
0.995121002 0.015628887 -0.097414158 -4.759443283 -0.013978845 0.999747396 0.017598057 0.182070345 0.097664550 -0.016150463 0.995088339 68.979713440
0.994948685 0.018327173 -0.098695256 -4.841138363 -0.017064700 0.999761581 0.013620762 0.192384511 0.098921321 -0.011867762 0.995024502 69.722434998
0.994821310 0.018570328 -0.099925816 -4.920458794 -0.018028092 0.999817431 0.006326783 0.197123080 0.100025035 -0.004492552 0.994974792 70.449127197
0.994664967 0.017773828 -0.101612508 -4.987617016 -0.017808191 0.999841213 0.000569042 0.197451726 0.101606451 0.001243526 0.994823933 71.144775391
0.994608462 0.018778985 -0.101984315 -5.064528465 -0.018939579 0.999820411 -0.000606483 0.197138742 0.101954572 0.002534750 0.994785845 71.838035583
0.994465530 0.021578554 -0.102820493 -5.138780594 -0.021388603 0.999766886 0.002949737 0.199231043 0.102860138 -0.000734229 0.994695604 72.504791260
0.994316697 0.021871373 -0.104188621 -5.208216190 -0.021433409 0.999756098 0.005321492 0.202733830 0.104279570 -0.003058136 0.994543374 73.153320312
0.994284749 0.018695656 -0.105107628 -5.276580334 -0.018582407 0.999825239 0.002056753 0.204070628 0.105127677 -0.000091848 0.994458795 73.789680481
0.994402051 0.010735937 -0.105112277 -5.332384586 -0.011107868 0.999933958 -0.002953635 0.202135190 0.105073594 0.004104673 0.994455993 74.407127380
0.994537830 0.006801036 -0.104151912 -5.388544083 -0.007647952 0.999940813 -0.007734359 0.197482899 0.104093120 0.008488662 0.994531333 75.000144958
0.994840145 0.009290430 -0.101025730 -5.452325821 -0.010146506 0.999916732 -0.007963313 0.192894459 0.100943312 0.008947281 0.994851947 75.579162598
0.995190859 0.014479655 -0.096876383 -5.516219139 -0.015035048 0.999874353 -0.005005458 0.190189615 0.096791707 0.006437926 0.995283842 76.142959595
0.995647788 0.013108981 -0.092267178 -5.563807487 -0.013340338 0.999909163 -0.001891164 0.189085409 0.092233978 0.003113806 0.995732486 76.697891235
0.996204197 0.009520752 -0.086522005 -5.600690842 -0.009358033 0.999953508 0.002286050 0.190235108 0.086539716 -0.001467700 0.996247351 77.241935730
0.996910572 0.005325654 -0.078360662 -5.631286621 -0.004892748 0.999971569 0.005715430 0.193192393 0.078388840 -0.005314379 0.996908724 77.767730713
0.997664571 0.009036127 -0.067699909 -5.664768219 -0.008682902 0.999947011 0.005509889 0.196025848 0.067746073 -0.004909195 0.997690558 78.283248901
0.998511553 0.014247512 -0.052642651 -5.693610191 -0.014000644 0.999889135 0.005055270 0.198591426 0.052708797 -0.004310720 0.998600602 78.783020020
0.999208987 0.019496618 -0.034652345 -5.709165573 -0.019318078 0.999798357 0.005479603 0.201220214 0.034752145 -0.004805857 0.999384403 79.266799927
0.999755859 0.018099502 -0.012653584 -5.701716423 -0.018026225 0.999820232 0.005880828 0.203789383 0.012757698 -0.005651302 0.999902666 79.745193481
0.999802530 0.014587642 0.013474439 -5.672106266 -0.014677930 0.999870360 0.006626641 0.206532657 -0.013376082 -0.006823116 0.999887347 80.210502625
0.998992860 0.013434223 0.042804621 -5.629338264 -0.013792275 0.999872267 0.008080606 0.209863544 -0.042690665 -0.008662848 0.999050856 80.661277771
0.997051716 0.012982007 0.075622424 -5.570380688 -0.013725372 0.999862432 0.009318608 0.213758066 -0.075491130 -0.010329087 0.997093022 81.112373352
0.993478775 0.013179612 0.113250144 -5.497250557 -0.014354694 0.999851227 0.009566819 0.217796296 -0.113107309 -0.011130111 0.993520439 81.561737061
0.987856925 0.013527705 0.154774219 -5.403475285 -0.015142372 0.999842525 0.009258222 0.221461654 -0.154624686 -0.011489457 0.987906456 81.991119385
0.979754031 0.013225089 0.199765965 -5.287916660 -0.015336665 0.999841750 0.009026445 0.224926919 -0.199615046 -0.011907450 0.979802012 82.410438538
0.968442738 0.015467823 0.248754248 -5.156179905 -0.017704939 0.999820530 0.006758432 0.227335393 -0.248605132 -0.010949343 0.968542993 82.816467285
0.953203917 0.016187740 0.301893353 -5.000571251 -0.018164691 0.999828100 0.003742081 0.228339985 -0.301780939 -0.009050773 0.953334332 83.205757141
0.933716953 0.016487466 0.357631356 -4.821388245 -0.018184539 0.999833822 0.001382710 0.228265241 -0.357549191 -0.007794429 0.933861792 83.575195312
0.909881413 0.016787188 0.414527953 -4.620463371 -0.018394860 0.999830902 -0.000113854 0.227498233 -0.414459825 -0.007521597 0.910036564 83.921676636
0.880989730 0.016831378 0.472835243 -4.407850266 -0.018036110 0.999835491 -0.001985821 0.226139903 -0.472790927 -0.006778628 0.881148577 84.249244690
0.847717643 0.015249876 0.530227840 -4.168921471 -0.015414028 0.999872804 -0.004113662 0.223937213 -0.530223191 -0.004685731 0.847845137 84.556823730
0.811155975 0.014919641 0.584638894 -3.907978058 -0.014445062 0.999880731 -0.005474574 0.221207216 -0.584650874 -0.004004418 0.811275065 84.847381592
0.771741509 0.013645292 0.635789454 -3.630394459 -0.013651796 0.999894977 -0.004888706 0.218734756 -0.635789394 -0.004906858 0.771846950 85.115478516
0.729513943 0.013105411 0.683839917 -3.342021704 -0.015050363 0.999882042 -0.003106576 0.216928661 -0.683799982 -0.008025756 0.729625285 85.361358643
0.684457242 0.012144245 0.728951454 -3.038517714 -0.014250929 0.999893188 -0.003277013 0.215123564 -0.728913486 -0.008145269 0.684557259 85.592277527
0.638285518 0.011093117 0.769719422 -2.719939470 -0.010948440 0.999925971 -0.005331880 0.212614521 -0.769721746 -0.005023974 0.638359725 85.796333313
0.591756999 0.008822383 0.806067824 -2.394299030 -0.005350431 0.999961197 -0.007016622 0.209770441 -0.806098580 -0.000160682 0.591781259 85.976516724
0.545265794 0.010894552 0.838192165 -2.062374353 -0.007194447 0.999939620 -0.008316704 0.206409931 -0.838232279 -0.001495523 0.545311272 86.147598267
0.497956127 0.014074883 0.867087781 -1.725183249 -0.011089321 0.999889970 -0.009862124 0.202432171 -0.867131293 -0.004704518 0.498057455 86.310974121
0.452508152 0.016259661 0.891611755 -1.384767771 -0.012019940 0.999854267 -0.012133260 0.197625011 -0.891679227 -0.005226729 0.452637643 86.450370789
0.410420567 0.013849842 0.911790907 -1.033333778 -0.004661008 0.999903560 -0.013090193 0.192631185 -0.911884427 0.001122612 0.410445511 86.562637329
0.371124178 0.006671525 0.928559065 -0.669206619 0.010676959 0.999877512 -0.011451261 0.188935861 -0.928521872 0.014164020 0.371007442 86.651992798
0.335922539 0.003175135 0.941884100 -0.306091368 0.015036285 0.999848902 -0.008733207 0.186220363 -0.941769660 0.017096112 0.335823953 86.743370056
0.302743882 0.007346782 0.953043520 0.054989815 0.012528698 0.999853313 -0.011687482 0.182068199 -0.952989638 0.015478699 0.302607358 86.840194702
0.271577835 0.014893446 0.962301135 0.419014007 0.001973797 0.999869585 -0.016031917 0.176010117 -0.962414503 0.006253289 0.271512955 86.941856384
0.243206233 0.019174928 0.969784915 0.795244336 -0.002757986 0.999814272 -0.019077007 0.168624550 -0.969970763 0.001964982 0.243213862 87.028373718
0.217616588 0.020850411 0.975811422 1.186526656 -0.001583655 0.999778092 -0.021009324 0.160259664 -0.976033151 0.003026617 0.217601225 87.095985413
0.194329217 0.022318792 0.980682254 1.587665915 0.005596035 0.999699712 -0.023860479 0.150756970 -0.980920494 0.010124709 0.194145888 87.150001526
0.174291536 0.028749853 0.984274149 1.996295571 0.012595470 0.999426901 -0.031422798 0.138162926 -0.984613657 0.017874112 0.173829436 87.196929932
0.154504269 0.035498448 0.987354040 2.413961172 0.014503055 0.999165237 -0.038192570 0.122278869 -0.987885714 0.020220554 0.153860360 87.248573303
0.136778221 0.036359861 0.989934027 2.844022512 0.011892254 0.999194026 -0.038343102 0.105660722 -0.990530312 0.017017037 0.136235490 87.305442810
0.121304706 0.031927723 0.992101550 3.298233509 0.009751608 0.999396145 -0.033354796 0.090436742 -0.992567420 0.013720669 0.120920025 87.357398987
0.106843129 0.028681032 0.993862033 3.764179230 0.009896544 0.999503791 -0.029907743 0.076521963 -0.994226575 0.013031226 0.106506191 87.399147034
0.093654849 0.026219379 0.995259285 4.249319553 0.012269298 0.999547005 -0.027486879 0.063276902 -0.995529115 0.014785402 0.093290649 87.434249878
0.082034603 0.025468012 0.996303916 4.745854378 0.015895225 0.999512970 -0.026858833 0.050080568 -0.996502697 0.018039817 0.081589758 87.464416504
0.072016001 0.026111767 0.997061491 5.258113861 0.019097820 0.999437988 -0.027553398 0.036179192 -0.997220576 0.021025974 0.071476772 87.489028931
0.064159051 0.026712675 0.997582018 5.780894756 0.021110285 0.999381781 -0.028118560 0.021558741 -0.997716367 0.022863289 0.063555390 87.517303467
0.058657300 0.027078141 0.997910798 6.328543663 0.022776235 0.999335647 -0.028455587 0.006098192 -0.998018324 0.024397768 0.058001507 87.542755127
0.053112756 0.028152149 0.998191535 6.891934395 0.024074210 0.999275982 -0.029463692 -0.010411648 -0.998298287 0.025595561 0.052396476 87.567649841
0.047132216 0.028899260 0.998470485 7.470101357 0.024572825 0.999245465 -0.030081630 -0.027853405 -0.998586416 0.025953045 0.046386432 87.595390320
0.042787556 0.028891707 0.998666286 8.069353104 0.027120337 0.999179959 -0.030068522 -0.045785226 -0.998716056 0.028370716 0.041968834 87.616668701
0.039962430 0.028891210 0.998783350 8.686679840 0.028604899 0.999139249 -0.030046010 -0.064252362 -0.998791695 0.029770797 0.039101522 87.637359619
0.036941528 0.028470986 0.998911738 9.325450897 0.029530562 0.999126554 -0.029569194 -0.083117440 -0.998881042 0.030590745 0.036068425 87.659004211
0.034637667 0.027883118 0.999010861 9.982101440 0.031721897 0.999076486 -0.028984804 -0.102069840 -0.998896360 0.032694470 0.033721101 87.678131104
0.034033429 0.027536273 0.999041259 10.652700424 0.036192264 0.998930871 -0.028766153 -0.121170923 -0.998765111 0.037136566 0.033000369 87.694686890
0.035077225 0.027193941 0.999014556 11.338953018 0.039415158 0.998814464 -0.028572427 -0.140610069 -0.998607039 0.040378548 0.033963710 87.713363647
0.037453946 0.027125180 0.998930097 12.043379784 0.040960122 0.998749912 -0.028656041 -0.160809278 -0.998458505 0.041989572 0.036295999 87.738754272
0.041356001 0.027048400 0.998778224 12.767304420 0.043337971 0.998644292 -0.028839242 -0.181677684 -0.998204052 0.044477690 0.040127631 87.767059326
0.045729328 0.026687484 0.998597264 13.503118515 0.043662511 0.998634517 -0.028687933 -0.202887446 -0.997999072 0.044913132 0.044501562 87.801429749
0.049758479 0.024999514 0.998448312 14.256232262 0.045232475 0.998604655 -0.027257619 -0.223475218 -0.997736394 0.046518575 0.048558179 87.838653564
0.053723119 0.023461100 0.998280168 15.015462875 0.045007773 0.998651147 -0.025891935 -0.243385404 -0.997540891 0.046321351 0.052594647 87.883361816
0.057891048 0.021403624 0.998093367 15.788547516 0.041930478 0.998835862 -0.023851573 -0.262180299 -0.997441888 0.043231316 0.056926113 87.934860229
0.061973415 0.020360144 0.997870028 16.579029083 0.041252252 0.998885393 -0.022942852 -0.280571103 -0.997224808 0.042586230 0.061064355 87.988304138
0.066148117 0.021386061 0.997580469 17.369367599 0.038734391 0.998961687 -0.023984084 -0.299812436 -0.997057617 0.040227178 0.065250978 88.045959473
0.069189548 0.025413057 0.997279704 18.154544830 0.036586549 0.998938382 -0.027993625 -0.322118074 -0.996932328 0.038423888 0.068186231 88.106552124
0.070551209 0.030787971 0.997032821 18.935979843 0.030549295 0.998988092 -0.033010043 -0.348269761 -0.997040212 0.032787547 0.069539182 88.169578552
0.070510499 0.033942200 0.996933281 19.733381271 0.027964583 0.998960853 -0.035989087 -0.377104878 -0.997118890 0.030416429 0.069487967 88.226768494
0.070648514 0.033531811 0.996937394 20.537797928 0.025834261 0.999038041 -0.035433214 -0.405932605 -0.997166574 0.028258441 0.069714196 88.291404724
0.070770361 0.031982850 0.996979594 21.348392487 0.023274312 0.999160767 -0.033704929 -0.433484852 -0.997220933 0.025589321 0.069966495 88.354087830
0.070562474 0.030799756 0.997031569 22.171270370 0.024321344 0.999172926 -0.032587174 -0.460547000 -0.997210681 0.026548576 0.069754936 88.417945862
0.071049936 0.030313514 0.997011900 22.981088638 0.021853559 0.999250829 -0.031938922 -0.486587971 -0.997233212 0.024057511 0.070334166 88.479179382
0.071228854 0.030714052 0.996986866 23.788366318 0.020246806 0.999275327 -0.032231051 -0.512798846 -0.997254372 0.022481574 0.070555285 88.541320801
0.071364239 0.031330463 0.996958017 24.595954895 0.017254516 0.999318242 -0.032639731 -0.539336741 -0.997300982 0.019531332 0.070774898 88.603668213
0.070210159 0.032748654 0.996994376 25.404378891 0.014585613 0.999320447 -0.033852190 -0.566915810 -0.997425497 0.016918536 0.069684699 88.667831421
0.067332380 0.032523848 0.997200191 26.218547821 0.011904642 0.999371231 -0.033398464 -0.594325840 -0.997659445 0.014120103 0.066902772 88.732482910
0.063351735 0.031425748 0.997496128 27.024219513 0.009635984 0.999438286 -0.032098908 -0.620344102 -0.997944593 0.011645372 0.063013241 88.791290283
0.058399882 0.029059960 0.997870028 27.836633682 0.007853607 0.999531984 -0.029567976 -0.644508898 -0.998262227 0.009563639 0.058144230 88.848251343
0.051787183 0.027074680 0.998290837 28.653522491 0.005694915 0.999608219 -0.027405823 -0.667051613 -0.998641789 0.007104447 0.051612608 88.906929016
0.044431970 0.027353810 0.998637617 29.456600189 0.005598428 0.999602675 -0.027629316 -0.689281046 -0.998996675 0.006818421 0.044261076 88.944084167
0.035794768 0.028371843 0.998956084 30.255659103 0.005402350 0.999576986 -0.028583035 -0.712146878 -0.999344528 0.006419829 0.035626248 88.972961426
0.025885154 0.028930344 0.999245942 31.058315277 0.006468653 0.999555588 -0.029106854 -0.735541761 -0.999643981 0.007217206 0.025686404 88.995597839
0.015612724 0.027939063 0.999487460 31.857429504 0.008005419 0.999574244 -0.028066516 -0.757993162 -0.999846041 0.008439505 0.015382307 89.009262085
0.004730749 0.026885904 0.999627113 32.658000946 0.007343073 0.999610841 -0.026920196 -0.779575050 -0.999961853 0.007467682 0.004531378 89.015876770
-0.006210528 0.026379978 0.999632478 33.443130493 0.009102880 0.999612272 -0.026322868 -0.800199509 -0.999939263 0.008936050 -0.006448358 89.005218506
-0.017055448 0.026645912 0.999499202 34.221183777 0.009352048 0.999605536 -0.026489142 -0.820773661 -0.999810755 0.008895573 -0.017298019 88.986564636
-0.027943959 0.027184000 0.999239564 35.001361847 0.009783231 0.999589860 -0.026919920 -0.841748357 -0.999561548 0.009023535 -0.028198551 88.959716797
-0.038497619 0.028362788 0.998855829 35.772033691 0.009326693 0.999563932 -0.028023407 -0.863365829 -0.999215066 0.008237179 -0.038745467 88.929328918
-0.048713159 0.029308066 0.998382509 36.543315887 0.010310180 0.999531090 -0.028838709 -0.885630548 -0.998759568 0.008888670 -0.048992589 88.889892578
-0.058220983 0.029988322 0.997852921 37.310848236 0.011202221 0.999505579 -0.029384362 -0.908216238 -0.998240888 0.009467375 -0.058528237 88.843154907
-0.067838721 0.030673141 0.997224391 38.062244415 0.012410661 0.999476075 -0.029898111 -0.930719018 -0.997619152 0.010347958 -0.068183959 88.789352417
-0.076983854 0.030998001 0.996550083 38.803470612 0.012951128 0.999463558 -0.030088123 -0.953027129 -0.996948302 0.010590142 -0.077344120 88.725105286
-0.085517526 0.030542852 0.995868146 39.535469055 0.014137682 0.999466777 -0.029439164 -0.974623084 -0.996236444 0.011561695 -0.085903838 88.658256531
-0.092786647 0.029442424 0.995250344 40.263977051 0.015832301 0.999480188 -0.028091494 -0.995146513 -0.995560229 0.013150580 -0.093204662 88.587059021
-0.097951971 0.027760761 0.994803607 40.987262726 0.018503143 0.999489129 -0.026069602 -1.014051676 -0.995019197 0.015853416 -0.098415688 88.512405396
-0.101611428 0.026052354 0.994482696 41.689605713 0.021348292 0.999484181 -0.024002086 -1.030874372 -0.994595170 0.018791614 -0.102115288 88.433448792
-0.104192935 0.025061792 0.994240999 42.402469635 0.023115009 0.999473631 -0.022771295 -1.047147393 -0.994288504 0.020609275 -0.104717501 88.355758667
-0.106072605 0.024258213 0.994062185 43.090576172 0.023056271 0.999493837 -0.021930488 -1.062428236 -0.994091094 0.020593135 -0.106578328 88.286842346
-0.106840193 0.024653066 0.993970275 43.749969482 0.023792708 0.999469936 -0.022232007 -1.077240705 -0.993991494 0.021273965 -0.107370235 88.218620300
-0.106152669 0.025624398 0.994019389 44.411804199 0.024309495 0.999436259 -0.023167968 -1.092792511 -0.994052649 0.021704761 -0.106715851 88.153373718
-0.103049397 0.027357336 0.994299769 45.038490295 0.025432754 0.999367595 -0.024860894 -1.108467460 -0.994351089 0.022725873 -0.103680111 88.088272095
-0.097858265 0.027893256 0.994809151 45.654449463 0.025668543 0.999345601 -0.025495440 -1.124362588 -0.994869292 0.023040356 -0.098510310 88.032005310
-0.089965388 0.028595710 0.995534062 46.258712769 0.024980158 0.999338269 -0.026447525 -1.140636444 -0.995631635 0.022489229 -0.090620294 87.986816406
-0.078971550 0.028509570 0.996468902 46.840717316 0.023738775 0.999361455 -0.026710972 -1.156528473 -0.996594250 0.021545537 -0.079598017 87.953826904
-0.065309115 0.028633716 0.997453988 47.399147034 0.022801526 0.999370217 -0.027195752 -1.171993256 -0.997604609 0.020967335 -0.065920986 87.928321838
-0.048263077 0.029885489 0.998387277 47.942390442 0.021772342 0.999346435 -0.028861679 -1.188020468 -0.998597383 0.020344267 -0.048882328 87.917594910
-0.027189443 0.032475125 0.999102473 48.473869324 0.019976610 0.999290407 -0.031937569 -1.205349565 -0.999430716 0.019090306 -0.027819006 87.920578003
-0.002800295 0.035357431 0.999370694 48.981536865 0.017662808 0.999220729 -0.035302613 -1.223647356 -0.999840140 0.017552823 -0.003422739 87.939582825
0.025215304 0.036990326 0.998997331 49.501224518 0.015382279 0.999182701 -0.037385426 -1.243485928 -0.999563754 0.016309528 0.024625584 87.976303101
0.058352910 0.035988435 0.997646987 49.996067047 0.012778670 0.999241352 -0.036793362 -1.262000322 -0.998214245 0.014895588 0.057848647 88.022735596
0.096278079 0.033275217 0.994798005 50.505546570 0.011466335 0.999337792 -0.034536786 -1.280013800 -0.995288491 0.014731810 0.095832676 88.093910217
0.138171718 0.029404523 0.989971638 51.002475739 0.009155883 0.999478698 -0.030964796 -1.295909047 -0.990366042 0.013342513 0.137830362 88.189468384
0.183895901 0.024956265 0.982628822 51.493499756 0.006381942 0.999626398 -0.026582312 -1.309443116 -0.982925057 0.011159448 0.183667824 88.303710938
0.231830299 0.021811271 0.972511649 51.976112366 0.001590032 0.999738932 -0.022800947 -1.321001053 -0.972755015 0.006832265 0.231734991 88.454246521
0.283146471 0.020398268 0.958859682 52.442081451 -0.002425984 0.999786019 -0.020552523 -1.331112623 -0.959073603 0.003493187 0.283135265 88.627273560
0.337408692 0.020309510 0.941139102 52.887310028 -0.003574161 0.999787867 -0.020293748 -1.340847254 -0.941351473 0.003483495 0.337409586 88.825386047
0.394972324 0.020659760 0.918460608 53.317550659 -0.002316950 0.999766529 -0.021492261 -1.351138949 -0.918690145 0.006360811 0.394927800 89.045578003
0.454557776 0.023883732 0.890396893 53.724567413 -0.001611752 0.999661028 -0.025991771 -1.363415599 -0.890715837 0.010379652 0.454442054 89.291381836
0.514140844 0.026368715 0.857300222 54.115230560 -0.000501400 0.999536514 -0.030442888 -1.377806664 -0.857705653 0.015222070 0.513915658 89.559623718
0.571877480 0.030526018 0.819770753 54.476116180 -0.004754753 0.999414086 -0.033898488 -1.393522024 -0.820325315 0.015487963 0.571687460 89.862426758
0.627496958 0.032519218 0.777939498 54.818130493 -0.007753860 0.999338984 -0.035519719 -1.409970164 -0.778580487 0.016256470 0.627334177 90.189384460
0.680160284 0.033599883 0.732292891 55.132587433 -0.009499023 0.999269187 -0.037026804 -1.426831603 -0.733001947 0.018228084 0.679982305 90.534095764
0.728555202 0.031420946 0.684265912 55.405158997 -0.009742371 0.999321699 -0.035515096 -1.442191601 -0.684917867 0.019208327 0.728367090 90.887329102
0.773600638 0.027330577 0.633083582 55.670021057 -0.011123454 0.999501228 -0.029556639 -1.455550075 -0.633575797 0.015822953 0.773518860 91.273658752
0.814681351 0.022222441 0.579482734 55.908916473 -0.011457664 0.999687254 -0.022228679 -1.465480208 -0.579795659 0.011469766 0.814681232 91.676307678
0.850704074 0.019437825 0.525285125 56.120853424 -0.013205624 0.999790907 -0.015609948 -1.472303748 -0.525478840 0.006342722 0.850783110 92.102394104
0.881517291 0.015754044 0.471888602 56.310180664 -0.013518703 0.999875546 -0.008127134 -1.475629926 -0.471957982 0.000784880 0.881620765 92.539489746
0.906754851 0.016174905 0.421347618 56.464405060 -0.016745709 0.999857008 -0.002345631 -1.475980401 -0.421325326 -0.004928860 0.906896234 92.974517822
0.926613331 0.017933203 0.375587583 56.605548859 -0.019942081 0.999800026 0.001461697 -1.474517345 -0.375486255 -0.008844435 0.926785827 93.426086426
0.941614270 0.023966791 0.335839272 56.719921112 -0.026988553 0.999626279 0.004332391 -1.471275330 -0.335609943 -0.013143267 0.941909432 93.881225586
0.953280926 0.028404228 0.300746679 56.827148438 -0.030849539 0.999518216 0.003384065 -1.468559504 -0.300505698 -0.012503870 0.953698099 94.341896057
0.962419748 0.030181117 0.269883573 56.934814453 -0.032356437 0.999469757 0.003614055 -1.466111779 -0.269631416 -0.012210717 0.962886214 94.808364868
0.968495488 0.024651702 0.247807622 57.049263000 -0.026468398 0.999641538 0.004001791 -1.464011431 -0.247620150 -0.010434796 0.968801022 95.279953003
0.972454846 0.021977955 0.232052594 57.161952972 -0.023723844 0.999707222 0.004735398 -1.461625934 -0.231880620 -0.010110149 0.972691715 95.760803223
0.975280404 0.026393382 0.219388664 57.254997253 -0.028046418 0.999596715 0.004423189 -1.458927989 -0.219183475 -0.010466923 0.975627542 96.253082275
0.977205694 0.032005891 0.209868044 57.342437744 -0.033765972 0.999418080 0.004808004 -1.455822587 -0.209592044 -0.011784815 0.977717936 96.753913879
0.978194058 0.039707009 0.203861907 57.431018829 -0.041286375 0.999141097 0.003498424 -1.453290105 -0.203547925 -0.011838864 0.978993416 97.264732361
0.978563845 0.045348853 0.200888395 57.526229858 -0.046259720 0.998929262 -0.000160258 -1.452875257 -0.200680599 -0.009136225 0.979614139 97.782684326
0.978668153 0.046799112 0.200045779 57.629352570 -0.047237180 0.998880148 -0.002585241 -1.454017878 -0.199942797 -0.006919513 0.979783118 98.315200806
0.978241444 0.045367323 0.202448145 57.744983673 -0.045056708 0.998965323 -0.006144909 -1.457616329 -0.202517509 -0.003110450 0.979273677 98.846046448
0.977521598 0.043570638 0.206283599 57.861980438 -0.041837327 0.999042749 -0.012759237 -1.464823008 -0.206642106 0.003842071 0.978408992 99.393157959
0.976614237 0.044125073 0.210422128 57.981319427 -0.041363608 0.998990476 -0.017508747 -1.474740624 -0.210982323 0.008395471 0.977453709 99.946052551
0.975434065 0.048925549 0.214789674 58.099723816 -0.046339892 0.998779774 -0.017060086 -1.484396577 -0.215362296 0.006687658 0.976511240 100.521926880
0.974021614 0.051789809 0.220453501 58.224884033 -0.050120216 0.998656094 -0.013163936 -1.491933703 -0.220839053 0.001772778 0.975308597 101.111358643
0.973129094 0.048705548 0.225050032 58.366798401 -0.048003584 0.998809814 -0.008593176 -1.497384548 -0.225200787 -0.002440943 0.974309266 101.712615967
0.972449303 0.044253252 0.228875279 58.515567780 -0.044741269 0.998993456 -0.003058860 -1.499531627 -0.228780359 -0.007265589 0.973450899 102.323532104
0.971680164 0.041633338 0.232603267 58.663719177 -0.043163247 0.999066472 0.001489188 -1.498549938 -0.232324228 -0.011486934 0.972570479 102.945877075
0.971149921 0.037017826 0.235578984 58.817409515 -0.038596135 0.999252260 0.002090530 -1.497225761 -0.235325545 -0.011122664 0.971852839 103.576347351
0.971236050 0.033592593 0.235737011 58.980228424 -0.034327660 0.999409735 -0.000986266 -1.498128176 -0.235631093 -0.007134409 0.971816242 104.216575623
0.971359909 0.032821909 0.235334858 59.139530182 -0.031839758 0.999460697 -0.007973081 -1.503523231 -0.235469759 0.000251723 0.971881509 104.866638184
0.971479177 0.034893610 0.234543085 59.288043976 -0.032374214 0.999368906 -0.014584585 -1.513014436 -0.234904096 0.006575473 0.971996129 105.521049500
0.972002923 0.037831102 0.231903121 59.438129425 -0.034508299 0.999235034 -0.018369734 -1.525284767 -0.232420817 0.009852853 0.972565234 106.189178467
0.972628593 0.036315978 0.229510024 59.601215363 -0.033977386 0.999322116 -0.014134418 -1.535349965 -0.229867876 0.005949385 0.973203480 106.884338379
0.973072052 0.032236196 0.228236109 59.763893127 -0.031580787 0.999479353 -0.006524127 -1.539993763 -0.228327736 -0.000859435 0.973583698 107.585601807
0.973654687 0.032479629 0.225702390 59.925651550 -0.033204634 0.999447823 -0.000584207 -1.540310144 -0.225596875 -0.006925555 0.974195838 108.298561096
0.973927438 0.035966918 0.223989978 60.082778931 -0.036627419 0.999327660 -0.001206741 -1.540856004 -0.223882914 -0.007028903 0.974590421 109.024993896
0.974186122 0.041734308 0.221854374 60.233200073 -0.041476540 0.999121904 -0.005822754 -1.544574499 -0.221902698 -0.003529311 0.975062191 109.751045227
0.975018203 0.042664442 0.217988610 60.389827728 -0.041244552 0.999087274 -0.011061702 -1.552593350 -0.218261704 0.001794515 0.975888431 110.491722107
0.975939631 0.041416474 0.214070842 60.551506042 -0.039354153 0.999128282 -0.013888420 -1.563150167 -0.214459553 0.005129681 0.976719201 111.242523193
0.976834297 0.039351638 0.210347414 60.709796906 -0.037590787 0.999216139 -0.012364503 -1.572583199 -0.210669234 0.004170944 0.977548242 112.008949280
0.977689981 0.035681974 0.206999972 60.873928070 -0.034281004 0.999358058 -0.010352151 -1.580811262 -0.207236618 0.003025026 0.978285909 112.791145325
0.978098750 0.034554288 0.205252916 61.037452698 -0.033711769 0.999402106 -0.007601426 -1.586872220 -0.205393001 0.000515504 0.978679180 113.580268860
0.978460670 0.031341605 0.204039901 61.204395294 -0.030913258 0.999507487 -0.005287155 -1.591202617 -0.204105273 -0.001134268 0.978947997 114.377304077
0.978689015 0.026072545 0.203685939 61.372406006 -0.025774647 0.999658704 -0.004115711 -1.594616413 -0.203723893 -0.001221935 0.979027271 115.169319153
0.978812039 0.026926426 0.202982098 61.531829834 -0.026967555 0.999632418 -0.002563723 -1.596563339 -0.202976674 -0.002964531 0.979178727 115.960830688
0.978534043 0.032479540 0.203509063 61.684558868 -0.032222636 0.999469638 -0.004576666 -1.599826336 -0.203549922 -0.002079178 0.979062021 116.778137207
0.978219986 0.038275059 0.204010814 61.844661713 -0.037452061 0.999266624 -0.007894983 -1.606026411 -0.204163522 0.000082402 0.978936434 117.597450256
0.977640629 0.047156859 0.204926252 62.000724792 -0.046189088 0.998886883 -0.009506159 -1.613252282 -0.205146566 -0.000171753 0.978730917 118.422317505
0.976739764 0.052952033 0.207786694 62.163162231 -0.052257758 0.998593986 -0.008833006 -1.620049596 -0.207962409 -0.002230921 0.978133976 119.235237122
0.975944102 0.055779967 0.210763991 62.327056885 -0.055590063 0.998429716 -0.006830426 -1.624994755 -0.210814148 -0.005050273 0.977512777 120.067802429
0.975359678 0.056270964 0.213323385 62.507873535 -0.055941980 0.998404682 -0.007583176 -1.631363511 -0.213409871 -0.004537412 0.976951897 120.908821106
0.975052536 0.054785084 0.215107128 62.689403534 -0.053836197 0.998496354 -0.010272203 -1.640037417 -0.215346560 -0.001564615 0.976536095 121.729690552
0.975033462 0.048941720 0.216597274 62.877548218 -0.048138801 0.998799622 -0.008984747 -1.647858739 -0.216777116 -0.001666306 0.976219416 122.567573547
0.975323975 0.042311016 0.216686338 63.070304871 -0.041039091 0.999103189 -0.010368453 -1.657017112 -0.216930807 0.001219989 0.976185918 123.382720947
0.975077152 0.041659720 0.217919886 63.255863190 -0.040351015 0.999130309 -0.010454199 -1.665925026 -0.218165979 0.001400361 0.975910366 124.218116760
0.974513769 0.044314701 0.219907224 63.437850952 -0.043742787 0.999014318 -0.007471846 -1.672005892 -0.220021665 -0.002337940 0.975491881 125.069213867
0.974080563 0.046466637 0.221377611 63.611904144 -0.047223311 0.998881996 -0.001876561 -1.672902942 -0.221217409 -0.008626265 0.975186050 125.902900696
0.973717391 0.049915526 0.222223073 63.787723541 -0.051746272 0.998656631 0.002419703 -1.670409679 -0.221803889 -0.013855327 0.974992573 126.716026306
0.973497093 0.049363583 0.223308921 63.972015381 -0.049719241 0.998754382 -0.004033071 -1.673560023 -0.223229975 -0.007176570 0.974739075 127.545234680
0.973780215 0.045391273 0.222916797 64.159118652 -0.042393349 0.998934209 -0.018218204 -1.688753009 -0.223506272 0.008290341 0.974666953 128.351486206
0.974018097 0.043258585 0.222300589 64.347007751 -0.038133793 0.998899102 -0.027296407 -1.711595058 -0.223236769 0.018110037 0.974595726 129.162597656
