1.000000000 0.000000000 0.000000000 0.000000000 0.000000000 1.000000000 0.000000000 0.000000000 0.000000000 0.000000000 1.000000000 0.000000000
0.999990940 -0.002566421 -0.003389670 -0.000641895 0.002559280 0.999994516 -0.002109251 -0.005393848 0.003395064 0.002100557 0.999992013 0.670326889
0.999970913 -0.001345850 -0.007506613 -0.009763794 0.001318953 0.999992728 -0.003586875 -0.011476767 0.007511386 0.003576870 0.999965370 1.352142334
0.999934316 -0.001343908 -0.011378193 -0.025379837 0.001286654 0.999986470 -0.005037756 -0.016093083 0.011384810 0.005022785 0.999922574 2.057887793
0.999869287 0.000096542 -0.016164534 -0.045622472 -0.000187511 0.999984145 -0.005626262 -0.023409167 0.016163737 0.005628557 0.999853492 2.784268856
0.999784052 -0.000910351 -0.020759158 -0.059607103 0.000787042 0.999981999 -0.005947354 -0.030283712 0.020764202 0.005929731 0.999766767 3.523186684
0.999677360 0.001049516 -0.025374819 -0.081736371 -0.001230102 0.999974012 -0.007102196 -0.042632200 0.025366709 0.007131119 0.999652743 4.278838634
0.999534905 0.003707526 -0.030265449 -0.111078888 -0.003940313 0.999963105 -0.007635503 -0.051809661 0.030236026 0.007751208 0.999512732 5.036322117
0.999391377 0.003980035 -0.034652546 -0.141302034 -0.004191602 0.999973059 -0.006034855 -0.061385177 0.034627598 0.006176433 0.999381185 5.812914848
0.999230385 0.003294125 -0.039084185 -0.176872581 -0.003427086 0.999988616 -0.003335421 -0.071017779 0.039072756 0.003466800 0.999230325 6.602090836
0.999081612 0.002833019 -0.042752139 -0.208994001 -0.002864884 0.999995708 -0.000684094 -0.083377495 0.042750023 0.000805947 0.999085426 7.422859192
0.998962581 0.004472258 -0.045317419 -0.254545152 -0.004530910 0.999989092 -0.001191615 -0.096509039 0.045311604 0.001395709 0.998971879 8.234616280
0.998856127 0.003962297 -0.047650553 -0.294741571 -0.004034110 0.999990880 -0.001411017 -0.105374910 0.047644533 0.001601631 0.998863041 9.057426453
0.998774409 0.000943906 -0.049483921 -0.332162529 -0.001045196 0.999997497 -0.002021085 -0.111427143 0.049481891 0.002070329 0.998772860 9.895681381
0.998655438 0.000977437 -0.051829033 -0.372297674 -0.001035298 0.999998987 -0.001089557 -0.122749031 0.051827919 0.001141751 0.998655319 10.728325844
0.998574674 -0.000471317 -0.053369947 -0.416654199 0.000407444 0.999999285 -0.001207675 -0.134343326 0.053370487 0.001184209 0.998574018 11.575819969
0.998472869 0.001893323 -0.055211555 -0.467815012 -0.002085159 0.999992073 -0.003417167 -0.148722589 0.055204660 0.003527074 0.998468816 12.430393219
0.998389065 0.002602615 -0.056678906 -0.519876003 -0.002949829 0.999977469 -0.006043183 -0.159173593 0.056661915 0.006200641 0.998374164 13.286015511
0.998269498 0.006691895 -0.058422361 -0.578918576 -0.007155057 0.999944746 -0.007722216 -0.169572651 0.058367465 0.008126868 0.998262107 14.158580780
0.998210192 0.007576950 -0.059321132 -0.637041330 -0.008028723 0.999940693 -0.007381085 -0.183385745 0.059261695 0.007844147 0.998211682 15.044848442
0.998132706 0.007030468 -0.060676955 -0.692484438 -0.007405442 0.999954998 -0.005957202 -0.195555180 0.060632348 0.006395417 0.998139739 15.922765732
0.998032689 0.007848465 -0.062203918 -0.750462770 -0.008147555 0.999956608 -0.004556047 -0.207461372 0.062165469 0.005053893 0.998053133 16.813549042
0.997983932 0.007728332 -0.062996343 -0.813726425 -0.008026774 0.999957919 -0.004485755 -0.218785793 0.062959030 0.004982368 0.998003781 17.712276459
0.997864783 0.007627971 -0.064868480 -0.870081186 -0.007995390 0.999953687 -0.005406368 -0.232036889 0.064824238 0.005913472 0.997879267 18.612049103
0.997797847 0.005914726 -0.066066138 -0.928559303 -0.006336051 0.999961197 -0.006169631 -0.244960040 0.066027083 0.006574642 0.997796237 19.505023956
0.997751057 0.005894025 -0.066770971 -0.988026261 -0.006208165 0.999970973 -0.004498222 -0.256528497 0.066742525 0.004902631 0.997758210 20.432046890
0.997739434 0.007139740 -0.066822402 -1.052035332 -0.007225329 0.999973714 -0.001039261 -0.271322429 0.066813223 0.001519727 0.997764349 21.340747833
0.997785449 0.008083127 -0.066022649 -1.117433190 -0.007922798 0.999965370 0.002689856 -0.282481283 0.066042103 -0.002160811 0.997814476 22.269207001
0.997892737 0.006742734 -0.064535014 -1.178451657 -0.006392638 0.999964058 0.005629850 -0.288631916 0.064570658 -0.005205432 0.997899532 23.197271347
0.997985661 0.006868669 -0.063068308 -1.241238952 -0.006481500 0.999959230 0.006341416 -0.294041485 0.063109294 -0.005919859 0.997989058 24.142482758
0.998072207 0.007143279 -0.061652310 -1.302413225 -0.006929296 0.999969602 0.003683905 -0.305666476 0.061676744 -0.003249592 0.998090863 25.076890945
0.998119831 0.008244662 -0.060737628 -1.363956332 -0.008321325 0.999965310 -0.001009378 -0.319407195 0.060727187 0.001512899 0.998153210 26.002092361
0.998204768 0.007359997 -0.059441708 -1.426177382 -0.007607137 0.999963820 -0.003932468 -0.331416070 0.059410606 0.004377589 0.998223960 26.933885574
0.998257041 0.004659615 -0.058834378 -1.478234649 -0.004834299 0.999984801 -0.002827104 -0.342667520 0.058820304 0.003106599 0.998263717 27.877832413
0.998255908 0.002821868 -0.058970693 -1.544888139 -0.002687482 0.999994099 0.002358028 -0.360300958 0.058976993 -0.002195429 0.998256862 28.864036560
0.998208582 -0.000865550 -0.059826188 -1.597286701 0.001216949 0.999982715 0.005837440 -0.372940600 0.059820097 -0.005899782 0.998191655 29.821372986
0.998112559 -0.008136812 -0.060872596 -1.650268197 0.008476472 0.999950349 0.005323619 -0.383169234 0.060826249 -0.005829548 0.998131275 30.767974854
0.998008549 -0.010068229 -0.062273432 -1.710461497 0.010176963 0.999947667 0.001429041 -0.390085310 0.062255777 -0.002059945 0.998058021 31.740976334
0.997931838 -0.009784771 -0.063534781 -1.778742552 0.009641993 0.999950707 -0.002553544 -0.400381148 0.063556626 0.001935662 0.997976303 32.709735870
0.997800887 -0.008630036 -0.065720439 -1.848185062 0.008451899 0.999960244 -0.002988157 -0.415108830 0.065743603 0.002426124 0.997833550 33.688388824
0.997755110 -0.009006904 -0.066362604 -1.913915634 0.008935951 0.999959588 -0.001365986 -0.432057470 0.066372216 0.000769908 0.997794569 34.674861908
0.997679234 -0.006054686 -0.067822829 -1.985726237 0.006176747 0.999980092 0.001590097 -0.448378056 0.067811839 -0.002005327 0.997696042 35.659496307
0.997615993 -0.006242461 -0.068730563 -2.059260607 0.006456110 0.999975383 0.002886755 -0.459531963 0.068710841 -0.003323600 0.997631013 36.645080566
0.997550368 -0.004991604 -0.069777235 -2.131751776 0.005389561 0.999970615 0.005516124 -0.468790144 0.069747649 -0.005878673 0.997547269 37.623546600
0.997569203 -0.005133388 -0.069496490 -2.204196215 0.005742626 0.999947190 0.008569485 -0.476498663 0.069448821 -0.008947738 0.997545302 38.617343903
0.997530460 0.000883359 -0.070233054 -2.276622772 -0.000104929 0.999938905 0.011086436 -0.486195445 0.070238546 -0.011051678 0.997468889 39.584037781
0.997535229 0.001076321 -0.070161410 -2.360181332 -0.000346190 0.999946058 0.010417773 -0.489763945 0.070168823 -0.010367798 0.997481108 40.590621948
0.997553825 0.001021898 -0.069896802 -2.440933228 -0.000409791 0.999961853 0.008771067 -0.492653221 0.069903083 -0.008720960 0.997515559 41.597618103
0.997545302 0.003085585 -0.069957785 -2.515569448 -0.002628112 0.999974966 0.006630372 -0.497299761 0.069976471 -0.006430232 0.997527838 42.566673279
0.997491539 0.002916529 -0.070727952 -2.590812445 -0.002450509 0.999975145 0.006674779 -0.502424121 0.070745640 -0.006484707 0.997473240 43.553710938
0.997388303 0.000822010 -0.072223075 -2.656625271 -0.000243951 0.999968290 0.008012239 -0.506916106 0.072227351 -0.007973686 0.997356236 44.528213501
0.997329772 0.001424699 -0.073017396 -2.731113195 -0.000769877 0.999959707 0.008995385 -0.513859689 0.073027246 -0.008915142 0.997290015 45.517238617
0.997310579 0.004037949 -0.073181659 -2.806760073 -0.003650999 0.999979138 0.005420527 -0.524509609 0.073201992 -0.005138757 0.997303843 46.477497101
0.997239470 0.004832830 -0.074096397 -2.883589983 -0.004749857 0.999988377 0.001295971 -0.532574058 0.074101768 -0.000940443 0.997250140 47.436740875
0.997178853 0.005687702 -0.074847668 -2.959385872 -0.005699634 0.999984205 0.000054196 -0.543993413 0.074846774 0.000372564 0.997194827 48.399608612
0.997177362 0.004236696 -0.074963354 -3.032238960 -0.003984051 0.999986351 0.003519466 -0.554973125 0.074977219 -0.003210869 0.997179925 49.368343353
0.997180462 0.002400069 -0.075002834 -3.106504202 -0.001909522 0.999976814 0.006611393 -0.565483153 0.075016938 -0.006449526 0.997161269 50.337535858
0.997140348 0.000443303 -0.075570464 -3.176212072 0.000113410 0.999973416 0.007362346 -0.577297390 0.075571686 -0.007349856 0.997113168 51.297203064
0.997112989 -0.002367312 -0.075893991 -3.246843576 0.002847949 0.999977112 0.006225374 -0.589920461 0.075877473 -0.006423539 0.997096300 52.244686127
0.997073114 -0.004745503 -0.076305568 -3.317909002 0.005136552 0.999975204 0.004929273 -0.601423323 0.076280251 -0.005306789 0.997072101 53.198001862
0.996982396 -0.006322857 -0.077368774 -3.391757965 0.006815281 0.999958694 0.006102191 -0.610251606 0.077326968 -0.006611061 0.996983647 54.142662048
0.996874571 -0.009388677 -0.078438826 -3.465389967 0.010222725 0.999895871 0.010238218 -0.616875947 0.078334510 -0.011008070 0.996866107 55.086719513
0.996812344 -0.010048437 -0.079144523 -3.538815260 0.011299193 0.999818563 0.015371386 -0.623983264 0.078975670 -0.016216645 0.996744394 56.029720306
0.996779740 -0.008460823 -0.079738677 -3.617621183 0.009891502 0.999797404 0.017564118 -0.625364780 0.079573870 -0.018296277 0.996660829 56.972728729
0.996680975 -0.007127365 -0.081092395 -3.698100805 0.008248566 0.999875486 0.013499561 -0.626358807 0.080986030 -0.014123639 0.996614993 57.896308899
0.996569514 -0.005708013 -0.082561232 -3.776243448 0.006211044 0.999964297 0.005837223 -0.632075846 0.082524918 -0.006329983 0.996568739 58.810646057
0.996506214 -0.004097887 -0.083416194 -3.857706547 0.004198917 0.999991298 0.001035723 -0.638507605 0.083411172 -0.001382358 0.996514082 59.720668793
0.996427476 0.000611255 -0.084448904 -3.944216967 -0.000446047 0.999998569 0.001975181 -0.650386035 0.084449939 -0.001930452 0.996425688 60.622383118
0.996317625 0.003337081 -0.085672118 -4.028141975 -0.002970643 0.999986529 0.004404387 -0.665444195 0.085685611 -0.004133661 0.996313453 61.493045807
0.996231556 0.006002061 -0.086523652 -4.111631393 -0.005502045 0.999967396 0.006016332 -0.680499673 0.086556889 -0.005517595 0.996231437 62.382034302
0.996125042 0.006927041 -0.087673083 -4.188399315 -0.006445108 0.999963164 0.005778890 -0.691665590 0.087709837 -0.005191428 0.996132314 63.239238739
0.995960116 0.008441901 -0.089396387 -4.267861366 -0.007885172 0.999947906 0.006579062 -0.700903416 0.089447215 -0.005847571 0.995974183 64.095344543
0.995831966 0.009242526 -0.090734608 -4.348526478 -0.008615069 0.999936819 0.007304621 -0.713211536 0.090796337 -0.006492483 0.995848060 64.930404663
0.995710552 0.009365500 -0.092044607 -4.428868294 -0.008689123 0.999932826 0.007746467 -0.721136749 0.092110924 -0.006913445 0.995724499 65.749305725
0.995593667 0.009261413 -0.093310542 -4.505705357 -0.008473630 0.999925673 0.008835364 -0.728881061 0.093385383 -0.008005746 0.995597541 66.544471741
0.995437443 0.012038411 -0.094650663 -4.587907314 -0.010992978 0.999873400 0.011558978 -0.735293567 0.094777763 -0.010465738 0.995443165 67.330139160
0.995293021 0.013669201 -0.095939353 -4.669871807 -0.012220513 0.999803185 0.015671568 -0.741537690 0.096134618 -0.014425363 0.995263577 68.115776062
0.995080292 0.016843051 -0.097626030 -4.750107765 -0.015213186 0.999733269 0.017415592 -0.746565044 0.097893246 -0.015844701 0.995070517 68.879173279
0.994903326 0.019539438 -0.098918103 -4.832518101 -0.018299319 0.999743044 0.013428890 -0.753798485 0.099154994 -0.011550306 0.995004714 69.623123169
0.994775653 0.019807052 -0.100141332 -4.913324356 -0.019290593 0.999795854 0.006123262 -0.760696828 0.100242093 -0.004159483 0.994954109 70.353057861
0.994628668 0.019027440 -0.101739824 -4.984586239 -0.019091217 0.999818325 0.000347030 -0.765816629 0.101727873 0.001597172 0.994810760 71.049804688
0.994576514 0.019935207 -0.102075391 -5.063315868 -0.020126000 0.999797761 -0.000839329 -0.771711290 0.102037944 0.002889146 0.994776070 71.742950439
0.994434893 0.022795022 -0.102853231 -5.139553547 -0.022631692 0.999740720 0.002755017 -0.785847843 0.102889299 -0.000411941 0.994692504 72.407783508
0.994295597 0.023109015 -0.104122080 -5.213270187 -0.022700714 0.999729931 0.005105047 -0.801108897 0.104211867 -0.002712277 0.994551182 73.061172485
0.994265974 0.019943159 -0.105055124 -5.282229424 -0.019859102 0.999801755 0.001846368 -0.811570883 0.105071045 0.000250521 0.994464517 73.700126648
0.994397461 0.011889732 -0.105030708 -5.338518143 -0.012294558 0.999920011 -0.003207676 -0.823684454 0.104984090 0.004481011 0.994463623 74.311981201
0.994528830 0.007906898 -0.104159310 -5.391807079 -0.008783834 0.999930501 -0.007963141 -0.835515082 0.104089029 0.008834489 0.994528592 74.901695251
0.994829118 0.010433998 -0.101021841 -5.455548763 -0.011320988 0.999903023 -0.008210798 -0.845910609 0.100926280 0.009312005 0.994850159 75.480987549
0.995174110 0.015603085 -0.096873000 -5.519665718 -0.016188581 0.999855936 -0.005260741 -0.858117998 0.096776873 0.006803588 0.995282650 76.045692444
0.995633423 0.014236978 -0.092253283 -5.567559242 -0.014497200 0.999893427 -0.002151049 -0.869815826 0.092212737 0.003479071 0.995733023 76.601989746
0.996194541 0.010647151 -0.086500876 -5.604478359 -0.010511477 0.999943495 0.002023878 -0.881083131 0.086517446 -0.001106921 0.996249497 77.145156860
0.996904969 0.006430198 -0.078348204 -5.634589672 -0.006020772 0.999967754 0.005460863 -0.895455778 0.078380704 -0.004972239 0.996910870 77.670303345
0.997653723 0.010131230 -0.067703381 -5.668046951 -0.009798457 0.999939024 0.005245520 -0.903416932 0.067752324 -0.004569818 0.997691453 78.185653687
0.998496294 0.015359466 -0.052617222 -5.697340965 -0.015129008 0.999874949 0.004775608 -0.911261678 0.052683931 -0.003972375 0.998603046 78.684837341
0.999186814 0.020616485 -0.034640133 -5.712624550 -0.020449456 0.999778330 0.005169718 -0.916553497 0.034738980 -0.004457137 0.999386251 79.168289185
0.999735594 0.019166427 -0.012674283 -5.703096867 -0.019097013 0.999802887 0.005576321 -0.921713114 0.012778625 -0.005332800 0.999903858 79.644813538
0.999785423 0.015679797 0.013512285 -5.675563812 -0.015765844 0.999856770 0.006284536 -0.927950382 -0.013411829 -0.006496213 0.999888659 80.109001160
0.998972833 0.014589226 0.042893711 -5.633791447 -0.014931090 0.999859989 0.007660278 -0.936123073 -0.042775948 -0.008292851 0.999050021 80.560691833
0.997030556 0.014165236 0.075689033 -5.574750423 -0.014876698 0.999851048 0.008844153 -0.942131281 -0.075552449 -0.009943884 0.997092009 81.011566162
0.993454933 0.014370074 0.113314927 -5.501767159 -0.015493384 0.999839902 0.009038634 -0.944657326 -0.113166854 -0.010735095 0.993517816 81.459709167
0.987830698 0.014722260 0.154832780 -5.407800198 -0.016263789 0.999830723 0.008693961 -0.947378993 -0.154678494 -0.011106319 0.987902224 81.888458252
0.979731321 0.014407850 0.199795797 -5.291956902 -0.016419576 0.999830604 0.008415462 -0.954235911 -0.199640557 -0.011525443 0.979801238 82.308235168
0.968418479 0.016661245 0.248771861 -5.160123348 -0.018764328 0.999806285 0.006084756 -0.963835597 -0.248622105 -0.010560617 0.968542814 82.715217590
0.953182936 0.017415185 0.301891267 -5.004410267 -0.019221369 0.999811590 0.003012972 -0.973995566 -0.301781714 -0.008674670 0.953337371 83.105247498
0.933665752 0.017837791 0.357700109 -4.825499535 -0.019287385 0.999814749 0.000485039 -0.980343521 -0.357624948 -0.007351958 0.933836162 83.476478577
0.909866989 0.018245088 0.414498031 -4.623598099 -0.019435907 0.999811053 -0.001345096 -0.991145313 -0.414443970 -0.006832280 0.910048962 83.823333740
0.881059587 0.018047253 0.472660214 -4.410456657 -0.018886261 0.999818027 -0.002970503 -1.005307674 -0.472627521 -0.006309587 0.881239474 84.148864746
0.847648978 0.016829779 0.530289888 -4.170890808 -0.016347440 0.999851525 -0.005601430 -1.012896538 -0.530305088 -0.003920830 0.847797573 84.463027954
0.811056376 0.016895378 0.584723532 -3.909658432 -0.015261988 0.999854565 -0.007720879 -1.018719673 -0.584768534 -0.002661971 0.811195552 84.754798889
0.771687925 0.015610544 0.635809302 -3.632195711 -0.014312530 0.999872625 -0.007177844 -1.029551625 -0.635839939 -0.003560978 0.771812379 85.021408081
0.729470551 0.015144851 0.683844090 -3.343583822 -0.015673369 0.999863267 -0.005424496 -1.038855672 -0.683832288 -0.006761123 0.729607582 85.266929626
0.684426486 0.014292656 0.728941321 -3.040227890 -0.014818298 0.999874830 -0.005691569 -1.044180512 -0.728930950 -0.006906202 0.684552073 85.497711182
0.638066053 0.013346735 0.769865572 -2.722530842 -0.011453580 0.999904454 -0.007842030 -1.048989058 -0.769896150 -0.003813979 0.638157487 85.704788208
0.591600597 0.011041220 0.806155145 -2.395692825 -0.005601274 0.999939144 -0.009584780 -1.054858208 -0.806211412 0.001154866 0.591626048 85.884788513
0.545045853 0.013162888 0.838302433 -2.063745975 -0.007337648 0.999914110 -0.010929694 -1.064833045 -0.838373780 -0.000193981 0.545095325 86.056564331
0.497722089 0.016334349 0.867182314 -1.726888657 -0.011045295 0.999861717 -0.012494016 -1.072377324 -0.867265940 -0.003359733 0.497833371 86.219551086
0.452268898 0.018509928 0.891689122 -1.387275457 -0.011814856 0.999822021 -0.014762014 -1.083724260 -0.891803086 -0.003858775 0.452406764 86.358459473
0.410200775 0.016084932 0.911853015 -1.035499334 -0.004306939 0.999868274 -0.015699996 -1.091906071 -0.911984801 0.002512855 0.410215735 86.470565796
0.370746285 0.008902588 0.928691149 -0.670594573 0.010823140 0.999845505 -0.013905416 -1.097306132 -0.928670883 0.015206728 0.370592386 86.562469482
0.335455179 0.005455358 0.942039967 -0.307597876 0.015217702 0.999822140 -0.011208897 -1.103000283 -0.941933036 0.018095758 0.335312277 86.654525757
0.302275360 0.009590487 0.953172028 0.052303493 0.012769982 0.999819636 -0.014109515 -1.112090707 -0.953134835 0.016436940 0.302098185 86.750610352
0.270922869 0.017096609 0.962448776 0.415261179 0.001957822 0.999831140 -0.018311756 -1.129400969 -0.962598801 0.006845376 0.270843506 86.853782654
0.242640853 0.021333439 0.969881177 0.793735743 -0.002871101 0.999770343 -0.021272585 -1.151323318 -0.970111668 0.002376973 0.242646232 86.938568115
0.217035636 0.023040144 0.975891352 1.183650017 -0.001889210 0.999730229 -0.023182793 -1.170087814 -0.976161599 0.003187830 0.217020482 87.004776001
0.193745822 0.024502175 0.980745375 1.582852960 0.005406325 0.999646962 -0.026042400 -1.182774901 -0.981036603 0.010347831 0.193544850 87.058135986
0.173730582 0.030941959 0.984306693 1.990624785 0.012255349 0.999361634 -0.033578280 -1.184285164 -0.984716654 0.017896587 0.173240408 87.104881287
0.153922454 0.037695389 0.987363279 2.409399271 0.014209409 0.999084949 -0.040358026 -1.189283729 -0.987980425 0.020241845 0.153245926 87.157142639
0.136216372 0.038562898 0.989927948 2.844101429 0.011824975 0.999108315 -0.040547654 -1.205193400 -0.990608275 0.017229119 0.135638863 87.214813232
0.120750219 0.034174055 0.992094159 3.295608759 0.009782630 0.999318421 -0.035613559 -1.232725620 -0.992634416 0.014005630 0.120333567 87.265724182
0.106297806 0.030930700 0.993852794 3.761917591 0.009984501 0.999433160 -0.032172255 -1.256407738 -0.994283915 0.013342959 0.105928689 87.306991577
0.093111634 0.028471414 0.995248139 4.246401310 0.012370118 0.999481559 -0.029749809 -1.277665734 -0.995578527 0.015081383 0.092711143 87.341697693
0.081445821 0.027724126 0.996291757 4.744980812 0.016000975 0.999448597 -0.029120022 -1.297190309 -0.996549070 0.018313333 0.080957286 87.373901367
0.071433313 0.028372478 0.997041404 5.257117271 0.019220531 0.999371350 -0.029815827 -1.314740181 -0.997259915 0.021293495 0.070843063 87.398147583
0.063622385 0.028987167 0.997552633 5.780757427 0.021279287 0.999312162 -0.030395441 -1.333176374 -0.997746944 0.023161024 0.062961787 87.424789429
0.058154430 0.029291458 0.997877479 6.328298569 0.022979241 0.999266088 -0.030671392 -1.353085518 -0.998042881 0.024714127 0.057438649 87.449592590
0.052596238 0.030378208 0.998153448 6.890172005 0.024245145 0.999204457 -0.031687744 -1.373098850 -0.998321354 0.025867010 0.051817872 87.474182129
0.046616763 0.031125113 0.998427570 7.468214989 0.024758006 0.999172091 -0.032304265 -1.393699288 -0.998605907 0.026224975 0.045807578 87.501541138
0.042273816 0.031102497 0.998621583 8.063721657 0.027328892 0.999106050 -0.032274462 -1.418328047 -0.998732150 0.028655563 0.041386038 87.522674561
0.039454345 0.031084590 0.998737514 8.683662415 0.028783621 0.999066532 -0.032231890 -1.442025900 -0.998806655 0.030018944 0.038522799 87.543113708
0.036446217 0.030665236 0.998864770 9.321599007 0.029770408 0.999052823 -0.031757243 -1.465973258 -0.998892009 0.030894015 0.035498790 87.564002991
0.034142096 0.030061431 0.998964489 9.978491783 0.032000419 0.999002814 -0.031156259 -1.489876390 -0.998904467 0.033030998 0.033146083 87.582557678
0.033515595 0.029700395 0.998996496 10.646050453 0.036301732 0.998863280 -0.030914310 -1.514284849 -0.998778582 0.037301391 0.032399334 87.599266052
0.034556769 0.029394530 0.998970032 11.336178780 0.039469436 0.998748124 -0.030753320 -1.538292766 -0.998622954 0.040491495 0.033353332 87.617614746
0.036990117 0.029348040 0.998884261 12.043683052 0.041146263 0.998676956 -0.030865632 -1.562453508 -0.998468101 0.042242050 0.035733625 87.641014099
0.040916681 0.029277965 0.998733163 12.768113136 0.043564260 0.998568475 -0.031057879 -1.588401437 -0.998212278 0.044779833 0.039582644 87.668518066
0.045293078 0.028879873 0.998555839 13.504014969 0.043904878 0.998559356 -0.030871416 -1.615197182 -0.998008311 0.045239713 0.043959867 87.702423096
0.049322285 0.027198272 0.998412132 14.257147789 0.045456719 0.998532951 -0.029447135 -1.642269015 -0.997747838 0.046836916 0.048013587 87.739089966
0.053367522 0.025643609 0.998245239 15.010380745 0.045357578 0.998576939 -0.028076984 -1.670244098 -0.997544110 0.046776362 0.052128449 87.779800415
0.057534527 0.023587277 0.998064458 15.783859253 0.042218182 0.998769820 -0.026037639 -1.696567893 -0.997450352 0.043634504 0.056467943 87.830566406
0.061629392 0.022496220 0.997845113 16.577985764 0.041585058 0.998820722 -0.025086589 -1.723020673 -0.997232318 0.043041494 0.060621209 87.883064270
0.065765455 0.023519931 0.997557402 17.369321823 0.038958713 0.998900115 -0.026119977 -1.751562834 -0.997074187 0.040581323 0.064776815 87.941314697
0.068742640 0.027516242 0.997254372 18.149389267 0.036689334 0.998874307 -0.030089980 -1.785652399 -0.996959448 0.038657047 0.067655705 88.002388000
0.070103496 0.032930039 0.996995568 18.930984497 0.030734185 0.998909950 -0.035154313 -1.817025423 -0.997066021 0.033106271 0.069014996 88.064918518
0.070058435 0.036035549 0.996891320 19.729570389 0.028109105 0.998879910 -0.038082831 -1.853544831 -0.997146666 0.030689733 0.068967029 88.122306824
0.070354968 0.035600528 0.996886075 20.529409409 0.026079485 0.998956442 -0.037514996 -1.890792608 -0.997180939 0.028637629 0.069353104 88.181343079
0.070526883 0.034052141 0.996927977 21.340408325 0.023590323 0.999081433 -0.035794552 -1.928364992 -0.997230768 0.026042318 0.069658801 88.242141724
0.070410818 0.032846123 0.996976674 22.156957626 0.024573080 0.999098063 -0.034651447 -1.966509938 -0.997215271 0.026938610 0.069540188 88.300849915
0.070854165 0.032397654 0.996959925 22.964740753 0.022036776 0.999178350 -0.034035884 -2.004277945 -0.997243106 0.024381353 0.070082016 88.362098694
0.071042441 0.032804135 0.996933222 23.772375107 0.020417981 0.999202549 -0.034333792 -2.043696880 -0.997264147 0.022794506 0.070315994 88.423469543
0.071141139 0.033422749 0.996905625 24.579650879 0.017373715 0.999246001 -0.034741018 -2.085429430 -0.997314751 0.019791456 0.070506819 88.485847473
0.070048243 0.034862846 0.996933699 25.387840271 0.014807898 0.999243319 -0.035984050 -2.123644829 -0.997433484 0.017283099 0.069478996 88.548294067
0.067160733 0.034646321 0.997139931 26.201044083 0.012086921 0.999296010 -0.035535306 -2.159879208 -0.997668684 0.014438916 0.066694692 88.613349915
0.063150741 0.033485968 0.997441530 27.006368637 0.009722294 0.999369562 -0.034166213 -2.197531700 -0.997956395 0.011855030 0.062785372 88.672546387
0.058117874 0.031102713 0.997824609 27.819358826 0.007779773 0.999470830 -0.031607125 -2.235839367 -0.998279154 0.009599777 0.057845153 88.731262207
0.052005045 0.029016327 0.998224735 28.623418808 0.005956822 0.999551713 -0.029365208 -2.275345564 -0.998628855 0.007473375 0.051808894 88.774673462
0.044665489 0.029220697 0.998574138 29.425588608 0.005760598 0.999548674 -0.029506857 -2.312841892 -0.998985231 0.007070311 0.044477012 88.811271667
0.036131907 0.030280527 0.998887777 30.219482422 0.005655475 0.999519348 -0.030504219 -2.348899364 -0.999330878 0.006751349 0.035943300 88.837829590
0.026301742 0.030839736 0.999177873 31.022613525 0.006768909 0.999496341 -0.031027723 -2.381068945 -0.999630988 0.007579415 0.026079757 88.858482361
0.015974119 0.029892135 0.999425113 31.826066971 0.008342871 0.999514997 -0.030028148 -2.415373325 -0.999837458 0.008817735 0.015717003 88.874412537
0.005084149 0.028809514 0.999571681 32.625934601 0.007648162 0.999555290 -0.028847924 -2.450980663 -0.999957681 0.007791540 0.004861573 88.881309509
-0.005823085 0.028315311 0.999581754 33.407344818 0.009578057 0.999555469 -0.028258752 -2.478516340 -0.999937057 0.009409484 -0.006091672 88.869880676
-0.016843639 0.028918855 0.999439478 34.188640594 0.010266396 0.999534667 -0.028748570 -2.506397724 -0.999805272 0.009776399 -0.017132657 88.857833862
-0.027840544 0.029420780 0.999179006 34.971530914 0.010489935 0.999521077 -0.029138550 -2.544041395 -0.999557197 0.009670077 -0.028135788 88.833831787
-0.038514376 0.030601913 0.998789012 35.748291016 0.010071678 0.999492824 -0.030235086 -2.576551914 -0.999207139 0.008894983 -0.038803000 88.807891846
-0.048663907 0.031459633 0.998319268 36.513519287 0.011014348 0.999460757 -0.030958682 -2.614492655 -0.998754382 0.009489252 -0.048984107 88.765983582
-0.058180928 0.032155827 0.997787654 37.281322479 0.011938727 0.999432862 -0.031512681 -2.649695635 -0.998234570 0.010078864 -0.058531757 88.719474792
-0.067706741 0.032501765 0.997175336 38.032421112 0.012830436 0.999415755 -0.031703603 -2.686069489 -0.997622669 0.010647633 -0.068084121 88.662239075
-0.077024058 0.032923598 0.996485114 38.773269653 0.013704410 0.999395967 -0.031960461 -2.721141815 -0.996934950 0.011194502 -0.077428654 88.602394104
-0.085558966 0.032508098 0.995802224 39.502124786 0.014995602 0.999397159 -0.031337019 -2.754417658 -0.996220171 0.012251477 -0.085994788 88.534774780
-0.092834555 0.031424209 0.995185137 40.231925964 0.016744848 0.999410510 -0.029995592 -2.788446188 -0.995540679 0.013879581 -0.093305945 88.463661194
-0.097973429 0.029744269 0.994744003 40.950679779 0.019474227 0.999419928 -0.027966034 -2.822741985 -0.994998455 0.016631925 -0.098495752 88.388145447
-0.101664796 0.028044546 0.994422913 41.649250031 0.022322617 0.999415994 -0.025903188 -2.856180429 -0.994568169 0.019564662 -0.102231354 88.310226440
-0.104245394 0.027155966 0.994180322 42.361774445 0.024201380 0.999401271 -0.024760900 -2.881695747 -0.994257033 0.021479309 -0.104840085 88.232330322
-0.106121659 0.026366385 0.994003057 43.050685883 0.024179254 0.999422073 -0.023928678 -2.910828114 -0.994059026 0.021494884 -0.106697746 88.162979126
-0.106855534 0.026779525 0.993913352 43.707595825 0.025078120 0.999392688 -0.024230981 -2.939581871 -0.993958116 0.022336246 -0.107462101 88.093284607
-0.106106475 0.027727807 0.993967593 44.366661072 0.025619019 0.999356449 -0.025143262 -2.969643593 -0.994024575 0.022796597 -0.106748439 88.026458740
-0.103038229 0.029493071 0.994239569 44.993064880 0.026794231 0.999280751 -0.026865760 -2.994187832 -0.994316399 0.023871670 -0.103754260 87.962692261
-0.097831324 0.030047569 0.994748831 45.610755920 0.027065540 0.999255538 -0.027521839 -3.020860672 -0.994834840 0.024230899 -0.098571651 87.905776978
-0.089946941 0.030746283 0.995471418 46.213760376 0.026334014 0.999248147 -0.028483471 -3.048902273 -0.995598257 0.023652740 -0.090688907 87.860473633
-0.078971043 0.030737324 0.996402502 46.807445526 0.025108498 0.999269605 -0.028835746 -3.076857328 -0.996560574 0.022740966 -0.079685055 87.826927185
-0.065380499 0.030945528 0.997380078 47.366657257 0.024036489 0.999278665 -0.029428773 -3.107459545 -0.997570753 0.022049433 -0.066077098 87.802337646
-0.048320837 0.032218531 0.998311698 47.909763336 0.022948051 0.999252498 -0.031138131 -3.137301922 -0.998568058 0.021404676 -0.049024023 87.790924072
-0.027249008 0.034858126 0.999020278 48.443233490 0.021160670 0.999188840 -0.034286819 -3.163945913 -0.999404550 0.020205647 -0.027964493 87.793754578
-0.002953852 0.037791211 0.999280870 48.948986053 0.018760819 0.999112725 -0.037729383 -3.192165613 -0.999819517 0.018635871 -0.003660204 87.813430786
0.025087634 0.039449580 0.998906136 49.468849182 0.016504627 0.999069393 -0.039870530 -3.220878839 -0.999548912 0.017486822 0.024413193 87.849685669
0.058112863 0.038547292 0.997565150 49.979694366 0.013778973 0.999128938 -0.039410405 -3.252990484 -0.998214841 0.016035665 0.057531089 87.901283264
0.096059069 0.035838183 0.994729936 50.487052917 0.012415832 0.999231577 -0.037199341 -3.283280373 -0.995298088 0.015923722 0.095540255 87.971511841
0.137913793 0.032009624 0.989926517 50.987007141 0.010027641 0.999382138 -0.033712395 -3.311185122 -0.990393341 0.014576022 0.137507543 88.067802429
0.183639601 0.027580947 0.982606351 51.479251862 0.006989881 0.999545217 -0.029362751 -3.339225292 -0.982968688 0.012260456 0.183363214 88.182304382
0.231531680 0.024391940 0.972521305 51.959701538 0.002036730 0.999672115 -0.025557810 -3.363810062 -0.972825170 0.007898200 0.231405973 88.332412720
0.282874405 0.023025867 0.958880365 52.424179077 -0.002196517 0.999725580 -0.023358718 -3.384953737 -0.959154427 0.004501382 0.282847226 88.504310608
0.337027580 0.023008544 0.941213429 52.869865417 -0.003554241 0.999726176 -0.023166236 -3.400360346 -0.941487968 0.004462357 0.337016910 88.703590393
0.394570529 0.023281891 0.918570518 53.303138733 -0.002438102 0.999702811 -0.024290979 -3.423561096 -0.918862343 0.007344929 0.394509792 88.925056458
0.454236597 0.026347725 0.890491247 53.711303711 -0.001928934 0.999590158 -0.028591795 -3.445392609 -0.890878916 0.011269731 0.454100966 89.170211792
0.513576210 0.028676406 0.857564509 54.100761414 -0.000876899 0.999459207 -0.032896131 -3.473847866 -0.858043432 0.016142661 0.513323307 89.440475464
0.571562052 0.031303201 0.819961369 54.462593079 -0.004208765 0.999371588 -0.035218690 -3.502602816 -0.820547938 0.016678631 0.571334302 89.737678528
0.627212882 0.033077162 0.778145075 54.803226471 -0.007100244 0.999299943 -0.036754906 -3.525810242 -0.778815389 0.017528117 0.627008259 90.064010620
0.679954469 0.033663996 0.732481062 55.118618011 -0.008650647 0.999245226 -0.037893876 -3.542119980 -0.733203113 0.019429659 0.679732025 90.407348633
0.728854895 0.031260185 0.683954120 55.402416229 -0.008802693 0.999303341 -0.036292676 -3.562459946 -0.684611440 0.020431442 0.728621781 90.759979248
0.773919046 0.027069680 0.632705688 55.666942596 -0.010178183 0.999489546 -0.030312322 -3.583254337 -0.633202612 0.017019477 0.773798943 91.143981934
0.815075338 0.021517200 0.578955173 55.909248352 -0.010217020 0.999689341 -0.022770127 -3.599165678 -0.579264700 0.012644162 0.815041482 91.548622131
0.851086795 0.019100703 0.524677336 56.120010376 -0.012365570 0.999790907 -0.016338695 -3.609809160 -0.524879098 0.007417704 0.851144493 91.974037170
0.881860256 0.015441628 0.471257836 56.310325623 -0.012745786 0.999879897 -0.008911850 -3.621808767 -0.471338332 0.001852449 0.881950557 92.414833069
0.907025337 0.015998863 0.420771897 56.463657379 -0.016122594 0.999865532 -0.003263332 -3.635960102 -0.420767069 -0.003824011 0.907160699 92.851074219
0.926878273 0.017719269 0.374943554 56.604927063 -0.019340221 0.999813557 0.000560229 -3.649220467 -0.374863327 -0.007770753 0.927047610 93.303291321
0.941862285 0.023700340 0.335162252 56.719223022 -0.026362812 0.999647439 0.003395800 -3.659466743 -0.334963232 -0.012034190 0.942154467 93.759063721
0.953472435 0.028248109 0.300153911 56.824394226 -0.030396445 0.999535620 0.002489300 -3.661154509 -0.299943864 -0.011497086 0.953887701 94.218215942
0.962587655 0.030056445 0.269298494 56.930576324 -0.031967245 0.999486029 0.002711747 -3.662168741 -0.269078314 -0.011219020 0.963053107 94.683059692
0.968640089 0.024568789 0.247250706 57.044952393 -0.026159059 0.999653578 0.003148325 -3.667870998 -0.247087464 -0.009517437 0.968946517 95.157218933
0.972560883 0.021840425 0.231621444 57.152744293 -0.023377517 0.999719918 0.003893176 -3.675333023 -0.231471300 -0.009201083 0.972798347 95.639533997
0.975394368 0.026153116 0.218910918 57.245540619 -0.027602669 0.999613404 0.003565256 -3.678296804 -0.218732834 -0.009520055 0.975738466 96.132156372
0.977335989 0.031552643 0.209329665 57.332355499 -0.033119317 0.999444306 0.003982165 -3.676315069 -0.209087491 -0.010824766 0.977837205 96.632972717
0.978313148 0.039354410 0.203358591 57.418529510 -0.040745474 0.999166846 0.002656413 -3.677738905 -0.203084424 -0.010884741 0.979100883 97.147315979
0.978673339 0.045009248 0.200431496 57.512424469 -0.045734230 0.998953998 -0.001014310 -3.680732012 -0.200267300 -0.008173899 0.979707360 97.671539307
0.978795528 0.046290603 0.199540883 57.616397858 -0.046539389 0.998911381 -0.003446246 -3.691345930 -0.199482977 -0.005913339 0.979883552 98.198043823
0.978367746 0.044871524 0.201948166 57.731506348 -0.044371635 0.998991430 -0.007004215 -3.699740887 -0.202058554 -0.002108074 0.979371250 98.728897095
0.977650821 0.043169044 0.205755487 57.848720551 -0.041259829 0.999057293 -0.013562884 -3.703847408 -0.206146777 0.004770320 0.978509486 99.273910522
0.976739049 0.043750167 0.209920913 57.967479706 -0.040818013 0.999000251 -0.018282484 -3.711297750 -0.210510656 0.009288648 0.977547467 99.825103760
0.975563645 0.048538651 0.214288637 58.085586548 -0.045779612 0.998793542 -0.017822500 -3.723354578 -0.214894921 0.007576920 0.976607859 100.401153564
0.974158883 0.051425483 0.219931513 58.213401794 -0.049584359 0.998674333 -0.013887331 -3.735527992 -0.220353857 0.002623296 0.975416541 100.997657776
0.973266184 0.048325535 0.224538550 58.354942322 -0.047449857 0.998831272 -0.009297784 -3.747803211 -0.224725187 -0.001605106 0.974420965 101.600021362
0.972594380 0.043829981 0.228339672 58.503353119 -0.044142000 0.999019146 -0.003743234 -3.758958578 -0.228279516 -0.006438721 0.973574460 102.207923889
0.971827269 0.041206215 0.232064188 58.650409698 -0.042556409 0.999094605 0.000812567 -3.767656326 -0.231820330 -0.010665489 0.972700238 102.829010010
0.971293032 0.036616914 0.235051021 58.802616119 -0.038012795 0.999277115 0.001408703 -3.773257017 -0.234829247 -0.010303207 0.971982121 103.458007812
0.971375346 0.033200383 0.235218063 58.964870453 -0.033756014 0.999429524 -0.001665193 -3.781005383 -0.235138878 -0.006322498 0.971941233 104.098327637
0.971496940 0.032449346 0.234820187 59.123764038 -0.031292193 0.999473631 -0.008653401 -3.791790962 -0.234977111 0.001058708 0.972000360 104.748924255
0.971618176 0.034766681 0.233985588 59.277713776 -0.032072719 0.999369085 -0.015309952 -3.800977230 -0.234369963 0.007370863 0.972119570 105.405349731
0.972137749 0.037625521 0.231370568 59.426460266 -0.034140989 0.999236345 -0.019047547 -3.811407328 -0.231910288 0.010617606 0.972679257 106.074012756
0.972769797 0.035982415 0.228963017 59.589157104 -0.033479478 0.999330580 -0.014808089 -3.822464705 -0.229342297 0.006739289 0.973322570 106.767944336
0.973195255 0.031996459 0.227743611 59.750205994 -0.031157304 0.999488831 -0.007279971 -3.837293625 -0.227859870 -0.000011049 0.973694026 107.470214844
0.973779500 0.032227203 0.225199133 59.911144257 -0.032767337 0.999462962 -0.001339857 -3.853859425 -0.225121111 -0.006074452 0.974311888 108.183525085
0.974052429 0.035713013 0.223486111 60.067470551 -0.036190536 0.999343872 -0.001960302 -3.865281582 -0.223409206 -0.006178645 0.974705219 108.909278870
0.974298179 0.041605230 0.221385613 60.216590881 -0.041175660 0.999131262 -0.006557393 -3.874165773 -0.221465841 -0.002726843 0.975164354 109.639350891
0.975127757 0.042533025 0.217523232 60.372753143 -0.040937603 0.999092400 -0.011837961 -3.883759975 -0.217829049 0.002638641 0.975983381 110.380126953
0.976046979 0.041243672 0.213613674 60.532539368 -0.039012790 0.999132097 -0.014650581 -3.894148588 -0.214032263 0.005965984 0.976808429 111.129707336
0.976941526 0.039181851 0.209880084 60.690940857 -0.037255798 0.999220312 -0.013124511 -3.909397125 -0.210230425 0.005002623 0.977639139 111.896743774
0.977792859 0.035541978 0.206536844 60.853790283 -0.033979837 0.999361455 -0.011107224 -3.925075054 -0.206799492 0.003842469 0.978375912 112.677650452
0.978194952 0.034448709 0.204810902 61.015529633 -0.033448901 0.999406278 -0.008342917 -3.944188118 -0.204976454 0.001310294 0.978766143 113.468070984
0.978574395 0.031173168 0.203518704 61.184299469 -0.030589269 0.999514580 -0.006015007 -3.957537413 -0.203607157 -0.000339363 0.979052722 114.253234863
0.978789628 0.025994278 0.203210920 61.351112366 -0.025550753 0.999662638 -0.004806358 -3.966599703 -0.203267053 -0.000487786 0.979123294 115.048645020
0.978902936 0.026971789 0.202536747 61.508968353 -0.026868733 0.999634326 -0.003258932 -3.979281425 -0.202550352 -0.002251735 0.979269385 115.841812134
0.978630662 0.032513149 0.203038201 61.660133362 -0.032115709 0.999471009 -0.005252921 -3.992707968 -0.203101352 -0.001380053 0.979156852 116.648948669
0.978313446 0.038313087 0.203554749 61.818214417 -0.037352618 0.999266207 -0.008559927 -4.006670952 -0.203733087 0.000770983 0.979026258 117.459693909
0.977749825 0.047209017 0.204392135 61.977539062 -0.046105642 0.998885572 -0.010160047 -4.021887779 -0.204643786 0.000510348 0.978836477 118.282661438
0.976787984 0.053347945 0.207457706 62.131839752 -0.052529849 0.998575211 -0.009454560 -4.039175987 -0.207666278 -0.001662624 0.978198469 119.110031128
0.976011336 0.056093924 0.210368186 62.298351288 -0.055787541 0.998415828 -0.007395616 -4.061492443 -0.210449561 -0.004517722 0.977594376 119.943916321
0.975428998 0.056634944 0.212908641 62.479461670 -0.056198165 0.998387277 -0.008108168 -4.081443310 -0.213024259 -0.004056136 0.977038562 120.785453796
0.975125611 0.055150881 0.214680895 62.660686493 -0.054091442 0.998477995 -0.010811418 -4.099042416 -0.214950189 -0.001069913 0.976624489 121.607383728
0.975094914 0.049226940 0.216254666 62.845226288 -0.048303656 0.998787463 -0.009556388 -4.117394447 -0.216462672 -0.001127512 0.976290286 122.454185486
0.975403845 0.042497713 0.216288701 63.039695740 -0.041101519 0.999095500 -0.010951579 -4.140014648 -0.216558233 0.001792409 0.976268113 123.273406982
0.975155830 0.041857861 0.217528060 63.223163605 -0.040434368 0.999122262 -0.010993156 -4.163842201 -0.217797026 0.001924422 0.975992203 124.105194092
0.974590242 0.044547893 0.219519451 63.404243469 -0.043860622 0.999006093 -0.008006096 -4.181546688 -0.219657704 -0.001825604 0.975575328 124.956871033
0.974167407 0.046590112 0.220967546 63.577751160 -0.047224440 0.998881876 -0.002414473 -4.195003033 -0.220832750 -0.008082974 0.975278199 125.790451050
0.973806381 0.049998328 0.221812367 63.752296448 -0.051700715 0.998661339 0.001871312 -4.212163448 -0.221421659 -0.013290158 0.975087643 126.604118347
0.973589957 0.049411960 0.222891048 63.935714722 -0.049640276 0.998757184 -0.004581966 -4.228363514 -0.222840205 -0.006603421 0.974832654 127.433799744
0.973869383 0.045408018 0.222521484 64.121330261 -0.042289909 0.998929739 -0.018760327 -4.250002384 -0.223134950 0.008859687 0.974747300 128.239013672
