1.000000000 0.000000000 0.000000000 0.000000000 0.000000000 1.000000000 0.000000000 0.000000000 0.000000000 0.000000000 1.000000000 0.000000000
0.999990940 -0.002589314 -0.003382429 -0.000910048 0.002582147 0.999994397 -0.002121790 -0.005037155 0.003387904 0.002113037 0.999992013 0.671731114
0.999971092 -0.001340857 -0.007493677 -0.010110882 0.001313874 0.999992609 -0.003604640 -0.011103747 0.007498455 0.003594690 0.999965429 1.353705883
0.999934494 -0.001347954 -0.011372296 -0.025723845 0.001290583 0.999986410 -0.005050726 -0.015761828 0.011378950 0.005035718 0.999922574 2.059732199
0.999869525 0.000113897 -0.016158793 -0.046068713 -0.000205019 0.999984086 -0.005637623 -0.023212552 0.016157892 0.005640199 0.999853551 2.786267996
0.999783933 -0.000841113 -0.020776613 -0.058436826 0.000716360 0.999981642 -0.006011267 -0.028101344 0.020781286 0.005995084 0.999766111 3.524228334
0.999679685 0.000935858 -0.025297262 -0.084222659 -0.001118395 0.999973416 -0.007202519 -0.038074106 0.025289847 0.007228503 0.999654114 4.277271748
0.999537706 0.003629295 -0.030189909 -0.113881029 -0.003866094 0.999962151 -0.007789003 -0.046248786 0.030160494 0.007902118 0.999513924 5.039443970
0.999394119 0.003920455 -0.034588438 -0.143040717 -0.004136239 0.999972343 -0.006169296 -0.056171805 0.034563292 0.006308623 0.999382734 5.818144321
0.999231458 0.003078023 -0.039079681 -0.177179903 -0.003214964 0.999988854 -0.003441805 -0.066807389 0.039068647 0.003564798 0.999230266 6.614923477
0.999087095 0.002625003 -0.042639673 -0.212078899 -0.002660848 0.999996126 -0.000783932 -0.079411946 0.042637445 0.000896672 0.999090254 7.435714722
0.998968482 0.004333841 -0.045203380 -0.256501913 -0.004397293 0.999989450 -0.001304376 -0.091414280 0.045197248 0.001501802 0.998976946 8.248015404
0.998862743 0.003808368 -0.047527105 -0.296611279 -0.003881776 0.999991417 -0.001452388 -0.101133928 0.047521159 0.001635224 0.998868883 9.070040703
0.998782694 0.000806316 -0.049320482 -0.334384322 -0.000904510 0.999997616 -0.001968676 -0.108555779 0.049318768 0.002010889 0.998781085 9.906371117
0.998665035 0.000844440 -0.051646847 -0.374483228 -0.000901432 0.999998927 -0.001080241 -0.119182676 0.051645875 0.001125353 0.998664856 10.741683960
0.998581529 -0.000537243 -0.053240962 -0.417768389 0.000469172 0.999998987 -0.001291072 -0.130266190 0.053241599 0.001264260 0.998580873 11.587251663
0.998479366 0.001885167 -0.055094410 -0.468663543 -0.002082121 0.999991596 -0.003517690 -0.144647166 0.055087313 0.003627052 0.998474956 12.441488266
0.998395681 0.002565826 -0.056564089 -0.519603133 -0.002921087 0.999976516 -0.006198925 -0.153329030 0.056546852 0.006354208 0.998379707 13.299766541
0.998275936 0.006597909 -0.058322731 -0.578039646 -0.007073677 0.999943316 -0.007954846 -0.162183136 0.058266938 0.008353687 0.998266041 14.172292709
0.998216689 0.007478431 -0.059224069 -0.636064887 -0.007943460 0.999939442 -0.007620517 -0.176013961 0.059163488 0.008077370 0.998215556 15.059340477
0.998140812 0.006841240 -0.060564511 -0.692551136 -0.007231262 0.999954462 -0.006222963 -0.186793461 0.060519174 0.006649349 0.998144865 15.938970566
0.998042345 0.007777314 -0.062054984 -0.751345694 -0.008090517 0.999955773 -0.004797543 -0.198688552 0.062014922 0.005290207 0.998061180 16.828447342
0.997988939 0.007501237 -0.062941857 -0.811539412 -0.007806845 0.999958873 -0.004610914 -0.214534476 0.062904678 0.005093017 0.998006523 17.734304428
0.997868299 0.007392842 -0.064839162 -0.868979573 -0.007770462 0.999954224 -0.005573739 -0.227265298 0.064794987 0.006065686 0.997880161 18.635889053
0.997806907 0.005962007 -0.065921701 -0.928709745 -0.006397971 0.999958992 -0.006404272 -0.240091264 0.065880813 0.006811990 0.997804224 19.536901474
0.997765303 0.005979135 -0.066547133 -0.990573645 -0.006308021 0.999968886 -0.004733144 -0.251544952 0.066516757 0.005142346 0.997772038 20.466411591
0.997751296 0.007164980 -0.066639483 -1.053724289 -0.007261332 0.999972880 -0.001203788 -0.267484069 0.066629045 0.001684971 0.997776330 21.374816895
0.997798502 0.008073394 -0.065823324 -1.119868875 -0.007925433 0.999965370 0.002508630 -0.278114051 0.065841295 -0.001981430 0.997828066 22.306776047
0.997908473 0.006740534 -0.064287268 -1.181101322 -0.006405071 0.999964714 0.005422815 -0.284923553 0.064321548 -0.004999711 0.997916639 23.235385895
0.997998416 0.007145876 -0.062830575 -1.244760156 -0.006779222 0.999958694 0.006046787 -0.290501356 0.062871180 -0.005608745 0.998005807 24.182796478
0.998086035 0.007486380 -0.061382543 -1.305966735 -0.007291109 0.999967575 0.003404522 -0.302561909 0.061406035 -0.002950461 0.998108447 25.116983414
0.998139501 0.008479934 -0.060375888 -1.371663928 -0.008590209 0.999961793 -0.001567203 -0.308739841 0.060360286 0.002082927 0.998174369 26.037481308
0.998216748 0.007602693 -0.059204325 -1.429417014 -0.007882074 0.999958754 -0.004486897 -0.322467327 0.059167769 0.004945547 0.998235703 26.977302551
0.998270810 0.004997593 -0.058566056 -1.481472850 -0.005211684 0.999980152 -0.003503425 -0.331933767 0.058547381 0.003802593 0.998277247 27.921955109
0.998265922 0.003362732 -0.058765147 -1.542564869 -0.003274758 0.999993265 0.001593246 -0.348504424 0.058770102 -0.001398044 0.998270392 28.900703430
0.998227000 -0.000325311 -0.059515875 -1.602611065 0.000629638 0.999986708 0.005094632 -0.363299668 0.059513420 -0.005123076 0.998214126 29.871686935
0.998122692 -0.007743841 -0.060750838 -1.650136232 0.008045109 0.999956429 0.004715962 -0.377682954 0.060711667 -0.005195859 0.998141587 30.820192337
0.998018563 -0.009488185 -0.062197383 -1.706149459 0.009563728 0.999953747 0.000916905 -0.389015049 0.062185805 -0.001509930 0.998063207 31.785678864
0.997942090 -0.009234826 -0.063449405 -1.774706125 0.009059386 0.999954224 -0.003052250 -0.400290012 0.063474685 0.002471152 0.997980177 32.759281158
0.997814178 -0.007759728 -0.065621309 -1.844496131 0.007543870 0.999965191 -0.003536658 -0.415448904 0.065646470 0.003033886 0.997838080 33.736988068
0.997768104 -0.008046930 -0.066284172 -1.908342719 0.007937000 0.999966562 -0.001921685 -0.433459044 0.066297419 0.001391295 0.997798681 34.729251862
0.997689784 -0.005129326 -0.067735821 -1.980529666 0.005212212 0.999985754 0.001046951 -0.450332373 0.067729495 -0.001397589 0.997702479 35.714076996
0.997626185 -0.005271511 -0.068655573 -2.055149555 0.005443858 0.999982357 0.002323425 -0.460751384 0.068642125 -0.002691665 0.997637451 36.707424164
0.997561812 -0.004063667 -0.069665998 -2.129175663 0.004418829 0.999977887 0.004944680 -0.469905257 0.069644369 -0.005240470 0.997557878 37.684940338
0.997586846 -0.004354476 -0.069289133 -2.206358433 0.004916310 0.999956310 0.007940067 -0.474770784 0.069251530 -0.008261557 0.997564793 38.674278259
0.997539222 0.001381634 -0.070093669 -2.279775858 -0.000655958 0.999945879 0.010374906 -0.482322931 0.070104204 -0.010303401 0.997486234 39.651603699
0.997522891 0.001317370 -0.070327625 -2.351384401 -0.000621912 0.999950588 0.009909814 -0.492674917 0.070337199 -0.009841532 0.997474492 40.665382385
0.997537076 0.001284286 -0.070126757 -2.426734447 -0.000709731 0.999965847 0.008217384 -0.493640035 0.070134908 -0.008147377 0.997504056 41.653610229
0.997515142 0.003787584 -0.070347957 -2.496158838 -0.003366699 0.999975562 0.006100512 -0.500706077 0.070369326 -0.005848514 0.997503638 42.628280640
0.997446597 0.003511076 -0.071326405 -2.566594839 -0.003086917 0.999976695 0.006056095 -0.503658414 0.071345992 -0.005820455 0.997434437 43.616203308
0.997353196 0.001393373 -0.072692245 -2.637816429 -0.000850330 0.999971271 0.007500844 -0.513342321 0.072700597 -0.007419180 0.997326016 44.595096588
0.997298419 0.002107310 -0.073423237 -2.714736938 -0.001490597 0.999962926 0.008453202 -0.519994020 0.073438317 -0.008320924 0.997264862 45.581066132
0.997278094 0.004612368 -0.073584735 -2.792366266 -0.004266461 0.999978900 0.004857291 -0.530398667 0.073605582 -0.004530126 0.997276902 46.546485901
0.997212052 0.005288241 -0.074429423 -2.872454405 -0.005246830 0.999985754 0.000751904 -0.540925622 0.074432343 -0.000359290 0.997225761 47.500717163
0.997161269 0.006236448 -0.075034410 -2.952327251 -0.006293918 0.999979854 -0.000529466 -0.551716566 0.075029612 0.001000223 0.997180581 48.466667175
0.997162282 0.004810767 -0.075125366 -3.026998520 -0.004597984 0.999984682 0.003005083 -0.567058980 0.075138696 -0.002651131 0.997169316 49.441581726
0.997150898 0.002923184 -0.075373136 -3.098821402 -0.002455680 0.999976933 0.006294472 -0.581237555 0.075389825 -0.006091448 0.997135282 50.416255951
0.997106016 0.000759777 -0.076016687 -3.166611195 -0.000223050 0.999974728 0.007068898 -0.592803895 0.076020166 -0.007031488 0.997081220 51.378734589
0.997080803 -0.002110432 -0.076321438 -3.238919735 0.002568696 0.999978960 0.005906749 -0.604435205 0.076307394 -0.006085554 0.997065485 52.331504822
0.997045636 -0.004576983 -0.076672412 -3.311077356 0.004945563 0.999976873 0.004618036 -0.615879834 0.076649524 -0.004983582 0.997045338 53.284694672
0.996947706 -0.006287255 -0.077816077 -3.384618998 0.006761273 0.999959946 0.005829572 -0.625103176 0.077776328 -0.006337916 0.996950388 54.230899811
0.996835887 -0.009218013 -0.078948349 -3.455706358 0.010039367 0.999899268 0.010013117 -0.635078907 0.078848116 -0.010774028 0.996828079 55.175010681
0.996770561 -0.009971387 -0.079679079 -3.527302980 0.011212768 0.999822199 0.015147590 -0.642420173 0.079513900 -0.015992098 0.996705115 56.113246918
0.996737540 -0.008244147 -0.080287442 -3.605244637 0.009672849 0.999801219 0.017422242 -0.648277044 0.080127887 -0.018142013 0.996619105 57.056274414
0.996637821 -0.006893596 -0.081641063 -3.686266661 0.008010260 0.999878466 0.013358137 -0.649519861 0.081539094 -0.013967192 0.996571898 57.979129791
0.996518493 -0.005629873 -0.083179712 -3.763853550 0.006126629 0.999964595 0.005718076 -0.655343354 0.083144613 -0.006207780 0.996517777 58.897674561
0.996453941 -0.004057021 -0.084039696 -3.845819235 0.004148528 0.999990642 0.000914298 -0.661810040 0.084035233 -0.001259697 0.996461630 59.807800293
0.996370494 0.000650209 -0.085117713 -3.931091309 -0.000492491 0.999997735 0.001873954 -0.674154282 0.085118778 -0.001825232 0.996368766 60.710556030
0.996247649 0.003846169 -0.086460017 -4.012623310 -0.003471344 0.999983490 0.004485202 -0.696944118 0.086475886 -0.004168240 0.996244848 61.588973999
0.996156871 0.006509845 -0.087341771 -4.097110271 -0.006006334 0.999963343 0.006026427 -0.710885406 0.087377854 -0.005478664 0.996159792 62.487144470
0.996052921 0.007447549 -0.088445358 -4.175667286 -0.006963606 0.999958634 0.005778983 -0.721712530 0.088484786 -0.005140275 0.996063888 63.345432281
0.995885074 0.008914873 -0.090182751 -4.256077290 -0.008356074 0.999943078 0.006571983 -0.730314314 0.090236254 -0.005791367 0.995903134 64.203979492
0.995752215 0.009695360 -0.091558136 -4.337048531 -0.009067359 0.999932051 0.007272536 -0.741720855 0.091622464 -0.006411456 0.995772779 65.040641785
0.995627046 0.009640074 -0.092914484 -4.416041851 -0.008963055 0.999929726 0.007701053 -0.748512805 0.092982233 -0.006834581 0.995643914 65.858924866
0.995507836 0.009478151 -0.094199158 -4.493921757 -0.008687004 0.999923050 0.008805196 -0.756105721 0.094275407 -0.007947336 0.995514035 66.660591125
0.995349705 0.012258359 -0.095539048 -4.576766491 -0.011206510 0.999870121 0.011538444 -0.762783229 0.095668130 -0.010414132 0.995358407 67.445411682
0.995201051 0.013839849 -0.096862465 -4.657439709 -0.012383042 0.999800742 0.015625015 -0.768249691 0.097059458 -0.014350585 0.995174766 68.225242615
0.994990647 0.017059071 -0.098496079 -4.738604546 -0.015416284 0.999728978 0.017415833 -0.775103390 0.098766536 -0.015810156 0.994984627 68.982200623
0.994811952 0.019744504 -0.099790998 -4.821657658 -0.018494574 0.999738157 0.013435218 -0.782311141 0.100030199 -0.011519929 0.994917333 69.726432800
0.994676352 0.019854605 -0.101111904 -4.902631760 -0.019334875 0.999793828 0.006117676 -0.788803577 0.101212576 -0.004130123 0.994855821 70.455909729
0.994529009 0.019055121 -0.102702722 -4.975996017 -0.019119799 0.999816656 0.000354724 -0.794475973 0.102690704 0.001610875 0.994711637 71.151977539
0.994469821 0.020068882 -0.103081964 -5.052797794 -0.020261904 0.999793887 -0.000825620 -0.800468802 0.103044204 0.002909695 0.994672120 71.846099854
0.994325340 0.022867255 -0.103889689 -5.129355907 -0.022700842 0.999737978 0.002784067 -0.813901365 0.103926189 -0.000409882 0.994584560 72.515518188
0.994184732 0.023226706 -0.105148092 -5.205042362 -0.022812106 0.999726057 0.005144104 -0.829946935 0.105238833 -0.002715539 0.994442880 73.168556213
0.994151890 0.020213148 -0.106076531 -5.272844315 -0.020123797 0.999795139 0.001912702 -0.842475295 0.106093533 0.000233149 0.994355738 73.803001404
0.994285226 0.012087437 -0.106064253 -5.329466343 -0.012491896 0.999916434 -0.003149810 -0.854597390 0.106017388 0.004456759 0.994353890 74.414199829
0.994426668 0.008146611 -0.105110012 -5.386134624 -0.009029509 0.999927223 -0.007926626 -0.865907967 0.105037861 0.008831549 0.994428635 75.006256104
0.994728565 0.010619536 -0.101986095 -5.450480461 -0.011511075 0.999899864 -0.008157244 -0.876088679 0.101889335 0.009288223 0.994751990 75.584938049
0.995076299 0.015732069 -0.097850136 -5.514990807 -0.016320111 0.999852598 -0.005212140 -0.888067961 0.097753793 0.006783410 0.995187104 76.151741028
0.995539963 0.014360121 -0.093235910 -5.563359737 -0.014620419 0.999890268 -0.002109350 -0.899670303 0.093195461 0.003463095 0.995641410 76.708015442
0.996107340 0.010774334 -0.087481603 -5.600803852 -0.010634539 0.999940693 0.002063874 -0.910886288 0.087498724 -0.001125513 0.996163607 77.251167297
0.996827245 0.006582981 -0.079316616 -5.632013321 -0.006167441 0.999965310 0.005482808 -0.924648523 0.079350032 -0.004976233 0.996834040 77.777015686
0.997589469 0.010268345 -0.068620622 -5.667970657 -0.009929726 0.999936163 0.005273880 -0.932772160 0.068670452 -0.004579785 0.997628570 78.289291382
0.998443961 0.015475935 -0.053564161 -5.697364330 -0.015240436 0.999871671 0.004802178 -0.940518498 0.053631645 -0.003978366 0.998552561 78.788856506
0.999150753 0.020745143 -0.035586536 -5.713255405 -0.020573182 0.999774218 0.005191521 -0.945716977 0.035686225 -0.004454985 0.999352813 79.275238037
0.999719918 0.019319834 -0.013630508 -5.704660892 -0.019245310 0.999798596 0.005577275 -0.950085282 0.013735522 -0.005313392 0.999891222 79.754753113
0.999796450 0.015806600 0.012497024 -5.675640106 -0.015886130 0.999853432 0.006290825 -0.956722796 -0.012395770 -0.006488077 0.999901831 80.220230103
0.999018192 0.014645531 0.041799609 -5.632527351 -0.014978839 0.999857724 0.007671978 -0.965075791 -0.041681342 -0.008290560 0.999096274 80.674232483
0.997111499 0.014231271 0.074599624 -5.574018002 -0.014932215 0.999848723 0.008846770 -0.970870197 -0.074462511 -0.009935160 0.997174025 81.125892639
0.993576825 0.014429693 0.112231299 -5.501436710 -0.015542843 0.999837577 0.009049710 -0.973157525 -0.112082601 -0.010735983 0.993640602 81.575401306
0.988004029 0.014809464 0.153713137 -5.406858444 -0.016338028 0.999828160 0.008685784 -0.975659192 -0.153558239 -0.011092967 0.988077044 82.005447388
0.979947209 0.014495857 0.198726669 -5.292064667 -0.016493315 0.999828041 0.008399555 -0.982720494 -0.198570922 -0.011508791 0.980018616 82.424789429
0.968685031 0.016757071 0.247724518 -5.161182404 -0.018849758 0.999803245 0.006078159 -0.992457330 -0.247574136 -0.010557377 0.968811095 82.830787659
0.953504026 0.017502306 0.300869823 -5.006048679 -0.019298183 0.999808669 0.002997778 -1.002590060 -0.300760061 -0.008664641 0.953660131 83.220756531
0.934076905 0.017809693 0.356625944 -4.827360630 -0.019280056 0.999813378 0.000568356 -1.010163188 -0.356549561 -0.007406662 0.934246659 83.590553284
0.910388470 0.018244121 0.413350791 -4.624498844 -0.019441310 0.999809563 -0.001310015 -1.020545840 -0.413296282 -0.006843463 0.910570502 83.937316895
0.881600380 0.018068809 0.471649528 -4.414909840 -0.019001879 0.999814987 -0.002784694 -1.036567688 -0.471612960 -0.006507244 0.881781220 84.261367798
0.848414361 0.016482376 0.529075027 -4.176531792 -0.016319128 0.999853909 -0.004979603 -1.048930764 -0.529080212 -0.004409280 0.848559916 84.569129944
0.811854720 0.016521035 0.583624780 -3.914620876 -0.015338560 0.999857545 -0.006966795 -1.055081964 -0.583657265 -0.003295941 0.811993003 84.864112854
0.772519231 0.015246538 0.634807467 -3.637556076 -0.014424954 0.999874592 -0.006460331 -1.065346956 -0.634826899 -0.004166342 0.772642672 85.132095337
0.730355382 0.014706030 0.682908297 -3.349380732 -0.015709817 0.999864936 -0.004730192 -1.074121475 -0.682886124 -0.007273649 0.730488122 85.378471375
0.685357213 0.013745035 0.728076637 -3.046215296 -0.014805579 0.999877691 -0.004939368 -1.079651117 -0.728056014 -0.007394371 0.685477197 85.609802246
0.639188647 0.012659811 0.768945158 -2.728365183 -0.011408507 0.999909997 -0.006979016 -1.085363746 -0.768964946 -0.004311613 0.639275849 85.815048218
0.592655361 0.010494010 0.805387259 -2.401545048 -0.005773323 0.999944210 -0.008780658 -1.090228081 -0.805435121 0.000554142 0.592683077 85.997337341
0.546135008 0.012604417 0.837601840 -2.070177555 -0.007571016 0.999919713 -0.010110538 -1.100156784 -0.837662578 -0.000819779 0.546186745 86.169410706
0.498817921 0.015795723 0.866562307 -1.732659936 -0.011342303 0.999866784 -0.011696643 -1.107262850 -0.866632164 -0.003994319 0.498930752 86.333885193
0.453436792 0.018011404 0.891105890 -1.392400026 -0.012300156 0.999826550 -0.013950007 -1.118510365 -0.891203165 -0.004635297 0.453579783 86.472602844
0.411391944 0.015581094 0.911324799 -1.041020274 -0.004779880 0.999876499 -0.014937333 -1.126097560 -0.911445618 0.001789077 0.411415726 86.585128784
0.372029692 0.008253637 0.928183556 -0.676965654 0.010502158 0.999858499 -0.013100403 -1.131826997 -0.928161085 0.014621681 0.371890455 86.676292419
0.336850643 0.004752004 0.941545486 -0.314064980 0.014928333 0.999834120 -0.010386994 -1.137441993 -0.941439390 0.017554585 0.336723894 86.767883301
0.303696364 0.008923423 0.952726483 0.047805339 0.012622348 0.999830186 -0.013388168 -1.145294070 -0.952684939 0.016091594 0.303532213 86.865493774
0.272312552 0.016483409 0.962067068 0.410737455 0.001920095 0.999841392 -0.017674087 -1.161627173 -0.962206602 0.006660140 0.272237778 86.969734192
0.243993580 0.020767286 0.969553888 0.787752092 -0.003005992 0.999781549 -0.020658268 -1.182904720 -0.969771862 0.002126012 0.244002730 87.055252075
0.218418196 0.022444131 0.975596547 1.180047989 -0.001777309 0.999742448 -0.022601709 -1.201007724 -0.975853384 0.003202688 0.218401819 87.123352051
0.195121631 0.023812804 0.980489314 1.582144260 0.005718750 0.999660015 -0.025416449 -1.213755012 -0.980762124 0.010566477 0.194919080 87.177818298
0.175131634 0.030206516 0.984080970 1.990820646 0.012652001 0.999377072 -0.032927636 -1.215537667 -0.984463513 0.018217273 0.174640298 87.224884033
0.155347899 0.036953866 0.987167895 2.408600330 0.014570683 0.999105096 -0.039693672 -1.220382571 -0.987752140 0.020550046 0.154670343 87.277114868
0.137649506 0.037810925 0.989758551 2.844766140 0.012227810 0.999129474 -0.039869484 -1.236000419 -0.990405202 0.017590597 0.137067229 87.335571289
0.122248992 0.033399224 0.991936803 3.294773817 0.010328395 0.999336064 -0.034921259 -1.261972666 -0.992445409 0.014514206 0.121822752 87.385437012
0.107840516 0.030156421 0.993710220 3.760379314 0.010589668 0.999447644 -0.031479757 -1.285250068 -0.994111478 0.013917856 0.107461467 87.427078247
0.094656758 0.027693029 0.995124221 4.245213032 0.012980309 0.999493003 -0.029049302 -1.306129336 -0.995425045 0.015666734 0.094249152 87.462516785
0.083043821 0.026938481 0.996181250 4.741683960 0.016628005 0.999457240 -0.028413218 -1.324856281 -0.996406853 0.018924052 0.082550652 87.493057251
0.073030718 0.027579170 0.996947765 5.253828049 0.019846134 0.999378741 -0.029100234 -1.342049241 -0.997131884 0.021910775 0.072437830 87.518112183
0.065212153 0.028129522 0.997474372 5.775746346 0.021885881 0.999321103 -0.029612439 -1.360973716 -0.997631073 0.023761701 0.064552054 87.545532227
0.059717499 0.028479397 0.997808516 6.321550369 0.023526639 0.999274373 -0.029929275 -1.380474567 -0.997937739 0.025262387 0.059003960 87.571357727
0.054174319 0.029556867 0.998093486 6.884305000 0.024830846 0.999212086 -0.030937759 -1.400321484 -0.998222470 0.026459543 0.053397529 87.596267700
0.048171926 0.030329462 0.998378038 7.462464333 0.025229262 0.999182224 -0.031571217 -1.419319987 -0.998520195 0.026709192 0.047367159 87.625007629
0.043842725 0.030313289 0.998578012 8.060474396 0.027799429 0.999114633 -0.031550128 -1.443307519 -0.998651385 0.029143149 0.042961031 87.646430969
0.041024186 0.030278461 0.998698831 8.681326866 0.029273830 0.999074340 -0.031492356 -1.466470838 -0.998729050 0.030527696 0.040099658 87.667755127
0.038004700 0.029857380 0.998830974 9.319928169 0.030203845 0.999061644 -0.031013519 -1.490266681 -0.998820782 0.031347204 0.037067037 87.689910889
0.035703965 0.029267291 0.998933315 9.976423264 0.032398455 0.999010861 -0.030427564 -1.513855577 -0.998836875 0.033450294 0.034720242 87.709571838
0.035100874 0.028922407 0.998964727 10.646753311 0.036841791 0.998863280 -0.030214006 -1.537264347 -0.998704195 0.037864208 0.033995233 87.726852417
0.036149494 0.028576452 0.998937309 11.332804680 0.040063601 0.998745084 -0.030020790 -1.561783075 -0.998542666 0.041106287 0.034959067 87.746040344
0.038545109 0.028511861 0.998849630 12.036680222 0.041650947 0.998677313 -0.030114252 -1.586411834 -0.998388112 0.042763811 0.037306398 87.771385193
0.042449184 0.028433476 0.998693526 12.760582924 0.044020511 0.998570025 -0.030301057 -1.612060785 -0.998127997 0.045249276 0.041136649 87.800270081
0.046831146 0.028013110 0.998509526 13.493286133 0.044376243 0.998560488 -0.030095853 -1.638949752 -0.997916162 0.045719553 0.045520443 87.834938049
0.050862532 0.026325263 0.998358250 14.246505737 0.045946144 0.998531401 -0.028670633 -1.665439606 -0.997647762 0.047328997 0.049578123 87.872718811
0.054838516 0.024764502 0.998187661 15.002083778 0.045723464 0.998580396 -0.027286232 -1.694022655 -0.997447371 0.047136955 0.053628184 87.916740417
0.059007324 0.022705931 0.997998834 15.775041580 0.042674925 0.998768985 -0.025246657 -1.719835401 -0.997344553 0.044079285 0.057965547 87.968681335
0.063091338 0.021665448 0.997772098 16.565065384 0.042009015 0.998819649 -0.024344537 -1.744311929 -0.997122765 0.043451373 0.062106565 88.022689819
0.067230023 0.022694087 0.997478843 17.356492996 0.039388716 0.998900592 -0.025381250 -1.772252917 -0.996959209 0.040995810 0.066262066 88.082168579
0.070194691 0.026757974 0.997173846 18.133602142 0.037346587 0.998867869 -0.029432416 -1.803160191 -0.996833444 0.039307058 0.069115758 88.146125793
0.071510702 0.032162867 0.996920645 18.919694901 0.031311575 0.998914003 -0.034473233 -1.835759163 -0.996947706 0.033680372 0.070425831 88.211830139
0.071479365 0.035238013 0.996818960 19.717653275 0.028630638 0.998890460 -0.037364300 -1.872780323 -0.997030556 0.031210344 0.070391029 88.269172668
0.071723171 0.034799706 0.996816814 20.519947052 0.026597941 0.998968065 -0.036788616 -1.909358025 -0.997069359 0.029151874 0.070723414 88.331359863
0.071733251 0.033232756 0.996869564 21.327051163 0.023631658 0.999106646 -0.035007857 -1.949794054 -0.997143328 0.026068909 0.070883676 88.394546509
0.071518533 0.032027144 0.996924460 22.150018692 0.024642985 0.999121606 -0.033865619 -1.987375975 -0.997134268 0.026989218 0.070666321 88.459152222
0.071961351 0.031518258 0.996908844 22.958318710 0.022146920 0.999202728 -0.033189476 -2.026350975 -0.997160971 0.024466820 0.071205802 88.522293091
0.072186336 0.031906437 0.996880233 23.762752533 0.020560052 0.999227285 -0.033470385 -2.065352678 -0.997178674 0.022912014 0.071474418 88.583114624
0.072326273 0.032545164 0.996849418 24.571758270 0.017586278 0.999269605 -0.033900172 -2.106014252 -0.997225404 0.019982744 0.071700960 88.645706177
0.071280435 0.034009442 0.996875882 25.377277374 0.015143263 0.999265611 -0.035173792 -2.142966747 -0.997340798 0.017603153 0.070712924 88.708099365
0.068374895 0.033841327 0.997085094 26.190174103 0.012540474 0.999315560 -0.034777012 -2.178703547 -0.997580349 0.014881788 0.067903556 88.772941589
0.064374171 0.032715540 0.997388899 26.993783951 0.010167333 0.999388218 -0.033437368 -2.215951204 -0.997873485 0.012293280 0.064002000 88.832405090
0.059437394 0.030353462 0.997769952 27.806512833 0.008433272 0.999485791 -0.030908054 -2.251788855 -0.998195827 0.010251550 0.059150688 88.890182495
0.052939884 0.028378872 0.998193860 28.624603271 0.006416119 0.999564946 -0.028758155 -2.290587664 -0.998576522 0.007926973 0.052734602 88.948806763
0.045581244 0.028625749 0.998549879 29.426048279 0.006198854 0.999561131 -0.028937720 -2.327131510 -0.998940825 0.007508871 0.045383617 88.986373901
0.036922872 0.029652584 0.998877585 30.224761963 0.005979702 0.999534369 -0.029893136 -2.362563372 -0.999299705 0.007076719 0.036728181 89.016517639
0.027050283 0.030206319 0.999177098 31.029102325 0.007098647 0.999511540 -0.030408626 -2.394593477 -0.999608338 0.007915356 0.026822453 89.039176941
0.016757883 0.029223394 0.999431968 31.828565598 0.008682153 0.999530077 -0.029371858 -2.429138422 -0.999821305 0.009169420 0.016496085 89.054603577
0.005967520 0.028134737 0.999585867 32.625511169 0.007830058 0.999571323 -0.028181097 -2.465365648 -0.999950945 0.007994974 0.005744456 89.058631897
-0.005004605 0.027452029 0.999610066 33.407028198 0.009531633 0.999578178 -0.027403452 -2.498119831 -0.999941468 0.009390762 -0.005264373 89.049972534
-0.016040443 0.027896041 0.999481559 34.185993195 0.010101622 0.999563396 -0.027736222 -2.527006149 -0.999819756 0.009651475 -0.016315460 89.038734436
-0.026969776 0.028432423 0.999231279 34.964202881 0.010509598 0.999547422 -0.028157774 -2.562648296 -0.999580443 0.009742102 -0.027256615 89.013809204
-0.037494779 0.029585568 0.998858213 35.732849121 0.010010526 0.999521792 -0.029229464 -2.596356869 -0.999246120 0.008903134 -0.037773255 88.983200073
-0.047737293 0.030585494 0.998390973 36.501178741 0.011030894 0.999485493 -0.030091602 -2.630759716 -0.998798490 0.009576644 -0.048050363 88.944656372
-0.057199147 0.031259336 0.997872710 37.265899658 0.011961571 0.999458671 -0.030623378 -2.665750504 -0.998290598 0.010184485 -0.057542346 88.897346497
-0.066952810 0.031864949 0.997246623 38.015319824 0.013088161 0.999431193 -0.031056054 -2.696017265 -0.997669756 0.010972827 -0.067332037 88.848388672
-0.076261222 0.032278195 0.996564686 38.755031586 0.013981070 0.999411464 -0.031300522 -2.731041670 -0.996989369 0.011546019 -0.076667890 88.788825989
-0.084831990 0.031840321 0.995885849 39.486717224 0.015176167 0.999413908 -0.030660387 -2.764026880 -0.996279240 0.012512742 -0.085265756 88.723838806
-0.092218362 0.030770436 0.995262682 40.219326019 0.017061381 0.999423802 -0.029318232 -2.796311855 -0.995592237 0.014276871 -0.092690483 88.655197144
-0.097366244 0.029087072 0.994822860 40.937557220 0.019756831 0.999431610 -0.027288172 -2.830002785 -0.995052099 0.016997600 -0.097885847 88.580345154
-0.101035304 0.027364317 0.994505823 41.638004303 0.022587128 0.999426365 -0.025205009 -2.863488913 -0.994625986 0.019916438 -0.101595707 88.501800537
-0.103567809 0.026507478 0.994268477 42.350620270 0.024547365 0.999407649 -0.024087524 -2.887053013 -0.994318962 0.021911984 -0.104157425 88.422599792
-0.105447680 0.025703939 0.994091988 43.038414001 0.024491113 0.999428988 -0.023244062 -2.916042805 -0.994122684 0.021895392 -0.106017269 88.353790283
-0.106214263 0.026098354 0.994000077 43.697460175 0.025228539 0.999403596 -0.023544427 -2.945706606 -0.994022608 0.022576425 -0.106809624 88.285621643
-0.105512172 0.027092075 0.994048297 44.362701416 0.025790546 0.999366343 -0.024499508 -2.974151850 -0.994082928 0.023052063 -0.106144316 88.219940186
-0.102407053 0.028824288 0.994324327 44.989116669 0.026909599 0.999293745 -0.026196888 -3.000602722 -0.994378030 0.024074133 -0.103110664 88.154960632
-0.097303249 0.029381936 0.994820416 45.604602814 0.027008787 0.999273121 -0.026871726 -3.025960445 -0.994887710 0.024254197 -0.098026372 88.100929260
-0.089419752 0.030076323 0.995539248 46.207450867 0.026284561 0.999266267 -0.027828038 -3.053675413 -0.995646596 0.023678945 -0.090144962 88.055969238
-0.078418061 0.029967139 0.996469557 46.797836304 0.024937993 0.999293506 -0.028089557 -3.082937002 -0.996608078 0.022647230 -0.079110250 88.021812439
-0.064785883 0.030176271 0.997442365 47.355201721 0.023981823 0.999300301 -0.028674822 -3.112664223 -0.997610390 0.022062769 -0.065464489 87.996368408
-0.047718346 0.031395581 0.998366833 47.896087646 0.022817113 0.999278605 -0.030333685 -3.142415524 -0.998599589 0.021332379 -0.048400525 87.985321045
-0.026653839 0.033961866 0.999067128 48.426273346 0.020927455 0.999221861 -0.033408817 -3.169772387 -0.999424994 0.020017462 -0.027344065 87.988349915
-0.002023336 0.037093107 0.999309301 48.935089111 0.018987110 0.999132276 -0.037048105 -3.194586992 -0.999817073 0.018899033 -0.002726087 88.004196167
0.026121808 0.038797934 0.998905122 49.454746246 0.016832197 0.999086976 -0.039245181 -3.222289562 -0.999516428 0.017838921 0.025444707 88.039329529
0.059300043 0.037906121 0.997519732 49.953960419 0.014292685 0.999143243 -0.038817488 -3.254682302 -0.998137236 0.016559113 0.058707282 88.086090088
0.097094879 0.035284024 0.994648933 50.460552216 0.012941215 0.999241292 -0.036710225 -3.282881975 -0.995190322 0.016436340 0.096564442 88.158622742
0.138945490 0.031468328 0.989799380 50.961742401 0.010445242 0.999391973 -0.033239588 -3.310733795 -0.990244269 0.014957184 0.138532192 88.255874634
0.184669256 0.027048102 0.982427895 51.454460144 0.007346421 0.999554455 -0.028900560 -3.338550568 -0.982772529 0.012554372 0.184388176 88.370635986
0.232536569 0.023840627 0.972294867 51.935760498 0.002468769 0.999680996 -0.025102578 -3.363128185 -0.972583830 0.008237635 0.232403457 88.521697998
0.283908069 0.022396974 0.958589315 52.400672913 -0.001721744 0.999736607 -0.022848438 -3.384898424 -0.958849251 0.004836404 0.283871800 88.694213867
0.338123083 0.022354502 0.940835714 52.846263885 -0.002987373 0.999737442 -0.022680415 -3.400164366 -0.941096425 0.004858139 0.338101089 88.893272400
0.396248758 0.023039043 0.917853415 53.283451080 -0.001828721 0.999702096 -0.024304057 -3.417186260 -0.918140650 0.007951950 0.396172881 89.107833862
0.455997229 0.026154185 0.889596105 53.692024231 -0.001280173 0.999585509 -0.028731689 -3.438473701 -0.889979541 0.011962730 0.455841780 89.352821350
0.515294969 0.028868359 0.856525838 54.081821442 -0.000417316 0.999440014 -0.033434089 -3.463550329 -0.857012033 0.016870974 0.515018582 89.624008179
0.572759032 0.033058204 0.819056153 54.434768677 -0.004895777 0.999305725 -0.036909759 -3.481994152 -0.819708347 0.017130477 0.572523475 89.926116943
0.628283024 0.034986719 0.777197003 54.777320862 -0.008038950 0.999225974 -0.038483068 -3.505082369 -0.777942538 0.017930403 0.628078222 90.255294800
0.680867493 0.035833698 0.731528699 55.091415405 -0.009876952 0.999159813 -0.039750621 -3.520760059 -0.732339203 0.019839628 0.680649757 90.600509644
0.729506612 0.033666749 0.683143854 55.369632721 -0.010354212 0.999215961 -0.038186565 -3.541190147 -0.683894515 0.020783933 0.729283690 90.950424194
0.774451971 0.029734284 0.631932616 55.632400513 -0.012077595 0.999406755 -0.032223616 -3.560997009 -0.632516444 0.017323410 0.774352074 91.335594177
0.815361798 0.025466027 0.578390479 55.865386963 -0.013384443 0.999593258 -0.025143109 -3.572996855 -0.578796089 0.012759289 0.815371454 91.737716675
0.851328492 0.023182116 0.524119556 56.075946808 -0.015823232 0.999702334 -0.018515769 -3.584401131 -0.524393260 0.007469726 0.851442456 92.163864136
0.882071376 0.019315781 0.470718503 56.265640259 -0.016169300 0.999810696 -0.010727594 -3.597912073 -0.470837057 0.001851298 0.882217348 92.603912354
0.907231927 0.019743945 0.420165896 56.419017792 -0.019538991 0.999796629 -0.004792303 -3.613587379 -0.420175433 -0.003861907 0.907433808 93.039192200
0.927047312 0.021560255 0.374322563 56.557506561 -0.022933081 0.999735713 -0.000786857 -3.627188206 -0.374240935 -0.007854939 0.927297413 93.485191345
0.941972554 0.027577313 0.334553778 56.670692444 -0.030048931 0.999544978 0.002213302 -3.638128281 -0.334340841 -0.012137879 0.942373276 93.939888000
0.953545630 0.032150578 0.299526542 56.776161194 -0.034144394 0.999414861 0.001423703 -3.639896393 -0.299305797 -0.011584744 0.954086125 94.400299072
0.962636709 0.033922900 0.268661290 56.882404327 -0.035709821 0.999359608 0.001765694 -3.641208172 -0.268429577 -0.011293595 0.963232338 94.865936279
0.968707621 0.028375801 0.246575475 56.996982574 -0.029844387 0.999551058 0.002219950 -3.645247698 -0.246402010 -0.009509400 0.969120324 95.340148926
0.972639203 0.025623031 0.230901703 57.105133057 -0.027049366 0.999628484 0.003013064 -3.652825594 -0.230738938 -0.009176392 0.972971678 95.823318481
0.975434422 0.030035639 0.218231037 57.197433472 -0.031391159 0.999502301 0.002746093 -3.656239033 -0.218040168 -0.009529183 0.975892484 96.315208435
0.977329671 0.035538521 0.208717600 57.281921387 -0.037015885 0.999308527 0.003175237 -3.654866457 -0.208460659 -0.010829145 0.977970004 96.815971375
0.978286445 0.043270458 0.202688411 57.370418549 -0.044578526 0.999002993 0.001890632 -3.655516624 -0.202404737 -0.010885156 0.979240656 97.324592590
0.978625059 0.048976101 0.199733838 57.464138031 -0.049625475 0.998765230 -0.001757013 -3.658715010 -0.199573487 -0.008192454 0.979847789 97.845527649
0.978743792 0.050307427 0.198818848 57.567176819 -0.050484635 0.998714983 -0.004181152 -3.670604944 -0.198773921 -0.005945044 0.980026484 98.373748779
0.978321970 0.048921652 0.201226115 57.681003571 -0.048352692 0.998799205 -0.007744682 -3.679568052 -0.201363578 -0.002153052 0.979513347 98.903762817
0.977622390 0.047194198 0.205003470 57.798061371 -0.045218140 0.998873532 -0.014315822 -3.684303522 -0.205448389 0.004725576 0.978655696 99.450126648
0.976717532 0.047750898 0.209145948 57.916622162 -0.044751722 0.998815417 -0.019051591 -3.692295790 -0.209808171 0.009248367 0.977697968 100.000625610
0.975520790 0.052590940 0.213524774 58.033985138 -0.049759503 0.998586595 -0.018617082 -3.705476999 -0.214202330 0.007536449 0.976759374 100.577766418
0.974105954 0.055465501 0.219181508 58.161102295 -0.053543910 0.998456120 -0.014702208 -3.718215466 -0.219658837 0.002585657 0.975572467 101.173416138
0.973223567 0.052395459 0.223807976 58.301414490 -0.051429011 0.998623908 -0.010149151 -3.731510878 -0.224032030 -0.001632849 0.974579573 101.775794983
0.972559512 0.047958303 0.227656171 58.449123383 -0.048170101 0.998827219 -0.004628910 -3.742483139 -0.227611452 -0.006464352 0.973729730 102.387153625
0.971798718 0.045363009 0.231406078 58.595794678 -0.046607047 0.998912096 -0.000090838 -3.751762390 -0.231158718 -0.010696901 0.972856402 103.009063721
0.971289158 0.040747773 0.234384879 58.748416901 -0.042035796 0.999114752 0.000499956 -3.758658886 -0.234157294 -0.010338181 0.972142875 103.639793396
0.971387565 0.037348263 0.234543294 58.910053253 -0.037797913 0.999280870 -0.002579531 -3.766949892 -0.234471247 -0.006359544 0.972101331 104.280525208
0.971520543 0.036568746 0.234114870 59.068351746 -0.035310615 0.999329329 -0.009564830 -3.778479338 -0.234307930 0.001025673 0.972160935 104.930770874
0.971644104 0.038688861 0.233259887 59.218421936 -0.035900034 0.999222934 -0.016191283 -3.790023804 -0.233705342 0.007358116 0.972278595 105.586486816
0.972159326 0.041606665 0.230595663 59.368453979 -0.038020849 0.999076009 -0.019974070 -3.798506737 -0.231213942 0.010650524 0.972843587 106.256431580
0.972796321 0.039904803 0.228197709 59.530044556 -0.037299253 0.999179125 -0.015721079 -3.810842752 -0.228638023 0.006781792 0.973486900 106.949935913
0.973249972 0.035821524 0.226937398 59.692329407 -0.034891140 0.999356806 -0.008111177 -3.827273846 -0.227082282 -0.000023918 0.973874569 107.653160095
0.973819733 0.036009476 0.224449873 59.850723267 -0.036458950 0.999331415 -0.002143055 -3.845642567 -0.224377275 -0.006096278 0.974482238 108.366806030
0.974083126 0.039438549 0.222723767 60.006896973 -0.039824858 0.999201417 -0.002758488 -3.857505322 -0.222654969 -0.006182968 0.974876702 109.093421936
0.974311709 0.045282695 0.220602348 60.155406952 -0.044759814 0.998969138 -0.007370975 -3.866594076 -0.220708996 -0.002692510 0.975334942 109.821777344
0.975140035 0.046205986 0.216716975 60.310993195 -0.044533622 0.998927057 -0.012596812 -3.877431631 -0.217066795 0.002632449 0.976152182 110.562637329
0.976061225 0.044936903 0.212801620 60.470657349 -0.042634197 0.998970687 -0.015399813 -3.888020277 -0.213274896 0.005958521 0.976973057 111.313209534
0.976959765 0.042861067 0.209074005 60.627861023 -0.040863462 0.999067187 -0.013866722 -3.903924227 -0.209473610 0.005003727 0.977800488 112.079910278
0.977819204 0.039195403 0.205749229 60.790233612 -0.037560105 0.999222755 -0.011849323 -3.919816017 -0.206054062 0.003858517 0.978532016 112.862396240
0.978219569 0.038083784 0.204047829 60.949531555 -0.037008673 0.999272287 -0.009083664 -3.938591957 -0.204245582 0.001334260 0.978917778 113.651039124
0.978589237 0.034944102 0.202833310 61.117050171 -0.034283049 0.999387801 -0.006772681 -3.951333046 -0.202946112 -0.000326090 0.979188859 114.448532104
0.978838563 0.029634448 0.202475324 61.285163879 -0.029110994 0.999559283 -0.005563464 -3.962293625 -0.202551290 -0.000448544 0.979270577 115.244499207
0.978946745 0.030597907 0.201807618 61.442024231 -0.030415948 0.999527931 -0.004003347 -3.976047039 -0.201835155 -0.002219127 0.979416013 116.036430359
0.978648543 0.036156807 0.202333927 61.591979980 -0.035676699 0.999343872 -0.006020571 -3.989332676 -0.202419162 -0.001326605 0.979297101 116.850074768
0.978329062 0.041866198 0.202777743 61.750354767 -0.040825792 0.999121487 -0.009312608 -4.004468441 -0.202989787 0.000832213 0.979179502 117.658226013
0.977725387 0.050721556 0.203665733 61.905891418 -0.049530085 0.998711228 -0.010946352 -4.018623352 -0.203958780 0.000614922 0.978978336 118.481887817
0.976813138 0.056460697 0.206512839 62.068107605 -0.055537067 0.998402357 -0.010271443 -4.034698009 -0.206763148 -0.001435862 0.978389025 119.296005249
0.976006866 0.059263051 0.209517896 62.229801178 -0.058829695 0.998232007 -0.008305319 -4.053605556 -0.209639981 -0.004219855 0.977768600 120.132507324
0.975423455 0.059838820 0.212055594 62.410545349 -0.059270982 0.998199463 -0.009039161 -4.073975086 -0.212215006 -0.003751762 0.977214873 120.976173401
0.975122392 0.058374476 0.213840917 62.590862274 -0.057181221 0.998292983 -0.011766545 -4.091623306 -0.214163080 -0.000753888 0.976796687 121.803016663
0.975125611 0.052532379 0.215336084 62.777343750 -0.051482745 0.998617351 -0.010484221 -4.111789703 -0.215589434 -0.000862684 0.976482809 122.641136169
0.975434899 0.045908973 0.215449318 62.968097687 -0.044391081 0.998942077 -0.011881345 -4.134827137 -0.215767160 0.002025431 0.976441860 123.458801270
0.975188792 0.045284081 0.216692060 63.150787354 -0.043730214 0.998970211 -0.011962923 -4.158732414 -0.217010975 0.002190099 0.976165771 124.290649414
0.974609911 0.047995094 0.218703523 63.331047058 -0.047168709 0.998844802 -0.009001203 -4.177262783 -0.218883216 -0.001543327 0.975748956 125.141944885
0.974175155 0.050054044 0.220173970 63.503654480 -0.050543491 0.998714447 -0.003413301 -4.191556454 -0.220062107 -0.007803241 0.975453794 125.974952698
0.973796487 0.053508509 0.221035048 63.677444458 -0.055064667 0.998480737 0.000880049 -4.209736347 -0.220652506 -0.013028249 0.975264609 126.788543701
0.973585129 0.052949000 0.222098187 63.859992981 -0.053036056 0.998575330 -0.005576335 -4.227512836 -0.222077385 -0.006350206 0.975007474 127.618049622
0.973893881 0.048965558 0.221658021 64.045654297 -0.045718502 0.998757243 -0.019759152 -4.249884129 -0.222350419 0.009109434 0.974923372 128.424118042
