1.000000000 0.000000000 0.000000000 0.000000000 0.000000000 1.000000000 0.000000000 0.000000000 0.000000000 0.000000000 1.000000000 0.000000000
0.999990880 -0.002574668 -0.003409153 0.000098005 0.002567499 0.999994516 -0.002105686 -0.005746838 0.003414556 0.002096914 0.999991953 0.671490908
0.999971151 -0.001486853 -0.007440531 -0.011955283 0.001460440 0.999992669 -0.003554017 -0.012539043 0.007445760 0.003543048 0.999965966 1.350839496
0.999934912 -0.001479736 -0.011309220 -0.027592685 0.001423208 0.999986470 -0.005004791 -0.017218478 0.011316473 0.004988369 0.999923527 2.056948185
0.999870420 -0.000027199 -0.016096001 -0.047809154 -0.000062141 0.999984622 -0.005549918 -0.024849858 0.016095905 0.005550199 0.999855042 2.783913612
0.999785244 -0.001078207 -0.020694274 -0.061911482 0.000956445 0.999982178 -0.005892846 -0.030940153 0.020700261 0.005871787 0.999768496 3.522866249
0.999681830 0.000716278 -0.025212944 -0.087775998 -0.000895565 0.999974370 -0.007100343 -0.040817298 0.025207216 0.007120664 0.999656856 4.275759220
0.999540925 0.003350702 -0.030110776 -0.116595313 -0.003581731 0.999964535 -0.007621966 -0.050277550 0.030084176 0.007726316 0.999517441 5.031387806
0.999397576 0.003672064 -0.034510016 -0.146976754 -0.003884199 0.999973953 -0.006082025 -0.059216797 0.034486789 0.006212405 0.999385774 5.807202816
0.999236882 0.002974556 -0.038944066 -0.182139784 -0.003107878 0.999989510 -0.003363307 -0.069499537 0.038933661 0.003481774 0.999235630 6.593848228
0.999093652 0.002549010 -0.042488743 -0.217747822 -0.002581148 0.999996483 -0.000701541 -0.081587456 0.042486813 0.000810576 0.999096572 7.407965660
0.998974502 0.004278601 -0.045071993 -0.261951298 -0.004338960 0.999989927 -0.001241392 -0.093289301 0.045066234 0.001435686 0.998982787 8.220907211
0.998867273 0.003759386 -0.047432989 -0.300780952 -0.003832005 0.999991715 -0.001440121 -0.102811247 0.047427192 0.001620254 0.998873234 9.041655540
0.998787582 0.000740309 -0.049220804 -0.338279068 -0.000835806 0.999997914 -0.001919604 -0.110409096 0.049219292 0.001958416 0.998785913 9.878032684
0.998668849 0.000748788 -0.051572673 -0.378096044 -0.000803149 0.999999166 -0.001033332 -0.120807558 0.051571872 0.001073378 0.998668551 10.714282990
0.998586297 -0.000635152 -0.053147450 -0.421580672 0.000570303 0.999999166 -0.001235314 -0.132027909 0.053148195 0.001203258 0.998585761 11.559544563
0.998485327 0.001730010 -0.054988720 -0.472548902 -0.001922351 0.999992311 -0.003445107 -0.146431729 0.054982346 0.003545596 0.998480916 12.414129257
0.998401880 0.002396450 -0.056458145 -0.525286496 -0.002744971 0.999977767 -0.006096317 -0.157964230 0.056442287 0.006241552 0.998386264 13.272323608
0.998283505 0.006473006 -0.058204181 -0.584080458 -0.006937109 0.999945879 -0.007775151 -0.168420538 0.058150709 0.008165575 0.998274326 14.144862175
0.998224556 0.007350390 -0.059104815 -0.642002642 -0.007803657 0.999942064 -0.007441656 -0.182082444 0.059046697 0.007889678 0.998223960 15.031948090
0.998148501 0.006785455 -0.060441304 -0.697653830 -0.007161821 0.999956489 -0.006012483 -0.194966719 0.060397878 0.006434222 0.998153567 15.907201767
0.998048306 0.007530996 -0.061988175 -0.755239010 -0.007831483 0.999958932 -0.004605924 -0.207775459 0.061950948 0.005082394 0.998066187 16.803211212
0.997988403 0.007329133 -0.062968791 -0.814461887 -0.007621581 0.999961436 -0.004405359 -0.224261925 0.062934078 0.004876419 0.998005748 17.706041336
0.997866869 0.007114090 -0.064890370 -0.872221172 -0.007477377 0.999957919 -0.005357297 -0.236217231 0.064849533 0.005831079 0.997877955 18.611742020
0.997807145 0.005543927 -0.065953128 -0.935807168 -0.005959837 0.999963820 -0.006111047 -0.249751344 0.065916866 0.006490717 0.997803986 19.514226913
0.997759938 0.005596503 -0.066659167 -0.994703829 -0.005910857 0.999972582 -0.004519529 -0.258073032 0.066632040 0.004903418 0.997765541 20.447465897
0.997745633 0.006705110 -0.066770650 -1.057657361 -0.006784835 0.999976754 -0.000967290 -0.274021685 0.066762611 0.001418139 0.997767866 21.360595703
0.997790217 0.007682204 -0.065995403 -1.121944427 -0.007515116 0.999968112 0.002779722 -0.285975099 0.066014655 -0.002277614 0.997816026 22.289768219
0.997898221 0.006288049 -0.064492561 -1.183470607 -0.005933928 0.999966443 0.005680981 -0.290607333 0.064526126 -0.005286345 0.997901976 23.218278885
0.997992635 0.006586203 -0.062984139 -1.246095896 -0.006192052 0.999960184 0.006451126 -0.298728257 0.063024126 -0.006048173 0.997993648 24.159873962
0.998079479 0.006873702 -0.061561510 -1.307051659 -0.006652085 0.999970794 0.003804194 -0.310629517 0.061585866 -0.003387374 0.998095989 25.092834473
0.998134017 0.007850585 -0.060552210 -1.373870611 -0.007921561 0.999968350 -0.000932133 -0.322806954 0.060542982 0.001410062 0.998164535 26.020250320
0.998210967 0.007226153 -0.059349775 -1.432135344 -0.007464767 0.999965072 -0.003799684 -0.337506562 0.059320249 0.004235918 0.998229980 26.957710266
0.998264670 0.004690719 -0.058697034 -1.485149980 -0.004860045 0.999984622 -0.002742276 -0.348464221 0.058683269 0.003022787 0.998272061 27.904947281
0.998255908 0.003016993 -0.058955733 -1.543733239 -0.002884064 0.999993324 0.002339721 -0.363443136 0.058962397 -0.002165608 0.998257816 28.879966736
0.998209536 -0.000860834 -0.059804406 -1.599821925 0.001211805 0.999982476 0.005832627 -0.375688046 0.059798330 -0.005894655 0.998193026 29.843490601
0.998118222 -0.008124378 -0.060775049 -1.655247688 0.008475047 0.999949038 0.005514355 -0.391833097 0.060727149 -0.006019050 0.998136222 30.793762207
0.998011470 -0.010194348 -0.062199213 -1.714804053 0.010316020 0.999945581 0.001635279 -0.398062766 0.062179152 -0.002273675 0.998062372 31.765962601
0.997926533 -0.009856801 -0.063601024 -1.779224277 0.009727476 0.999950051 -0.002342755 -0.408980668 0.063620940 0.001719221 0.997972608 32.741416931
0.997798443 -0.008396330 -0.065782204 -1.848986268 0.008227287 0.999962211 -0.002840253 -0.423429638 0.065803558 0.002292791 0.997829914 33.718677521
0.997746408 -0.008400811 -0.066566877 -1.911725760 0.008335087 0.999964535 -0.001265023 -0.441055894 0.066575132 0.000707331 0.997781098 34.707588196
0.997671485 -0.005556823 -0.067973047 -1.986235380 0.005684496 0.999982536 0.001685002 -0.456508875 0.067962490 -0.002067471 0.997685611 35.685478210
0.997607410 -0.005747091 -0.068890952 -2.061085463 0.005963331 0.999978065 0.002933608 -0.464934289 0.068872571 -0.003337408 0.997619748 36.677692413
0.997540176 -0.004512283 -0.069948383 -2.132647514 0.004913298 0.999972582 0.005562028 -0.473110855 0.069921359 -0.005892023 0.997534990 37.653747559
0.997561336 -0.004590990 -0.069640413 -2.206612349 0.005207076 0.999948978 0.008667716 -0.483673036 0.069597058 -0.009009200 0.997534335 38.644912720
0.997515380 0.001090079 -0.070436738 -2.281979561 -0.000305257 0.999937832 0.011152063 -0.490016699 0.070444509 -0.011102851 0.997453749 39.625389099
0.997524381 0.001213016 -0.070307881 -2.364432573 -0.000480458 0.999945462 0.010435301 -0.493615031 0.070316695 -0.010375684 0.997470617 40.620647430
0.997529745 0.001357050 -0.070228696 -2.433495760 -0.000745319 0.999961555 0.008736076 -0.494187385 0.070237830 -0.008662148 0.997492552 41.610015869
0.997524142 0.003595679 -0.070229359 -2.512577057 -0.003137678 0.999973118 0.006630769 -0.500797331 0.070251286 -0.006393991 0.997508705 42.586746216
0.997463465 0.003389920 -0.071096517 -2.584599018 -0.002922085 0.999973416 0.006683288 -0.506573081 0.071117252 -0.006458580 0.997446954 43.574157715
0.997364461 0.001163919 -0.072542317 -2.654814959 -0.000575362 0.999966741 0.008133695 -0.516254842 0.072549343 -0.008070515 0.997332096 44.555141449
0.997305214 0.001761253 -0.073340796 -2.729552031 -0.001095525 0.999957860 0.009116460 -0.523072660 0.073353730 -0.009011541 0.997265220 45.544792175
0.997287035 0.004306114 -0.073482685 -2.805779457 -0.003913167 0.999977291 0.005490647 -0.530675411 0.073504634 -0.005188195 0.997281313 46.494915009
0.997221649 0.004997700 -0.074321426 -2.885879040 -0.004908389 0.999987066 0.001384327 -0.540581107 0.074327350 -0.001015677 0.997233331 47.449264526
0.997160792 0.005851807 -0.075071961 -2.962104321 -0.005857881 0.999982893 0.000139310 -0.551794767 0.075071469 0.000300855 0.997178018 48.412765503
0.997151554 0.004389268 -0.075293578 -3.033472300 -0.004127759 0.999984980 0.003628480 -0.563482642 0.075308345 -0.003307345 0.997154653 49.385665894
0.997155547 0.002600926 -0.075323276 -3.107602596 -0.002087545 0.999974132 0.006893658 -0.578377008 0.075339228 -0.006716803 0.997135222 50.355186462
0.997104228 0.000619194 -0.076041259 -3.171752930 -0.000036024 0.999970675 0.007670268 -0.591147065 0.076043747 -0.007645312 0.997075081 51.304187775
0.997078359 -0.002251066 -0.076349169 -3.244669437 0.002755686 0.999975145 0.006504663 -0.602169216 0.076332599 -0.006696047 0.997059822 52.259956360
0.997046709 -0.004675018 -0.076652311 -3.317131519 0.005088917 0.999973595 0.005205243 -0.612864196 0.076625928 -0.005579941 0.997044206 53.202842712
0.996956587 -0.006212938 -0.077707976 -3.391771555 0.006732175 0.999956787 0.006421701 -0.623288751 0.077664688 -0.006925295 0.996955395 54.148952484
0.996845543 -0.009301998 -0.078816310 -3.462682724 0.010168302 0.999892235 0.010597210 -0.632839203 0.078709215 -0.011365204 0.996832669 55.086669922
0.996771991 -0.010101468 -0.079643868 -3.532967329 0.011390924 0.999811113 0.015752576 -0.640299976 0.079469666 -0.016608937 0.996698737 56.025291443
0.996736467 -0.008488479 -0.080274284 -3.610474348 0.009968761 0.999787331 0.018057555 -0.645346045 0.080103897 -0.018798850 0.996609032 56.968341827
0.996636987 -0.007157264 -0.081627823 -3.691449642 0.008326526 0.999867499 0.013992926 -0.645883024 0.081516832 -0.014625536 0.996564448 57.891880035
0.996534586 -0.005814541 -0.082973592 -3.773122072 0.006349663 0.999960780 0.006186912 -0.646190286 0.082934327 -0.006692320 0.996532381 58.809555054
0.996468902 -0.004489324 -0.083840251 -3.854820251 0.004617195 0.999988556 0.001331378 -0.649474680 0.083833277 -0.001713778 0.996478200 59.720031738
0.996391237 0.000219110 -0.084877409 -3.941180229 -0.000026671 0.999997556 0.002268448 -0.660694897 0.084877655 -0.002257993 0.996388733 60.621707916
0.996283233 0.002906601 -0.086087175 -4.025346756 -0.002511710 0.999985993 0.004695141 -0.675229669 0.086099572 -0.004461458 0.996276438 61.495048523
0.996197402 0.005502765 -0.086950026 -4.109475613 -0.004974442 0.999968052 0.006291759 -0.689143002 0.086981826 -0.005835301 0.996192694 62.390159607
0.996092379 0.006389956 -0.088084981 -4.187871456 -0.005881110 0.999964714 0.006035184 -0.699144185 0.088120386 -0.005493558 0.996094584 63.251430511
0.995927632 0.007876564 -0.089811169 -4.267595768 -0.007292086 0.999950290 0.006834220 -0.708228588 0.089860484 -0.006151472 0.995935261 64.107673645
0.995798230 0.008643366 -0.091165558 -4.348710060 -0.007987811 0.999939859 0.007553344 -0.719100416 0.091225304 -0.006793388 0.995806992 64.945205688
0.995673954 0.008710006 -0.092506781 -4.427866459 -0.008005669 0.999936402 0.007982360 -0.725461245 0.092570372 -0.007207244 0.995679915 65.766151428
0.995557606 0.008665997 -0.093754619 -4.505584240 -0.007844932 0.999927938 0.009122713 -0.734864056 0.093826868 -0.008346681 0.995553374 66.564483643
0.995399654 0.011411957 -0.095127195 -4.588371754 -0.010332497 0.999876857 0.011832511 -0.740850508 0.095250465 -0.010795169 0.995394588 67.351135254
0.995253444 0.012999461 -0.096443720 -4.668882847 -0.011516314 0.999807239 0.015919205 -0.746068954 0.096632019 -0.014732959 0.995210946 68.131408691
0.995041907 0.016174061 -0.098131470 -4.749494076 -0.014508577 0.999739051 0.017662026 -0.750910878 0.098391488 -0.016150700 0.995016515 68.894767761
0.994866669 0.018882973 -0.099415265 -4.831365585 -0.017606869 0.999751449 0.013698058 -0.758416235 0.099649183 -0.011877345 0.994951546 69.636848450
0.994735777 0.019024363 -0.100690320 -4.912699699 -0.018475015 0.999809206 0.006385726 -0.765013695 0.100792557 -0.004491852 0.994897127 70.366600037
0.994585037 0.018177621 -0.102322549 -4.982755661 -0.018209098 0.999834239 0.000626653 -0.770495057 0.102316946 0.001239943 0.994750917 71.065444946
0.994529068 0.019133139 -0.102691844 -5.060170650 -0.019291081 0.999813974 -0.000544838 -0.777281165 0.102662288 0.002522896 0.994712889 71.758224487
0.994381964 0.021924950 -0.103554606 -5.133509159 -0.021727717 0.999759555 0.003032610 -0.790438473 0.103596166 -0.000765565 0.994618952 72.420852661
0.994237065 0.022253890 -0.104867391 -5.206427574 -0.021811677 0.999747992 0.005362140 -0.804944694 0.104960255 -0.003043902 0.994471550 73.072914124
0.994205952 0.019044966 -0.105789684 -5.276074409 -0.018931122 0.999818921 0.002080457 -0.814364910 0.105810113 -0.000065684 0.994386137 73.712051392
0.994331121 0.011011797 -0.105754375 -5.332698345 -0.011392261 0.999930918 -0.002994056 -0.826802909 0.105714068 0.004181865 0.994387567 74.322769165
0.994468510 0.007057070 -0.104796693 -5.389936924 -0.007920636 0.999938309 -0.007826369 -0.837637186 0.104734972 0.008613132 0.994462609 74.915588379
0.994773507 0.009593830 -0.101653457 -5.453864098 -0.010467881 0.999912977 -0.008068228 -0.848336041 0.101567179 0.009090153 0.994786859 75.492904663
0.995125473 0.014756451 -0.097505584 -5.518350601 -0.015328266 0.999869764 -0.005117725 -0.860422373 0.097417340 0.006587368 0.995221496 76.057701111
0.995586336 0.013384591 -0.092889704 -5.566554070 -0.013629666 0.999905467 -0.002004226 -0.872075558 0.092854060 0.003261435 0.995674014 76.613868713
0.996148229 0.009776622 -0.087137073 -5.603524685 -0.009623541 0.999951661 0.002176868 -0.883581936 0.087154105 -0.001329914 0.996193588 77.155357361
0.996859908 0.005562112 -0.078987822 -5.633957863 -0.005134085 0.999971330 0.005621107 -0.897860467 0.079016797 -0.005197921 0.996859431 77.680488586
0.997618854 0.009257563 -0.068341158 -5.667757988 -0.008907951 0.999945939 0.005418882 -0.905784547 0.068387598 -0.004797194 0.997646987 78.195823669
0.998475671 0.014496036 -0.053251781 -5.697769165 -0.014252558 0.999886513 0.004949463 -0.913149238 0.053317450 -0.004182940 0.998568594 78.697708130
0.999181509 0.019803064 -0.035266168 -5.714155674 -0.019626284 0.999793410 0.005352505 -0.918165147 0.035364844 -0.004655975 0.999363363 79.185310364
0.999742806 0.018358534 -0.013300583 -5.704933643 -0.018283039 0.999816537 0.005777034 -0.923210204 0.013404176 -0.005532368 0.999894619 79.661804199
0.999807298 0.014838502 0.012836689 -5.675944328 -0.014923115 0.999867737 0.006519711 -0.929708302 -0.012738263 -0.006710012 0.999896169 80.127388000
0.999018371 0.013703462 0.042119157 -5.632270813 -0.014049334 0.999870241 0.007926350 -0.937725425 -0.042005077 -0.008510310 0.999081016 80.579437256
0.997100890 0.013293605 0.074918345 -5.573616505 -0.014016911 0.999860346 0.009136848 -0.943511665 -0.074786425 -0.010160476 0.997147679 81.030593872
0.993554175 0.013500523 0.112550147 -5.500973225 -0.014646392 0.999849260 0.009360163 -0.945801616 -0.112406805 -0.010948273 0.993601859 81.479042053
0.987975121 0.013908501 0.153985322 -5.405071259 -0.015482420 0.999839783 0.009026609 -0.947672606 -0.153835073 -0.011302121 0.988031864 81.910629272
0.979915082 0.013600769 0.198950157 -5.289465904 -0.015659641 0.999839246 0.008778723 -0.954265416 -0.198798731 -0.011717882 0.979970276 82.330802917
0.968648732 0.015830962 0.247929037 -5.158320904 -0.018007427 0.999817073 0.006513144 -0.964018106 -0.247780502 -0.010773504 0.968756258 82.736259460
0.953488469 0.016485050 0.300978243 -5.002059937 -0.018415069 0.999824464 0.003576303 -0.974960327 -0.300866365 -0.008952492 0.953624249 83.126037598
0.934052646 0.016798975 0.356739879 -4.823400497 -0.018443273 0.999829590 0.001207791 -0.982339203 -0.356658697 -0.007707585 0.934202969 83.495788574
0.910223067 0.017373482 0.413753688 -4.623371124 -0.018752003 0.999824345 -0.000729737 -0.991067350 -0.413693547 -0.007094482 0.910388529 83.844795227
0.881393552 0.017303584 0.472065568 -4.413961411 -0.018488387 0.999827266 -0.002129063 -1.007150888 -0.472020715 -0.006851183 0.881560802 84.168670654
0.848217130 0.015559862 0.529420018 -4.174818039 -0.015876750 0.999866605 -0.003949349 -1.022904634 -0.529410660 -0.005055559 0.848350585 84.475502014
0.811673760 0.015505609 0.583905160 -3.913827181 -0.014931303 0.999872148 -0.005795955 -1.030052662 -0.583920181 -0.004014037 0.811801076 84.768058777
0.772378564 0.014198420 0.635003746 -3.636687517 -0.014061365 0.999887764 -0.005253729 -1.040073633 -0.635006845 -0.004871149 0.772491038 85.034286499
0.730193138 0.013703618 0.683103323 -3.347226143 -0.015405777 0.999875307 -0.003590562 -1.047355175 -0.683067083 -0.007901930 0.730312765 85.281944275
0.685194254 0.012850864 0.728246927 -3.044104338 -0.014667287 0.999885440 -0.003844106 -1.051975727 -0.728212655 -0.008047445 0.685303867 85.513031006
0.638834774 0.011806164 0.769253254 -2.727046490 -0.011459726 0.999917746 -0.005829456 -1.057610512 -0.769258618 -0.005091372 0.638917148 85.720726013
0.592332602 0.009598034 0.805636227 -2.399516582 -0.005814176 0.999954343 -0.007638281 -1.062082529 -0.805672586 -0.000159708 0.592361033 85.902481079
0.545807898 0.011710296 0.837828338 -2.068201303 -0.007681035 0.999930739 -0.008972149 -1.071624637 -0.837875128 -0.001538320 0.545859694 86.074249268
0.498503029 0.014883962 0.866760015 -1.731405377 -0.011508200 0.999878645 -0.010551119 -1.078552842 -0.866811574 -0.004715083 0.498613417 86.237747192
0.453102201 0.017075635 0.891294897 -1.391483068 -0.012356461 0.999841332 -0.012873621 -1.088872075 -0.891373038 -0.005180184 0.453240871 86.376708984
0.411049038 0.014663240 0.911495149 -1.039668798 -0.004990582 0.999892354 -0.013834735 -1.096396446 -0.911599696 0.001137862 0.411077559 86.489204407
0.371654868 0.007512481 0.928340435 -0.674079299 0.010357385 0.999871969 -0.012237858 -1.098636627 -0.928313255 0.014163435 0.371529132 86.581306458
0.336354285 0.004053162 0.941726685 -0.311975449 0.014607179 0.999848485 -0.009520535 -1.104104280 -0.941622257 0.016958239 0.336243808 86.673461914
0.303188860 0.008189912 0.952895224 0.047844172 0.012100693 0.999849856 -0.012443639 -1.112586141 -0.952853680 0.015303460 0.303043902 86.769912720
0.272137165 0.015710309 0.962130189 0.412893742 0.001937070 0.999856234 -0.016874231 -1.127161860 -0.962256491 0.006455817 0.272067308 86.871810913
0.243794858 0.019937757 0.969621837 0.789732993 -0.002905735 0.999799669 -0.019827699 -1.148663402 -0.969822466 0.002016428 0.243803680 86.958549500
0.218240842 0.021600287 0.975655854 1.181355953 -0.001669829 0.999762297 -0.021760479 -1.166558981 -0.975893497 0.003119846 0.218224779 87.026107788
0.194937170 0.022995317 0.980546117 1.581268311 0.005787163 0.999681234 -0.024594588 -1.178747296 -0.980798662 0.010468976 0.194741711 87.079978943
0.174914017 0.029432369 0.984143734 1.989941120 0.012612992 0.999404550 -0.032130513 -1.179424882 -0.984502912 0.018033065 0.174438402 87.127677917
0.155109137 0.036184728 0.987234533 2.409002542 0.014553473 0.999137282 -0.038907576 -1.183783531 -0.987790108 0.020402599 0.154448509 87.180358887
0.137409717 0.037055716 0.989821017 2.843617439 0.012142296 0.999162376 -0.039091069 -1.199060321 -0.990439773 0.017390180 0.136844486 87.238555908
0.121910147 0.032637201 0.992004514 3.296900988 0.009928803 0.999369621 -0.034099702 -1.227047324 -0.992491364 0.014006509 0.121509075 87.291076660
0.107505433 0.029400967 0.993769825 3.764628649 0.010220024 0.999477625 -0.030675443 -1.249660969 -0.994151890 0.013454119 0.107148632 87.332839966
0.094316281 0.026940392 0.995177865 4.248919487 0.012591044 0.999522030 -0.028251301 -1.270121813 -0.995462596 0.015194877 0.093931846 87.368156433
0.082697816 0.026194470 0.996230543 4.745977879 0.016186038 0.999487817 -0.027623743 -1.288520098 -0.996443212 0.018409437 0.082231335 87.398498535
0.072681375 0.026839122 0.996994197 5.258109093 0.019390546 0.999411404 -0.028317783 -1.305299759 -0.997166693 0.021390423 0.072118044 87.423400879
0.064865217 0.027432524 0.997517109 5.779790401 0.021351520 0.999355555 -0.028871510 -1.323677659 -0.997665584 0.023171244 0.064237565 87.450157166
0.059350129 0.027816959 0.997849822 6.325547695 0.022983512 0.999309063 -0.029224662 -1.342576981 -0.997972667 0.024668561 0.058669668 87.475936890
0.053784467 0.028916670 0.998134077 6.887638569 0.024274919 0.999247789 -0.030257003 -1.360574603 -0.998257518 0.025856961 0.053041946 87.502052307
0.047806159 0.029664539 0.998416364 7.465669155 0.024786847 0.999216318 -0.030875165 -1.380330920 -0.998549104 0.026223594 0.047033291 87.530097961
0.043455996 0.029634776 0.998616040 8.060945511 0.027310992 0.999151587 -0.030839158 -1.404439807 -0.998682082 0.028613316 0.042609666 87.551704407
0.040634535 0.029615257 0.998735368 8.680893898 0.028761670 0.999112129 -0.030796647 -1.427247047 -0.998760164 0.029976677 0.039746568 87.572906494
0.037618324 0.029190732 0.998866022 9.318931580 0.029699510 0.999099433 -0.030316088 -1.450725913 -0.998850822 0.030806247 0.036717396 87.594757080
0.035317447 0.028594440 0.998967290 9.977381706 0.031946030 0.999047875 -0.029726185 -1.473306060 -0.998865485 0.032962862 0.034370240 87.614006042
0.034674622 0.028237162 0.999000013 10.644554138 0.036204815 0.998909533 -0.029491272 -1.496249795 -0.998742700 0.037191175 0.033614390 87.631851196
0.035708252 0.027929317 0.998972237 11.335026741 0.039359596 0.998794973 -0.029331287 -1.519272923 -0.998586893 0.040366475 0.034565836 87.651115417
0.038139034 0.027880810 0.998883724 12.042535782 0.041039895 0.998724043 -0.029443342 -1.542426586 -0.998429358 0.042116981 0.036946040 87.675376892
0.042061854 0.027807821 0.998728216 12.766968727 0.043463495 0.998615801 -0.029635189 -1.567342758 -0.998169184 0.044654690 0.040794902 87.703758240
0.046437521 0.027409187 0.998545349 13.502866745 0.043810349 0.998606145 -0.029448280 -1.593089461 -0.997959971 0.045114089 0.045171879 87.738555908
0.050464422 0.025726506 0.998394728 14.256114006 0.045369763 0.998577476 -0.028024472 -1.619064689 -0.997694731 0.046711136 0.049225315 87.776130676
0.054459870 0.024135744 0.998224497 15.008048058 0.045182958 0.998624623 -0.026610469 -1.647747159 -0.997493029 0.046551906 0.053294323 87.818969727
0.058636598 0.022078352 0.998035431 15.781591415 0.042082943 0.998812377 -0.024568010 -1.672923326 -0.997391880 0.043440826 0.057637718 87.870544434
0.062731959 0.020984542 0.997809947 16.575387955 0.041461151 0.998861372 -0.023613315 -1.698271513 -0.997168720 0.042851634 0.061790362 87.923904419
0.066777028 0.021997042 0.997525573 17.353101730 0.038710419 0.998947442 -0.024619790 -1.725552559 -0.997016668 0.040258646 0.065855101 87.985099792
0.069778554 0.026030945 0.997223020 18.136703491 0.036610816 0.998919487 -0.028637009 -1.756772161 -0.996890426 0.038507376 0.068750009 88.048042297
0.071145728 0.031523436 0.996967912 18.916717529 0.030779773 0.998955429 -0.033782806 -1.785184503 -0.996990919 0.033089932 0.070100993 88.111335754
0.071104363 0.034631610 0.996867716 19.715290070 0.028154632 0.998929501 -0.036711462 -1.820605159 -0.997071445 0.030676773 0.070053071 88.169593811
0.071306370 0.034225244 0.996867359 20.516426086 0.026038941 0.999006987 -0.036161300 -1.856462121 -0.997114539 0.028535884 0.070344232 88.232124329
0.071397223 0.032700058 0.996912062 21.326116562 0.023422197 0.999132276 -0.034450363 -1.893626809 -0.997172892 0.025809517 0.070569225 88.295066833
0.071270652 0.031504042 0.996959627 22.140548706 0.024393179 0.999147415 -0.033317018 -1.930765748 -0.997158706 0.026693525 0.070441276 88.354782104
0.071724027 0.031013960 0.996942461 22.946365356 0.021874391 0.999227524 -0.032658797 -1.968165040 -0.997184634 0.024149917 0.070990086 88.416687012
0.071962148 0.031410616 0.996912897 23.752079010 0.020281490 0.999251604 -0.032948341 -2.006553888 -0.997201145 0.022589901 0.071271114 88.477096558
0.072061278 0.032036733 0.996885777 24.559421539 0.017227491 0.999295294 -0.033359498 -2.047209978 -0.997251451 0.019577762 0.071458459 88.540260315
0.071002305 0.033447433 0.996915400 25.365472794 0.014649699 0.999295235 -0.034570675 -2.085474491 -0.997368634 0.017059101 0.070462137 88.601921082
0.068049587 0.033135708 0.997131705 26.178499222 0.011649638 0.999354124 -0.034004606 -2.124313593 -0.997613966 0.013930219 0.067619488 88.667518616
0.064024553 0.032016862 0.997434735 26.982892990 0.009265868 0.999423385 -0.032675479 -2.160597324 -0.997905374 0.011334129 0.063690841 88.727478027
0.059148356 0.029661752 0.997808576 27.792156219 0.007597963 0.999516428 -0.030162929 -2.195610285 -0.998220265 0.009365399 0.058894258 88.782981873
0.052926052 0.027515512 0.998219430 28.592411041 0.005269859 0.999598980 -0.027832963 -2.236068964 -0.998584509 0.006733565 0.052759700 88.825874329
0.045590416 0.027719529 0.998575687 29.394685745 0.005060310 0.999596000 -0.027978895 -2.272358656 -0.998947382 0.006328672 0.045431606 88.863204956
0.037016105 0.028785331 0.998900115 30.191963196 0.004898363 0.999568105 -0.028986113 -2.307276726 -0.999302685 0.005965929 0.036859002 88.892158508
0.027107719 0.029350126 0.999201655 30.994585037 0.005927116 0.999546945 -0.029521076 -2.337835312 -0.999615014 0.006722634 0.026921362 88.915527344
0.016789220 0.028401200 0.999455690 31.798198700 0.007521520 0.999565005 -0.028530663 -2.370866299 -0.999830842 0.007996434 0.016568188 88.932090759
0.005861254 0.027380427 0.999607980 32.597030640 0.006859564 0.999600828 -0.027420459 -2.404184341 -0.999959350 0.007017594 0.005670991 88.940795898
-0.005122277 0.026707144 0.999630272 33.368541718 0.008524730 0.999608517 -0.026662888 -2.435291529 -0.999950588 0.008385004 -0.005348046 88.931747437
-0.016206333 0.027243074 0.999497533 34.149749756 0.009416080 0.999589026 -0.027092893 -2.462426662 -0.999824405 0.008972274 -0.016456293 88.920501709
-0.027198082 0.027753824 0.999244869 34.932720184 0.009624763 0.999575913 -0.027501050 -2.498507500 -0.999583781 0.008869520 -0.027453762 88.896881104
-0.037809767 0.028966384 0.998865247 35.704532623 0.009161931 0.999548256 -0.028639395 -2.530051947 -0.999243021 0.008068686 -0.038058158 88.869186401
-0.047934525 0.029905627 0.998402894 36.464267731 0.010212792 0.999514520 -0.029448606 -2.565704346 -0.998798370 0.008784876 -0.048216753 88.827171326
-0.057453353 0.030601421 0.997879267 37.232158661 0.011122813 0.999488056 -0.030010369 -2.599752426 -0.998286307 0.009375027 -0.057764392 88.781257629
-0.067080528 0.031230122 0.997258902 37.980865479 0.012270078 0.999460578 -0.030473739 -2.629201651 -0.997672141 0.010192249 -0.067427620 88.728462219
-0.076286986 0.031541251 0.996587157 38.719615936 0.012798580 0.999448538 -0.030652119 -2.665378332 -0.997003853 0.010416540 -0.076648675 88.666618347
-0.084799416 0.031113995 0.995912373 39.448253632 0.014088241 0.999450207 -0.030024966 -2.697957754 -0.996298492 0.011484553 -0.085191205 88.599006653
-0.092090212 0.030042641 0.995297611 40.178951263 0.015883641 0.999462306 -0.028698731 -2.730170012 -0.995624006 0.013166076 -0.092517950 88.528656006
-0.097260550 0.028346216 0.994855404 40.896347046 0.018521879 0.999473155 -0.026667044 -2.763994694 -0.995086610 0.015832936 -0.097734399 88.454505920
-0.100960329 0.026617981 0.994534552 41.591094971 0.021294260 0.999471188 -0.024588436 -2.796876431 -0.994662523 0.018695414 -0.101473823 88.377113342
-0.103601903 0.025727704 0.994286239 42.303627014 0.023087114 0.999458611 -0.023455946 -2.821344137 -0.994350851 0.020525113 -0.104139850 88.300849915
-0.105489895 0.024864597 0.994109690 42.991455078 0.023000350 0.999481261 -0.022558289 -2.850970507 -0.994154334 0.020485193 -0.106007129 88.232238770
-0.106302798 0.025229819 0.994013846 43.649715424 0.023606539 0.999460638 -0.022843532 -2.880863905 -0.994053483 0.021036889 -0.106841110 88.165496826
-0.105519980 0.026147466 0.994073570 44.303882599 0.024139078 0.999427378 -0.023725966 -2.910539150 -0.994124115 0.021492448 -0.106090792 88.099121094
-0.102424636 0.027877847 0.994350255 44.930393219 0.025248663 0.999358356 -0.025417494 -2.936525345 -0.994420290 0.022502627 -0.103062853 88.034301758
-0.097224012 0.028421104 0.994856775 45.546806335 0.025499649 0.999335527 -0.026057072 -2.962477684 -0.994935751 0.022835119 -0.097884201 87.978057861
-0.089341968 0.029123647 0.995575249 46.150814056 0.024768937 0.999328554 -0.027010716 -2.989521265 -0.995692968 0.022246143 -0.090003408 87.933265686
-0.078365676 0.029116532 0.996499538 46.744827271 0.023558585 0.999348640 -0.027347125 -3.016535759 -0.996646225 0.021333035 -0.079000659 87.900169373
-0.064755619 0.029328531 0.997470200 47.302551270 0.022584077 0.999355316 -0.027917823 -3.046538591 -0.997645497 0.020719100 -0.065376319 87.875656128
-0.047694888 0.030572925 0.998394072 47.844211578 0.021430351 0.999332964 -0.029577933 -3.076094866 -0.998631954 0.019985212 -0.048318371 87.864463806
-0.026601430 0.033210102 0.999094427 48.377147675 0.019688679 0.999271750 -0.032691795 -3.101968288 -0.999452174 0.018801196 -0.027236039 87.867523193
-0.002193019 0.036084525 0.999346435 48.882472992 0.017333720 0.999200165 -0.036041226 -3.130078077 -0.999847293 0.017243348 -0.002816869 87.886161804
0.025851788 0.037743900 0.998953044 49.402576447 0.015110882 0.999158263 -0.038142730 -3.157899380 -0.999551475 0.016081115 0.025259547 87.922790527
0.059083901 0.036868233 0.997572005 49.903022766 0.012626364 0.999210417 -0.037676640 -3.189461470 -0.998173058 0.014821786 0.058571592 87.968910217
0.096913099 0.034200903 0.994705141 50.411235809 0.011328960 0.999306977 -0.035462923 -3.218188286 -0.995228291 0.014705793 0.096458308 88.041076660
0.138742685 0.030369919 0.989862800 50.910060883 0.008988529 0.999450088 -0.031923961 -3.245314360 -0.990287602 0.013326624 0.138393223 88.137908936
0.184159189 0.026037315 0.982551634 51.401062012 0.006139475 0.999599338 -0.027639821 -3.271121740 -0.982877135 0.011122477 0.183925360 88.254722595
0.232053384 0.022850471 0.972434819 51.881465912 0.001271699 0.999716282 -0.023795035 -3.294794321 -0.972702146 0.006758364 0.231958270 88.405113220
0.283358753 0.021455517 0.958774149 52.346900940 -0.002800505 0.999764144 -0.021545157 -3.315281630 -0.959009767 0.003419961 0.283351779 88.578155518
0.337540567 0.021381237 0.941068292 52.790924072 -0.004013480 0.999765754 -0.021275338 -3.330468416 -0.941302299 0.003404336 0.337547123 88.776794434
0.394825548 0.021737970 0.918499112 53.221218109 -0.002796202 0.999743998 -0.022458840 -3.351525784 -0.918751717 0.006299018 0.394785047 89.001029968
0.454378068 0.024954313 0.890459597 53.629291534 -0.002241571 0.999636590 -0.026870118 -3.371289015 -0.890806019 0.010213166 0.454268605 89.247329712
0.513756394 0.026776576 0.857518435 54.018524170 -0.000669622 0.999525249 -0.030809682 -3.402057171 -0.857935786 0.015254456 0.513530076 89.518020630
0.571719408 0.029724540 0.819910884 54.381275177 -0.004155227 0.999435782 -0.033335537 -3.428115606 -0.820438683 0.015651654 0.571519971 89.815452576
0.627220333 0.031722225 0.778195918 54.721366882 -0.007134234 0.999362528 -0.034987710 -3.449012518 -0.778809309 0.016393168 0.627046347 90.144645691
0.680026770 0.032392547 0.732471704 55.038570404 -0.008616808 0.999307930 -0.036193199 -3.463806391 -0.733136773 0.018300774 0.679834843 90.488151550
0.728454709 0.030171566 0.684429646 55.317394257 -0.008759039 0.999358535 -0.034732096 -3.482292652 -0.685038209 0.019305807 0.728251219 90.843780518
0.773471773 0.026288649 0.633285761 55.578796387 -0.010301522 0.999529183 -0.028910112 -3.500838280 -0.633747339 0.015837343 0.773377895 91.226173401
0.814649343 0.020816758 0.579580545 55.821773529 -0.010328777 0.999718130 -0.021388888 -3.515691996 -0.579862177 0.011438085 0.814634204 91.631904602
0.850702643 0.018393973 0.525325835 56.032562256 -0.012387191 0.999811769 -0.014948286 -3.525810957 -0.525501728 0.006209237 0.850769818 92.056571960
0.881493688 0.015090199 0.471955180 56.224697113 -0.013021596 0.999886155 -0.007649147 -3.534018040 -0.472016782 0.000597071 0.881589293 92.500129700
0.906680048 0.015574142 0.421532154 56.373569489 -0.016273949 0.999865890 -0.001937740 -3.549198151 -0.421505779 -0.005103074 0.906811297 92.930686951
0.926572740 0.017291268 0.375718832 56.515224457 -0.019425100 0.999809682 0.001891727 -3.561826468 -0.375614643 -0.009051187 0.926731706 93.382804871
0.941593051 0.023268841 0.335948974 56.629905701 -0.026390858 0.999640644 0.004729694 -3.571447611 -0.335718244 -0.013319418 0.941868246 93.838493347
0.953246772 0.027843736 0.300908446 56.735614777 -0.030399444 0.999530673 0.003813354 -3.572278500 -0.300661147 -0.012782509 0.953645349 94.293014526
0.962387025 0.029652311 0.270060211 56.842166901 -0.031927634 0.999482155 0.004035215 -3.572663307 -0.269800842 -0.012505814 0.962834895 94.757774353
0.968464077 0.024095077 0.247986734 56.957687378 -0.026014682 0.999651730 0.004466234 -3.577317238 -0.247792885 -0.010776675 0.968753040 95.229316711
0.972392738 0.021452332 0.232363224 57.066272736 -0.023297384 0.999715209 0.005198572 -3.583697796 -0.232185647 -0.010468501 0.972615123 95.713188171
0.975237608 0.025764819 0.219655067 57.159446716 -0.027505511 0.999609947 0.004869499 -3.586009741 -0.219444066 -0.010790636 0.975565374 96.205741882
0.977185547 0.031210434 0.210082978 57.247722626 -0.033055797 0.999439716 0.005277290 -3.582853556 -0.209800705 -0.012101346 0.977669299 96.706100464
0.978169441 0.039012879 0.204115480 57.334213257 -0.040675130 0.999164760 0.003952889 -3.583587646 -0.203790918 -0.012169015 0.978938818 97.220397949
0.978532374 0.044683639 0.201191932 57.428462982 -0.045674361 0.998956501 0.000282341 -3.585908651 -0.200969487 -0.009465592 0.979551792 97.744628906
0.978655219 0.045965843 0.200303435 57.532829285 -0.046477593 0.998917162 -0.002149519 -3.595849037 -0.200185463 -0.007205982 0.979731500 98.270935059
0.978217959 0.044606775 0.202731952 57.647411346 -0.044371393 0.998998940 -0.005708300 -3.603444099 -0.202783778 -0.003411538 0.979217589 98.802352905
0.977500975 0.042908020 0.206521884 57.766075134 -0.041263856 0.999073148 -0.012264175 -3.607021093 -0.206856847 0.003466352 0.978365064 99.347930908
0.976599813 0.043444496 0.210632324 57.886058807 -0.040772870 0.999023736 -0.017012276 -3.613122463 -0.211165890 0.008026097 0.977417290 99.897010803
0.975422442 0.048213638 0.215004757 58.004188538 -0.045720670 0.998817146 -0.016556263 -3.624134302 -0.215548798 0.006319187 0.976472616 100.472129822
0.973996937 0.051153008 0.220712364 58.126064301 -0.049584396 0.998689950 -0.012645337 -3.633816242 -0.221070200 0.001372629 0.975256920 101.060005188
0.973091543 0.047939654 0.225378066 58.266830444 -0.047331844 0.998846412 -0.008102703 -3.644304514 -0.225506634 -0.002782887 0.974237680 101.663024902
0.972420037 0.043410927 0.229162380 58.416938782 -0.043997105 0.999028444 -0.002553318 -3.654604673 -0.229050711 -0.007599579 0.973384857 102.273223877
0.971647322 0.040812731 0.232887253 58.565460205 -0.042445827 0.999096811 0.002002955 -3.662668943 -0.232595295 -0.011831251 0.972501695 102.895378113
0.971113741 0.036198430 0.235856622 58.719448090 -0.037881244 0.999278903 0.002605953 -3.668159008 -0.235592335 -0.011465211 0.971784413 103.524650574
0.971195459 0.032784812 0.236019313 58.882480621 -0.033623338 0.999434531 -0.000472324 -3.675009489 -0.235901460 -0.007477031 0.971748233 104.165260315
0.971316159 0.032039683 0.235624433 59.041915894 -0.031159133 0.999486685 -0.007460619 -3.684997559 -0.235742643 -0.000095227 0.971815586 104.815727234
0.971431434 0.034416012 0.234812796 59.195571899 -0.031995617 0.999388516 -0.014111059 -3.693751812 -0.235154986 0.006194949 0.971938193 105.472351074
0.971956968 0.037350290 0.232174963 59.345886230 -0.034125000 0.999257505 -0.017894095 -3.701277971 -0.232671052 0.009469319 0.972509444 106.139801025
0.972594857 0.035640478 0.229760230 59.508548737 -0.033396069 0.999349058 -0.013651080 -3.712175608 -0.230097353 0.005603882 0.973151565 106.832923889
0.973018110 0.031658988 0.228547812 59.669376373 -0.031082477 0.999498129 -0.006122672 -3.726270437 -0.228627101 -0.001146357 0.973513484 107.533821106
0.973599732 0.031981152 0.226011619 59.831005096 -0.032786556 0.999462366 -0.000190319 -3.741530180 -0.225896358 -0.007224842 0.974124610 108.248252869
0.973870575 0.035400812 0.224328861 59.985881805 -0.036147788 0.999346197 -0.000777591 -3.754166365 -0.224209860 -0.007351714 0.974513233 108.974090576
0.974123478 0.041266106 0.222218618 60.135772705 -0.041092575 0.999140799 -0.005406559 -3.761852503 -0.222250924 -0.003864876 0.974981964 109.703826904
0.974956691 0.042189401 0.218357608 60.292541504 -0.040840961 0.999108553 -0.010687291 -3.770608902 -0.218613982 0.001501713 0.975810349 110.444396973
0.975887716 0.040925134 0.214403406 60.456146240 -0.038935386 0.999150574 -0.013497164 -3.780079842 -0.214773804 0.004823840 0.976652026 111.195579529
0.976784647 0.038872313 0.210668460 60.615261078 -0.037181407 0.999236643 -0.011983006 -3.793973684 -0.210973606 0.003871870 0.977484167 111.963424683
0.977638304 0.035225794 0.207323670 60.778915405 -0.033895455 0.999375641 -0.009966747 -3.808683157 -0.207545459 0.002716548 0.978221655 112.744644165
0.978043139 0.034121808 0.205591768 60.941337585 -0.033354219 0.999417663 -0.007199254 -3.827009201 -0.205717817 0.000183833 0.978611350 113.533912659
0.978407860 0.030886086 0.204364419 61.108139038 -0.030531915 0.999521852 -0.004886808 -3.839085579 -0.204417780 -0.001458341 0.978882670 114.325500488
0.978625596 0.025682278 0.204041973 61.276969910 -0.025473503 0.999668837 -0.003650184 -3.848566532 -0.204068273 -0.001625494 0.978955269 115.124649048
0.978739858 0.026658304 0.203367442 61.435501099 -0.026790647 0.999638915 -0.002102806 -3.860313654 -0.203350186 -0.003390238 0.979100168 115.917694092
0.978475928 0.032221135 0.203831717 61.589817047 -0.032054484 0.999477684 -0.004120078 -3.871689081 -0.203858122 -0.002502317 0.978997231 116.723602295
0.978159428 0.038052257 0.204344854 61.748672485 -0.037329357 0.999275684 -0.007392752 -3.886749029 -0.204478279 -0.000396767 0.978871047 117.533843994
0.977581143 0.046955116 0.205258295 61.905094147 -0.046084251 0.998896718 -0.009024033 -3.899824142 -0.205455706 -0.000637447 0.978666246 118.359336853
0.976630628 0.052966796 0.208297193 62.061389923 -0.052386392 0.998592257 -0.008305997 -3.916428089 -0.208444044 -0.002800046 0.978030324 119.189048767
0.975842535 0.055688862 0.211259678 62.224971771 -0.055613674 0.998432338 -0.006302244 -3.934905291 -0.211279601 -0.005598926 0.977409601 120.018379211
0.975260258 0.056213502 0.213794202 62.406627655 -0.056010392 0.998405397 -0.007012339 -3.954047441 -0.213847637 -0.005135838 0.976853430 120.858901978
0.974953592 0.054730043 0.215570644 62.588775635 -0.053900220 0.998498738 -0.009730985 -3.970069885 -0.215779766 -0.002132044 0.976439655 121.683464050
0.974921346 0.048790514 0.217136741 62.774272919 -0.048098687 0.998806477 -0.008473407 -3.987314701 -0.217291161 -0.002183083 0.976104319 122.531066895
0.975208580 0.042198673 0.217228368 62.968009949 -0.041036490 0.999108911 -0.009860503 -4.009346962 -0.217451036 0.000701763 0.976070881 123.352790833
0.974960506 0.041561954 0.218461230 63.152503967 -0.040368203 0.999135435 -0.009927037 -4.031716347 -0.218685076 0.000859587 0.975795031 124.184631348
0.974388003 0.044299759 0.220467940 63.334075928 -0.043846458 0.999013960 -0.006951870 -4.048543930 -0.220558658 -0.002892913 0.975369334 125.036018372
0.973959446 0.046387382 0.221927509 63.508270264 -0.047263879 0.998881340 -0.001362784 -4.061221123 -0.221742615 -0.009161851 0.975062072 125.869094849
0.973598719 0.049790516 0.222771302 63.683620453 -0.051740829 0.998656094 0.002922963 -4.077506065 -0.222326517 -0.014372157 0.974866211 126.682601929
0.973384380 0.049180515 0.223840743 63.867923737 -0.049651958 0.998760164 -0.003525475 -4.092920780 -0.223736748 -0.007682483 0.974619210 127.510772705
0.973666787 0.045183565 0.223454699 64.055168152 -0.042291835 0.998948097 -0.017712440 -4.113414764 -0.224020109 0.007795709 0.974553227 128.317123413
