1.000000000 0.000000000 0.000000000 0.000000000 0.000000000 1.000000000 0.000000000 0.000000000 0.000000000 0.000000000 1.000000000 0.000000000
0.999990642 -0.002627616 -0.003430295 -0.000508989 0.002620387 0.999994338 -0.002110330 -0.005402525 0.003435821 0.002101321 0.999991894 0.670555055
0.999970615 -0.001320384 -0.007545438 -0.009975908 0.001293197 0.999992669 -0.003606779 -0.010384683 0.007550145 0.003596915 0.999965012 1.356743813
0.999933958 -0.001314170 -0.011414849 -0.025682019 0.001256512 0.999986410 -0.005056825 -0.015100881 0.011421340 0.005042149 0.999922037 2.062834263
0.999868095 0.000212094 -0.016241390 -0.044745274 -0.000304357 0.999983788 -0.005678437 -0.021499144 0.016239922 0.005682631 0.999851942 2.788911104
0.999782443 -0.000844695 -0.020844160 -0.058805134 0.000719311 0.999981582 -0.006022061 -0.027639730 0.020848863 0.006005757 0.999764562 3.528549910
0.999677956 0.000947497 -0.025363073 -0.084786944 -0.001131103 0.999973238 -0.007225758 -0.037677713 0.025355548 0.007252119 0.999652147 4.280964851
0.999534905 0.003758469 -0.030266490 -0.114376701 -0.003996594 0.999961495 -0.007810973 -0.046671785 0.030235965 0.007928303 0.999511302 5.038511753
0.999394059 0.003916870 -0.034588300 -0.147171304 -0.004135288 0.999971986 -0.006245519 -0.054807566 0.034562863 0.006384767 0.999382079 5.813468456
0.999232650 0.003160702 -0.039042424 -0.182224959 -0.003300597 0.999988377 -0.003519229 -0.065469265 0.039030842 0.003645393 0.999231279 6.604918957
0.999089003 0.002694416 -0.042592164 -0.217503816 -0.002732522 0.999995947 -0.000836496 -0.078133568 0.042589732 0.000952119 0.999092102 7.417301178
0.998969257 0.004451900 -0.045173515 -0.261802018 -0.004519200 0.999988854 -0.001387813 -0.089624427 0.045166824 0.001590531 0.998978078 8.230051041
0.998864412 0.004014856 -0.047474481 -0.302328467 -0.004098398 0.999990225 -0.001662537 -0.097889088 0.047467336 0.001855219 0.998870969 9.053825378
0.998783112 0.000948111 -0.049310293 -0.339426249 -0.001058995 0.999996960 -0.002222648 -0.104894705 0.049308032 0.002272163 0.998780906 9.890560150
0.998664141 0.000915136 -0.051663153 -0.379226357 -0.000983772 0.999998629 -0.001303148 -0.115941502 0.051661890 0.001352233 0.998663545 10.726445198
0.998581409 -0.000509578 -0.053243268 -0.422602177 0.000429952 0.999998748 -0.001506992 -0.127049044 0.053243969 0.001481964 0.998580277 11.571207047
0.998480022 0.001857065 -0.055082772 -0.473675191 -0.002064936 0.999990940 -0.003717138 -0.141662776 0.055075374 0.003825232 0.998474717 12.425894737
0.998395860 0.002487018 -0.056564614 -0.525275350 -0.002849213 0.999975920 -0.006323491 -0.153794736 0.056547526 0.006474512 0.998378754 13.284299850
0.998276472 0.006616033 -0.058311250 -0.584050000 -0.007093906 0.999942899 -0.007992055 -0.164938182 0.058255047 0.008391935 0.998266280 14.156554222
0.998210609 0.007482156 -0.059324559 -0.641208053 -0.007955439 0.999938309 -0.007745729 -0.177760109 0.059262946 0.008203822 0.998208523 15.045057297
0.998134494 0.007007746 -0.060647376 -0.696410537 -0.007406594 0.999952316 -0.006354243 -0.190989748 0.060599957 0.006791580 0.998138845 15.917800903
0.998035789 0.007849111 -0.062150650 -0.754959404 -0.008173444 0.999954224 -0.004966007 -0.202789173 0.062108826 0.005464238 0.998054266 16.807077408
0.997978032 0.007667891 -0.063092880 -0.814934313 -0.007985371 0.999956608 -0.004781345 -0.219410241 0.063053481 0.005275498 0.997996032 17.709024429
0.997857571 0.007494666 -0.064990550 -0.872651756 -0.007883012 0.999952435 -0.005721061 -0.231320128 0.064944588 0.006221125 0.997869313 18.614990234
0.997796118 0.005802828 -0.066098705 -0.936170459 -0.006230752 0.999960780 -0.006269720 -0.247068688 0.066059738 0.006667747 0.997793198 19.517618179
0.997748613 0.005894570 -0.066803455 -0.993357062 -0.006220102 0.999969602 -0.004666049 -0.255841792 0.066773944 0.005071068 0.997755051 20.446798325
0.997731984 0.007089700 -0.066934831 -1.055745125 -0.007178358 0.999973476 -0.001084135 -0.272981107 0.066925392 0.001562158 0.997756541 21.351623535
0.997776210 0.008064547 -0.066160411 -1.120155692 -0.007905728 0.999965012 0.002661949 -0.285030633 0.066179588 -0.002132984 0.997805178 22.280794144
0.997886121 0.006813244 -0.064624570 -1.180545688 -0.006465296 0.999963284 0.005591702 -0.292518139 0.064660318 -0.005162067 0.997893691 23.201759338
0.997976482 0.007042486 -0.063187741 -1.243728161 -0.006656586 0.999957681 0.006315608 -0.299042642 0.063229568 -0.005882217 0.997981369 24.147693634
0.998065174 0.007412647 -0.061727300 -1.305353165 -0.007201031 0.999967158 0.003649959 -0.310780495 0.061752345 -0.003198399 0.998086035 25.081390381
0.998121262 0.008461272 -0.060677260 -1.372400880 -0.008549535 0.999962509 -0.001195197 -0.321189791 0.060664881 0.001711713 0.998156369 26.006977081
0.998198688 0.007734668 -0.059488542 -1.430487394 -0.007989826 0.999959648 -0.004052561 -0.336505115 0.059454802 0.004520564 0.998220444 26.943195343
0.998256266 0.005285555 -0.058786210 -1.484302640 -0.005471390 0.999980330 -0.003000750 -0.347903669 0.058769196 0.003317159 0.998265803 27.889207840
0.998250544 0.003591509 -0.059010416 -1.545665145 -0.003474565 0.999991596 0.002084163 -0.363112807 0.059017409 -0.001875483 0.998254895 28.870538712
0.998208940 -0.000230372 -0.059817754 -1.604513645 0.000568709 0.999983728 0.005639092 -0.378442347 0.059815489 -0.005663013 0.998193026 29.844993591
0.998117328 -0.007499259 -0.060867921 -1.657225490 0.007825942 0.999956012 0.005130352 -0.389244527 0.060826778 -0.005597045 0.998132288 30.791721344
0.998014390 -0.009430673 -0.062271237 -1.717421889 0.009526165 0.999953687 0.001236688 -0.396348447 0.062256698 -0.001827441 0.998058081 31.764720917
0.997927010 -0.009218053 -0.063686676 -1.781172991 0.009059737 0.999954939 -0.002774276 -0.406334251 0.063709386 0.002191539 0.997965634 32.744766235
0.997799754 -0.007931851 -0.065818228 -1.851236463 0.007737669 0.999964774 -0.003204744 -0.421566725 0.065841332 0.002688412 0.997826040 33.722743988
0.997752070 -0.008224057 -0.066501372 -1.914133430 0.008133865 0.999965429 -0.001626956 -0.437991410 0.066512458 0.001082385 0.997784555 34.713195801
0.997679114 -0.005290762 -0.067878924 -1.987516880 0.005393159 0.999984384 0.001325299 -0.454286695 0.067870855 -0.001688307 0.997692227 35.688137054
0.997613430 -0.005617923 -0.068810806 -2.061460733 0.005807706 0.999979675 0.002558242 -0.462061077 0.068795033 -0.002951771 0.997626007 36.684528351
0.997548580 -0.004331055 -0.069836289 -2.134080648 0.004704100 0.999975324 0.005178095 -0.470899493 0.069812134 -0.005493921 0.997544587 37.660285950
0.997574329 -0.004582541 -0.069450967 -2.212527752 0.005167357 0.999952435 0.008243201 -0.479694396 0.069409885 -0.008582086 0.997550845 38.655483246
0.997532904 0.001183759 -0.070184022 -2.288751364 -0.000433904 0.999942362 0.010698381 -0.486253023 0.070192643 -0.010641536 0.997476220 39.635047913
0.997538149 0.001286929 -0.070107900 -2.371591568 -0.000582244 0.999948859 0.010070913 -0.490930498 0.070117272 -0.010005301 0.997488141 40.639858246
0.997552335 0.001255439 -0.069906339 -2.446588993 -0.000671238 0.999964416 0.008379753 -0.491928011 0.069914371 -0.008312318 0.997517943 41.627517700
0.997543395 0.003485055 -0.069958396 -2.522950649 -0.003057821 0.999975801 0.006213120 -0.496237308 0.069978349 -0.005983937 0.997530162 42.601108551
0.997479379 0.003237437 -0.070876472 -2.594063282 -0.002805729 0.999976695 0.006189673 -0.500395238 0.070894852 -0.005975211 0.997465491 43.583023071
0.997388184 0.000839161 -0.072215833 -2.669657707 -0.000288187 0.999970555 0.007639601 -0.510606945 0.072220117 -0.007598836 0.997359335 44.569820404
0.997332871 0.001483980 -0.072965242 -2.745078802 -0.000856339 0.999962151 0.008632422 -0.517954946 0.072975293 -0.008546917 0.997296691 45.552478790
0.997315049 0.004004176 -0.073112838 -2.822451830 -0.003646706 0.999980509 0.005022108 -0.527966142 0.073131517 -0.004742003 0.997310579 46.518096924
0.997250199 0.004643229 -0.073954776 -2.902208328 -0.004589812 0.999988794 0.000892209 -0.537349284 0.073958084 -0.000550316 0.997260749 47.471050262
0.997191429 0.005502058 -0.074684955 -2.978521109 -0.005545288 0.999984264 -0.000371498 -0.548370242 0.074681737 0.000784606 0.997206628 48.433052063
0.997182965 0.004032330 -0.074891120 -3.049723148 -0.003808864 0.999987543 0.003126437 -0.561360538 0.074902795 -0.002832379 0.997186303 49.399490356
0.997177541 0.002257936 -0.075038016 -3.122521400 -0.001786423 0.999977946 0.006350148 -0.574589252 0.075050697 -0.006198175 0.997159958 50.376827240
0.997136295 0.000131528 -0.075617395 -3.192486048 0.000406827 0.999974430 0.007103964 -0.586226821 0.075616390 -0.007114384 0.997111082 51.339408875
0.997110009 -0.002773371 -0.075913034 -3.263771534 0.003227671 0.999977350 0.005862383 -0.594589949 0.075895049 -0.006090463 0.997096658 52.284488678
0.997073948 -0.005148105 -0.076261505 -3.334298611 0.005511033 0.999974191 0.004549246 -0.606324255 0.076236106 -0.004956214 0.997076929 53.231666565
0.996982872 -0.006762806 -0.077318124 -3.408256054 0.007227117 0.999957263 0.005726896 -0.615228713 0.077276081 -0.006268405 0.996989489 54.178142548
0.996874273 -0.009774240 -0.078388751 -3.481496334 0.010579720 0.999895155 0.009866647 -0.623267591 0.078284077 -0.010665141 0.996873498 55.122272491
0.996803999 -0.010550287 -0.079177678 -3.551904202 0.011774301 0.999817848 0.015008071 -0.630699396 0.079004899 -0.015892372 0.996747017 56.060768127
0.996774554 -0.008782499 -0.079762504 -3.630672693 0.010191925 0.999798536 0.017280297 -0.635922909 0.079594649 -0.018037498 0.996663570 57.000305176
0.996675491 -0.007450892 -0.081123665 -3.711024284 0.008550506 0.999875903 0.013215789 -0.637207448 0.081015103 -0.013865503 0.996615946 57.923606873
0.996565163 -0.005986228 -0.082587086 -3.789930820 0.006464929 0.999963582 0.005530077 -0.642335534 0.082550958 -0.006045001 0.996568024 58.843738556
0.996499956 -0.004677164 -0.083454177 -3.871293068 0.004749964 0.999988258 0.000673775 -0.646138370 0.083450034 -0.001067818 0.996510923 59.754505157
0.996426105 0.000119961 -0.084460951 -3.957083702 0.000014563 0.999998510 0.001592118 -0.658083856 0.084461011 -0.001587655 0.996425033 60.656166077
0.996319473 0.002788482 -0.085663803 -4.043033123 -0.002456295 0.999988854 0.003982978 -0.671645403 0.085673951 -0.003757901 0.996315658 61.530818939
0.996233940 0.005410643 -0.086528227 -4.127091408 -0.004945732 0.999971926 0.005586443 -0.686293662 0.086556025 -0.005137458 0.996233225 62.429393768
0.996129632 0.006316461 -0.087659858 -4.204745770 -0.005871194 0.999968290 0.005336425 -0.697344780 0.087690793 -0.004801102 0.996135652 63.288745880
0.995965421 0.007797294 -0.089389436 -4.284132957 -0.007278007 0.999954462 0.006133795 -0.706945121 0.089433216 -0.005458471 0.995977342 64.145378113
0.995837390 0.008607839 -0.090731248 -4.364608288 -0.008019911 0.999944150 0.006842535 -0.719039619 0.090785109 -0.006086397 0.995851398 64.980911255
0.995718241 0.008746634 -0.092016511 -4.444613457 -0.008107453 0.999940097 0.007317956 -0.728507578 0.092075042 -0.006540604 0.995730042 65.793182373
0.995603323 0.008592252 -0.093265720 -4.521625042 -0.007838038 0.999933302 0.008450086 -0.737037063 0.093332149 -0.007681916 0.995604813 66.592231750
0.995448649 0.011384485 -0.094608121 -4.603769779 -0.010373238 0.999883533 0.011173825 -0.743791223 0.094724357 -0.010141579 0.995451272 67.377601624
0.995302856 0.012932914 -0.095934145 -4.684637070 -0.011522317 0.999817193 0.015243337 -0.748782754 0.096113808 -0.014066357 0.995270371 68.157043457
0.995091438 0.016061742 -0.097638868 -4.765796185 -0.014471041 0.999750912 0.016978221 -0.753846705 0.097887300 -0.015481953 0.995076478 68.921691895
0.994918227 0.018769847 -0.098912589 -4.848400116 -0.017568232 0.999760866 0.013005473 -0.761502147 0.099133089 -0.011201668 0.995010555 69.665916443
0.994791269 0.019002771 -0.100136794 -4.928125858 -0.018524054 0.999811888 0.005708460 -0.769070089 0.100226477 -0.003823787 0.994956732 70.392463684
0.994641662 0.018154737 -0.101767227 -4.997837543 -0.018254830 0.999833107 -0.000052150 -0.774957955 0.101749346 0.001909616 0.994807661 71.091117859
0.994590521 0.019047648 -0.102103114 -5.076956749 -0.019277269 0.999813139 -0.001262456 -0.780425966 0.102060035 0.003223900 0.994772434 71.787620544
0.994445145 0.021855693 -0.102952980 -5.151164532 -0.021734884 0.999760866 0.002295363 -0.793306530 0.102978572 -0.000044941 0.994683027 72.455421448
0.994303584 0.022181146 -0.104242422 -5.225544930 -0.021815825 0.999750972 0.004643660 -0.809341609 0.104319513 -0.002343073 0.994540513 73.108146667
0.994271874 0.019009689 -0.105166763 -5.294570446 -0.018970996 0.999818802 0.001368426 -0.819557011 0.105173774 0.000634532 0.994453132 73.747253418
0.994396806 0.010951218 -0.105133556 -5.351082802 -0.011402434 0.999927878 -0.003691680 -0.831703126 0.105085596 0.004869778 0.994450688 74.360237122
0.994531870 0.006992550 -0.104189605 -5.406890869 -0.007915454 0.999932706 -0.008447058 -0.843707502 0.104123577 0.009225586 0.994521022 74.951568604
0.994833589 0.009483856 -0.101065867 -5.470827103 -0.010413413 0.999907851 -0.008673894 -0.853916228 0.100974344 0.009681531 0.994841337 75.531555176
0.995183408 0.014594750 -0.096928187 -5.534992218 -0.015221586 0.999867380 -0.005730628 -0.866013467 0.096831746 0.007178434 0.995274305 76.099006653
0.995641351 0.013222137 -0.092312217 -5.582869530 -0.013521386 0.999904752 -0.002616968 -0.877999365 0.092268877 0.003853756 0.995726049 76.655113220
0.996199310 0.009611502 -0.086559974 -5.619524479 -0.009511753 0.999953151 0.001564758 -0.889836729 0.086571001 -0.000735471 0.996244788 77.196617126
0.996905565 0.005394752 -0.078410916 -5.649650574 -0.005017301 0.999974430 0.005009936 -0.904435337 0.078435972 -0.004601022 0.996907890 77.721755981
0.997659326 0.009084311 -0.067759439 -5.683089733 -0.008778223 0.999949515 0.004813669 -0.912748396 0.067799769 -0.004207595 0.997689426 78.236396790
0.998508155 0.014316035 -0.052673470 -5.712470531 -0.014105987 0.999890625 0.004357463 -0.920779467 0.052730102 -0.003607953 0.998601615 78.735816956
0.999204695 0.019607108 -0.034691624 -5.728513241 -0.019453354 0.999799013 0.004764298 -0.925961673 0.034778066 -0.004085643 0.999386072 79.223937988
0.999753058 0.018162070 -0.012725836 -5.719016075 -0.018097227 0.999822319 0.005192772 -0.931282103 0.012817871 -0.004961190 0.999904871 79.700424194
0.999799371 0.014728467 0.013503213 -5.692500114 -0.014809224 0.999872506 0.005899592 -0.936986029 -0.013414636 -0.006098383 0.999890804 80.162956238
0.998990476 0.013577269 0.042797737 -5.648647308 -0.013902288 0.999876261 0.007305618 -0.945250988 -0.042693309 -0.007893234 0.999056458 80.614868164
0.997053325 0.013066432 0.075576574 -5.588986874 -0.013759479 0.999867439 0.008656587 -0.953700423 -0.075453535 -0.009670979 0.997101843 81.062927246
0.993482232 0.013269998 0.113202527 -5.516047478 -0.014368601 0.999856770 0.008894260 -0.956294239 -0.113068402 -0.010462858 0.993531585 81.510986328
0.987861693 0.013615048 0.154731110 -5.422359467 -0.015127772 0.999848127 0.008603099 -0.959158480 -0.154590636 -0.010839416 0.987918615 81.939651489
0.979765773 0.013303085 0.199699685 -5.306592941 -0.015282955 0.999847710 0.008375864 -0.965984106 -0.199558049 -0.011258393 0.979820788 82.359497070
0.968461871 0.015522843 0.248673677 -5.175191879 -0.017605536 0.999825656 0.006153256 -0.976168394 -0.248535052 -0.010337233 0.968567133 82.764762878
0.953231871 0.016276600 0.301797956 -5.019504070 -0.018068140 0.999831378 0.003145387 -0.986237466 -0.301696151 -0.008451214 0.953365982 83.154808044
0.933776736 0.016523927 0.357471377 -4.839817524 -0.018019512 0.999836862 0.000853130 -0.994334698 -0.357399285 -0.007238096 0.933922887 83.524116516
0.909899592 0.017100628 0.414473236 -4.639554501 -0.018306516 0.999831438 -0.001063165 -1.003117323 -0.414421916 -0.006620190 0.910060048 83.873039246
0.881024003 0.017096063 0.472760260 -4.428763390 -0.017999267 0.999834180 -0.002613250 -1.017463088 -0.472726941 -0.006207005 0.881186306 84.198059082
0.847864926 0.015263830 0.529990494 -4.189078808 -0.015245914 0.999873698 -0.004406543 -1.033189893 -0.529991269 -0.004344036 0.847991168 84.503379822
0.811305881 0.014975537 0.584428191 -3.929384232 -0.014290966 0.999880731 -0.005782416 -1.045269728 -0.584445596 -0.003660735 0.811423779 84.792304993
0.771954954 0.013691340 0.635528028 -3.652019501 -0.013469043 0.999895453 -0.005180598 -1.055304050 -0.635533035 -0.004560766 0.772059262 85.059013367
0.729743958 0.013227707 0.683590889 -3.362792730 -0.014835878 0.999883354 -0.003510538 -1.062256575 -0.683558166 -0.007579879 0.729855657 85.305992126
0.684735596 0.012379060 0.728684902 -3.059104681 -0.014088359 0.999893308 -0.003747765 -1.066598892 -0.728654206 -0.007699749 0.684837461 85.536918640
0.638351977 0.011450444 0.769657910 -2.741436481 -0.010877029 0.999923289 -0.005854798 -1.070654392 -0.769666553 -0.004634170 0.638428032 85.744888306
0.591787577 0.009151763 0.806040525 -2.414885521 -0.005169813 0.999957681 -0.007557862 -1.075780869 -0.806076288 0.000305574 0.591810226 85.925964355
0.545243859 0.011258741 0.838200510 -2.083691835 -0.007048659 0.999935687 -0.008846066 -1.085366011 -0.838246822 -0.001084924 0.545288444 86.097328186
0.497928083 0.014426088 0.867097020 -1.746810436 -0.010863394 0.999886572 -0.010397063 -1.092114687 -0.867149293 -0.004242627 0.498028576 86.260467529
0.452476352 0.016605929 0.891620517 -1.407122850 -0.011745333 0.999850512 -0.012661172 -1.102663517 -0.891698062 -0.004743499 0.452603966 86.399574280
0.410405487 0.014197986 0.911791325 -1.055225968 -0.004390005 0.999897599 -0.013593955 -1.110074162 -0.911891639 0.001576269 0.410425991 86.511817932
0.370961666 0.007083199 0.928619862 -0.690896153 0.010420247 0.999875844 -0.011789359 -1.114284635 -0.928588808 0.014049863 0.370841980 86.603080750
0.335666090 0.003635286 0.941972733 -0.327913433 0.014735335 0.999849498 -0.009109491 -1.119212866 -0.941864908 0.016938046 0.335562170 86.695228577
0.302493662 0.007770832 0.953118443 0.031979114 0.012214387 0.999852598 -0.012028371 -1.127538323 -0.953072250 0.015280275 0.302354276 86.791412354
0.271327078 0.015297845 0.962364376 0.396535903 0.001705453 0.999863982 -0.016374778 -1.142819285 -0.962484837 0.006084191 0.271264166 86.893150330
0.243020922 0.019523462 0.969823301 0.776279211 -0.002996008 0.999807298 -0.019376324 -1.163475871 -0.970015645 0.001803251 0.243032664 86.979583740
0.217420340 0.021206373 0.975846410 1.167078495 -0.001981382 0.999771059 -0.021284834 -1.181427479 -0.976075292 0.002694229 0.217412636 87.046455383
0.194106102 0.022611305 0.980718672 1.567140698 0.005445267 0.999693692 -0.024126532 -1.193466902 -0.980964661 0.010023387 0.193923548 87.099975586
0.174075246 0.029056471 0.984302342 1.975827456 0.012251157 0.999422908 -0.031669464 -1.193963647 -0.984655380 0.017571723 0.173618838 87.147361755
0.154262096 0.035813335 0.987379491 2.394731998 0.014151401 0.999159873 -0.038451552 -1.198232412 -0.987927854 0.019904431 0.153625682 87.199790955
0.136561513 0.036681913 0.989951074 2.829441547 0.011732830 0.999183834 -0.038642548 -1.213306189 -0.990561366 0.016892020 0.136019647 87.257629395
0.121107139 0.032262079 0.992113888 3.281272411 0.009682576 0.999385357 -0.033680491 -1.240202665 -0.992591500 0.013685172 0.120720275 87.308563232
0.106700994 0.029025367 0.993866324 3.749041557 0.009967741 0.999491930 -0.030259801 -1.262623191 -0.994240463 0.013135357 0.106357411 87.349960327
0.093501329 0.026565066 0.995263577 4.232444286 0.012286910 0.999536574 -0.027833439 -1.283062935 -0.995542586 0.014831183 0.093131535 87.385032654
0.081875116 0.025819961 0.996307015 4.728873253 0.015846554 0.999503732 -0.027205069 -1.301444530 -0.996515870 0.018015457 0.081425264 87.415100098
0.071856856 0.026467083 0.997062624 5.241030693 0.019046886 0.999428630 -0.027902583 -1.318015337 -0.997232318 0.020995941 0.071311608 87.439590454
0.064027704 0.027068701 0.997579813 5.763024330 0.021036552 0.999372780 -0.028467553 -1.335862637 -0.997725666 0.022808364 0.063418038 87.466522217
0.058521386 0.027472086 0.997906923 6.311795712 0.022742761 0.999324560 -0.028844852 -1.353763103 -0.998026311 0.024383213 0.057856981 87.491859436
0.052961364 0.028554175 0.998187125 6.874248028 0.023999698 0.999265373 -0.029858394 -1.372229457 -0.998307407 0.025537547 0.052237075 87.517135620
0.046981089 0.029300991 0.998464823 7.452315807 0.024501607 0.999234557 -0.030476470 -1.391771436 -0.998594522 0.025895828 0.046227109 87.544738770
0.042630382 0.029277090 0.998660684 8.048048019 0.027058020 0.999169528 -0.030447051 -1.415440083 -0.998723686 0.028319774 0.041802697 87.565979004
0.039805185 0.029304788 0.998776495 8.666031837 0.028505698 0.999129117 -0.030451206 -1.435973763 -0.998799980 0.029682962 0.038935065 87.586746216
0.036791340 0.028887335 0.998904228 9.304325104 0.029475322 0.999115288 -0.029979073 -1.458731532 -0.998887420 0.030546019 0.035907220 87.608039856
0.034483287 0.028282771 0.999003828 9.961250305 0.031701252 0.999064982 -0.029378759 -1.481467009 -0.998901606 0.032682776 0.033554338 87.626861572
0.033849373 0.027920121 0.999035716 10.628808975 0.036002107 0.998926342 -0.029136891 -1.504692316 -0.998777509 0.036953688 0.032807738 87.643829346
0.034884602 0.027613452 0.999008596 11.319024086 0.039171368 0.998811781 -0.028975844 -1.527462482 -0.998622656 0.040143382 0.033761382 87.662460327
0.037298612 0.027558347 0.998922884 12.026778221 0.040812422 0.998743117 -0.029077275 -1.550967455 -0.998469651 0.041853044 0.036126900 87.686714172
0.041220773 0.027487496 0.998770654 12.751241684 0.043237489 0.998635471 -0.029268250 -1.575617671 -0.998213291 0.044390839 0.039975934 87.714508057
0.045587100 0.027105268 0.998591304 13.488806725 0.043562382 0.998626411 -0.029094901 -1.600584388 -0.998009264 0.044827409 0.044343613 87.748657227
0.049614493 0.025421184 0.998443604 14.241663933 0.045122541 0.998597741 -0.027667325 -1.626387119 -0.997747779 0.046425056 0.048397753 87.785606384
0.053597353 0.023856550 0.998276353 14.997222900 0.044934828 0.998643696 -0.026277872 -1.654118657 -0.997550189 0.046265844 0.052452579 87.829032898
0.057777766 0.021795727 0.998090208 15.770771027 0.041815169 0.998830914 -0.024232507 -1.679104209 -0.997452497 0.043135457 0.056798737 87.879913330
0.061872918 0.020705380 0.997867882 16.565082550 0.041190460 0.998879552 -0.023280382 -1.704081655 -0.997232854 0.042543102 0.060950637 87.932693481
0.066034108 0.021734200 0.997579277 17.356372833 0.038647879 0.998956263 -0.024322469 -1.730563045 -0.997067750 0.040160473 0.065125123 87.990516663
0.069129504 0.025770726 0.997273445 18.140514374 0.036530815 0.998929858 -0.028345786 -1.761332989 -0.996937752 0.038390774 0.068114020 88.048431396
0.070459753 0.031271823 0.997022986 18.923933029 0.030698879 0.998966455 -0.033502270 -1.789380193 -0.997041285 0.032968074 0.069426842 88.113250732
0.070412010 0.034410220 0.996922970 19.724660873 0.028119557 0.998938560 -0.036465853 -1.822979450 -0.997120678 0.030600686 0.069369599 88.171783447
0.070614278 0.034001742 0.996922672 20.525802612 0.025995195 0.999016106 -0.035914432 -1.858672976 -0.997164071 0.028451288 0.069660842 88.233772278
0.070801936 0.032457747 0.996960819 21.338521957 0.023499830 0.999138117 -0.034197532 -1.895063043 -0.997212708 0.025849678 0.069978096 88.294151306
0.070692271 0.031273700 0.997006416 22.154663086 0.024520261 0.999151230 -0.033079568 -1.931473017 -0.997195899 0.026785349 0.069865368 88.352912903
0.071145333 0.030780112 0.996989548 22.960241318 0.021991467 0.999231756 -0.032418646 -1.968764901 -0.997222662 0.024231715 0.070413716 88.414276123
0.071334988 0.031189658 0.996963263 23.768136978 0.020374751 0.999256253 -0.032719247 -2.006784201 -0.997243464 0.022646921 0.070646390 88.475967407
0.071357518 0.031842124 0.996941030 24.578456879 0.017385222 0.999298096 -0.033161782 -2.046347618 -0.997298419 0.019698394 0.070753798 88.542106628
0.070259936 0.033284467 0.996971846 25.387319565 0.014760005 0.999298334 -0.034402322 -2.083416224 -0.997418642 0.017132424 0.069719307 88.604820251
0.067207024 0.033095591 0.997188568 26.208379745 0.011955135 0.999350548 -0.033973075 -2.119354963 -0.997666538 0.014204760 0.066767663 88.676467896
0.063190840 0.031989545 0.997487187 27.014045715 0.009623094 0.999419451 -0.032661129 -2.155134916 -0.997954130 0.011662802 0.062846266 88.735702515
0.058315538 0.029648403 0.997856438 27.822298050 0.008031359 0.999511898 -0.030166944 -2.189769268 -0.998264909 0.009773346 0.058048896 88.790412903
0.052021887 0.027617376 0.998262584 28.628643036 0.005997498 0.999590158 -0.027966645 -2.227900505 -0.998627007 0.007441954 0.051834863 88.837890625
0.044685598 0.027822863 0.998612165 29.431064606 0.005795220 0.999587297 -0.028109351 -2.264235258 -0.998983383 0.007043258 0.044505842 88.874511719
0.036084104 0.028837038 0.998931170 30.229373932 0.005641829 0.999561012 -0.029059015 -2.299197197 -0.999331951 0.006684365 0.035905488 88.902999878
0.026202168 0.029384760 0.999223232 31.030086517 0.006660108 0.999539793 -0.029568711 -2.330235004 -0.999633610 0.007429698 0.025994312 88.924530029
0.015897267 0.028490538 0.999466181 31.832628250 0.008238245 0.999555528 -0.028624117 -2.362965822 -0.999838769 0.008688892 0.015655380 88.940193176
0.005019833 0.027402645 0.999610424 32.631958008 0.007470347 0.999594748 -0.027439728 -2.397534609 -0.999958515 0.007605178 0.004812971 88.946617126
-0.005863048 0.026901335 0.999619424 33.413482666 0.009436407 0.999594212 -0.026845310 -2.424035549 -0.999937296 0.009275422 -0.006114656 88.934860229
-0.016946707 0.027447971 0.999478042 34.194313049 0.010262830 0.999574363 -0.027276604 -2.451320410 -0.999802768 0.009795228 -0.017221339 88.923072815
-0.027960446 0.027996866 0.999215364 34.978096008 0.010515664 0.999559700 -0.027712263 -2.487374306 -0.999552727 0.009732569 -0.028242707 88.898971558
-0.038552504 0.029213943 0.998827934 35.758907318 0.010203649 0.999531031 -0.028840670 -2.518717527 -0.999203444 0.009079811 -0.038832694 88.869384766
-0.048647836 0.030131377 0.998359859 36.518817902 0.011275765 0.999496818 -0.029616250 -2.555026054 -0.998751342 0.009816508 -0.048963308 88.826034546
-0.058166079 0.030827589 0.997829258 37.286666870 0.012187329 0.999469638 -0.030167837 -2.589193583 -0.998231530 0.010406132 -0.058511145 88.779533386
-0.067721486 0.031167263 0.997215807 38.039710999 0.013037466 0.999453366 -0.030351816 -2.624861240 -0.997618079 0.010945701 -0.068091035 88.723152161
-0.076927543 0.031478535 0.996538162 38.778419495 0.013564806 0.999441147 -0.030523106 -2.660938501 -0.996943474 0.011169783 -0.077311784 88.660812378
-0.085430250 0.031041315 0.995859027 39.505664825 0.014943853 0.999441147 -0.029871013 -2.692934275 -0.996231079 0.012330088 -0.085846640 88.593551636
-0.092687666 0.029998021 0.995241761 40.235107422 0.016731974 0.999450922 -0.028566638 -2.725038290 -0.995553613 0.014004592 -0.093138963 88.522163391
-0.097836435 0.028300006 0.994798541 40.952449799 0.019413529 0.999458730 -0.026523307 -2.758880854 -0.995012105 0.016717618 -0.098333150 88.447105408
-0.101555876 0.026698021 0.994470060 41.654872894 0.022523478 0.999444366 -0.024531463 -2.788045406 -0.994573832 0.019907629 -0.102101058 88.372337341
-0.104136251 0.025707377 0.994229257 42.367481232 0.024291517 0.999432504 -0.023297615 -2.814319134 -0.994265318 0.021725236 -0.104701899 88.294448853
-0.106024139 0.024844250 0.994051635 43.055271149 0.024204453 0.999455214 -0.022397697 -2.843840122 -0.994067907 0.021685805 -0.106567994 88.225433350
-0.106798358 0.025230039 0.993959069 43.713741302 0.024898794 0.999431431 -0.022693645 -2.873111248 -0.993967891 0.022324761 -0.107366115 88.156814575
-0.106036425 0.026179865 0.994016111 44.372856140 0.025456641 0.999396265 -0.023605993 -2.902135849 -0.994035304 0.022801241 -0.106639147 88.089782715
-0.102941222 0.027910767 0.994294345 44.999332428 0.026566552 0.999325871 -0.025301529 -2.928049088 -0.994331598 0.023810424 -0.103613600 88.024597168
-0.097759306 0.028454367 0.994801819 45.618778229 0.026710002 0.999305189 -0.025958393 -2.953340054 -0.994850576 0.024033507 -0.098451681 87.968269348
-0.089876205 0.029157836 0.995524645 46.223003387 0.025984524 0.999298811 -0.026922498 -2.980345488 -0.995612860 0.023448566 -0.090571113 87.923042297
-0.078827657 0.029072201 0.996462882 46.809104919 0.024726467 0.999323249 -0.027199617 -3.009031534 -0.996580541 0.022494948 -0.079493426 87.888389587
-0.065150730 0.029191924 0.997447014 47.364677429 0.023775585 0.999332726 -0.027694164 -3.040399313 -0.997591138 0.021910612 -0.065801553 87.862556458
-0.048091695 0.030458424 0.998377025 47.907722473 0.022693988 0.999309301 -0.029393708 -3.069411516 -0.998584092 0.021243583 -0.048749916 87.851325989
-0.026998380 0.033095140 0.999086082 48.440662384 0.020955956 0.999249935 -0.032534279 -3.095223427 -0.999414802 0.020058449 -0.027671859 87.854148865
-0.002649194 0.036046136 0.999345183 48.947505951 0.018648371 0.999177158 -0.035990644 -3.122189045 -0.999821603 0.018540831 -0.003319368 87.873352051
0.025402071 0.037702996 0.998964608 49.467479706 0.016442887 0.999136627 -0.038127609 -3.150014162 -0.999541104 0.017394399 0.024760082 87.909706116
0.058431637 0.036801696 0.997611344 49.978366852 0.013771906 0.999194443 -0.037666745 -3.181227207 -0.998195410 0.015939953 0.057877675 87.961479187
0.096385360 0.034095574 0.994758427 50.485809326 0.012473531 0.999292254 -0.035459585 -3.210587263 -0.995264947 0.015825948 0.095891848 88.031822205
0.138180509 0.030193267 0.989945233 50.981445312 0.010146308 0.999438584 -0.031899095 -3.239082575 -0.990354121 0.014452132 0.137796640 88.128654480
0.183898643 0.025758456 0.982606173 51.473438263 0.007188749 0.999593556 -0.027549194 -3.266316414 -0.982917905 0.012129977 0.183638871 88.243339539
0.231848121 0.022539100 0.972489357 51.952949524 0.002459859 0.999713719 -0.023756538 -3.290179253 -0.972747862 0.007900098 0.231726512 88.392631531
0.283151269 0.021140980 0.958840728 52.418170929 -0.001648526 0.999765217 -0.021556502 -3.310904264 -0.959072828 0.004523076 0.283119917 88.565597534
0.337359071 0.021118864 0.941137552 52.864391327 -0.002861338 0.999765635 -0.021408809 -3.325143099 -0.941370666 0.004529542 0.337340802 88.764549255
0.394777536 0.021506740 0.918523312 53.301269531 -0.001523234 0.999738872 -0.022753699 -3.344640970 -0.918774366 0.007583527 0.394707680 88.989395142
0.454529166 0.024601500 0.890390277 53.709671021 -0.000927017 0.999629974 -0.027146589 -3.365520954 -0.890730262 0.011513518 0.454384327 89.233665466
0.513904810 0.026937930 0.857422292 54.099800110 0.000118881 0.999503493 -0.031473018 -3.393948317 -0.857846022 0.016276084 0.513647139 89.503753662
0.571317494 0.030791497 0.820149302 54.456710815 -0.004033346 0.999388158 -0.034711186 -3.413803101 -0.820717931 0.016523181 0.571092963 89.809593201
0.626799166 0.032894235 0.778484046 54.797531128 -0.007147201 0.999308109 -0.036470406 -3.434022427 -0.779146731 0.017295657 0.626601458 90.139770508
0.679545879 0.032537952 0.732908845 55.110485077 -0.007937221 0.999282539 -0.037004486 -3.458378792 -0.733588636 0.019329010 0.679317534 90.482696533
0.728644311 0.030538835 0.684208691 55.390377045 -0.008345906 0.999326050 -0.035715815 -3.476526499 -0.684839845 0.020313809 0.728409171 90.826141357
0.773699939 0.026050497 0.633013844 55.654010773 -0.009523785 0.999518514 -0.029492905 -3.499387503 -0.633478880 0.016789991 0.773576677 91.209533691
0.814858079 0.020580150 0.579292238 55.896846771 -0.009592335 0.999710321 -0.022023106 -3.514567614 -0.579579055 0.012388956 0.814820826 91.615341187
0.850893438 0.018193740 0.525020003 56.108623505 -0.011718524 0.999807596 -0.015654728 -3.524515867 -0.525205195 0.007168050 0.850944519 92.042114258
0.881680369 0.014966648 0.471606076 56.298664093 -0.012376552 0.999885261 -0.008593591 -3.532810688 -0.471681923 0.001739938 0.881766200 92.481826782
0.906863749 0.015513627 0.421134055 56.451053619 -0.015732411 0.999870658 -0.002955083 -3.547121286 -0.421126664 -0.003945616 0.906992435 92.916069031
0.926689744 0.017405825 0.375419080 56.586948395 -0.019101210 0.999816000 0.000794460 -3.560087681 -0.375337332 -0.007907204 0.926853776 93.359367371
0.941696405 0.023384744 0.335644722 56.701480865 -0.026114063 0.999651134 0.003619643 -3.570240498 -0.335444063 -0.012173693 0.941980720 93.815086365
0.953334570 0.027992668 0.300609291 56.807231903 -0.030207958 0.999538660 0.002722864 -3.572163343 -0.300395370 -0.011676634 0.953742564 94.274162292
0.962450445 0.029918211 0.269796818 56.914424896 -0.031885974 0.999485970 0.002912634 -3.572721481 -0.269571960 -0.011406043 0.962911963 94.738281250
0.968512774 0.024395598 0.247758299 57.027126312 -0.026035594 0.999654114 0.003344480 -3.577650070 -0.247591913 -0.009689743 0.968815207 95.207153320
0.972470939 0.021574089 0.232015535 57.138782501 -0.023159629 0.999722004 0.004111585 -3.585986376 -0.231863201 -0.009371825 0.972702503 95.680946350
0.975300491 0.026129263 0.219323069 57.234806061 -0.027630555 0.999609768 0.003779841 -3.588371515 -0.219139546 -0.009746536 0.975644112 96.173583984
0.977263033 0.031463746 0.209674627 57.323398590 -0.033088632 0.999442101 0.004245080 -3.588280439 -0.209424883 -0.011086448 0.977761149 96.657539368
0.978238702 0.039302856 0.203717470 57.409984589 -0.040748540 0.999163866 0.002904898 -3.587712049 -0.203433767 -0.011142917 0.979024529 97.173255920
0.978598177 0.044973355 0.200797275 57.503997803 -0.045751259 0.998951137 -0.000767532 -3.590404034 -0.200622007 -0.008435662 0.979631603 97.698684692
0.978709996 0.046306670 0.199947551 57.606685638 -0.046612669 0.998906493 -0.003179753 -3.601941347 -0.199876979 -0.006208066 0.979800522 98.225875854
0.978280008 0.044950936 0.202346787 57.722923279 -0.044513889 0.998984694 -0.006712678 -3.611401796 -0.202443928 -0.002440389 0.979290009 98.757820129
0.977585196 0.043350171 0.206020802 57.844726562 -0.041517764 0.999048829 -0.013211435 -3.616355658 -0.206398413 0.004361773 0.978457510 99.301185608
0.976687849 0.043882784 0.210123345 57.964550018 -0.041020881 0.998995245 -0.017961560 -3.622865915 -0.210701317 0.008923396 0.977508962 99.849197388
0.975536346 0.048541613 0.214404345 58.085884094 -0.045858216 0.998793483 -0.017475119 -3.634513617 -0.214994833 0.007215412 0.976587772 100.417510986
0.974122047 0.051490791 0.220072016 58.211032867 -0.049729940 0.998669386 -0.013537821 -3.646066189 -0.220477149 0.002243307 0.975388765 101.008850098
0.973229110 0.048388258 0.224678338 58.352714539 -0.047595296 0.998825014 -0.008947572 -3.658194304 -0.224848211 -0.001985617 0.974390984 101.611274719
0.972557545 0.043884162 0.228479043 58.500984192 -0.044280957 0.999011755 -0.003392275 -3.669178247 -0.228403032 -0.006818121 0.973542035 102.218559265
0.971785903 0.041280374 0.232217208 58.648468018 -0.042717423 0.999084890 0.001160721 -3.677608013 -0.231957719 -0.011047736 0.972662330 102.840782166
0.971253633 0.036665339 0.235199437 58.800922394 -0.038149256 0.999268889 0.001760280 -3.683221102 -0.234963864 -0.010682402 0.971944571 103.469711304
0.971337199 0.033247601 0.235362068 58.963348389 -0.033890158 0.999423146 -0.001315864 -3.690708160 -0.235270962 -0.006698339 0.971905887 104.109992981
0.971459329 0.032494832 0.234962702 59.122371674 -0.031423323 0.999470115 -0.008304247 -3.701239109 -0.235108972 0.000683918 0.971967936 104.760467529
0.971579611 0.034865629 0.234124079 59.276931763 -0.032257549 0.999366045 -0.014961319 -3.709783077 -0.234498218 0.006983847 0.972090662 105.418685913
0.972102463 0.037797865 0.231484175 59.426769257 -0.034389466 0.999231219 -0.018743308 -3.717902899 -0.232015595 0.010259807 0.972657144 106.086174011
0.972735047 0.036151618 0.229077563 59.589683533 -0.033723909 0.999324381 -0.014505254 -3.728644371 -0.229448095 0.006384378 0.973299146 106.780532837
0.973158658 0.032177743 0.227867857 59.750053406 -0.031415310 0.999480486 -0.006973384 -3.743410110 -0.227974787 -0.000372344 0.973666191 107.481666565
0.973743677 0.032411419 0.225321159 59.911220551 -0.033029478 0.999452233 -0.001027343 -3.760059118 -0.225231960 -0.006441900 0.974283099 108.194145203
0.974020958 0.035664897 0.223624647 60.065231323 -0.036226422 0.999340713 -0.001592626 -3.774472952 -0.223534942 -0.006549900 0.974673152 108.918182373
0.974267006 0.041558549 0.221525088 60.214328766 -0.041212112 0.999129593 -0.006188161 -3.783143997 -0.221590370 -0.003100620 0.975134134 109.647941589
0.975097656 0.042483825 0.217661038 60.370674133 -0.040969588 0.999092937 -0.011467373 -3.792453289 -0.217951700 0.002264314 0.975956142 110.388854980
0.976015925 0.041203845 0.213756546 60.530303955 -0.039052989 0.999133527 -0.014277263 -3.802682877 -0.214160517 0.005587001 0.976781726 111.137619019
0.976907134 0.039188843 0.210031927 60.688709259 -0.037341788 0.999219537 -0.012754526 -3.817378044 -0.210368738 0.004617016 0.977610409 111.905303955
0.977759838 0.035544179 0.206686199 60.851757050 -0.034059752 0.999360442 -0.010737315 -3.832733870 -0.206936583 0.003458829 0.978347421 112.686416626
0.978158414 0.034440044 0.204980165 61.011646271 -0.033516161 0.999404609 -0.007978763 -3.850687265 -0.205133840 0.000934334 0.978732705 113.475578308
0.978523493 0.031268023 0.203742489 61.179767609 -0.030748887 0.999509096 -0.005714217 -3.862314701 -0.203822061 -0.000673374 0.979006946 114.266609192
0.978736818 0.026152575 0.203438208 61.347820282 -0.025785189 0.999655902 -0.004456995 -3.873468876 -0.203485668 -0.000883481 0.979076743 115.067535400
0.978856862 0.027086183 0.202737048 61.507625580 -0.027058812 0.999627948 -0.002907526 -3.886056900 -0.202741280 -0.002639790 0.979228079 115.864181519
0.978591919 0.032642715 0.203196988 61.661499023 -0.032317162 0.999463916 -0.004921179 -3.898056269 -0.203249589 -0.001750940 0.979124725 116.670700073
0.978276432 0.038450301 0.203699410 61.819816589 -0.037561484 0.999258816 -0.008229516 -3.912052393 -0.203865737 0.000399477 0.978998125 117.479476929
0.977695942 0.047342014 0.204611748 61.975696564 -0.046307188 0.998877048 -0.009845788 -3.926089287 -0.204848990 0.000151176 0.978792965 118.304985046
0.976746261 0.053358912 0.207644314 62.130809784 -0.052605964 0.998571754 -0.009150707 -3.942182064 -0.207836926 -0.001985434 0.978160858 119.129837036
0.975953102 0.056117170 0.210625261 62.293586731 -0.055868071 0.998410940 -0.007138054 -3.961759329 -0.210692048 -0.004800852 0.977540016 119.961029053
0.975372314 0.056641497 0.213159859 62.474689484 -0.056262579 0.998383462 -0.007848803 -3.981620312 -0.213260770 -0.004337447 0.976984978 120.801651001
0.975068331 0.055150997 0.214934185 62.656318665 -0.054145858 0.998475492 -0.010566412 -3.998358250 -0.215190187 -0.001334843 0.976570547 121.626312256
0.975056112 0.049254730 0.216416299 62.844726562 -0.048391487 0.998783588 -0.009289849 -4.017230511 -0.216611534 -0.001414601 0.976256132 122.465919495
0.975354493 0.042595215 0.216485009 63.038753510 -0.041263636 0.999089718 -0.010669753 -4.039921761 -0.216743320 0.001473826 0.976226747 123.285110474
0.975111127 0.041914746 0.217710525 63.222759247 -0.040555220 0.999118328 -0.010711543 -4.063472271 -0.217968419 0.001615641 0.975953698 124.116668701
0.974541068 0.044639155 0.219712228 63.403881073 -0.044016950 0.998999298 -0.007729347 -4.081125736 -0.219838277 -0.002138512 0.975533187 124.968338013
0.974113524 0.046725053 0.221169710 63.577304840 -0.047429133 0.998870790 -0.002129582 -4.094933987 -0.221020341 -0.008415466 0.975232065 125.802268982
0.973753035 0.050124895 0.222011134 63.752059937 -0.051898319 0.998648465 0.002157195 -4.111885548 -0.221603841 -0.013622627 0.975040853 126.615379333
0.973535478 0.049553327 0.223090917 63.935668945 -0.049851403 0.998745799 -0.004299350 -4.128405571 -0.223025069 -0.006935854 0.974787295 127.444709778
0.973820627 0.045534756 0.222702533 64.122200012 -0.042481430 0.998924673 -0.018484645 -4.149619579 -0.223305643 0.008540021 0.974710345 128.250823975
