1.000000000 0.000000000 0.000000000 0.000000000 0.000000000 1.000000000 0.000000000 0.000000000 0.000000000 0.000000000 1.000000000 0.000000000
0.999991119 -0.002547458 -0.003352278 -0.000994167 0.002540372 0.999994516 -0.002116489 -0.005295170 0.003357651 0.002107954 0.999992132 0.670505404
0.999971628 -0.001433788 -0.007390713 -0.012678555 0.001407357 0.999992609 -0.003580126 -0.011490779 0.007395792 0.003569623 0.999966264 1.348098993
0.999935567 -0.001426599 -0.011259481 -0.028280893 0.001370025 0.999986351 -0.005030693 -0.016188100 0.011266505 0.005014944 0.999923944 2.054208279
0.999870360 0.000049797 -0.016101398 -0.046688892 -0.000140912 0.999983907 -0.005657725 -0.022351794 0.016100857 0.005659260 0.999854326 2.779586792
0.999785185 -0.001002286 -0.020701826 -0.060726680 0.000878253 0.999981523 -0.005999593 -0.028520402 0.020707458 0.005980123 0.999767661 3.518666506
0.999678910 0.000917955 -0.025322404 -0.082863495 -0.001099489 0.999973714 -0.007155924 -0.040872596 0.025315169 0.007181468 0.999653697 4.274817467
0.999537051 0.003582205 -0.030213423 -0.112138644 -0.003816591 0.999962986 -0.007703597 -0.049699686 0.030184709 0.007815343 0.999513745 5.033961296
0.999396443 0.003708197 -0.034539901 -0.144808561 -0.003922231 0.999973476 -0.006131053 -0.057963740 0.034516249 0.006262826 0.999384463 5.808094978
0.999235690 0.003010771 -0.038973849 -0.179995313 -0.003146128 0.999989152 -0.003412167 -0.068284780 0.038963154 0.003532175 0.999234378 6.594738483
0.999093473 0.002543771 -0.042493787 -0.216064617 -0.002576425 0.999996364 -0.000713678 -0.081381284 0.042491816 0.000822513 0.999096453 7.404880047
0.998974621 0.004336029 -0.045064665 -0.260641724 -0.004397009 0.999989450 -0.001254126 -0.093114898 0.045058753 0.001450990 0.998983264 8.218359947
0.998869836 0.003720944 -0.047382459 -0.300988853 -0.003790882 0.999991775 -0.001386260 -0.104807697 0.047376908 0.001564314 0.998875856 9.039265633
0.998789787 0.000678352 -0.049177378 -0.338247031 -0.000770889 0.999997854 -0.001862745 -0.112432785 0.049176008 0.001898401 0.998788297 9.875171661
0.998671055 0.000685073 -0.051531795 -0.377992749 -0.000736327 0.999999106 -0.000975647 -0.122832946 0.051531080 0.001012295 0.998670876 10.711201668
0.998588681 -0.000687576 -0.053104956 -0.421565801 0.000625704 0.999998987 -0.001181709 -0.133876294 0.053105716 0.001146813 0.998588264 11.556952477
0.998488009 0.001678986 -0.054944579 -0.472514451 -0.001868277 0.999992371 -0.003393942 -0.148169219 0.054938465 0.003491463 0.998483658 12.411889076
0.998401463 0.002294836 -0.056473553 -0.522796988 -0.002641956 0.999977946 -0.006072692 -0.156852320 0.056458376 0.006212186 0.998385608 13.267495155
0.998279929 0.006277168 -0.058290806 -0.580659866 -0.006734754 0.999947846 -0.007656934 -0.167589501 0.058239710 0.008036339 0.998270273 14.139347076
0.998217106 0.007268853 -0.059244294 -0.638200045 -0.007724717 0.999942124 -0.007469303 -0.179529250 0.059186578 0.007913631 0.998215556 15.028234482
0.998142481 0.006573183 -0.060568511 -0.696848631 -0.006947045 0.999957919 -0.005964064 -0.196733877 0.060526766 0.006373757 0.998146176 15.911275864
0.998039842 0.007448771 -0.062138475 -0.753276706 -0.007746565 0.999959469 -0.004552918 -0.209333956 0.062102050 0.005025352 0.998057127 16.804346085
0.997981727 0.007228760 -0.063090190 -0.813882947 -0.007517550 0.999962151 -0.004341261 -0.225718737 0.063056432 0.004806782 0.997998357 17.712930679
0.997860193 0.007130312 -0.064994648 -0.870208204 -0.007489795 0.999957800 -0.005289012 -0.237063512 0.064954199 0.005764490 0.997871578 18.618320465
0.997792065 0.005376635 -0.066197991 -0.930543542 -0.005790406 0.999964654 -0.006060260 -0.247329697 0.066163078 0.006430193 0.997788072 19.524642944
0.997745633 0.005508902 -0.066883557 -0.988700330 -0.005819700 0.999972880 -0.004452919 -0.256226629 0.066857226 0.004832122 0.997750819 20.453647614
0.997732818 0.006734927 -0.066962995 -1.052176952 -0.006816544 0.999976039 -0.000990452 -0.271328092 0.066954739 0.001444662 0.997754872 21.366237640
0.997777462 0.007712733 -0.066187643 -1.116643429 -0.007546807 0.999967456 0.002756533 -0.283303022 0.066206768 -0.002250902 0.997803271 22.295398712
0.997882605 0.006443645 -0.064721793 -1.177067876 -0.006084927 0.999964774 0.005738039 -0.291405708 0.064756505 -0.005332063 0.997886717 23.225631714
0.997975826 0.006569716 -0.063255318 -1.240028858 -0.006173950 0.999959946 0.006450057 -0.296713322 0.063295171 -0.006046467 0.997976422 24.170831680
0.998064876 0.006939699 -0.061793622 -1.301708698 -0.006718597 0.999970019 0.003785117 -0.308326572 0.061818045 -0.003362627 0.998081625 25.104526520
0.998114645 0.008078626 -0.060844492 -1.364733577 -0.008160569 0.999965847 -0.001098405 -0.318042517 0.060833547 0.001592858 0.998146474 26.031442642
0.998193026 0.007383099 -0.059634384 -1.423532128 -0.007632575 0.999962807 -0.003956744 -0.332904488 0.059602961 0.004404757 0.998212218 26.964630127
0.998244405 0.004645151 -0.059047330 -1.474952221 -0.004820220 0.999984145 -0.002822818 -0.344886422 0.059033290 0.003102483 0.998250961 27.909778595
0.998237431 0.002976216 -0.059272453 -1.536048293 -0.002846919 0.999993145 0.002265734 -0.360692948 0.059278801 -0.002092997 0.998238981 28.888111115
0.998196363 -0.000740612 -0.060028460 -1.595564127 0.001089956 0.999982417 0.005787125 -0.375184000 0.060023125 -0.005842116 0.998179555 29.861755371
0.998107553 -0.007857209 -0.060988657 -1.653238416 0.008199197 0.999951780 0.005359215 -0.390523314 0.060943615 -0.005849131 0.998123765 30.816234589
0.998001754 -0.009918266 -0.062402636 -1.713344932 0.010029682 0.999948323 0.001472502 -0.396657079 0.062384818 -0.002095439 0.998049617 31.790033340
0.997924924 -0.009658778 -0.063659303 -1.782102108 0.009519070 0.999951243 -0.002497511 -0.407438129 0.063680343 0.001886351 0.997968137 32.762607574
0.997795999 -0.008417177 -0.065819606 -1.851803780 0.008241296 0.999961376 -0.002943194 -0.422265321 0.065841861 0.002394268 0.997826755 33.740585327
0.997753918 -0.008545053 -0.066438220 -1.917578220 0.008473915 0.999962866 -0.001352439 -0.439167678 0.066447333 0.000786409 0.997789204 34.721851349
0.997680843 -0.005567648 -0.067837417 -1.990916491 0.005689365 0.999982178 0.001601211 -0.455200404 0.067827322 -0.001983450 0.997694671 35.704700470
0.997618794 -0.005669235 -0.068735197 -2.065108776 0.005880851 0.999978244 0.002876784 -0.465743631 0.068717413 -0.003274155 0.997630358 36.693176270
0.997554898 -0.004323705 -0.069752693 -2.137999058 0.004718942 0.999973416 0.005502512 -0.474616259 0.069727071 -0.005818217 0.997548699 37.668411255
0.997579157 -0.004122049 -0.069417268 -2.208848238 0.004730065 0.999951541 0.008596810 -0.484820634 0.069378488 -0.008904346 0.997550249 38.657798767
0.997533977 0.001627825 -0.070166305 -2.284660339 -0.000854033 0.999938190 0.011056561 -0.490787685 0.070179991 -0.010969372 0.997473598 39.632404327
0.997516751 0.001670786 -0.070409164 -2.358175755 -0.000930120 0.999943614 0.010550939 -0.499668092 0.070422843 -0.010459250 0.997461915 40.649005890
0.997531474 0.001642728 -0.070200570 -2.433673143 -0.001022865 0.999959886 0.008864928 -0.500254333 0.070212342 -0.008771240 0.997493029 41.634975433
0.997520685 0.004005446 -0.070258141 -2.511505842 -0.003525747 0.999969363 0.006950347 -0.514961421 0.070283845 -0.006685404 0.997504115 42.621238708
0.997454941 0.003409057 -0.071216322 -2.581067085 -0.002921975 0.999971330 0.006942544 -0.518038034 0.071237966 -0.006716784 0.997436225 43.605693817
0.997360647 0.001103540 -0.072596766 -2.654902458 -0.000494442 0.999964178 0.008407604 -0.528315365 0.072603464 -0.008349519 0.997325420 44.592544556
0.997304857 0.001750095 -0.073345564 -2.730700970 -0.001063299 0.999954879 0.009401849 -0.534943998 0.073358729 -0.009298523 0.997261763 45.574867249
0.997286141 0.004282444 -0.073496133 -2.808695316 -0.003868517 0.999975443 0.005773387 -0.544441819 0.073519081 -0.005473399 0.997278273 46.541179657
0.997219503 0.004980906 -0.074351996 -2.888879538 -0.004869443 0.999986351 0.001680327 -0.553320944 0.074359380 -0.001313603 0.997230113 47.500492096
0.997157812 0.005842241 -0.075112909 -2.964506388 -0.005825684 0.999982536 0.000439538 -0.564526737 0.075114205 -0.000000705 0.997174382 48.462131500
0.997156441 0.004574455 -0.075218834 -3.039035082 -0.004289180 0.999982595 0.003953719 -0.579146981 0.075235650 -0.003619850 0.997158647 49.434467316
0.997155309 0.002720748 -0.075323902 -3.112134218 -0.002190117 0.999971867 0.007126361 -0.590592682 0.075341210 -0.006941122 0.997133017 50.402656555
0.997117579 0.000574392 -0.075868875 -3.182505131 0.000024061 0.999968529 0.007886866 -0.601330042 0.075871058 -0.007865959 0.997085989 51.364616394
0.997090876 -0.002201344 -0.076189287 -3.253708124 0.002723024 0.999973178 0.006743978 -0.613213301 0.076172434 -0.006931825 0.997069955 52.312164307
0.997047186 -0.004865255 -0.076636165 -3.326364756 0.005301517 0.999970496 0.005490267 -0.622936428 0.076607227 -0.005880344 0.997043371 53.268215179
0.996956646 -0.006452777 -0.077689424 -3.400533676 0.006992727 0.999952853 0.006680111 -0.631510973 0.077642694 -0.007203043 0.996954620 54.212074280
0.996857643 -0.009351342 -0.078659050 -3.475344181 0.010231624 0.999889016 0.010795582 -0.638414681 0.078549407 -0.011566468 0.996842504 55.155715942
0.996784985 -0.010283908 -0.079459719 -3.545418024 0.011586307 0.999805272 0.015947083 -0.644959927 0.079280287 -0.016816456 0.996709943 56.093044281
0.996752143 -0.008571657 -0.080072030 -3.623561144 0.010063426 0.999782443 0.018245425 -0.649978638 0.079898253 -0.018991966 0.996621490 57.036006927
0.996647835 -0.007423450 -0.081472054 -3.703306675 0.008612266 0.999860942 0.014250034 -0.652736902 0.081354976 -0.014903925 0.996573210 57.963088989
0.996543765 -0.005926485 -0.082855567 -3.783829689 0.006488553 0.999957263 0.006516126 -0.656035900 0.082813457 -0.007031219 0.996539712 58.885860443
0.996477902 -0.004480627 -0.083733834 -3.865272045 0.004638202 0.999987364 0.001687454 -0.660160422 0.083725266 -0.002069885 0.996486187 59.795631409
0.996396899 0.000206852 -0.084810264 -3.950242758 0.000017477 0.999996066 0.002644339 -0.671720982 0.084810518 -0.002636293 0.996393085 60.698883057
0.996285200 0.002927272 -0.086062364 -4.033138275 -0.002495819 0.999983311 0.005120444 -0.687493920 0.086075962 -0.004886627 0.996276021 61.564205170
0.996198654 0.005538730 -0.086931191 -4.117337227 -0.004972661 0.999964535 0.006726903 -0.701325059 0.086965412 -0.006269054 0.996191025 62.461677551
0.996093571 0.006426857 -0.088066392 -4.195719719 -0.005879677 0.999961317 0.006471281 -0.710952699 0.088104613 -0.005928201 0.996093035 63.322956085
0.995928764 0.007941982 -0.089790039 -4.275512695 -0.007318538 0.999946356 0.007270470 -0.719597518 0.089842997 -0.006583739 0.995933652 64.179039001
0.995799482 0.008832464 -0.091130570 -4.356602669 -0.008142420 0.999934971 0.007941070 -0.729986906 0.091194816 -0.007165691 0.995806754 65.016609192
0.995676816 0.008894450 -0.092455223 -4.436163425 -0.008157281 0.999931514 0.008348126 -0.735472322 0.092523180 -0.007557854 0.995681345 65.838111877
0.995558441 0.008780555 -0.093732007 -4.513089657 -0.007929840 0.999923587 0.009444676 -0.743123829 0.093807817 -0.008659449 0.995552123 66.634185791
0.995400131 0.011542223 -0.095103353 -4.595870018 -0.010432746 0.999871373 0.012155032 -0.748867810 0.095231451 -0.011106933 0.995392621 67.420616150
0.995253444 0.013126764 -0.096423388 -4.676291466 -0.011613119 0.999800324 0.016242390 -0.753882885 0.096617378 -0.015045523 0.995207310 68.200630188
0.995037973 0.016272103 -0.098152064 -4.756006241 -0.014572799 0.999731421 0.018005164 -0.758941412 0.098418705 -0.016485479 0.995007992 68.968803406
0.994866014 0.018968413 -0.099403106 -4.837455750 -0.017657708 0.999745131 0.014049090 -0.766389489 0.099644281 -0.012221739 0.994947553 69.709663391
0.994737804 0.019184820 -0.100636974 -4.917560101 -0.018599819 0.999804020 0.006748133 -0.773048699 0.100746736 -0.004840801 0.994899809 70.436729431
0.994590104 0.018373480 -0.102235481 -4.990549088 -0.018371280 0.999830544 0.000963156 -0.777873456 0.102235876 0.000920245 0.994759262 71.133911133
0.994530320 0.019386528 -0.102629282 -5.065658092 -0.019510105 0.999809444 -0.000200342 -0.784237146 0.102605864 0.002201549 0.994719148 71.825637817
0.994387329 0.022226546 -0.103435732 -5.141921043 -0.021994080 0.999752164 0.003387618 -0.797566652 0.103485420 -0.001093637 0.994629860 72.494384766
0.994242013 0.022555895 -0.104752652 -5.214648724 -0.022077827 0.999739647 0.005721292 -0.811955690 0.104854465 -0.003375645 0.994481325 73.145881653
0.994211018 0.019394597 -0.105675526 -5.283791065 -0.019243088 0.999811530 0.002453307 -0.821904898 0.105703242 -0.000405588 0.994397104 73.782852173
0.994339049 0.011334369 -0.105643056 -5.340651989 -0.011675058 0.999928117 -0.002606982 -0.833353102 0.105605967 0.003825607 0.994400144 74.395980835
0.994472265 0.007409206 -0.104733504 -5.396184921 -0.008228697 0.999938488 -0.007394561 -0.844292343 0.104672320 0.008215501 0.994472265 74.987991333
0.994779170 0.009952598 -0.101560593 -5.461434364 -0.010782067 0.999912500 -0.007621512 -0.855552673 0.101475902 0.008676751 0.994799554 75.565917969
0.995128930 0.015117280 -0.097411849 -5.525863647 -0.015646577 0.999866307 -0.004671910 -0.867398441 0.097328253 0.006173311 0.995232582 76.130645752
0.995589852 0.013760402 -0.092794076 -5.574060440 -0.013965343 0.999900937 -0.001559504 -0.878771245 0.092763469 0.002848523 0.995683491 76.686882019
0.996151626 0.010169421 -0.087049916 -5.611288548 -0.009979782 0.999946475 0.002613467 -0.889602721 0.087071866 -0.001734674 0.996199906 77.230499268
0.996864676 0.005951997 -0.078895152 -5.641773701 -0.005490998 0.999966264 0.006058862 -0.903819561 0.078928575 -0.005606657 0.996863902 77.754882812
0.997620940 0.009650972 -0.068251811 -5.675501347 -0.009273142 0.999939561 0.005850512 -0.911502540 0.068304166 -0.005203690 0.997650385 78.270095825
0.998474479 0.014865604 -0.053167984 -5.704996586 -0.014599771 0.999878585 0.005384874 -0.918923318 0.053241596 -0.004600424 0.998570502 78.770057678
0.999177277 0.020148767 -0.035182700 -5.721178532 -0.019957047 0.999783754 0.005792131 -0.924022198 0.035291813 -0.005085228 0.999363542 79.256317139
0.999737680 0.018675204 -0.013221638 -5.711732388 -0.018594466 0.999807477 0.006203752 -0.928661942 0.013334965 -0.005956281 0.999892771 79.734237671
0.999798000 0.015273959 0.013026466 -5.685603142 -0.015364706 0.999857783 0.006894464 -0.933909893 -0.012919300 -0.007093225 0.999890864 80.196777344
0.999003708 0.014123625 0.042322159 -5.641972065 -0.014486678 0.999860406 0.008283771 -0.941745639 -0.042199254 -0.008888631 0.999069214 80.648712158
0.997080088 0.013701013 0.075117193 -5.583201885 -0.014453535 0.999850273 0.009483395 -0.947494388 -0.074976020 -0.010541420 0.997129142 81.099487305
0.993525803 0.013904879 0.112748154 -5.510471821 -0.015093124 0.999838769 0.009692094 -0.949700356 -0.112595230 -0.011331074 0.993575871 81.547721863
0.987915993 0.014271573 0.154329002 -5.417713165 -0.015907858 0.999829233 0.009372742 -0.952296555 -0.154168934 -0.011714533 0.987974584 81.976036072
0.979839623 0.013960594 0.199295059 -5.302006245 -0.016096948 0.999828696 0.009103179 -0.958742738 -0.199133903 -0.012127705 0.979896784 82.396194458
0.968554914 0.016165296 0.248272359 -5.170564175 -0.018437877 0.999806404 0.006830907 -0.968593121 -0.248113930 -0.011193731 0.968665719 82.801795959
0.953351080 0.016912077 0.301387906 -5.014906883 -0.018930083 0.999813378 0.003776158 -0.978429914 -0.301267892 -0.009305309 0.953493655 83.191864014
0.933843315 0.017384289 0.357258290 -4.837734222 -0.019075666 0.999817014 0.001210795 -0.983704388 -0.357171983 -0.007945638 0.934004366 83.561531067
0.910071254 0.017774668 0.414069384 -4.636252880 -0.019254595 0.999814153 -0.000599702 -0.994409859 -0.414003223 -0.007426972 0.910244644 83.907989502
0.881166697 0.017841838 0.472467959 -4.425637245 -0.018956719 0.999817133 -0.002401335 -1.006522775 -0.472424567 -0.006840470 0.881344080 84.234992981
0.847821653 0.016475992 0.530024529 -4.187973499 -0.016409796 0.999853313 -0.004831860 -1.016089201 -0.530026555 -0.004601042 0.847967982 84.544891357
0.811187148 0.016519053 0.584552407 -3.926210165 -0.015430337 0.999857128 -0.006842524 -1.022275925 -0.584582150 -0.003469275 0.811326504 84.839233398
0.771829069 0.015234732 0.635646701 -3.648817062 -0.014537724 0.999873996 -0.006311974 -1.032790303 -0.635662973 -0.004369093 0.771953702 85.105888367
0.729613423 0.014764057 0.683699667 -3.359493256 -0.015845004 0.999863088 -0.004682348 -1.040543318 -0.683675349 -0.007416924 0.729747891 85.352745056
0.684598625 0.013918103 0.728786647 -3.056161404 -0.015094710 0.999873579 -0.004915755 -1.046239257 -0.728763103 -0.007635507 0.684722662 85.583168030
0.638300896 0.012994491 0.769676566 -2.738314629 -0.011742939 0.999905109 -0.007142923 -1.050019145 -0.769696593 -0.004478933 0.638393462 85.789276123
0.591863215 0.010639831 0.805967450 -2.410639286 -0.006044532 0.999942958 -0.008761765 -1.057435751 -0.806014955 0.000314069 0.591894269 85.968597412
0.545319915 0.012762067 0.838130116 -2.078993797 -0.007852793 0.999917626 -0.010116257 -1.067293048 -0.838190436 -0.001065066 0.545375645 86.140335083
0.497977942 0.015958522 0.867042124 -1.741502523 -0.011597580 0.999863386 -0.011742233 -1.074198246 -0.867111444 -0.004208218 0.498095483 86.304306030
0.452561736 0.018149879 0.891547620 -1.401509523 -0.012384252 0.999823928 -0.014067732 -1.084955454 -0.891646445 -0.004674633 0.452707291 86.443061829
0.410495251 0.015740843 0.911726117 -1.049608469 -0.004913617 0.999874234 -0.015050413 -1.092758298 -0.911848903 0.001698253 0.410521388 86.555381775
0.371073484 0.008633294 0.928562641 -0.685139775 0.010307632 0.999856472 -0.013415305 -1.095936060 -0.928545713 0.014549357 0.370931625 86.646942139
0.335770339 0.005182974 0.941928923 -0.322346598 0.014630393 0.999835134 -0.010716921 -1.101650715 -0.941829741 0.017379226 0.335639507 86.739189148
0.302594990 0.009318665 0.953073025 0.037524492 0.012165788 0.999832571 -0.013638428 -1.110576153 -0.953041017 0.015721813 0.302431285 86.835403442
0.271151990 0.016854253 0.962388337 0.399931878 0.001164159 0.999839783 -0.017838147 -1.128095388 -0.962535322 0.005957227 0.271089256 86.939216614
0.242872164 0.021078067 0.969828665 0.777752757 -0.003730456 0.999776363 -0.020794744 -1.150218725 -0.970050573 0.001432565 0.242896825 87.023941040
0.217266575 0.022761507 0.975846231 1.168502808 -0.002682619 0.999737799 -0.022721510 -1.168764949 -0.976108074 0.002318806 0.217270985 87.090713501
0.193966702 0.024163758 0.980709791 1.568454027 0.004797554 0.999660850 -0.025579568 -1.181374907 -0.980995834 0.009666602 0.193785295 87.144195557
0.173951015 0.030603826 0.984277964 1.976235628 0.011650820 0.999382555 -0.033132516 -1.182580352 -0.984684825 0.017231096 0.173487365 87.191108704
0.154145122 0.037358128 0.987341046 2.395326376 0.013611420 0.999109328 -0.039928447 -1.187385440 -0.987953842 0.019593908 0.153499633 87.243377686
0.136438653 0.038233224 0.989909768 2.829995155 0.011211779 0.999130845 -0.040134691 -1.203061461 -0.990584493 0.016574590 0.135891691 87.301177979
0.120937966 0.033810470 0.992083371 3.283367872 0.009028572 0.999340475 -0.035158411 -1.231501937 -0.992618501 0.013209098 0.120553225 87.353256226
0.106459931 0.030577919 0.993845999 3.751939535 0.009319427 0.999451935 -0.031748693 -1.254325747 -0.994272828 0.012642054 0.106116891 87.396690369
0.093272783 0.028118262 0.995242715 4.236361504 0.011696292 0.999500692 -0.029334724 -1.275399446 -0.995571434 0.014376797 0.092897601 87.431465149
0.081658438 0.027375162 0.996283591 4.733473301 0.015311535 0.999469757 -0.028717691 -1.294353485 -0.996542335 0.017599691 0.081196241 87.461296082
0.071644977 0.028022887 0.997035682 5.245610237 0.018527115 0.999394834 -0.029420517 -1.311709046 -0.997257710 0.020580048 0.071082689 87.485671997
0.063841544 0.028593253 0.997549593 5.769568443 0.020635901 0.999337316 -0.029965164 -1.330165982 -0.997746289 0.022498379 0.063209429 87.512321472
0.058344536 0.029002633 0.997874379 6.318876266 0.022362595 0.999288499 -0.030351255 -1.348743677 -0.998045683 0.024085911 0.057654683 87.537506104
0.052806176 0.030085167 0.998150826 6.882587910 0.023656787 0.999227226 -0.031369161 -1.368074059 -0.998324215 0.025269546 0.052053880 87.562149048
0.046813201 0.030849297 0.998426557 7.460835934 0.024121484 0.999195993 -0.032004066 -1.388233662 -0.998612106 0.025581762 0.046031654 87.589881897
0.042470496 0.030822089 0.998621523 8.055996895 0.026673105 0.999132156 -0.031972244 -1.412882686 -0.998741329 0.027994234 0.041611739 87.611007690
0.039652530 0.030841069 0.998736799 8.672499657 0.028140925 0.999091983 -0.031969320 -1.434676290 -0.998816907 0.029373066 0.038748849 87.631401062
0.036627956 0.030413399 0.998865366 9.310489655 0.029071370 0.999080718 -0.031485997 -1.459097028 -0.998905718 0.030191680 0.035710339 87.652946472
0.034323208 0.029809367 0.998965383 9.967407227 0.031303544 0.999032021 -0.030886909 -1.482820153 -0.998920143 0.032331325 0.033357050 87.671638489
0.033682525 0.029458107 0.998997629 10.634573936 0.035555057 0.998896897 -0.030653927 -1.506518722 -0.998799622 0.036551956 0.032598186 87.688858032
0.034722924 0.029151710 0.998970985 11.324705124 0.038723119 0.998784065 -0.030492224 -1.530349851 -0.998646200 0.039742094 0.033552058 87.707344055
0.037157632 0.029105006 0.998884737 12.032254219 0.040404603 0.998714089 -0.030603051 -1.554320216 -0.998491943 0.041496720 0.035934076 87.730865479
0.041083578 0.029034507 0.998732984 12.756685257 0.042823713 0.998607516 -0.030792441 -1.580076456 -0.998237252 0.044034567 0.039783206 87.758522034
0.045445323 0.028644986 0.998555243 13.492409706 0.043125659 0.998600125 -0.030608967 -1.606639028 -0.998035133 0.044454433 0.044146582 87.792747498
0.049474131 0.026963133 0.998410583 14.245542526 0.044678625 0.998574615 -0.029181514 -1.633510232 -0.997775197 0.046051387 0.048199151 87.829559326
0.053587921 0.025384983 0.998239636 14.991102219 0.044580404 0.998618722 -0.027787805 -1.661299944 -0.997567117 0.045991063 0.052382447 87.866714478
0.057754967 0.023329705 0.998057365 15.764566422 0.041441519 0.998808622 -0.025745375 -1.687386990 -0.997469962 0.042847976 0.056719560 87.917694092
0.061851218 0.022237485 0.997836769 16.558673859 0.040822465 0.998858273 -0.024790639 -1.713586688 -0.997249901 0.042267527 0.060873035 87.970352173
0.066018954 0.023262829 0.997546256 17.348819733 0.038292818 0.998932123 -0.025829414 -1.741236448 -0.997083008 0.039904132 0.065057881 88.027648926
0.069039583 0.027284395 0.997239828 18.132284164 0.036099833 0.998902321 -0.029829094 -1.774069667 -0.996960223 0.038059622 0.067979068 88.087532043
0.070399545 0.032772660 0.996979475 18.912311554 0.030267080 0.998929262 -0.034973994 -1.803410411 -0.997059226 0.032637846 0.069332458 88.150222778
0.070386529 0.035921521 0.996871889 19.709245682 0.027756518 0.998893440 -0.037954178 -1.836852670 -0.997133195 0.030341191 0.069311805 88.206909180
0.070585825 0.035513636 0.996872425 20.510381699 0.025640560 0.998970747 -0.037403926 -1.873706341 -0.997175753 0.028200585 0.069602795 88.268844604
0.070674054 0.033989448 0.996919274 21.320409775 0.023026131 0.999096870 -0.035696071 -1.911789417 -0.997233331 0.025478005 0.069827788 88.331184387
0.070557930 0.032783292 0.996967912 22.136951447 0.024008889 0.999113917 -0.034553032 -1.949852705 -0.997218370 0.026374107 0.069708534 88.390037537
0.070986547 0.032270882 0.996954203 22.943124771 0.021466898 0.999195099 -0.033871938 -1.989387751 -0.997245908 0.023805989 0.070236869 88.452140808
0.071221434 0.032659307 0.996924818 23.747907639 0.019861490 0.999218702 -0.034153379 -2.028958321 -0.997262418 0.022232885 0.070517339 88.511894226
0.071228176 0.033304825 0.996902943 24.556806564 0.016856955 0.999258995 -0.034587950 -2.069808722 -0.997317195 0.019268403 0.070614189 88.578201294
0.070129663 0.034746725 0.996931612 25.365581512 0.014240561 0.999256015 -0.035829488 -2.108007431 -0.997435808 0.016709592 0.069582887 88.640754700
0.067233086 0.034511182 0.997139275 26.178873062 0.011553132 0.999307215 -0.035365183 -2.144235134 -0.997669995 0.013897805 0.066787995 88.706039429
0.063230380 0.033409119 0.997438610 26.984548569 0.009260532 0.999376416 -0.034061059 -2.181032419 -0.997955561 0.011390516 0.062881760 88.765068054
0.058259260 0.031022035 0.997818410 27.793897629 0.007456085 0.999475300 -0.031508859 -2.218724489 -0.998273194 0.009275508 0.057997569 88.822029114
0.052061092 0.028986754 0.998222172 28.593544006 0.005273859 0.999556363 -0.029300526 -2.258820057 -0.998629570 0.006789903 0.051885299 88.863723755
0.044721566 0.029191148 0.998571992 29.395711899 0.005077176 0.999553084 -0.029447189 -2.296267748 -0.998986244 0.006386853 0.044553537 88.900390625
0.036128148 0.030263096 0.998887897 30.192800522 0.004898035 0.999523640 -0.030459486 -2.332243681 -0.999334812 0.005993036 0.035962865 88.929054260
0.026228447 0.030836985 0.999179304 30.995250702 0.005981844 0.999500990 -0.031003911 -2.363899708 -0.999637723 0.006790123 0.026031045 88.951614380
0.015897814 0.029886777 0.999425948 31.798301697 0.007542211 0.999520838 -0.030009560 -2.398236275 -0.999844790 0.008014972 0.015664924 88.967575073
0.005045060 0.028832993 0.999570668 32.595169067 0.006876333 0.999559283 -0.028867343 -2.434131145 -0.999963224 0.007019022 0.004844704 88.973464966
-0.005924846 0.028202180 0.999583840 33.370891571 0.008603207 0.999566376 -0.028150667 -2.465489388 -0.999945045 0.008432843 -0.006164782 88.963523865
-0.017023325 0.028734552 0.999441266 34.151649475 0.009178159 0.999549031 -0.028581295 -2.493986845 -0.999812603 0.008686486 -0.017279264 88.952148438
-0.028024171 0.029221103 0.999179244 34.924552917 0.009241579 0.999537110 -0.028972348 -2.533720970 -0.999564171 0.008422071 -0.028281143 88.927085876
-0.038736209 0.030420324 0.998785555 35.706516266 0.008820216 0.999507546 -0.030100219 -2.565369844 -0.999210179 0.007643539 -0.038985349 88.902221680
-0.049100321 0.031261608 0.998303711 36.478813171 0.009531554 0.999478757 -0.030829592 -2.603976965 -0.998748064 0.008001645 -0.049372606 88.865577698
-0.058614057 0.031958524 0.997768223 37.246429443 0.010460130 0.999451756 -0.031397954 -2.639092684 -0.998225629 0.008596427 -0.058916133 88.818725586
-0.068404436 0.032784250 0.997118056 38.003513336 0.011620312 0.999417841 -0.032062676 -2.664801598 -0.997589648 0.009393598 -0.068745509 88.769035339
-0.077609159 0.033095662 0.996433616 38.742122650 0.012163516 0.999405444 -0.032246981 -2.702164412 -0.996909320 0.009617479 -0.077965513 88.706230164
-0.086143434 0.032680783 0.995745778 39.470932007 0.013457240 0.999408305 -0.031636778 -2.735666990 -0.996191561 0.010674695 -0.086532198 88.638237000
-0.093428031 0.031626917 0.995122790 40.203178406 0.015176475 0.999423862 -0.030338759 -2.768901110 -0.995510101 0.012267973 -0.093854152 88.566970825
-0.098572031 0.029931007 0.994678855 40.920406342 0.017867293 0.999439061 -0.028303614 -2.804034472 -0.994969249 0.014982286 -0.099051498 88.491416931
-0.102286115 0.028330646 0.994350672 41.622421265 0.020981412 0.999432802 -0.026317148 -2.834465981 -0.994533479 0.018171020 -0.102822505 88.416183472
-0.104892187 0.027381266 0.994105756 42.325344086 0.022748943 0.999424756 -0.025127441 -2.861989975 -0.994223058 0.019979203 -0.105454743 88.339614868
-0.106816120 0.026523797 0.993924141 43.011001587 0.022605762 0.999449909 -0.024241840 -2.892164946 -0.994021416 0.019879011 -0.107356958 88.271453857
-0.107533649 0.026961895 0.993834972 43.667030334 0.023491817 0.999421477 -0.024571620 -2.921106100 -0.993923485 0.020704733 -0.108104825 88.201103210
-0.106759779 0.027933130 0.993891537 44.324508667 0.024068404 0.999384463 -0.025502177 -2.951199532 -0.993993104 0.021198798 -0.107366383 88.133575439
-0.103712924 0.029726328 0.994162142 44.951324463 0.025219692 0.999309957 -0.027249286 -2.974870443 -0.994287133 0.022246381 -0.104391061 88.069969177
-0.098527901 0.030259732 0.994673312 45.566566467 0.025424602 0.999287307 -0.027881652 -3.002143621 -0.994809091 0.022542072 -0.099227041 88.013099670
-0.090642698 0.030959342 0.995401323 46.169788361 0.024694743 0.999278665 -0.028831199 -3.030382633 -0.995576918 0.021967864 -0.091341868 87.967346191
-0.079632469 0.030881399 0.996345043 46.757125854 0.023393886 0.999302089 -0.029103307 -3.059973478 -0.996549428 0.020990832 -0.080299333 87.932579041
-0.065958373 0.031000871 0.997339904 47.312656403 0.022416146 0.999310493 -0.029579649 -3.092370510 -0.997570217 0.020405510 -0.066607803 87.906318665
-0.048895836 0.032246150 0.998282492 47.854343414 0.021253509 0.999285460 -0.031237552 -3.122794151 -0.998577416 0.019689638 -0.049546212 87.894401550
-0.027820257 0.034882162 0.999003410 48.387481689 0.019480016 0.999219537 -0.034347229 -3.149494886 -0.999422789 0.018505072 -0.028477997 87.896896362
-0.003416298 0.037754510 0.999280453 48.892780304 0.017084686 0.999142766 -0.037690900 -3.178433657 -0.999847829 0.016943647 -0.004058316 87.914909363
0.024631144 0.039410390 0.998918712 49.412956238 0.014817526 0.999097884 -0.039782822 -3.207124710 -0.999586403 0.015781419 0.024025064 87.950820923
0.057657097 0.038507439 0.997592807 49.923828125 0.012095666 0.999154925 -0.039266825 -3.239125252 -0.998262823 0.014330576 0.057142738 88.002235413
0.095687062 0.035921469 0.994762421 50.429893494 0.010816010 0.999251544 -0.037123978 -3.266787291 -0.995352328 0.014311658 0.095227085 88.071319580
0.137520835 0.032087322 0.989978313 50.928573608 0.008411731 0.999400675 -0.033561226 -3.294734001 -0.990462720 0.012942811 0.137168705 88.167457581
0.183230445 0.027697356 0.982679069 51.420146942 0.005442550 0.999558568 -0.029187936 -3.321879387 -0.983054459 0.010696408 0.182999045 88.281318665
0.231126174 0.024506547 0.972614408 51.900653839 0.000499803 0.999679029 -0.025307257 -3.346284866 -0.972923219 0.006335291 0.231040016 88.431259155
0.282431066 0.023142308 0.959007740 52.366603851 -0.003659259 0.999727130 -0.023047268 -3.367790461 -0.959280133 0.003000010 0.282438993 88.604003906
0.336675286 0.023089543 0.941336989 52.810661316 -0.004982179 0.999728441 -0.022739889 -3.383458376 -0.941607118 0.002966052 0.336699277 88.801628113
0.394068956 0.023337884 0.918783784 53.244594574 -0.003754776 0.999709547 -0.023783036 -3.406267643 -0.919072688 0.005922334 0.394042552 89.025566101
0.453673303 0.026497319 0.890773296 53.651664734 -0.003253337 0.999599874 -0.028077589 -3.427029371 -0.891161621 0.009840078 0.453578502 89.270790100
0.513175368 0.028426345 0.857812107 54.042659760 -0.001804174 0.999484301 -0.032041788 -3.457047462 -0.858281314 0.014895428 0.512962580 89.541213989
0.570823848 0.032016870 0.820447206 54.406196594 -0.005736678 0.999369979 -0.035007820 -3.478493452 -0.821051836 0.015276672 0.570648491 89.847938538
0.626685858 0.034253370 0.778517842 54.749179840 -0.009185910 0.999288201 -0.036572456 -3.499544859 -0.779217064 0.015768062 0.626555145 90.172180176
0.679507315 0.035032276 0.732830822 55.064315796 -0.010854267 0.999229431 -0.037702736 -3.514560938 -0.733587563 0.017664962 0.679364741 90.513984680
0.728150070 0.032907605 0.684626162 55.343647003 -0.011192393 0.999283850 -0.036128178 -3.533125877 -0.685325325 0.018644148 0.727997720 90.866264343
0.773216963 0.029212963 0.633467078 55.606563568 -0.013031052 0.999458790 -0.030185182 -3.551231384 -0.634006560 0.015084966 0.773179948 91.252204895
0.814296246 0.025060695 0.579906821 55.843467712 -0.014314198 0.999630094 -0.023099270 -3.561435223 -0.580271721 0.010508757 0.814354658 91.655723572
0.850370347 0.022660572 0.525694966 56.055141449 -0.016494770 0.999728680 -0.016412096 -3.571714878 -0.525924623 0.005285147 0.850514293 92.081626892
0.881221056 0.019019123 0.472320020 56.246215820 -0.016895637 0.999818504 -0.008737459 -3.583207607 -0.472400755 -0.000280516 0.881383300 92.521545410
0.906451046 0.019772261 0.421846092 56.397983551 -0.020443013 0.999786139 -0.002933393 -3.596455336 -0.421814114 -0.005964834 0.906662166 92.954513550
0.926346898 0.021486457 0.376056165 56.539554596 -0.023638483 0.999719381 0.001108899 -3.609406471 -0.375927031 -0.009916632 0.926595688 93.406158447
0.941353500 0.027462989 0.336300254 56.654766083 -0.030632872 0.999521554 0.004122841 -3.618973970 -0.336026341 -0.014182907 0.941745281 93.862457275
0.952981591 0.032056607 0.301325291 56.758319855 -0.034687161 0.999391854 0.003382109 -3.620690823 -0.301033765 -0.013675218 0.953514934 94.318016052
0.962131739 0.033838034 0.270473838 56.865947723 -0.036199220 0.999336958 0.003744616 -3.621164083 -0.270167917 -0.013393766 0.962719560 94.781974792
0.968233168 0.028295135 0.248440087 56.979415894 -0.030305795 0.999530911 0.004271520 -3.625515938 -0.248202771 -0.011665012 0.968637347 95.251564026
0.972182810 0.025584573 0.232818514 57.088020325 -0.027522311 0.999607623 0.005077719 -3.632122517 -0.232597306 -0.011344183 0.972506464 95.734695435
0.975004673 0.029981362 0.220148817 57.181308746 -0.031820707 0.999481380 0.004812782 -3.634480476 -0.219890386 -0.011697785 0.975453973 96.226280212
0.976935625 0.035403039 0.210575283 57.268238068 -0.037352167 0.999287546 0.005284790 -3.632435560 -0.210238218 -0.013028353 0.977562904 96.723045349
0.977889955 0.043222327 0.204601273 57.355148315 -0.044987276 0.998978972 0.003980438 -3.632750988 -0.204220369 -0.013096891 0.978836834 97.237495422
0.978234291 0.048884094 0.201659530 57.449638367 -0.049976788 0.998749673 0.000327450 -3.635223627 -0.201391429 -0.010398624 0.979455113 97.760398865
0.978355944 0.050181363 0.200748548 57.554347992 -0.050793305 0.998706341 -0.002104680 -3.644920588 -0.200594500 -0.008137560 0.979640007 98.287384033
0.977936983 0.048787359 0.203119621 57.671928406 -0.048651230 0.998799145 -0.005666288 -3.652997971 -0.203152180 -0.004340747 0.979136944 98.823432922
0.977242410 0.047105614 0.206825718 57.793014526 -0.045557823 0.998886108 -0.012242686 -3.656375170 -0.207172051 0.002541546 0.978300571 99.367088318
0.976351738 0.047693271 0.210858420 57.915908813 -0.045117479 0.998836279 -0.017012522 -3.662276983 -0.211424425 0.007096812 0.977367878 99.914749146
0.975151300 0.052423000 0.215245128 58.034564972 -0.050027713 0.998609900 -0.016565014 -3.673643827 -0.215814307 0.005385180 0.976418853 100.492584229
0.973714769 0.055391081 0.220929921 58.160182953 -0.053929269 0.998464108 -0.012647804 -3.684601784 -0.221291170 0.000400768 0.975206971 101.083694458
0.972825825 0.052287206 0.225554049 58.302326202 -0.051800713 0.998624146 -0.008078761 -3.696134329 -0.225666165 -0.003824632 0.974196434 101.685928345
0.972165585 0.047785264 0.229367107 58.452438354 -0.048493382 0.998819649 -0.002551639 -3.706401110 -0.229218334 -0.008642172 0.973335922 102.296142578
0.971402645 0.045140363 0.233105049 58.600410461 -0.046894193 0.998897314 0.001984325 -3.714235067 -0.232758462 -0.012858856 0.972448826 102.917762756
0.970888555 0.040525116 0.236075655 58.754486084 -0.042328600 0.999099851 0.002574266 -3.719729424 -0.235758856 -0.012492084 0.971730530 103.546920776
0.970989287 0.037108675 0.236222848 58.917629242 -0.038066894 0.999274492 -0.000504595 -3.726660490 -0.236070246 -0.008502319 0.971697986 104.187263489
0.971121132 0.036362685 0.235796511 59.077190399 -0.035600267 0.999337435 -0.007491266 -3.736654282 -0.235912740 -0.001119494 0.971772790 104.837615967
0.971241832 0.038528442 0.234953821 59.228824615 -0.036225375 0.999243438 -0.014112068 -3.746917486 -0.235319823 0.005194942 0.971903324 105.492950439
0.971759081 0.041459456 0.232301176 59.379241943 -0.038350999 0.999103725 -0.017883502 -3.754402876 -0.232834443 0.008469476 0.972478747 106.160369873
0.972396374 0.039810065 0.229910761 59.542747498 -0.037683301 0.999196112 -0.013635529 -3.764523268 -0.230268806 0.004595341 0.973115444 106.854591370
0.972832024 0.035810575 0.228722677 59.704189301 -0.035351019 0.999355674 -0.006107381 -3.778087139 -0.228794053 -0.002144130 0.973471761 107.555503845
0.973413169 0.036033083 0.226201430 59.865802765 -0.036955692 0.999316275 -0.000155992 -3.793786764 -0.226052433 -0.008207597 0.974079788 108.268684387
0.973680913 0.039262906 0.224505037 60.020168304 -0.040127225 0.999193668 -0.000713283 -3.807517052 -0.224352062 -0.008314264 0.974471927 108.992576599
0.973915040 0.045127220 0.222377136 60.170013428 -0.045070566 0.998968899 -0.005332337 -3.815162897 -0.222388521 -0.004829428 0.974945426 109.721900940
0.974750996 0.046036802 0.218493983 60.326988220 -0.044803120 0.998938918 -0.010600133 -3.823940039 -0.218750179 0.000543273 0.975780010 110.462593079
0.975682497 0.044777032 0.214562863 60.488700867 -0.042897779 0.998988748 -0.013409313 -3.832451105 -0.214946374 0.003878957 0.976617396 111.212303162
0.976586580 0.042723745 0.210836008 60.647789001 -0.041144207 0.999081969 -0.011874820 -3.846493006 -0.211149842 0.002922104 0.977448583 111.978965759
0.977453113 0.039083209 0.207500696 60.811382294 -0.037864301 0.999233723 -0.009844210 -3.861155748 -0.207726464 0.001765377 0.978184640 112.759735107
0.977859259 0.037984252 0.205784082 60.973884583 -0.037327886 0.999277353 -0.007072397 -3.879235029 -0.205904022 -0.000765685 0.978571177 113.550056458
0.978236973 0.034806866 0.204546973 61.142486572 -0.034565881 0.999390423 -0.004752095 -3.891114235 -0.204587713 -0.002421682 0.978844464 114.339706421
0.978467047 0.029702645 0.204251349 61.311222076 -0.029613158 0.999554574 -0.003495306 -3.901481390 -0.204264238 -0.002628497 0.978911459 115.140647888
0.978576183 0.030678134 0.203583091 61.469886780 -0.030930033 0.999518931 -0.001945085 -3.913075686 -0.203544855 -0.004393430 0.979054987 115.933670044
0.978290975 0.036240470 0.204039216 61.624343872 -0.036193263 0.999336243 -0.003964309 -3.924268723 -0.204047486 -0.003506609 0.978953958 116.739555359
0.977955401 0.042017728 0.204539374 61.783222198 -0.041404441 0.999115229 -0.007279072 -3.937222004 -0.204664290 -0.001350239 0.978830576 117.550178528
0.977358520 0.050910782 0.205370635 61.943317413 -0.050158482 0.998701155 -0.008870974 -3.951541901 -0.205555543 -0.001630965 0.978643417 118.372802734
0.976386666 0.056894623 0.208400294 62.099517822 -0.056426704 0.998372436 -0.008194505 -3.966793299 -0.208527341 -0.003758344 0.978008687 119.198516846
0.975598156 0.059598047 0.211317271 62.266658783 -0.059648611 0.998199821 -0.006140923 -3.988205671 -0.211302876 -0.006613719 0.977397621 120.031669617
0.975016296 0.060083851 0.213849887 62.448764801 -0.060006324 0.998173654 -0.006859821 -4.006501675 -0.213871539 -0.006143918 0.976841807 120.873008728
0.974721134 0.058571246 0.215607777 62.630485535 -0.057873275 0.998277366 -0.009554606 -4.023530960 -0.215796039 -0.003164859 0.976432681 121.691978455
0.974727631 0.052676007 0.217094019 62.819438934 -0.052121446 0.998605609 -0.008283694 -4.041545391 -0.217227697 -0.003240917 0.976114929 122.531486511
0.974988341 0.046200823 0.217397690 63.003166199 -0.045169882 0.998931348 -0.009711882 -4.061697483 -0.217614099 -0.000350862 0.976034164 123.357650757
0.974742711 0.045563731 0.218630046 63.187751770 -0.044501383 0.998960614 -0.009783547 -4.083935738 -0.218848616 -0.000192903 0.975758135 124.189491272
0.974180758 0.048328362 0.220532775 63.375926971 -0.048007134 0.998822927 -0.006819154 -4.099582195 -0.220602766 -0.003944066 0.975355148 125.033767700
0.973733366 0.050469663 0.222023904 63.549976349 -0.051481787 0.998672426 -0.001230123 -4.112589836 -0.221791252 -0.010232390 0.975039840 125.867576599
0.973355711 0.053883784 0.222876012 63.725440979 -0.055974349 0.998426735 0.003068762 -4.128997326 -0.222360045 -0.015462355 0.974841416 126.680862427
0.973153234 0.053249277 0.223910362 63.910732269 -0.053857420 0.998542130 -0.003394717 -4.143915653 -0.223764718 -0.008755665 0.974603295 127.512298584
0.973461926 0.049246989 0.223483846 64.097328186 -0.046491258 0.998763323 -0.017578879 -4.164286137 -0.224073187 0.006722328 0.974548578 128.318496704
