1.000000000 0.000000000 0.000000000 0.000000000 0.000000000 1.000000000 0.000000000 0.000000000 0.000000000 0.000000000 1.000000000 0.000000000
0.999990940 -0.002565481 -0.003388400 -0.000654221 0.002558343 0.999994516 -0.002109156 -0.005389744 0.003393792 0.002100469 0.999992013 0.670356274
0.999970913 -0.001348979 -0.007506641 -0.009731167 0.001322099 0.999992669 -0.003584614 -0.011525246 0.007511421 0.003574585 0.999965370 1.351926804
0.999934256 -0.001345324 -0.011385201 -0.024982966 0.001288107 0.999986470 -0.005031400 -0.016142808 0.011391817 0.005016404 0.999922454 2.055800915
0.999869227 0.000098308 -0.016168706 -0.045388091 -0.000189096 0.999984205 -0.005613592 -0.023720991 0.016167900 0.005615916 0.999853432 2.781532049
0.999784291 -0.000972572 -0.020746393 -0.059973285 0.000849168 0.999981880 -0.005956219 -0.029794017 0.020751812 0.005937317 0.999766946 3.520258427
0.999677718 0.000967711 -0.025364922 -0.082189895 -0.001148429 0.999974012 -0.007111122 -0.042138442 0.025357382 0.007137961 0.999652922 4.275994301
0.999535620 0.003644791 -0.030250084 -0.111749299 -0.003877692 0.999963224 -0.007644109 -0.051464941 0.030221112 0.007757860 0.999513090 5.034038544
0.999394000 0.003741764 -0.034603216 -0.144033253 -0.003953150 0.999973893 -0.006042451 -0.060024276 0.034579705 0.006175581 0.999382794 5.808649540
0.999233007 0.003055721 -0.039035507 -0.179563686 -0.003188671 0.999989271 -0.003344075 -0.069664828 0.039024871 0.003465981 0.999232173 6.597827435
0.999089897 0.002657822 -0.042568736 -0.215835333 -0.002689586 0.999996066 -0.000688914 -0.081622876 0.042566739 0.000802780 0.999093235 7.414149284
0.998970687 0.004455605 -0.045139264 -0.260488302 -0.004515630 0.999989033 -0.001227893 -0.093364172 0.045133300 0.001430461 0.998979867 8.227480888
0.998865843 0.004022646 -0.047440931 -0.301037878 -0.004098693 0.999990463 -0.001505823 -0.101373911 0.047434423 0.001698561 0.998872817 9.051698685
0.998783946 0.000988890 -0.049288876 -0.338109344 -0.001094515 0.999997199 -0.002116041 -0.107506059 0.049286645 0.002167415 0.998782218 9.889956474
0.998664737 0.000994981 -0.051647432 -0.377770275 -0.001059365 0.999998748 -0.001219257 -0.118982717 0.051646151 0.001272343 0.998664498 10.725705147
0.998582900 -0.000376081 -0.053215213 -0.421407491 0.000301406 0.999998987 -0.001411298 -0.130651087 0.053215683 0.001393259 0.998581946 11.569210052
0.998483062 0.002026763 -0.055020250 -0.472984999 -0.002230665 0.999990880 -0.003644799 -0.144858181 0.055012353 0.003762003 0.998478472 12.424014091
0.998397112 0.002743539 -0.056527965 -0.523893356 -0.003105484 0.999975264 -0.006316088 -0.154009834 0.056509230 0.006481512 0.998380899 13.280878067
0.998277307 0.006926561 -0.058260269 -0.583197534 -0.007406513 0.999940395 -0.008026149 -0.164719060 0.058201194 0.008443829 0.998269022 14.154397964
0.998218000 0.007819556 -0.059156254 -0.641253769 -0.008288393 0.999936163 -0.007684167 -0.178823814 0.059092380 0.008160785 0.998219013 15.040720940
0.998141408 0.007304287 -0.060499545 -0.696316123 -0.007696660 0.999950826 -0.006255038 -0.191916957 0.060450871 0.006709057 0.998148501 15.915688515
0.998040378 0.008138234 -0.062040187 -0.754219711 -0.008455026 0.999952555 -0.004845405 -0.204671577 0.061997801 0.005360462 0.998061717 16.809827805
0.997982979 0.007866477 -0.062991746 -0.813834548 -0.008175675 0.999955773 -0.004652281 -0.221280023 0.062952362 0.005157899 0.998003006 17.712677002
0.997867465 0.007962451 -0.064784274 -0.871864200 -0.008348989 0.999948919 -0.005697977 -0.231989831 0.064735591 0.006226709 0.997882843 18.618007660
0.997804403 0.006385069 -0.065920964 -0.931566715 -0.006829243 0.999955475 -0.006514802 -0.244230866 0.065876424 0.006950688 0.997803450 19.514423370
0.997765422 0.006470738 -0.066500127 -0.994026840 -0.006808835 0.999965072 -0.004858729 -0.255511820 0.066466354 0.005300660 0.997774422 20.444057465
0.997752428 0.007697814 -0.066565268 -1.057182908 -0.007805821 0.999968648 -0.001362602 -0.271511823 0.066552684 0.001879136 0.997780919 21.349582672
0.997798920 0.008630666 -0.065749161 -1.123236775 -0.008494090 0.999961197 0.002356510 -0.282606691 0.065766938 -0.001792842 0.997833133 22.279861450
0.997908533 0.007405058 -0.064217031 -1.184041977 -0.007079964 0.999961019 0.005288540 -0.290575743 0.064253680 -0.004822823 0.997921646 23.208679199
0.997997999 0.007773318 -0.062766686 -1.244944572 -0.007407945 0.999954283 0.006051781 -0.299725235 0.062810853 -0.005574691 0.998009562 24.149452209
0.998085678 0.008144605 -0.061308153 -1.306188583 -0.007951996 0.999962687 0.003385029 -0.311708063 0.061333425 -0.002891025 0.998112798 25.083171844
0.998136938 0.009061542 -0.060337979 -1.371126056 -0.009173580 0.999956667 -0.001580052 -0.317754656 0.060321037 0.002130623 0.998176336 26.006530762
0.998213291 0.008421206 -0.059155241 -1.428783774 -0.008701531 0.999952078 -0.004482754 -0.332919061 0.059114642 0.004989483 0.998238325 26.942260742
0.998270929 0.005728035 -0.058500882 -1.480816126 -0.005933911 0.999976814 -0.003346035 -0.345038921 0.058480341 0.003687387 0.998281360 27.889148712
0.998265862 0.004033483 -0.058727916 -1.541820645 -0.003938181 0.999990761 0.001738444 -0.360594422 0.058734365 -0.001504147 0.998272121 28.870351791
0.998227954 0.000287566 -0.059505865 -1.599429369 0.000020751 0.999986589 0.005180629 -0.372327954 0.059506539 -0.005172681 0.998214126 29.836101532
0.998143017 -0.007002166 -0.060511280 -1.653621435 0.007303414 0.999961972 0.004758684 -0.386070848 0.060475644 -0.005191784 0.998155773 30.787054062
0.998039603 -0.009043773 -0.061930038 -1.713329554 0.009115565 0.999958038 0.000876843 -0.392912060 0.061919488 -0.001439650 0.998079717 31.760263443
0.997962832 -0.008739413 -0.063197419 -1.781510830 0.008561357 0.999958515 -0.003087675 -0.404506326 0.063221768 0.002540329 0.997995913 32.731704712
0.997834086 -0.007447979 -0.065358952 -1.850797415 0.007231308 0.999967515 -0.003551004 -0.419840634 0.065383263 0.003070681 0.997855127 33.709217072
0.997790754 -0.007606169 -0.065999299 -1.915104389 0.007492783 0.999969959 -0.001965312 -0.436571240 0.066012256 0.001466452 0.997817338 34.688762665
0.997714877 -0.004583871 -0.067409515 -1.988783360 0.004659092 0.999988675 0.000958759 -0.452854395 0.067404345 -0.001270634 0.997724533 35.666328430
0.997652471 -0.004726433 -0.068317294 -2.063406467 0.004890305 0.999985516 0.002231709 -0.462541401 0.068305746 -0.002560562 0.997660697 36.656570435
0.997589052 -0.003496331 -0.069310263 -2.137231350 0.003842379 0.999980748 0.004860089 -0.471950620 0.069291934 -0.005114686 0.997582853 37.633174896
0.997613549 -0.003818097 -0.068939671 -2.213454723 0.004369905 0.999959528 0.007855238 -0.476641476 0.068906888 -0.008137748 0.997589469 38.619590759
0.997573912 0.001780696 -0.069592744 -2.292312145 -0.001074128 0.999947488 0.010189053 -0.479024261 0.069607235 -0.010089576 0.997523010 39.590270996
0.997584939 0.001946273 -0.069429629 -2.375244617 -0.001284672 0.999953270 0.009572526 -0.486171842 0.069445014 -0.009460207 0.997540534 40.580795288
0.997598588 0.001919309 -0.069234326 -2.449518442 -0.001377349 0.999967992 0.007874850 -0.487578362 0.069247223 -0.007760574 0.997568905 41.570480347
0.997592926 0.004147134 -0.069217280 -2.528797865 -0.003757203 0.999976277 0.005762731 -0.495014131 0.069239527 -0.005488792 0.997584522 42.549724579
0.997534275 0.004020014 -0.070065387 -2.601079941 -0.003623597 0.999976635 0.005784049 -0.501991272 0.070086993 -0.005515893 0.997525215 43.537513733
0.997449160 0.001732668 -0.071359448 -2.675592661 -0.001217971 0.999972880 0.007255670 -0.512458682 0.071370080 -0.007150243 0.997423887 44.522792816
0.997393966 0.002378043 -0.072107695 -2.750182152 -0.001787699 0.999964297 0.008250469 -0.520219147 0.072124727 -0.008100056 0.997362316 45.505199432
0.997372746 0.004921948 -0.072272256 -2.826009274 -0.004598860 0.999978602 0.004636195 -0.531201899 0.072293513 -0.004291642 0.997373700 46.468418121
0.997307539 0.005676333 -0.073112406 -2.904745579 -0.005651849 0.999983847 0.000541809 -0.542476952 0.073114283 -0.000127128 0.997323036 47.421222687
0.997246981 0.006527971 -0.073863514 -2.979833841 -0.006597994 0.999977887 -0.000704010 -0.554458320 0.073857278 0.001189424 0.997267544 48.385181427
0.997247696 0.005287420 -0.073952928 -3.053649902 -0.005094851 0.999983013 0.002792386 -0.569866717 0.073966436 -0.002407919 0.997257233 49.359058380
0.997248173 0.003527540 -0.074051350 -3.126763582 -0.003091168 0.999977052 0.006006650 -0.583252788 0.074070841 -0.005761211 0.997235715 50.334026337
0.997205377 0.001457824 -0.074693784 -3.192782879 -0.000956829 0.999976635 0.006742711 -0.595904231 0.074701875 -0.006652393 0.997183084 51.289497375
0.997182429 -0.001424567 -0.075000130 -3.263734818 0.001847692 0.999982595 0.005572611 -0.607903361 0.074990891 -0.005695482 0.997167349 52.242420197
0.997147262 -0.003927477 -0.075376816 -3.333418846 0.004261662 0.999981582 0.004273234 -0.619179070 0.075358644 -0.004582271 0.997145355 53.194404602
0.997058332 -0.005510383 -0.076446600 -3.406246901 0.005945217 0.999967158 0.005461705 -0.628921926 0.076413989 -0.005900126 0.997058094 54.138023376
0.996954739 -0.008558533 -0.077510014 -3.479100466 0.009330480 0.999910116 0.009602703 -0.636330128 0.077420868 -0.010296661 0.996944726 55.080802917
0.996893644 -0.009300237 -0.078206375 -3.552811861 0.010482743 0.999836385 0.014723458 -0.642961800 0.078056656 -0.015497534 0.996827900 56.030860901
0.996859372 -0.007589839 -0.078825347 -3.629524231 0.008958213 0.999814749 0.017020525 -0.649339437 0.078681573 -0.017673198 0.996742547 56.973163605
0.996758282 -0.006318338 -0.080204040 -3.708704710 0.007382276 0.999888301 0.012975857 -0.651404262 0.080113105 -0.013525875 0.996693432 57.898483276
0.996654928 -0.004758909 -0.081584670 -3.788049221 0.005205111 0.999972403 0.005257425 -0.656400681 0.081557401 -0.005664492 0.996652007 58.817653656
0.996590614 -0.003142885 -0.082443789 -3.868354082 0.003191804 0.999994576 0.000461624 -0.663620472 0.082441889 -0.000723191 0.996595085 59.726490021
0.996503234 0.001546280 -0.083538324 -3.952082872 -0.001433274 0.999997795 0.001412748 -0.676063120 0.083540320 -0.001288070 0.996502995 60.628036499
0.996392071 0.004268749 -0.084760420 -4.035207272 -0.003957271 0.999984622 0.003842521 -0.691600382 0.084775515 -0.003493233 0.996393383 61.498725891
0.996303737 0.006879495 -0.085622422 -4.118449211 -0.006436735 0.999964297 0.005446121 -0.706364393 0.085656829 -0.004874857 0.996312201 62.397296906
0.996199191 0.007786870 -0.086753234 -4.195374489 -0.007363477 0.999959171 0.005199421 -0.717527449 0.086790182 -0.004540849 0.996215701 63.256801605
0.996034682 0.009272581 -0.088478506 -4.273973942 -0.008775895 0.999943256 0.006001031 -0.727324605 0.088529140 -0.005200753 0.996059418 64.113136292
0.995906174 0.010095589 -0.089824915 -4.353565216 -0.009531837 0.999931872 0.006702927 -0.739116013 0.089886472 -0.005819286 0.995934427 64.949829102
0.995786786 0.010171055 -0.091130070 -4.433434486 -0.009559309 0.999928474 0.007146917 -0.747119546 0.091196239 -0.006245661 0.995812774 65.771179199
0.995673060 0.010088822 -0.092372745 -4.509734631 -0.009366410 0.999921799 0.008250871 -0.755554438 0.092448764 -0.007349965 0.995689750 66.566017151
0.995516002 0.012863476 -0.093710728 -4.591207504 -0.011886549 0.999868870 0.010975702 -0.762421012 0.093839623 -0.009812587 0.995538414 67.351753235
0.995369971 0.014415357 -0.095026806 -4.670811653 -0.013042053 0.999801338 0.015057094 -0.767901242 0.095224984 -0.013748033 0.995360255 68.134323120
0.995152295 0.017600415 -0.096753813 -4.748978615 -0.016043995 0.999729216 0.016841026 -0.774609387 0.097024038 -0.015207067 0.995165288 68.899299622
0.994975746 0.020305274 -0.098030828 -4.831006527 -0.019134352 0.999733865 0.012869976 -0.782284617 0.098266087 -0.010929557 0.995099604 69.643936157
0.994844377 0.020460211 -0.099323101 -4.910121918 -0.020006416 0.999784172 0.005562901 -0.789630175 0.099415496 -0.003547121 0.995039105 70.371788025
0.994688034 0.019627230 -0.101041861 -4.976946831 -0.019736847 0.999805033 -0.000085154 -0.797573924 0.101020508 0.002078951 0.994881511 71.065780640
0.994630337 0.020649556 -0.101405233 -5.052311420 -0.020883916 0.999780893 -0.001249912 -0.804557383 0.101357237 0.003360941 0.994843721 71.755859375
0.994487882 0.023490166 -0.102181107 -5.128177643 -0.023373567 0.999723852 0.002338473 -0.818706691 0.102207854 0.000062755 0.994762421 72.421730042
0.994347453 0.023824748 -0.103462458 -5.202847481 -0.023466686 0.999713421 0.004676869 -0.834387422 0.103544272 -0.002222511 0.994621694 73.079910278
0.994319260 0.020706482 -0.104400024 -5.271187782 -0.020670852 0.999785125 0.001423408 -0.845521927 0.104407087 0.000742717 0.994533718 73.718612671
0.994456947 0.012652923 -0.104375273 -5.327253342 -0.013103968 0.999907315 -0.003636730 -0.857647240 0.104319602 0.004984304 0.994530678 74.331642151
0.994595170 0.008717887 -0.103457808 -5.383032322 -0.009639992 0.999917924 -0.008416189 -0.869898438 0.103375964 0.009368036 0.994597554 74.923835754
0.994891167 0.011196210 -0.100326091 -5.446438313 -0.012124348 0.999888957 -0.008646216 -0.880362034 0.100218177 0.009818435 0.994916320 75.502662659
0.995229542 0.016363490 -0.096174717 -5.510165691 -0.016990058 0.999839246 -0.005699520 -0.892811418 0.096066028 0.007306347 0.995347440 76.067405701
0.995686948 0.014987216 -0.091553256 -5.557639599 -0.015288816 0.999879599 -0.002593736 -0.904799759 0.091503404 0.003982293 0.995796084 76.623626709
0.996247232 0.011380078 -0.085796587 -5.594378471 -0.011285329 0.999934912 0.001589289 -0.916863739 0.085809141 -0.000615079 0.996310711 77.167526245
0.996955395 0.007147167 -0.077640377 -5.624091148 -0.006777790 0.999964237 0.005019996 -0.931416869 0.077673540 -0.004478479 0.996968091 77.693031311
0.997693896 0.010848459 -0.066995166 -5.657190323 -0.010550708 0.999932647 0.004796598 -0.939610958 0.067042753 -0.004078686 0.997741103 78.208396912
0.998521984 0.016087648 -0.051905334 -5.686540604 -0.015885623 0.999864340 0.004302415 -0.947295666 0.051967576 -0.003471503 0.998642027 78.710311890
0.999195516 0.021391556 -0.033910073 -5.702291489 -0.021244651 0.999763131 0.004686737 -0.953072369 0.034002364 -0.003962555 0.999413192 79.195976257
0.999729574 0.019924426 -0.011951538 -5.692557812 -0.019865075 0.999789655 0.005064380 -0.957847595 0.012049995 -0.004825588 0.999915004 79.675361633
0.999762654 0.016452400 0.014247374 -5.664481163 -0.016535588 0.999846637 0.005740861 -0.964081109 -0.014150669 -0.005975083 0.999881208 80.140541077
0.998933971 0.015293588 0.043543760 -5.620281219 -0.015616699 0.999852717 0.007089912 -0.972365320 -0.043428846 -0.007762359 0.999025583 80.592742920
0.996969998 0.014808937 0.076358676 -5.561171055 -0.015489969 0.999845088 0.008334296 -0.979753256 -0.076223344 -0.009491831 0.997044802 81.040184021
0.993368506 0.015014709 0.113985650 -5.487889767 -0.016088070 0.999834180 0.008502512 -0.982463717 -0.113839000 -0.010279931 0.993445218 81.488525391
0.987688959 0.015529284 0.155655339 -5.396777153 -0.016996503 0.999822557 0.008099505 -0.984823763 -0.155501857 -0.010645383 0.987777412 81.915733337
0.979551435 0.015216937 0.200615957 -5.280638218 -0.017126739 0.999822795 0.007787422 -0.991959631 -0.200461835 -0.011064073 0.979638159 82.335472107
0.968193114 0.017435614 0.249594823 -5.149321556 -0.019417223 0.999796271 0.005479107 -1.002575278 -0.249448359 -0.010151266 0.968334019 82.740089417
0.952916980 0.018185636 0.302684635 -4.993140697 -0.019834297 0.999800265 0.002373525 -1.013040543 -0.302580923 -0.008265303 0.953086972 83.129920959
0.933378875 0.018577997 0.358410686 -4.814863205 -0.019818496 0.999803364 -0.000212563 -1.018895984 -0.358344078 -0.006904753 0.933563173 83.497810364
0.909522593 0.018809969 0.415228039 -4.613642693 -0.019822896 0.999801517 -0.001870947 -1.032522917 -0.415180713 -0.006529348 0.909714639 83.843971252
0.880589664 0.018729465 0.473508775 -4.404346466 -0.019478695 0.999804437 -0.003322164 -1.049239278 -0.473478347 -0.006297865 0.880782008 84.166938782
0.847159445 0.016821079 0.531072080 -4.167374134 -0.016819721 0.999846458 -0.004838373 -1.068506956 -0.531071842 -0.004833605 0.847312033 84.475715637
0.810537636 0.016818725 0.585444689 -3.907059193 -0.015753064 0.999851704 -0.006914045 -1.075393319 -0.585474014 -0.003618448 0.810682058 84.764587402
0.771129370 0.015519597 0.636488974 -3.629452944 -0.014845879 0.999869049 -0.006393641 -1.086070418 -0.636504650 -0.004518907 0.771258533 85.030670166
0.728860855 0.015052680 0.684495986 -3.339404106 -0.016107583 0.999858320 -0.004836216 -1.093212247 -0.684471548 -0.007500639 0.728999853 85.277786255
0.683761060 0.014194659 0.729567528 -3.034608603 -0.015350204 0.999869049 -0.005067302 -1.099162102 -0.729543626 -0.007734178 0.683889270 85.510002136
0.637325466 0.013276940 0.770479977 -2.716849089 -0.012071680 0.999900639 -0.007244888 -1.103845358 -0.770499289 -0.004683629 0.637422323 85.717514038
0.590949416 0.010918278 0.806634367 -2.388704777 -0.006332501 0.999940157 -0.008895536 -1.111244559 -0.806682885 0.000148804 0.590983093 85.895362854
0.544363678 0.013029573 0.838747740 -2.056911230 -0.008121392 0.999914169 -0.010262289 -1.121196032 -0.838809133 -0.001225375 0.544422686 86.066764832
0.497008204 0.016202359 0.867594182 -1.719926238 -0.011885882 0.999858797 -0.011863493 -1.128641009 -0.867663562 -0.004415861 0.497130543 86.229606628
0.451554745 0.018360514 0.892054081 -1.380021453 -0.012633650 0.999819398 -0.014183469 -1.139726758 -0.892153084 -0.004865277 0.451705098 86.368080139
0.409461200 0.015960032 0.912187576 -1.028182507 -0.005164785 0.999871254 -0.015175836 -1.147615433 -0.912312031 0.001502669 0.409490883 86.479980469
0.369936109 0.008890703 0.929014325 -0.665590405 0.009836313 0.999860466 -0.013485565 -1.151286244 -0.929004252 0.014126875 0.369797021 86.570709229
0.334697157 0.005443205 0.942309737 -0.302001297 0.014263986 0.999839246 -0.010841933 -1.156719446 -0.942216873 0.017069856 0.334565699 86.662239075
0.301511347 0.009587267 0.953414142 0.058664232 0.011823205 0.999834657 -0.013793090 -1.165526271 -0.953388333 0.015431184 0.301348180 86.758300781
0.270185381 0.017078985 0.962656558 0.423419833 0.001087881 0.999836266 -0.018043956 -1.182640672 -0.962806702 0.005922474 0.270122617 86.861351013
0.241898417 0.021301974 0.970067441 0.801874876 -0.003775795 0.999771714 -0.021012733 -1.204657078 -0.970293283 0.001420179 0.241923705 86.945831299
0.216321573 0.022968888 0.976051688 1.193673849 -0.002515113 0.999732673 -0.022968752 -1.223038197 -0.976318002 0.002513764 0.216321573 87.012710571
0.193018496 0.024378233 0.980891943 1.593674183 0.004970898 0.999653876 -0.025822705 -1.235741735 -0.981181562 0.009860179 0.192830563 87.065803528
0.173014760 0.030814918 0.984436750 2.001846552 0.011915725 0.999371529 -0.033376608 -1.236894369 -0.984846175 0.017504927 0.172538891 87.112068176
0.153196305 0.037577204 0.987480760 2.420945406 0.013841939 0.999096811 -0.040166669 -1.241846085 -0.988097847 0.019822037 0.152537867 87.164070129
0.135488480 0.038442332 0.990032554 2.855651855 0.011453400 0.999119163 -0.040362597 -1.257682204 -0.990711749 0.016807912 0.134928942 87.221427917
0.119986720 0.034014497 0.992192268 3.309025049 0.009279860 0.999330521 -0.035381440 -1.286291838 -0.992731094 0.013452717 0.119590841 87.273002625
0.105526626 0.030777916 0.993939757 3.776645899 0.009473547 0.999444127 -0.031954177 -1.309709311 -0.994370282 0.012788160 0.105176508 87.314361572
0.092335440 0.028322168 0.995324731 4.260822773 0.011837863 0.999493241 -0.029538978 -1.330822468 -0.995656610 0.014510022 0.091953494 87.348724365
0.080726735 0.027553178 0.996354997 4.757496834 0.015361386 0.999464393 -0.028883785 -1.350391626 -0.996616900 0.017637096 0.080260366 87.378143311
0.070713125 0.028203685 0.997097492 5.269653797 0.018578630 0.999389231 -0.029586094 -1.367831469 -0.997322679 0.020616839 0.070146076 87.402038574
0.062857985 0.028808827 0.997606218 5.792218208 0.020596748 0.999332607 -0.030156465 -1.386522055 -0.997808874 0.022443026 0.062222790 87.429550171
0.057357922 0.029209308 0.997925937 6.339775085 0.022278978 0.999285221 -0.030529633 -1.405659080 -0.998104036 0.023983894 0.056666292 87.454193115
0.051796816 0.030293869 0.998197675 6.901681900 0.023544641 0.999224603 -0.031546779 -1.425632477 -0.998379111 0.025136238 0.051043518 87.478378296
0.045811016 0.031036705 0.998467505 7.479083061 0.024044853 0.999193072 -0.032162476 -1.446318507 -0.998659790 0.025481407 0.045027897 87.505424500
0.041463733 0.031018110 0.998658001 8.074777603 0.026607119 0.999128938 -0.032137454 -1.470873952 -0.998784781 0.027903959 0.040602434 87.526023865
0.038644422 0.031001180 0.998771608 8.694725990 0.028061818 0.999090433 -0.032096848 -1.494492531 -0.998858035 0.029267719 0.037739441 87.545974731
0.035619959 0.030574366 0.998897195 9.332736969 0.028993811 0.999079227 -0.031613842 -1.518994570 -0.998943865 0.030087927 0.034700815 87.566871643
0.033315487 0.029972496 0.998994946 9.989670753 0.031226287 0.999030769 -0.031014938 -1.542802215 -0.998956084 0.032228190 0.032347385 87.584899902
0.032647301 0.029716082 0.999024689 10.653827667 0.035423588 0.998895288 -0.030869849 -1.566336513 -0.998838067 0.036396869 0.031558700 87.601791382
0.033688270 0.029413251 0.998999059 11.344025612 0.038591113 0.998782933 -0.030708259 -1.590306044 -0.998686194 0.039587006 0.032512292 87.619560242
0.036123507 0.029368365 0.998915255 12.051593781 0.040272079 0.998713195 -0.030818772 -1.614429355 -0.998534620 0.041341692 0.034894411 87.642341614
0.040050253 0.029300492 0.998767495 12.776047707 0.042690359 0.998606920 -0.031007648 -1.640341878 -0.998284340 0.043879621 0.038743719 87.669242859
0.044411935 0.028897110 0.998594820 13.510223389 0.043000519 0.998599768 -0.030809673 -1.667458057 -0.998086512 0.044308428 0.043107260 87.702552795
0.048426896 0.027217014 0.998455405 14.263198853 0.044518284 0.998576343 -0.029379526 -1.694545984 -0.997833192 0.045872293 0.047146402 87.738784790
0.052418243 0.025646720 0.998295367 15.017944336 0.044329096 0.998624861 -0.027982803 -1.723661304 -0.997639894 0.045720354 0.051209368 87.780616760
0.056593366 0.023582280 0.998118281 15.791511536 0.041202240 0.998814046 -0.025934882 -1.749962687 -0.997545898 0.042592466 0.055554703 87.830535889
0.060670085 0.022524476 0.997903168 16.581958771 0.040553581 0.998864174 -0.025011720 -1.774939537 -0.997332871 0.041986030 0.059687816 87.882637024
0.064827293 0.023549907 0.997618020 17.373218536 0.038003672 0.998937845 -0.026050614 -1.802824378 -0.997171700 0.039601963 0.063863546 87.939422607
0.067924850 0.027574854 0.997308791 18.156259537 0.035850171 0.998904824 -0.030060668 -1.835312605 -0.997045159 0.037795581 0.066861980 87.995773315
0.069285460 0.032984093 0.997050941 18.937906265 0.029894901 0.998935640 -0.035123844 -1.866654634 -0.997147918 0.032240339 0.068225734 88.057685852
0.069230862 0.036089439 0.996947169 19.736436844 0.027258927 0.998903811 -0.038053200 -1.903142929 -0.997227311 0.029810194 0.068171278 88.114646912
0.069429323 0.035679802 0.996948123 20.537776947 0.025142627 0.998980105 -0.037503496 -1.940057755 -0.997269094 0.027669767 0.068461493 88.175697327
0.069608070 0.034164030 0.996988714 21.346618652 0.022702185 0.999100208 -0.035821404 -1.977123260 -0.997315168 0.025127310 0.068769902 88.235328674
0.069388561 0.032973588 0.997044086 22.167392731 0.023656590 0.999118030 -0.034688532 -2.015278101 -0.997308254 0.025993682 0.068547383 88.298095703
0.069921531 0.032471668 0.997023344 22.969367981 0.021163290 0.999196708 -0.034026634 -2.053332329 -0.997327030 0.023479523 0.069178224 88.354949951
0.070157371 0.032865491 0.996993899 23.775135040 0.019570043 0.999219298 -0.034315966 -2.092824697 -0.997342944 0.021918764 0.069459483 88.413902283
0.070255890 0.033481438 0.996966422 24.582464218 0.016525732 0.999260187 -0.034723029 -2.134538174 -0.997391105 0.018915135 0.069650680 88.475593567
0.069169976 0.034915335 0.996993184 25.386838913 0.013866263 0.999257028 -0.035956636 -2.173242331 -0.997507572 0.016311726 0.068634517 88.535827637
0.066230632 0.034638695 0.997202396 26.200031281 0.010865481 0.999312818 -0.035433646 -2.212629795 -0.997744262 0.013181913 0.065808833 88.599723816
0.062225889 0.033523556 0.997498393 27.005630493 0.008544528 0.999381125 -0.034119848 -2.250177860 -0.998024583 0.010646327 0.061901014 88.657722473
0.057253737 0.031160681 0.997872710 27.817556381 0.006635305 0.999478757 -0.031591531 -2.287495375 -0.998336613 0.008429960 0.057017211 88.713813782
0.050956644 0.029127266 0.998275518 28.623893738 0.004610437 0.999557018 -0.029399987 -2.326776981 -0.998689234 0.006100649 0.050799862 88.760475159
0.043573208 0.029372139 0.998617887 29.426456451 0.004370032 0.999552548 -0.029590301 -2.363839149 -0.999039710 0.005653374 0.043425437 88.797012329
0.034986429 0.030420184 0.998924255 30.220743179 0.004194219 0.999523282 -0.030585319 -2.400378466 -0.999378026 0.005259816 0.034842245 88.824264526
0.025143340 0.030955805 0.999204040 31.018899918 0.005188694 0.999502838 -0.031095622 -2.433295727 -0.999669433 0.005966449 0.024970310 88.843574524
0.014817884 0.030042576 0.999438405 31.823394775 0.006858784 0.999521852 -0.030146772 -2.466724396 -0.999865711 0.007301680 0.014604840 88.858917236
0.003879955 0.028993573 0.999571741 32.622108459 0.006140362 0.999559939 -0.029017067 -2.501402378 -0.999972641 0.006250354 0.003700320 88.866210938
-0.007069119 0.028312011 0.999573767 33.392799377 0.007868120 0.999569595 -0.028256249 -2.533902884 -0.999943078 0.007665056 -0.007288731 88.855133057
-0.018159952 0.028822107 0.999419153 34.173835754 0.008469714 0.999552846 -0.028672062 -2.562479734 -0.999798238 0.007944148 -0.018395832 88.842842102
-0.029158324 0.029331867 0.999143958 34.956745148 0.008691229 0.999538898 -0.029089822 -2.599824190 -0.999535978 0.007835615 -0.029399689 88.817855835
-0.039745625 0.030491360 0.998744130 35.726795197 0.008264204 0.999510050 -0.030185862 -2.633640528 -0.999174595 0.007054108 -0.039978012 88.787643433
-0.049839046 0.031409640 0.998262882 36.486606598 0.009350034 0.999476135 -0.030981006 -2.671000004 -0.998712480 0.007789766 -0.050106488 88.743446350
-0.059355505 0.032106530 0.997720063 37.254356384 0.010274713 0.999449193 -0.031550918 -2.706234694 -0.998183072 0.008378604 -0.059652563 88.696090698
-0.069014557 0.032692965 0.997079432 38.007015228 0.011441817 0.999422908 -0.031977843 -2.737662077 -0.997549117 0.009201500 -0.069348663 88.642333984
-0.078330696 0.033130366 0.996376395 38.747753143 0.012313194 0.999403417 -0.032263011 -2.772629499 -0.996850491 0.009741428 -0.078691766 88.581581116
-0.086839616 0.032705329 0.995684922 39.476196289 0.013616644 0.999406457 -0.031639982 -2.806393623 -0.996128321 0.010810320 -0.087233260 88.512481689
-0.094122469 0.031642746 0.995057285 40.205215454 0.015357266 0.999421895 -0.030328898 -2.840361834 -0.995441258 0.012426766 -0.094553843 88.440559387
-0.099280842 0.029980367 0.994607389 40.928302765 0.018078921 0.999435306 -0.028321277 -2.874579668 -0.994894266 0.015169706 -0.099766627 88.364654541
-0.102983676 0.028246969 0.994281590 41.626132965 0.020827971 0.999438703 -0.026236208 -2.908790588 -0.994463980 0.018007003 -0.103514031 88.286071777
-0.105555981 0.027368417 0.994036376 42.338779449 0.022739500 0.999426186 -0.025102127 -2.934410095 -0.994152308 0.019954244 -0.106117591 88.207092285
-0.107440367 0.026579585 0.993855894 43.028694153 0.022702856 0.999447525 -0.024274847 -2.963755131 -0.993951261 0.019955304 -0.107984267 88.137039185
-0.108208522 0.026964869 0.993762195 43.686836243 0.023401480 0.999424160 -0.024570370 -2.994331837 -0.993851721 0.020596815 -0.108777054 88.067283630
-0.107459471 0.027913773 0.993817270 44.345806122 0.023942148 0.999388576 -0.025481442 -3.024610996 -0.993920147 0.021055931 -0.108061902 87.999603271
-0.104355253 0.029649545 0.994097769 44.972522736 0.025055002 0.999316692 -0.027175058 -3.051646709 -0.994223475 0.022071293 -0.105026633 87.933403015
-0.099159300 0.030196829 0.994612992 45.588714600 0.025285317 0.999293208 -0.027818067 -3.078648329 -0.994749308 0.022390718 -0.099852577 87.876007080
-0.091280065 0.030898184 0.995345533 46.192581177 0.024540659 0.999284863 -0.028769923 -3.106755495 -0.995521963 0.021800349 -0.091972865 87.830024719
-0.080306865 0.030871909 0.996291757 46.784164429 0.023292504 0.999305546 -0.029087786 -3.135155439 -0.996497154 0.020870214 -0.080970004 87.795860291
-0.066717803 0.031079186 0.997287512 47.343341827 0.022217199 0.999313354 -0.029656002 -3.165862083 -0.997523606 0.020178387 -0.067362323 87.770576477
-0.049641512 0.032344643 0.998243034 47.885356903 0.021134814 0.999285817 -0.031327419 -3.195756912 -0.998542488 0.019542577 -0.050289519 87.758514404
-0.028571224 0.034981772 0.998979270 48.418788910 0.019341592 0.999219775 -0.034437019 -3.222459555 -0.999403656 0.018337978 -0.029225416 87.760688782
-0.003959283 0.038163152 0.999263465 48.925758362 0.017397881 0.999122977 -0.038088854 -3.247135162 -0.999839842 0.017234301 -0.004619675 87.775581360
0.024073042 0.039792977 0.998917699 49.445316315 0.015043676 0.999080062 -0.040161982 -3.276566744 -0.999596059 0.015994254 0.023452334 87.811393738
0.057098731 0.038889229 0.997610629 49.956203461 0.012309155 0.999137819 -0.039653286 -3.308770418 -0.998291731 0.014543936 0.056570850 87.862510681
0.095071599 0.036179502 0.994812548 50.465576172 0.010854670 0.999242365 -0.037377965 -3.338958263 -0.995410383 0.014351983 0.094606861 87.932411194
0.136932299 0.032364234 0.990051329 50.962394714 0.008466941 0.999391496 -0.033840612 -3.366610050 -0.990543365 0.013016618 0.136574924 88.027557373
0.182672769 0.027941838 0.982776403 51.454975128 0.005462786 0.999551892 -0.029434185 -3.394477129 -0.983157694 0.010745561 0.182438210 88.141525269
0.230573088 0.024748577 0.972739995 51.935562134 0.000507956 0.999673367 -0.025554229 -3.419006824 -0.973053992 0.006386269 0.230485126 88.291191101
0.281942308 0.023420131 0.959145248 52.402629852 -0.003672839 0.999721110 -0.023331271 -3.440154314 -0.959423423 0.003055332 0.281949550 88.463470459
0.336131603 0.023383075 0.941524506 52.846580505 -0.005060167 0.999722242 -0.023021923 -3.456152439 -0.941800535 0.002974170 0.336156338 88.661544800
0.393585742 0.023729991 0.918981373 53.285861969 -0.003706014 0.999699652 -0.024227085 -3.476295233 -0.919279516 0.006129719 0.393555194 88.886444092
0.453439802 0.026794316 0.890883803 53.695446014 -0.003185659 0.999590456 -0.028442368 -3.498020411 -0.891280293 0.010058889 0.453339100 89.129898071
0.512833416 0.029039495 0.857996583 54.085670471 -0.002161240 0.999468386 -0.032535918 -3.527531862 -0.858484507 0.014831204 0.512623072 89.399826050
0.570775330 0.033115931 0.820437968 54.451625824 -0.006427564 0.999336123 -0.035865303 -3.545201063 -0.821080208 0.015197648 0.570608675 89.700973511
0.626299262 0.035061713 0.778793633 54.791656494 -0.009526574 0.999257922 -0.037325956 -3.567527533 -0.779523671 0.015958019 0.626167834 90.030113220
0.679215729 0.035804730 0.733064532 55.107711792 -0.011182316 0.999198377 -0.038442504 -3.582769871 -0.733852625 0.017913429 0.679070950 90.371383667
0.727802157 0.033585701 0.684963942 55.382759094 -0.011510169 0.999257743 -0.036766399 -3.602687359 -0.685689688 0.018874649 0.727647781 90.718612671
0.772961617 0.029031422 0.633787870 55.647037506 -0.012674088 0.999459863 -0.030324291 -3.626180172 -0.634325325 0.015406870 0.772911310 91.100799561
0.814203799 0.023720648 0.580093861 55.892330170 -0.012933229 0.999658167 -0.022724366 -3.639862537 -0.580434203 0.010999823 0.814231575 91.506912231
0.850296080 0.021235479 0.525875449 56.102146149 -0.015026644 0.999757886 -0.016074628 -3.651097059 -0.526089191 0.005766099 0.850408673 91.928924561
0.881172538 0.017403526 0.472473592 56.295478821 -0.015268374 0.999848604 -0.008353541 -3.663172722 -0.472547174 0.000147061 0.881304204 92.371551514
0.906424105 0.017769612 0.421993852 56.450557709 -0.018438822 0.999826968 -0.002495658 -3.677205324 -0.421964943 -0.005518887 0.906594217 92.808441162
0.926317096 0.019663624 0.376230448 56.589702606 -0.021794174 0.999761581 0.001407041 -3.689209461 -0.376112878 -0.009502938 0.926523983 93.255043030
0.941343129 0.025624407 0.336475730 56.704479218 -0.028764330 0.999576867 0.004349595 -3.699012756 -0.336221725 -0.013772897 0.941681027 93.710403442
0.953016579 0.030226726 0.301405340 56.810268402 -0.032822434 0.999454975 0.003550261 -3.700202465 -0.301133633 -0.013276254 0.953488410 94.163955688
0.962168932 0.032035321 0.270562440 56.917057037 -0.034357700 0.999402285 0.003850277 -3.700619698 -0.270277321 -0.013000461 0.962693572 94.628662109
0.968263149 0.026488354 0.248524040 57.030899048 -0.028459409 0.999585629 0.004340912 -3.705401659 -0.248306051 -0.011275935 0.968614876 95.098510742
0.972210050 0.023757255 0.232900381 57.139377594 -0.025655098 0.999657869 0.005122454 -3.712240219 -0.232698962 -0.010955126 0.972486019 95.580810547
0.975033760 0.028177138 0.220260173 57.232349396 -0.029979376 0.999538898 0.004843195 -3.714862585 -0.220022127 -0.011325483 0.975428045 96.071914673
0.976979554 0.033571683 0.210673526 57.320537567 -0.035478402 0.999356568 0.005276366 -3.711961269 -0.210360855 -0.012629203 0.977541149 96.570632935
0.977947891 0.041392908 0.204704374 57.407287598 -0.043116953 0.999062181 0.003966939 -3.712796211 -0.204348221 -0.012705632 0.978814662 97.084808350
0.978302240 0.047047846 0.201768458 57.501796722 -0.048099309 0.998842537 0.000308651 -3.715307236 -0.201520428 -0.010006825 0.979432046 97.607429504
0.978423655 0.048331279 0.200874299 57.606449127 -0.048902426 0.998801351 -0.002121001 -3.725224495 -0.200736061 -0.007747951 0.979613543 98.133682251
0.977994382 0.046957798 0.203276277 57.723785400 -0.046781391 0.998889089 -0.005675490 -3.733330488 -0.203316987 -0.003958900 0.979103744 98.669815063
0.977281690 0.045272812 0.207051158 57.842727661 -0.043684207 0.998970449 -0.012240594 -3.736926079 -0.207392171 0.002917686 0.978252292 99.215339661
0.976363122 0.045931712 0.211198226 57.962776184 -0.043323673 0.998917103 -0.016961979 -3.744257450 -0.211748630 0.007411205 0.977294803 99.763832092
0.975167513 0.050728332 0.215579093 58.081428528 -0.048300050 0.998696208 -0.016520897 -3.755944729 -0.216136128 0.005698198 0.976345360 100.342826843
0.973747075 0.053608146 0.221228912 58.210029602 -0.052111600 0.998561740 -0.012600234 -3.767316341 -0.221586242 0.000740889 0.975139260 100.939170837
0.972844541 0.050398145 0.225905046 58.351177216 -0.049864624 0.998723328 -0.008071059 -3.777735472 -0.226023436 -0.003412737 0.974114656 101.542343140
0.972169638 0.045925766 0.229731366 58.499847412 -0.046591476 0.998910725 -0.002528795 -3.788097620 -0.229597315 -0.008245053 0.973249555 102.151763916
0.971399248 0.043304201 0.233469039 58.647911072 -0.045018159 0.998984039 0.002014724 -3.796053410 -0.233144641 -0.012467390 0.972360909 102.772865295
0.970869482 0.038722564 0.236458138 58.800884247 -0.040485498 0.999176621 0.002602722 -3.800843477 -0.236162707 -0.012099970 0.971636951 103.401451111
0.970960200 0.035318788 0.236618519 58.963935852 -0.036236245 0.999342978 -0.000471883 -3.807847738 -0.236479789 -0.008115929 0.971601248 104.041313171
0.971066713 0.034619574 0.236284330 59.121177673 -0.033809926 0.999400079 -0.007478846 -3.817107439 -0.236401573 -0.000726245 0.971653938 104.692687988
0.971197248 0.036839984 0.235410497 59.276382446 -0.034481242 0.999305189 -0.014129899 -3.825779438 -0.235767573 0.005605720 0.971792042 105.347061157
0.971719146 0.039777525 0.232763991 59.427104950 -0.036612034 0.999168873 -0.017906012 -3.833305836 -0.233282879 0.008877696 0.972367108 106.014358521
0.972356439 0.038126215 0.230366588 59.590938568 -0.035944309 0.999260128 -0.013662374 -3.843444824 -0.230717137 0.005004376 0.973006725 106.708503723
0.972791433 0.034114704 0.229155883 59.753616333 -0.033602588 0.999416113 -0.006137757 -3.856887341 -0.229231566 -0.001729422 0.973369122 107.410774231
0.973369956 0.034441765 0.226636514 59.915615082 -0.035315614 0.999375880 -0.000199182 -3.872131586 -0.226502016 -0.007809875 0.973978102 108.125213623
0.973647892 0.037763733 0.224906921 60.072937012 -0.038572844 0.999255180 -0.000797064 -3.883639812 -0.224769592 -0.007899186 0.974378705 108.849288940
0.973890960 0.043614350 0.222786099 60.223449707 -0.043498918 0.999038398 -0.005427779 -3.891110420 -0.222808689 -0.004404839 0.974851072 109.579421997
0.974727988 0.044526190 0.218911275 60.380741119 -0.043231823 0.999007404 -0.010701813 -3.899978161 -0.219170585 0.000967472 0.975684881 110.320045471
0.975658119 0.043267719 0.214984760 60.542774200 -0.041326758 0.999053895 -0.013517307 -3.908576727 -0.215366334 0.004303695 0.976522624 111.069686890
0.976561308 0.041217238 0.211254522 60.702316284 -0.039575830 0.999144256 -0.011993873 -3.922475100 -0.211568192 0.003352228 0.977356255 111.837371826
0.977423608 0.037584484 0.207918093 60.866268158 -0.036304638 0.999290705 -0.009969477 -3.937179327 -0.208145425 0.002196060 0.978094220 112.618247986
0.977829397 0.036487676 0.206198335 61.029102325 -0.035771616 0.999333680 -0.007201038 -3.955362797 -0.206323802 -0.000334612 0.978482544 113.408470154
0.978196561 0.033350632 0.204984710 61.198112488 -0.033038877 0.999441504 -0.004944301 -3.966251612 -0.205035239 -0.001935916 0.978751481 114.199920654
0.978422105 0.028184406 0.204683542 61.366161346 -0.028013064 0.999600291 -0.003735309 -3.974475622 -0.204707101 -0.002079052 0.978819847 114.995048523
0.978533685 0.029156309 0.204012811 61.525215149 -0.029327182 0.999567211 -0.002186484 -3.986258268 -0.203988358 -0.003843520 0.978964567 115.788063049
0.978241980 0.034729484 0.204538092 61.677253723 -0.034610957 0.999391913 -0.004158087 -3.998942614 -0.204558223 -0.003011593 0.978848577 116.597419739
0.977917373 0.040558528 0.205017000 61.837306976 -0.039884444 0.999176443 -0.007421080 -4.014396667 -0.205149233 -0.000919737 0.978729129 117.404296875
0.977314353 0.049478292 0.205932021 61.994049072 -0.048658278 0.998774230 -0.009047767 -4.027675629 -0.206127360 -0.001177739 0.978523314 118.229354858
0.976414263 0.055162601 0.208738402 62.158004761 -0.054617651 0.998471856 -0.008378303 -4.041690350 -0.208881706 -0.003220061 0.977934480 119.035606384
0.975611627 0.057929136 0.211720824 62.321693420 -0.057893239 0.998302102 -0.006373918 -4.060562134 -0.211730719 -0.006038689 0.977308214 119.866645813
0.975030065 0.058413543 0.214251757 62.504516602 -0.058247339 0.998276651 -0.007094457 -4.078876972 -0.214297086 -0.005562239 0.976751506 120.708763123
0.974729061 0.056906685 0.216019601 62.687145233 -0.056111883 0.998375952 -0.009815823 -4.095044613 -0.216227502 -0.002553453 0.976338446 121.533355713
0.974706471 0.050983217 0.217595115 62.872833252 -0.050326195 0.998695791 -0.008564039 -4.112530708 -0.217748091 -0.002603261 0.976000309 122.379928589
0.975004137 0.044353951 0.217713922 63.065750122 -0.043222386 0.999015510 -0.009959486 -4.133901119 -0.217941478 0.000300474 0.975960553 123.200820923
0.974764645 0.043640777 0.218927190 63.252010345 -0.042479668 0.999046862 -0.010010376 -4.156721115 -0.219155535 0.000457855 0.975688577 124.035453796
0.974210501 0.046394959 0.220819205 63.440147400 -0.045976456 0.998917401 -0.007037552 -4.172676086 -0.220906809 -0.003296377 0.975288093 124.878425598
0.973774254 0.048480619 0.222290531 63.614654541 -0.049394075 0.998777926 -0.001451882 -4.185387611 -0.222089440 -0.009565975 0.974978089 125.711502075
0.973405242 0.051872294 0.223139703 63.790271759 -0.053861622 0.998543918 0.002833942 -4.201782703 -0.222667992 -0.014777182 0.974781096 126.524307251
0.973191082 0.051296100 0.224204287 63.974838257 -0.051803935 0.998650253 -0.003620747 -4.217162132 -0.224087581 -0.008090932 0.974534154 127.353820801
0.973487258 0.047306459 0.223795339 64.162231445 -0.044446271 0.998852670 -0.017803565 -4.237811089 -0.224380970 0.007384722 0.974472225 128.160018921
