1.000000000 0.000000000 0.000000000 0.000000000 0.000000000 1.000000000 0.000000000 0.000000000 0.000000000 0.000000000 1.000000000 0.000000000
0.999990642 -0.002627616 -0.003430295 -0.000508989 0.002620387 0.999994338 -0.002110330 -0.005402525 0.003435821 0.002101321 0.999991894 0.670555055
0.999970496 -0.001406626 -0.007546663 -0.009627399 0.001379579 0.999992609 -0.003587957 -0.011486225 0.007551654 0.003577440 0.999965131 1.352366447
0.999933839 -0.001399662 -0.011415465 -0.025339916 0.001342216 0.999986351 -0.005038416 -0.016188789 0.011422362 0.005022761 0.999922216 2.058473349
0.999867976 0.000137095 -0.016244942 -0.043937616 -0.000228582 0.999984086 -0.005629992 -0.022000194 0.016243914 0.005632962 0.999852240 2.785588026
0.999782443 -0.000898975 -0.020835303 -0.058199164 0.000774806 0.999981880 -0.005966868 -0.028263800 0.020840291 0.005949427 0.999765158 3.523517132
0.999675393 0.001056225 -0.025451727 -0.080373362 -0.001237771 0.999973893 -0.007118247 -0.040710751 0.025443548 0.007147441 0.999650776 4.278662682
0.999532521 0.003724795 -0.030341558 -0.109756574 -0.003959129 0.999962747 -0.007666756 -0.049466580 0.030311875 0.007783299 0.999510288 5.037967205
0.999388635 0.003997425 -0.034728616 -0.140038922 -0.004210555 0.999972761 -0.006066026 -0.059066262 0.034703426 0.006208545 0.999378502 5.814557552
0.999226689 0.003260432 -0.039181203 -0.175128654 -0.003394103 0.999988675 -0.003345583 -0.069424361 0.039169855 0.003475981 0.999226630 6.606699467
0.999080718 0.002973246 -0.042762280 -0.210257843 -0.003006953 0.999995291 -0.000723961 -0.082014047 0.042759925 0.000851879 0.999085128 7.421020508
0.998960078 0.004703159 -0.045346092 -0.254687130 -0.004765279 0.999987900 -0.001261909 -0.093754888 0.045339610 0.001476683 0.998970628 8.233825684
0.998856604 0.004103241 -0.047625557 -0.296389222 -0.004176045 0.999990284 -0.001429301 -0.103915244 0.047619235 0.001626553 0.998864293 9.051411629
0.998776734 0.001067974 -0.049431574 -0.333855510 -0.001163832 0.999997497 -0.001910526 -0.111495815 0.049429417 0.001965719 0.998775780 9.887756348
0.998657286 0.001065900 -0.051788192 -0.374340594 -0.001120255 0.999998808 -0.001020581 -0.122175619 0.051787052 0.001077226 0.998657703 10.723486900
0.998577833 -0.000329619 -0.053307440 -0.418599993 0.000266947 0.999999225 -0.001182827 -0.133898258 0.053307801 0.001166914 0.998577535 11.568162918
0.998477936 0.002065040 -0.055108827 -0.470964700 -0.002257584 0.999991477 -0.003431882 -0.147278622 0.055101287 0.003551072 0.998474538 12.427412987
0.998393655 0.002726616 -0.056587424 -0.522562504 -0.003072896 0.999976993 -0.006033298 -0.159414411 0.056569688 0.006197496 0.998379529 13.284920692
0.998273611 0.006808707 -0.058333565 -0.581485868 -0.007270662 0.999943733 -0.007710635 -0.169848010 0.058277801 0.008121450 0.998267472 14.157331467
0.998214245 0.007686125 -0.059234083 -0.639525294 -0.008137148 0.999939561 -0.007376838 -0.183450505 0.059173822 0.007845664 0.998216927 15.044410706
0.998135507 0.007152695 -0.060612388 -0.693701029 -0.007525878 0.999953985 -0.005930860 -0.196953118 0.060567196 0.006375965 0.998143792 15.921233177
0.998034418 0.007992388 -0.062153034 -0.751622796 -0.008289169 0.999955356 -0.004518651 -0.209517211 0.062114164 0.005024968 0.998056412 16.814880371
0.997975767 0.007692891 -0.063125037 -0.811165571 -0.007981003 0.999958754 -0.004313296 -0.225494817 0.063089266 0.004808368 0.997996330 17.719348907
0.997857332 0.007538481 -0.064988509 -0.869596064 -0.007898686 0.999954700 -0.005287468 -0.237082705 0.064945720 0.005789464 0.997872055 18.624832153
0.997792065 0.005962885 -0.066144027 -0.929096997 -0.006381560 0.999960780 -0.006120307 -0.248877227 0.066104956 0.006528899 0.997791350 19.521673203
0.997749031 0.005821913 -0.066802263 -0.990573406 -0.006133387 0.999971092 -0.004458521 -0.259830862 0.066774398 0.004858211 0.997756302 20.451341629
0.997733891 0.007087465 -0.066905819 -1.053213716 -0.007165913 0.999973774 -0.000932620 -0.276816338 0.066897474 0.001409949 0.997758925 21.361999512
0.997781157 0.008018333 -0.066090807 -1.119366646 -0.007851110 0.999965131 0.002789537 -0.287664771 0.066110894 -0.002264463 0.997809768 22.291618347
0.997892082 0.006959699 -0.064517379 -1.183444738 -0.006601664 0.999961436 0.005760944 -0.298642248 0.064555004 -0.005322881 0.997900009 23.225166321
0.997986197 0.007323800 -0.063003987 -1.248739004 -0.006929136 0.999954820 0.006480294 -0.305937886 0.063048624 -0.006030684 0.997992277 24.172912598
0.998072028 0.007583273 -0.061597172 -1.309763193 -0.007361727 0.999965429 0.003822795 -0.317443013 0.061624050 -0.003361966 0.998093784 25.107233047
0.998127401 0.008658009 -0.060548667 -1.375898600 -0.008731496 0.999961257 -0.000949252 -0.327547818 0.060538113 0.001476154 0.998164833 26.032733917
0.998204887 0.007942812 -0.059356932 -1.434048533 -0.008183753 0.999959052 -0.003817235 -0.342134804 0.059324190 0.004296146 0.998229563 26.969182968
0.998259842 0.005439688 -0.058710743 -1.485858798 -0.005611272 0.999980271 -0.002758114 -0.353701264 0.058694590 0.003082756 0.998271286 27.911479950
0.998254478 0.003768892 -0.058932852 -1.546618938 -0.003637848 0.999990463 0.002330679 -0.369443566 0.058941089 -0.002112226 0.998259246 28.889823914
0.998205721 -0.000032910 -0.059871051 -1.600921512 0.000393560 0.999981642 0.006011923 -0.389350951 0.059869766 -0.006024704 0.998188019 29.870569229
0.998111188 -0.007514064 -0.060965296 -1.654779196 0.007866105 0.999953508 0.005536412 -0.399795592 0.060920876 -0.006005520 0.998124540 30.817792892
0.998008490 -0.009434627 -0.062363669 -1.715197086 0.009555688 0.999952734 0.001643140 -0.406469405 0.062345237 -0.002235798 0.998052120 31.791120529
0.997920215 -0.009145672 -0.063802831 -1.776790023 0.009014802 0.999956310 -0.002338830 -0.416338563 0.063821457 0.001758795 0.997959793 32.765510559
0.997790694 -0.007854565 -0.065964088 -1.846664667 0.007686379 0.999966204 -0.002803143 -0.430942386 0.065983906 0.002289924 0.997818053 33.742992401
0.997750759 -0.008109762 -0.066534899 -1.913852930 0.008048990 0.999966562 -0.001181500 -0.448205531 0.066542290 0.000643302 0.997783363 34.726306915
0.997669458 -0.005073665 -0.068038017 -1.983232260 0.005207880 0.999984443 0.001795333 -0.465398550 0.068027891 -0.002145486 0.997681081 35.708789825
0.997606456 -0.005309598 -0.068936840 -2.058151245 0.005534239 0.999979615 0.003067976 -0.473966986 0.068919182 -0.003442150 0.997616291 36.700534821
0.997538865 -0.004155800 -0.069986202 -2.130966663 0.004564981 0.999973059 0.005687559 -0.481477439 0.069960721 -0.005993054 0.997531712 37.676815033
0.997568250 -0.004536086 -0.069542043 -2.212049484 0.005150820 0.999948859 0.008662878 -0.484630346 0.069499239 -0.009000019 0.997541368 38.669452667
0.997523189 0.001197561 -0.070321813 -2.287045956 -0.000416732 0.999937773 0.011117173 -0.491126388 0.070330799 -0.011060344 0.997462332 39.648464203
0.997533321 0.001268154 -0.070177704 -2.371942759 -0.000542387 0.999945819 0.010359835 -0.491221905 0.070187084 -0.010296226 0.997480631 40.650207520
0.997552037 0.001215843 -0.069912009 -2.452781916 -0.000608445 0.999961495 0.008708577 -0.494014800 0.069919936 -0.008644729 0.997515082 41.657833099
0.997543395 0.003437974 -0.069961421 -2.529183865 -0.002986918 0.999973655 0.006550706 -0.498235762 0.069982134 -0.006325652 0.997528136 42.630313873
0.997477591 0.003102378 -0.070908636 -2.600363970 -0.002640989 0.999974310 0.006599546 -0.503240287 0.070927329 -0.006395638 0.997460902 43.621063232
0.997389436 0.000818261 -0.072200172 -2.676148176 -0.000236933 0.999967039 0.008059716 -0.512651563 0.072204433 -0.008021577 0.997357488 44.608505249
0.997328579 0.001458142 -0.073026046 -2.749644995 -0.000798239 0.999958158 0.009064813 -0.520485461 0.073036261 -0.008982314 0.997288764 45.597919464
0.997310877 0.003978106 -0.073173545 -2.827076435 -0.003588537 0.999978244 0.005454502 -0.530078173 0.073193699 -0.005177254 0.997304201 46.563537598
0.997245371 0.004655271 -0.074021399 -2.906736135 -0.004567950 0.999988198 0.001348837 -0.540057659 0.074026853 -0.001006999 0.997255623 47.517650604
0.997184336 0.005502269 -0.074781820 -2.982105732 -0.005509637 0.999984384 0.000107681 -0.551414371 0.074781291 0.000304640 0.997199774 48.480148315
0.997180164 0.004122153 -0.074926354 -3.054310322 -0.003863344 0.999985635 0.003598702 -0.564335227 0.074940152 -0.003299093 0.997182429 49.452590942
0.997166693 0.002244343 -0.075184099 -3.125567675 -0.001731910 0.999974430 0.006880131 -0.577858925 0.075197659 -0.006730433 0.997145772 50.429927826
0.997131824 0.000238842 -0.075678073 -3.197391033 0.000338869 0.999970496 0.007620764 -0.588811874 0.075677693 -0.007624560 0.997102976 51.386295319
0.997105718 -0.002519693 -0.075979486 -3.270360947 0.003017715 0.999974310 0.006440510 -0.600256383 0.075961336 -0.006651162 0.997088373 52.342601776
0.997075319 -0.004633847 -0.076277830 -3.341570854 0.005034249 0.999974132 0.005057727 -0.610342920 0.076252453 -0.005426944 0.997073531 53.282222748
0.996976972 -0.006255927 -0.077438764 -3.413757086 0.006764587 0.999956787 0.006307878 -0.621242881 0.077395998 -0.006812659 0.996976912 54.228099823
0.996874869 -0.009240923 -0.078448176 -3.485641718 0.010092087 0.999893844 0.010460366 -0.630699098 0.078343235 -0.011219393 0.996863067 55.164978027
0.996812701 -0.009921668 -0.079151139 -3.559206486 0.011189191 0.999815404 0.015586400 -0.637352288 0.078981929 -0.016422374 0.996740520 56.110404968
0.996781170 -0.008151810 -0.079748124 -3.637351990 0.009605121 0.999793887 0.017857024 -0.641931772 0.079586163 -0.018565554 0.996654868 57.048614502
0.996679664 -0.006884151 -0.081124425 -3.717378616 0.008030393 0.999871850 0.013811518 -0.643223464 0.081018999 -0.014417134 0.996608078 57.973865509
0.996573985 -0.005446260 -0.082519315 -3.796455145 0.005970512 0.999962986 0.006107532 -0.648233891 0.082483053 -0.006579297 0.996570587 58.890823364
0.996510148 -0.003835928 -0.083375536 -3.877883196 0.003958626 0.999990821 0.001306248 -0.654417217 0.083369806 -0.001631744 0.996517181 59.800849915
0.996428847 0.000897472 -0.084423721 -3.962896824 -0.000709061 0.999996662 0.002261573 -0.666441321 0.084425524 -0.002193638 0.996427238 60.698852539
0.996310949 0.003566954 -0.085734308 -4.045876026 -0.003177683 0.999983549 0.004676375 -0.680297077 0.085749626 -0.004386692 0.996306956 61.578823090
0.996222913 0.006224937 -0.086600952 -4.129396439 -0.005701405 0.999963522 0.006291261 -0.695406675 0.086636998 -0.005773759 0.996223092 62.473720551
0.996115863 0.007115196 -0.087756127 -4.206590652 -0.006610012 0.999959409 0.006045848 -0.705798626 0.087795638 -0.005442303 0.996123493 63.333404541
0.995950580 0.008630108 -0.089479268 -4.286126614 -0.008049606 0.999943674 0.006846303 -0.714806259 0.089533366 -0.006098314 0.995965004 64.189506531
0.995822608 0.009577384 -0.090797678 -4.368184090 -0.008926690 0.999930978 0.007569741 -0.727303267 0.090863973 -0.006727605 0.995840430 65.027687073
0.995699465 0.009635845 -0.092132404 -4.447212219 -0.008937396 0.999927640 0.007990428 -0.733441770 0.092202790 -0.007132650 0.995714486 65.847930908
0.995582581 0.009478306 -0.093402900 -4.523952007 -0.008665400 0.999920487 0.009104880 -0.741554201 0.093481831 -0.008255295 0.995586514 66.647338867
0.995425582 0.012270979 -0.094741508 -4.606237411 -0.011199852 0.999866784 0.011829194 -0.747768342 0.094874106 -0.010714003 0.995431364 67.432769775
0.995279193 0.013841525 -0.096053451 -4.686501026 -0.012367520 0.999796212 0.015924042 -0.753282368 0.096254349 -0.014660941 0.995248556 68.212448120
0.995064855 0.016970482 -0.097756572 -4.767766953 -0.015314990 0.999726236 0.017660357 -0.757816553 0.098029576 -0.016076077 0.995053411 68.977088928
0.994889021 0.019677410 -0.099029928 -4.850555897 -0.018410716 0.999736309 0.013688660 -0.764874816 0.099273227 -0.011795500 0.994990051 69.721702576
0.994756937 0.019831307 -0.100317426 -4.930392265 -0.019288188 0.999793172 0.006381038 -0.771638393 0.100423269 -0.004412647 0.994934738 70.449432373
0.994606614 0.018989392 -0.101957634 -5.000210762 -0.019025896 0.999818444 0.000614426 -0.776906013 0.101950824 0.001328722 0.994788289 71.148193359
0.994549751 0.019928025 -0.102332391 -5.077352047 -0.020089611 0.999797642 -0.000548635 -0.783707321 0.102300793 0.002601463 0.994749844 71.841453552
0.994405866 0.022782700 -0.103131980 -5.153569221 -0.022588255 0.999739826 0.003053003 -0.798641741 0.103174746 -0.000706356 0.994662762 72.503074646
0.994264185 0.023150379 -0.104407810 -5.228803635 -0.022711037 0.999727190 0.005394946 -0.814117730 0.104504272 -0.002992798 0.994519651 73.157432556
0.994235754 0.019976536 -0.105330318 -5.297843933 -0.019863239 0.999800146 0.002124592 -0.824046254 0.105351761 -0.000020147 0.994434774 73.795555115
0.994367599 0.011921944 -0.105306074 -5.354302883 -0.012298732 0.999919772 -0.002929448 -0.835988879 0.105262749 0.004208081 0.994435310 74.407394409
0.994504809 0.007959922 -0.104379989 -5.410895348 -0.008814055 0.999931037 -0.007724321 -0.847173452 0.104311340 0.008601892 0.994507253 74.999427795
0.994804561 0.010451201 -0.101257578 -5.474935055 -0.011314328 0.999904096 -0.007953609 -0.856974602 0.101164773 0.009057953 0.994828165 75.579338074
0.995150685 0.015612765 -0.097107023 -5.539203167 -0.016175123 0.999856353 -0.005006638 -0.868990064 0.097014934 0.006553080 0.995261073 76.144157410
0.995611131 0.014239591 -0.092488296 -5.587191582 -0.014477045 0.999893129 -0.001897070 -0.880586505 0.092451423 0.003227702 0.995711684 76.700340271
0.996173620 0.010641780 -0.086736418 -5.624165058 -0.010483857 0.999942183 0.002275911 -0.891781390 0.086755633 -0.001357873 0.996228397 77.242927551
0.996885955 0.006425743 -0.078583933 -5.654400349 -0.005995214 0.999965429 0.005713107 -0.906021118 0.078617930 -0.005224194 0.996890843 77.768066406
0.997637331 0.010121293 -0.067938611 -5.687978745 -0.009769861 0.999936819 0.005502895 -0.913920879 0.067990012 -0.004826148 0.997674048 78.283340454
0.998483539 0.015359955 -0.052849285 -5.717795849 -0.015115579 0.999872804 0.005020436 -0.921247065 0.052919663 -0.004213981 0.998589575 78.785240173
0.999178290 0.020628523 -0.034863435 -5.733582973 -0.020451458 0.999775767 0.005427685 -0.926929355 0.034967557 -0.004710223 0.999377072 79.269470215
0.999732196 0.019169454 -0.012898257 -5.724093437 -0.019095458 0.999800324 0.005835339 -0.931924522 0.013007501 -0.005587485 0.999899507 79.745956421
0.999789298 0.015640583 0.013231488 -5.694836140 -0.015728369 0.999854445 0.006557373 -0.938469291 -0.013127063 -0.006764109 0.999890685 80.211311340
0.998989642 0.014483983 0.042523440 -5.651066303 -0.014834277 0.999858141 0.007933897 -0.946449101 -0.042402584 -0.008556694 0.999063730 80.663230896
0.997059107 0.014013917 0.075332880 -5.592265606 -0.014745360 0.999848962 0.009162153 -0.953026414 -0.075193219 -0.010246028 0.997116089 81.112312317
0.993497014 0.014214845 0.112959743 -5.519441605 -0.015370261 0.999837697 0.009364288 -0.955484331 -0.112808444 -0.011039624 0.993555188 81.560195923
0.987883687 0.014606874 0.154501677 -5.426267624 -0.016194729 0.999827862 0.009023649 -0.958040357 -0.154343456 -0.011416440 0.987951040 81.988868713
0.979798734 0.014344189 0.199466899 -5.310729504 -0.016367307 0.999829650 0.008497350 -0.962032914 -0.199311256 -0.011590440 0.979867458 82.407257080
0.968505800 0.016572587 0.248435587 -5.179372787 -0.018697318 0.999805689 0.006195224 -0.971916914 -0.248284906 -0.010645201 0.968628347 82.812500000
0.953289568 0.017311972 0.301558822 -5.023956299 -0.019152453 0.999811292 0.003147474 -0.982287407 -0.301447749 -0.008776057 0.953442097 83.202064514
0.933771789 0.017784428 0.357424676 -4.846720219 -0.019260438 0.999814034 0.000570057 -0.987829864 -0.357348442 -0.007416468 0.933941424 83.571701050
0.909984708 0.018196827 0.414240479 -4.645008087 -0.019418970 0.999810338 -0.001261084 -0.998563945 -0.414185256 -0.006896564 0.910166204 83.918724060
0.881078839 0.018243782 0.472615808 -4.436215401 -0.019183476 0.999811649 -0.002831423 -1.013612509 -0.472578913 -0.006571714 0.881263554 84.243041992
0.847835660 0.016483298 0.530001342 -4.197978973 -0.016475277 0.999852717 -0.004740604 -1.029067755 -0.530001938 -0.004712672 0.847983062 84.549682617
0.811222255 0.016475704 0.584504426 -3.936535835 -0.015467462 0.999857485 -0.006716441 -1.035583138 -0.584532320 -0.003592279 0.811362147 84.843193054
0.771888256 0.015171296 0.635575950 -3.659205914 -0.014540141 0.999874711 -0.006208566 -1.045962214 -0.635591030 -0.004449051 0.772012770 85.109252930
0.729663968 0.014694434 0.683646858 -3.369078159 -0.015817989 0.999863923 -0.004608523 -1.053240776 -0.683622062 -0.007451253 0.729797840 85.357238770
0.684632003 0.013841581 0.728756368 -3.065787792 -0.015013809 0.999875009 -0.004886270 -1.058270097 -0.728733540 -0.007596122 0.684754908 85.588096619
0.638274908 0.012904859 0.769699335 -2.748395681 -0.011720377 0.999906182 -0.007045363 -1.062843680 -0.769718707 -0.004524294 0.638366878 85.795166016
0.591733098 0.010618264 0.806063056 -2.420797348 -0.005902530 0.999943197 -0.008839164 -1.067981482 -0.806111813 0.000472614 0.591762722 85.976722717
0.545174241 0.012728388 0.838225245 -2.089395046 -0.007707988 0.999918222 -0.010170462 -1.078010559 -0.838286817 -0.000916359 0.545228302 86.148315430
0.497847080 0.015903626 0.867118180 -1.752630353 -0.011464057 0.999864817 -0.011756315 -1.085293055 -0.867188573 -0.004087851 0.497962624 86.311439514
0.452427208 0.018094914 0.891617000 -1.412615776 -0.012250182 0.999825537 -0.014074909 -1.096048832 -0.891716719 -0.004554603 0.452570409 86.450141907
0.410370052 0.015687561 0.911783397 -1.060721278 -0.004822241 0.999875009 -0.015032827 -1.103988528 -0.911905825 0.001772182 0.410394847 86.562339783
0.371007323 0.008585080 0.928589523 -0.696936846 0.010350924 0.999856532 -0.013379541 -1.107042193 -0.928571701 0.014575674 0.370865673 86.652427673
0.335703015 0.005134960 0.941953123 -0.334136844 0.014672305 0.999834895 -0.010679549 -1.112741470 -0.941853106 0.017405787 0.335572660 86.744644165
0.302530020 0.009250163 0.953094184 0.024197131 0.012095784 0.999834657 -0.013543212 -1.122273803 -0.953062594 0.015625658 0.302368522 86.840019226
0.271090746 0.016799629 0.962406397 0.385864913 0.000944339 0.999842107 -0.017719088 -1.140082359 -0.962552905 0.005712321 0.271032453 86.943275452
0.242729768 0.021030433 0.969865143 0.763299584 -0.003879852 0.999777615 -0.020708019 -1.161809444 -0.970085740 0.001263518 0.242757723 87.029823303
0.217159003 0.022695720 0.975871563 1.154969573 -0.002630085 0.999739289 -0.022665525 -1.180096865 -0.976132274 0.002355398 0.217162386 87.097000122
0.193858087 0.024098787 0.980732739 1.554927468 0.004848740 0.999662161 -0.025522342 -1.192682505 -0.981017172 0.009703037 0.193676040 87.150436401
0.173856884 0.030528691 0.984296799 1.963164806 0.011793387 0.999382794 -0.033079647 -1.193701029 -0.984699905 0.017359331 0.173389822 87.197052002
0.154039875 0.037288789 0.987359941 2.381958008 0.013704540 0.999110520 -0.039870616 -1.198582888 -0.987969100 0.019672995 0.153392106 87.249435425
0.136334524 0.038155533 0.989926994 2.816391230 0.011305624 0.999132633 -0.040067371 -1.214332461 -0.990597844 0.016654324 0.135785162 87.307098389
0.120830342 0.033733532 0.992098987 3.269701242 0.009107486 0.999342322 -0.035089031 -1.242773533 -0.992630899 0.013275361 0.120443895 87.359138489
0.106424145 0.030496815 0.993852258 3.737449408 0.009413146 0.999453485 -0.031676665 -1.265864372 -0.994275808 0.012726449 0.106079154 87.400405884
0.093231954 0.028067524 0.995247900 4.219438553 0.012083314 0.999496698 -0.029319268 -1.284179091 -0.995570660 0.014759398 0.092846118 87.436363220
0.081617385 0.027324555 0.996288300 4.716552734 0.015698332 0.999464452 -0.028697688 -1.303119063 -0.996539712 0.017982310 0.081144959 87.466171265
0.071604080 0.027972721 0.997039974 5.228765011 0.018915653 0.999388456 -0.029397057 -1.320440769 -0.997253358 0.020964630 0.071031384 87.490516663
0.063748956 0.028576234 0.997555912 5.751307964 0.020932261 0.999331355 -0.029964764 -1.339029193 -0.997746050 0.022791343 0.063108377 87.518493652
0.058248807 0.028975343 0.997880697 6.298846722 0.022613417 0.999283552 -0.030336071 -1.358057976 -0.998045623 0.024332555 0.057552043 87.543624878
0.052710384 0.030057993 0.998156607 6.862561226 0.023907516 0.999222040 -0.031352572 -1.377377748 -0.998323321 0.025516072 0.051950961 87.568206787
0.046730783 0.030804865 0.998431683 7.440607071 0.024418376 0.999190092 -0.031971142 -1.397785068 -0.998608768 0.025874138 0.045940921 87.595642090
0.042383868 0.030784186 0.998626232 8.036288261 0.026982604 0.999125004 -0.031944752 -1.422227740 -0.998736680 0.028299503 0.041516330 87.616783142
0.039561182 0.030812029 0.998741150 8.654235840 0.028434355 0.999084592 -0.031948932 -1.443691254 -0.998812199 0.029662525 0.038649034 87.637374878
0.036534008 0.030386955 0.998869479 9.292539597 0.029359281 0.999073148 -0.031466968 -1.468025446 -0.998900771 0.030475730 0.035608187 87.658950806
0.034229275 0.029782960 0.998969257 9.949436188 0.031588651 0.999023914 -0.030866949 -1.491739631 -0.998914421 0.032612674 0.033255238 87.677581787
0.033604261 0.029420035 0.999001265 10.616996765 0.035896819 0.998885870 -0.030624118 -1.515975595 -0.998790085 0.036890097 0.032510910 87.694320679
0.034644540 0.029113889 0.998974681 11.307129860 0.039064873 0.998771906 -0.030462740 -1.539784670 -0.998635650 0.040080216 0.033464842 87.712745667
0.037079193 0.029067323 0.998888612 12.014681816 0.040746406 0.998701334 -0.030574383 -1.563734055 -0.998480976 0.041834824 0.035846826 87.736206055
0.041005056 0.028997023 0.998737156 12.739115715 0.043165591 0.998593867 -0.030765090 -1.589470029 -0.998225808 0.044372637 0.039695904 87.763793945
0.045367192 0.028610434 0.998559654 13.475163460 0.043471888 0.998586059 -0.030586215 -1.615761757 -0.998023689 0.044796914 0.044059485 87.797859192
0.049398202 0.026926003 0.998415232 14.227792740 0.045027521 0.998559892 -0.029157694 -1.642736673 -0.997763276 0.046396531 0.048114844 87.834564209
0.053311825 0.025308622 0.998256207 14.973992348 0.044768002 0.998612821 -0.027708475 -1.673107028 -0.997573495 0.046167158 0.052105051 87.879371643
0.057498567 0.023238868 0.998074114 15.746904373 0.041680038 0.998801291 -0.025656942 -1.699249148 -0.997474790 0.043075040 0.056461245 87.929634094
0.061584383 0.022178076 0.997854412 16.544937134 0.041030046 0.998851478 -0.024732456 -1.724660754 -0.997257829 0.042465180 0.060603887 87.982955933
0.065741979 0.023205616 0.997565746 17.336137772 0.038479168 0.998926640 -0.025773119 -1.752318144 -0.997094154 0.040079903 0.064778693 88.040481567
0.068811782 0.027220650 0.997257173 18.120603561 0.036286552 0.998897552 -0.029769214 -1.785426617 -0.996969223 0.038235523 0.067748398 88.098640442
0.070174389 0.032634877 0.996999741 18.902202606 0.030331764 0.998932421 -0.034833036 -1.816544175 -0.997073174 0.032685168 0.069109820 88.161247253
0.070130102 0.035740584 0.996896327 19.700794220 0.027706642 0.998902202 -0.037761599 -1.852805257 -0.997152686 0.030268893 0.069063090 88.218711853
0.070286505 0.035284694 0.996901512 20.502559662 0.025409909 0.998986244 -0.037149984 -1.891818404 -0.997202873 0.027942335 0.069318898 88.281448364
0.070447147 0.033699147 0.996945024 21.315324783 0.022782624 0.999113739 -0.035382323 -1.931226254 -0.997254968 0.025205621 0.069617197 88.341850281
0.070338510 0.032516327 0.996991932 22.131427765 0.023799973 0.999128997 -0.034265108 -1.968576550 -0.997238874 0.026138555 0.069503590 88.400321960
0.070774905 0.032036524 0.996976554 22.939090729 0.021283474 0.999207735 -0.033619098 -2.006485462 -0.997264862 0.023598529 0.070037216 88.462226868
0.070962243 0.032440901 0.996950150 23.746410370 0.019659663 0.999230981 -0.033914458 -2.045613050 -0.997284889 0.022006365 0.070270121 88.523582458
0.071064591 0.033076484 0.996921957 24.555528641 0.016628958 0.999271512 -0.034339789 -2.086734533 -0.997332692 0.019018127 0.070463024 88.585952759
0.069896206 0.034491919 0.996956587 25.362592697 0.013939502 0.999270380 -0.035549235 -2.125393867 -0.997456491 0.016381839 0.069364637 88.649528503
0.067015842 0.034234576 0.997163236 26.175422668 0.011239818 0.999321580 -0.035064034 -2.162808657 -0.997688234 0.013557781 0.066585802 88.713081360
0.062996954 0.033128079 0.997462571 26.981060028 0.008912161 0.999390066 -0.033754937 -2.199466705 -0.997973502 0.011016004 0.062663503 88.772171021
0.058029305 0.030749435 0.997840106 27.793155670 0.006998861 0.999488056 -0.031207213 -2.236667633 -0.998289824 0.008794672 0.057784595 88.828880310
0.051573489 0.028737633 0.998254597 28.607879639 0.005162606 0.999564469 -0.029042043 -2.274409294 -0.998655379 0.006651387 0.051402871 88.883346558
0.044233840 0.028941831 0.998600841 29.410074234 0.004964027 0.999561191 -0.029189533 -2.311649799 -0.999008417 0.006248238 0.044070959 88.919624329
0.035628408 0.029945189 0.998915315 30.206346512 0.004796992 0.999533951 -0.030134812 -2.347717524 -0.999353170 0.005865435 0.035468344 88.947471619
0.025751766 0.030509658 0.999201596 31.007448196 0.005875094 0.999511898 -0.030670531 -2.379324436 -0.999650657 0.006660215 0.025560126 88.968719482
0.015423512 0.029562732 0.999442816 31.810920715 0.007445418 0.999531388 -0.029680232 -2.413346052 -0.999852836 0.007899037 0.015196344 88.984245300
0.004546680 0.028501904 0.999582291 32.610576630 0.006779593 0.999569535 -0.028532360 -2.448597908 -0.999966204 0.006906481 0.004351647 88.990638733
-0.006288189 0.028014334 0.999586582 33.392116547 0.008891881 0.999569237 -0.027957888 -2.475890875 -0.999940217 0.008712395 -0.006534435 88.977981567
-0.017373705 0.028547201 0.999440253 34.172981262 0.009568368 0.999550998 -0.028384008 -2.504169941 -0.999802768 0.009069873 -0.017638920 88.966094971
-0.028337043 0.029056363 0.999174893 34.950511932 0.009752023 0.999537587 -0.028790314 -2.542090416 -0.999550343 0.008928141 -0.028607175 88.940628052
-0.038971379 0.030227358 0.998781919 35.724922180 0.009375463 0.999509096 -0.029883519 -2.574823380 -0.999195814 0.008199437 -0.039235532 88.912300110
-0.049124029 0.031080363 0.998307884 36.489284515 0.010304911 0.999477983 -0.030609690 -2.612568140 -0.998739004 0.008783798 -0.049418561 88.870208740
-0.058641158 0.031776838 0.997772098 37.257080078 0.011225999 0.999450684 -0.031170495 -2.647508860 -0.998215497 0.009373111 -0.058965579 88.823371887
-0.068274722 0.032349415 0.997140825 38.010826111 0.012395293 0.999424100 -0.031574756 -2.679393530 -0.997588992 0.010204093 -0.068636306 88.768951416
-0.077501871 0.032646324 0.996456444 38.749809265 0.012981761 0.999411643 -0.031733435 -2.716733932 -0.996907175 0.010476356 -0.077880010 88.706726074
-0.086011998 0.032220390 0.995771825 39.478324890 0.014280653 0.999413669 -0.031104689 -2.750102758 -0.996191204 0.011544893 -0.086421639 88.638214111
-0.093249664 0.031186104 0.995153069 40.208183289 0.016117901 0.999425173 -0.029809656 -2.782885313 -0.995511711 0.013260040 -0.093698673 88.565589905
-0.098417185 0.029500745 0.994706690 40.929203033 0.018789062 0.999436915 -0.027782006 -2.817350388 -0.994967282 0.015955385 -0.098916017 88.490722656
-0.102098994 0.027803220 0.994384468 41.626892090 0.021668278 0.999433875 -0.025719579 -2.850682974 -0.994537652 0.018920664 -0.102643602 88.412254333
-0.104672395 0.026922924 0.994141102 42.339618683 0.023578430 0.999419272 -0.024583289 -2.875927925 -0.994226635 0.020867104 -0.105246373 88.333892822
-0.106548570 0.026133344 0.993962824 43.028507233 0.023555970 0.999439955 -0.023752227 -2.904935122 -0.994027853 0.020883003 -0.107104458 88.264266968
-0.107321851 0.026519459 0.993869424 43.686901093 0.024251377 0.999416232 -0.024048686 -2.935101986 -0.993927956 0.021521764 -0.107902296 88.195304871
-0.106578194 0.027454410 0.993924081 44.343654633 0.024769165 0.999381483 -0.024949145 -2.965244293 -0.993995249 0.021959644 -0.107192263 88.128623962
-0.103474200 0.029189300 0.994202614 44.970443726 0.025883647 0.999309421 -0.026645306 -2.991945982 -0.994294822 0.022976501 -0.104158230 88.062965393
-0.098271765 0.029747397 0.994713783 45.588054657 0.026144423 0.999284923 -0.027301168 -3.018437624 -0.994815648 0.023323299 -0.098979175 88.005867004
-0.090389371 0.030450989 0.995439768 46.192378998 0.025405549 0.999277294 -0.028261451 -3.046232700 -0.995581925 0.022735173 -0.091097616 87.960319519
-0.079421096 0.030399265 0.996376455 46.775501251 0.024180016 0.999299169 -0.028561031 -3.074703932 -0.996547341 0.021824062 -0.080100425 87.927482605
-0.065728135 0.030502524 0.997370183 47.329540253 0.023180960 0.999309182 -0.029034149 -3.107067347 -0.997567713 0.021211648 -0.066389725 87.900772095
-0.048656382 0.031714935 0.998310924 47.870594025 0.021920688 0.999288499 -0.030677591 -3.138535023 -0.998574376 0.020391012 -0.049316876 87.889038086
-0.027601553 0.034310095 0.999028981 48.401878357 0.020035669 0.999228537 -0.033763379 -3.165687084 -0.999417603 0.019084301 -0.028267566 87.891769409
-0.003194528 0.037187211 0.999302208 48.907318115 0.017675731 0.999153852 -0.037125170 -3.194237709 -0.999838054 0.017544808 -0.003848994 87.909843445
0.024848372 0.038845345 0.998935223 49.427204132 0.015436901 0.999110281 -0.039236125 -3.222595453 -0.999571443 0.016395425 0.024226775 87.946006775
0.058075398 0.037979279 0.997588456 49.927608490 0.012907477 0.999163508 -0.038790639 -3.254581213 -0.998228133 0.015129140 0.057536799 87.991645813
0.096038178 0.035333153 0.994749308 50.432743073 0.011604364 0.999261618 -0.036613751 -3.282950640 -0.995309412 0.015059759 0.095557481 88.061470032
0.137871563 0.031499412 0.989948034 50.931404114 0.009220891 0.999409497 -0.033084653 -3.310677290 -0.990406573 0.013689643 0.137499988 88.157768250
0.183584020 0.027063768 0.982630312 51.423381805 0.006210262 0.999568522 -0.028690521 -3.338467836 -0.982983768 0.011369516 0.183337063 88.272354126
0.231479153 0.023874469 0.972545803 51.903850555 0.001290957 0.999689877 -0.024848061 -3.362670183 -0.972838402 0.007007320 0.231376931 88.422454834
0.282788366 0.022477591 0.958917797 52.369365692 -0.002837183 0.999740064 -0.022597775 -3.383677959 -0.959177494 0.003669756 0.282779068 88.595214844
0.337004900 0.022379449 0.941235721 52.812965393 -0.004112849 0.999742389 -0.022297937 -3.399678469 -0.941493154 0.003643347 0.337010592 88.793167114
0.394389868 0.022626778 0.918663383 53.246837616 -0.002859844 0.999721646 -0.023395479 -3.422330141 -0.918937981 0.006599701 0.394345313 89.017234802
0.453917980 0.025881130 0.890666246 53.655693054 -0.002376142 0.999609113 -0.027835818 -3.442234516 -0.891039491 0.010518828 0.453802645 89.264022827
0.513412952 0.028310072 0.857673287 54.046001434 -0.001413621 0.999481678 -0.032144655 -3.470014334 -0.858139575 0.015291062 0.513187528 89.532707214
0.570639491 0.032718763 0.820547283 54.402530670 -0.005890321 0.999342799 -0.035751745 -3.485476732 -0.821178555 0.015568074 0.570457935 89.842666626
0.626284242 0.034936305 0.778810263 54.741077423 -0.009218213 0.999256849 -0.037412334 -3.504521608 -0.779539287 0.016251519 0.626141608 90.165756226
0.679151177 0.035555180 0.733135343 55.054954529 -0.010772519 0.999200761 -0.038479369 -3.520636320 -0.733918190 0.018235598 0.678992212 90.506042480
0.727802336 0.033285782 0.684977114 55.334213257 -0.011051089 0.999260426 -0.036816034 -3.540706158 -0.685696661 0.019225057 0.727632761 90.855873108
0.772925913 0.028824825 0.633839488 55.598175049 -0.012298339 0.999459922 -0.030454934 -3.563420773 -0.634375632 0.015744235 0.772863925 91.238594055
0.814007640 0.024682440 0.580327570 55.834335327 -0.013594531 0.999632061 -0.023447607 -3.573362350 -0.580693364 0.011197245 0.814044714 91.642501831
0.850114286 0.022233861 0.526126564 56.045070648 -0.015764598 0.999734402 -0.016775874 -3.584447861 -0.526360393 0.005967224 0.850240052 92.066040039
0.880998492 0.019280870 0.472723752 56.237628937 -0.016790522 0.999813437 -0.009487222 -3.591688156 -0.472818971 0.000420930 0.881158888 92.508155823
0.906238019 0.019974265 0.422293216 56.391735077 -0.020320086 0.999786139 -0.003682624 -3.605049610 -0.422276914 -0.005243727 0.906451166 92.944351196
0.926155746 0.021687752 0.376514316 56.533718109 -0.023553165 0.999721885 0.000351086 -3.618246078 -0.376402378 -0.009193294 0.926410139 93.396347046
0.941179276 0.027660867 0.336770356 56.648746490 -0.030580088 0.999526024 0.003366094 -3.628315926 -0.336517930 -0.013466598 0.941580236 93.851943970
0.952822268 0.032249846 0.301807135 56.752170563 -0.034659043 0.999395132 0.002629440 -3.630640268 -0.301540017 -0.012965768 0.953364789 94.306449890
0.961998224 0.034046620 0.270920902 56.863140106 -0.036205217 0.999339342 0.002972229 -3.630707741 -0.270640910 -0.012668059 0.962596476 94.773979187
0.968110383 0.028504210 0.248892948 56.977008820 -0.030329898 0.999533176 0.003502703 -3.635806084 -0.248677090 -0.010939931 0.968524098 95.244903564
0.972058415 0.025732050 0.233319893 57.082897186 -0.027499076 0.999611914 0.004323074 -3.643452644 -0.233118236 -0.010618391 0.972389877 95.727378845
0.974885523 0.030131491 0.220653877 57.176445007 -0.031809829 0.999485075 0.004056030 -3.646116018 -0.220418155 -0.010973157 0.975343168 96.219467163
0.976816058 0.035593238 0.211095408 57.265224457 -0.037388057 0.999290049 0.004515965 -3.643270969 -0.210784882 -0.012303744 0.977454424 96.719970703
0.977773011 0.043393683 0.205121279 57.352310181 -0.045009602 0.998980761 0.003216289 -3.644316673 -0.204772711 -0.012377257 0.978730679 97.234153748
0.978117883 0.049062125 0.202178538 57.447006226 -0.050006814 0.998748124 -0.000435984 -3.647197008 -0.201946899 -0.009683887 0.979347944 97.756950378
0.978228390 0.050395228 0.201313943 57.550815582 -0.050861113 0.998700976 -0.002861107 -3.658267498 -0.201196671 -0.007440258 0.979521930 98.284515381
0.977798998 0.049032122 0.203722090 57.665954590 -0.048745960 0.998789907 -0.006425606 -3.666490793 -0.203790665 -0.003647696 0.979007006 98.814201355
0.977092505 0.047333363 0.207478791 57.785465240 -0.045627575 0.998873293 -0.013002161 -3.670405149 -0.207860500 0.003237551 0.978152454 99.360275269
0.976190507 0.047874529 0.211560473 57.906150818 -0.045134317 0.998822272 -0.017765397 -3.677038193 -0.212161899 0.007793768 0.977202713 99.908088684
0.974991798 0.052656036 0.215907574 58.025485992 -0.050103471 0.998593807 -0.017282948 -3.690056324 -0.216514096 0.006033008 0.976260126 100.483428955
0.973552465 0.055600315 0.221589610 58.151531219 -0.053979229 0.998451829 -0.013369882 -3.701504707 -0.221990019 0.001055035 0.975047648 101.074409485
0.972657144 0.052532375 0.226221636 58.293197632 -0.051889293 0.998613417 -0.008792492 -3.713880301 -0.226369962 -0.003186417 0.974035501 101.674575806
0.971992731 0.048030462 0.230045676 58.442485809 -0.048585530 0.998813033 -0.003254484 -3.724769831 -0.229929015 -0.008013579 0.973173738 102.281845093
0.971218884 0.045446113 0.233808383 58.590595245 -0.047049873 0.998890996 0.001283117 -3.733232498 -0.233490869 -0.012246870 0.972281218 102.903022766
0.970708489 0.040784903 0.236768737 58.745468140 -0.042435262 0.999096692 0.001876085 -3.739396572 -0.236478448 -0.011868504 0.971563578 103.532882690
0.970808268 0.037375655 0.236922175 58.908802032 -0.038178883 0.999269485 -0.001198609 -3.746877670 -0.236793980 -0.007881831 0.971527219 104.172866821
0.970941544 0.036628176 0.236492544 59.068843842 -0.035705920 0.999328077 -0.008182947 -3.757379293 -0.236633465 -0.000499041 0.971598148 104.823211670
0.971054792 0.038998112 0.235646769 59.223159790 -0.036531329 0.999221742 -0.014826603 -3.766632318 -0.236041680 0.005788943 0.971724987 105.479774475
0.971569777 0.041866142 0.233017385 59.373031616 -0.038602371 0.999081671 -0.018551404 -3.776733160 -0.233580172 0.009028953 0.972294927 106.148155212
0.972209275 0.040213864 0.230629042 59.537052155 -0.037936397 0.999176979 -0.014302874 -3.787328005 -0.231014520 0.005156141 0.972935975 106.842254639
0.972644210 0.036242787 0.229450330 59.698509216 -0.035640843 0.999340892 -0.006768550 -3.801884413 -0.229544535 -0.001594433 0.973296165 107.543121338
0.973220527 0.036560863 0.226942077 59.860752106 -0.037348323 0.999301136 -0.000824706 -3.817574501 -0.226813734 -0.007673314 0.973907232 108.257400513
0.973486543 0.039968308 0.225220248 60.018436432 -0.040692702 0.999169827 -0.001426771 -3.829018116 -0.225090399 -0.007775905 0.974306166 108.982734680
0.973714292 0.045867860 0.223101407 60.168663025 -0.045678295 0.998937190 -0.006013000 -3.837503195 -0.223140195 -0.004335968 0.974776030 109.712150574
0.974552095 0.046796001 0.219216868 60.326080322 -0.045428965 0.998902977 -0.011275515 -3.846664906 -0.219504148 0.001029768 0.975610316 110.452583313
0.975484848 0.045521684 0.215301663 60.486896515 -0.043511957 0.998952866 -0.014067575 -3.856715441 -0.215716705 0.004354502 0.976445556 111.201095581
0.976393104 0.043479159 0.211574584 60.646690369 -0.041772284 0.999047518 -0.012532663 -3.871137857 -0.211918086 0.003398842 0.977280796 111.968605042
0.977265418 0.039833240 0.208238736 60.810947418 -0.038489997 0.999202728 -0.010500276 -3.886296034 -0.208491117 0.002246438 0.978020906 112.749465942
0.977678716 0.038702041 0.206504807 60.974834442 -0.037920795 0.999249637 -0.007741589 -3.903925419 -0.206649601 -0.000262055 0.978414237 113.538085938
0.978052318 0.035506696 0.205306202 61.142330170 -0.035140116 0.999366522 -0.005432647 -3.916378260 -0.205369160 -0.001901090 0.978681982 114.330146790
0.978289902 0.030329397 0.205004305 61.310546875 -0.030103492 0.999536753 -0.004221546 -3.925017357 -0.205037490 -0.002041470 0.978751242 115.125007629
0.978404939 0.031259965 0.204314277 61.470237732 -0.031376913 0.999502957 -0.002668088 -3.937283993 -0.204296246 -0.003800304 0.978901029 115.915283203
0.978124321 0.036781862 0.204737931 61.627265930 -0.036600374 0.999317884 -0.004674707 -3.949632645 -0.204770356 -0.002921060 0.978805006 116.725013733
0.977782488 0.042606946 0.205240622 61.786586761 -0.041857485 0.999090433 -0.007994078 -3.963006258 -0.205394700 -0.000774401 0.978678226 117.535400391
0.977163792 0.051500738 0.206146449 61.943504333 -0.050603442 0.998671293 -0.009626583 -3.976567984 -0.206368476 -0.001024987 0.978473127 118.360145569
0.976175547 0.057578459 0.209197834 62.099872589 -0.056974113 0.998334646 -0.008919137 -3.993683338 -0.209363163 -0.003212235 0.977831960 119.188034058
0.975383520 0.060371246 0.212084949 62.268115997 -0.060289714 0.998156190 -0.006857480 -4.015971184 -0.212108076 -0.006097890 0.977226436 120.015083313
0.974795699 0.060902659 0.214620069 62.450759888 -0.060690798 0.998126686 -0.007582976 -4.035411358 -0.214680016 -0.005633633 0.976667404 120.856582642
0.974500358 0.059382964 0.216379911 62.633090973 -0.058544397 0.998230636 -0.010289193 -4.053043365 -0.216608226 -0.002641026 0.976254225 121.675224304
0.974510431 0.053487945 0.217866927 62.822700500 -0.052791759 0.998563766 -0.009019312 -4.071692467 -0.218036592 -0.002712184 0.975935996 122.514572144
0.974830806 0.046915259 0.217948303 63.017169952 -0.045748234 0.998897851 -0.010400505 -4.094542980 -0.218196169 0.000167967 0.975904047 123.334960938
0.974588692 0.046234451 0.219173074 63.202365875 -0.045039620 0.998929560 -0.010447748 -4.117860794 -0.219421640 0.000310770 0.975629210 124.166282654
0.973997891 0.048973188 0.221194863 63.384807587 -0.048519090 0.998793185 -0.007489308 -4.135081291 -0.221294820 -0.003437624 0.975200057 125.018089294
0.973552644 0.051054053 0.222679630 63.559635162 -0.051933732 0.998647690 -0.001907672 -4.148122787 -0.222476050 -0.009707394 0.974888980 125.851188660
0.973171949 0.054466411 0.223533854 63.735649109 -0.056427598 0.998402774 0.002390342 -4.165078163 -0.223046780 -0.014939727 0.974692404 126.664459229
0.972967148 0.053867929 0.224568069 63.921432495 -0.054341812 0.998513043 -0.004074702 -4.180566311 -0.224453807 -0.008238910 0.974449039 127.495811462
0.973286629 0.049814843 0.224119082 64.108680725 -0.046915252 0.998731136 -0.018247744 -4.201980114 -0.224743873 0.007245678 0.974390030 128.301055908
