1.000000000 0.000000000 0.000000000 0.000000000 0.000000000 1.000000000 0.000000000 0.000000000 0.000000000 0.000000000 1.000000000 0.000000000
0.999991059 -0.002542953 -0.003373642 -0.000859112 0.002535784 0.999994516 -0.002127409 -0.005159395 0.003379033 0.002118835 0.999992073 0.670107424
0.999970913 -0.001524933 -0.007478058 -0.010768099 0.001498486 0.999992669 -0.003540844 -0.013534887 0.007483402 0.003529535 0.999965787 1.357867122
0.999934494 -0.001518622 -0.011347177 -0.026426189 0.001462055 0.999986470 -0.004991686 -0.018206652 0.011354603 0.004974769 0.999923170 2.063959122
0.999869168 -0.000002431 -0.016177343 -0.044920485 -0.000087950 0.999984384 -0.005586130 -0.023946598 0.016177105 0.005586822 0.999853551 2.791531086
0.999782741 -0.000956444 -0.020822918 -0.057236880 0.000832328 0.999981821 -0.005968365 -0.028794082 0.020828247 0.005949737 0.999765396 3.529879332
0.999678493 0.000837880 -0.025341721 -0.083198935 -0.001020021 0.999973714 -0.007175299 -0.038726836 0.025335044 0.007198842 0.999653101 4.282768250
0.999537349 0.003464500 -0.030216534 -0.113521457 -0.003698140 0.999963641 -0.007679713 -0.049292263 0.030188831 0.007787906 0.999513865 5.041186810
0.999394119 0.003736933 -0.034604028 -0.143705711 -0.003949625 0.999973714 -0.006080128 -0.058903761 0.034580398 0.006213118 0.999382615 5.817780495
0.999230325 0.003065635 -0.039106999 -0.178021953 -0.003199758 0.999989212 -0.003367499 -0.069934949 0.039096251 0.003490042 0.999229372 6.611770630
0.999089479 0.002534005 -0.042588003 -0.216035724 -0.002563081 0.999996483 -0.000628115 -0.084436156 0.042586260 0.000736702 0.999092519 7.419794083
0.998970091 0.004264030 -0.045171600 -0.260318339 -0.004321163 0.999989986 -0.001167212 -0.096103258 0.045166168 0.001361206 0.998978555 8.232607841
0.998864233 0.003736268 -0.047498263 -0.300398767 -0.003803164 0.999991953 -0.001318096 -0.105625957 0.047492947 0.001497245 0.998870432 9.054956436
0.998782396 0.000693845 -0.049326289 -0.337716490 -0.000787608 0.999998033 -0.001881478 -0.112281084 0.049324878 0.001918038 0.998780906 9.892128944
0.998663366 0.000648833 -0.051680434 -0.377508909 -0.000699569 0.999999404 -0.000963676 -0.123011582 0.051679771 0.000998544 0.998663127 10.728157043
0.998580515 -0.000733228 -0.053255696 -0.421081930 0.000672148 0.999999225 -0.001164853 -0.134213492 0.053256497 0.001127406 0.998580158 11.573204994
0.998479724 0.001627239 -0.055094734 -0.472225487 -0.001816550 0.999992788 -0.003386215 -0.147935241 0.055088811 0.003481151 0.998475313 12.427572250
0.998397052 0.002368889 -0.056548033 -0.524021447 -0.002713878 0.999978364 -0.006024808 -0.158481941 0.056532521 0.006168616 0.998381615 13.284584999
0.998278677 0.006415688 -0.058296114 -0.582171679 -0.006877549 0.999946713 -0.007725475 -0.168617800 0.058243427 0.008113112 0.998269379 14.154249191
0.998212934 0.007282961 -0.059311472 -0.637034297 -0.007733155 0.999943197 -0.007364315 -0.182902053 0.059254453 0.007809820 0.998212278 15.040385246
0.998139381 0.006708430 -0.060603153 -0.692746937 -0.007080497 0.999957561 -0.005926727 -0.195853770 0.060560800 0.006344801 0.998144269 15.914837837
0.998038173 0.007535163 -0.062153861 -0.750004888 -0.007830929 0.999959350 -0.004516377 -0.208232075 0.062117282 0.004994239 0.998056293 16.807378769
0.997984886 0.007340986 -0.063026339 -0.812194169 -0.007635872 0.999961197 -0.004439174 -0.219551280 0.062991276 0.004911490 0.998001933 17.706542969
0.997866690 0.007422740 -0.064862072 -0.869087636 -0.007791277 0.999955058 -0.005430751 -0.231369987 0.064818822 0.005924523 0.997879386 18.608299255
0.997806609 0.005860264 -0.065937608 -0.932548881 -0.006281882 0.999961257 -0.006188681 -0.244883806 0.065898769 0.006589319 0.997804463 19.512069702
0.997767866 0.005996579 -0.066508733 -0.995588064 -0.006311659 0.999969959 -0.004528303 -0.256177932 0.066479556 0.004937977 0.997775435 20.443849564
0.997755468 0.007171941 -0.066577926 -1.059146285 -0.007258368 0.999973238 -0.001056323 -0.270778060 0.066568546 0.001537200 0.997780561 21.355506897
0.997799456 0.008146093 -0.065802030 -1.123247147 -0.007986291 0.999964654 0.002691217 -0.282836616 0.065821610 -0.002159778 0.997828960 22.284557343
0.997908711 0.007180637 -0.064239509 -1.185944676 -0.006829863 0.999960721 0.005678352 -0.294147223 0.064277753 -0.005227726 0.997918248 23.219760895
0.998009980 0.007704405 -0.062584072 -1.254592896 -0.007313051 0.999952435 0.006479925 -0.303697050 0.062631004 -0.006009345 0.998018563 24.166177750
0.998095453 0.007980306 -0.061170250 -1.315328479 -0.007761042 0.999962807 0.003821236 -0.315190554 0.061198447 -0.003339211 0.998119950 25.100616455
0.998147845 0.009021093 -0.060162172 -1.379963756 -0.009100359 0.999958217 -0.001043672 -0.324328840 0.060150225 0.001589238 0.998187959 26.022758484
0.998233318 0.008226247 -0.058843642 -1.442036867 -0.008477853 0.999956131 -0.004027477 -0.335480511 0.058807913 0.004519231 0.998259008 26.952096939
0.998291552 0.005805409 -0.058139767 -1.495080233 -0.005990296 0.999977708 -0.003006290 -0.345941901 0.058120999 0.003349429 0.998303831 27.896097183
0.998287499 0.004024478 -0.058359534 -1.555777311 -0.003905931 0.999990225 0.002145236 -0.361750960 0.058367580 -0.001913612 0.998293221 28.877784729
0.998250842 0.000305542 -0.059119672 -1.613845110 0.000026079 0.999984384 0.005608434 -0.374104649 0.059120450 -0.005600163 0.998235047 29.846559525
0.998158872 -0.006880483 -0.060263231 -1.662449956 0.007202903 0.999961019 0.005134565 -0.386604995 0.060225543 -0.005559179 0.998169184 30.799184799
0.998058200 -0.008801691 -0.061664186 -1.722190142 0.008895144 0.999959826 0.001241112 -0.393656254 0.061650775 -0.001787213 0.998095989 31.772583008
0.997973680 -0.008541946 -0.063053437 -1.786221862 0.008385452 0.999961197 -0.002746204 -0.404615939 0.063074440 0.002211908 0.998006165 32.749847412
0.997844815 -0.007288496 -0.065213241 -1.855363250 0.007095616 0.999969840 -0.003188850 -0.419691771 0.065234512 0.002719250 0.997866035 33.727756500
0.997805953 -0.007528417 -0.065778516 -1.921859264 0.007441085 0.999971211 -0.001572621 -0.437243104 0.065788455 0.001079708 0.997832775 34.711585999
0.997729123 -0.004661460 -0.067193665 -1.994994521 0.004765019 0.999987781 0.001380952 -0.453320503 0.067186400 -0.001697993 0.997738779 35.692939758
0.997665286 -0.004841966 -0.068122022 -2.068212509 0.005032861 0.999983966 0.002630856 -0.462148666 0.068108186 -0.002967559 0.997673333 36.684955597
0.997602165 -0.003614909 -0.069115385 -2.141846895 0.003987844 0.999978364 0.005258565 -0.471159101 0.069094874 -0.005521573 0.997594595 37.661727905
0.997623026 -0.003701932 -0.068809077 -2.214921474 0.004287238 0.999956012 0.008360457 -0.481956303 0.068775095 -0.008635580 0.997594595 38.652969360
0.997579992 0.001910202 -0.069502808 -2.293888092 -0.001163033 0.999941289 0.010789037 -0.487221152 0.069519326 -0.010682086 0.997523129 39.633949280
0.997586310 0.001908571 -0.069412395 -2.375965595 -0.001204905 0.999947667 0.010177895 -0.491908401 0.069428183 -0.010069687 0.997535884 40.638732910
0.997604668 0.001855383 -0.069149151 -2.455972433 -0.001268441 0.999962986 0.008530959 -0.495031506 0.069162406 -0.008422806 0.997569621 41.645786285
0.997594476 0.004082575 -0.069200031 -2.531871080 -0.003650488 0.999973178 0.006369295 -0.499531955 0.069224156 -0.006101354 0.997582257 42.618968964
0.997532666 0.003881766 -0.070097499 -2.602088928 -0.003444737 0.999974012 0.006354353 -0.502590597 0.070120320 -0.006097202 0.997519672 43.606491089
0.997447073 0.001591912 -0.071391806 -2.676626682 -0.001035857 0.999969006 0.007825088 -0.512475073 0.071402021 -0.007731154 0.997417450 44.591991425
0.997391820 0.002211899 -0.072143428 -2.751248121 -0.001579223 0.999959946 0.008825530 -0.519095659 0.072160028 -0.008688576 0.997355044 45.574050903
0.997371852 0.004751452 -0.072296716 -2.828070402 -0.004387132 0.999976993 0.005197166 -0.529157281 0.072319716 -0.004866328 0.997369409 46.540363312
0.997306526 0.005388119 -0.073148035 -2.906618595 -0.005323699 0.999985397 0.001075589 -0.538584650 0.073152728 -0.000683271 0.997320235 47.491157532
0.997249246 0.006215957 -0.073859870 -2.983120918 -0.006247146 0.999980628 -0.000191278 -0.548696995 0.073857225 0.000652167 0.997268319 48.452709198
0.997249424 0.004798783 -0.073962547 -3.056253433 -0.004564812 0.999984145 0.003332063 -0.563400507 0.073977336 -0.002985269 0.997255147 49.428104401
0.997247159 0.003019488 -0.074086748 -3.128895521 -0.002540408 0.999975383 0.006559836 -0.576515794 0.074104704 -0.006353563 0.997229874 50.402832031
0.997208118 0.001019745 -0.074664325 -3.197580576 -0.000477073 0.999973476 0.007285606 -0.587883890 0.074669749 -0.007229639 0.997181773 51.363155365
0.997183979 -0.001803636 -0.074971549 -3.268367290 0.002269513 0.999978781 0.006129287 -0.599979877 0.074958883 -0.006282170 0.997166514 52.313556671
0.997149587 -0.004207020 -0.075331464 -3.338202000 0.004582584 0.999978065 0.004813293 -0.610862851 0.075309545 -0.005144782 0.997146606 53.263298035
0.997052491 -0.005916523 -0.076492548 -3.409737825 0.006396054 0.999961555 0.006025470 -0.620272219 0.076453947 -0.006496957 0.997051597 54.210243225
0.996945679 -0.008981025 -0.077578247 -3.481529951 0.009799464 0.999900341 0.010175560 -0.628575265 0.077479117 -0.010904700 0.996933997 55.156322479
0.996885777 -0.009512194 -0.078281708 -3.554101229 0.010742737 0.999825239 0.015313286 -0.636378825 0.078122348 -0.016106550 0.996813297 56.099670410
0.996851861 -0.007789837 -0.078900814 -3.630777597 0.009208431 0.999802351 0.017631549 -0.642591238 0.078747854 -0.018302586 0.996726155 57.042213440
0.996750712 -0.006580731 -0.080277562 -3.710042477 0.007698650 0.999877691 0.013624071 -0.645337641 0.080178067 -0.014197823 0.996679008 57.968070984
0.996638298 -0.005214047 -0.081759989 -3.787118196 0.005720197 0.999966025 0.005957636 -0.651795387 0.081726126 -0.006405286 0.996633887 58.884937286
0.996574819 -0.003599745 -0.082616456 -3.868276596 0.003707339 0.999992549 0.001148936 -0.657722950 0.082611680 -0.001451285 0.996580422 59.796852112
0.996493161 0.001119663 -0.083665818 -3.952944517 -0.000948125 0.999997497 0.002089966 -0.669180989 0.083667919 -0.002003307 0.996491313 60.697917938
0.996381164 0.003735047 -0.084915228 -4.036537170 -0.003364464 0.999984264 0.004506833 -0.682944119 0.084930696 -0.004204825 0.996377647 61.572517395
0.996294022 0.006346020 -0.085778072 -4.119909286 -0.005843352 0.999964356 0.006109914 -0.697112679 0.085813761 -0.005586034 0.996295154 62.471084595
0.996188164 0.007271457 -0.086926185 -4.196065426 -0.006786467 0.999959826 0.005873559 -0.708190978 0.086965375 -0.005261243 0.996197045 63.328418732
0.996024132 0.008757289 -0.088651843 -4.274806023 -0.008197716 0.999944270 0.006674165 -0.717410743 0.088705331 -0.005920881 0.996039867 64.184745789
0.995895922 0.009566284 -0.089998461 -4.354576111 -0.008937688 0.999932945 0.007384975 -0.729135156 0.090063058 -0.006550282 0.995914042 65.019935608
0.995778501 0.009577140 -0.091287270 -4.434398651 -0.008897971 0.999929786 0.007844036 -0.736935198 0.091355972 -0.006998644 0.995793223 65.839675903
0.995662153 0.009539215 -0.092551477 -4.511023521 -0.008744436 0.999921501 0.008989191 -0.746517360 0.092629947 -0.008140881 0.995666802 66.640579224
0.995503604 0.012284365 -0.093922690 -4.592879772 -0.011234456 0.999868572 0.011699082 -0.752588987 0.094054051 -0.010591302 0.995510161 67.427368164
0.995359600 0.013944843 -0.095207959 -4.674035549 -0.012493689 0.999796927 0.015821131 -0.759211659 0.095409237 -0.014558209 0.995331049 68.210746765
0.995147347 0.017117634 -0.096894272 -4.753715515 -0.015486083 0.999725938 0.017565615 -0.764122427 0.097168393 -0.015979854 0.995139003 68.974205017
0.994972110 0.019828262 -0.098168328 -4.835862637 -0.018581921 0.999735057 0.013594130 -0.771250010 0.098411858 -0.011701617 0.995076299 69.718887329
0.994843602 0.020069478 -0.099413812 -4.915078640 -0.019538622 0.999789298 0.006310732 -0.778388858 0.099519521 -0.004335779 0.995025456 70.445655823
0.994697988 0.019259211 -0.101018265 -4.987192631 -0.019304588 0.999813557 0.000528468 -0.783610880 0.101009615 0.001424449 0.994883776 71.142967224
0.994640708 0.020235626 -0.101391070 -5.062425137 -0.020404004 0.999791682 -0.000623731 -0.790266275 0.101357333 0.002689172 0.994845808 71.833312988
0.994498789 0.023083095 -0.102171391 -5.138209343 -0.022899667 0.999733448 0.002968040 -0.804141104 0.102212667 -0.000612020 0.994761765 72.498634338
0.994359732 0.023409609 -0.103442170 -5.211502075 -0.022982933 0.999721825 0.005314956 -0.819197237 0.103537813 -0.002907572 0.994620621 73.152267456
0.994332790 0.020238666 -0.104365617 -5.279926300 -0.020135218 0.999795258 0.002044852 -0.829176545 0.104385629 0.000068162 0.994536281 73.790451050
0.994467139 0.012171394 -0.104338974 -5.335926533 -0.012553847 0.999916732 -0.003009515 -0.840974748 0.104293652 0.004302718 0.994536638 74.403411865
0.994598389 0.008223681 -0.103470378 -5.388802528 -0.009079708 0.999928355 -0.007804862 -0.852017164 0.103398778 0.008702179 0.994601309 74.992446899
0.994895935 0.010789831 -0.100326344 -5.452634811 -0.011656329 0.999899685 -0.008054583 -0.862417996 0.100229360 0.009182904 0.994921386 75.572723389
0.995236337 0.015957141 -0.096176170 -5.516359329 -0.016524540 0.999850512 -0.005105926 -0.874534309 0.096080303 0.006670866 0.995350599 76.137474060
0.995693088 0.014577895 -0.091556020 -5.563830376 -0.014823081 0.999888182 -0.001998501 -0.886161268 0.091516644 0.003347034 0.995797276 76.693710327
0.996251106 0.010980841 -0.085807666 -5.600383282 -0.010834605 0.999939024 0.002169780 -0.897254407 0.085826248 -0.001231954 0.996308744 77.237312317
0.996957362 0.006761211 -0.077653393 -5.630134106 -0.006345095 0.999964178 0.005604113 -0.911555350 0.077688493 -0.005094341 0.996964037 77.762481689
0.997697413 0.010461600 -0.067008138 -5.663233757 -0.010123358 0.999934256 0.005385350 -0.919445813 0.067060068 -0.004694601 0.997737288 78.277847290
0.998527765 0.015688127 -0.051920868 -5.692183495 -0.015453844 0.999868512 0.004910728 -0.927191019 0.051991079 -0.004101120 0.998638511 78.777221680
0.999203801 0.020958982 -0.033941738 -5.707438469 -0.020791149 0.999769807 0.005290191 -0.932038128 0.034044810 -0.004580290 0.999409199 79.262786865
0.999737442 0.019521067 -0.011978595 -5.697906494 -0.019454082 0.999794543 0.005683200 -0.936723828 0.012087088 -0.005448673 0.999911487 79.740737915
0.999771774 0.015991582 0.014151754 -5.668223858 -0.016083373 0.999850154 0.006396485 -0.943377316 -0.014047320 -0.006622631 0.999878824 80.205963135
0.998942018 0.014865246 0.043515787 -5.625635624 -0.015217633 0.999853909 0.007777915 -0.951790214 -0.043393776 -0.008431889 0.999021888 80.658981323
0.996978819 0.014433872 0.076319367 -5.566342354 -0.015159619 0.999845088 0.008938571 -0.958109260 -0.076178476 -0.010068533 0.997042775 81.108444214
0.993379116 0.014626272 0.113946632 -5.493112564 -0.015768925 0.999833882 0.009133035 -0.960837543 -0.113794059 -0.010869376 0.993444264 81.555740356
0.987731218 0.014926518 0.155447423 -5.399509430 -0.016494943 0.999825120 0.008804676 -0.964088798 -0.155288726 -0.011260745 0.987804234 81.982528687
0.979604006 0.014623174 0.200404376 -5.283331871 -0.016664868 0.999824882 0.008504600 -0.970740259 -0.200244814 -0.011670847 0.979675710 82.402572632
0.968263268 0.016856436 0.249362901 -5.151586533 -0.018998383 0.999800324 0.006185234 -0.980600774 -0.249208704 -0.010726422 0.968389690 82.807785034
0.953040242 0.017479135 0.302338541 -4.994288445 -0.019372050 0.999807000 0.003263167 -0.992323041 -0.302222967 -0.008966841 0.953194439 83.196929932
0.933471143 0.018042559 0.358198047 -4.817347527 -0.019505912 0.999809623 0.000472035 -0.995216489 -0.358121127 -0.007427605 0.933644950 83.565368652
0.909551919 0.018615380 0.415172726 -4.616773129 -0.019765286 0.999803483 -0.001527478 -1.004317880 -0.415119320 -0.006816682 0.909740806 83.914047241
0.880511820 0.018922782 0.473645896 -4.407351494 -0.019571921 0.999802113 -0.003559049 -1.014934421 -0.473619282 -0.006136371 0.880707681 84.240989685
0.847191691 0.017181564 0.531009078 -4.168853760 -0.016820511 0.999843359 -0.005515302 -1.030465603 -0.531020343 -0.004259322 0.847347677 84.547599792
0.810544670 0.017200246 0.585423827 -3.907181263 -0.015787864 0.999847174 -0.007517370 -1.037353754 -0.585463226 -0.003149422 0.810692072 84.839935303
0.771132708 0.015913675 0.636475205 -3.629500866 -0.014850078 0.999865234 -0.007007577 -1.048156738 -0.636500418 -0.004047930 0.771264911 85.106285095
0.728858888 0.015440851 0.684489429 -3.339869022 -0.016105566 0.999855757 -0.005405397 -1.056100011 -0.684473634 -0.007084311 0.729002297 85.352973938
0.683778107 0.014589836 0.729543746 -3.036318302 -0.015308896 0.999866962 -0.005647372 -1.062107563 -0.729528546 -0.007306954 0.683910370 85.583335876
0.637344956 0.013677950 0.770456910 -2.718490362 -0.011994647 0.999897540 -0.007828886 -1.066927791 -0.770484507 -0.004251654 0.637443542 85.790924072
0.590745866 0.011387620 0.806777000 -2.391731262 -0.006171633 0.999935031 -0.009594983 -1.072853565 -0.806833327 0.000689066 0.590777695 85.971588135
0.544156015 0.013499540 0.838875055 -2.060119390 -0.007931560 0.999908745 -0.010945968 -1.083134294 -0.838945806 -0.000697272 0.544213355 86.142684937
0.496801436 0.016664637 0.867703855 -1.722965479 -0.011625554 0.999853790 -0.012546454 -1.090664983 -0.867785633 -0.003854438 0.496922493 86.305351257
0.451321751 0.018800870 0.892162859 -1.383295417 -0.012353078 0.999813974 -0.014820340 -1.102362394 -0.892275095 -0.004332211 0.451470017 86.443954468
0.409234941 0.016396211 0.912281394 -1.031305790 -0.004840394 0.999863565 -0.015798980 -1.110457897 -0.912415504 0.002049695 0.409258485 86.555740356
0.369805396 0.009214921 0.929063261 -0.666118622 0.010332636 0.999848306 -0.014029816 -1.115892291 -0.929051161 0.014787968 0.369654089 86.646987915
0.334491670 0.005774625 0.942380786 -0.303426445 0.014682618 0.999828041 -0.011338139 -1.121829033 -0.942283690 0.017629122 0.334349394 86.738601685
0.301272601 0.009882201 0.953486621 0.056032449 0.012232342 0.999824047 -0.014227501 -1.131298900 -0.953459024 0.015949724 0.301098794 86.834457397
0.269947499 0.017353233 0.962718427 0.420031250 0.001627649 0.999827981 -0.018478539 -1.148465872 -0.962873161 0.006555201 0.269872934 86.936859131
0.241598472 0.021564193 0.970136464 0.798770905 -0.003151295 0.999765277 -0.021437999 -1.170796156 -0.970370710 0.002122202 0.241609827 87.022926331
0.216024578 0.023230381 0.976111293 1.190520287 -0.001878936 0.999725044 -0.023376532 -1.189344883 -0.976385653 0.003215856 0.216008946 87.089591980
0.192701295 0.024658313 0.980947316 1.589808226 0.005484051 0.999641538 -0.026205543 -1.202402472 -0.981241643 0.010429407 0.192497119 87.142822266
0.172687978 0.031107608 0.984484971 1.998155117 0.012383870 0.999353588 -0.033749670 -1.203630328 -0.984898269 0.018019896 0.172191247 87.189399719
0.152871132 0.037869025 0.987519979 2.417098522 0.014326661 0.999075592 -0.040529959 -1.208717465 -0.988141835 0.020343728 0.152187422 87.241249084
0.135161906 0.038733322 0.990065813 2.851859570 0.011945294 0.999099314 -0.040717471 -1.224701524 -0.990751088 0.017330084 0.134577602 87.298454285
0.119656906 0.034305234 0.992222130 3.305145741 0.009769903 0.999313772 -0.035728615 -1.253424048 -0.992766857 0.013969094 0.119239740 87.349914551
0.105196327 0.031068465 0.993965745 3.772773743 0.009968595 0.999428689 -0.032294240 -1.276997209 -0.994401157 0.013305680 0.104826622 87.391105652
0.092030495 0.028618330 0.995344579 4.257507801 0.012467407 0.999475479 -0.029889846 -1.297413945 -0.995677829 0.015160146 0.091625527 87.424789429
0.080448173 0.027880328 0.996368527 4.755541801 0.016001683 0.999443829 -0.029258374 -1.316956639 -0.996630013 0.018297357 0.079957396 87.452316284
0.070435405 0.028531658 0.997107923 5.267700195 0.019222626 0.999366462 -0.029954160 -1.334577441 -0.997330785 0.021276865 0.069842421 87.476051331
0.062613897 0.029150987 0.997611761 5.792180538 0.021248123 0.999307871 -0.030534159 -1.353001356 -0.997811258 0.023109239 0.061951254 87.502426147
0.057158366 0.029463114 0.997930110 6.341063976 0.022990314 0.999260545 -0.030819211 -1.372644424 -0.998100042 0.024704300 0.056438833 87.526588440
0.051602960 0.030549547 0.998200178 6.903504848 0.024256470 0.999198794 -0.031834077 -1.392188311 -0.998372734 0.025855543 0.050820693 87.551040649
0.045623276 0.031296805 0.998468220 7.481572151 0.024770206 0.999166310 -0.032450527 -1.412873387 -0.998651206 0.026212761 0.044810116 87.577819824
0.041277409 0.031276185 0.998657942 8.077286720 0.027335191 0.999100447 -0.032419894 -1.437717557 -0.998773336 0.028636716 0.040385440 87.598213196
0.038458075 0.031259637 0.998771012 8.697243690 0.028790331 0.999060929 -0.032377303 -1.461505532 -0.998845041 0.030000113 0.037522089 87.618034363
0.035439640 0.030839410 0.998895764 9.335620880 0.029723246 0.999049008 -0.031898700 -1.485926032 -0.998929381 0.030820899 0.034489397 87.638587952
0.033135824 0.030237762 0.998993218 9.992527962 0.031953584 0.998999178 -0.031297825 -1.509922385 -0.998939633 0.032958493 0.032136563 87.656478882
0.032499965 0.029889716 0.999024570 10.659702301 0.036213364 0.998861194 -0.031062914 -1.533915520 -0.998815119 0.037187584 0.031380653 87.672828674
0.033541780 0.029587096 0.998999119 11.349845886 0.039380923 0.998746336 -0.030901842 -1.558026433 -0.998660803 0.040378008 0.032334667 87.690467834
0.035959147 0.029534286 0.998916566 12.057587624 0.041017301 0.998677313 -0.031003764 -1.582895994 -0.998510778 0.042087726 0.034700278 87.713706970
0.039887048 0.029465614 0.998769462 12.781870842 0.043436315 0.998569071 -0.031194387 -1.608978629 -0.998259246 0.044627111 0.038550206 87.740455627
0.044245228 0.029074179 0.998597324 13.517207146 0.043733448 0.998561800 -0.031010864 -1.635893703 -0.998062611 0.045044180 0.042910188 87.773902893
0.048276179 0.027393134 0.998458087 14.270187378 0.045287661 0.998535812 -0.029584963 -1.663119435 -0.997806430 0.046646081 0.046965029 87.809761047
0.052287310 0.025848664 0.998297215 15.025172234 0.045098715 0.998583972 -0.028218202 -1.691261172 -0.997612834 0.046497382 0.051047634 87.850708008
0.056453213 0.023789311 0.998121500 15.798693657 0.041958097 0.998776376 -0.026178047 -1.717687368 -0.997522831 0.043357119 0.055386089 87.900650024
0.060541991 0.022716947 0.997906804 16.589168549 0.041331608 0.998826504 -0.025245432 -1.743021011 -0.997309208 0.042773508 0.059532121 87.952430725
0.064698502 0.023741983 0.997622073 17.380416870 0.038778622 0.998902023 -0.026287343 -1.771088362 -0.997150719 0.040387169 0.063706882 88.009101868
0.067800209 0.027753996 0.997312486 18.162284851 0.036630634 0.998869836 -0.030287592 -1.804091573 -0.997025847 0.038585704 0.066707030 88.065063477
0.069091775 0.033199497 0.997057378 18.951618195 0.030680697 0.998902738 -0.035386980 -1.834981441 -0.997138023 0.033035375 0.067997470 88.130531311
0.069000959 0.036340222 0.996954143 19.756837845 0.028092390 0.998869359 -0.038354356 -1.869856477 -0.997220576 0.030653320 0.067902155 88.189712524
0.069297388 0.035902347 0.996949434 20.556594849 0.026062954 0.998946011 -0.037785873 -1.907336354 -0.997255147 0.028601918 0.068288721 88.247871399
0.069468282 0.034354772 0.996992052 21.368144989 0.023581676 0.999071121 -0.036069538 -1.945010066 -0.997304976 0.026016440 0.068593703 88.307899475
0.069352657 0.033157270 0.997040629 22.181676865 0.024555365 0.999087989 -0.034933399 -1.983499408 -0.997289538 0.026905427 0.068475313 88.365562439
0.069885172 0.032655265 0.997020006 22.983648300 0.022061989 0.999169052 -0.034272071 -2.021752119 -0.997310638 0.024391361 0.069106758 88.422348022
0.070071824 0.033062790 0.996993482 23.791551590 0.020444926 0.999193132 -0.034572668 -2.061274052 -0.997332036 0.022806035 0.069339409 88.482978821
0.070165932 0.033683166 0.996966064 24.598947525 0.017390789 0.999236643 -0.034983832 -2.103247166 -0.997383356 0.019792708 0.069526687 88.544578552
0.069019124 0.035084710 0.996997774 25.403764725 0.014707011 0.999237061 -0.036181636 -2.142610073 -0.997506499 0.017160088 0.068450563 88.606491089
0.066135935 0.034830291 0.997202098 26.216968536 0.012030021 0.999290228 -0.035701074 -2.180281162 -0.997737646 0.014357492 0.065670066 88.670005798
0.062138814 0.033741795 0.997496545 27.022478104 0.009802511 0.999359667 -0.034415461 -2.216622353 -0.998018920 0.011916513 0.061768353 88.728042603
0.057139076 0.031389676 0.997872174 27.834461212 0.007976678 0.999459445 -0.031896356 -2.253673553 -0.998333871 0.009782240 0.056857888 88.785476685
0.050858110 0.029310616 0.998275220 28.640832901 0.005939168 0.999542832 -0.029650407 -2.293825388 -0.998687744 0.007436895 0.050660860 88.831756592
0.043519598 0.029549647 0.998615026 29.444402695 0.005881597 0.999537766 -0.029833267 -2.330425262 -0.999034762 0.007171790 0.043325759 88.867889404
0.034890860 0.030554229 0.998923540 30.240274429 0.005701866 0.999510348 -0.030771334 -2.367164135 -0.999374390 0.006769373 0.034699641 88.895057678
0.025119733 0.031059749 0.999201417 31.035118103 0.006708859 0.999489665 -0.031237366 -2.400747776 -0.999661505 0.007488182 0.024898618 88.911689758
0.014789210 0.030110905 0.999436796 31.838178635 0.008271595 0.999508739 -0.030235469 -2.435268402 -0.999855936 0.008714099 0.014532961 88.926727295
0.003943740 0.029056568 0.999569714 32.635482788 0.007530625 0.999548733 -0.029085668 -2.470158100 -0.999963403 0.007642095 0.003723231 88.931236267
-0.006999387 0.028472621 0.999569774 33.416584015 0.009351285 0.999552846 -0.028406655 -2.500824213 -0.999931335 0.009148436 -0.007262425 88.919883728
-0.018003508 0.029073915 0.999414802 34.197517395 0.010151134 0.999531090 -0.028894434 -2.528866529 -0.999785960 0.009624995 -0.018290108 88.906654358
-0.029007386 0.029574960 0.999141276 34.980426788 0.010372006 0.999517441 -0.029284973 -2.566641569 -0.999524951 0.009513622 -0.029300045 88.881889343
-0.039568637 0.030784121 0.998742282 35.756267548 0.009951310 0.999488056 -0.030412853 -2.599916935 -0.999166846 0.008735402 -0.039854623 88.851295471
-0.049690671 0.031724572 0.998260438 36.515861511 0.011020103 0.999452174 -0.031213894 -2.636908770 -0.998703420 0.009449896 -0.050012954 88.807899475
-0.059203677 0.032421831 0.997718990 37.283435822 0.011952266 0.999424040 -0.031768002 -2.672307014 -0.998173892 0.010044224 -0.059556980 88.760536194
-0.068824485 0.033008918 0.997082233 38.037227631 0.013183379 0.999395549 -0.032175507 -2.704269171 -0.997541130 0.010930453 -0.069217935 88.705421448
-0.078028791 0.033320419 0.996393800 38.775798798 0.013727553 0.999382734 -0.032345355 -2.741697073 -0.996856093 0.011154182 -0.078437924 88.642242432
-0.086537667 0.032895062 0.995705009 39.504257202 0.015031636 0.999384344 -0.031710207 -2.775505066 -0.996134698 0.012222949 -0.086978748 88.573310852
-0.093801312 0.031837903 0.995081365 40.235195160 0.016769249 0.999397576 -0.030395249 -2.809484482 -0.995449245 0.013835655 -0.094278581 88.501022339
-0.098944552 0.030143023 0.994635940 40.952388763 0.019460272 0.999408841 -0.028351797 -2.844645977 -0.994902194 0.016550628 -0.099472538 88.425140381
-0.102651253 0.028528586 0.994307876 41.655136108 0.022583695 0.999398112 -0.026343118 -2.875393391 -0.994460523 0.019750988 -0.103233643 88.349365234
-0.105207950 0.027538273 0.994068503 42.367832184 0.024337348 0.999388695 -0.025109895 -2.902957678 -0.994151890 0.021551227 -0.105813742 88.270278931
-0.107125178 0.026755054 0.993885100 43.054698944 0.024254149 0.999410987 -0.024289589 -2.931730270 -0.993949175 0.021503808 -0.107710898 88.201698303
-0.107897967 0.027141534 0.993791044 43.713031769 0.024949964 0.999386609 -0.024585482 -2.962254524 -0.993848383 0.022142325 -0.108508870 88.132324219
-0.107135057 0.028091840 0.993847191 44.372013092 0.025506362 0.999349713 -0.025497826 -2.992532969 -0.993916750 0.022617714 -0.107781820 88.064537048
-0.104046799 0.029808493 0.994125247 44.998851776 0.026597492 0.999276936 -0.027179224 -3.019561768 -0.994216204 0.023613324 -0.104764313 87.998550415
-0.098846592 0.030352265 0.994639277 45.615119934 0.026839234 0.999252677 -0.027825775 -3.046615124 -0.994740129 0.023944875 -0.099587262 87.941238403
-0.090963207 0.031050382 0.995369673 46.218070984 0.026105303 0.999244928 -0.028785596 -3.074837208 -0.995511472 0.023366001 -0.091705017 87.895324707
-0.079995342 0.031041453 0.996311426 46.811836243 0.024854304 0.999266624 -0.029137932 -3.102941513 -0.996484756 0.022431731 -0.080708109 87.861267090
-0.066406816 0.031249372 0.997302830 47.371078491 0.023775840 0.999275506 -0.029728033 -3.133697033 -0.997508764 0.021737572 -0.067101605 87.836105347
-0.049349584 0.032520041 0.998251677 47.914142609 0.022674598 0.999248981 -0.031431582 -3.163709879 -0.998523593 0.021083822 -0.050049830 87.824150085
-0.028278943 0.035135005 0.998982072 48.446105957 0.020864028 0.999185383 -0.034551531 -3.190894365 -0.999381781 0.019865714 -0.028988903 87.826339722
-0.003871761 0.038010020 0.999269545 48.951572418 0.018483503 0.999109685 -0.037932310 -3.219896793 -0.999821186 0.018323140 -0.004570823 87.843986511
0.024160895 0.039639961 0.998921573 49.471130371 0.016133284 0.999068320 -0.040035985 -3.249288321 -0.999577403 0.017083194 0.023498900 87.879814148
0.057186395 0.038735632 0.997611463 49.981979370 0.013401499 0.999127507 -0.039562702 -3.281482697 -0.998273134 0.015631940 0.056617409 87.930946350
0.095139578 0.036100354 0.994808793 50.487857819 0.012073138 0.999227166 -0.037415303 -3.309966803 -0.995390296 0.015570142 0.094630219 88.000595093
0.137003973 0.032194719 0.990046859 50.984294891 0.009608030 0.999381781 -0.033827834 -3.339588165 -0.990523458 0.014146951 0.136609942 88.095954895
0.182697505 0.027777642 0.982776403 51.470767975 0.007148743 0.999537110 -0.029580310 -3.367336273 -0.983142734 0.012429867 0.182414323 88.207969666
0.230598375 0.024584474 0.972738147 51.951354980 0.002184754 0.999665439 -0.025782933 -3.392039299 -0.973046124 0.008070700 0.230467469 88.357604980
0.281917065 0.023184607 0.959158361 52.417015076 -0.001994287 0.999720216 -0.023578893 -3.413561821 -0.959436238 0.004734460 0.281884372 88.529914856
0.336142242 0.023038132 0.941529095 52.859386444 -0.003291106 0.999723613 -0.023287097 -3.430634260 -0.941805005 0.004729109 0.336125076 88.726852417
0.393522620 0.023466650 0.919014990 53.297706604 -0.002091180 0.999694645 -0.024631318 -3.450589657 -0.919312000 0.007771160 0.393451452 88.952392578
0.453143656 0.026628397 0.891039371 53.704917908 -0.001649147 0.999577284 -0.029033324 -3.471858740 -0.891435444 0.011686814 0.452995926 89.197334290
0.512753189 0.027755165 0.858086944 54.095485687 0.000098992 0.999475539 -0.032387581 -3.508442879 -0.858535528 0.016691780 0.512481391 89.466819763
0.570009530 0.031744860 0.821024179 54.452377319 -0.004223120 0.999353468 -0.035707973 -3.527891636 -0.821626604 0.016886601 0.569774926 89.776191711
0.625646949 0.033663992 0.779379249 54.793121338 -0.007314580 0.999277830 -0.037290357 -3.550327063 -0.780071437 0.017629767 0.625441194 90.102851868
0.678544760 0.034795158 0.733734190 55.109699249 -0.009208608 0.999202013 -0.038868219 -3.563093901 -0.734500766 0.019617151 0.678323448 90.446113586
0.727278352 0.032374926 0.685578346 55.386814117 -0.009375199 0.999262393 -0.037242524 -3.584309340 -0.686278045 0.020658245 0.727045119 90.791625977
0.772407770 0.028405214 0.634491146 55.652294159 -0.011007606 0.999448180 -0.031343512 -3.603661060 -0.635030985 0.017225740 0.772293806 91.177085876
0.813712299 0.022922646 0.580815375 55.897827148 -0.011159403 0.999654114 -0.023818543 -3.619574785 -0.581160188 0.012899885 0.813686192 91.582916260
0.849854171 0.020505179 0.526618540 56.109676361 -0.013386006 0.999760389 -0.017325848 -3.630587578 -0.526847363 0.007675126 0.849924505 92.007980347
0.880759358 0.016900914 0.473262012 56.303539276 -0.013932227 0.999855280 -0.009777938 -3.641700745 -0.473358542 0.002018420 0.880866826 92.451812744
0.906035304 0.017444881 0.422841907 56.457874298 -0.017353088 0.999841273 -0.004066763 -3.656098843 -0.422845513 -0.003652974 0.906193733 92.887733459
0.925988555 0.019156171 0.377064824 56.600158691 -0.020609271 0.999787688 -0.000180745 -3.669660091 -0.376988024 -0.007603653 0.926186264 93.339622498
0.941053569 0.025127219 0.337322384 56.715480804 -0.027662065 0.999613702 0.002709497 -3.680168629 -0.337123811 -0.011880803 0.941384733 93.795127869
0.952741683 0.029652074 0.302330345 56.821964264 -0.031689622 0.999496162 0.001835373 -3.681998253 -0.302123398 -0.011329357 0.953200877 94.254364014
0.961936593 0.031331901 0.271469831 56.929538727 -0.033176947 0.999447107 0.002208504 -3.684735298 -0.271250397 -0.011130969 0.962443829 94.718544006
0.968045533 0.025789982 0.249443933 57.043693542 -0.027319271 0.999623239 0.002670058 -3.690257788 -0.249280974 -0.009399353 0.968384922 95.189392090
0.972005367 0.023059139 0.233823434 57.152637482 -0.024541928 0.999693036 0.003433460 -3.697938919 -0.233672336 -0.009075808 0.972272396 95.671577454
0.974862397 0.027370961 0.221119180 57.246540070 -0.028772846 0.999581277 0.003120774 -3.701105118 -0.220941037 -0.009404543 0.975241184 96.163993835
0.976817429 0.032784075 0.211547866 57.335586548 -0.034309242 0.999405146 0.003541929 -3.699007988 -0.211305797 -0.010717855 0.977360606 96.664260864
0.977798104 0.040586255 0.205580190 57.422794342 -0.041938197 0.999117911 0.002221180 -3.700405121 -0.205308601 -0.010793517 0.978637099 97.178382874
0.978157520 0.046179548 0.202669576 57.515869141 -0.046861693 0.998900473 -0.001434174 -3.704230070 -0.202512875 -0.008094581 0.979245484 97.700439453
0.978289902 0.047413025 0.201743558 57.621414185 -0.047612865 0.998858452 -0.003864971 -3.715096712 -0.201696441 -0.005824517 0.979430079 98.226181030
0.977853060 0.046029497 0.204167023 57.737384796 -0.045472711 0.998938084 -0.007420402 -3.723824024 -0.204291701 -0.002027957 0.978907228 98.756958008
0.977130711 0.044339921 0.207964137 57.855880737 -0.042356640 0.999004722 -0.013982383 -3.728252411 -0.208377063 0.004853958 0.978035748 99.301834106
0.976223111 0.044886835 0.212068707 57.976837158 -0.041861977 0.998947740 -0.018734444 -3.735412836 -0.212686419 0.009411383 0.977074325 99.851997375
0.975044131 0.049651876 0.216386393 58.099002838 -0.046797987 0.998736799 -0.018296264 -3.746777534 -0.217021406 0.007713220 0.976135552 100.418182373
0.973614991 0.052594416 0.222052023 58.225402832 -0.050672509 0.998612225 -0.014347637 -3.759146214 -0.222498372 0.002717145 0.974928498 101.008972168
0.972714305 0.049491607 0.226664633 58.368133545 -0.048542023 0.998773396 -0.009765042 -3.771624804 -0.226869792 -0.001504157 0.973923147 101.610969543
0.972038627 0.044985685 0.230470404 58.517864227 -0.045232635 0.998967528 -0.004214773 -3.783081532 -0.230421960 -0.006327853 0.973069429 102.218544006
0.971251905 0.042480960 0.234231621 58.666614532 -0.043776143 0.999041259 0.000330535 -3.791515350 -0.233992919 -0.010574780 0.972179949 102.842002869
0.970719635 0.037861463 0.237211347 58.820476532 -0.039200094 0.999230921 0.000927247 -3.797697067 -0.236993700 -0.010198795 0.971456766 103.470787048
0.970808387 0.034446806 0.237368524 58.984237671 -0.034935474 0.999387205 -0.002148784 -3.805747032 -0.237296999 -0.006206518 0.971416414 104.110534668
0.970921516 0.033777472 0.237001374 59.143898010 -0.032536738 0.999428570 -0.009145778 -3.816658974 -0.237174779 0.001168584 0.971465409 104.761245728
0.971055686 0.035989143 0.236124530 59.299678802 -0.033197157 0.999323905 -0.015790520 -3.826551437 -0.236533090 0.007494812 0.971593678 105.415245056
0.971578360 0.038853921 0.233506233 59.449897766 -0.035265438 0.999187052 -0.019524999 -3.837298632 -0.234074950 0.010735364 0.972158432 106.083572388
0.972220898 0.037138853 0.231098741 59.613510132 -0.034540858 0.999286294 -0.015279245 -3.849354506 -0.231501192 0.006872450 0.972809553 106.776451111
0.972649455 0.033164330 0.229896992 59.775318146 -0.032246530 0.999449670 -0.007749218 -3.864628792 -0.230027422 0.000123892 0.973183334 107.477226257
0.973233998 0.033315621 0.227387369 59.935924530 -0.033795130 0.999426961 -0.001785358 -3.882871628 -0.227316499 -0.005947014 0.973801970 108.190551758
0.973509252 0.036598429 0.225698039 60.091140747 -0.037022028 0.999311447 -0.002356901 -3.897397757 -0.225628838 -0.006061335 0.974193692 108.913894653
0.973754704 0.042501152 0.223594785 60.241901398 -0.042010687 0.999092758 -0.006952276 -3.906563759 -0.223687336 -0.002623559 0.974656641 109.643615723
0.974592745 0.043441102 0.219729513 60.399738312 -0.041774105 0.999051988 -0.012229513 -3.916447163 -0.220052391 0.002739791 0.975483418 110.384033203
0.975522339 0.042159349 0.215819299 60.561218262 -0.039850883 0.999092162 -0.015038766 -3.927129984 -0.216257319 0.006070061 0.976316750 111.133247375
0.976426482 0.040106066 0.212089911 60.721298218 -0.038104936 0.999182045 -0.013515964 -3.942475796 -0.212458447 0.005115670 0.977155924 111.899734497
0.977288663 0.036463693 0.208750203 60.885906219 -0.034830458 0.999326825 -0.011495778 -3.958462000 -0.209028795 0.003963824 0.977900684 112.680267334
0.977696836 0.035356037 0.207022280 61.049468994 -0.034292102 0.999373436 -0.008726663 -3.978015661 -0.207201064 0.001432798 0.978296518 113.469268799
0.978082001 0.032076862 0.205732837 61.220008850 -0.031433098 0.999485075 -0.006397645 -3.991676807 -0.205832079 -0.000209402 0.978586495 114.254051208
0.978306115 0.026873987 0.205412477 61.389923096 -0.026376655 0.999638498 -0.005159546 -4.002444744 -0.205476835 -0.000370483 0.978661060 115.052719116
0.978419840 0.027847495 0.204740003 61.549552917 -0.027694860 0.999609649 -0.003611553 -4.015406609 -0.204760611 -0.002136634 0.978808939 115.845527649
0.978135407 0.033419918 0.205264479 61.702068329 -0.032977998 0.999440312 -0.005574580 -4.029590607 -0.205335841 -0.001316523 0.978689849 116.652725220
0.977809906 0.039271757 0.205778405 61.861995697 -0.038269401 0.999228060 -0.008850499 -4.045822620 -0.205967084 0.000779084 0.978557825 117.462669373
0.977235019 0.048164524 0.206618145 62.022884369 -0.047023084 0.998839140 -0.010434719 -4.061613560 -0.206880823 0.000481345 0.978365302 118.284286499
0.976276457 0.054132726 0.209649965 62.180290222 -0.053272333 0.998532176 -0.009753149 -4.078338146 -0.209870160 -0.001646777 0.977727175 119.109779358
0.975474894 0.056885064 0.212631196 62.344760895 -0.056532536 0.998370528 -0.007742533 -4.098416805 -0.212725118 -0.004467938 0.977101147 119.940628052
0.974887609 0.057419848 0.215165421 62.527870178 -0.056934316 0.998341858 -0.008458963 -4.118641853 -0.215294316 -0.004003761 0.976540267 120.781730652
0.974581361 0.055934265 0.216936797 62.711177826 -0.054815169 0.998433769 -0.011177495 -4.135909557 -0.217222169 -0.000998051 0.976120949 121.605934143
0.974569261 0.050047036 0.218423933 62.901340485 -0.049068421 0.998746037 -0.009905953 -4.155577660 -0.218645751 -0.001063683 0.975803018 122.445129395
0.974866152 0.043465625 0.218508095 63.096290588 -0.042014234 0.999053001 -0.011286573 -4.179101467 -0.218791693 0.001822445 0.975769162 123.265373230
0.974621534 0.042781938 0.219730780 63.282070160 -0.041301601 0.999082267 -0.011328626 -4.203196526 -0.220013723 0.001965888 0.975494087 124.096290588
0.974072158 0.045502249 0.221612126 63.470741272 -0.044763401 0.998962402 -0.008358099 -4.220269203 -0.221762434 -0.001778722 0.975098431 124.939483643
0.973638475 0.047579948 0.223076880 63.645904541 -0.048176553 0.998834729 -0.002770192 -4.234127998 -0.222948700 -0.008049911 0.974796236 125.772354126
0.973271430 0.050981209 0.223926038 63.822235107 -0.052656926 0.998611212 0.001514179 -4.251547337 -0.223537832 -0.013264966 0.974604309 126.585762024
0.973051667 0.050444137 0.225000069 64.007431030 -0.050631266 0.998704910 -0.004942107 -4.267932415 -0.224957943 -0.006583115 0.974345565 127.415168762
0.973343372 0.046452753 0.224597499 64.195549011 -0.043258123 0.998880625 -0.019126426 -4.289679050 -0.225234523 0.008900912 0.974263251 128.220947266
