1.000000000 0.000000000 0.000000000 0.000000000 0.000000000 1.000000000 0.000000000 0.000000000 0.000000000 0.000000000 1.000000000 0.000000000
0.999991059 -0.002559480 -0.003363031 -0.000903997 0.002552453 0.999994576 -0.002091971 -0.005560021 0.003368367 0.002083368 0.999992132 0.670327902
0.999971509 -0.001447416 -0.007403714 -0.012514281 0.001421129 0.999992728 -0.003554414 -0.011760172 0.007408805 0.003543791 0.999966264 1.347623110
0.999935389 -0.001299972 -0.011288933 -0.026587240 0.001243376 0.999986708 -0.005018929 -0.015800629 0.011295308 0.005004569 0.999923646 2.052960873
0.999870658 0.000126495 -0.016077986 -0.046765383 -0.000215867 0.999984622 -0.005557008 -0.023649655 0.016077038 0.005559760 0.999855280 2.779110432
0.999784708 -0.000836214 -0.020728063 -0.058950763 0.000713141 0.999982119 -0.005944156 -0.028364629 0.020732665 0.005928095 0.999767423 3.518092871
0.999680221 0.000999728 -0.025264211 -0.084212467 -0.001179754 0.999974012 -0.007111801 -0.039974049 0.025256446 0.007139334 0.999655485 4.272446156
0.999538422 0.003686803 -0.030152492 -0.113901854 -0.003919241 0.999963045 -0.007653282 -0.049299590 0.030123163 0.007767926 0.999516010 5.031078339
0.999395430 0.003959134 -0.034539640 -0.144037157 -0.004170609 0.999972999 -0.006052727 -0.058889069 0.034514748 0.006193120 0.999384999 5.807674408
0.999234855 0.003261707 -0.038972907 -0.179225087 -0.003394155 0.999988675 -0.003332738 -0.069146447 0.038961601 0.003462470 0.999234736 6.594318867
0.999090672 0.002832482 -0.042540550 -0.214720532 -0.002864244 0.999995589 -0.000685661 -0.081076801 0.042538431 0.000806886 0.999094486 7.412940025
0.998972178 0.004476666 -0.045104295 -0.260121942 -0.004535070 0.999988914 -0.001192580 -0.094212681 0.045098461 0.001395907 0.998981595 8.224716187
0.998866558 0.003948989 -0.047432117 -0.300192446 -0.004017373 0.999991000 -0.001346447 -0.103632122 0.047426373 0.001535474 0.998873591 9.047524452
0.998786807 0.000931499 -0.049231965 -0.337583333 -0.001022559 0.999997795 -0.001824445 -0.111223161 0.049230155 0.001872576 0.998785734 9.883802414
0.998667836 0.000903499 -0.051589090 -0.376993984 -0.000950528 0.999999166 -0.000887064 -0.122496493 0.051588241 0.000934921 0.998668015 10.717198372
0.998585522 -0.000480227 -0.053164348 -0.420491070 0.000422963 0.999999344 -0.001088340 -0.133610457 0.053164825 0.001064316 0.998585224 11.562376976
0.998486817 0.001926360 -0.054954205 -0.473125696 -0.002114004 0.999992192 -0.003356589 -0.146112800 0.054947298 0.003467685 0.998483300 12.421794891
0.998403013 0.002611296 -0.056428421 -0.524191141 -0.002952170 0.999977946 -0.005958269 -0.157957911 0.056411605 0.006115342 0.998388946 13.279256821
0.998282790 0.006661636 -0.058194514 -0.583156824 -0.007116939 0.999945700 -0.007620010 -0.168395594 0.058140576 0.008021094 0.998276293 14.152361870
0.998217523 0.007600213 -0.059189804 -0.640802324 -0.008053379 0.999940038 -0.007421309 -0.180381924 0.059129834 0.007884761 0.998219252 15.041813850
0.998138964 0.007104184 -0.060559887 -0.692528784 -0.007480726 0.999954045 -0.005993178 -0.194293678 0.060514513 0.006435059 0.998146653 15.904235840
0.998039901 0.007944429 -0.062069461 -0.750896394 -0.008243781 0.999955535 -0.004568197 -0.206058681 0.062030401 0.005070932 0.998061478 16.793907166
0.997981369 0.007691417 -0.063035317 -0.810662150 -0.007982827 0.999958515 -0.004372362 -0.221761778 0.062999070 0.004866737 0.998001814 17.698598862
0.997868001 0.007742441 -0.064799659 -0.868059337 -0.008110510 0.999952316 -0.005418912 -0.233177990 0.064754620 0.005932919 0.997883677 18.599208832
0.997803092 0.006120660 -0.065962106 -0.928368807 -0.006545457 0.999959111 -0.006225762 -0.245027795 0.065921307 0.006643840 0.997802794 19.497417450
0.997760296 0.006000635 -0.066617779 -0.989746988 -0.006318731 0.999969542 -0.004565214 -0.256086648 0.066588357 0.004975931 0.997768223 20.427244186
0.997747838 0.007237652 -0.066680677 -1.053446531 -0.007328370 0.999972463 -0.001115924 -0.270694077 0.066670761 0.001602072 0.997773826 21.338104248
0.997793913 0.008183557 -0.065877669 -1.118756533 -0.008028829 0.999964297 0.002613178 -0.281926572 0.065896697 -0.002078493 0.997824371 22.266572952
0.997903824 0.006766133 -0.064356193 -1.181032777 -0.006423115 0.999963939 0.005535453 -0.287602454 0.064391322 -0.005110484 0.997911692 23.196016312
0.997996509 0.006870065 -0.062891111 -1.243704200 -0.006490215 0.999959350 0.006242148 -0.292908370 0.062931426 -0.005821467 0.998000920 24.142370224
0.998082399 0.007129842 -0.061483081 -1.304614782 -0.006922468 0.999969482 0.003585265 -0.304637372 0.061506752 -0.003152776 0.998101711 25.076694489
0.998133898 0.008089931 -0.060519688 -1.366556764 -0.008177998 0.999965727 -0.001207570 -0.315670192 0.060507827 0.001700248 0.998166263 26.000234604
0.998222947 0.007062711 -0.059164040 -1.432112336 -0.007321497 0.999964416 -0.004158345 -0.325567245 0.059132550 0.004584128 0.998239577 26.925945282
0.998275459 0.004351728 -0.058536895 -1.486225724 -0.004535713 0.999985039 -0.003010513 -0.338850826 0.058522902 0.003270829 0.998280704 27.876546860
0.998266578 0.002604321 -0.058791298 -1.544702649 -0.002482796 0.999994457 0.002140063 -0.354742587 0.058796529 -0.001990387 0.998268008 28.851829529
0.998219550 -0.001248998 -0.059627589 -1.601975322 0.001591903 0.999982297 0.005703671 -0.370215088 0.059619393 -0.005788440 0.998204410 29.823867798
0.998121500 -0.008479124 -0.060669854 -1.654364824 0.008811492 0.999947369 0.005212883 -0.381550223 0.060622446 -0.005737684 0.998144269 30.767618179
0.998017490 -0.010330711 -0.062077928 -1.714283705 0.010429669 0.999944627 0.001270274 -0.388119042 0.062061355 -0.001915207 0.998070478 31.740118027
0.997933567 -0.010058200 -0.063457087 -1.778826594 0.009905758 0.999947071 -0.002716435 -0.399046272 0.063481033 0.002082234 0.997980833 32.716117859
0.997806370 -0.008583857 -0.065637223 -1.848501444 0.008390839 0.999959469 -0.003215794 -0.413826823 0.065662146 0.002657991 0.997838318 33.693519592
0.997764647 -0.008862324 -0.066231824 -1.914182425 0.008774347 0.999960005 -0.001619138 -0.430622965 0.066243507 0.001034380 0.997802913 34.677433014
0.997688711 -0.005900660 -0.067690089 -1.985662460 0.006004146 0.999980867 0.001325443 -0.446584225 0.067680962 -0.001728799 0.997705460 35.659420013
0.997624934 -0.005784829 -0.068633638 -2.057778597 0.005980978 0.999978364 0.002652725 -0.459984064 0.068616800 -0.003056920 0.997638345 36.651046753
0.997562408 -0.004568291 -0.069627665 -2.132124662 0.004947673 0.999973595 0.005277192 -0.468233347 0.069601715 -0.005608824 0.997559011 37.627170563
0.997587025 -0.004824221 -0.069256566 -2.208029032 0.005411041 0.999950767 0.008287996 -0.473316878 0.069213167 -0.008642749 0.997564375 38.609085083
0.997542560 0.000999801 -0.070052572 -2.281304836 -0.000246512 0.999941766 0.010760966 -0.480776727 0.070059255 -0.010717254 0.997485161 39.587802887
0.997521996 0.001242014 -0.070340559 -2.351637840 -0.000514346 0.999945879 0.010362043 -0.494593114 0.070349619 -0.010300187 0.997469127 40.600143433
0.997536659 0.001210448 -0.070133060 -2.426954746 -0.000603133 0.999961793 0.008679953 -0.495450646 0.070140898 -0.008616272 0.997499824 41.585155487
0.997528076 0.003432065 -0.070182458 -2.503571987 -0.002981607 0.999973893 0.006522082 -0.499699593 0.070203029 -0.006296702 0.997512817 42.557621002
0.997464895 0.003197238 -0.071085937 -2.574660063 -0.002740008 0.999974608 0.006528597 -0.503817320 0.071105026 -0.006317269 0.997448802 43.535884857
0.997368395 0.001013477 -0.072490774 -2.645353079 -0.000436284 0.999967694 0.007977641 -0.512834966 0.072496533 -0.007925019 0.997337162 44.517753601
0.997309268 0.001612246 -0.073288999 -2.720035553 -0.000957967 0.999958992 0.008961614 -0.519847810 0.073300458 -0.008867291 0.997270405 45.507083893
0.997290909 0.004144813 -0.073439069 -2.797972441 -0.003763256 0.999978304 0.005333125 -0.529773176 0.073459595 -0.005042304 0.997285306 46.473396301
0.997225702 0.004836584 -0.074277155 -2.878027678 -0.004758609 0.999987543 0.001226679 -0.539831161 0.074282177 -0.000869816 0.997236729 47.427745819
0.997165024 0.005690750 -0.075027488 -2.954208136 -0.005708219 0.999983311 -0.000018451 -0.551197827 0.075026155 0.000446677 0.997181296 48.391246796
0.997165322 0.004247037 -0.075119108 -3.028926373 -0.003994195 0.999985456 0.003515754 -0.566012502 0.075132973 -0.003205744 0.997168183 49.364070892
0.997166455 0.002434558 -0.075184926 -3.102666855 -0.001939215 0.999975622 0.006660595 -0.578727186 0.075199336 -0.006495920 0.997147143 50.335124969
0.997133911 0.000275651 -0.075653687 -3.175444365 0.000296669 0.999971151 0.007553616 -0.595195830 0.075653605 -0.007554409 0.997105300 51.292186737
0.997108698 -0.002580728 -0.075942434 -3.248029709 0.003074238 0.999974608 0.006382262 -0.606484830 0.075924061 -0.006597273 0.997091532 52.246582031
0.997056842 -0.005244125 -0.076483630 -3.315756798 0.005655089 0.999970436 0.005157612 -0.618301272 0.076454349 -0.005574953 0.997057259 53.195674896
0.996965587 -0.006865759 -0.077537432 -3.389947176 0.007378781 0.999952495 0.006331852 -0.626589775 0.077490300 -0.006884770 0.996969104 54.142173767
0.996864021 -0.009772715 -0.078524068 -3.462989569 0.010627158 0.999888480 0.010470740 -0.634829342 0.078413002 -0.011272393 0.996856987 55.079151154
0.996807456 -0.010176649 -0.079187654 -3.536634922 0.011443340 0.999813259 0.015558715 -0.642710030 0.079014547 -0.016415218 0.996738076 56.023277283
0.996773601 -0.008446909 -0.079814970 -3.613988876 0.009901384 0.999791563 0.017844908 -0.647680640 0.079647616 -0.018577615 0.996649742 56.962333679
0.996672511 -0.007179529 -0.081190072 -3.694072247 0.008326643 0.999869943 0.013798991 -0.648985386 0.081080467 -0.014429117 0.996602952 57.887577057
0.996560037 -0.005846346 -0.082664110 -3.773016930 0.006372782 0.999960840 0.006105951 -0.653126061 0.082625210 -0.006611746 0.996558607 58.809276581
0.996494472 -0.004541501 -0.083531663 -3.854132891 0.004662656 0.999988079 0.001255372 -0.656694055 0.083525009 -0.001640447 0.996504188 59.718643188
0.996425152 0.000527633 -0.084474854 -3.940600634 -0.000351926 0.999997437 0.002094872 -0.668264031 0.084475785 -0.002057651 0.996423304 60.616638184
0.996313095 0.003169476 -0.085729018 -4.024630070 -0.002793453 0.999985635 0.004505781 -0.682117701 0.085742109 -0.004249688 0.996308208 61.491451263
0.996226549 0.005810078 -0.086591713 -4.108580589 -0.005300753 0.999966979 0.006110682 -0.696797252 0.086624399 -0.005628622 0.996225059 62.389423370
0.996122241 0.006726353 -0.087718256 -4.186722279 -0.006236217 0.999963045 0.005860462 -0.707109094 0.087754488 -0.005290706 0.996128023 63.250125885
0.995957613 0.008212714 -0.089444235 -4.266136169 -0.007647494 0.999948263 0.006660115 -0.716342330 0.089494362 -0.005949167 0.995969474 64.106391907
0.995829225 0.009023291 -0.090785742 -4.346664429 -0.008388681 0.999937356 0.007369350 -0.727993011 0.090846613 -0.006577041 0.995843112 64.941925049
0.995705783 0.009091090 -0.092122912 -4.425747395 -0.008409765 0.999934077 0.007781330 -0.734144509 0.092187643 -0.006973184 0.995717168 65.762786865
0.995587528 0.008941634 -0.093406163 -4.502379417 -0.008147319 0.999927104 0.008881762 -0.742291808 0.093478836 -0.008081563 0.995588422 66.560638428
0.995429695 0.011648140 -0.094779857 -4.584834099 -0.010596648 0.999876440 0.011589813 -0.748161972 0.094903208 -0.010532498 0.995430708 67.349502563
0.995283723 0.013223273 -0.096097179 -4.665037632 -0.011769282 0.999807537 0.015681526 -0.753637612 0.096286103 -0.014476577 0.995248377 68.129638672
0.995065987 0.016368406 -0.097851403 -4.744636059 -0.014729307 0.999738991 0.017449897 -0.759599984 0.098111548 -0.015922518 0.995047987 68.895469666
0.994892418 0.019076711 -0.099116795 -4.827239990 -0.017826572 0.999749899 0.013483210 -0.767171264 0.099349283 -0.011647431 0.994984448 69.638534546
0.994764030 0.019318225 -0.100351304 -4.906400681 -0.018789984 0.999803901 0.006206526 -0.775096118 0.100451596 -0.004288423 0.994932711 70.362419128
0.994614840 0.018468168 -0.101976611 -4.976140976 -0.018520920 0.999828160 0.000429578 -0.780221283 0.101967089 0.001461446 0.994786739 71.055976868
0.994558871 0.019428827 -0.102342755 -5.052029133 -0.019606648 0.999807298 -0.000731788 -0.786863208 0.102308877 0.002734416 0.994749010 71.746093750
0.994415522 0.022273470 -0.103152700 -5.127920628 -0.022096206 0.999751568 0.002860956 -0.800764799 0.103190854 -0.000565688 0.994661510 72.413597107
0.994273484 0.022650244 -0.104431771 -5.203126431 -0.022228079 0.999739230 0.005204691 -0.816426933 0.104522482 -0.002853562 0.994518518 73.067726135
0.994243145 0.019489847 -0.105354443 -5.272082806 -0.019393796 0.999809921 0.001936166 -0.826676667 0.105372213 0.000118211 0.994432926 73.704864502
0.994371235 0.011436613 -0.105327576 -5.328554630 -0.011830738 0.999925017 -0.003117892 -0.838728487 0.105284072 0.004346457 0.994432747 74.316711426
0.994501173 0.007483233 -0.104452409 -5.382011414 -0.008354800 0.999933720 -0.007909174 -0.849948764 0.104386352 0.008738377 0.994498491 74.905235291
0.994806826 0.010043786 -0.101278983 -5.447137356 -0.010923928 0.999907076 -0.008139452 -0.861414194 0.101187870 0.009203563 0.994824767 75.483375549
0.995155156 0.015189365 -0.097131357 -5.511492252 -0.015768377 0.999862015 -0.005196284 -0.873332620 0.097039074 0.006702726 0.995257974 76.049362183
0.995614886 0.013830471 -0.092513435 -5.559515953 -0.014083656 0.999898493 -0.002084454 -0.885039032 0.092475265 0.003378253 0.995709181 76.605514526
0.996175885 0.010234789 -0.086764261 -5.596496582 -0.010091364 0.999946713 0.002091418 -0.896334708 0.086781092 -0.001207841 0.996226609 77.148269653
0.996886611 0.006018846 -0.078613192 -5.626739979 -0.005601213 0.999968827 0.005531833 -0.910665393 0.078644074 -0.005074273 0.996889770 77.673408508
0.997640014 0.009711081 -0.067964680 -5.660556316 -0.009370374 0.999941647 0.005329917 -0.919029891 0.068012521 -0.004680477 0.997673392 78.189155579
0.998489976 0.014952821 -0.052850973 -5.691319466 -0.014715295 0.999879599 0.004880419 -0.927338958 0.052917622 -0.004095323 0.998590350 78.688049316
0.999187946 0.020234093 -0.034829929 -5.709251404 -0.020062620 0.999784648 0.005265575 -0.931853712 0.034929000 -0.004562512 0.999379218 79.177116394
0.999740601 0.018775869 -0.012859214 -5.699732304 -0.018704033 0.999808729 0.005683905 -0.937013328 0.012963491 -0.005441903 0.999901056 79.653114319
0.999792695 0.015332400 0.013371723 -5.673283577 -0.015418843 0.999860525 0.006385865 -0.942629695 -0.013271942 -0.006590710 0.999890149 80.115661621
0.998988330 0.014181447 0.042667218 -5.629497051 -0.014525898 0.999864101 0.007773811 -0.950697601 -0.042551186 -0.008385719 0.999059081 80.567581177
0.997053385 0.013761998 0.075461887 -5.570580959 -0.014479822 0.999854743 0.008973548 -0.956704795 -0.075327456 -0.010039775 0.997108340 81.018234253
0.993485987 0.013968484 0.113091856 -5.497696400 -0.015102799 0.999843657 0.009179483 -0.959086657 -0.112945989 -0.010827685 0.993542194 81.466644287
0.987848282 0.014437659 0.154746965 -5.406680107 -0.015996678 0.999832869 0.008834100 -0.961455345 -0.154593617 -0.011202182 0.987914741 81.892852783
0.979752839 0.014129043 0.199710220 -5.290867329 -0.016165381 0.999832451 0.008569445 -0.968249738 -0.199555770 -0.011624323 0.979817629 82.312660217
0.968447089 0.016337721 0.248681992 -5.159243107 -0.018482741 0.999809265 0.006293013 -0.978307843 -0.248531863 -0.010690769 0.968564808 82.718254089
0.953216851 0.017092165 0.301802665 -5.003554821 -0.018952804 0.999815047 0.003237672 -0.988378525 -0.301691622 -0.008806203 0.953364968 83.108283997
0.933761656 0.017339500 0.357474208 -4.823873997 -0.018908082 0.999820709 0.000893099 -0.996491194 -0.357394785 -0.007593086 0.933922589 83.477592468
0.909770250 0.017964929 0.414722264 -4.624813557 -0.019203445 0.999814808 -0.001183605 -1.003793120 -0.414666891 -0.006887280 0.909947336 83.829483032
0.880829573 0.017939519 0.473092645 -4.413882256 -0.018835573 0.999818504 -0.002843671 -1.017500758 -0.473057956 -0.006406174 0.881008148 84.156234741
0.847349703 0.016133841 0.530789435 -4.178310871 -0.016245110 0.999858022 -0.004457981 -1.035183787 -0.530786157 -0.004845255 0.847492039 84.465881348
0.810711980 0.016001603 0.585225880 -3.916889906 -0.015224656 0.999864459 -0.006248207 -1.043020487 -0.585246742 -0.003844356 0.810846269 84.758163452
0.771214664 0.014753065 0.636403680 -3.640404940 -0.014454365 0.999879420 -0.005662849 -1.053699493 -0.636410713 -0.004831529 0.771335363 85.025596619
0.728941202 0.014252748 0.684427440 -3.350497961 -0.015771814 0.999867439 -0.004023982 -1.061160564 -0.684394240 -0.007861407 0.729069829 85.272727966
0.683881640 0.013403974 0.729469359 -3.046548605 -0.014989704 0.999878228 -0.004319781 -1.065755725 -0.729438663 -0.007980303 0.683999836 85.503303528
0.637449682 0.012485451 0.770390332 -2.728823662 -0.011757887 0.999909818 -0.006476265 -1.070138693 -0.770401955 -0.004929861 0.637539566 85.710853577
0.590949714 0.010183946 0.806643605 -2.401834488 -0.005985589 0.999948025 -0.008239354 -1.075528502 -0.806685805 0.000040818 0.590980589 85.890594482
0.544368744 0.012300937 0.838755369 -2.069939375 -0.007806764 0.999923348 -0.009597821 -1.085145712 -0.838809371 -0.001323201 0.544423580 86.061965942
0.497049093 0.015448619 0.867584467 -1.732670069 -0.011546848 0.999870598 -0.011188833 -1.092211246 -0.867645323 -0.004456457 0.497163713 86.224525452
0.451615810 0.017662404 0.892037272 -1.392713189 -0.012512315 0.999831021 -0.013462047 -1.103304863 -0.892124593 -0.005081768 0.451761007 86.362228394
0.409528464 0.015260539 0.912169337 -1.040681243 -0.005064665 0.999882638 -0.014454126 -1.110880017 -0.912283182 0.001299557 0.409558147 86.474143982
0.370096982 0.008128271 0.928957224 -0.676724255 0.009960883 0.999869466 -0.012717150 -1.115249634 -0.928939641 0.013959831 0.369968116 86.564453125
0.334793329 0.004683054 0.942279577 -0.313659787 0.014311302 0.999846995 -0.010053971 -1.120544910 -0.942182899 0.016851267 0.334675461 86.656265259
0.301607728 0.008817039 0.953390956 0.046314836 0.011823665 0.999845684 -0.012987088 -1.129233837 -0.953358769 0.015189598 0.301457286 86.752113342
0.270271301 0.016305361 0.962645710 0.410489112 0.001056889 0.999850810 -0.017232260 -1.146106124 -0.962783575 0.005674807 0.270214111 86.855453491
0.241988361 0.020529041 0.970061541 0.788978755 -0.003830767 0.999788404 -0.020202514 -1.167803288 -0.970271587 0.001172703 0.242016137 86.939979553
0.216412425 0.022195030 0.976049364 1.180734277 -0.002592448 0.999750912 -0.022159178 -1.185885429 -0.976298630 0.002265175 0.216416389 87.006858826
0.193104014 0.023603767 0.980893970 1.580739498 0.004874309 0.999675035 -0.025015274 -1.198266149 -0.981166184 0.009611746 0.192926511 87.059989929
0.173082009 0.030049367 0.984448552 1.988511562 0.011721250 0.999400675 -0.032566540 -1.199249387 -0.984837711 0.017175671 0.172626346 87.106529236
0.153281406 0.036806468 0.987496495 2.407776117 0.013676495 0.999131262 -0.039363004 -1.203824639 -0.988087952 0.019539135 0.152645126 87.158378601
0.135575816 0.037672039 0.990050137 2.842529058 0.011274303 0.999153435 -0.039562289 -1.219302893 -0.990702868 0.016525840 0.135036558 87.215782166
0.120075189 0.033243932 0.992207646 3.295788288 0.009085076 0.999360442 -0.034583021 -1.247570515 -0.992723286 0.013166869 0.119696602 87.267410278
0.105667591 0.030006748 0.993948281 3.763579130 0.009383396 0.999469936 -0.031170975 -1.270424128 -0.994357347 0.012620395 0.105330244 87.308326721
0.092476360 0.027549597 0.995333314 4.247756004 0.011751245 0.999517262 -0.028757187 -1.291147590 -0.995645642 0.014355789 0.092108205 87.342781067
0.080871493 0.026814636 0.996363342 4.746334553 0.015408723 0.999484897 -0.028149292 -1.309519529 -0.996605515 0.017629189 0.080416881 87.372131348
0.070855632 0.027464731 0.997107983 5.258500576 0.018618587 0.999410272 -0.028851176 -1.326581955 -0.997312903 0.020609038 0.070302702 87.396102905
0.063038945 0.028078211 0.997615635 5.782258987 0.020657917 0.999353230 -0.029432457 -1.344525099 -0.997797370 0.022464080 0.062418342 87.422500610
0.057530615 0.028473489 0.997937262 6.329476833 0.022336304 0.999306262 -0.029800201 -1.363362432 -0.998094022 0.024004683 0.056854911 87.447242737
0.051997803 0.029563881 0.998209178 6.893176556 0.023628071 0.999245405 -0.030825360 -1.382304668 -0.998367846 0.025188638 0.051260225 87.471359253
0.046017740 0.030311022 0.998480320 7.471252441 0.024135783 0.999213934 -0.031445634 -1.402407408 -0.998649180 0.025546191 0.045250181 87.498397827
0.041660987 0.030297514 0.998672009 8.068046570 0.026679892 0.999149919 -0.031424981 -1.426406026 -0.998775661 0.027953688 0.040817436 87.519454956
0.038837153 0.030326532 0.998784900 8.686031342 0.028130351 0.999109983 -0.031430215 -1.447546601 -0.998849571 0.029316863 0.037949689 87.539619446
0.035837434 0.029915763 0.998909414 9.323810577 0.029174844 0.999094427 -0.030967981 -1.469944477 -0.998931706 0.030252876 0.034932394 87.559913635
0.033531513 0.029313417 0.999007285 9.980755806 0.031405821 0.999045193 -0.030368641 -1.493326545 -0.998944163 0.032392986 0.032579079 87.578094482
0.032891724 0.028963696 0.999038756 10.647944450 0.035665095 0.998909354 -0.030134140 -1.516702056 -0.998822391 0.036622014 0.031823047 87.594741821
0.033927433 0.028661773 0.999012828 11.338486671 0.038818937 0.998796642 -0.029973876 -1.540160537 -0.998670101 0.039797593 0.032774173 87.612770081
0.036361385 0.028616466 0.998928487 12.046066284 0.040501680 0.998726487 -0.030084934 -1.563763738 -0.998517573 0.041552253 0.035156250 87.635742188
0.040286269 0.028547991 0.998779833 12.770531654 0.042922821 0.998619616 -0.030274702 -1.589144349 -0.998265743 0.044090148 0.039005484 87.662834167
0.044661969 0.028152145 0.998604953 13.506488800 0.043254387 0.998610973 -0.030086819 -1.615344763 -0.998065174 0.044537827 0.043382421 87.696334839
0.048692394 0.026468821 0.998462617 14.259156227 0.044812053 0.998584330 -0.028657395 -1.641942382 -0.997807920 0.046138603 0.047437534 87.732536316
0.052708384 0.024884857 0.998299420 15.007351875 0.044672281 0.998629928 -0.027251694 -1.670226812 -0.997610092 0.046032749 0.051524706 87.773193359
0.056886669 0.022820797 0.998119354 15.780931473 0.041549318 0.998818457 -0.025204821 -1.695970893 -0.997515559 0.042905040 0.055871464 87.823341370
0.060992301 0.021716593 0.997901499 16.575242996 0.040942959 0.998867393 -0.024240052 -1.721842647 -0.997298002 0.042335540 0.060034275 87.875244141
0.065117858 0.022771169 0.997617245 17.361272812 0.038361274 0.998943508 -0.025305392 -1.747736692 -0.997139812 0.039917741 0.064175725 87.933036804
0.068213716 0.026799399 0.997310281 18.144392014 0.036238104 0.998912930 -0.029321050 -1.779492617 -0.997012258 0.038140766 0.067168601 87.990051270
0.069578908 0.032210372 0.997055888 18.926042557 0.030283915 0.998949766 -0.034384880 -1.810258269 -0.997116566 0.032587249 0.068530567 88.052200317
0.069494516 0.035348643 0.996955395 19.730379105 0.027678857 0.998918951 -0.037347648 -1.845453262 -0.997198164 0.030190073 0.068441167 88.111686707
0.069694318 0.034938928 0.996955931 20.531682968 0.025554005 0.998996019 -0.036796812 -1.881837487 -0.997240961 0.028040774 0.068731703 88.172958374
0.069885775 0.033396747 0.996995330 21.345016479 0.023052890 0.999118447 -0.035083771 -1.918844819 -0.997288525 0.025435507 0.069054469 88.232307434
0.069776826 0.032214440 0.997041821 22.161165237 0.024070201 0.999133050 -0.033966511 -1.955951095 -0.997272134 0.026369102 0.068941116 88.290313721
0.070307873 0.031718154 0.997020423 22.965431213 0.021551630 0.999212742 -0.033307653 -1.993212700 -0.997292399 0.023829233 0.069569141 88.347404480
0.070496030 0.032126360 0.996994078 23.773344040 0.019934731 0.999236286 -0.033608142 -2.031950474 -0.997312784 0.022244075 0.069801956 88.408416748
0.070587628 0.032750230 0.996967256 24.580667496 0.016877173 0.999278605 -0.034021072 -2.073023796 -0.997362733 0.019227481 0.069984183 88.470520020
0.069523029 0.034182902 0.996993959 25.387296677 0.014330581 0.999275386 -0.035260405 -2.110701084 -0.997477353 0.016738938 0.068983003 88.531288147
0.066631638 0.033949811 0.997199357 26.200735092 0.011544792 0.999327838 -0.034793656 -2.147433043 -0.997710764 0.013830843 0.066195123 88.595497131
0.062612988 0.032816727 0.997497618 27.004913330 0.009144913 0.999398470 -0.033453260 -2.184761763 -0.997995913 0.011216663 0.062275428 88.654045105
0.057671484 0.030475637 0.997869730 27.816402435 0.007391092 0.999493480 -0.030952362 -2.220512390 -0.998308182 0.009160439 0.057417236 88.710121155
0.051256631 0.028543586 0.998276949 28.629148483 0.005538966 0.999567986 -0.028864868 -2.258214474 -0.998670101 0.007008960 0.051076591 88.762779236
0.043916903 0.028747655 0.998620927 29.431362152 0.005339075 0.999564826 -0.029009599 -2.295310736 -0.999020875 0.006605744 0.043744516 88.798789978
0.035318382 0.029867183 0.998929203 30.224983215 0.005212009 0.999534249 -0.030069523 -2.330426693 -0.999362528 0.006268456 0.035146464 88.825637817
0.025407393 0.030445417 0.999212980 31.027482986 0.006280694 0.999511540 -0.030614192 -2.361725569 -0.999657512 0.007053599 0.025203958 88.847686768
0.015100386 0.029483952 0.999450743 31.829608917 0.007808149 0.999531150 -0.029604271 -2.396052599 -0.999855578 0.008250917 0.014863282 88.861976624
0.004199327 0.028419087 0.999586880 32.630847931 0.007081541 0.999570131 -0.028448340 -2.430853128 -0.999966204 0.007198099 0.003996454 88.868667603
-0.006755936 0.027840938 0.999589145 33.413116455 0.008896722 0.999574423 -0.027780378 -2.460830450 -0.999937713 0.008705405 -0.007000576 88.857681274
-0.017832214 0.028351001 0.999438584 34.194301605 0.009602420 0.999556601 -0.028183004 -2.488955259 -0.999795020 0.009094483 -0.018096372 88.845375061
-0.028830774 0.028860804 0.999167204 34.977237701 0.009818485 0.999543011 -0.028588332 -2.525904417 -0.999536157 0.008986104 -0.029100802 88.820610046
-0.039516803 0.030129362 0.998764217 35.754657745 0.009468666 0.999511659 -0.029777264 -2.556812048 -0.999174118 0.008280282 -0.039782632 88.794151306
-0.049611252 0.031047903 0.998285532 36.514503479 0.010547971 0.999477208 -0.030560758 -2.593835592 -0.998713017 0.009013751 -0.049912654 88.750099182
-0.059128165 0.031744666 0.997745097 37.282276154 0.011468580 0.999449849 -0.031119242 -2.628736496 -0.998184681 0.009602718 -0.059459552 88.702880859
-0.068758681 0.032317128 0.997109294 38.035911560 0.012644615 0.999423027 -0.031520162 -2.660559654 -0.997553349 0.010440801 -0.069127508 88.648025513
-0.077925600 0.032637600 0.996424317 38.778133392 0.013193599 0.999410152 -0.031703580 -2.697433472 -0.996872127 0.010675926 -0.078310102 88.583374023
-0.086391412 0.032184474 0.995740771 39.505409241 0.014576010 0.999411821 -0.031038493 -2.730927944 -0.996154904 0.011832493 -0.086809576 88.514007568
-0.093672983 0.031137595 0.995115459 40.236785889 0.016354388 0.999424040 -0.029732917 -2.764130354 -0.995468974 0.013489359 -0.094128124 88.442237854
-0.098798655 0.029481793 0.994670093 40.953178406 0.019087382 0.999433279 -0.027727049 -2.798194885 -0.994924605 0.016246282 -0.099305257 88.366203308
-0.102502517 0.027777383 0.994344354 41.651008606 0.021909369 0.999430597 -0.025660921 -2.831569672 -0.994491696 0.019155180 -0.103052601 88.287971497
-0.105152741 0.026892602 0.994091928 42.365291595 0.023691488 0.999418318 -0.024530655 -2.856643915 -0.994174063 0.020972082 -0.105728567 88.210571289
-0.107026219 0.026048444 0.993914425 43.056526184 0.023656627 0.999440491 -0.023645878 -2.886719465 -0.993974984 0.020981967 -0.107582413 88.140182495
-0.107748717 0.026487328 0.993824720 43.712665558 0.024538202 0.999411404 -0.023975821 -2.915225029 -0.993875563 0.021803340 -0.108335100 88.069892883
-0.106991440 0.027424004 0.993881166 44.369388580 0.025071565 0.999376178 -0.024876658 -2.945302725 -0.993944049 0.022256598 -0.107612103 88.002655029
-0.103937775 0.029198831 0.994154632 44.997020721 0.026169537 0.999303281 -0.026614044 -2.970296860 -0.994239748 0.023250392 -0.104629323 87.938720703
-0.098741710 0.029745989 0.994667947 45.613246918 0.026402757 0.999279678 -0.027262866 -2.996959686 -0.994763076 0.023570025 -0.099455789 87.881553650
-0.090860270 0.030449687 0.995397568 46.217494965 0.025668932 0.999272048 -0.028225131 -3.024737597 -0.995533049 0.022986282 -0.091575570 87.835708618
-0.079853877 0.030436199 0.996341407 46.806816101 0.024507077 0.999291658 -0.028562145 -3.052571774 -0.996505558 0.022136649 -0.080543034 87.801246643
-0.066147402 0.030553352 0.997341573 47.362728119 0.023576405 0.999299943 -0.029049667 -3.084649324 -0.997531593 0.021592200 -0.066821240 87.774566650
-0.049089134 0.031824216 0.998286903 47.905815125 0.022486785 0.999274194 -0.030749938 -3.114288807 -0.998541594 0.020938804 -0.049768921 87.762763977
-0.028015252 0.034295592 0.999018669 48.441112518 0.020409554 0.999222636 -0.033730257 -3.144634008 -0.999399424 0.019444592 -0.028693207 87.764198303
-0.003652258 0.037310205 0.999296725 48.947174072 0.018118877 0.999142170 -0.037238218 -3.171477556 -0.999829471 0.017970158 -0.004324906 87.782730103
0.024381971 0.038940463 0.998943686 49.466747284 0.015788265 0.999101520 -0.039331973 -3.200494528 -0.999578297 0.016730605 0.023745516 87.818687439
0.057406612 0.038026527 0.997626066 49.977123260 0.013045638 0.999160469 -0.038835704 -3.232516289 -0.998265922 0.015244119 0.056862615 87.869926453
0.095352806 0.035331953 0.994815946 50.485507965 0.011712205 0.999260962 -0.036612436 -3.262108088 -0.995374858 0.015142609 0.094868824 87.940025330
0.137185186 0.031403273 0.990047097 50.980094910 0.009216189 0.999413669 -0.032977406 -3.291962147 -0.990502715 0.013648495 0.136815667 88.035774231
0.182858959 0.027055271 0.982766390 51.467250824 0.006777491 0.999562860 -0.028778728 -3.318264723 -0.983115971 0.011923158 0.182596013 88.148269653
0.230761677 0.023862751 0.972717226 51.947830200 0.001853191 0.999686658 -0.024964005 -3.342544794 -0.973008692 0.007563381 0.230645537 88.298004150
0.282081038 0.022463411 0.959127069 52.413475037 -0.002281901 0.999738753 -0.022743449 -3.363643646 -0.959387958 0.004226875 0.282059044 88.470405579
0.336323678 0.022412021 0.941479206 52.854663849 -0.003711644 0.999740601 -0.022473026 -3.380167961 -0.941739202 0.004063788 0.336320102 88.667205811
0.393728197 0.022655098 0.918947220 53.287879944 -0.002468847 0.999718726 -0.023588587 -3.403130054 -0.919223607 0.007018768 0.393673897 88.890632629
0.453221291 0.025796078 0.891024232 53.694530487 -0.001950599 0.999607563 -0.027947497 -3.424099445 -0.891395867 0.010928389 0.453094274 89.136878967
0.512851536 0.026527373 0.858066916 54.079856873 0.000175552 0.999519289 -0.031005334 -3.461544991 -0.858477175 0.016051792 0.512600958 89.403182983
0.571185887 0.029903816 0.820275366 54.447162628 -0.003596934 0.999417782 -0.033929929 -3.484482050 -0.820812702 0.016429845 0.570961535 89.697540283
0.626861274 0.032271665 0.778461814 54.788982391 -0.006982069 0.999334395 -0.035805736 -3.503695250 -0.779099405 0.017009983 0.626670003 90.025611877
0.679688156 0.033444665 0.732737839 55.105609894 -0.008805437 0.999260008 -0.037441723 -3.515475750 -0.733448088 0.018996648 0.679480314 90.369781494
0.728305936 0.031174451 0.684542060 55.384666443 -0.009017488 0.999314189 -0.035915367 -3.535217524 -0.685192466 0.019984554 0.728088140 90.719795227
0.773348272 0.026897592 0.633409917 55.649711609 -0.010355096 0.999502242 -0.029800773 -3.556298733 -0.633896410 0.016487382 0.773242474 91.106407166
0.814421773 0.022745684 0.579826772 55.886573792 -0.011618346 0.999670327 -0.022896405 -3.566518784 -0.580156565 0.011910727 0.814418197 91.509948730
0.850496054 0.020300411 0.525588751 56.097045898 -0.013756689 0.999771595 -0.016354540 -3.577493429 -0.525800884 0.006679134 0.850581765 91.933624268
0.881341815 0.016600251 0.472186685 56.290634155 -0.014116568 0.999861598 -0.008802518 -3.589120150 -0.472267568 0.001092388 0.881454885 92.377510071
0.906545877 0.017061319 0.421761513 56.441421509 -0.017405959 0.999843895 -0.003033366 -3.604445696 -0.421747476 -0.004591265 0.906702042 92.810523987
0.926431000 0.018953808 0.375986278 56.580158234 -0.020786446 0.999783576 0.000817848 -3.616894722 -0.375889391 -0.008573087 0.926625192 93.256431580
0.941451132 0.024929866 0.336225569 56.694953918 -0.027796501 0.999606669 0.003714720 -3.626927137 -0.336000651 -0.012843111 0.941774487 93.712081909
0.953081846 0.029553385 0.301265478 56.798187256 -0.031896971 0.999487042 0.002861920 -3.628931284 -0.301026285 -0.012337088 0.953536332 94.167404175
0.962230861 0.031361979 0.270421088 56.904907227 -0.033454921 0.999435306 0.003132491 -3.629710913 -0.270170063 -0.012061082 0.962737381 94.632125854
0.968317926 0.025814641 0.248381525 57.018684387 -0.027573070 0.999613285 0.003602700 -3.634855270 -0.248192370 -0.010337187 0.968655944 95.101982117
0.972257555 0.023157557 0.232762486 57.127391815 -0.024853731 0.999681592 0.004356575 -3.641471624 -0.232587367 -0.010020716 0.972524166 95.586105347
0.975084722 0.027546536 0.220114335 57.219779968 -0.029154943 0.999566615 0.004061275 -3.644423485 -0.219906926 -0.010377494 0.975465953 96.077796936
0.977032423 0.032942358 0.210527658 57.307899475 -0.034662902 0.999388933 0.004486572 -3.641928911 -0.210251078 -0.011681010 0.977577925 96.576568604
0.978001833 0.040784243 0.204568744 57.394954681 -0.042324100 0.999098897 0.003155672 -3.641115904 -0.204255566 -0.011744422 0.978847444 97.092170715
0.978360295 0.046425365 0.201631173 57.489894867 -0.047294851 0.998880744 -0.000505913 -3.644172192 -0.201428860 -0.009041129 0.979461730 97.616889954
0.978482246 0.047705695 0.200738356 57.594512939 -0.048095662 0.998838305 -0.002936819 -3.654505014 -0.200645149 -0.006780995 0.979640782 98.143264771
0.978057981 0.046311408 0.203118250 57.712104797 -0.045951162 0.998922527 -0.006491854 -3.663018703 -0.203199923 -0.002984083 0.979132950 98.679306030
0.977328122 0.044933811 0.206905618 57.834632874 -0.043166071 0.998982549 -0.013052746 -3.667391777 -0.207281500 0.003825544 0.978274047 99.222793579
0.976412952 0.045522854 0.211056113 57.954177856 -0.042729773 0.998928368 -0.017778091 -3.674639702 -0.211639136 0.008340413 0.977312446 99.772766113
0.975227535 0.050317798 0.215403527 58.073211670 -0.047711808 0.998711467 -0.017284306 -3.687726259 -0.215995580 0.006578873 0.976372361 100.347984314
0.973800600 0.053259149 0.221077397 58.198772430 -0.051582359 0.998579264 -0.013355324 -3.699259281 -0.221474513 0.001601759 0.975165009 100.938583374
0.972906530 0.050154414 0.225691631 58.341014862 -0.049450420 0.998737812 -0.008775199 -3.711216450 -0.225846812 -0.002623071 0.974159479 101.540786743
0.972231150 0.045690518 0.229517415 58.489780426 -0.046182003 0.998927593 -0.003232662 -3.721971512 -0.229418904 -0.007456657 0.973299384 102.150840759
0.971460462 0.043064494 0.233258113 58.637798309 -0.044601101 0.999003768 0.001314409 -3.730211258 -0.232969061 -0.011680446 0.972414196 102.772857666
0.970935285 0.038430221 0.236235216 58.791835785 -0.040014725 0.999196947 0.001914738 -3.736231565 -0.235971883 -0.011311956 0.971694231 103.402877808
0.971026599 0.035016667 0.236390591 58.955123901 -0.035755198 0.999359608 -0.001163382 -3.743559599 -0.236279920 -0.007322499 0.971657574 104.043327332
0.971153677 0.034273345 0.235976920 59.114837646 -0.033290051 0.999412179 -0.008151074 -3.753969431 -0.236117572 0.000060287 0.971724629 104.694053650
0.971267521 0.036649283 0.235149845 59.268806458 -0.034123942 0.999307692 -0.014801010 -3.763124228 -0.235529482 0.006351531 0.971846581 105.351013184
0.971789241 0.039584823 0.232503846 59.419349670 -0.036255319 0.999169528 -0.018577967 -3.771114349 -0.233046144 0.009624402 0.972418189 106.018348694
0.972425699 0.037937239 0.230105326 59.582859039 -0.035592608 0.999263227 -0.014333221 -3.781831980 -0.230479538 0.005747974 0.973060369 106.712097168
0.972857475 0.033930995 0.228902638 59.744449615 -0.033255704 0.999423325 -0.006808127 -3.795881987 -0.229001611 -0.000988957 0.973425746 107.412895203
0.973442137 0.034152523 0.226370320 59.906215668 -0.034862466 0.999391317 -0.000862199 -3.812106133 -0.226261973 -0.007052509 0.974041104 108.126029968
0.973715544 0.037397258 0.224675208 60.060886383 -0.038049508 0.999274373 -0.001427676 -3.826162338 -0.224565551 -0.007158611 0.974432886 108.850433350
0.973959208 0.043263368 0.222555876 60.211021423 -0.042995192 0.999056458 -0.006052508 -3.834299088 -0.222607717 -0.003673913 0.974901378 109.580116272
0.974793553 0.044197600 0.218685701 60.368064880 -0.042755261 0.999020875 -0.011325899 -3.843489647 -0.218972161 0.001690478 0.975729823 110.320709229
0.975722253 0.042938329 0.214759916 60.529926300 -0.040852606 0.999064565 -0.014143279 -3.852569818 -0.215166315 0.005026441 0.976564646 111.070381165
0.976623833 0.040896129 0.211028382 60.689304352 -0.039113052 0.999154568 -0.012618538 -3.867076159 -0.211366028 0.004069630 0.977398634 111.837974548
0.977484941 0.037255120 0.207689494 60.853061676 -0.035835523 0.999300957 -0.010594886 -3.882341623 -0.207939014 0.002913706 0.978137612 112.618698120
0.977886319 0.036148425 0.205988586 61.013744354 -0.035291702 0.999345779 -0.007833226 -3.900168419 -0.206136957 0.000390340 0.978523254 113.407707214
0.978267968 0.032885455 0.204719365 61.182666779 -0.032446913 0.999457777 -0.005499711 -3.913237810 -0.204789191 -0.001262299 0.978805423 114.192443848
0.978494644 0.027711986 0.204401940 61.351535797 -0.027420424 0.999614358 -0.004259310 -3.924028158 -0.204441115 -0.001437056 0.978877902 114.989791870
0.978606701 0.028684555 0.203729957 61.510326385 -0.028735181 0.999582827 -0.002710426 -3.936277866 -0.203722671 -0.003201758 0.979023516 115.782669067
0.978316605 0.034261800 0.204260916 61.662014008 -0.034022007 0.999409556 -0.004686764 -3.949403286 -0.204300851 -0.002364207 0.978905439 116.591552734
0.977991283 0.040045809 0.204765826 61.821205139 -0.039240882 0.999197245 -0.007991903 -3.962894678 -0.204921469 -0.000219158 0.978778541 117.402229309
0.977396071 0.048926700 0.205676496 61.977977753 -0.047976542 0.998801768 -0.009607493 -3.976708889 -0.205900073 -0.000477298 0.978573084 118.227691650
0.976432800 0.054936741 0.208711550 62.133823395 -0.054270219 0.998485863 -0.008923223 -3.992478848 -0.208885729 -0.002613870 0.977936745 119.052200317
0.975647986 0.057662643 0.211626083 62.301273346 -0.057513494 0.998320580 -0.006865527 -4.014435768 -0.211666554 -0.005472996 0.977326751 119.885490417
0.975074351 0.058110218 0.214132264 62.483955383 -0.057828322 0.998297155 -0.007585952 -4.033030987 -0.214208469 -0.004986019 0.976775348 120.722801208
0.974775374 0.056587704 0.215893999 62.665962219 -0.055683274 0.998395026 -0.010274680 -4.050686359 -0.216128930 -0.002006154 0.976362884 121.541633606
0.974770069 0.050691806 0.217377633 62.855182648 -0.049929764 0.998711586 -0.009000446 -4.069312572 -0.217553824 -0.002080224 0.976046205 122.381065369
0.975065708 0.044132348 0.217482284 63.048763275 -0.042898837 0.999024808 -0.010392411 -4.091775894 -0.217728823 0.000803573 0.976009071 123.204559326
0.974821627 0.043451566 0.218710154 63.234531403 -0.042188633 0.999054492 -0.010443651 -4.114969730 -0.218957126 0.000953642 0.975734115 124.039611816
0.974247396 0.046139222 0.220709398 63.416557312 -0.045618143 0.998930514 -0.007460305 -4.132176399 -0.220817551 -0.002800146 0.975311220 124.891159058
0.973816991 0.048184782 0.222166941 63.591098785 -0.048993628 0.998796761 -0.001872541 -4.145085335 -0.221989840 -0.009061233 0.975006938 125.724655151
0.973447740 0.051590763 0.223018840 63.766662598 -0.053474400 0.998565674 0.002411117 -4.161749363 -0.222574562 -0.014272879 0.974811256 126.538246155
0.973232865 0.051012807 0.224086806 63.951080322 -0.051414926 0.998668551 -0.004044117 -4.177481174 -0.223994747 -0.007585516 0.974560857 127.367713928
0.973528981 0.047008336 0.223676115 64.138473511 -0.044043094 0.998862684 -0.018230319 -4.198450089 -0.224278703 0.007896393 0.974493086 128.173919678
