1.000000000 0.000000000 0.000000000 0.000000000 0.000000000 1.000000000 0.000000000 0.000000000 0.000000000 0.000000000 1.000000000 0.000000000
0.999990940 -0.002566421 -0.003389670 -0.000641896 0.002559280 0.999994516 -0.002109251 -0.005393847 0.003395064 0.002100557 0.999992013 0.670326889
0.999971449 -0.001446391 -0.007416284 -0.012801575 0.001419861 0.999992549 -0.003581310 -0.011429279 0.007421409 0.003570677 0.999966085 1.349744201
0.999935210 -0.001446792 -0.011284808 -0.028482987 0.001390056 0.999986291 -0.005033925 -0.016046934 0.011291937 0.005017912 0.999923646 2.056065083
0.999870837 0.000022964 -0.016068425 -0.048727013 -0.000113344 0.999984086 -0.005623836 -0.023331605 0.016068043 0.005624931 0.999855042 2.782361984
0.999785185 -0.000883864 -0.020703187 -0.060946610 0.000760107 0.999981701 -0.005984785 -0.028837247 0.020708101 0.005967762 0.999767721 3.519414902
0.999678433 0.001079935 -0.025332976 -0.082385860 -0.001260806 0.999973714 -0.007124845 -0.041592285 0.025324620 0.007154494 0.999653637 4.272300243
0.999536216 0.003763472 -0.030218713 -0.111890085 -0.003996992 0.999962449 -0.007671013 -0.050535101 0.030188715 0.007788238 0.999513805 5.032002449
0.999395549 0.003960653 -0.034537785 -0.145150453 -0.004174442 0.999972403 -0.006120121 -0.057733405 0.034512598 0.006260597 0.999384582 5.809464455
0.999232888 0.003282581 -0.039023820 -0.179587916 -0.003417081 0.999988317 -0.003380420 -0.069563657 0.039012272 0.003511173 0.999232471 6.599039555
0.999086380 0.002772130 -0.042645324 -0.213565141 -0.002805995 0.999995649 -0.000734290 -0.081534743 0.042643111 0.000853281 0.999089897 7.420592308
0.998966753 0.004569864 -0.045215905 -0.258281738 -0.004632154 0.999988317 -0.001272968 -0.093311831 0.045209568 0.001481100 0.998976290 8.233920097
0.998860061 0.004090928 -0.047558576 -0.297924608 -0.004166101 0.999990046 -0.001481645 -0.102668568 0.047552049 0.001678089 0.998867154 9.056474686
0.998780012 0.001073533 -0.049367547 -0.335540235 -0.001175883 0.999997020 -0.002044228 -0.109465405 0.049365211 0.002099784 0.998778403 9.893651962
0.998660922 0.001043337 -0.051720407 -0.375379592 -0.001102741 0.999998569 -0.001120044 -0.120530777 0.051719174 0.001175578 0.998660743 10.728773117
0.998578608 -0.000340622 -0.053295232 -0.418992311 0.000270574 0.999998868 -0.001321554 -0.131824568 0.053295627 0.001305254 0.998577714 11.574027061
0.998478353 0.002044448 -0.055104971 -0.471603125 -0.002245504 0.999990821 -0.003586952 -0.144496739 0.055097140 0.003705232 0.998473883 12.433414459
0.998392105 0.002664389 -0.056619637 -0.522308469 -0.003023570 0.999975622 -0.006259048 -0.153083593 0.056601588 0.006420178 0.998375952 13.290065765
0.998270035 0.006678284 -0.058411390 -0.580312669 -0.007149810 0.999943256 -0.007867262 -0.164201006 0.058355544 0.008271283 0.998261333 14.160837173
0.998213649 0.007463707 -0.059273507 -0.638916314 -0.007922071 0.999940217 -0.007501835 -0.178355724 0.059213985 0.007958003 0.998213351 15.048295975
0.998136699 0.006936069 -0.060618266 -0.694049239 -0.007317551 0.999954522 -0.006073491 -0.191298649 0.060573388 0.006505752 0.998142302 15.923220634
0.998035908 0.007738576 -0.062161375 -0.752006233 -0.008043780 0.999956548 -0.004661153 -0.203971297 0.062122606 0.005152011 0.998054981 16.817337036
0.997991323 0.007524065 -0.062898733 -0.817594171 -0.007829169 0.999958515 -0.004605696 -0.214591801 0.062861480 0.005088890 0.998009026 17.715734482
0.997870207 0.007425801 -0.064803489 -0.873747885 -0.007801917 0.999953926 -0.005552850 -0.226176739 0.064759284 0.006046616 0.997882307 18.621129990
0.997805417 0.005834794 -0.065953448 -0.932827294 -0.006266429 0.999960065 -0.006339603 -0.239260152 0.065913834 0.006738984 0.997802317 19.516921997
0.997755945 0.005891238 -0.066692472 -0.989834547 -0.006220216 0.999969244 -0.004726228 -0.248356879 0.066662587 0.005130464 0.997762144 20.446006775
0.997740805 0.007085824 -0.066801749 -1.051964760 -0.007178356 0.999973357 -0.001145286 -0.266669810 0.066791870 0.001622224 0.997765362 21.355056763
0.997784913 0.008057951 -0.066028409 -1.116240144 -0.007903391 0.999965131 0.002601672 -0.278799146 0.066047095 -0.002074062 0.997814059 22.284101486
0.997893393 0.007036203 -0.064488344 -1.178359985 -0.006689582 0.999961734 0.005589253 -0.289447039 0.064525224 -0.005146081 0.997902513 23.219198227
0.997987211 0.007137135 -0.063008852 -1.241803288 -0.006754735 0.999957204 0.006279889 -0.294110745 0.063050993 -0.005841643 0.997992933 24.165855408
0.998075664 0.007517044 -0.061547037 -1.303135395 -0.007307897 0.999966502 0.003622564 -0.306178421 0.061572213 -0.003165815 0.998097360 25.098445892
0.998115540 0.008593237 -0.060753580 -1.360739946 -0.008682595 0.999961317 -0.001207006 -0.317174792 0.060740866 0.001732230 0.998151779 26.026536942
0.998203993 0.007758921 -0.059397127 -1.425016880 -0.008020239 0.999958932 -0.004162394 -0.327691734 0.059362400 0.004631298 0.998225451 26.953483582
0.998256445 0.005132261 -0.058798019 -1.479160666 -0.005324136 0.999980807 -0.003107144 -0.339861691 0.058780946 0.003414776 0.998264790 27.904676437
0.998248994 0.003413025 -0.059048470 -1.536873102 -0.003304692 0.999992490 0.001932150 -0.352527231 0.059054624 -0.001733631 0.998252928 28.871444702
0.998206794 -0.000396192 -0.059853066 -1.594373703 0.000718050 0.999985218 0.005355986 -0.363602132 0.059850063 -0.005389361 0.998192489 29.838531494
0.998112142 -0.007542792 -0.060948670 -1.645374537 0.007856890 0.999956906 0.004915387 -0.377751976 0.060908973 -0.005384977 0.998128414 30.793539047
0.998008370 -0.009501702 -0.062357858 -1.705369234 0.009584259 0.999953389 0.001024847 -0.385111123 0.062345222 -0.001620462 0.998052895 31.765956879
0.997921765 -0.009206296 -0.063772619 -1.769173145 0.009032860 0.999954522 -0.003007470 -0.394775242 0.063797414 0.002425169 0.997959495 32.748134613
0.997787833 -0.007578919 -0.066042647 -1.838023901 0.007350284 0.999966025 -0.003704303 -0.404892147 0.066068485 0.003210674 0.997809529 33.723175049
0.997744501 -0.007896098 -0.066657737 -1.903831601 0.007776251 0.999967575 -0.002057292 -0.423172861 0.066671826 0.001534302 0.997773349 34.701873779
0.997662425 -0.004853831 -0.068159647 -1.973346949 0.004927885 0.999987364 0.000918341 -0.441167623 0.068154342 -0.001252078 0.997673571 35.684661865
0.997598052 -0.004879729 -0.069093905 -2.046735525 0.005045871 0.999984682 0.002230210 -0.453560829 0.069081984 -0.002573493 0.997607231 36.678363800
0.997532785 -0.003688129 -0.070102893 -2.121388912 0.004038171 0.999980032 0.004852161 -0.462132633 0.070083611 -0.005123279 0.997527540 37.654651642
0.997551918 -0.003843956 -0.069821611 -2.195338488 0.004407223 0.999958932 0.007914930 -0.471709192 0.069788322 -0.008203274 0.997527659 38.658988953
0.997510195 0.001820356 -0.070497170 -2.274852991 -0.001093759 0.999945879 0.010343947 -0.477025807 0.070512190 -0.010241085 0.997457922 39.634075165
0.997520864 0.001985374 -0.070341073 -2.360321283 -0.001316025 0.999953389 0.009560803 -0.477836490 0.070356779 -0.009444529 0.997476757 40.631294250
0.997535110 0.001956630 -0.070139654 -2.435590267 -0.001407833 0.999967992 0.007872895 -0.479411453 0.070152819 -0.007754743 0.997505724 41.618076324
0.997528136 0.004195966 -0.070140079 -2.514630318 -0.003800686 0.999976099 0.005768061 -0.486873150 0.070162617 -0.005487222 0.997520089 42.594841003
0.997478068 0.003918616 -0.070864230 -2.591777086 -0.003514919 0.999976814 0.005820549 -0.493448734 0.070885405 -0.005556787 0.997468650 43.579189301
0.997383595 0.001603655 -0.072270505 -2.664889812 -0.001079647 0.999972820 0.007289115 -0.504815996 0.072280243 -0.007192016 0.997358084 44.566181183
0.997327805 0.002248525 -0.073019154 -2.740376234 -0.001648064 0.999964356 0.008282535 -0.512506008 0.073035181 -0.008140061 0.997295797 45.548831940
0.997307599 0.004676758 -0.073179998 -2.816914082 -0.004349442 0.999979794 0.004631465 -0.520315588 0.073200189 -0.004300703 0.997307658 46.507736206
0.997242153 0.005368623 -0.074020073 -2.896748781 -0.005344304 0.999985516 0.000526603 -0.531065702 0.074021839 -0.000129565 0.997256279 47.461845398
0.997181237 0.006219064 -0.074770749 -2.972710609 -0.006290463 0.999979854 -0.000719447 -0.543063104 0.074764781 0.001187762 0.997200131 48.425735474
0.997180879 0.004794197 -0.074881122 -3.046602726 -0.004597474 0.999985397 0.002799293 -0.558219433 0.074893467 -0.002447136 0.997188151 49.402828217
0.997178435 0.003047694 -0.075004168 -3.119705915 -0.002602490 0.999978304 0.006032735 -0.572112083 0.075020947 -0.005820515 0.997164547 50.376518250
0.997146249 0.000974735 -0.075487010 -3.192812443 -0.000457449 0.999976218 0.006869627 -0.587377489 0.075491935 -0.006815489 0.997122705 51.337955475
0.997121334 -0.001851208 -0.075799197 -3.265048981 0.002288914 0.999981105 0.005688077 -0.599349260 0.075787261 -0.005845200 0.997106433 52.292552948
0.997087657 -0.004197495 -0.076147221 -3.335580349 0.004543712 0.999979973 0.004374004 -0.611218870 0.076127373 -0.004707256 0.997086525 53.239837646
0.996998250 -0.005782325 -0.077207215 -3.409307241 0.006228871 0.999965131 0.005544160 -0.620531738 0.077172495 -0.006008431 0.996999204 54.184539795
0.996906519 -0.008458527 -0.078140013 -3.483548880 0.009237068 0.999911070 0.009607343 -0.629476309 0.078051835 -0.010299405 0.996895611 55.124542236
0.996843457 -0.009176560 -0.078860350 -3.554698944 0.010368254 0.999837816 0.014715290 -0.637133121 0.078712560 -0.015486479 0.996776581 56.063293457
0.996808410 -0.007452952 -0.079482384 -3.631701469 0.008830742 0.999816358 0.016997127 -0.642944694 0.079341158 -0.017644761 0.996690869 57.002601624
0.996702015 -0.006415287 -0.080894776 -3.710866690 0.007489597 0.999887526 0.012983901 -0.645627320 0.080802433 -0.013546945 0.996637642 57.930400848
0.996599555 -0.004847829 -0.082254089 -3.791740417 0.005293591 0.999972343 0.005202099 -0.648032069 0.082226641 -0.005619826 0.996597409 58.845741272
0.996538043 -0.003302420 -0.083071962 -3.872838020 0.003341659 0.999994218 0.000333303 -0.653503716 0.083070427 -0.000609745 0.996543109 59.751502991
0.996455312 0.001443296 -0.084110610 -3.958503246 -0.001340937 0.999998212 0.001273418 -0.665693223 0.084112339 -0.001156115 0.996455193 60.652889252
0.996349037 0.004202416 -0.085268818 -4.044743061 -0.003906761 0.999985695 0.003633893 -0.679437399 0.085282907 -0.003287498 0.996350944 61.526889801
0.996260464 0.006813869 -0.086130887 -4.128442287 -0.006386411 0.999965847 0.005237450 -0.694390059 0.086163670 -0.004667794 0.996269643 62.425415039
0.996153414 0.007510965 -0.087302923 -4.206319332 -0.007100282 0.999962151 0.005013685 -0.704428554 0.087337315 -0.004374521 0.996168792 63.290191650
0.995988369 0.008997044 -0.089028336 -4.285387516 -0.008513029 0.999946773 0.005814840 -0.714386523 0.089075960 -0.005033610 0.996011674 64.146484375
0.995859981 0.009807353 -0.090369336 -4.365580559 -0.009255357 0.999935806 0.006525247 -0.726742029 0.090427585 -0.005661828 0.995886505 64.982040405
0.995737255 0.010019221 -0.091688894 -4.445056915 -0.009415748 0.999931037 0.007011938 -0.736921310 0.091752872 -0.006118726 0.995762527 65.797958374
0.995616734 0.009968861 -0.092993751 -4.520609379 -0.009249737 0.999923885 0.008160827 -0.747820556 0.093068071 -0.007264884 0.995632768 66.598487854
0.995459735 0.012701335 -0.094331592 -4.602529049 -0.011726174 0.999871910 0.010884725 -0.754468501 0.094457805 -0.009729152 0.995480835 67.386375427
0.995312393 0.014319872 -0.095644929 -4.684167385 -0.012942911 0.999803603 0.015001498 -0.761526108 0.095841005 -0.013693246 0.995301962 68.170555115
0.995098174 0.017493263 -0.097331144 -4.764173985 -0.015936699 0.999732673 0.016747005 -0.767072737 0.097598128 -0.015113771 0.995110631 68.933929443
0.994920254 0.020204186 -0.098616399 -4.846228600 -0.019036623 0.999737203 0.012766156 -0.775070369 0.098848455 -0.010823980 0.995043099 69.676719666
0.994791687 0.020434339 -0.099858239 -4.925806522 -0.019988175 0.999785185 0.005466500 -0.782641768 0.099948540 -0.003442043 0.994986117 70.403892517
0.994645476 0.019633649 -0.101462372 -4.996351719 -0.019765938 0.999804556 -0.000298568 -0.788478553 0.101436719 0.002302468 0.994838774 71.098388672
0.994588017 0.020578206 -0.101837538 -5.073163509 -0.020835306 0.999781787 -0.001461501 -0.795917630 0.101785287 0.003575408 0.994799376 71.791671753
0.994445145 0.023424258 -0.102614865 -5.149224281 -0.023328573 0.999725580 0.002132614 -0.810401380 0.102636702 0.000273092 0.994718313 72.456756592
0.994302571 0.023745615 -0.103914082 -5.222815514 -0.023408419 0.999716043 0.004463416 -0.825921118 0.103990600 -0.002005519 0.994575679 73.109413147
0.994274795 0.020536456 -0.104859166 -5.291822910 -0.020523496 0.999788702 0.001202673 -0.835958958 0.104861751 0.000956291 0.994485795 73.749603271
0.994411170 0.012504232 -0.104831479 -5.348422050 -0.012978835 0.999908447 -0.003846390 -0.848495245 0.104773834 0.005185482 0.994481981 74.364051819
0.994552433 0.008573968 -0.103882678 -5.404319763 -0.009521263 0.999917507 -0.008626500 -0.860263765 0.103800192 0.009568596 0.994551599 74.955894470
0.994849086 0.011065462 -0.100760244 -5.468072414 -0.012018662 0.999888599 -0.008858002 -0.870589077 0.100651048 0.010023373 0.994870722 75.535827637
0.995189905 0.016233847 -0.096609429 -5.532045364 -0.016883498 0.999840021 -0.005910866 -0.883159578 0.096498072 0.007513536 0.995304227 76.100540161
0.995649099 0.014860199 -0.091988221 -5.579758644 -0.015182497 0.999880791 -0.002804919 -0.895256460 0.091935627 0.004189324 0.995755553 76.656654358
0.996211052 0.011262929 -0.086234897 -5.616465092 -0.011186931 0.999936461 0.001364446 -0.906954765 0.086244844 -0.000394574 0.996273279 77.199432373
0.996922135 0.007044965 -0.078079939 -5.646445751 -0.006690848 0.999966025 0.004795933 -0.921684563 0.078111134 -0.004258750 0.996934950 77.724571228
0.997665644 0.010745768 -0.067435406 -5.679779053 -0.010461097 0.999934733 0.004573038 -0.929972351 0.067480206 -0.003856914 0.997712553 78.240036011
0.998500943 0.015974121 -0.052349292 -5.708945751 -0.015781373 0.999867022 0.004093187 -0.938156366 0.052407783 -0.003260907 0.998619795 78.739219666
0.999183118 0.021256780 -0.034362927 -5.724737644 -0.021115141 0.999766946 0.004479384 -0.943894982 0.034450203 -0.003750147 0.999398768 79.225486755
0.999726653 0.019811502 -0.012396280 -5.715096474 -0.019752402 0.999792933 0.004871409 -0.949394226 0.012490295 -0.004625221 0.999910653 79.701965332
0.999772370 0.016302427 0.013752345 -5.685720921 -0.016380489 0.999850154 0.005583224 -0.956545591 -0.013659184 -0.005807222 0.999889255 80.167083740
0.998957992 0.015144497 0.043048956 -5.641743183 -0.015457048 0.999856353 0.006936889 -0.964895308 -0.042937625 -0.007595070 0.999048293 80.619308472
0.997009456 0.014794814 0.075848199 -5.582661629 -0.015450099 0.999848068 0.008059969 -0.970216095 -0.075717330 -0.009207726 0.997086227 81.071609497
0.993427217 0.015000991 0.113477021 -5.509609699 -0.016037863 0.999837399 0.008229891 -0.973049164 -0.113334998 -0.009995723 0.993506014 81.519989014
0.987769186 0.015515628 0.155148536 -5.418720245 -0.016934974 0.999825835 0.007830719 -0.975544691 -0.154999882 -0.010362376 0.987859547 81.947166443
0.979655504 0.015206604 0.200109154 -5.302754879 -0.017056491 0.999826133 0.007523541 -0.982810855 -0.199959815 -0.010783635 0.979744196 82.366943359
0.968326926 0.017439149 0.249075606 -5.171158314 -0.019344477 0.999799252 0.005203780 -0.993283510 -0.248934701 -0.009857194 0.968469560 82.772590637
0.953079283 0.018184531 0.302173764 -5.015220642 -0.019744033 0.999802768 0.002107037 -1.003915429 -0.302075654 -0.007974300 0.953250110 83.162406921
0.933573842 0.018498629 0.357906878 -4.836113930 -0.019681979 0.999806106 -0.000336552 -1.011978984 -0.357843548 -0.006730118 0.933756769 83.531913757
0.909669220 0.019070851 0.414894998 -4.635685444 -0.019886313 0.999799371 -0.002354932 -1.021311998 -0.414856493 -0.006108521 0.909865797 83.880760193
0.880746186 0.018943800 0.473209172 -4.426183224 -0.019475428 0.999803066 -0.003776664 -1.038751006 -0.473187357 -0.005889668 0.880941510 84.205085754
0.847487926 0.017219204 0.530534983 -4.186751842 -0.016757887 0.999843240 -0.005681800 -1.054973006 -0.530549467 -0.004075388 0.847643554 84.511848450
0.810881197 0.016961416 0.584964693 -3.925385714 -0.015696751 0.999850512 -0.007232360 -1.066485047 -0.584999740 -0.003317461 0.811026037 84.803138733
0.771404326 0.015717708 0.636150956 -3.648911476 -0.014859859 0.999867141 -0.006684975 -1.077465296 -0.636171341 -0.004296296 0.771535218 85.070686340
0.729126692 0.015212970 0.684209526 -3.359085083 -0.016112359 0.999857247 -0.005061084 -1.085364461 -0.684188724 -0.007334058 0.729267538 85.318389893
0.684080601 0.014366866 0.729264796 -3.055594206 -0.015337407 0.999868155 -0.005310752 -1.091219664 -0.729244769 -0.007552047 0.684210598 85.548606873
0.637715220 0.013464497 0.770154476 -2.737701893 -0.012002056 0.999899447 -0.007542962 -1.095267534 -0.770178318 -0.004433174 0.637812495 85.755340576
0.591131091 0.011179171 0.806497991 -2.410783291 -0.006189541 0.999937296 -0.009323812 -1.100927353 -0.806551397 0.000519742 0.591163039 85.936393738
0.544555366 0.013300684 0.838619351 -2.078866243 -0.007949967 0.999911129 -0.010696510 -1.110906601 -0.838686883 -0.000842155 0.544612527 86.107925415
0.497200191 0.016469484 0.867479503 -1.741870642 -0.011682929 0.999856234 -0.012286580 -1.118499637 -0.867556870 -0.004025811 0.497320950 86.270912170
0.451690674 0.018657304 0.891979516 -1.401640415 -0.012405571 0.999815941 -0.014630812 -1.129353046 -0.892087996 -0.004456913 0.451838851 86.410682678
0.409621865 0.016254747 0.912110627 -1.049650908 -0.004950871 0.999866068 -0.015595236 -1.137505054 -0.912241638 0.001872405 0.409647346 86.522590637
0.370280951 0.009155124 0.928874731 -0.685705781 0.010283717 0.999849677 -0.013954096 -1.140697837 -0.928862631 0.014719214 0.370131016 86.612144470
0.334977388 0.005704736 0.942208946 -0.322434336 0.014675928 0.999828637 -0.011271234 -1.146428227 -0.942111611 0.017603390 0.334836155 86.704170227
0.301791251 0.009839019 0.953323305 0.037514061 0.012230705 0.999824345 -0.014190784 -1.155558109 -0.953295290 0.015942462 0.301617801 86.800079346
0.270365536 0.017373705 0.962601006 0.401474327 0.001412382 0.999828756 -0.018442309 -1.172611952 -0.962756395 0.006345717 0.270294607 86.904243469
0.242057338 0.021604480 0.970021427 0.778317332 -0.003473998 0.999764800 -0.021400031 -1.194653034 -0.970255435 0.001810175 0.242075384 86.988662720
0.216486439 0.023270000 0.976008296 1.170059562 -0.002200702 0.999724805 -0.023347313 -1.213192940 -0.976282895 0.002906465 0.216478005 87.055526733
0.193186432 0.024678076 0.980851650 1.570047140 0.005294230 0.999642730 -0.026193591 -1.226037860 -0.981147528 0.010253092 0.192986697 87.108680725
0.173232973 0.031158313 0.984387815 1.971975565 0.012432834 0.999350429 -0.033819847 -1.224672556 -0.984802186 0.018097434 0.172732994 87.152976990
0.153416827 0.037919819 0.987433672 2.391153097 0.014372881 0.999071896 -0.040599857 -1.229787350 -0.988056898 0.020420959 0.152729362 87.205062866
0.135708883 0.038785778 0.989989221 2.825881720 0.011992761 0.999095738 -0.040786535 -1.245801568 -0.990676105 0.017407790 0.135120928 87.262512207
0.120205499 0.034360636 0.992154121 3.279277802 0.009819681 0.999310672 -0.035798196 -1.274531841 -0.992700398 0.014045767 0.119785137 87.314231873
0.105745837 0.031124238 0.993905902 3.746881485 0.010019381 0.999425828 -0.032363098 -1.298136950 -0.994342625 0.013380574 0.105373181 87.355682373
0.092523813 0.028667152 0.995297611 4.234638691 0.012452960 0.999473870 -0.029945076 -1.319503784 -0.995632529 0.015165024 0.092118040 87.392074585
0.080905661 0.027924694 0.996330380 4.731200218 0.016047059 0.999441326 -0.029314963 -1.338929296 -0.996592462 0.018359909 0.080412246 87.421630859
0.070893377 0.028574655 0.997074366 5.243346691 0.019268563 0.999363780 -0.030010285 -1.356578231 -0.997297645 0.021339713 0.070297569 87.445602417
0.063074484 0.029194796 0.997581601 5.768117905 0.021306422 0.999304712 -0.030592375 -1.374964952 -0.997781217 0.023184482 0.062408492 87.472251892
0.057575148 0.029594937 0.997902334 6.315662384 0.022991020 0.999256015 -0.030961579 -1.394334316 -0.998076260 0.024725396 0.056851782 87.497001648
0.052037310 0.030678364 0.998173773 6.879382133 0.024288572 0.999193311 -0.031975929 -1.414004207 -0.998349607 0.025908142 0.051250093 87.521186829
0.046057820 0.031425461 0.998444319 7.457434654 0.024803158 0.999160767 -0.032592177 -1.434771419 -0.998630702 0.026265681 0.045239609 87.548217773
0.041710991 0.031406067 0.998635948 8.052965164 0.027368471 0.999094725 -0.032563630 -1.459591031 -0.998754680 0.028689386 0.040813591 87.568984985
0.038892269 0.031388801 0.998750210 8.672900200 0.028824342 0.999055147 -0.032520842 -1.483470082 -0.998827457 0.030053113 0.037950657 87.589065552
0.035877440 0.030965708 0.998876274 9.310932159 0.029766174 0.999043047 -0.032040026 -1.508050442 -0.998912692 0.030882223 0.034921274 87.609771729
0.033573944 0.030363124 0.998974800 9.967828751 0.031996835 0.998993218 -0.031439055 -1.532139540 -0.998923779 0.033019550 0.032568511 87.627944946
0.032938860 0.030013073 0.999006510 10.634958267 0.036257267 0.998854995 -0.031203991 -1.556228876 -0.998799384 0.037249055 0.031812847 87.644577026
0.033980761 0.029709311 0.998980701 11.325143814 0.039424341 0.998740017 -0.031043198 -1.580425858 -0.998644531 0.040439017 0.032766569 87.662521362
0.036416475 0.029663909 0.998896182 12.032698631 0.041104428 0.998668790 -0.031155696 -1.604786277 -0.998490870 0.042193629 0.035148572 87.685485840
0.040343892 0.029595291 0.998747289 12.757137299 0.043521285 0.998560369 -0.031347778 -1.630944490 -0.998237431 0.044731453 0.038997684 87.712570190
0.044718489 0.029196097 0.998572707 13.492810249 0.043854989 0.998551667 -0.031159416 -1.658012629 -0.998036385 0.045185797 0.043373231 87.746047974
0.048733898 0.027515862 0.998432517 14.245748520 0.045370203 0.998527467 -0.029733019 -1.685367465 -0.997780621 0.046748091 0.047413643 87.782470703
0.052783299 0.025952967 0.998268425 14.995718956 0.045239653 0.998573482 -0.028352939 -1.713665485 -0.997580528 0.046657883 0.051533811 87.821945190
0.056948759 0.023895178 0.998090804 15.769211769 0.042098492 0.998766661 -0.026313404 -1.740197659 -0.997488976 0.043516636 0.055872481 87.872261047
0.061053731 0.022791037 0.997873902 16.563493729 0.041487582 0.998817086 -0.025350949 -1.766956210 -0.997271717 0.042947147 0.060035877 87.924156189
0.065056965 0.023818424 0.997596920 17.343463898 0.038723994 0.998901486 -0.026374908 -1.795187354 -0.997129738 0.040346812 0.064063072 87.985206604
0.068057865 0.027830858 0.997292757 18.124225616 0.036442272 0.998874068 -0.030361904 -1.828975320 -0.997015417 0.038409982 0.066966936 88.044303894
0.069416933 0.033240795 0.997033417 18.905855179 0.030486712 0.998906910 -0.035425846 -1.860559344 -0.997121632 0.032855425 0.068327561 88.106292725
0.069334641 0.036348984 0.996930659 19.708667755 0.027844457 0.998875797 -0.038356438 -1.897079587 -0.997204602 0.030418422 0.068244494 88.164817810
0.069632731 0.035911579 0.996925712 20.508670807 0.025814937 0.998952031 -0.037787683 -1.934585690 -0.997238457 0.028366832 0.068632610 88.223213196
0.069832787 0.034353357 0.996966600 21.319339752 0.023316126 0.999077380 -0.036059272 -1.972728252 -0.997285962 0.025763515 0.068967275 88.281814575
0.069671087 0.033174921 0.997017801 22.137897491 0.024277704 0.999094248 -0.034940522 -2.010894537 -0.997274339 0.026639646 0.068802476 88.341857910
0.070198350 0.032718167 0.996995926 22.941892624 0.021766849 0.999173582 -0.034322225 -2.048425198 -0.997295380 0.024110820 0.069428071 88.398971558
0.070386119 0.033123601 0.996969283 23.749555588 0.020147994 0.999197245 -0.034620065 -2.088074923 -0.997316182 0.022523697 0.069662146 88.459815979
0.070487686 0.033739284 0.996941447 24.556110382 0.017067388 0.999240518 -0.035023812 -2.130188227 -0.997366428 0.019483929 0.069858223 88.521606445
0.069557317 0.035183355 0.996956885 25.354200363 0.014683054 0.999233246 -0.036288112 -2.167859554 -0.997469723 0.017162468 0.068987302 88.577735901
0.066607080 0.034872517 0.997169256 26.167457581 0.011726504 0.999292433 -0.035730045 -2.207845926 -0.997710168 0.014073175 0.066150934 88.642066956
0.062580958 0.033775590 0.997467756 26.974050522 0.009411258 0.999362588 -0.034430206 -2.244876862 -0.997995257 0.011542093 0.062223114 88.701278687
0.057651635 0.031424105 0.997841656 27.787023544 0.007701146 0.999460518 -0.031920023 -2.281324625 -0.998306811 0.009524756 0.057378452 88.757461548
0.051362820 0.029358968 0.998248041 28.595014572 0.005694873 0.999542654 -0.029690057 -2.321107864 -0.998663604 0.007209850 0.051172059 88.804985046
0.044025946 0.029564183 0.998592496 29.397397995 0.005505267 0.999539375 -0.029834932 -2.358829021 -0.999014974 0.006811018 0.043842830 88.841079712
0.035428386 0.030565765 0.998904347 30.193843842 0.005355130 0.999511659 -0.030774280 -2.395492077 -0.999357641 0.006439534 0.035247318 88.868484497
0.025552347 0.031130383 0.999188304 30.994930267 0.006439523 0.999488771 -0.031304423 -2.427607536 -0.999652565 0.007234186 0.025338732 88.889556885
0.015235861 0.030164009 0.999428511 31.797283173 0.007942402 0.999509335 -0.030287525 -2.462659121 -0.999852180 0.008399309 0.014988718 88.904197693
0.004423573 0.029177142 0.999564171 32.597888947 0.007397159 0.999545574 -0.029209334 -2.497709274 -0.999962687 0.007523133 0.004205638 88.909828186
-0.006455808 0.028676853 0.999567568 33.379356384 0.009382488 0.999546051 -0.028615635 -2.525594711 -0.999934971 0.009193683 -0.006722040 88.897598267
-0.017554754 0.029182432 0.999419570 34.159759521 0.009977732 0.999528885 -0.029010365 -2.554593325 -0.999795973 0.009462660 -0.017837767 88.885749817
-0.028553199 0.029692253 0.999150813 34.942672729 0.010202880 0.999514937 -0.029411498 -2.592186928 -0.999540031 0.009354413 -0.028842412 88.861183167
-0.039182048 0.030931091 0.998752892 35.717678070 0.009772913 0.999484479 -0.030570345 -2.624566078 -0.999184072 0.008562905 -0.039464258 88.833000183
-0.049330965 0.031789202 0.998276114 36.482868195 0.010719007 0.999452293 -0.031296961 -2.662767410 -0.998724818 0.009156608 -0.049644820 88.790588379
-0.058847334 0.032485783 0.997737885 37.250629425 0.011646627 0.999424338 -0.031853758 -2.698233366 -0.998198926 0.009745762 -0.059191935 88.743576050
-0.068512753 0.033056352 0.997102082 38.000450134 0.012803879 0.999397397 -0.032252658 -2.730221510 -0.997567952 0.010557046 -0.068894848 88.690513611
-0.077717252 0.033367783 0.996416569 38.739040375 0.013348782 0.999384642 -0.032426011 -2.767711163 -0.996885955 0.010780877 -0.078114986 88.627578735
-0.086251095 0.032953024 0.995727956 39.467830658 0.014643981 0.999386430 -0.031805616 -2.801331997 -0.996165693 0.011838142 -0.086680882 88.559463501
-0.093537599 0.031884193 0.995104730 40.198364258 0.016452393 0.999399781 -0.030475315 -2.834847450 -0.995479703 0.013521257 -0.094006173 88.488021851
-0.098662063 0.030227052 0.994661450 40.914543152 0.019183910 0.999410272 -0.028468471 -2.869452238 -0.994935989 0.016272731 -0.099183895 88.412101746
-0.102369487 0.028610924 0.994334579 41.617309570 0.022304691 0.999400675 -0.026460357 -2.900295973 -0.994496226 0.019469587 -0.102946445 88.336555481
-0.104857177 0.027774805 0.994099021 42.326931000 0.024398332 0.999380529 -0.025348835 -2.924914598 -0.994187832 0.021596348 -0.105470039 88.255767822
-0.106742986 0.027002307 0.993919611 43.014091492 0.024423202 0.999400437 -0.024528246 -2.953564167 -0.993986487 0.021656478 -0.107338622 88.187110901
-0.107550941 0.027352905 0.993822932 43.670204163 0.025004096 0.999379396 -0.024799900 -2.985089064 -0.993884981 0.022182386 -0.108168282 88.119247437
-0.106809035 0.028300490 0.993876398 44.329116821 0.025533184 0.999342978 -0.025712166 -3.015539169 -0.993951499 0.022630533 -0.107461609 88.052093506
-0.103711329 0.030094879 0.994151711 44.952457428 0.026720934 0.999265373 -0.027462106 -3.040300846 -0.994248331 0.023716526 -0.104439445 87.987358093
-0.098510869 0.030638533 0.994663835 45.568737030 0.026961194 0.999240994 -0.028109290 -3.067530394 -0.994770527 0.024048254 -0.099262282 87.930244446
-0.090629138 0.031337056 0.995391190 46.172092438 0.026213113 0.999233425 -0.029071335 -3.095907211 -0.995539546 0.023457592 -0.091381229 87.884552002
-0.079690166 0.031268481 0.996328771 46.765522003 0.024893772 0.999258459 -0.029369315 -3.124976158 -0.996508718 0.022461938 -0.080409579 87.851089478
-0.066100925 0.031476181 0.997316003 47.324699402 0.023814507 0.999267280 -0.029959356 -3.155872583 -0.997528613 0.021770250 -0.066802189 87.826095581
-0.049033850 0.032740980 0.998260021 47.867134094 0.022705419 0.999240756 -0.031657863 -3.186095953 -0.998538971 0.021113604 -0.049740121 87.814254761
-0.027837008 0.035322819 0.998987854 48.398704529 0.020929167 0.999176919 -0.034746297 -3.213813305 -0.999393284 0.019940751 -0.028553467 87.815620422
-0.003231090 0.038503367 0.999252915 48.906261444 0.018968761 0.999080956 -0.038435392 -3.238616943 -0.999814749 0.018830400 -0.003958568 87.830902100
0.024814894 0.040159404 0.998884737 49.426189423 0.016694538 0.999036729 -0.040580235 -3.267725945 -0.999552548 0.017682914 0.024120472 87.866920471
0.057835992 0.039266311 0.997553229 49.937133789 0.013929728 0.999097109 -0.040134683 -3.300120115 -0.998228788 0.016216876 0.057236739 87.918411255
0.095785506 0.036574915 0.994729459 50.445507050 0.012544666 0.999200940 -0.037947275 -3.330376148 -0.995322824 0.016113348 0.095250092 87.988624573
0.137627304 0.032683145 0.989944339 50.941516876 0.010107849 0.999357045 -0.034399137 -3.359874964 -0.990432382 0.014740467 0.137208402 88.084220886
0.183534533 0.028134005 0.982610226 51.430480957 0.007378815 0.999522686 -0.029996458 -3.389298201 -0.982985437 0.012755883 0.183239296 88.195343018
0.231430560 0.024970479 0.972530603 51.912391663 0.002429008 0.999652505 -0.026244866 -3.413775682 -0.972848296 0.008436144 0.231289476 88.345611572
0.282726437 0.023568917 0.958910704 52.376537323 -0.001864651 0.999709606 -0.024021916 -3.435933828 -0.959198713 0.005003592 0.282688260 88.518173218
0.337154090 0.023541152 0.941154838 52.821849823 -0.003185147 0.999710083 -0.023864754 -3.451659441 -0.941444039 0.005048377 0.337131292 88.714813232
0.394540012 0.023781585 0.918570697 53.254840851 -0.002029147 0.999685049 -0.025010055 -3.475327969 -0.918876469 0.008003547 0.394464016 88.938598633
0.454130262 0.026938956 0.890527666 53.661773682 -0.001612172 0.999565840 -0.029415272 -3.496779442 -0.890933812 0.011922676 0.453976572 89.183990479
0.513362825 0.029928876 0.857649326 54.053501129 -0.000971423 0.999411166 -0.034294374 -3.519519329 -0.858171105 0.016772313 0.513089716 89.457290649
0.571423352 0.032545961 0.820009530 54.415672302 -0.004302523 0.999318242 -0.036664449 -3.549057245 -0.820644140 0.017422806 0.571173906 89.754203796
0.627173066 0.035309892 0.778078794 54.759582520 -0.008237833 0.999216557 -0.038705163 -3.566663027 -0.778836310 0.017865144 0.626972735 90.082839966
0.680119991 0.036052786 0.732213318 55.074443817 -0.009991391 0.999152899 -0.039915804 -3.582490444 -0.733032644 0.019831704 0.679904342 90.421173096
0.728661656 0.033953089 0.684031308 55.353965759 -0.010531032 0.999207556 -0.038379245 -3.602337837 -0.684792817 0.020761928 0.728442073 90.773597717
0.773670137 0.030009560 0.632876992 55.617622375 -0.012269525 0.999399722 -0.032390118 -3.622287989 -0.633469641 0.017294168 0.773574352 91.158988953
0.814817846 0.024553230 0.579196334 55.860710144 -0.012542113 0.999615192 -0.024731208 -3.638489485 -0.579581141 0.012887082 0.814812720 91.565483093
0.850850523 0.022146076 0.524940133 56.071716309 -0.014825282 0.999725163 -0.018146578 -3.649827480 -0.525198221 0.007657637 0.850945592 91.990959167
0.881635666 0.018672384 0.471560240 56.261878967 -0.015466952 0.999823153 -0.010672746 -3.661068678 -0.471676588 0.002115868 0.881769240 92.431884766
0.906801224 0.019172639 0.421121180 56.414100647 -0.018887924 0.999809623 -0.004847472 -3.676301956 -0.421134353 -0.003558422 0.906991422 92.865669250
0.926662147 0.020891294 0.375313163 56.555507660 -0.022181123 0.999753296 -0.000883833 -3.690134525 -0.375239432 -0.007505867 0.926897705 93.317825317
0.941640973 0.026871359 0.335543275 56.670360565 -0.029262016 0.999569297 0.002069915 -3.700725555 -0.335343510 -0.011767808 0.942022622 93.774192810
0.953259826 0.031434737 0.300510585 56.775138855 -0.033352517 0.999442518 0.001252604 -3.702680349 -0.300304055 -0.011216861 0.953777730 94.228019714
0.962381303 0.033243004 0.269659430 56.881488800 -0.034961421 0.999387085 0.001570876 -3.704169273 -0.269442260 -0.010939476 0.962954521 94.692825317
0.968470275 0.027676782 0.247585446 56.996807098 -0.029092902 0.999574244 0.002062412 -3.709374428 -0.247423261 -0.009200379 0.968863904 95.165092468
0.972442925 0.025059452 0.231788784 57.109714508 -0.026470670 0.999644756 0.002979748 -3.722975254 -0.231632084 -0.009033253 0.972761571 95.610801697
0.975251079 0.029410055 0.219133809 57.201656342 -0.030751830 0.999522924 0.002714035 -3.727130890 -0.218949765 -0.009385645 0.975691080 96.102493286
0.977179527 0.034765806 0.209549010 57.289585114 -0.036230065 0.999338031 0.003151970 -3.725011587 -0.209301025 -0.010672031 0.977793157 96.601158142
0.978134274 0.042576034 0.203567967 57.376098633 -0.043868393 0.999035180 0.001838358 -3.726378679 -0.203293592 -0.010728378 0.979059160 97.114547729
0.978478968 0.048235107 0.200627983 57.470039368 -0.048864249 0.998803318 -0.001817994 -3.730005264 -0.200475886 -0.008024681 0.979665875 97.637542725
0.978605628 0.049483173 0.199703842 57.574413300 -0.049635384 0.998757958 -0.004247468 -3.741034985 -0.199666277 -0.005755795 0.979847133 98.163864136
0.978188574 0.048076000 0.202076718 57.691539764 -0.047478002 0.998841345 -0.007808170 -3.750204563 -0.202218279 -0.001956346 0.979338586 98.700424194
0.977468729 0.046680547 0.205851972 57.813598633 -0.044676516 0.998897612 -0.014375276 -3.755342960 -0.206296414 0.004854630 0.978477538 99.244285583
0.976572156 0.047212780 0.209945217 57.933181763 -0.044174213 0.998839974 -0.019141644 -3.762427092 -0.210605726 0.009419033 0.977525711 99.793457031
0.975382626 0.052012354 0.214295641 58.051658630 -0.049153812 0.998616576 -0.018649999 -3.775946856 -0.214969516 0.007657435 0.976590753 100.368721008
0.973957062 0.054940403 0.219973683 58.176731110 -0.052997667 0.998485506 -0.014727823 -3.788363218 -0.220449984 0.002686169 0.975394666 100.959304810
0.973064542 0.051726244 0.224653319 58.317302704 -0.050731961 0.998659670 -0.010199888 -3.800266504 -0.224880114 -0.001471966 0.974385440 101.562797546
0.972407341 0.047210984 0.228460819 58.467010498 -0.047399644 0.998864591 -0.004664314 -3.811881065 -0.228421926 -0.006293364 0.973541975 102.173301697
0.971642792 0.044610038 0.232205883 58.614456177 -0.045833621 0.998948574 -0.000125833 -3.821212292 -0.231967643 -0.010520591 0.972666681 102.794792175
0.971122861 0.040028177 0.235196680 58.766605377 -0.041294586 0.999146402 0.000459666 -3.827388763 -0.234977812 -0.010158760 0.971947730 103.423568726
0.971224308 0.036603037 0.235335469 58.929882050 -0.037026711 0.999310374 -0.002619860 -3.835677624 -0.235269353 -0.006169241 0.971910655 104.065132141
0.971340954 0.035957199 0.234953165 59.088611603 -0.034668375 0.999352157 -0.009615045 -3.846735001 -0.235146970 0.001194035 0.971959114 104.717529297
0.971459389 0.038232241 0.234102562 59.241771698 -0.035408232 0.999240220 -0.016255800 -3.857350111 -0.234546468 0.007502689 0.972075999 105.373191833
0.971970558 0.041233882 0.231456548 59.391811371 -0.037613325 0.999091029 -0.020035503 -3.865923166 -0.232072562 0.010768071 0.972638905 106.042030334
0.972606540 0.039574951 0.229062095 59.554775238 -0.036938053 0.999192357 -0.015789548 -3.877598047 -0.229502246 0.006895907 0.973283768 106.736404419
0.973037720 0.035614707 0.227878049 59.715106964 -0.034644697 0.999365091 -0.008256579 -3.893228292 -0.228027701 0.000139186 0.973654687 107.437507629
0.973617315 0.035848062 0.225351840 59.876243591 -0.036262274 0.999339163 -0.002302126 -3.910797119 -0.225285724 -0.005930398 0.974274755 108.149978638
0.973881841 0.039282348 0.223629504 60.032955170 -0.039633948 0.999209523 -0.002917801 -3.922821522 -0.223567620 -0.006021744 0.974669933 108.876029968
0.974109113 0.045183495 0.221515223 60.182125092 -0.044629782 0.998974919 -0.007506880 -3.932351589 -0.221627608 -0.002573670 0.975128055 109.606071472
0.974941850 0.046088330 0.217631072 60.338443756 -0.044370458 0.998932958 -0.012776306 -3.942780256 -0.217987940 0.002799757 0.975947499 110.346878052
0.975877583 0.044817541 0.213666126 60.501453400 -0.042469054 0.998975992 -0.015571158 -3.953864336 -0.214145422 0.006121342 0.976782680 111.098045349
0.976778388 0.042775091 0.209936127 60.659969330 -0.040733684 0.999070942 -0.014040225 -3.969475269 -0.210341886 0.005162712 0.977614343 111.865737915
0.977641881 0.039135627 0.206600249 60.822845459 -0.037461374 0.999225438 -0.012011053 -3.985867262 -0.206910491 0.004002974 0.978351772 112.646621704
0.978051662 0.038008619 0.204863757 60.985416412 -0.036894999 0.999275804 -0.009254233 -4.004717350 -0.205067337 0.001492661 0.978746831 113.435485840
0.978437066 0.034747738 0.203598559 61.153423309 -0.034052353 0.999395669 -0.006918658 -4.018933296 -0.203716129 -0.000163550 0.979030073 114.220397949
0.978679121 0.029497694 0.203263149 61.322124481 -0.028936930 0.999564350 -0.005730763 -4.029137135 -0.203343853 -0.000273244 0.979107440 115.021011353
0.978787959 0.030472105 0.202594236 61.480018616 -0.030252460 0.999533117 -0.004181316 -4.042527676 -0.202627286 -0.002036365 0.979253948 115.814231873
0.978489816 0.036046665 0.203118473 61.630615234 -0.035538297 0.999348938 -0.006150663 -4.057139874 -0.203208163 -0.001200134 0.979134977 116.621253967
0.978153706 0.041837640 0.203626409 61.788803101 -0.040762015 0.999123454 -0.009475365 -4.071468830 -0.203844592 0.000968135 0.979002953 117.434341431
0.977558017 0.050740093 0.204461396 61.947868347 -0.049521308 0.998711169 -0.011076519 -4.087481499 -0.204760149 0.000702738 0.978812099 118.256904602
0.976641357 0.056518871 0.207306683 62.110195160 -0.055570733 0.998400092 -0.010398848 -4.103503704 -0.207562998 -0.001364248 0.978220880 119.070175171
0.975854695 0.059264682 0.210223764 62.276535034 -0.058825132 0.998232901 -0.008348983 -4.126592159 -0.210347340 -0.004219058 0.977617741 119.904075623
0.975267172 0.059859287 0.212766483 62.456710815 -0.059288733 0.998199165 -0.009066861 -4.147602081 -0.212926343 -0.003772054 0.977061093 120.743499756
0.974972069 0.058343399 0.214532822 62.636985779 -0.057148874 0.998295724 -0.011771625 -4.166271210 -0.214854285 -0.000783310 0.976645947 121.565299988
0.974988401 0.052411828 0.215984911 62.825996399 -0.051357023 0.998624682 -0.010497164 -4.186140537 -0.216238320 -0.000857736 0.976340413 122.401695251
0.975301385 0.045833215 0.216067851 63.018898010 -0.044312883 0.998946607 -0.011878211 -4.210221291 -0.216384932 0.002010244 0.976306200 123.222419739
0.975059927 0.045161758 0.217295423 63.203346252 -0.043610770 0.998976886 -0.011930385 -4.234721184 -0.217612162 0.002156417 0.976033092 124.057495117
0.974477589 0.047901668 0.219311506 63.384006500 -0.047082908 0.998850286 -0.008961376 -4.253322601 -0.219488889 -0.001593172 0.975613832 124.909225464
0.974038005 0.049996734 0.220791698 63.557212830 -0.050497930 0.998717964 -0.003377431 -4.267656326 -0.220677778 -0.007859793 0.975315213 125.742546082
0.973661482 0.053409617 0.221651584 63.731601715 -0.054977365 0.998486638 0.000904902 -4.285558701 -0.221268117 -0.013066911 0.975125611 126.556358337
0.973457217 0.052797090 0.222693235 63.915794373 -0.052888308 0.998584390 -0.005558448 -4.302324772 -0.222671777 -0.006366970 0.974872828 127.388023376
0.973762214 0.048785232 0.222274512 64.101188660 -0.045533475 0.998767316 -0.019733723 -4.324795723 -0.222963572 0.009095033 0.974784493 128.193161011
