1.000000000 0.000000000 0.000000000 0.000000000 0.000000000 1.000000000 0.000000000 0.000000000 0.000000000 0.000000000 1.000000000 0.000000000
0.999990880 -0.002574668 -0.003409153 0.000098006 0.002567499 0.999994516 -0.002105686 -0.005746838 0.003414556 0.002096914 0.999991953 0.671490908
0.999970734 -0.001358197 -0.007527379 -0.008993044 0.001331269 0.999992728 -0.003581182 -0.011880038 0.007532189 0.003571056 0.999965191 1.353061199
0.999934137 -0.001351957 -0.011396737 -0.024686322 0.001294683 0.999986470 -0.005031377 -0.016578555 0.011403386 0.005016290 0.999922335 2.059152126
0.999869049 0.000088630 -0.016180960 -0.045053829 -0.000179562 0.999984145 -0.005618378 -0.023984382 0.016180206 0.005620547 0.999853253 2.785768270
0.999783695 -0.000958613 -0.020775471 -0.059091002 0.000835024 0.999981821 -0.005956660 -0.030210814 0.020780804 0.005938023 0.999766409 3.524105072
0.999679685 0.000833664 -0.025294255 -0.085020483 -0.001015097 0.999973714 -0.007160882 -0.040200755 0.025287624 0.007184264 0.999654353 4.276522636
0.999538362 0.003486114 -0.030182067 -0.114301682 -0.003719943 0.999963403 -0.007694617 -0.049408540 0.030154141 0.007803340 0.999514759 5.034131527
0.999397933 0.003644384 -0.034504313 -0.147030249 -0.003858135 0.999973714 -0.006130360 -0.057456650 0.034481067 0.006259791 0.999385715 5.809092045
0.999232590 0.002928671 -0.039059658 -0.178745165 -0.003065975 0.999989271 -0.003455805 -0.066839181 0.039049115 0.003572908 0.999230862 6.606104851
0.999090791 0.002592402 -0.042554058 -0.217005581 -0.002627623 0.999996185 -0.000771776 -0.081178032 0.042551890 0.000882890 0.999093831 7.411785126
0.998972893 0.004292750 -0.045107041 -0.262744337 -0.004355001 0.999989629 -0.001281898 -0.094351001 0.045101069 0.001477022 0.998981297 8.224234581
0.998866916 0.003781597 -0.047438528 -0.302779019 -0.003857215 0.999991357 -0.001502604 -0.103257582 0.047432434 0.001683881 0.998872995 9.047192574
0.998786390 0.000739257 -0.049245182 -0.340061218 -0.000837956 0.999997616 -0.001983641 -0.110905692 0.049243592 0.002022498 0.998784721 9.883501053
0.998667538 0.000721737 -0.051599532 -0.379765362 -0.000777294 0.999999106 -0.001056655 -0.122019358 0.051598713 0.001095354 0.998667240 10.718210220
0.998587847 -0.000671759 -0.053119451 -0.423857689 0.000607895 0.999999046 -0.001218426 -0.133813694 0.053120211 0.001184413 0.998587370 11.562683105
0.998489082 0.001732368 -0.054922342 -0.475366086 -0.001925006 0.999992132 -0.003454773 -0.147793576 0.054915916 0.003555278 0.998484612 12.417840004
0.998405814 0.002494428 -0.056386266 -0.526407182 -0.002845722 0.999976993 -0.006150717 -0.156176448 0.056369614 0.006301370 0.998390019 13.276862144
0.998283446 0.006432541 -0.058211379 -0.584949851 -0.006887678 0.999947190 -0.007621449 -0.171079874 0.058159269 0.008009307 0.998275101 14.152790070
0.998217881 0.007298646 -0.059224740 -0.642017961 -0.007748839 0.999942660 -0.007375332 -0.183572918 0.059167504 0.007821109 0.998217344 15.041303635
0.998140872 0.006770937 -0.060569737 -0.697107077 -0.007144146 0.999956727 -0.005947220 -0.196405485 0.060526833 0.006368880 0.998146176 15.916233063
0.998038054 0.007652948 -0.062139429 -0.753426969 -0.007949864 0.999958038 -0.004532415 -0.209106445 0.062102128 0.005017520 0.998057067 16.808704376
0.997980118 0.007385346 -0.063095011 -0.813025892 -0.007674698 0.999961019 -0.004344852 -0.225395545 0.063060455 0.004820308 0.997997940 17.711889267
0.997863650 0.007267290 -0.064924225 -0.872752726 -0.007625762 0.999956906 -0.005275292 -0.239925981 0.064883083 0.005759116 0.997876167 18.615650177
0.997792721 0.005436772 -0.066181332 -0.930684686 -0.005843182 0.999965131 -0.005948842 -0.253598750 0.066146679 0.006322417 0.997789800 19.507698059
0.997746289 0.005571278 -0.066865958 -0.988860726 -0.005874883 0.999973238 -0.004344724 -0.262298167 0.066839971 0.004727758 0.997752368 20.437084198
0.997734129 0.006813947 -0.066931613 -1.052754879 -0.006889231 0.999975801 -0.000894051 -0.276753217 0.066923901 0.001353130 0.997757018 21.347639084
0.997780383 0.007755758 -0.066134296 -1.118235707 -0.007584761 0.999967158 0.002836303 -0.287803710 0.066154122 -0.002328398 0.997806549 22.275951385
0.997890353 0.006423651 -0.064599290 -1.179697514 -0.006064680 0.999965072 0.005751439 -0.294360578 0.064633973 -0.005347536 0.997894526 23.204759598
0.997983575 0.006663302 -0.063117579 -1.243402839 -0.006268137 0.999959469 0.006456719 -0.300638139 0.063158035 -0.006048074 0.997985005 24.150239944
0.998072743 0.007046571 -0.061649486 -1.305036426 -0.006825794 0.999969482 0.003791029 -0.312231839 0.061674308 -0.003362920 0.998090446 25.084053040
0.998129129 0.008127428 -0.060594261 -1.372135878 -0.008207605 0.999965727 -0.001074424 -0.321761131 0.060583439 0.001569743 0.998161674 26.010721207
0.998206258 0.007401058 -0.059404582 -1.430139780 -0.007648041 0.999962986 -0.003931382 -0.336963564 0.059373274 0.004378655 0.998226047 26.946947098
0.998256326 0.004666341 -0.058838844 -1.482723713 -0.004846885 0.999983907 -0.002926144 -0.346850693 0.058824230 0.003206224 0.998263001 27.893674850
0.998242974 0.003104991 -0.059167646 -1.539997816 -0.002978858 0.999993086 0.002219825 -0.364867240 0.059174117 -0.002039677 0.998245358 28.877599716
0.998190045 -0.000830409 -0.060127050 -1.592696190 0.001179092 0.999982715 0.005763787 -0.379190028 0.060121208 -0.005824254 0.998173833 29.843465805
0.998095274 -0.008007795 -0.061163306 -1.645784497 0.008343207 0.999951541 0.005230362 -0.390041709 0.061118443 -0.005730702 0.998113811 30.787698746
0.997993052 -0.009800613 -0.062554695 -1.705068231 0.009904297 0.999950051 0.001347516 -0.397939146 0.062538356 -0.001964376 0.998040318 31.758523941
0.997912943 -0.009688414 -0.063836493 -1.773571610 0.009539787 0.999951065 -0.002632739 -0.408267498 0.063858874 0.002018254 0.997956574 32.732341766
0.997785270 -0.008390903 -0.065979637 -1.843699813 0.008205560 0.999961615 -0.003079661 -0.423186153 0.066002935 0.002531437 0.997815907 33.710426331
0.997746050 -0.008580792 -0.066545881 -1.910612345 0.008500545 0.999962747 -0.001489038 -0.440465152 0.066556171 0.000920002 0.997781932 34.693443298
0.997670054 -0.005521543 -0.067993276 -1.980857491 0.005635852 0.999983013 0.001489386 -0.458210170 0.067983896 -0.001869121 0.997684360 35.673000336
0.997603118 -0.005872486 -0.068940140 -2.055422783 0.006073073 0.999977946 0.002700261 -0.464825451 0.068922758 -0.003112471 0.997616827 36.672836304
0.997540295 -0.004640793 -0.069936082 -2.129843950 0.005025615 0.999973238 0.005327456 -0.473783970 0.069909483 -0.005665828 0.997536957 37.649398804
0.997569382 -0.005021226 -0.069493368 -2.210872650 0.005611619 0.999949813 0.008302986 -0.477300763 0.069448180 -0.008672780 0.997547567 38.642040253
0.997527480 0.000728959 -0.070269041 -2.285154819 0.000027344 0.999942183 0.010761347 -0.485042363 0.070272811 -0.010736666 0.997469723 39.616184235
0.997539222 0.000879287 -0.070099518 -2.370175362 -0.000179657 0.999950230 0.009986164 -0.485058874 0.070104793 -0.009949002 0.997489750 40.613853455
0.997544825 0.001033010 -0.070017122 -2.438564062 -0.000451113 0.999965310 0.008326052 -0.487345368 0.070023276 -0.008274030 0.997510791 41.597232819
0.997536600 0.003254762 -0.070067041 -2.515048265 -0.002829485 0.999976993 0.006167939 -0.491936773 0.070085496 -0.005954497 0.997522950 42.569690704
0.997475147 0.002686281 -0.070960954 -2.585389376 -0.002254069 0.999978423 0.006170196 -0.495362252 0.070976004 -0.005994672 0.997459710 43.556755066
0.997372746 0.000557070 -0.072434023 -2.652978897 -0.000006880 0.999971151 0.007595722 -0.503775656 0.072436169 -0.007575273 0.997344017 44.536563873
0.997314751 0.001170746 -0.073221102 -2.727797508 -0.000543677 0.999962986 0.008583358 -0.511236012 0.073228441 -0.008520504 0.997278571 45.524044037
0.997297823 0.003689971 -0.073367558 -2.805412531 -0.003334054 0.999982059 0.004972996 -0.521296799 0.073384590 -0.004714950 0.997292280 46.489643097
0.997232795 0.004380592 -0.074208222 -2.885032892 -0.004327681 0.999990165 0.000873779 -0.531938732 0.074211322 -0.000550215 0.997242093 47.442222595
0.997172594 0.005234851 -0.074957997 -2.961141109 -0.005277557 0.999985874 -0.000371675 -0.543648362 0.074955001 0.000766217 0.997186303 48.405723572
0.997171879 0.003779422 -0.075055584 -3.035716534 -0.003551988 0.999988556 0.003163458 -0.558856189 0.075066693 -0.002887918 0.997173965 49.378364563
0.997158706 0.001899283 -0.075300500 -3.107180357 -0.001417932 0.999978125 0.006445320 -0.572777867 0.075311109 -0.006320240 0.997139692 50.355873108
0.997115850 -0.000294801 -0.075889111 -3.177140713 0.000843124 0.999973714 0.007193353 -0.584032416 0.075885005 -0.007236595 0.997089922 51.318244934
0.997088730 -0.003154441 -0.076179937 -3.249444008 0.003618466 0.999975681 0.005953868 -0.592566550 0.076159306 -0.006212194 0.997075915 52.264614105
0.997045934 -0.005592760 -0.076598644 -3.319952726 0.005968716 0.999971151 0.004680041 -0.604730010 0.076570265 -0.005123416 0.997050643 53.210384369
0.996953368 -0.007185326 -0.077662960 -3.393958569 0.007663110 0.999953389 0.005855692 -0.613997698 0.077617273 -0.006432997 0.996962070 54.153968811
0.996839046 -0.010273948 -0.078775361 -3.464807510 0.011098060 0.999888062 0.010030801 -0.624106228 0.078663491 -0.010873354 0.996841490 55.091484070
0.996775568 -0.010914794 -0.079489276 -3.536237240 0.012153707 0.999811769 0.015118722 -0.630835593 0.079309300 -0.016036067 0.996720612 56.031311035
0.996743083 -0.009187062 -0.080113262 -3.613823891 0.010613536 0.999792218 0.017398011 -0.636256993 0.079936787 -0.018191636 0.996633470 56.970561981
0.996641576 -0.007972935 -0.081493802 -3.693928480 0.009093592 0.999868870 0.013389466 -0.639231265 0.081376374 -0.014085575 0.996583462 57.896789551
0.996531248 -0.006529456 -0.082957603 -3.773234367 0.007026033 0.999958992 0.005695332 -0.643898308 0.082917027 -0.006258443 0.996536374 58.818866730
0.996467710 -0.005231182 -0.083808489 -3.855412483 0.005321141 0.999985397 0.000850006 -0.647972286 0.083802827 -0.001292964 0.996481121 59.728763580
0.996392190 -0.000521313 -0.084862456 -3.940860510 0.000676707 0.999998033 0.001802335 -0.660308003 0.084861360 -0.001853263 0.996390641 60.628948212
0.996275365 0.002090958 -0.086199336 -4.022903919 -0.001730638 0.999989331 0.004254568 -0.675479174 0.086207330 -0.004089545 0.996268392 61.504276276
0.996191084 0.004762809 -0.087062784 -4.107562542 -0.004268782 0.999973595 0.005859649 -0.689982951 0.087088406 -0.005465682 0.996185124 62.402378082
0.996086776 0.005684629 -0.088193372 -4.185634136 -0.005209919 0.999970555 0.005611840 -0.700914025 0.088222690 -0.005130403 0.996087134 63.261062622
0.995921552 0.007120654 -0.089937590 -4.265526295 -0.006570469 0.999957740 0.006411982 -0.710109234 0.089979455 -0.005794903 0.995926321 64.118286133
0.995793283 0.007931550 -0.091279812 -4.346449375 -0.007312000 0.999947786 0.007119767 -0.721974075 0.091331534 -0.006422382 0.995799422 64.953781128
0.995672286 0.008041006 -0.092581436 -4.427409649 -0.007372247 0.999944031 0.007563183 -0.729902685 0.092637099 -0.006847922 0.995675981 65.773643494
0.995554924 0.007908953 -0.093846098 -4.504562378 -0.007125907 0.999936759 0.008676109 -0.738423109 0.093908809 -0.007968809 0.995548487 66.571151733
0.995401621 0.010661507 -0.095189378 -4.587140083 -0.009619703 0.999888599 0.011396728 -0.744693398 0.095300294 -0.010428634 0.995393515 67.358741760
0.995256186 0.012250182 -0.096509770 -4.667667389 -0.010805013 0.999821544 0.015482744 -0.750276327 0.096682228 -0.014366513 0.995211184 68.138916016
0.995045781 0.015379860 -0.098215573 -4.749257088 -0.013753336 0.999756992 0.017216390 -0.755161524 0.098456509 -0.015780311 0.995015800 68.903518677
0.994879127 0.018084455 -0.099435225 -4.832033634 -0.016848473 0.999769986 0.013255822 -0.763145864 0.099652089 -0.011512613 0.994955301 69.645507812
0.994751573 0.018299695 -0.100664198 -4.912109852 -0.017790418 0.999823809 0.005954618 -0.770435572 0.100755438 -0.004132509 0.994902194 70.372390747
0.994597554 0.017431373 -0.102326505 -4.980710506 -0.017503930 0.999846578 0.000188842 -0.776214361 0.102314107 0.001603294 0.994750440 71.068862915
0.994542062 0.018399134 -0.102695405 -5.056808472 -0.018596368 0.999826431 -0.000963398 -0.783128262 0.102659866 0.002867902 0.994711995 71.759025574
0.994406879 0.021211570 -0.103458948 -5.135084152 -0.021056511 0.999774754 0.002590852 -0.795806766 0.103490606 -0.000397878 0.994629979 72.429603577
0.994264185 0.021605792 -0.104740687 -5.210395813 -0.021204393 0.999762714 0.004944513 -0.811955035 0.104822673 -0.002695192 0.994486928 73.084083557
0.994222581 0.018594438 -0.105708793 -5.276583672 -0.018513447 0.999826908 0.001747504 -0.825831831 0.105722994 0.000219625 0.994395256 73.723411560
0.994344354 0.010533615 -0.105673485 -5.333425045 -0.010944871 0.999934435 -0.003312589 -0.837740839 0.105631664 0.004450439 0.994395018 74.336364746
0.994478941 0.006593422 -0.104721643 -5.389844894 -0.007481795 0.999939084 -0.008092634 -0.849063993 0.104661904 0.008831466 0.994468331 74.928710938
0.994787753 0.009153869 -0.101548105 -5.455121040 -0.010050359 0.999914646 -0.008320126 -0.860639989 0.101463273 0.009297361 0.994795501 75.506828308
0.995141149 0.014324363 -0.097403266 -5.519526958 -0.014917582 0.999874115 -0.005364775 -0.872918069 0.097314157 0.006791734 0.995230198 76.071502686
0.995600820 0.012953333 -0.092788346 -5.567667007 -0.013219057 0.999909878 -0.002249704 -0.884697855 0.092750840 0.003466384 0.995682955 76.627586365
0.996159732 0.009362016 -0.087043568 -5.604812145 -0.009228987 0.999955297 0.001930591 -0.896043837 0.087057747 -0.001119853 0.996202290 77.170463562
0.996868789 0.005147134 -0.078895688 -5.635189533 -0.004737522 0.999974012 0.005378065 -0.910445750 0.078921318 -0.004987458 0.996868074 77.695594788
0.997628152 0.008843106 -0.068250656 -5.668925285 -0.008509246 0.999950111 0.005180832 -0.918487549 0.068293050 -0.004587785 0.997654438 78.210975647
0.998485684 0.014074550 -0.053165030 -5.698549271 -0.013842598 0.999892712 0.004728650 -0.926333725 0.053225856 -0.003985550 0.998574197 78.710380554
0.999192595 0.019357217 -0.035179980 -5.714723110 -0.019187713 0.999802351 0.005149574 -0.931740940 0.035272665 -0.004470397 0.999367416 79.196662903
0.999751866 0.017878691 -0.013219682 -5.705256939 -0.017806236 0.999825597 0.005578466 -0.936676323 0.013317052 -0.005341694 0.999896765 79.674598694
0.999812543 0.014360440 0.012916503 -5.676230431 -0.014443166 0.999875367 0.006334313 -0.943274558 -0.012824011 -0.006519686 0.999896228 80.140098572
0.999020517 0.013203977 0.042211082 -5.632609367 -0.013542522 0.999878049 0.007744425 -0.951210976 -0.042103786 -0.008308491 0.999078453 80.592369080
0.997100294 0.012779984 0.075005129 -5.573853493 -0.013490930 0.999868393 0.008979642 -0.957228899 -0.074880637 -0.009965502 0.997142434 81.043106079
0.993545771 0.012908801 0.112686187 -5.501551628 -0.014038156 0.999858558 0.009234378 -0.959712327 -0.112551227 -0.010756694 0.993587434 81.491592407
0.987947702 0.013253381 0.154213175 -5.408170223 -0.014812098 0.999849856 0.008962903 -0.962545276 -0.154071465 -0.011139112 0.987996638 81.919540405
0.979872048 0.012935303 0.199202240 -5.292912483 -0.014979066 0.999849260 0.008756061 -0.969315112 -0.199059218 -0.011563694 0.979918957 82.338989258
0.968595445 0.015169237 0.248174995 -5.161600113 -0.017328972 0.999828398 0.006520161 -0.978974998 -0.248033822 -0.010616027 0.968692899 82.744392395
0.953397870 0.015912872 0.301292658 -5.005952835 -0.017802879 0.999835074 0.003528105 -0.988895476 -0.301187217 -0.008727575 0.953524828 83.134437561
0.933875442 0.016274484 0.357225060 -4.830101490 -0.017797040 0.999840915 0.000975112 -0.993754566 -0.357152820 -0.007268190 0.934017479 83.501556396
0.909899354 0.016900234 0.414482325 -4.631118774 -0.018098556 0.999835432 -0.001036425 -1.000916719 -0.414432168 -0.006558496 0.910056412 83.853538513
0.881087542 0.016698362 0.472656280 -4.418190002 -0.017573733 0.999841988 -0.002563643 -1.015007138 -0.472625017 -0.006047547 0.881242752 84.178855896
0.847762167 0.015103200 0.530159533 -4.180527210 -0.014937396 0.999877572 -0.004598585 -1.027842522 -0.530164778 -0.004020701 0.847885013 84.487144470
0.811117291 0.015076372 0.584687352 -3.918434620 -0.013947524 0.999881744 -0.006433358 -1.034595966 -0.584715962 -0.002936735 0.811232686 84.781455994
0.771700740 0.013739296 0.635835767 -3.641340256 -0.012959230 0.999898493 -0.005877693 -1.043590546 -0.635852754 -0.003704125 0.771801412 85.048820496
0.729445934 0.013262790 0.683908343 -3.352414131 -0.014317902 0.999888778 -0.004119223 -1.051382303 -0.683887720 -0.006787390 0.729555607 85.295753479
0.684407830 0.012394641 0.728992641 -3.048405409 -0.013623414 0.999898076 -0.004210467 -1.057307124 -0.728971422 -0.007049700 0.684507728 85.526985168
0.638203502 0.011312865 0.769783258 -2.729655504 -0.010267886 0.999927878 -0.006182313 -1.062634826 -0.769798696 -0.003958477 0.638274431 85.732040405
0.591629267 0.009027540 0.806158364 -2.402753592 -0.004538290 0.999958396 -0.007867156 -1.067628384 -0.806196988 0.000995861 0.591646314 85.913360596
0.545082450 0.011142301 0.838307202 -2.070973873 -0.006379625 0.999937475 -0.009142445 -1.077017903 -0.838357806 -0.000364700 0.545120120 86.084968567
0.497777998 0.014318663 0.867185116 -1.733335018 -0.010159908 0.999890983 -0.010677903 -1.083604932 -0.867244720 -0.003495301 0.497869760 86.248344421
0.452350229 0.016519450 0.891686201 -1.393150568 -0.011014469 0.999855220 -0.012935780 -1.093842387 -0.891772151 -0.003969952 0.452467203 86.387123108
0.410273969 0.014114384 0.911851943 -1.041131973 -0.003645870 0.999897182 -0.013836810 -1.101282597 -0.911954820 0.002352393 0.410283685 86.499374390
0.370854586 0.007003265 0.928663373 -0.675474942 0.011650020 0.999857366 -0.012192497 -1.103349209 -0.928617716 0.015340614 0.370720536 86.591209412
0.335511178 0.003571344 0.942028284 -0.312952936 0.015847318 0.999829471 -0.009434624 -1.108682632 -0.941902757 0.018094072 0.335397720 86.683486938
0.302336425 0.007710802 0.953168929 0.047193438 0.013340360 0.999834657 -0.012319745 -1.117040753 -0.953107774 0.016440349 0.302183867 86.779693604
0.271048933 0.015204288 0.962444305 0.409986496 0.002610776 0.999859452 -0.016530612 -1.133415222 -0.962561846 0.006993340 0.270971388 86.881927490
0.242724642 0.019431019 0.969899416 0.786736667 -0.002429497 0.999807954 -0.019422201 -1.155440569 -0.970091999 0.002357882 0.242725447 86.967262268
0.217155233 0.021096051 0.975907862 1.178346038 -0.001267622 0.999771297 -0.021329828 -1.173413754 -0.976136088 0.003394805 0.217132464 87.034385681
0.193842351 0.022499297 0.980773449 1.578323841 0.006178985 0.999688745 -0.024154441 -1.185414910 -0.981013060 0.010742351 0.193643123 87.087806702
0.173810095 0.028949168 0.984352410 1.989334941 0.013054308 0.999411881 -0.031697087 -1.185444593 -0.984692574 0.018359335 0.173330039 87.135635376
0.153994843 0.035707358 0.987425089 2.408345461 0.014968808 0.999147415 -0.038465727 -1.189618468 -0.987958193 0.020704124 0.153329104 87.187904358
0.136293709 0.036574956 0.989991903 2.843032360 0.012549671 0.999173939 -0.038641904 -1.204697490 -0.990588903 0.017690742 0.135722145 87.245605469
0.120838858 0.032153863 0.992150068 3.294871092 0.010500059 0.999377608 -0.033666935 -1.231587052 -0.992616534 0.014485924 0.120426029 87.296394348
0.106432244 0.028916990 0.993898273 3.762653828 0.010784943 0.999484241 -0.030234415 -1.253988624 -0.994261444 0.013937066 0.106065460 87.337646484
0.093204282 0.026471581 0.995293856 4.250749111 0.013410167 0.999522030 -0.027839821 -1.272806406 -0.995556653 0.015941868 0.092804693 87.375381470
0.081581891 0.025723489 0.996333420 4.746612072 0.016987078 0.999485373 -0.027195793 -1.291260242 -0.996521890 0.019143503 0.081102878 87.405029297
0.071563095 0.026371490 0.997086167 5.258778095 0.020187199 0.999406934 -0.027881738 -1.307806611 -0.997231781 0.022123711 0.070988208 87.429351807
0.063748270 0.026982270 0.997599959 5.782442570 0.022235682 0.999347389 -0.028450418 -1.325229526 -0.997718334 0.023996014 0.063106604 87.456024170
0.058249559 0.027388724 0.997925043 6.331278801 0.023943098 0.999297261 -0.028823946 -1.343076944 -0.998014987 0.025572438 0.057552747 87.481140137
0.052727591 0.028455893 0.998202205 6.895036697 0.025323870 0.999233961 -0.029822960 -1.362087846 -0.998287916 0.026850874 0.051966466 87.505401611
0.046723761 0.029221622 0.998479128 7.473237038 0.025712786 0.999205291 -0.030446086 -1.380513668 -0.998576999 0.027096275 0.045935124 87.533317566
0.042376902 0.029194638 0.998673856 8.068437576 0.028257517 0.999137759 -0.030407241 -1.404224396 -0.998702109 0.029508650 0.041515250 87.554374695
0.039554678 0.029176593 0.998790145 8.688418388 0.029706934 0.999097109 -0.030362017 -1.426758528 -0.998775840 0.030871995 0.038652066 87.574890137
0.036528632 0.028749010 0.998917758 9.326451302 0.030633627 0.999083817 -0.029873991 -1.450147271 -0.998863101 0.031691775 0.035614323 87.596366882
0.034220252 0.028145004 0.999016643 9.983385086 0.032859236 0.999030948 -0.029270947 -1.472808123 -0.998874128 0.033828631 0.033262108 87.614997864
0.033588178 0.027782122 0.999048233 10.650983810 0.037166215 0.998887062 -0.029027158 -1.495970964 -0.998744607 0.038105872 0.032518078 87.631736755
0.034623262 0.027476026 0.999021351 11.341154099 0.040335778 0.998768747 -0.028866986 -1.518671989 -0.998586297 0.041295841 0.033472203 87.650161743
0.037055146 0.027429499 0.998935342 12.048742294 0.042021107 0.998695910 -0.028981667 -1.541490793 -0.998429477 0.043050364 0.035854045 87.673622131
0.040977757 0.027358050 0.998784065 12.773045540 0.044447955 0.998585224 -0.029176179 -1.566108704 -0.998171091 0.045589563 0.039703619 87.701202393
0.045336246 0.026952853 0.998606741 13.506980896 0.044759393 0.998576939 -0.028984087 -1.591949463 -0.997968674 0.046011142 0.044065192 87.735221863
0.049363177 0.025272468 0.998459697 14.260274887 0.046318773 0.998546004 -0.027564604 -1.617579937 -0.997706413 0.047608193 0.048120677 87.771957397
0.053340644 0.023673723 0.998294294 15.010666847 0.046116535 0.998593569 -0.026144890 -1.646157265 -0.997511089 0.047432546 0.052173741 87.814460754
0.057522543 0.021611592 0.998108804 15.784241676 0.042998377 0.998784006 -0.024104254 -1.671057820 -0.997418046 0.044303678 0.056523208 87.865104675
0.061602809 0.020552298 0.997887671 16.574424744 0.042370100 0.998832583 -0.023187380 -1.694614887 -0.997201264 0.043709088 0.060659967 87.917869568
0.065743960 0.021575987 0.997601748 17.365810394 0.039751697 0.998915553 -0.024224097 -1.721657634 -0.997044623 0.041249026 0.064814866 87.976142883
0.068826899 0.025597766 0.997298717 18.147882462 0.037582502 0.998894215 -0.028232392 -1.752878547 -0.996920705 0.039424200 0.067788646 88.033462524
0.070162043 0.031026717 0.997051597 18.932815552 0.031631645 0.998943925 -0.033311490 -1.782597661 -0.997034192 0.033875637 0.069106415 88.098068237
0.070153415 0.034175213 0.996949196 19.729816437 0.029121157 0.998916447 -0.036291830 -1.814712524 -0.997111261 0.031578358 0.069082074 88.154571533
0.070355698 0.033766896 0.996948898 20.531118393 0.026996600 0.998995960 -0.035741393 -1.850256681 -0.997156799 0.029428883 0.069373362 88.216346741
0.070549607 0.032217193 0.996986449 21.343105316 0.024496142 0.999120533 -0.034019556 -1.886647463 -0.997207642 0.026822427 0.069698267 88.276153564
0.070431739 0.031011086 0.997033060 22.159717560 0.025478670 0.999134243 -0.032876272 -1.923339844 -0.997191370 0.027718650 0.069580548 88.334884644
0.070886396 0.030518854 0.997016013 22.965604782 0.022960145 0.999216735 -0.032218635 -1.960388064 -0.997220337 0.025175532 0.070130058 88.396080017
0.071125358 0.030909440 0.996986985 23.770820618 0.021360073 0.999242961 -0.032503199 -1.998569608 -0.997238874 0.023607550 0.070411190 88.455726624
0.071233697 0.031535681 0.996959627 24.578927994 0.018328477 0.999289572 -0.032918949 -2.038592815 -0.997291446 0.020617720 0.070605002 88.518135071
0.070061915 0.032947790 0.996996999 25.385696411 0.015582832 0.999295950 -0.034118794 -2.076360941 -0.997421145 0.017926490 0.069499083 88.581878662
0.067164011 0.032697733 0.997204602 26.199228287 0.012826626 0.999351621 -0.033632018 -2.112305880 -0.997659683 0.015049653 0.066700973 88.646644592
0.063165464 0.031595428 0.997501373 27.004972458 0.010527095 0.999421716 -0.032322846 -2.147708654 -0.997947693 0.012542496 0.062796228 88.705596924
0.058168344 0.029242044 0.997877002 27.817722321 0.008751552 0.999517202 -0.029800236 -2.183169842 -0.998268485 0.010466415 0.057884242 88.763824463
0.052105036 0.027149979 0.998271108 28.610115051 0.006581799 0.999598920 -0.027529614 -2.222909689 -0.998620033 0.008004859 0.051905330 88.800422668
0.044722505 0.027395379 0.998622417 29.412706375 0.006327514 0.999595761 -0.027705437 -2.258460045 -0.998979509 0.007557861 0.044530954 88.837821960
0.036289100 0.028223952 0.998941362 30.195987701 0.005914262 0.999577165 -0.028456751 -2.297093153 -0.999323964 0.006940677 0.036106694 88.858299255
0.026394129 0.028786030 0.999235749 31.000297546 0.006900717 0.999555886 -0.028977513 -2.327611685 -0.999627948 0.007660286 0.026183605 88.879875183
0.016060360 0.027835565 0.999482214 31.803413391 0.008440076 0.999572635 -0.027973689 -2.360315323 -0.999835551 0.008884981 0.015818387 88.895950317
0.005192604 0.026727982 0.999628007 32.600456238 0.007659508 0.999611974 -0.026767327 -2.394913673 -0.999957323 0.007795657 0.004985671 88.902191162
-0.005683622 0.026221192 0.999638736 33.381130219 0.009612239 0.999611080 -0.026165796 -2.421057701 -0.999937832 0.009460059 -0.005933668 88.890487671
-0.016775865 0.026730929 0.999500573 34.162239075 0.010190523 0.999594867 -0.026562395 -2.447989464 -0.999807537 0.009739837 -0.017041702 88.879241943
-0.027741808 0.027226543 0.999242961 34.937335968 0.010245000 0.999583840 -0.026951389 -2.486059189 -0.999562860 0.009489573 -0.028009452 88.853286743
-0.038346507 0.028434921 0.998858571 35.709018707 0.009776219 0.999557495 -0.028079495 -2.517245054 -0.999216914 0.008688316 -0.038607799 88.825019836
-0.048498128 0.029292597 0.998392344 36.474334717 0.010696994 0.999527395 -0.028806267 -2.553536892 -0.998766243 0.009282754 -0.048788846 88.783264160
-0.058017217 0.029988738 0.997863710 37.242218018 0.011600863 0.999501109 -0.029363442 -2.587086201 -0.998248458 0.009872504 -0.058336481 88.736907959
-0.067706384 0.030564602 0.997235656 37.992492676 0.012727545 0.999475420 -0.029769110 -2.617065907 -0.997624397 0.010676812 -0.068060204 88.684974670
-0.076919705 0.030869698 0.996557951 38.731300354 0.013267835 0.999463439 -0.029935602 -2.652860165 -0.996949315 0.010919539 -0.077288359 88.622817993
-0.085432559 0.030443115 0.995877445 39.459915161 0.014551348 0.999464273 -0.029304443 -2.684909582 -0.996237993 0.011987818 -0.085830145 88.554733276
-0.092717856 0.029394582 0.995257139 40.191417694 0.016317036 0.999474406 -0.027999032 -2.716837406 -0.995559037 0.013643651 -0.093149140 88.483680725
-0.097868234 0.027696617 0.994812608 40.908779144 0.018995678 0.999482214 -0.025957841 -2.750273705 -0.995018363 0.016356712 -0.098344058 88.408622742
-0.101561561 0.025986284 0.994488478 41.604747772 0.021843839 0.999475718 -0.023885798 -2.782456398 -0.994589686 0.019297594 -0.102076337 88.330513000
-0.104137503 0.025001863 0.994247258 42.317546844 0.023635995 0.999463558 -0.022657383 -2.808152914 -0.994282305 0.021140570 -0.104672968 88.252517700
-0.106013745 0.024212236 0.994068503 43.006530762 0.023609899 0.999482691 -0.021826183 -2.835826397 -0.994084597 0.021156015 -0.106530942 88.183280945
-0.106788404 0.024598023 0.993976116 43.665019989 0.024303801 0.999459505 -0.022122614 -2.864717960 -0.993984997 0.021794995 -0.107328914 88.114692688
-0.106032051 0.025534306 0.994033456 44.321865082 0.024838574 0.999426007 -0.023023318 -2.893570900 -0.994052768 0.022249201 -0.106605835 88.048118591
-0.102848552 0.027373055 0.994318962 44.948822021 0.026222402 0.999348164 -0.024799144 -2.916408300 -0.994351685 0.023522913 -0.103499711 87.981758118
-0.097641379 0.027928153 0.994828343 45.566726685 0.026503691 0.999324322 -0.025453044 -2.941775084 -0.994869053 0.023881391 -0.098316006 87.924995422
-0.089753792 0.028629201 0.995551050 46.170166016 0.025794953 0.999317944 -0.026411969 -2.968545198 -0.995630264 0.023309654 -0.090431452 87.879768372
-0.078732647 0.028607944 0.996483862 46.751907349 0.024707885 0.999336779 -0.026737653 -2.995212793 -0.996589899 0.022515919 -0.079387642 87.846176147
-0.065023333 0.028725717 0.997468889 47.307907104 0.023802284 0.999345481 -0.027228119 -3.026278734 -0.997600138 0.021971609 -0.065664858 87.820137024
-0.047952116 0.029997347 0.998397768 47.848598480 0.022749253 0.999322116 -0.028932482 -3.054597378 -0.998590887 0.021325463 -0.048602335 87.808906555
-0.026857784 0.032635193 0.999105036 48.381595612 0.021022813 0.999264002 -0.032075241 -3.080153227 -0.999418557 0.020142557 -0.027524365 87.811798096
-0.002587948 0.035597485 0.999361515 48.890293121 0.018674511 0.999193370 -0.035543118 -3.106762171 -0.999822617 0.018570628 -0.003250841 87.832290649
0.025554027 0.037306495 0.998975694 49.410243988 0.016588345 0.999149740 -0.037737306 -3.133497477 -0.999536157 0.017535716 0.024913289 87.867416382
0.058516443 0.036399402 0.997621238 49.913856506 0.014206199 0.999203205 -0.037290376 -3.165677071 -0.998185694 0.016354524 0.057952628 87.918113708
0.096560709 0.033766266 0.994752765 50.424488068 0.012872372 0.999298155 -0.035170056 -3.193917990 -0.995244205 0.016200893 0.096058279 87.988227844
0.138478741 0.029857289 0.989913821 50.920581818 0.010543443 0.999444127 -0.031619634 -3.222251654 -0.990309596 0.014815765 0.138087034 88.083351135
0.184140325 0.025544703 0.982566476 51.412849426 0.007782215 0.999592721 -0.027445771 -3.247321606 -0.982869506 0.012700431 0.183866680 88.199096680
0.232036978 0.022357738 0.972448528 51.893268585 0.002921995 0.999715030 -0.023681823 -3.270994902 -0.972702920 0.008336553 0.231905773 88.349441528
0.283344507 0.020962708 0.958787560 52.358718872 -0.001146527 0.999767482 -0.021519834 -3.291526079 -0.959017754 0.004998249 0.283302993 88.522438049
0.337536573 0.020945746 0.941077828 52.803436279 -0.002392787 0.999768019 -0.021393780 -3.306182384 -0.941309571 0.004969383 0.337508857 88.721107483
0.394906819 0.021233829 0.918474197 53.235874176 -0.001158795 0.999743402 -0.022614397 -3.328200340 -0.918720603 0.007866260 0.394830644 88.944938660
0.454705119 0.024289712 0.890309155 53.646087646 -0.000506525 0.999634743 -0.027013648 -3.349041939 -0.890641928 0.011832289 0.454551995 89.189132690
0.514108002 0.026116602 0.857326090 54.036102295 0.001062712 0.999515951 -0.031085357 -3.379449844 -0.857724726 0.016892338 0.513832152 89.460281372
0.571403921 0.030538974 0.820098817 54.391834259 -0.003371009 0.999386013 -0.034866527 -3.394735575 -0.820661843 0.017158324 0.571156919 89.767288208
0.627070785 0.032408174 0.778286040 54.733482361 -0.006358387 0.999313593 -0.036488831 -3.417477369 -0.778936028 0.017932450 0.626847327 90.093780518
0.679809093 0.032979872 0.732645333 55.046001434 -0.007847439 0.999257982 -0.037699852 -3.433862209 -0.733346701 0.019879330 0.679564536 90.434890747
0.728266001 0.030695105 0.684604824 55.324634552 -0.008032799 0.999309778 -0.036260169 -3.453399897 -0.685246885 0.020907775 0.728011012 90.789840698
0.773321509 0.026186144 0.633470953 55.585926056 -0.009205698 0.999504864 -0.030079039 -3.476187706 -0.633946419 0.017429240 0.773180902 91.172172546
0.814407229 0.021484200 0.579893589 55.824623108 -0.009967414 0.999684572 -0.023038490 -3.488581657 -0.580207050 0.012982681 0.814365864 91.576469421
0.850460410 0.019060057 0.525691092 56.034645081 -0.012107079 0.999787569 -0.016662635 -3.499171257 -0.525898337 0.007806328 0.850511968 92.000251770
0.881301939 0.015238310 0.472305030 56.225502014 -0.012407284 0.999881268 -0.009108348 -3.511818409 -0.472388983 0.002167172 0.881387830 92.441085815
0.906516969 0.015799491 0.421870470 56.377727509 -0.015810739 0.999868751 -0.003471904 -3.526248693 -0.421871066 -0.003522764 0.906649292 92.875717163
0.926426113 0.017515121 0.376065582 56.519546509 -0.019039197 0.999818385 0.000336337 -3.539626360 -0.375992447 -0.007471606 0.926592946 93.327758789
0.941459835 0.023491047 0.336302102 56.634395599 -0.026071642 0.999654770 0.003159301 -3.549996376 -0.336112797 -0.011742340 0.941748917 93.783393860
0.953125775 0.028087309 0.301263690 56.740688324 -0.030171925 0.999541819 0.002267831 -3.552174091 -0.301062882 -0.011251272 0.953538299 94.242591858
0.962295175 0.029822415 0.270362973 56.851654053 -0.031668980 0.999495029 0.002469146 -3.552671909 -0.270153701 -0.010938205 0.962755442 94.710281372
0.968372822 0.024447463 0.248302028 56.971828461 -0.025978442 0.999657989 0.002890550 -3.557772875 -0.248147279 -0.009249661 0.968678534 95.182334900
0.972305655 0.021701619 0.232697830 57.078624725 -0.023184987 0.999724269 0.003641091 -3.565716505 -0.232555449 -0.008935380 0.972542465 95.664123535
0.975143492 0.026112795 0.220024824 57.172279358 -0.027515935 0.999615610 0.003314371 -3.568688869 -0.219854474 -0.009286209 0.975488842 96.156692505
0.977096677 0.031536907 0.210440248 57.260322571 -0.033060029 0.999446154 0.003722768 -3.566400290 -0.210207045 -0.010594703 0.977599859 96.655418396
0.978080571 0.039339967 0.204470888 57.347076416 -0.040689193 0.999168694 0.002396734 -3.567967653 -0.204207361 -0.010663995 0.978869915 97.169624329
0.978440821 0.044951998 0.201570168 57.439506531 -0.045633607 0.998957157 -0.001266663 -3.571533442 -0.201417640 -0.007959057 0.979473472 97.693008423
0.978563666 0.046236694 0.200681180 57.543628693 -0.046444353 0.998913825 -0.003675979 -3.583304644 -0.200633898 -0.005723360 0.979649901 98.214927673
0.978126645 0.044863932 0.203108475 57.658390045 -0.044319574 0.998990953 -0.007230049 -3.591939688 -0.203228638 -0.001929804 0.979129732 98.744689941
0.977405787 0.043163374 0.206911638 57.776580811 -0.041200638 0.999055505 -0.013787704 -3.596297026 -0.207312062 0.004951278 0.978262663 99.290313721
0.976504445 0.043701861 0.211013764 57.896945953 -0.040703889 0.998999119 -0.018532265 -3.603351116 -0.211613193 0.009507753 0.977307558 99.838195801
0.975348949 0.048376638 0.215294421 58.018516541 -0.045556873 0.998798549 -0.018043334 -3.615344048 -0.215909377 0.007790396 0.976382673 100.405952454
0.973944545 0.051312558 0.220899686 58.149986267 -0.049419686 0.998678446 -0.014090917 -3.628843069 -0.221331567 0.002806957 0.975194991 101.005287170
0.973039567 0.048096050 0.225562707 58.291088104 -0.047158241 0.998841524 -0.009547096 -3.640270233 -0.225761384 -0.001347469 0.974182129 101.608573914
0.972367108 0.043575753 0.229349315 58.441387177 -0.043827739 0.999030828 -0.003997581 -3.651443243 -0.229302049 -0.006164782 0.973336220 102.218940735
0.971595109 0.040942959 0.233075857 58.589164734 -0.042236216 0.999107182 0.000558297 -3.660457373 -0.232845724 -0.010386724 0.972458661 102.839698792
0.971061885 0.036326900 0.236043975 58.743247986 -0.037665416 0.999289393 0.001162489 -3.666860580 -0.235834837 -0.010019585 0.971741915 103.468849182
0.971143603 0.032916568 0.236207604 58.906150818 -0.033410087 0.999439538 -0.001913954 -3.674745321 -0.236139059 -0.006033026 0.971700907 104.108779907
0.971265078 0.032170206 0.235810578 59.065742493 -0.030943325 0.999481082 -0.008902516 -3.685676098 -0.235975459 0.001349923 0.971758485 104.759109497
0.971380591 0.034545116 0.234997228 59.219539642 -0.031778038 0.999373496 -0.015552822 -3.695405245 -0.235388145 0.007639956 0.971871853 105.415702820
0.971906245 0.037481457 0.232359126 59.369972229 -0.033912640 0.999237299 -0.019336145 -3.703933716 -0.232907504 0.010913013 0.972438097 106.083053589
0.972540855 0.035831761 0.229951814 59.533508301 -0.033248685 0.999332607 -0.015099290 -3.715100527 -0.230340227 0.007039078 0.973085165 106.777252197
0.972964644 0.031865124 0.228739828 59.694496155 -0.030953985 0.999491632 -0.007570880 -3.730251074 -0.228865653 0.000285773 0.973458409 107.478218079
0.973552108 0.032087814 0.226195112 59.856166840 -0.032563012 0.999467790 -0.001630985 -3.747046232 -0.226127923 -0.005777775 0.974080861 108.191360474
0.973829150 0.035393830 0.224503130 60.011146545 -0.035812765 0.999355555 -0.002207019 -3.761284590 -0.224437401 -0.005890849 0.974471092 108.916564941
0.974093378 0.041160420 0.222363606 60.161396027 -0.040660996 0.999149144 -0.006825607 -3.770427227 -0.222456202 -0.002392772 0.974940181 109.641654968
0.974928916 0.042055406 0.218500584 60.318309784 -0.040384784 0.999110281 -0.012108278 -3.780510902 -0.218816251 0.002980596 0.975761950 110.382057190
0.975851059 0.040769350 0.214593202 60.478847504 -0.038460989 0.999148071 -0.014923092 -3.791110516 -0.215019658 0.006309239 0.976589799 111.131469727
0.976747513 0.038725719 0.210860908 60.637874603 -0.036723137 0.999234915 -0.013406177 -3.806339264 -0.211219609 0.005350966 0.977424443 111.898475647
0.977610528 0.035019714 0.207482398 60.802650452 -0.033381969 0.999377131 -0.011390454 -3.822193623 -0.207752913 0.004209247 0.978172719 112.678092957
0.978010297 0.033913516 0.205775231 60.963188171 -0.032839574 0.999422729 -0.008633102 -3.840677500 -0.205950066 0.001685677 0.978561521 113.467117310
0.978385389 0.030650450 0.204500228 61.131935120 -0.029995501 0.999529600 -0.006302459 -3.854398966 -0.204598039 0.000032130 0.978846550 114.251777649
0.978593826 0.025592240 0.204198211 61.300395966 -0.025093693 0.999671936 -0.005030851 -3.866685629 -0.204260781 -0.000200942 0.978916943 115.051750183
0.978708327 0.026567984 0.203523576 61.459053040 -0.026411852 0.999644578 -0.003483744 -3.879551888 -0.203544587 -0.001965884 0.979064167 115.844757080
0.978436589 0.032114036 0.204029962 61.610919952 -0.031661741 0.999483049 -0.005481616 -3.893182039 -0.204101324 -0.001096549 0.978949606 116.651229858
0.978115082 0.037948687 0.204568788 61.768852234 -0.036927074 0.999278545 -0.008810544 -3.906785250 -0.204756364 0.001063583 0.978812814 117.462165833
0.977538884 0.046833113 0.205479875 61.925521851 -0.045665015 0.998901784 -0.010426024 -3.921290159 -0.205743328 0.000808582 0.978606105 118.287704468
0.976588011 0.052858774 0.208517194 62.081295013 -0.051970329 0.998600543 -0.009741087 -3.937700510 -0.208741128 -0.001323706 0.977970481 119.112503052
0.975826740 0.055542350 0.211364210 62.250320435 -0.055170804 0.998447001 -0.007659421 -3.960637569 -0.211462215 -0.004186899 0.977377653 119.938262939
0.975244522 0.056062527 0.213898808 62.432323456 -0.055558745 0.998419762 -0.008371066 -3.980834961 -0.214030951 -0.003720146 0.976820230 120.779411316
0.974937916 0.054572891 0.215674430 62.614578247 -0.053439613 0.998508990 -0.011087091 -3.998026371 -0.215958759 -0.000716359 0.976402640 121.603851318
0.974921346 0.048676390 0.217155561 62.803630829 -0.047684308 0.998813748 -0.009809461 -4.017343998 -0.217376292 -0.000791484 0.976087987 122.443305969
0.975215077 0.041974787 0.217235625 62.996994019 -0.040505305 0.999115884 -0.011214891 -4.039727211 -0.217515171 0.002137721 0.976054966 123.263076782
0.974966526 0.041348826 0.218467563 63.181427002 -0.039846495 0.999141634 -0.011280006 -4.063285828 -0.218747303 0.002292447 0.975779235 124.094688416
0.974433303 0.043988213 0.220323175 63.369979858 -0.043222584 0.999030530 -0.008297017 -4.079668045 -0.220475391 -0.001438070 0.975391865 124.939903259
0.974006414 0.046082389 0.221777886 63.543983459 -0.046646263 0.998907268 -0.002697572 -4.093903065 -0.221660718 -0.007717693 0.975093663 125.773902893
0.973648071 0.049483582 0.222616851 63.719295502 -0.051119696 0.998690724 0.001589316 -4.111306667 -0.222247586 -0.012927589 0.974904895 126.587013245
0.973436713 0.048812643 0.223686486 63.902606964 -0.048970815 0.998787880 -0.004843725 -4.128209114 -0.223652646 -0.006239084 0.974649310 127.411491394
0.973716557 0.044801991 0.223307282 64.089698792 -0.041598924 0.998952627 -0.019029791 -4.149849415 -0.223926798 0.009240283 0.974562585 128.217681885
