1.000000000 0.000000000 0.000000000 0.000000000 0.000000000 1.000000000 0.000000000 0.000000000 0.000000000 0.000000000 1.000000000 0.000000000
0.999991000 -0.002567014 -0.003381205 -0.000177703 0.002559962 0.999994516 -0.002088309 -0.005909718 0.003386547 0.002079635 0.999992132 0.671519697
0.999970973 -0.001350501 -0.007499443 -0.009249738 0.001323804 0.999992669 -0.003563774 -0.012031022 0.007504202 0.003553743 0.999965549 1.353090525
0.999934435 -0.001351023 -0.011368103 -0.024990089 0.001294067 0.999986410 -0.005016018 -0.016635288 0.011374728 0.005000978 0.999922812 2.059410095
0.999868691 0.000174166 -0.016200809 -0.043502264 -0.000265632 0.999983847 -0.005643754 -0.022366617 0.016199566 0.005647317 0.999852836 2.785080433
0.999783576 -0.000884566 -0.020782921 -0.057998605 0.000760331 0.999981642 -0.005984853 -0.028479168 0.020787839 0.005967757 0.999766111 3.523084641
0.999676824 0.001074749 -0.025398770 -0.080143802 -0.001256460 0.999973536 -0.007139440 -0.040859476 0.025390431 0.007169046 0.999651909 4.278716564
0.999534190 0.003732744 -0.030289412 -0.109504558 -0.003966851 0.999962568 -0.007672617 -0.050064899 0.030259643 0.007789197 0.999511719 5.036199093
0.999392629 0.003959026 -0.034623101 -0.142252922 -0.004175169 0.999972105 -0.006172669 -0.057493098 0.034597706 0.006313478 0.999381363 5.811041355
0.999227226 0.003325472 -0.039165564 -0.174173146 -0.003464952 0.999987781 -0.003493956 -0.066759244 0.039153472 0.003626963 0.999226630 6.602967262
0.999084711 0.002789845 -0.042684421 -0.211696386 -0.002826691 0.999995530 -0.000802918 -0.080338962 0.042681992 0.000922839 0.999088287 7.418239594
0.998964965 0.004581980 -0.045255408 -0.256431460 -0.004647502 0.999988198 -0.001342722 -0.092142783 0.045248721 0.001551657 0.998974562 8.231709480
0.998858690 0.004076543 -0.047589108 -0.296631187 -0.004155708 0.999990046 -0.001564705 -0.101014957 0.047582250 0.001760685 0.998865783 9.054955482
0.998779714 0.001064404 -0.049376316 -0.334287167 -0.001166768 0.999997139 -0.002044365 -0.108710609 0.049373992 0.002099481 0.998778164 9.891368866
0.998662233 0.001072917 -0.051698405 -0.375593334 -0.001133622 0.999998629 -0.001144907 -0.119801119 0.051697098 0.001201982 0.998662114 10.726208687
0.998579860 -0.000336049 -0.053275436 -0.419044793 0.000264737 0.999998987 -0.001345603 -0.131120265 0.053275824 0.001329588 0.998578966 11.571469307
0.998479903 0.002067706 -0.055079065 -0.470691115 -0.002268391 0.999990880 -0.003581329 -0.145207033 0.055071149 0.003700826 0.998475611 12.426615715
0.998394072 0.002790430 -0.056582954 -0.520706773 -0.003149613 0.999975324 -0.006259728 -0.154497966 0.056564081 0.006427890 0.998378336 13.280151367
0.998273194 0.006880224 -0.058339622 -0.579985797 -0.007355621 0.999941289 -0.007937977 -0.164941043 0.058281571 0.008353394 0.998265266 14.154252052
0.998213708 0.007757513 -0.059240535 -0.638026536 -0.008222139 0.999937177 -0.007603365 -0.178764686 0.059177816 0.008076867 0.998214781 15.041254044
0.998136997 0.007194390 -0.060588837 -0.693058550 -0.007582071 0.999952078 -0.006171124 -0.191863984 0.060541518 0.006619017 0.998143733 15.916456223
0.998035908 0.008028459 -0.062129624 -0.751041353 -0.008340308 0.999953747 -0.004761668 -0.204543829 0.062088508 0.005270497 0.998056710 16.810590744
0.997976959 0.007773238 -0.063101582 -0.810413599 -0.008081216 0.999956489 -0.004626965 -0.218136922 0.063062854 0.005127543 0.997996390 17.714307785
0.997856617 0.007698703 -0.064985305 -0.866958439 -0.008076263 0.999951839 -0.005549281 -0.231268495 0.064939432 0.006062226 0.997870803 18.615280151
0.997809172 0.006572354 -0.065831974 -0.929276526 -0.007024385 0.999953151 -0.006637368 -0.241331995 0.065785244 0.007085257 0.997808635 19.511945724
0.997757614 0.006545872 -0.066612102 -0.986101747 -0.006896027 0.999963462 -0.005028096 -0.250610441 0.066576727 0.005476181 0.997766256 20.441690445
0.997743845 0.007672154 -0.066697925 -1.049454808 -0.007792823 0.999968290 -0.001549250 -0.265937448 0.066683896 0.002065521 0.997771978 21.356500626
0.997789621 0.008618116 -0.065893300 -1.114785314 -0.008492942 0.999961436 0.002179478 -0.277571768 0.065909512 -0.001615032 0.997824252 22.284963608
0.997900426 0.007313725 -0.064355329 -1.176071167 -0.007001285 0.999962509 0.005079045 -0.283997953 0.064390033 -0.004617810 0.997914076 23.213344574
0.998001456 0.007772699 -0.062714025 -1.244513631 -0.007418236 0.999955058 0.005882869 -0.294233352 0.062756903 -0.005405883 0.998014152 24.160026550
0.998089075 0.008144128 -0.061255489 -1.305708289 -0.007962037 0.999962986 0.003216100 -0.306374222 0.061279379 -0.002722235 0.998116851 25.093748093
0.998138070 0.009177250 -0.060303472 -1.368326306 -0.009297353 0.999955118 -0.001711422 -0.315947473 0.060285024 0.002268899 0.998178542 26.022636414
0.998214781 0.008475036 -0.059124719 -1.424752712 -0.008758279 0.999951124 -0.004533159 -0.332734466 0.059083376 0.005042898 0.998240232 26.953479767
0.998267770 0.005795928 -0.058550078 -1.475719333 -0.006011950 0.999975502 -0.003514084 -0.343401223 0.058528237 0.003859998 0.998278260 27.896884918
0.998262048 0.004024744 -0.058795579 -1.533953309 -0.003937973 0.999990702 0.001591571 -0.357439697 0.058801398 -0.001357269 0.998268723 28.869001389
0.998220205 0.000185922 -0.059637539 -1.590120316 0.000116793 0.999986887 0.005072372 -0.370052308 0.059637662 -0.005070310 0.998207152 29.834344864
0.998137414 -0.007085978 -0.060595699 -1.646001458 0.007374347 0.999962270 0.004536632 -0.380270749 0.060561232 -0.004975036 0.998152018 30.781045914
0.998033702 -0.009127900 -0.062014118 -1.705790877 0.009186176 0.999957323 0.000654689 -0.387328506 0.062005464 -0.001223074 0.998075008 31.754249573
0.997947156 -0.008812152 -0.063435450 -1.769828796 0.008619057 0.999957085 -0.003316945 -0.399281770 0.063461930 0.002763383 0.997980356 32.728366852
0.997817814 -0.007354565 -0.065618686 -1.839423895 0.007119645 0.999967098 -0.003813192 -0.414662302 0.065644547 0.003337689 0.997837424 33.705635071
0.997774780 -0.007470763 -0.066256076 -1.905728936 0.007341095 0.999970317 -0.002200306 -0.433020800 0.066270523 0.001709018 0.997800171 34.688785553
0.997695625 -0.004380761 -0.067707904 -1.975813508 0.004444208 0.999989450 0.000786467 -0.451383114 0.067703716 -0.001085564 0.997704804 35.669071198
0.997631490 -0.004407892 -0.068644591 -2.048789740 0.004561485 0.999987066 0.002080939 -0.463508725 0.068634495 -0.002389132 0.997638941 36.665531158
0.997565508 -0.003295097 -0.069658563 -2.123814583 0.003631335 0.999981999 0.004700853 -0.471734643 0.069641776 -0.004942364 0.997559726 37.644760132
0.997586191 -0.003357974 -0.069359101 -2.196879148 0.003908303 0.999961615 0.007800309 -0.483037710 0.069330201 -0.008052559 0.997561157 38.638576508
0.997528851 0.002295242 -0.070222214 -2.269810915 -0.001572115 0.999944866 0.010351213 -0.492182016 0.070242055 -0.010215239 0.997477531 39.611133575
0.997535348 0.002425621 -0.070125967 -2.353249073 -0.001752476 0.999951482 0.009658993 -0.495212406 0.070145950 -0.009512296 0.997491241 40.613986969
0.997540414 0.002576540 -0.070047885 -2.421913147 -0.002022572 0.999965787 0.007978165 -0.497198671 0.070065998 -0.007816868 0.997511566 41.600479126
0.997532308 0.004819436 -0.070044912 -2.501295328 -0.004418770 0.999972701 0.005873917 -0.504827380 0.070071258 -0.005549912 0.997526407 42.578144073
0.997484446 0.004532966 -0.070741579 -2.580988646 -0.004124379 0.999973714 0.005920722 -0.511196375 0.070766501 -0.005614066 0.997476995 43.567165375
0.997399569 0.002273654 -0.072035216 -2.655767202 -0.001743745 0.999970675 0.007418253 -0.522351384 0.072049923 -0.007273355 0.997374356 44.549884796
0.997344673 0.002923093 -0.072768249 -2.730714083 -0.002318496 0.999961793 0.008391581 -0.530244589 0.072789952 -0.008200588 0.997313440 45.529918671
0.997324824 0.005356630 -0.072901160 -2.808726311 -0.005024278 0.999975860 0.004741525 -0.538129687 0.072924748 -0.004362567 0.997327745 46.492694855
0.997259617 0.006010005 -0.073737942 -2.888465881 -0.005981092 0.999981642 0.000612888 -0.547758222 0.073740222 -0.000170177 0.997277260 47.445690155
0.997197390 0.006862016 -0.074501693 -2.963319540 -0.006927609 0.999975562 -0.000622072 -0.559994996 0.074495561 0.001136446 0.997220457 48.407085419
0.997197986 0.005409771 -0.074613318 -3.035849333 -0.005212127 0.999982119 0.002843339 -0.571631491 0.074627325 -0.002446479 0.997208238 49.375835419
0.997200370 0.003682121 -0.074686773 -3.110137224 -0.003243109 0.999976516 0.005998429 -0.584015071 0.074707061 -0.005739420 0.997188687 50.351261139
0.997164011 0.001688200 -0.075241685 -3.179340839 -0.001185016 0.999976397 0.006731691 -0.596988857 0.075251229 -0.006623438 0.997142315 51.308330536
0.997140527 -0.001237247 -0.075559877 -3.249465466 0.001657696 0.999983251 0.005501970 -0.605925739 0.075551756 -0.005611494 0.997125745 52.251548767
0.997093558 -0.003852811 -0.076089337 -3.316204309 0.004192864 0.999981701 0.004309884 -0.619867384 0.076071285 -0.004616392 0.997091353 53.194576263
0.996997893 -0.005493599 -0.077233367 -3.389251232 0.005940862 0.999966621 0.005562495 -0.631435752 0.077200182 -0.006004630 0.996997178 54.141471863
0.996889949 -0.008722126 -0.078322165 -3.461774349 0.009510626 0.999907434 0.009700055 -0.638033271 0.078230262 -0.010414780 0.996880531 55.084712982
0.996822000 -0.009532854 -0.079088777 -3.532271385 0.010738959 0.999831915 0.014838744 -0.645587862 0.078933977 -0.015640916 0.996756732 56.022651672
0.996786833 -0.007760407 -0.079722963 -3.610728741 0.009153745 0.999811113 0.017126696 -0.650658607 0.079574943 -0.017801428 0.996669531 56.969722748
0.996684730 -0.006492641 -0.081100851 -3.690739155 0.007577963 0.999885380 0.013081765 -0.652625978 0.081006572 -0.013652973 0.996619701 57.894973755
0.996583283 -0.005082092 -0.082436465 -3.772700548 0.005535978 0.999970436 0.005278251 -0.653913498 0.082407147 -0.005716581 0.996581972 58.813121796
0.996518791 -0.003471349 -0.083294444 -3.854057312 0.003523350 0.999993384 0.000477326 -0.660851896 0.083292179 -0.000769139 0.996524513 59.723148346
0.996438920 0.001232953 -0.084306479 -3.939608812 -0.001119232 0.999998152 0.001396135 -0.672692060 0.084307976 -0.001296804 0.996438503 60.625480652
0.996327043 0.003857030 -0.085540839 -4.023672104 -0.003543682 0.999986172 0.003814675 -0.687130928 0.085554309 -0.003497534 0.996326983 61.499153137
0.996239066 0.006468864 -0.086403444 -4.107610703 -0.006023176 0.999966919 0.005417917 -0.701922894 0.086435579 -0.004877117 0.996245086 62.397659302
0.996132374 0.007393138 -0.087551281 -4.184304714 -0.006966214 0.999962032 0.005180802 -0.713593364 0.087586202 -0.004550864 0.996146083 63.254932404
0.995967090 0.008879382 -0.089276746 -4.263584614 -0.008378670 0.999946773 0.005981724 -0.723408163 0.089325055 -0.005209580 0.995988429 64.111206055
0.995837927 0.009688770 -0.090623200 -4.343880653 -0.009119582 0.999935806 0.006692782 -0.735712528 0.090682179 -0.005838481 0.995862246 64.946334839
0.995716393 0.009803208 -0.091936864 -4.424113274 -0.009186157 0.999932110 0.007132426 -0.744051933 0.092000499 -0.006257327 0.995738804 65.765625000
0.995601594 0.009721871 -0.093179852 -4.501052380 -0.008993276 0.999925375 0.008235914 -0.752499759 0.093252927 -0.007361697 0.995614767 66.560401917
0.995441437 0.012483547 -0.094551146 -4.583394051 -0.011499324 0.999873757 0.010947112 -0.759193838 0.094675824 -0.009809937 0.995459318 67.346839905
0.995294511 0.014069824 -0.095865905 -4.663417339 -0.012685361 0.999806285 0.015035827 -0.765137374 0.096058846 -0.013748987 0.995280206 68.126953125
0.995081484 0.017235404 -0.097545259 -4.743784428 -0.015671344 0.999736190 0.016777728 -0.770455837 0.097808652 -0.015166546 0.995089173 68.891220093
0.994905412 0.019947339 -0.098815419 -4.826219559 -0.018772006 0.999741554 0.012809819 -0.778312802 0.099045344 -0.010889601 0.995022833 69.634948730
0.994776070 0.020178664 -0.100063108 -4.905237675 -0.019724211 0.999790013 0.005528998 -0.786520839 0.100153610 -0.003526455 0.994965196 70.359619141
0.994628191 0.019339304 -0.101685405 -4.974932194 -0.019464632 0.999810338 -0.000240363 -0.792166352 0.101661421 0.002218335 0.994816124 71.053062439
0.994570971 0.020293772 -0.102057755 -5.050743580 -0.020545065 0.999787748 -0.001411647 -0.798845470 0.102007397 0.003500761 0.994777024 71.745979309
0.994431317 0.023066942 -0.102826588 -5.128278732 -0.022968736 0.999733746 0.002139141 -0.810430348 0.102848500 0.000234562 0.994696558 72.416366577
0.994289815 0.023444509 -0.104101636 -5.203337193 -0.023103515 0.999722898 0.004480352 -0.826490998 0.104177780 -0.002049661 0.994556129 73.070755005
0.994253576 0.020413235 -0.105081663 -5.268681049 -0.020390566 0.999791086 0.001290092 -0.841107905 0.105085999 0.000859990 0.994462311 73.706794739
0.994385123 0.012518663 -0.105074108 -5.325291157 -0.012980197 0.999908686 -0.003709822 -0.856408358 0.105018027 0.005052871 0.994457006 74.325027466
0.994521797 0.008596442 -0.104170844 -5.380527020 -0.009533360 0.999918222 -0.008499563 -0.867971778 0.104089215 0.009446096 0.994522631 74.917282104
0.994822383 0.011082507 -0.101018012 -5.445205212 -0.012024352 0.999889493 -0.008719491 -0.879039586 0.100910164 0.009889018 0.994845867 75.495071411
0.995164573 0.016239844 -0.096865267 -5.509431839 -0.016878810 0.999840617 -0.005780715 -0.891306400 0.096755907 0.007387728 0.995280147 76.060615540
0.995624900 0.014870067 -0.092244089 -5.557288170 -0.015181383 0.999880970 -0.002674224 -0.903357744 0.092193298 0.004062912 0.995732248 76.616714478
0.996188462 0.011273498 -0.086489961 -5.594111443 -0.011185994 0.999936104 0.001496170 -0.915028691 0.086501256 -0.000522996 0.996251047 77.159271240
0.996901572 0.007058507 -0.078335322 -5.624206543 -0.006693026 0.999965310 0.004926995 -0.929663420 0.078367338 -0.004387434 0.996914327 77.684570312
0.997647882 0.010753763 -0.067689948 -5.657670975 -0.010458828 0.999934077 0.004709855 -0.937997222 0.067736089 -0.003990826 0.997694731 78.199737549
0.998486996 0.015972029 -0.052606784 -5.686965466 -0.015771501 0.999866545 0.004224648 -0.945968926 0.052667193 -0.003388574 0.998605788 78.699951172
0.999173582 0.021262826 -0.034624092 -5.702989578 -0.021115970 0.999766231 0.004601523 -0.951232076 0.034713797 -0.003866606 0.999389231 79.188072205
0.999723673 0.019774860 -0.012663255 -5.693202019 -0.019713020 0.999793053 0.004989342 -0.956438839 0.012759252 -0.004738339 0.999906778 79.665962219
0.999776483 0.016258923 0.013468401 -5.663881779 -0.016336827 0.999850154 0.005695053 -0.963389158 -0.013373839 -0.005913818 0.999892533 80.131439209
0.998970449 0.015101501 0.042765170 -5.620031834 -0.015416679 0.999856174 0.007049949 -0.971686602 -0.042652614 -0.007701995 0.999059737 80.583679199
0.997031212 0.014714857 0.075571492 -5.561300278 -0.015378947 0.999847889 0.008213243 -0.977959275 -0.075439215 -0.009351077 0.997106016 81.032585144
0.993459523 0.014918358 0.113201052 -5.488372326 -0.015969884 0.999837160 0.008387880 -0.980775893 -0.113057561 -0.010140835 0.993536174 81.480789185
0.987829864 0.015289079 0.154781386 -5.395453930 -0.016733285 0.999827623 0.008032028 -0.983962834 -0.154631987 -0.010524286 0.987915576 81.909217834
0.979736447 0.014983661 0.199727118 -5.279278278 -0.016864730 0.999827862 0.007720151 -0.990922511 -0.199577168 -0.010932066 0.979820549 82.329742432
0.968428850 0.017216254 0.248692617 -5.147817612 -0.019158572 0.999801815 0.005391728 -1.001124740 -0.248550624 -0.009986109 0.968566835 82.735038757
0.953202248 0.017964523 0.301797271 -4.991997242 -0.019571211 0.999805689 0.002300564 -1.011612415 -0.301697463 -0.008099450 0.953368664 83.125015259
0.933663607 0.018464392 0.357673228 -4.815546036 -0.019636622 0.999807000 -0.000354560 -1.016731739 -0.357610911 -0.006692463 0.933845997 83.492858887
0.909659445 0.019072110 0.414915383 -4.617081642 -0.019891188 0.999799311 -0.002347619 -1.026158571 -0.414877027 -0.006117635 0.909856200 83.843330383
0.880711675 0.019031309 0.473269045 -4.406282902 -0.019438829 0.999802828 -0.004030560 -1.040554881 -0.473252594 -0.005650043 0.880907893 84.169555664
0.847427487 0.017280469 0.530628741 -4.167836189 -0.016653877 0.999843419 -0.005964239 -1.056387067 -0.530648887 -0.003782774 0.847582519 84.476005554
0.810879529 0.016927950 0.584967256 -3.908294678 -0.015578071 0.999851644 -0.007339700 -1.070140958 -0.585004807 -0.003161056 0.811022878 84.763458252
0.771517873 0.015624250 0.636014879 -3.630738497 -0.014605428 0.999869823 -0.006845520 -1.080684543 -0.636039138 -0.004007835 0.771645546 85.029441833
0.729267538 0.015125876 0.684060633 -3.341099739 -0.015829118 0.999860942 -0.005233594 -1.088368416 -0.684044778 -0.007011392 0.729405463 85.276588440
0.684213519 0.014273252 0.729141295 -3.037294388 -0.014971460 0.999872565 -0.005523955 -1.093446970 -0.729127347 -0.007136750 0.684339941 85.507583618
0.637999356 0.013035058 0.769925833 -2.719773769 -0.011569360 0.999906003 -0.007341713 -1.101762533 -0.769949317 -0.004223546 0.638090074 85.711814880
0.591427147 0.010740556 0.806286216 -2.393162727 -0.005775854 0.999941885 -0.009083527 -1.107480168 -0.806337178 0.000715251 0.591454685 85.892753601
0.544868946 0.012852060 0.838422060 -2.061507940 -0.007550570 0.999917030 -0.010420658 -1.117462516 -0.838486671 -0.000652675 0.544920623 86.064193726
0.497542948 0.016020030 0.867290735 -1.724453330 -0.011273561 0.999864221 -0.012001466 -1.124772668 -0.867365479 -0.003806215 0.497655869 86.227149963
0.452130258 0.018224012 0.891765058 -1.384728670 -0.012184259 0.999823987 -0.014254785 -1.136205435 -0.891868055 -0.004420482 0.452272534 86.364921570
0.410058349 0.015818438 0.911921501 -1.032624125 -0.004699126 0.999872804 -0.015231023 -1.144032359 -0.912046552 0.001960369 0.410080343 86.477104187
0.370582700 0.008689207 0.928758264 -0.668480575 0.010078972 0.999859571 -0.013375996 -1.149850845 -0.928744197 0.014317837 0.370442897 86.568527222
0.335355312 0.005223248 0.942076683 -0.305652827 0.014430386 0.999838710 -0.010680339 -1.155614972 -0.941980600 0.017176237 0.335225642 86.659782410
0.302192807 0.009331984 0.953200579 0.053803682 0.012094311 0.999833941 -0.013622772 -1.164399266 -0.953169525 0.015645007 0.302029490 86.755874634
0.271100968 0.016856041 0.962402701 0.418839663 0.001890760 0.999835312 -0.018044252 -1.179557681 -0.962548435 0.006711483 0.271024138 86.857070923
0.242743477 0.021081759 0.969860792 0.796246529 -0.002901222 0.999775052 -0.021005847 -1.201361179 -0.970085561 0.002285246 0.242749721 86.943542480
0.217174023 0.022746570 0.975867212 1.187995791 -0.001638588 0.999735475 -0.022938238 -1.219719172 -0.976130962 0.003382540 0.217153519 87.010719299
0.193873569 0.024149522 0.980728626 1.587952256 0.005846438 0.999650717 -0.025771182 -1.232380033 -0.981008530 0.010730114 0.193664327 87.064147949
0.173863202 0.030581748 0.984294236 1.996032000 0.012752024 0.999363899 -0.033302423 -1.233655691 -0.984686673 0.018341800 0.173362285 87.110824585
0.154062971 0.037329018 0.987354994 2.414488792 0.014725629 0.999088287 -0.040070329 -1.238544583 -0.987950683 0.020712769 0.153372467 87.163032532
0.136358157 0.038196962 0.989922345 2.849188089 0.012335981 0.999113381 -0.040250819 -1.254323125 -0.990582228 0.017700182 0.135765702 87.220764160
0.120858692 0.033772036 0.992094457 3.302522182 0.010160611 0.999326587 -0.035255987 -1.282872796 -0.992617130 0.014341271 0.120433800 87.272712708
0.106452547 0.030535342 0.993848264 3.770268202 0.010468584 0.999438405 -0.031828381 -1.306025743 -0.994262099 0.013792389 0.106072754 87.313964844
0.093243092 0.028071076 0.995247066 4.257949829 0.012899021 0.999484360 -0.029399062 -1.327224612 -0.995559275 0.015578966 0.092832573 87.350524902
0.081627958 0.027328692 0.996287644 4.755055904 0.016510721 0.999449551 -0.028768171 -1.346177220 -0.996525586 0.018797707 0.081131466 87.380325317
0.071614325 0.027976511 0.997039497 5.267194748 0.019726690 0.999371171 -0.029458830 -1.363537908 -0.997236788 0.021777952 0.071017057 87.404663086
0.063802801 0.028587159 0.997552574 5.790830612 0.021787556 0.999311268 -0.030031066 -1.381792784 -0.997724175 0.023650285 0.063135669 87.431350708
0.058301613 0.028993934 0.997877479 6.338379860 0.023461696 0.999262094 -0.030404918 -1.400792480 -0.998022795 0.025184542 0.057577994 87.456512451
0.052763224 0.030076521 0.998153687 6.902092934 0.024756141 0.999199510 -0.031416655 -1.420144439 -0.998299658 0.026368061 0.051976062 87.481109619
0.046783645 0.030823374 0.998429060 7.480137348 0.025267366 0.999167264 -0.032030113 -1.440586567 -0.998584986 0.026726140 0.045965515 87.508560181
0.042439591 0.030806035 0.998623669 8.075971603 0.027800161 0.999100924 -0.032002199 -1.464912295 -0.998711765 0.029120043 0.041544676 87.529663086
0.039620757 0.030789625 0.998739958 8.695937157 0.029249700 0.999060869 -0.031959865 -1.488418460 -0.998786211 0.030479101 0.038682614 87.550193787
0.036602154 0.030365761 0.998868108 9.333875656 0.030219486 0.999047279 -0.031478554 -1.512410522 -0.998872519 0.031337447 0.035649296 87.571540833
0.034297299 0.029761784 0.998968065 9.990795135 0.032451566 0.998996019 -0.030876761 -1.536123276 -0.998884320 0.033477049 0.033296697 87.590187073
0.033656411 0.029410632 0.999000251 10.657963753 0.036702916 0.998856068 -0.030642906 -1.559809208 -0.998758972 0.037697528 0.032538101 87.607360840
0.034696661 0.029104318 0.998973608 11.348096848 0.039870851 0.998739541 -0.030482298 -1.583628058 -0.998601973 0.040887538 0.033492159 87.625801086
0.037129510 0.029057583 0.998887479 12.055603981 0.041548304 0.998667717 -0.030595567 -1.607596755 -0.998446107 0.042638056 0.035872392 87.649299622
0.041045077 0.028984725 0.998736382 12.779609680 0.043970931 0.998558104 -0.030786617 -1.633435726 -0.998189032 0.045178983 0.039711054 87.677276611
0.045399848 0.028582329 0.998559475 13.513553619 0.044245880 0.998551846 -0.030593757 -1.660486937 -0.997988284 0.045571074 0.044069096 87.711395264
0.049428787 0.026901357 0.998414874 14.266811371 0.045800634 0.998524308 -0.029171761 -1.687327981 -0.997726679 0.047169939 0.048123389 87.748138428
0.053352453 0.025279742 0.998255253 15.012344360 0.045550011 0.998577058 -0.027722333 -1.717748761 -0.997536004 0.046949573 0.052124690 87.792274475
0.057523184 0.023221085 0.998073637 15.785788536 0.042420752 0.998769403 -0.025682149 -1.743834496 -0.997442245 0.043816332 0.056466993 87.842979431
0.061617717 0.022126976 0.997854054 16.579669952 0.041794576 0.998819828 -0.024729207 -1.770060539 -0.997224152 0.043228626 0.060619865 87.895416260
0.065656595 0.023145551 0.997573316 17.358837128 0.039050285 0.998905122 -0.025746590 -1.797949195 -0.997077703 0.040645935 0.064680524 87.956077576
0.068727456 0.027144730 0.997265637 18.137065887 0.036793746 0.998880327 -0.029724348 -1.831302047 -0.996956527 0.038735993 0.067651406 88.012847900
0.070090525 0.032558504 0.997008741 18.918674469 0.030839121 0.998918414 -0.034788877 -1.862389326 -0.997063577 0.033185214 0.069010295 88.075370789
0.069978073 0.035710726 0.996908724 19.717197418 0.028150968 0.998889983 -0.037757751 -1.897372723 -0.997151017 0.030706126 0.068894759 88.134651184
0.070275269 0.035275534 0.996903300 20.517053604 0.026121447 0.998966396 -0.037189927 -1.934359789 -0.997185349 0.028654054 0.069280848 88.193626404
0.070457108 0.033726901 0.996944010 21.329204559 0.023622019 0.999091208 -0.035468977 -1.971931696 -0.997234821 0.026048837 0.069596045 88.253868103
0.070283040 0.032533009 0.996995986 22.149736404 0.024557754 0.999108374 -0.034333128 -2.009755373 -0.997224510 0.026896983 0.069421105 88.314804077
0.070733860 0.032040425 0.996980071 22.955577850 0.022038519 0.999189496 -0.033675019 -2.047977209 -0.997251511 0.024353893 0.069970086 88.375877380
0.070921190 0.032444738 0.996953726 23.762901306 0.020414723 0.999213994 -0.033970553 -2.087153673 -0.997272789 0.022761729 0.070202768 88.437171936
0.070945188 0.033098929 0.996930480 24.573102951 0.017400108 0.999255836 -0.034414381 -2.127758503 -0.997328222 0.019788194 0.070316136 88.502876282
0.069894135 0.034545034 0.996955693 25.378246307 0.014838398 0.999253273 -0.035664923 -2.165843010 -0.997443855 0.017285956 0.069329016 88.563827515
0.066992052 0.034310713 0.997162998 26.190254211 0.012139101 0.999306202 -0.035199985 -2.203148127 -0.997679412 0.014462741 0.066528738 88.627433777
0.062982909 0.033200029 0.997461796 26.994998932 0.009829794 0.999377072 -0.033884451 -2.239993811 -0.997965932 0.011938945 0.062616982 88.686393738
0.057987578 0.030835802 0.997840524 27.807760239 0.008063854 0.999475420 -0.031354930 -2.276684284 -0.998284459 0.009864598 0.057708152 88.744400024
0.051691394 0.028804079 0.998247206 28.614076614 0.006037486 0.999556363 -0.029154478 -2.315775394 -0.998644590 0.007533899 0.051494196 88.791603088
0.044351768 0.029008323 0.998594344 29.416265488 0.005839711 0.999553382 -0.029295541 -2.353101969 -0.998998702 0.007130770 0.044162199 88.827941895
0.035780102 0.030031485 0.998907983 30.211254120 0.005774708 0.999525130 -0.030256875 -2.388461828 -0.999342859 0.006850954 0.035589322 88.854965210
0.025861382 0.030575825 0.999197483 31.013761520 0.006741081 0.999503732 -0.030759659 -2.420923710 -0.999642670 0.007531118 0.025642060 88.876358032
0.015530259 0.029626057 0.999440074 31.816827774 0.008298876 0.999522388 -0.029757442 -2.455060244 -0.999844790 0.008756329 0.015276597 88.891998291
0.004710279 0.028633924 0.999578536 32.616870880 0.007685794 0.999559104 -0.028669573 -2.490453243 -0.999959171 0.007817555 0.004487741 88.897682190
-0.006230096 0.028043028 0.999586940 33.399925232 0.009520132 0.999562800 -0.027982999 -2.520862341 -0.999935091 0.009341823 -0.006494738 88.887084961
-0.017296966 0.028535420 0.999442756 34.179424286 0.010223296 0.999545217 -0.028361399 -2.549555779 -0.999797881 0.009726994 -0.017581223 88.874816895
-0.028288163 0.029046040 0.999177396 34.962322235 0.010445883 0.999531507 -0.028760582 -2.586621761 -0.999544978 0.009623666 -0.028578721 88.850303650
-0.038875896 0.030200588 0.998787224 35.732574463 0.009973777 0.999504864 -0.029834064 -2.620217562 -0.999193966 0.008801815 -0.039158262 88.821098328
-0.048970025 0.031118235 0.998315036 36.492435455 0.011055951 0.999469936 -0.030611897 -2.657285690 -0.998738825 0.009538215 -0.049288515 88.777503967
-0.058487203 0.031814616 0.997780681 37.260234833 0.011977021 0.999442160 -0.031165522 -2.692221403 -0.998216093 0.010127614 -0.058836035 88.730758667
-0.068120830 0.032387067 0.997150898 38.013988495 0.013146224 0.999414980 -0.031562503 -2.724094868 -0.997590184 0.010958663 -0.068507165 88.676429749
-0.077437960 0.032809131 0.996456802 38.754817963 0.014018862 0.999395072 -0.031816412 -2.759059429 -0.996898353 0.011505350 -0.077851489 88.616271973
-0.085944116 0.032436363 0.995771408 39.488227844 0.015461084 0.999392629 -0.031219877 -2.790649891 -0.996179700 0.012712499 -0.086393848 88.547348022
-0.093311660 0.031409975 0.995140970 40.219543457 0.017372299 0.999401093 -0.029915474 -2.823642015 -0.995485127 0.014496383 -0.093801886 88.477828979
-0.098435201 0.029754510 0.994698107 40.936363220 0.020112071 0.999407887 -0.027905095 -2.857822895 -0.994939923 0.017258557 -0.098975785 88.401939392
-0.102110684 0.028080579 0.994376183 41.635971069 0.023094293 0.999398649 -0.025850886 -2.890720606 -0.994504571 0.020324728 -0.102698237 88.322952271
-0.104683548 0.027200315 0.994133055 42.348690033 0.025004718 0.999381542 -0.024710871 -2.916052818 -0.994190753 0.022271160 -0.105299398 88.244537354
-0.106587291 0.026437266 0.993951321 43.039005280 0.024968186 0.999402106 -0.023904741 -2.944221020 -0.993989348 0.022269186 -0.107184105 88.175689697
-0.107406259 0.026795026 0.993853569 43.696865082 0.025551770 0.999380708 -0.024182629 -2.975236893 -0.993886292 0.022797320 -0.108024850 88.108276367
-0.106635660 0.027733248 0.993910849 44.354606628 0.026098900 0.999344349 -0.025084715 -3.005448818 -0.993955016 0.023265021 -0.107290000 88.040786743
-0.103538938 0.029464688 0.994188428 44.981002808 0.027204188 0.999270797 -0.026782136 -3.032294989 -0.994252801 0.024273058 -0.104265444 87.975189209
-0.098377123 0.030001955 0.994696438 45.597427368 0.027353207 0.999249041 -0.027433977 -3.059137106 -0.994772732 0.024509225 -0.099124342 87.918693542
-0.090497144 0.030703777 0.995422900 46.201335907 0.026611555 0.999242008 -0.028402219 -3.087041855 -0.995540679 0.023919396 -0.091246061 87.873130798
-0.079520442 0.030696934 0.996360064 46.784969330 0.025481209 0.999261439 -0.028752629 -3.114689350 -0.996507108 0.023101998 -0.080244347 87.839767456
-0.065951630 0.031026078 0.997339964 47.344253540 0.024567379 0.999263704 -0.029461328 -3.143879890 -0.997519970 0.022558967 -0.066665724 87.815116882
-0.048892230 0.032271523 0.998282194 47.885940552 0.023398271 0.999240398 -0.031156516 -3.174313068 -0.998529553 0.021834726 -0.049610600 87.803153992
-0.027821198 0.034909565 0.999002755 48.419372559 0.021608204 0.999177217 -0.034313876 -3.200990438 -0.999378979 0.020631958 -0.028553046 87.805671692
-0.003411533 0.037787862 0.999279559 48.925048828 0.019244760 0.999102950 -0.037715469 -3.229851007 -0.999808609 0.019102184 -0.004136089 87.823501587
0.024725761 0.039495755 0.998913348 49.445190430 0.017082827 0.999056399 -0.039924245 -3.257780552 -0.999547958 0.018051377 0.024027338 87.858093262
0.057748795 0.038602509 0.997584105 49.956161499 0.014339510 0.999116719 -0.039491899 -3.289853811 -0.998227835 0.016585432 0.057143860 87.909530640
0.095685765 0.035974804 0.994760931 50.461147308 0.013007745 0.999215901 -0.037387121 -3.318224192 -0.995326281 0.016516969 0.095142417 87.979637146
0.137514859 0.032152906 0.989977360 50.961200714 0.010609207 0.999367535 -0.033931576 -3.346186399 -0.990442574 0.015168928 0.137086421 88.076072693
0.183177456 0.027838558 0.982685268 51.453525543 0.007740927 0.999526799 -0.029758610 -3.372424126 -0.983049095 0.013057959 0.182874948 88.191322327
0.231094152 0.024555717 0.972621083 51.933696747 0.002765068 0.999660492 -0.025895355 -3.398127079 -0.972927213 0.008673586 0.230947480 88.340904236
0.282412916 0.023136761 0.959013522 52.398590088 -0.001440061 0.999717891 -0.023694701 -3.420135260 -0.959291637 0.005310609 0.282366276 88.513160706
0.336588532 0.023092778 0.941368282 52.843883514 -0.002807414 0.999719083 -0.023520386 -3.436036110 -0.941647410 0.005273839 0.336558521 88.711891174
0.394028723 0.023482537 0.918797731 53.280941010 -0.001595565 0.999689162 -0.024865687 -3.456549168 -0.919096589 0.008331750 0.393943429 88.936378479
0.453634381 0.026642125 0.890789151 53.688018799 -0.001170028 0.999569595 -0.029299742 -3.477960825 -0.891186953 0.012249077 0.453470081 89.181533813
0.513127029 0.028289003 0.857845962 54.077724457 0.000298822 0.999450326 -0.033137400 -3.511320353 -0.858312488 0.017259995 0.512836337 89.451141357
0.571505427 0.031857084 0.819979310 54.443313599 -0.003777490 0.999337256 -0.036192518 -3.534448624 -0.820589542 0.017586708 0.571246803 89.743591309
0.627251863 0.033993680 0.778073788 54.785331726 -0.007111649 0.999254882 -0.037923846 -3.556116581 -0.778783917 0.018254368 0.627026141 90.069953918
0.680038571 0.034921531 0.732343733 55.101764679 -0.008947416 0.999185443 -0.039337385 -3.570387125 -0.733121693 0.020198306 0.679796994 90.414215088
0.728617132 0.032589812 0.684144974 55.378936768 -0.009234620 0.999243498 -0.037764877 -3.591352463 -0.684858918 0.021198269 0.728366852 90.763282776
0.773658633 0.028496135 0.632960916 55.641422272 -0.010818658 0.999436140 -0.031771488 -3.612376451 -0.633510172 0.017732453 0.773530722 91.146133423
0.814766407 0.023555331 0.579310060 55.882061005 -0.011443534 0.999632597 -0.024551382 -3.625961304 -0.579676270 0.013374241 0.814736724 91.550941467
0.850805223 0.021117236 0.525056005 56.092205048 -0.013694901 0.999743402 -0.018017346 -3.637743235 -0.525302410 0.008138615 0.850876331 91.974639893
0.881622195 0.017457677 0.471631944 56.284484863 -0.014202621 0.999843895 -0.010460692 -3.650281906 -0.471741557 0.002523920 0.881732881 92.416320801
0.906802952 0.018012350 0.421168774 56.437984467 -0.017664487 0.999832273 -0.004727585 -3.665038347 -0.421183854 -0.003152795 0.906969428 92.852485657
0.926669836 0.019730886 0.375357121 56.579429626 -0.020953296 0.999779582 -0.000825196 -3.678890705 -0.375291228 -0.007100340 0.926879406 93.304634094
0.941657424 0.025709705 0.335588366 56.693908691 -0.028033165 0.999604285 0.002080268 -3.689676762 -0.335402638 -0.011366565 0.942005992 93.760353088
0.953280985 0.030250490 0.300565332 56.797664642 -0.032106441 0.999483109 0.001236362 -3.692106247 -0.300373107 -0.010828745 0.953760028 94.212829590
0.962409973 0.032002110 0.269707561 56.904167175 -0.033658758 0.999431670 0.001518707 -3.693812132 -0.269506156 -0.010539702 0.962940693 94.677459717
0.968481064 0.026439384 0.247678667 57.015956879 -0.027799474 0.999610960 0.001995201 -3.699469328 -0.247530073 -0.008817712 0.968839765 95.146858215
0.972438276 0.023692936 0.231952071 57.127555847 -0.025020273 0.999682486 0.002781882 -3.708069801 -0.231813028 -0.008508773 0.972722888 95.623527527
0.975268662 0.028002512 0.219240040 57.220508575 -0.029257074 0.999568224 0.002477146 -3.711613894 -0.219076514 -0.008830267 0.975667477 96.115600586
0.977201164 0.033433687 0.209664673 57.308017731 -0.034815300 0.999388933 0.002901288 -3.709870338 -0.209440067 -0.010134745 0.977768719 96.616577148
0.978165925 0.041225787 0.203693345 57.394180298 -0.042438835 0.999097168 0.001588949 -3.711956739 -0.203444451 -0.010198832 0.979033113 97.130569458
0.978517175 0.046887759 0.200760588 57.488151550 -0.047437135 0.998871386 -0.002076050 -3.715506315 -0.200631872 -0.007492124 0.979637802 97.654602051
0.978630066 0.048199255 0.199897811 57.591178894 -0.048273329 0.998823285 -0.004506333 -3.727330685 -0.199880302 -0.005239765 0.979806066 98.183105469
0.978195250 0.046777789 0.202348784 57.703968048 -0.046097342 0.998903573 -0.008076653 -3.735929728 -0.202505261 -0.001427259 0.979279876 98.715339661
0.977475524 0.045355894 0.206115305 57.826023102 -0.043266483 0.998955607 -0.014635489 -3.741181135 -0.206564367 0.005387894 0.978417933 99.257987976
0.976551831 0.046001151 0.210308090 57.942981720 -0.042885236 0.998891711 -0.019355027 -3.749750137 -0.210965902 0.009882025 0.977443218 99.809700012
0.975363493 0.050788496 0.214675814 58.061233521 -0.047840443 0.998675168 -0.018909443 -3.762839556 -0.215352342 0.008173344 0.976502001 100.385490417
0.973936677 0.053759854 0.220354944 58.186508179 -0.051729202 0.998548031 -0.014979633 -3.775224447 -0.220840842 0.003190369 0.975304484 100.976646423
0.973039806 0.050543938 0.225028843 58.327320099 -0.049462229 0.998720586 -0.010445633 -3.787278175 -0.225269452 -0.000966473 0.974295855 101.580085754
0.972367883 0.046086155 0.228857830 58.475563049 -0.046190646 0.998919785 -0.004903027 -3.799069643 -0.228837147 -0.005803609 0.973447263 102.189895630
0.971600354 0.043472484 0.232598543 58.623043060 -0.044612683 0.999003470 -0.000358955 -3.808541298 -0.232382938 -0.010028152 0.972572505 102.811050415
0.971082151 0.038831681 0.235564873 58.777000427 -0.040014591 0.999198198 0.000241439 -3.815814495 -0.235367209 -0.009660554 0.971858323 103.440383911
0.971173406 0.035424717 0.235725641 58.939479828 -0.035765093 0.999355257 -0.002833005 -3.824365139 -0.235674635 -0.005679470 0.971815169 104.080436707
0.971300542 0.034677513 0.235312298 59.098690033 -0.033301502 0.999396086 -0.009820336 -3.835937262 -0.235511377 0.001702193 0.971869886 104.730934143
0.971417964 0.036856104 0.234495133 59.249420166 -0.033943195 0.999287367 -0.016447483 -3.847993612 -0.234934866 0.008017821 0.971977890 105.386795044
0.971937597 0.039789096 0.231847897 59.399520874 -0.036078356 0.999143243 -0.020225085 -3.857097387 -0.232454658 0.011292786 0.972541511 106.054275513
0.972576439 0.038080640 0.229443371 59.561954498 -0.035355657 0.999246001 -0.015977358 -3.869649410 -0.229879439 0.007427034 0.973190665 106.747421265
0.973004282 0.034111641 0.228250638 59.722637177 -0.033056222 0.999416709 -0.008446639 -3.885397911 -0.228406265 0.000673458 0.973565578 107.448623657
0.973582625 0.034276295 0.225746110 59.881916046 -0.034611765 0.999396682 -0.002472916 -3.904744387 -0.225695297 -0.005405947 0.974182844 108.160049438
0.973853111 0.037693705 0.224027887 60.038452148 -0.037969522 0.999273062 -0.003078241 -3.917530775 -0.223981678 -0.005508542 0.974577725 108.884979248
0.974089861 0.043590296 0.221918836 60.187953949 -0.042959388 0.999046206 -0.007671551 -3.927217245 -0.222042218 -0.002060780 0.975034773 109.614952087
0.974921942 0.044521023 0.218046412 60.344512939 -0.042725496 0.999001801 -0.012944983 -3.937633991 -0.218405738 0.003304152 0.975852311 110.355636597
0.975847304 0.043267988 0.214123979 60.505615234 -0.040838320 0.999040306 -0.015759803 -3.948078632 -0.214601025 0.006634648 0.976679146 111.104598999
0.976746500 0.041222565 0.210395381 60.664279938 -0.039102666 0.999132693 -0.014227862 -3.964143276 -0.210800067 0.005669944 0.977512598 111.871849060
0.977607012 0.037576679 0.207055151 60.827701569 -0.035824876 0.999282300 -0.012205062 -3.980635643 -0.207365856 0.004513978 0.978252888 112.653083801
0.978015363 0.036458954 0.205319569 60.990646362 -0.035269074 0.999331892 -0.009453380 -3.999546051 -0.205527738 0.002004066 0.978649080 113.443054199
0.978388011 0.033283748 0.204079479 61.158905029 -0.032511648 0.999444604 -0.007136035 -4.013320923 -0.204204321 0.000346797 0.978928030 114.232864380
0.978621602 0.028042551 0.203746736 61.328044891 -0.027404979 0.999605417 -0.005950757 -4.023680210 -0.203833893 0.000239813 0.979005218 115.033546448
0.978732526 0.029019017 0.203075826 61.486316681 -0.028723717 0.999576449 -0.004402065 -4.037274837 -0.203118235 -0.001524702 0.979152799 115.826614380
0.978441060 0.034595642 0.203606218 61.637458801 -0.034009475 0.999399900 -0.006378380 -4.051792145 -0.203705385 -0.000683726 0.979031801 116.635581970
0.978111327 0.040416427 0.204117745 61.795841217 -0.039264202 0.999180615 -0.009693490 -4.066642284 -0.204342961 0.001466739 0.978898048 117.446113586
0.977528393 0.049322214 0.204950795 61.955615997 -0.048025928 0.998781025 -0.011297511 -4.082780838 -0.205258846 0.001200627 0.978706777 118.268867493
0.976620913 0.055082697 0.207790270 62.118568420 -0.054059375 0.998480260 -0.010604559 -4.099163532 -0.208059281 -0.000876441 0.978115618 119.082305908
0.975826085 0.057810184 0.210762113 62.281688690 -0.057284009 0.998319685 -0.008606221 -4.119514465 -0.210906163 -0.003675192 0.977499127 119.911888123
0.975236952 0.058414411 0.213306651 62.462257385 -0.057756726 0.998286009 -0.009319189 -4.140780926 -0.213486105 -0.003231543 0.976940453 120.751007080
0.974940658 0.056895051 0.215064675 62.643585205 -0.055613697 0.998378932 -0.012009509 -4.159852982 -0.215400010 -0.000252045 0.976525545 121.570045471
0.974919498 0.050971631 0.216640487 62.828445435 -0.049824607 0.998698831 -0.010756950 -4.179241180 -0.216907620 -0.000306927 0.976191759 122.416755676
0.975217223 0.044393819 0.216747925 63.021228790 -0.042775463 0.999009550 -0.012154870 -4.202894211 -0.217073560 0.002582094 0.976151466 123.241455078
0.974974394 0.043723620 0.217972904 63.205352783 -0.042075809 0.999038756 -0.012197909 -4.227744102 -0.218297407 0.002721212 0.975878119 124.072731018
0.974438608 0.046355058 0.219817191 63.393074036 -0.045442004 0.998923302 -0.009211098 -4.245738983 -0.220008194 -0.001013342 0.975497127 124.915313721
0.973999500 0.048489489 0.221298039 63.566452026 -0.048902512 0.998795748 -0.003615607 -4.260912895 -0.221207589 -0.007300499 0.975199044 125.748626709
0.973630667 0.051892683 0.222147405 63.741329193 -0.053374831 0.998573005 0.000669322 -4.279058933 -0.221796423 -0.012508829 0.975012422 126.561813354
0.973418117 0.051308475 0.223212004 63.925056458 -0.051312771 0.998664618 -0.005784770 -4.296282768 -0.223211482 -0.005822694 0.974752307 127.391487122
0.973712325 0.047278859 0.222818330 64.110244751 -0.043931611 0.998833895 -0.019958075 -4.319118500 -0.223502859 0.009644613 0.974655211 128.195434570
