1.000000000 0.000000000 0.000000000 0.000000000 0.000000000 1.000000000 0.000000000 0.000000000 0.000000000 0.000000000 1.000000000 0.000000000
0.999990940 -0.002566421 -0.003389670 -0.000641896 0.002559280 0.999994516 -0.002109251 -0.005393846 0.003395064 0.002100557 0.999992013 0.670326889
0.999970913 -0.001345850 -0.007506613 -0.009763797 0.001318953 0.999992728 -0.003586875 -0.011476766 0.007511386 0.003576870 0.999965370 1.352142334
0.999934316 -0.001368915 -0.011378086 -0.025325283 0.001311620 0.999986470 -0.005041436 -0.015777491 0.011384833 0.005026181 0.999922574 2.055868387
0.999869287 0.000074468 -0.016163683 -0.045614205 -0.000165414 0.999984205 -0.005625288 -0.023268633 0.016163006 0.005627226 0.999853551 2.781363726
0.999783039 -0.000841529 -0.020810183 -0.057903409 0.000716841 0.999981821 -0.005998448 -0.028501930 0.020814849 0.005982229 0.999765456 3.519992590
0.999678731 0.000960744 -0.025327994 -0.084030837 -0.001143706 0.999973476 -0.007210236 -0.038323469 0.025320390 0.007236886 0.999653161 4.273683071
0.999536753 0.003629393 -0.030217789 -0.113319740 -0.003865514 0.999962568 -0.007759204 -0.047150142 0.030188492 0.007872416 0.999513209 5.032990456
0.999392450 0.003819278 -0.034643043 -0.142777666 -0.004033478 0.999973357 -0.006115272 -0.057798170 0.034618754 0.006251287 0.999381006 5.810053825
0.999230683 0.003082050 -0.039096128 -0.177798569 -0.003217248 0.999989271 -0.003395617 -0.068196654 0.039085232 0.003518787 0.999229610 6.602198124
0.999085844 0.002607440 -0.042667773 -0.212241143 -0.002640410 0.999996424 -0.000716371 -0.081138209 0.042665735 0.000828376 0.999089003 7.415839672
0.998966455 0.004229838 -0.045254964 -0.257482797 -0.004289615 0.999990225 -0.001223852 -0.094322331 0.045249328 0.001416713 0.998974681 8.227506638
0.998859882 0.003719978 -0.047590699 -0.297655582 -0.003793102 0.999991894 -0.001446277 -0.103126794 0.047584917 0.001625145 0.998865843 9.050636292
0.998776793 0.000683725 -0.049439222 -0.334840029 -0.000786114 0.999997735 -0.002051573 -0.109348200 0.049437687 0.002087929 0.998775005 9.888264656
0.998657644 0.000700490 -0.051789589 -0.374853194 -0.000761755 0.999999166 -0.001163221 -0.119949065 0.051788714 0.001201111 0.998657346 10.724066734
0.998575628 -0.000688336 -0.053347539 -0.419106573 0.000616367 0.999999046 -0.001365483 -0.131277099 0.053348411 0.001330657 0.998575032 11.569486618
0.998473465 0.001621692 -0.055206202 -0.469861001 -0.001821150 0.999992192 -0.003562833 -0.145840719 0.055199977 0.003657934 0.998468518 12.426040649
0.998388231 0.002307504 -0.056701906 -0.519932508 -0.002665475 0.999977171 -0.006238362 -0.155158803 0.056686200 0.006379445 0.998371542 13.279865265
0.998268068 0.006376523 -0.058478087 -0.578780890 -0.006846550 0.999945998 -0.007840771 -0.166842967 0.058424920 0.008227565 0.998257756 14.152076721
0.998209894 0.007292699 -0.059358153 -0.637068450 -0.007751906 0.999941945 -0.007509534 -0.180900723 0.059299931 0.007956231 0.998208404 15.037322044
0.998131752 0.006809419 -0.060714647 -0.691380739 -0.007192933 0.999955714 -0.006100251 -0.194606215 0.060670406 0.006525571 0.998136401 15.911956787
0.998033583 0.007682926 -0.062206585 -0.750782251 -0.007991759 0.999957085 -0.004717234 -0.206157088 0.062167667 0.005205098 0.998052001 16.802862167
0.997975767 0.007501717 -0.063148841 -0.810805738 -0.007803451 0.999959409 -0.004532743 -0.222553968 0.063112266 0.005016347 0.997993648 17.704811096
0.997853875 0.007276427 -0.065072149 -0.868703067 -0.007649421 0.999955833 -0.005484579 -0.234614298 0.065029360 0.005970573 0.997865319 18.610622406
0.997788966 0.005525501 -0.066228971 -0.932666898 -0.005951861 0.999962986 -0.006241985 -0.245188981 0.066192009 0.006622370 0.997784734 19.523227692
0.997741580 0.005666302 -0.066927910 -0.990404904 -0.005990484 0.999971449 -0.004643955 -0.253979176 0.066899672 0.005034399 0.997746766 20.452852249
0.997728705 0.006812018 -0.067013025 -1.054098129 -0.006904875 0.999975681 -0.001154029 -0.268910050 0.067003518 0.001614126 0.997751176 21.363433838
0.997773230 0.007796047 -0.066238970 -1.118348241 -0.007640583 0.999967635 0.002600133 -0.281374365 0.066257074 -0.002088236 0.997800171 22.291358948
0.997883081 0.006379718 -0.064718664 -1.180957794 -0.006034845 0.999966741 0.005523000 -0.287062764 0.064751722 -0.005120737 0.997888029 23.220779419
0.997977674 0.006743962 -0.063205712 -1.246435881 -0.006361960 0.999960482 0.006243211 -0.294586718 0.063245296 -0.005828469 0.997980714 24.168510437
0.998066545 0.007114077 -0.061744478 -1.308072448 -0.006906300 0.999969900 0.003577991 -0.306393057 0.061768051 -0.003144645 0.998085260 25.102205276
0.998115420 0.008123804 -0.060823336 -1.370448112 -0.008211243 0.999965787 -0.001187659 -0.317825764 0.060811583 0.001684857 0.998147488 26.027046204
0.998201251 0.007210085 -0.059516296 -1.433139324 -0.007467497 0.999963939 -0.004103676 -0.330117136 0.059484545 0.004540732 0.998218536 26.957166672
0.998258173 0.004619823 -0.058814589 -1.488573432 -0.004801555 0.999984384 -0.002948863 -0.343543530 0.058800027 0.003226128 0.998264253 27.907428741
0.998254359 0.002941072 -0.058987476 -1.550512671 -0.002816443 0.999993920 0.002195937 -0.359157652 0.058993556 -0.002025966 0.998255968 28.883358002
0.998205543 -0.000867589 -0.059873175 -1.604033351 0.001207678 0.999983668 0.005644294 -0.370398402 0.059867278 -0.005706470 0.998189688 29.847093582
0.998108983 -0.008108173 -0.060931567 -1.656932116 0.008435464 0.999951661 0.005116202 -0.381119221 0.060887113 -0.005620510 0.998128474 30.794219971
0.998001575 -0.010181014 -0.062362902 -1.716152549 0.010278768 0.999946713 0.001246917 -0.387989163 0.062346861 -0.001885438 0.998052359 31.765224457
0.997916698 -0.009862354 -0.063756704 -1.780397534 0.009705749 0.999949396 -0.002765507 -0.397965699 0.063780732 0.002140937 0.997961223 32.744239807
0.997788012 -0.008582203 -0.065918848 -1.850198388 0.008387361 0.999959946 -0.003231909 -0.412980109 0.065943919 0.002671872 0.997819364 33.721820831
0.997745574 -0.008873753 -0.066519603 -1.915956974 0.008785686 0.999960482 -0.001616301 -0.430274695 0.066531293 0.001028235 0.997783422 34.703269958
0.997666299 -0.005955815 -0.068016246 -1.987801552 0.006059879 0.999981165 0.001323836 -0.446424633 0.068007044 -0.001732916 0.997682989 35.685802460
0.997603893 -0.005877758 -0.068932444 -2.060398340 0.006079792 0.999978185 0.002721528 -0.461512625 0.068914913 -0.003134101 0.997617304 36.667953491
0.997540653 -0.004574163 -0.069939591 -2.133580446 0.004960617 0.999973774 0.005352938 -0.470472604 0.069913238 -0.005686714 0.997536540 37.642131805
0.997570634 -0.004889108 -0.069489285 -2.215011835 0.005481707 0.999950588 0.008339884 -0.475116581 0.069445044 -0.008700539 0.997547448 38.635276794
0.997524917 0.000801177 -0.070309073 -2.289716244 -0.000041035 0.999941945 0.010812347 -0.481460899 0.070313625 -0.010782694 0.997466266 39.617832184
0.997538507 0.000958581 -0.070113428 -2.375555515 -0.000259136 0.999950528 0.009984452 -0.480861783 0.070119493 -0.009941701 0.997488678 40.617130280
0.997552395 0.000930453 -0.069916457 -2.450496912 -0.000351895 0.999966025 0.008286985 -0.481864959 0.069921762 -0.008242094 0.997518003 41.606765747
0.997547805 0.003169795 -0.069916226 -2.529266119 -0.002744263 0.999977589 0.006181670 -0.488919020 0.069934219 -0.005974640 0.997533321 42.583518982
0.997488260 0.002958170 -0.070769221 -2.602874279 -0.002524878 0.999978006 0.006211413 -0.494411379 0.070785992 -0.006017126 0.997473001 43.576683044
0.997396529 0.000559718 -0.072108999 -2.678358078 -0.000007304 0.999971151 0.007660965 -0.504603088 0.072111160 -0.007640490 0.997366965 44.563488007
0.997339725 0.001178173 -0.072882935 -2.753092051 -0.000549256 0.999962926 0.008648694 -0.511990309 0.072890364 -0.008585650 0.997302651 45.549858093
0.997322798 0.003698688 -0.073029421 -2.830379963 -0.003339624 0.999982178 0.005038332 -0.521987796 0.073046707 -0.004780951 0.997316658 46.515483856
0.997258425 0.004392178 -0.073865697 -2.910036564 -0.004335222 0.999990582 0.000931524 -0.532332242 0.073869050 -0.000608747 0.997267365 47.469863892
0.997198224 0.005253142 -0.074618630 -2.985814095 -0.005291774 0.999986351 -0.000319882 -0.544006944 0.074615896 0.000713848 0.997211695 48.433593750
0.997193933 0.003877230 -0.074760221 -3.057923794 -0.003650313 0.999988735 0.003171816 -0.557356358 0.074771635 -0.002890018 0.997196078 49.406181335
0.997192919 0.002054585 -0.074845918 -3.132580519 -0.001585871 0.999979138 0.006321405 -0.566853821 0.074857302 -0.006184962 0.997174680 50.379779816
0.997158229 -0.000074404 -0.075335398 -3.205114365 0.000610064 0.999975085 0.007087454 -0.582108855 0.075332955 -0.007113269 0.997132659 51.339756012
0.997133195 -0.002917947 -0.075609997 -3.277850628 0.003372798 0.999977350 0.005888843 -0.592335641 0.075591065 -0.006126976 0.997119665 52.289005280
0.997097671 -0.005273899 -0.075950027 -3.349262953 0.005640037 0.999973834 0.004607179 -0.604871750 0.075923704 -0.005022167 0.997100532 53.240810394
0.997007310 -0.006866026 -0.077001825 -3.422883511 0.007333585 0.999956667 0.005790996 -0.614042461 0.076958694 -0.006338363 0.997013688 54.185829163
0.996905923 -0.009797133 -0.077991009 -3.495103836 0.010603853 0.999894738 0.009936402 -0.623545349 0.077885412 -0.010732656 0.996904075 55.119476318
0.996840000 -0.010531058 -0.078733824 -3.565871000 0.011752018 0.999817848 0.015060253 -0.630622208 0.078560844 -0.015937936 0.996781468 56.059520721
0.996808290 -0.008825050 -0.079341814 -3.643290043 0.010232709 0.999797404 0.017352736 -0.636509180 0.079172567 -0.018109223 0.996695995 57.002769470
0.996708453 -0.007555702 -0.080715448 -3.722927570 0.008657265 0.999874353 0.013306331 -0.638273060 0.080604732 -0.013961300 0.996647954 57.928050995
0.996605396 -0.005965878 -0.082109049 -3.801341534 0.006448967 0.999963760 0.005619657 -0.644325674 0.082072511 -0.006130097 0.996607125 58.839725494
0.996541739 -0.004489998 -0.082971096 -3.882186651 0.004570809 0.999989629 0.000784134 -0.649294615 0.082966678 -0.001160667 0.996551335 59.749313354
0.996465981 0.000257231 -0.083996162 -3.968184233 -0.000113917 0.999998927 0.001711115 -0.660563648 0.083996482 -0.001695499 0.996464312 60.649974823
0.996356010 0.002957187 -0.085239284 -4.052602291 -0.002616197 0.999988496 0.004111948 -0.674482584 0.085250437 -0.003873960 0.996351719 61.526615143
0.996269464 0.005748496 -0.086103529 -4.135230064 -0.005273008 0.999969900 0.005748860 -0.692116737 0.086133957 -0.005273387 0.996269286 62.416923523
0.996163666 0.006672659 -0.087252691 -4.211630344 -0.006215507 0.999965847 0.005510187 -0.703510404 0.087286450 -0.004946727 0.996170640 63.274150848
0.995998800 0.008153049 -0.088991523 -4.290705204 -0.007620986 0.999951363 0.006317112 -0.712949395 0.089038670 -0.005613632 0.996012032 64.130432129
0.995870590 0.008962262 -0.090338528 -4.370749474 -0.008361446 0.999940693 0.007027144 -0.724976540 0.090396129 -0.006242764 0.995885968 64.965591431
0.995750904 0.009081597 -0.091636933 -4.450701237 -0.008430109 0.999936700 0.007494180 -0.733610332 0.091699176 -0.006689825 0.995763958 65.782814026
0.995634973 0.009024790 -0.092893548 -4.527323246 -0.008263215 0.999929368 0.008579887 -0.741608143 0.092964403 -0.007774833 0.995638788 66.576606750
0.995481670 0.011808570 -0.094214603 -4.609421730 -0.010790609 0.999878168 0.011307027 -0.748287797 0.094336621 -0.010239301 0.995487392 67.362174988
0.995337784 0.013470063 -0.095502622 -4.690793991 -0.012050214 0.999808669 0.015428480 -0.755222678 0.095692143 -0.014205717 0.995309293 68.145530701
0.995126426 0.016643299 -0.097189717 -4.770691872 -0.015043324 0.999739707 0.017172223 -0.760437787 0.097450197 -0.015626471 0.995117366 68.908958435
0.994951665 0.019347625 -0.098469697 -4.852651596 -0.018135453 0.999748826 0.013190569 -0.768089116 0.098700151 -0.011338184 0.995052278 69.651962280
0.994824111 0.019597370 -0.099701442 -4.931517124 -0.019103434 0.999800324 0.005906688 -0.776045442 0.099797271 -0.003971476 0.994999468 70.376449585
0.994676113 0.018754197 -0.101326801 -5.000900269 -0.018838381 0.999822795 0.000126240 -0.781198680 0.101311192 0.001783262 0.994852781 71.070571899
0.994619668 0.019693643 -0.101701312 -5.077600002 -0.019902274 0.999801636 -0.001036892 -0.788341641 0.101660699 0.003055398 0.994813979 71.763877869
0.994476378 0.022538673 -0.102508083 -5.153554916 -0.022395417 0.999746203 0.002548486 -0.803045571 0.102539480 -0.000238699 0.994728506 72.427619934
0.994332850 0.022865212 -0.103819594 -5.225797653 -0.022480041 0.999735713 0.004878903 -0.817866087 0.103903681 -0.002517387 0.994583786 73.079750061
0.994304419 0.019702438 -0.104735292 -5.294394970 -0.019641852 0.999806106 0.001610110 -0.828178346 0.104746677 0.000456253 0.994498432 73.717620850
0.994430840 0.011668339 -0.104738288 -5.349688530 -0.012094968 0.999921203 -0.003438952 -0.840492964 0.104689881 0.004686603 0.994493425 74.331047058
0.994566739 0.007679334 -0.103811868 -5.405035496 -0.008576037 0.999929905 -0.008194125 -0.852736652 0.103741638 0.009039896 0.994562745 74.921058655
0.994867444 0.010255028 -0.100661010 -5.468887806 -0.011160820 0.999902308 -0.008439316 -0.863738358 0.100564614 0.009519457 0.994884491 75.499420166
0.995211482 0.015382525 -0.096522629 -5.532735825 -0.015987139 0.999857306 -0.005493567 -0.875843823 0.096424341 0.007010379 0.995315135 76.066184998
0.995668888 0.014008571 -0.091904029 -5.580393314 -0.014288037 0.999895275 -0.002383457 -0.887702227 0.091861002 0.003686260 0.995764494 76.622314453
0.996226609 0.010414023 -0.086158104 -5.617126942 -0.010298259 0.999945581 0.001788079 -0.899006665 0.086172007 -0.000894055 0.996279359 77.165863037
0.996933162 0.006195734 -0.078006014 -5.647053719 -0.005805629 0.999969661 0.005226818 -0.913500011 0.078035995 -0.004757914 0.996938646 77.691017151
0.997679055 0.009895998 -0.067360908 -5.680329800 -0.009579919 0.999941766 0.005013834 -0.921581507 0.067406572 -0.004356886 0.997715533 78.206367493
0.998517811 0.015111152 -0.052276380 -5.709381104 -0.014893874 0.999879003 0.004543654 -0.929422736 0.052338690 -0.003758322 0.998621702 78.706352234
0.999203622 0.020379154 -0.034290031 -5.724887848 -0.020220941 0.999783516 0.004954887 -0.935329080 0.034383561 -0.004257565 0.999399066 79.190620422
0.999744356 0.018930161 -0.012323814 -5.715193272 -0.018865217 0.999807894 0.005366024 -0.940566599 0.012423012 -0.005132161 0.999909103 79.667205811
0.999785304 0.015409949 0.013814014 -5.685758591 -0.015495339 0.999861598 0.006094975 -0.947323024 -0.013718186 -0.006307720 0.999885499 80.132575989
0.998968244 0.014253036 0.043107308 -5.641697407 -0.014588738 0.999865830 0.007482804 -0.955621243 -0.042994872 -0.008103964 0.999041975 80.584075928
0.997018576 0.013783064 0.075912766 -5.582610607 -0.014486104 0.999857306 0.008718183 -0.962375164 -0.075781763 -0.009791872 0.997075915 81.033164978
0.993434787 0.013973237 0.113538042 -5.509561062 -0.015085439 0.999846458 0.008942472 -0.965271294 -0.113395646 -0.010596534 0.993492961 81.480155945
0.987800777 0.014316784 0.155059323 -5.415833950 -0.015845705 0.999837518 0.008628599 -0.968302786 -0.154910564 -0.010980362 0.987867057 81.907920837
0.979690731 0.013989381 0.200022742 -5.299872875 -0.015984870 0.999837577 0.008364670 -0.975319386 -0.199873209 -0.011392130 0.979755104 82.327674866
0.968369305 0.016209424 0.248991564 -5.168347836 -0.018305982 0.999814153 0.006106811 -0.985541999 -0.248846263 -0.010471686 0.968485951 82.732902527
0.953175783 0.016819200 0.301946431 -5.010843754 -0.018651333 0.999821424 0.003185358 -0.996998847 -0.301838875 -0.008667912 0.953319073 83.122360229
0.933627784 0.017348932 0.357822239 -4.834034443 -0.018789520 0.999823689 0.000549290 -1.001248956 -0.357749552 -0.007236144 0.933789074 83.491142273
0.909729123 0.017925860 0.414813578 -4.633647919 -0.019056275 0.999817789 -0.001413993 -1.010200381 -0.414763272 -0.006618454 0.909904838 83.839988708
0.880864859 0.017763913 0.473033011 -4.421775818 -0.018596034 0.999823153 -0.002917715 -1.025524974 -0.473001152 -0.006226428 0.881039321 84.164955139
0.847593307 0.016004287 0.530403793 -4.183387756 -0.015883379 0.999862731 -0.004787752 -1.040974975 -0.530407548 -0.004366541 0.847731054 84.471473694
0.810927451 0.015955249 0.584928095 -3.921509743 -0.014877153 0.999867558 -0.006648412 -1.048282385 -0.584956646 -0.003310688 0.811057329 84.765617371
0.771454811 0.014706447 0.636113107 -3.645036697 -0.014075072 0.999882996 -0.006046790 -1.059024692 -0.636127591 -0.004288516 0.771571517 85.033119202
0.729180694 0.014234542 0.684172213 -3.355998993 -0.015431651 0.999871790 -0.004356000 -1.066970706 -0.684146523 -0.007381598 0.729306757 85.280014038
0.684191704 0.013440600 0.729177475 -3.051177502 -0.014580200 0.999882817 -0.004749695 -1.070468783 -0.729155779 -0.007381855 0.684307337 85.510620117
0.637818754 0.012508601 0.770084083 -2.733326197 -0.011316526 0.999912798 -0.006868881 -1.075071573 -0.770102680 -0.004333578 0.637904525 85.717941284
0.591234684 0.010215278 0.806434095 -2.406668425 -0.005551380 0.999948025 -0.008596582 -1.080598235 -0.806479871 0.000605770 0.591260493 85.898803711
0.544668376 0.012327580 0.838560104 -2.075004339 -0.007360080 0.999924123 -0.009919194 -1.090420842 -0.838618577 -0.000769203 0.544717669 86.070152283
0.497347802 0.015486687 0.867412210 -1.738049507 -0.011102553 0.999872804 -0.011485757 -1.097595692 -0.867479563 -0.003918077 0.497456342 86.232841492
0.451968133 0.017722601 0.891857207 -1.398236513 -0.012081986 0.999832988 -0.013745436 -1.108756661 -0.891951621 -0.004562911 0.452106595 86.370208740
0.409893066 0.015312365 0.912004232 -1.046427250 -0.004615947 0.999881506 -0.014713206 -1.116454244 -0.912121236 0.001821073 0.409915030 86.482139587
0.370537430 0.008194926 0.928780556 -0.681734264 0.010723245 0.999857128 -0.013100102 -1.118770719 -0.928754985 0.014813611 0.370396495 86.572402954
0.335233510 0.004743735 0.942122340 -0.318484247 0.015082923 0.999832571 -0.010401241 -1.124162197 -0.942013681 0.017696794 0.335105717 86.664527893
0.302052945 0.008878494 0.953249037 0.041444868 0.012607001 0.999832332 -0.013307108 -1.132956743 -0.953207135 0.016037052 0.301890314 86.760536194
0.270746022 0.016358623 0.962511063 0.405494422 0.001972208 0.999844432 -0.017547900 -1.149759054 -0.962648153 0.006649288 0.270671606 86.863281250
0.242391035 0.020576803 0.969959676 0.783781052 -0.002805584 0.999786079 -0.020508435 -1.171479464 -0.970173955 0.002249751 0.242396891 86.949844360
0.216790766 0.022259310 0.975963533 1.174608946 -0.001757015 0.999747694 -0.022411479 -1.189872026 -0.976215899 0.003143813 0.216775149 87.016418457
0.193483368 0.023665022 0.980817378 1.574381113 0.005704915 0.999665439 -0.025245175 -1.202373743 -0.981086373 0.010479993 0.193283588 87.069656372
0.173472300 0.030100143 0.984377861 1.982691050 0.012604862 0.999383509 -0.032780271 -1.203417063 -0.984757423 0.018094407 0.172985926 87.116172791
0.153662175 0.036855675 0.987435043 2.401472569 0.014544559 0.999111950 -0.039554894 -1.208116293 -0.988015711 0.020439887 0.152989656 87.168258667
0.135957479 0.037722405 0.989995420 2.836202383 0.012145699 0.999136746 -0.039738700 -1.223670363 -0.990639567 0.017426949 0.135381922 87.225822449
0.120457038 0.033297285 0.992159128 3.289605141 0.009958167 0.999346972 -0.034747511 -1.251922727 -0.992667973 0.014065660 0.120046780 87.277656555
0.105997615 0.030060945 0.993911088 3.757222176 0.010142552 0.999458730 -0.031310394 -1.275032401 -0.994314075 0.013399613 0.105635330 87.319229126
0.092772245 0.027597731 0.995303988 4.243240356 0.012546278 0.999504566 -0.028883629 -1.296080947 -0.995607734 0.015166951 0.092380017 87.355598450
0.081155598 0.026857091 0.996338665 4.740500450 0.016154440 0.999470651 -0.028257342 -1.314772606 -0.996569932 0.018388525 0.080678761 87.385169983
0.071140096 0.027506335 0.997086108 5.252658367 0.019365314 0.999393702 -0.028951654 -1.331877589 -0.997277737 0.021368498 0.070564277 87.409278870
0.063283786 0.028110709 0.997598708 5.775222778 0.021378387 0.999336183 -0.029515812 -1.350228786 -0.997766018 0.023194911 0.062640801 87.437004089
0.057784460 0.028528659 0.997920513 6.324564457 0.023095712 0.999286413 -0.029905042 -1.368495345 -0.998061359 0.024775717 0.057084318 87.461891174
0.052245319 0.029611873 0.998194337 6.888298988 0.024387399 0.999224842 -0.030918861 -1.387567997 -0.998335958 0.025958713 0.051482648 87.486206055
0.046266213 0.030361237 0.998466849 7.466682434 0.024912078 0.999192536 -0.031537648 -1.407606244 -0.998618007 0.026332995 0.045472477 87.513465881
0.041918699 0.030341126 0.998659372 8.062447548 0.027486047 0.999125957 -0.031509012 -1.431787372 -0.998742461 0.028770000 0.041048083 87.534286499
0.039098457 0.030323576 0.998774290 8.682401657 0.028938938 0.999086261 -0.031465888 -1.455011368 -0.998815835 0.030133719 0.038185179 87.554512024
0.036085654 0.029902754 0.998900354 9.320017815 0.029920081 0.999072254 -0.030988758 -1.478531241 -0.998900354 0.031005412 0.035157468 87.575309753
0.033806752 0.029309604 0.998997688 9.976010323 0.032170843 0.999020457 -0.030398939 -1.501467824 -0.998910129 0.033166267 0.032830708 87.592628479
0.033166949 0.028958719 0.999029398 10.643193245 0.036430027 0.998881340 -0.030163860 -1.524859667 -0.998785257 0.037395090 0.032074865 87.609443665
0.034205496 0.028654229 0.999003172 11.333398819 0.039598171 0.998765588 -0.030003225 -1.548337460 -0.998629630 0.040584952 0.033028603 87.627563477
0.036639411 0.028608434 0.998918176 12.040971756 0.041280784 0.998694062 -0.030116143 -1.571961164 -0.998475134 0.042339545 0.035410568 87.650711060
0.040564954 0.028538035 0.998768449 12.765258789 0.043703258 0.998585165 -0.030307790 -1.597400546 -0.998220205 0.044878848 0.039260343 87.677970886
0.044926293 0.028134424 0.998593211 13.499435425 0.044016447 0.998577237 -0.030114243 -1.624006987 -0.998019636 0.045307428 0.043623980 87.711662292
0.048955638 0.026452247 0.998449743 14.252412796 0.045574259 0.998549342 -0.028689455 -1.650557399 -0.997760117 0.046908103 0.047679063 87.748054504
0.052926965 0.024845691 0.998288333 14.996078491 0.045387723 0.998597860 -0.027259735 -1.679524064 -0.997565806 0.046752788 0.051725049 87.790092468
0.057104368 0.022781642 0.998107314 15.769642830 0.042293116 0.998787344 -0.025216853 -1.705235600 -0.997471452 0.043653041 0.056071598 87.840393066
0.061209578 0.021677891 0.997888505 16.563995361 0.041686930 0.998836637 -0.024255514 -1.731111169 -0.997253478 0.043083560 0.060234666 87.892456055
0.065347783 0.022699250 0.997603357 17.355152130 0.039060939 0.998917103 -0.025287813 -1.759049296 -0.997097194 0.040619809 0.064390361 87.950401306
0.068440773 0.026736256 0.997295916 18.139455795 0.036936823 0.998887897 -0.029313764 -1.790530801 -0.996970654 0.038843185 0.067377105 88.007751465
0.069744840 0.032177817 0.997044861 18.922838211 0.030979935 0.998928070 -0.034405679 -1.820410728 -0.997083187 0.033287983 0.068673208 88.072807312
0.069742978 0.035323255 0.996938467 19.719923019 0.028480735 0.998895407 -0.037385009 -1.853405118 -0.997157872 0.031000860 0.068659902 88.128761292
0.070040971 0.034887571 0.996932924 20.519805908 0.026451340 0.998972297 -0.036817301 -1.890094280 -0.997192860 0.028948909 0.069046162 88.187545776
0.070227556 0.033337887 0.996972799 21.331789017 0.023950137 0.999097347 -0.035095979 -1.927348375 -0.997242928 0.026342321 0.069365717 88.247413635
0.070118546 0.032155260 0.997019291 22.147918701 0.024967428 0.999111056 -0.033978615 -1.964465976 -0.997225642 0.027275521 0.069253378 88.305671692
0.070570327 0.031662252 0.997003198 22.953783035 0.022448374 0.999193013 -0.033320721 -2.002403021 -0.997253597 0.024732538 0.069802612 88.366607666
0.070759796 0.032068286 0.996976793 23.761461258 0.020829728 0.999218047 -0.033618733 -2.041244268 -0.997275293 0.023145592 0.070036493 88.427742004
0.070791483 0.032720249 0.996953368 24.570587158 0.017876951 0.999260068 -0.034065340 -2.081509352 -0.997330368 0.020234002 0.070154168 88.493309021
0.069626100 0.034143239 0.996987700 25.379135132 0.015196507 0.999262214 -0.035282381 -2.119700909 -0.997456789 0.017607285 0.069055878 88.556861877
0.066740073 0.033885542 0.997193873 26.191896439 0.012466459 0.999317169 -0.034792025 -2.157038450 -0.997691870 0.014753477 0.066272080 88.620201111
0.062719002 0.032769807 0.997492075 26.996620178 0.010128175 0.999388814 -0.033468917 -2.193660021 -0.997979164 0.012201890 0.062348772 88.679107666
0.057702299 0.030465752 0.997867882 27.806486130 0.008263988 0.999485791 -0.030992996 -2.229194641 -0.998298943 0.010034714 0.057420861 88.737716675
0.051223148 0.028628234 0.998275876 28.624458313 0.006612236 0.999557793 -0.029004259 -2.265103579 -0.998664677 0.008086503 0.051011205 88.794242859
0.043877866 0.028872551 0.998618662 29.428007126 0.006524936 0.999553084 -0.029186245 -2.301202059 -0.999014974 0.007796530 0.043669872 88.830711365
0.035302792 0.029937696 0.998927236 30.225292206 0.006373304 0.999524534 -0.030180814 -2.337073088 -0.999355793 0.007431911 0.035095211 88.858245850
0.025428452 0.030505801 0.999210179 31.026466370 0.007468761 0.999500990 -0.030704729 -2.368601322 -0.999648213 0.008243613 0.025187928 88.879165649
0.015090147 0.029557388 0.999448299 31.829900742 0.009019333 0.999518692 -0.029695632 -2.402650118 -0.999844909 0.009462446 0.014816303 88.894767761
0.004193734 0.028476417 0.999584854 32.630130768 0.008273313 0.999559700 -0.028510394 -2.437885761 -0.999956429 0.008389420 0.003956301 88.901054382
-0.006678139 0.027978528 0.999585390 33.411674500 0.010274462 0.999558151 -0.027909104 -2.465179682 -0.999924362 0.010083797 -0.006962643 88.888534546
-0.017679695 0.028498188 0.999436617 34.193607330 0.010989301 0.999539375 -0.028306700 -2.493173122 -0.999782741 0.010482632 -0.017984714 88.875724792
-0.028670795 0.029008770 0.999167085 34.976497650 0.011211241 0.999525785 -0.028697463 -2.530188084 -0.999525487 0.010379098 -0.028982408 88.850883484
-0.039254829 0.030167913 0.998772919 35.746765137 0.010725119 0.999499798 -0.029768322 -2.563656807 -0.999171078 0.009543384 -0.039558731 88.821296692
-0.049407408 0.031021086 0.998296022 36.511119843 0.011653317 0.999467909 -0.030480744 -2.601297140 -0.998710155 0.010127462 -0.049742602 88.778938293
-0.058924448 0.031717729 0.997757554 37.278903961 0.012573104 0.999439895 -0.031028664 -2.636126757 -0.998182714 0.010716541 -0.059290215 88.731834412
-0.068611085 0.032294296 0.997119784 38.029079437 0.013715904 0.999412537 -0.031424753 -2.667351484 -0.997548640 0.011520291 -0.069013700 88.679176331
-0.077947371 0.032743637 0.996418774 38.772201538 0.014591208 0.999391437 -0.031699870 -2.701604843 -0.996850133 0.012068009 -0.078377679 88.619262695
-0.086425200 0.032354228 0.995732009 39.501285553 0.016025351 0.999388874 -0.031082103 -2.733475685 -0.996128857 0.013270656 -0.086890846 88.548965454
-0.093764812 0.031341545 0.995100081 40.232311249 0.017913835 0.999396205 -0.029788880 -2.766076565 -0.995432615 0.015032887 -0.094269626 88.478507996
-0.098888300 0.029687332 0.994654715 40.949096680 0.020652922 0.999401331 -0.027775681 -2.800161839 -0.994883597 0.017795814 -0.099442214 88.402275085
-0.102583714 0.027963853 0.994330406 41.643672943 0.023429297 0.999395907 -0.025689129 -2.833799362 -0.994447827 0.020661151 -0.103176907 88.323661804
-0.105161548 0.026975125 0.994088352 42.356163025 0.025200309 0.999383807 -0.024452941 -2.860898972 -0.994135141 0.022479799 -0.105776526 88.244995117
-0.107037626 0.026185555 0.993909180 43.045017242 0.025177604 0.999404430 -0.023618851 -2.889821291 -0.993935466 0.022496119 -0.107633159 88.174980164
-0.107759967 0.026623897 0.993819475 43.701045990 0.026058208 0.999374032 -0.023947190 -2.918323755 -0.993834674 0.023316581 -0.108386278 88.104644775
-0.106986314 0.027595252 0.993876576 44.358520508 0.026635243 0.999336004 -0.024879659 -2.948014498 -0.993902922 0.023810336 -0.107650287 88.036895752
-0.103882283 0.029330552 0.994156122 44.985279083 0.027749877 0.999261856 -0.026581509 -2.974675894 -0.994201720 0.024826337 -0.104619533 87.970932007
-0.098715089 0.029878357 0.994666159 45.602916718 0.027928986 0.999239028 -0.027243910 -3.001226187 -0.994723022 0.025090611 -0.099474452 87.913986206
-0.090831243 0.030577464 0.995395839 46.206005096 0.027201608 0.999232173 -0.028213117 -3.029097080 -0.995494008 0.024513714 -0.091593266 87.868118286
-0.079865500 0.030449517 0.996339560 46.783782959 0.025831537 0.999261320 -0.028468169 -3.060014486 -0.996470213 0.023463337 -0.080593064 87.834152222
-0.066196397 0.030526876 0.997338653 47.336109161 0.024635086 0.999277592 -0.028951110 -3.092941523 -0.997501791 0.022653043 -0.066900611 87.807662964
-0.049141102 0.031788979 0.998284996 47.879405975 0.023508053 0.999253750 -0.030662622 -3.122752666 -0.998514533 0.021960922 -0.049851730 87.796043396
-0.028046032 0.034419786 0.999013066 48.411804199 0.021755701 0.999191701 -0.033815172 -3.149336338 -0.999369264 0.020785827 -0.028772198 87.798141479
-0.003438177 0.037599340 0.999286175 48.919284821 0.019818274 0.999099612 -0.037524126 -3.173726082 -0.999797106 0.019675093 -0.004180251 87.813301086
0.024603879 0.039257169 0.998925388 49.439170837 0.017567448 0.999057829 -0.039695058 -3.202373028 -0.999542356 0.018525202 0.023891028 87.849273682
0.057586621 0.038349014 0.997602880 49.947872162 0.014948189 0.999117255 -0.039270103 -3.234779596 -0.998228014 0.017173771 0.056962512 87.900444031
0.095531859 0.035654493 0.994786799 50.456233978 0.013596831 0.999218762 -0.037119068 -3.264671803 -0.995332897 0.017071983 0.094972402 87.970581055
0.137370855 0.031835206 0.990007162 50.955818176 0.011158309 0.999370635 -0.033684593 -3.292675972 -0.990456223 0.015674070 0.136929125 88.066833496
0.182841405 0.027389761 0.982760012 51.444454193 0.008438982 0.999531686 -0.029427249 -3.320868015 -0.983105600 0.013673996 0.182524577 88.181869507
0.230742663 0.024197195 0.972713113 51.925029755 0.003480960 0.999664187 -0.025693364 -3.345571041 -0.973007977 0.009314514 0.230580881 88.331550598
0.282060385 0.022800082 0.959124863 52.389884949 -0.000724599 0.999722719 -0.023552071 -3.367168188 -0.959395766 0.005948109 0.281998634 88.503753662
0.336230993 0.022766644 0.941503525 52.836521149 -0.002030203 0.999723315 -0.023449438 -3.382532597 -0.941776812 0.005972967 0.336184084 88.702850342
0.393861890 0.023148874 0.918877304 53.272872925 -0.000836345 0.999691784 -0.024826314 -3.403316736 -0.919168711 0.009009622 0.393759757 88.924057007
0.453472465 0.026309213 0.890881121 53.680000305 -0.000409858 0.999570608 -0.029310377 -3.424759150 -0.891269624 0.012926294 0.453288436 89.169120789
0.513112545 0.027008498 0.857895494 54.065429688 0.001591670 0.999473453 -0.032417689 -3.463426352 -0.858319223 0.017999388 0.512799323 89.435340881
0.570999444 0.030631246 0.820377946 54.430522919 -0.002453987 0.999363184 -0.035606176 -3.485383987 -0.820946157 0.018317889 0.570710957 89.736457825
0.626689613 0.032456551 0.778591871 54.772312164 -0.005465218 0.999291003 -0.037257709 -3.508996725 -0.779249132 0.019093825 0.626422644 90.062911987
0.679590583 0.032927226 0.732851267 55.090923309 -0.006939162 0.999236286 -0.038461134 -3.526634455 -0.733557940 0.021052433 0.679300010 90.405113220
0.728174627 0.030733308 0.684701145 55.369510651 -0.007298287 0.999285519 -0.037091982 -3.546574116 -0.685351849 0.022012278 0.727878630 90.756156921
0.773229599 0.026777176 0.633559346 55.633560181 -0.008945717 0.999469578 -0.031324420 -3.566157341 -0.634061992 0.018553313 0.773058951 91.141296387
0.814365625 0.021837769 0.579939842 55.874324799 -0.009556644 0.999661267 -0.024222802 -3.579755545 -0.580272317 0.014183924 0.814298391 91.545974731
0.850448072 0.019391812 0.525700033 56.084854126 -0.011785900 0.999772251 -0.017812626 -3.591503143 -0.525925696 0.008952851 0.850482881 91.969596863
0.881304324 0.015858814 0.472281367 56.278583527 -0.012354674 0.999868751 -0.010520220 -3.602790594 -0.472386241 0.003436619 0.881384432 92.413154602
0.906515896 0.016436676 0.421849817 56.429790497 -0.015862921 0.999862731 -0.004870048 -3.618329763 -0.421871990 -0.002277007 0.906652033 92.845291138
0.926422119 0.018151101 0.376046598 56.571399689 -0.019161223 0.999816239 -0.001054085 -3.632474184 -0.375996649 -0.006228996 0.926599562 93.296890259
0.941440642 0.024199944 0.336306959 56.684673309 -0.026333408 0.999651968 0.001783543 -3.643874884 -0.336146772 -0.010535220 0.941750169 93.750007629
0.953099668 0.028751314 0.301285297 56.789798737 -0.030424189 0.999537051 0.000860581 -3.646181107 -0.301121116 -0.009986593 0.953533113 94.203636169
0.962253869 0.030532904 0.270432562 56.897415161 -0.032019850 0.999487042 0.001087084 -3.648010254 -0.270260662 -0.009705274 0.962737799 94.667594910
0.968330145 0.025259590 0.248389333 57.016674042 -0.026459001 0.999649227 0.001490885 -3.653850794 -0.248264551 -0.008015815 0.968658626 95.136978149
0.972268462 0.022602472 0.232769921 57.125389099 -0.023773722 0.999715328 0.002227104 -3.661530972 -0.232653335 -0.007699162 0.972528756 95.621078491
0.975108743 0.026902994 0.220086083 57.217510223 -0.028010720 0.999606192 0.001913318 -3.665661573 -0.219947964 -0.008030475 0.975478053 96.112533569
0.977057815 0.032333028 0.210502580 57.305557251 -0.033575602 0.999433875 0.002330519 -3.664287567 -0.210308090 -0.009344815 0.977590024 96.613479614
0.978035212 0.040153231 0.204532534 57.392436981 -0.041229863 0.999149561 0.001003132 -3.666231155 -0.204318345 -0.009413960 0.978858769 97.127929688
0.978394747 0.045815524 0.201601997 57.486904144 -0.046228684 0.998927712 -0.002661134 -3.670339584 -0.201507777 -0.006716171 0.979463398 97.650833130
0.978516459 0.047095563 0.200714216 57.591392517 -0.047031783 0.998880863 -0.005089186 -3.682039022 -0.200729281 -0.004460110 0.979636133 98.176116943
0.978081703 0.045728896 0.203134477 57.706218719 -0.044909511 0.998954117 -0.008643943 -3.691459417 -0.203317299 -0.000668203 0.979112208 98.705833435
0.977363408 0.044022288 0.206933588 57.824165344 -0.041778322 0.999011636 -0.015203754 -3.696544170 -0.207398385 0.006214238 0.978236377 99.250823975
0.976460874 0.044559542 0.211038500 57.944355011 -0.041272346 0.998949051 -0.019957846 -3.704082489 -0.211706027 0.010777986 0.977273464 99.799858093
0.975275755 0.049350135 0.215407580 58.063240051 -0.046230305 0.998740852 -0.019501127 -3.717087984 -0.216098741 0.009060603 0.976329029 100.375785828
0.973852336 0.052297704 0.221077338 58.188987732 -0.050094344 0.998623550 -0.015565677 -3.729894400 -0.221587121 0.004083931 0.975131571 100.966804504
0.972947598 0.049088210 0.225747690 58.330043793 -0.047833744 0.998794854 -0.011026977 -3.742142200 -0.226016954 -0.000069702 0.974122941 101.569961548
0.972274363 0.044578910 0.229551360 58.478977203 -0.044511922 0.998994291 -0.005472670 -3.754427910 -0.229564488 -0.004896850 0.973280728 102.177055359
0.971502006 0.041962139 0.233284608 58.626911163 -0.042931784 0.999078035 -0.000922147 -3.764260769 -0.233108252 -0.009119471 0.972407639 102.798095703
0.970965922 0.037386283 0.236275360 58.779731750 -0.038395833 0.999262989 -0.000328735 -3.770939827 -0.236113548 -0.008752814 0.971685648 103.426673889
0.971052289 0.033973064 0.236435682 58.942859650 -0.034136191 0.999411821 -0.003404921 -3.779808521 -0.236412331 -0.004764673 0.971640706 104.066757202
0.971176445 0.033228494 0.236031264 59.102592468 -0.031669766 0.999444723 -0.010393133 -3.791738749 -0.236245617 0.002618494 0.971689463 104.717033386
0.971300781 0.035537995 0.235181659 59.257556915 -0.032436755 0.999328792 -0.017043386 -3.802140474 -0.235629573 0.008925706 0.971801579 105.373458862
0.971824825 0.038474534 0.232539862 59.408123016 -0.034574673 0.999185443 -0.020825097 -3.811666965 -0.233151749 0.012198340 0.972363472 106.040824890
0.972460628 0.036824089 0.230136767 59.571792603 -0.033914622 0.999287426 -0.016586721 -3.823892832 -0.230583638 0.008324915 0.973016500 106.734977722
0.972887158 0.032849502 0.228932649 59.733261108 -0.031614795 0.999459386 -0.009059935 -3.839983702 -0.229106575 0.001576620 0.973399639 107.436607361
0.973467827 0.033171084 0.226403892 59.895160675 -0.033328917 0.999439836 -0.003126590 -3.857376099 -0.226380855 -0.004502177 0.974028051 108.150924683
0.973745048 0.036415912 0.224706709 60.050125122 -0.036519587 0.999326348 -0.003696405 -3.873100281 -0.224690020 -0.004606856 0.974418998 108.875640869
0.973989487 0.042314433 0.222603962 60.199993134 -0.041510466 0.999103904 -0.008291607 -3.883349895 -0.222755402 -0.001164473 0.974873304 109.605110168
0.974823773 0.043248933 0.218738839 60.357078552 -0.041278880 0.999055743 -0.013570740 -3.894253016 -0.219119295 0.004199769 0.975688636 110.345672607
0.975738287 0.042052884 0.214860246 60.516845703 -0.039452508 0.999087393 -0.016378891 -3.906319857 -0.215353042 0.007504718 0.976507008 111.097290039
0.976639688 0.040013336 0.211121768 60.676418304 -0.037725437 0.999177933 -0.014855275 -3.922749996 -0.211542711 0.006543574 0.977346361 111.864135742
0.977498710 0.036366433 0.207779631 60.840427399 -0.034449700 0.999324143 -0.012837201 -3.939749718 -0.208106160 0.005390386 0.978090882 112.645233154
0.977907360 0.035250135 0.206041858 61.003948212 -0.033898301 0.999374568 -0.010088615 -3.959170818 -0.206268743 0.002881246 0.978490651 113.435043335
0.978291512 0.031927984 0.204755977 61.172996521 -0.031009356 0.999489665 -0.007694476 -3.975306273 -0.204897285 0.001178074 0.978782237 114.218132019
0.978518248 0.026687603 0.204422235 61.342666626 -0.025904071 0.999643385 -0.006508449 -3.986171484 -0.204523191 0.001073253 0.978860557 115.018455505
0.978631616 0.027660036 0.203749150 61.501522064 -0.027220275 0.999617279 -0.004961092 -4.000211239 -0.203808546 -0.000691042 0.979009986 115.811477661
0.978363097 0.033217400 0.204207823 61.656223297 -0.032477461 0.999448240 -0.006974804 -4.013894558 -0.204326972 0.000191724 0.978902161 116.617813110
0.978050232 0.039018661 0.204680115 61.816574097 -0.037718590 0.999235928 -0.010250910 -4.030448914 -0.204923853 0.002305643 0.978774667 117.421897888
0.977477431 0.047932681 0.205521300 61.976703644 -0.046487987 0.998848617 -0.011855308 -4.047033787 -0.205853090 0.002034006 0.978580296 118.244949341
0.976521909 0.053933837 0.208553702 62.132930756 -0.052764084 0.998544574 -0.011172378 -4.064824581 -0.208852902 -0.000094093 0.977946579 119.070327759
0.975740254 0.056676507 0.211464703 62.300369263 -0.056016777 0.998388231 -0.009114159 -4.088599205 -0.211640611 -0.002952539 0.977342546 119.903984070
0.975157976 0.057188414 0.213997766 62.482288361 -0.056392808 0.998360336 -0.009826004 -4.110122681 -0.214209005 -0.002486049 0.976784110 120.744644165
0.974856615 0.055678830 0.215761647 62.664184570 -0.054256462 0.998448610 -0.012514643 -4.129630566 -0.216123909 0.000493501 0.976365268 121.563461304
0.974843562 0.049773991 0.217258319 62.853057861 -0.048490394 0.998760402 -0.011238906 -4.150153637 -0.217548579 0.000421216 0.976048887 122.403030396
0.975080431 0.043261532 0.217589408 63.036933899 -0.041499138 0.999058306 -0.012665099 -4.172684669 -0.217932567 0.003319701 0.975957632 123.229751587
0.974839807 0.042559620 0.218802527 63.223011017 -0.040764738 0.999087989 -0.012713328 -4.197856903 -0.219144180 0.003474016 0.975685716 124.064094543
0.974265039 0.045280203 0.220806971 63.405094147 -0.044221394 0.998974383 -0.009738794 -4.217175961 -0.221021578 -0.000276240 0.975268304 124.915504456
0.973833323 0.047369603 0.222268164 63.579460144 -0.047641732 0.998855948 -0.004140479 -4.232639313 -0.222210109 -0.006557119 0.974976122 125.749282837
0.973467588 0.050777163 0.223116264 63.755130768 -0.052123189 0.998640656 0.000143878 -4.251192570 -0.222805753 -0.011769608 0.974791169 126.562927246
0.973255694 0.050174467 0.224174440 63.940620422 -0.050032746 0.998727620 -0.006316373 -4.268620014 -0.224206209 -0.005068632 0.974527895 127.394294739
0.973543227 0.046186030 0.223782763 64.127937317 -0.042676222 0.998878717 -0.020497970 -4.291532516 -0.224478647 0.010405447 0.974422812 128.200164795
