1.000000000 0.000000000 0.000000000 0.000000000 0.000000000 1.000000000 0.000000000 0.000000000 0.000000000 0.000000000 1.000000000 0.000000000
0.999990880 -0.002574668 -0.003409153 0.000098006 0.002567499 0.999994516 -0.002105686 -0.005746837 0.003414556 0.002096914 0.999991953 0.671490908
0.999970734 -0.001354127 -0.007526084 -0.009037138 0.001327187 0.999992728 -0.003583344 -0.011827379 0.007530882 0.003573251 0.999965191 1.353306174
0.999934137 -0.001347134 -0.011394963 -0.024735238 0.001289843 0.999986470 -0.005033602 -0.016526142 0.011401590 0.005018572 0.999922335 2.059413433
0.999869049 0.000095874 -0.016180752 -0.045016378 -0.000186858 0.999984086 -0.005621564 -0.023869717 0.016179956 0.005623851 0.999853194 2.785713434
0.999783576 -0.000957917 -0.020782147 -0.059156936 0.000834108 0.999981761 -0.005965299 -0.029980952 0.020787483 0.005946673 0.999766111 3.524996758
0.999679029 0.000877960 -0.025318148 -0.084458590 -0.001058885 0.999973893 -0.007133493 -0.041607488 0.025311224 0.007158012 0.999653876 4.279348373
0.999537349 0.003536006 -0.030208696 -0.113757506 -0.003769250 0.999963462 -0.007667637 -0.050810404 0.030180477 0.007777954 0.999514103 5.036833286
0.999397635 0.003756719 -0.034499653 -0.147115618 -0.003971220 0.999973178 -0.006151097 -0.057226587 0.034475617 0.006284397 0.999385655 5.809655190
0.999237120 0.003070394 -0.038931917 -0.182564333 -0.003207224 0.999988854 -0.003452641 -0.066952817 0.038920883 0.003574870 0.999235749 6.598835468
0.999095201 0.002550536 -0.042453203 -0.220354035 -0.002584966 0.999996364 -0.000756157 -0.080305949 0.042451121 0.000865212 0.999098003 7.412545204
0.998976469 0.004343292 -0.045024451 -0.264897227 -0.004406099 0.999989450 -0.001295819 -0.092097737 0.045018345 0.001492874 0.998984873 8.225906372
0.998870730 0.003837842 -0.047355469 -0.304875255 -0.003914015 0.999991179 -0.001515908 -0.101020388 0.047349226 0.001699545 0.998876810 9.048846245
0.998789370 0.000801477 -0.049185108 -0.342073321 -0.000904896 0.999997437 -0.002080415 -0.107842050 0.049183305 0.002122403 0.998787344 9.885975838
0.998670757 0.000780075 -0.051537339 -0.381777108 -0.000840916 0.999998987 -0.001158845 -0.118873499 0.051536370 0.001200642 0.998670220 10.721366882
0.998589098 -0.000578752 -0.053098254 -0.425481468 0.000507829 0.999998927 -0.001349173 -0.130526796 0.053098965 0.001320304 0.998588204 11.564166069
0.998490095 0.001825425 -0.054901358 -0.476972908 -0.002025307 0.999991477 -0.003585338 -0.144618094 0.054894332 0.003691116 0.998485208 12.419322014
0.998407304 0.002446839 -0.056362979 -0.527547896 -0.002800809 0.999976754 -0.006202055 -0.153839990 0.056346484 0.006350038 0.998390973 13.275053978
0.998287976 0.006499635 -0.058127202 -0.585748434 -0.006970068 0.999944508 -0.007894075 -0.163902909 0.058072656 0.008285711 0.998277903 14.146458626
0.998229027 0.007376998 -0.059027832 -0.643602371 -0.007836722 0.999940634 -0.007560550 -0.177670345 0.058968544 0.008009745 0.998227596 15.033547401
0.998149157 0.006809894 -0.060430519 -0.697700858 -0.007191658 0.999955475 -0.006102155 -0.191058233 0.060386263 0.006525455 0.998153687 15.908546448
0.998048067 0.007703725 -0.061973806 -0.754834175 -0.008010399 0.999956787 -0.004701502 -0.203360856 0.061934900 0.005188758 0.998066604 16.800971985
0.997995436 0.007579380 -0.062831029 -0.816670835 -0.007876195 0.999958873 -0.004477667 -0.220260069 0.062794507 0.004963560 0.998014033 17.706830978
0.997884214 0.007472136 -0.064585254 -0.876833141 -0.007835385 0.999954820 -0.005372855 -0.235392556 0.064542189 0.005867537 0.997897625 18.607133865
0.997825205 0.005897898 -0.065650463 -0.940118134 -0.006313577 0.999961317 -0.006126028 -0.248946473 0.065611787 0.006527194 0.997823775 19.509601593
0.997782826 0.005794195 -0.066300243 -1.001362443 -0.006103090 0.999971449 -0.004457437 -0.260084689 0.066272520 0.004852190 0.997789681 20.437877655
0.997768939 0.006973392 -0.066394612 -1.063174963 -0.007046514 0.999974728 -0.000867180 -0.277130306 0.066386886 0.001333095 0.997792959 21.345132828
0.997813880 0.007946556 -0.065605931 -1.127955317 -0.007774798 0.999965608 0.002872936 -0.288767785 0.065626502 -0.002356583 0.997841299 22.275964737
0.997924507 0.006611087 -0.064052783 -1.190194964 -0.006253489 0.999963701 0.005781765 -0.294910073 0.064088680 -0.005369212 0.997929573 23.206207275
0.998018026 0.006974859 -0.062539600 -1.255043626 -0.006580994 0.999957204 0.006501643 -0.302187324 0.062582269 -0.006077184 0.998021066 24.153984070
0.998107612 0.007421033 -0.061039854 -1.316646576 -0.007202383 0.999966800 0.003801367 -0.313293874 0.061066031 -0.003354542 0.998127878 25.088260651
0.998156786 0.008452011 -0.060093533 -1.379611611 -0.008521312 0.999963284 -0.000896998 -0.326879233 0.060083736 0.001407419 0.998192072 26.015731812
0.998241723 0.007685257 -0.058771595 -1.441601038 -0.007927839 0.999960959 -0.003895460 -0.337207794 0.058739357 0.004354541 0.998263597 26.944538116
0.998299062 0.005114095 -0.058073115 -1.493862271 -0.005283248 0.999982238 -0.002759585 -0.349302113 0.058057960 0.003061705 0.998308241 27.889230728
0.998291910 0.003362871 -0.058322769 -1.551911712 -0.003228926 0.999991894 0.002390713 -0.364938021 0.058330327 -0.002198309 0.998294592 28.864562988
0.998251021 -0.000414100 -0.059111916 -1.608736873 0.000760508 0.999982655 0.005837822 -0.376045525 0.059108462 -0.005872566 0.998233974 29.831293106
0.998164296 -0.007761783 -0.060060762 -1.665189147 0.008091674 0.999953508 0.005251318 -0.384043336 0.060017195 -0.005727668 0.998180628 30.784187317
0.998065472 -0.009595829 -0.061422732 -1.723688722 0.009699679 0.999952018 0.001392741 -0.392229378 0.061406408 -0.001985826 0.998110592 31.754720688
0.997988343 -0.009363485 -0.062698394 -1.791081071 0.009220395 0.999954164 -0.002571184 -0.403237492 0.062719584 0.001987909 0.998028874 32.726158142
0.997861326 -0.008082766 -0.064860910 -1.859851360 0.007902425 0.999964178 -0.003036534 -0.418057889 0.064883120 0.002517483 0.997889340 33.703815460
0.997819901 -0.008211181 -0.065478332 -1.924703836 0.008134205 0.999965847 -0.001442136 -0.435145408 0.065487936 0.000906379 0.997852564 34.684555054
0.997754097 -0.005224594 -0.066775069 -1.999424577 0.005336785 0.999984562 0.001501851 -0.451000065 0.066766195 -0.001854841 0.997766495 35.662395477
0.997691751 -0.005208009 -0.067701489 -2.070925236 0.005415261 0.999981105 0.002878086 -0.465225548 0.067685224 -0.003238062 0.997701049 36.645656586
0.997625887 -0.003984424 -0.068746857 -2.142385721 0.004372992 0.999975204 0.005502569 -0.473908693 0.068723224 -0.005790133 0.997618556 37.621017456
0.997646987 -0.004216567 -0.068426453 -2.216030121 0.004811384 0.999952018 0.008530321 -0.479702830 0.068387188 -0.008839473 0.997619271 38.611160278
0.997593105 0.001370306 -0.069323108 -2.288306475 -0.000610068 0.999939442 0.010986587 -0.486017644 0.069333948 -0.010917849 0.997533381 39.592147827
0.997598946 0.001562670 -0.069234438 -2.369657516 -0.000853270 0.999946833 0.010274744 -0.488187641 0.069246784 -0.010190996 0.997547150 40.588623047
0.997617245 0.001509776 -0.068970621 -2.449480057 -0.000916832 0.999962330 0.008627902 -0.491216362 0.068981014 -0.008544108 0.997581065 41.595691681
0.997606337 0.003718254 -0.069043919 -2.523971081 -0.003278500 0.999973655 0.006481438 -0.495889425 0.069066167 -0.006239563 0.997592211 42.566101074
0.997548461 0.003509059 -0.069885634 -2.595987320 -0.003059523 0.999974012 0.006538480 -0.502118707 0.069906726 -0.006308635 0.997533202 43.555103302
0.997470260 0.001311302 -0.071067691 -2.672575712 -0.000743989 0.999967694 0.008008599 -0.511865199 0.071075872 -0.007935466 0.997438967 44.539352417
0.997415483 0.001955028 -0.071816705 -2.746872902 -0.001311862 0.999958694 0.009001761 -0.518847585 0.071831301 -0.008884283 0.997376859 45.522098541
0.997396350 0.004493234 -0.071968041 -2.823390007 -0.004117144 0.999977112 0.005373324 -0.528731585 0.071990512 -0.005063032 0.997392058 46.488525391
0.997330725 0.005198065 -0.072824873 -2.902107477 -0.005118406 0.999986112 0.001280470 -0.537993491 0.072830491 -0.000904304 0.997343481 47.447956085
0.997271359 0.006057711 -0.073568188 -2.977023840 -0.006071659 0.999981582 0.000034106 -0.549263835 0.073567010 0.000412668 0.997289717 48.411956787
0.997262239 0.004734571 -0.073788263 -3.047197342 -0.004484920 0.999983668 0.003548720 -0.563294530 0.073803827 -0.003208071 0.997267127 49.383079529
0.997257888 0.002934513 -0.073940270 -3.119036674 -0.002440316 0.999974132 0.006773237 -0.576070487 0.073958196 -0.006574227 0.997239172 50.360691071
0.997217596 0.000928507 -0.074533619 -3.185405254 -0.000369327 0.999971807 0.007515849 -0.588056684 0.074538462 -0.007467409 0.997189641 51.315906525
0.997195244 -0.001943178 -0.074812576 -3.257037640 0.002426375 0.999976873 0.006368428 -0.600169718 0.074798442 -0.006532090 0.997176707 52.267963409
0.997162461 -0.004267592 -0.075151935 -3.327213526 0.004660445 0.999976456 0.005052852 -0.611160457 0.075128563 -0.005388756 0.997158766 53.214492798
0.997075915 -0.005854872 -0.076185234 -3.400839329 0.006348686 0.999960423 0.006241160 -0.620115697 0.076145649 -0.006706587 0.997073591 54.160953522
0.996977568 -0.008793634 -0.077183865 -3.472230434 0.009624011 0.999899685 0.010392995 -0.629564881 0.077084705 -0.011104400 0.996962130 55.101383209
0.996907592 -0.009678913 -0.077978007 -3.541667223 0.010922073 0.999819696 0.015531693 -0.636461675 0.077813596 -0.016335342 0.996833503 56.044101715
0.996870041 -0.007994992 -0.078645028 -3.617636681 0.009427728 0.999795973 0.017863326 -0.642352998 0.078486145 -0.018548859 0.996742070 56.986324310
0.996766686 -0.006816571 -0.080053799 -3.695806742 0.007949562 0.999872565 0.013842670 -0.644725323 0.079949223 -0.014434304 0.996693850 57.914302826
0.996656239 -0.005371933 -0.081525095 -3.772809744 0.005895742 0.999963462 0.006185743 -0.651397288 0.081488878 -0.006645710 0.996651530 58.828300476
0.996593118 -0.003798919 -0.082380481 -3.853528500 0.003927256 0.999991298 0.001395864 -0.657825649 0.082374461 -0.001714638 0.996599436 59.739196777
0.996513307 0.000796347 -0.083423384 -3.938500881 -0.000604211 0.999997079 0.002328372 -0.668462694 0.083424993 -0.002269848 0.996510983 60.642478943
0.996400416 0.003436650 -0.084694371 -4.022091866 -0.003045164 0.999984086 0.004751129 -0.681849897 0.084709346 -0.004476119 0.996395111 61.521591187
0.996314108 0.006075811 -0.085556716 -4.105114937 -0.005552240 0.999964416 0.006356246 -0.696306527 0.085592292 -0.005857787 0.996312499 62.419651031
0.996208966 0.006852915 -0.086713634 -4.181885242 -0.006345371 0.999961078 0.006127449 -0.706536949 0.086752243 -0.005553991 0.996213913 63.282844543
0.996044695 0.008287939 -0.088457145 -4.260520458 -0.007704999 0.999946296 0.006929576 -0.715283692 0.088509820 -0.006220608 0.996055365 64.140190125
0.995917618 0.009097892 -0.089798726 -4.340221882 -0.008445820 0.999935150 0.007638888 -0.726707876 0.089862384 -0.006849281 0.995930135 64.975807190
0.995795608 0.009162326 -0.091135584 -4.418442726 -0.008463142 0.999931753 0.008055512 -0.732762873 0.091203153 -0.007250352 0.995805383 65.796218872
0.995678365 0.009018245 -0.092421837 -4.494423866 -0.008206871 0.999924481 0.009155431 -0.740522146 0.092497393 -0.008357372 0.995677352 66.594970703
0.995523810 0.011792805 -0.093764082 -4.575900555 -0.010725463 0.999872029 0.011879187 -0.746700048 0.093892150 -0.010820353 0.995523036 67.380645752
0.995378971 0.013375814 -0.095080040 -4.655327320 -0.011910087 0.999801755 0.015966646 -0.751898050 0.095274732 -0.014760457 0.995341063 68.160934448
0.995168626 0.016548447 -0.096767366 -4.734899521 -0.014902249 0.999732316 0.017710134 -0.756700933 0.097034514 -0.016182525 0.995148897 68.924400330
0.994995892 0.019260954 -0.098032743 -4.816720009 -0.017998815 0.999743700 0.013743043 -0.764048338 0.098272301 -0.011909807 0.995087802 69.667678833
0.994864345 0.019456616 -0.099320732 -4.895164967 -0.018907990 0.999800444 0.006462355 -0.771753907 0.099426635 -0.004551217 0.995033979 70.393218994
0.994715929 0.018628625 -0.100952603 -4.964363575 -0.018652998 0.999825895 0.000702792 -0.777104735 0.100948103 0.001183985 0.994890451 71.091758728
0.994660020 0.019580264 -0.101322576 -5.040784836 -0.019729579 0.999805391 -0.000471475 -0.783702254 0.101293609 0.002468005 0.994852960 71.785430908
0.994521141 0.022371149 -0.102105454 -5.117434502 -0.022171490 0.999749601 0.003090234 -0.796351433 0.102149002 -0.000809478 0.994768202 72.453613281
0.994379640 0.022733619 -0.103395402 -5.191506386 -0.022291766 0.999736965 0.005427309 -0.811629415 0.103491575 -0.003091945 0.994624913 73.107147217
0.994350851 0.019562779 -0.104316644 -5.259891510 -0.019443914 0.999808788 0.002156565 -0.821538031 0.104338877 -0.000116064 0.994541228 73.745338440
0.994479418 0.011512457 -0.104290299 -5.315721035 -0.011879357 0.999925435 -0.002897467 -0.833457530 0.104249157 0.004120369 0.994542122 74.357238770
0.994616091 0.007582869 -0.103342332 -5.371360302 -0.008421399 0.999935269 -0.007680112 -0.844484627 0.103277393 0.008509046 0.994615674 74.949913025
0.994916499 0.010069379 -0.100190014 -5.435540199 -0.010915066 0.999909520 -0.007896129 -0.855097950 0.100101426 0.008949566 0.994936407 75.527687073
0.995259821 0.015236389 -0.096041918 -5.499182224 -0.015783995 0.999863505 -0.004944377 -0.867129207 0.095953465 0.006436860 0.995364428 76.092453003
0.995714784 0.013860828 -0.091423571 -5.546569824 -0.014087409 0.999899328 -0.001833323 -0.878679812 0.091388948 0.003113383 0.995809793 76.648605347
0.996269166 0.010263176 -0.085678056 -5.583055973 -0.010099917 0.999946535 0.002338872 -0.889654875 0.085697472 -0.001464809 0.996319532 77.192306519
0.996971011 0.006055557 -0.077526860 -5.612710476 -0.005624784 0.999967754 0.005773654 -0.903782785 0.077559307 -0.005320098 0.996972919 77.717590332
0.997712672 0.009748216 -0.066877514 -5.645965576 -0.009396520 0.999940574 0.005571474 -0.912022471 0.066927850 -0.004930318 0.997744977 78.233375549
0.998544753 0.014967037 -0.051793132 -5.674842358 -0.014722387 0.999878824 0.005102222 -0.919557512 0.051863223 -0.004332283 0.998644173 78.733619690
0.999221981 0.020259002 -0.033809528 -5.690499306 -0.020084316 0.999783397 0.005499110 -0.924451232 0.033913612 -0.004815795 0.999412596 79.221771240
0.999751687 0.018825408 -0.011845306 -5.680634022 -0.018756321 0.999806762 0.005918639 -0.929675400 0.011954436 -0.005694999 0.999911785 79.697113037
0.999779940 0.015299323 0.014286468 -5.650899410 -0.015395556 0.999859571 0.006649062 -0.936158836 -0.014182740 -0.006867551 0.999875307 80.162475586
0.998948872 0.014146728 0.043581136 -5.606698990 -0.014510328 0.999862611 0.008037575 -0.944106817 -0.043461457 -0.008661506 0.999017060 80.614356995
0.996981978 0.013780475 0.076390326 -5.547564983 -0.014524223 0.999852479 0.009188883 -0.949500442 -0.076252453 -0.010270664 0.997035146 81.064674377
0.993379653 0.013983333 0.114016734 -5.474263191 -0.015152634 0.999841213 0.009395123 -0.951842427 -0.113867275 -0.011060580 0.993433952 81.512817383
0.987725794 0.014330816 0.155534402 -5.380357742 -0.015936119 0.999831975 0.009079042 -0.954699934 -0.155378193 -0.011446221 0.987788320 81.940383911
0.979592562 0.014020339 0.200500369 -5.264304638 -0.016114017 0.999831557 0.008813896 -0.961350799 -0.200343043 -0.011864896 0.979653537 82.360168457
0.968246460 0.016239038 0.249466524 -5.132619858 -0.018455876 0.999808490 0.006549601 -0.971399546 -0.249312401 -0.010945754 0.968360841 82.765304565
0.952973187 0.016995009 0.302575111 -4.976614475 -0.018940164 0.999814749 0.003495354 -0.981361926 -0.302459657 -0.009061802 0.953118742 83.155212402
0.933393598 0.017470671 0.358426511 -4.799007893 -0.019068688 0.999817967 0.000923756 -0.986684561 -0.358345151 -0.007696952 0.933557093 83.524749756
0.909341156 0.018079361 0.415656388 -4.600269318 -0.019400602 0.999811471 -0.001044584 -0.995479524 -0.415596962 -0.007114102 0.909520686 83.875175476
0.880398691 0.017986067 0.473891497 -4.389279842 -0.019071534 0.999815166 -0.002515750 -1.011426449 -0.473849237 -0.006822975 0.880579174 84.199241638
0.846987784 0.015959969 0.531371295 -4.151906967 -0.016353684 0.999858618 -0.003963984 -1.031165957 -0.531359553 -0.005332432 0.847129226 84.506370544
0.810313940 0.015824877 0.585781038 -3.890265465 -0.015361441 0.999865592 -0.005761822 -1.038824081 -0.585793614 -0.004329556 0.810448289 84.798469543
0.770879030 0.014532249 0.636814654 -3.612496853 -0.014536586 0.999880910 -0.005220635 -1.049016953 -0.636814892 -0.005232634 0.770998597 85.064651489
0.728591919 0.014056986 0.684802711 -3.322795630 -0.015913604 0.999867082 -0.003593151 -1.056361198 -0.684762418 -0.008279741 0.728718936 85.311080933
0.683461130 0.013180871 0.729866862 -3.018234015 -0.015320567 0.999875903 -0.003710580 -1.063101172 -0.729825497 -0.008645941 0.683578432 85.543022156
0.637004673 0.012271099 0.770761251 -2.700332642 -0.012130225 0.999909222 -0.005894147 -1.067217946 -0.770763874 -0.005594911 0.637095928 85.750450134
0.590481699 0.009975664 0.806988358 -2.373143196 -0.006387664 0.999950230 -0.007687068 -1.072337389 -0.807025194 -0.000615699 0.590516210 85.930130005
0.543878853 0.012090570 0.839075685 -2.041082382 -0.008242521 0.999925137 -0.009065615 -1.081764936 -0.839122772 -0.001985505 0.543937922 86.101448059
0.496512592 0.015253036 0.867894650 -1.703925133 -0.012042745 0.999870598 -0.010682972 -1.088644028 -0.867945552 -0.005147606 0.496632159 86.264060974
0.451064348 0.017466441 0.892319679 -1.363880873 -0.013033642 0.999830961 -0.012982436 -1.099578381 -0.892395854 -0.005774264 0.451215863 86.401557922
0.408959717 0.015067747 0.912427187 -1.011772752 -0.005612403 0.999886513 -0.013996507 -1.107023954 -0.912534773 0.000603097 0.408997953 86.513290405
0.369531929 0.008000940 0.929182708 -0.648307383 0.009464616 0.999878824 -0.012373726 -1.109816313 -0.929169416 0.013366847 0.369411558 86.602905273
0.334150672 0.004582149 0.942507684 -0.284372836 0.013912391 0.999855459 -0.009793369 -1.114125609 -0.942416608 0.016385000 0.334038734 86.696128845
0.300957769 0.008715002 0.953596830 0.075667679 0.011415859 0.999853790 -0.012740629 -1.122729778 -0.953568757 0.014720520 0.300814390 86.791732788
0.269616127 0.016213788 0.962830544 0.439152062 0.000592130 0.999855399 -0.017003091 -1.139353871 -0.962967336 0.005154427 0.269567609 86.894477844
0.241247207 0.020432165 0.970247746 0.816066980 -0.004238843 0.999791145 -0.020000346 -1.160883784 -0.970454097 0.000712296 0.241283447 86.980323792
0.215666458 0.022099143 0.976216137 1.207850218 -0.003007549 0.999754369 -0.021967564 -1.178901553 -0.976462185 0.001801645 0.215679958 87.046905518
0.192353606 0.023513500 0.981043041 1.607896924 0.004454768 0.999681950 -0.024833683 -1.191219568 -0.981315255 0.009147167 0.192187682 87.099739075
0.172328055 0.029969621 0.984582782 2.016583920 0.011314871 0.999411166 -0.032401387 -1.191871166 -0.984974325 0.016724093 0.171887472 87.146316528
0.152505815 0.036733210 0.987618864 2.435540676 0.013217430 0.999144137 -0.039202884 -1.196465969 -0.988213897 0.019032447 0.151889756 87.198051453
0.134798288 0.037596248 0.990158737 2.870299816 0.010811702 0.999164939 -0.039410096 -1.211885333 -0.990813732 0.016017711 0.134279221 87.255119324
0.119296931 0.033166580 0.992303669 3.323741913 0.008621329 0.999369919 -0.034439236 -1.240064502 -0.992820799 0.012663468 0.118935794 87.306411743
0.104835570 0.029929446 0.994038224 3.791410685 0.008801362 0.999480247 -0.031021532 -1.263049364 -0.994450212 0.012001047 0.104517631 87.347473145
0.091644123 0.027473589 0.995411873 4.275784016 0.011177127 0.999528229 -0.028616244 -1.283702135 -0.995728612 0.013748353 0.091293782 87.381515503
0.080026269 0.026736669 0.996433198 4.773115158 0.014785637 0.999498606 -0.028006401 -1.302271247 -0.996682644 0.016974147 0.079590790 87.410552979
0.070009515 0.027389292 0.997169316 5.285302639 0.017994128 0.999425888 -0.028714616 -1.319271207 -0.997383535 0.019953491 0.069476441 87.434104919
0.062152375 0.027995739 0.997673035 5.807900906 0.020005422 0.999370992 -0.029289674 -1.337510943 -0.997865617 0.021779297 0.061553169 87.461265564
0.056637291 0.028384235 0.997990370 6.353716373 0.021639789 0.999326348 -0.029650323 -1.356651306 -0.998159766 0.023275618 0.055984858 87.485580444
0.051077835 0.029468469 0.998258948 6.916199684 0.022901258 0.999267459 -0.030670034 -1.375579357 -0.998431623 0.024427947 0.050365504 87.509803772
0.045097459 0.030215940 0.998524666 7.494301796 0.023408057 0.999236286 -0.031294689 -1.395594120 -0.998707771 0.024784835 0.044355676 87.536323547
0.040752817 0.030192880 0.998712122 8.089513779 0.025956644 0.999174237 -0.031266034 -1.419825077 -0.998831511 0.027197395 0.039935414 87.556457520
0.037932903 0.030178769 0.998823643 8.709527969 0.027404184 0.999136686 -0.031228984 -1.442884088 -0.998903930 0.028556552 0.037073091 87.575996399
0.034907520 0.029752498 0.998946726 9.347571373 0.028332409 0.999125719 -0.030747898 -1.466834307 -0.998988390 0.029375901 0.034033999 87.596473694
0.032601245 0.029151974 0.999042332 10.004513741 0.030560192 0.999078274 -0.030150287 -1.490080714 -0.999000669 0.031513866 0.031680264 87.614067078
0.031970803 0.028797528 0.999072969 10.672119141 0.034861080 0.998944700 -0.029909410 -1.513825059 -0.998880208 0.035785001 0.030933110 87.629798889
0.033009164 0.028496599 0.999047816 11.362297058 0.038030006 0.998833954 -0.029747039 -1.537144780 -0.998730779 0.038975731 0.031886909 87.647132874
0.035442911 0.028452907 0.998965681 12.069901466 0.039713360 0.998765171 -0.029856216 -1.560587406 -0.998581767 0.040730488 0.034269150 87.669471741
0.039368253 0.028385552 0.998820603 12.794225693 0.042137034 0.998660326 -0.030041823 -1.585835814 -0.998335361 0.043270044 0.038119398 87.695907593
0.043737296 0.027971895 0.998650491 13.528183937 0.042464610 0.998652756 -0.029831761 -1.612434387 -0.998139620 0.043712083 0.042490523 87.728675842
0.047766395 0.026290808 0.998511553 14.281089783 0.044021882 0.998627067 -0.028399756 -1.638788819 -0.997887433 0.045312934 0.046543416 87.764228821
0.051753823 0.024704561 0.998353362 15.033866882 0.043827396 0.998674870 -0.026984500 -1.667675972 -0.997697115 0.045151800 0.050602477 87.805686951
0.055932891 0.022637498 0.998176932 15.807499886 0.040705450 0.998860300 -0.024933932 -1.693204165 -0.997603834 0.042025890 0.054947644 87.855125427
0.060038861 0.021532746 0.997962773 16.601863861 0.040100195 0.998908460 -0.023965638 -1.718853951 -0.997389615 0.041457392 0.059109829 87.906295776
0.064189367 0.022549655 0.997681916 17.392194748 0.037502870 0.998984218 -0.024991972 -1.746426463 -0.997232199 0.039020173 0.063278459 87.962875366
0.067172252 0.026500490 0.997388303 18.162628174 0.035149559 0.998964131 -0.028909616 -1.780706763 -0.997121453 0.036999706 0.066171162 88.020843506
0.068552762 0.031879585 0.997136950 18.945640564 0.029181886 0.998997927 -0.033945326 -1.811642766 -0.997219980 0.031425405 0.067553736 88.082168579
0.068477958 0.035011671 0.997036994 19.749008179 0.026582168 0.998965561 -0.036905091 -1.846467376 -0.997297764 0.029030615 0.067476407 88.140396118
0.068678722 0.034600399 0.997037530 20.550432205 0.024466058 0.999039769 -0.036355168 -1.882454634 -0.997338116 0.026890429 0.067766204 88.200889587
0.068792455 0.032983683 0.997084439 21.361709595 0.021767598 0.999166131 -0.034554362 -1.921849728 -0.997392833 0.024081238 0.068017080 88.261413574
0.068584964 0.031811550 0.997136772 22.181659698 0.022776069 0.999181390 -0.033443350 -1.958653450 -0.997384608 0.025004592 0.067804247 88.323188782
0.069037676 0.031314619 0.997121274 22.987630844 0.020257134 0.999257505 -0.032784246 -1.996146917 -0.997407675 0.022462191 0.068352044 88.382972717
0.069226220 0.031716231 0.997095525 23.795085907 0.018633446 0.999279380 -0.033079375 -2.034593344 -0.997426271 0.020869307 0.068585314 88.442977905
0.069317423 0.032331165 0.997069418 24.601854324 0.015567333 0.999318302 -0.033486344 -2.075381279 -0.997472465 0.017842920 0.068766817 88.504119873
0.068276927 0.033772811 0.997093439 25.406597137 0.013051698 0.999311447 -0.034741662 -2.112581491 -0.997580290 0.015385837 0.067789070 88.563514709
0.065389127 0.033511385 0.997295797 26.219427109 0.010310715 0.999360263 -0.034256786 -2.149471521 -0.997805834 0.012522874 0.065001719 88.625892639
0.061349902 0.032389056 0.997589469 27.025522232 0.007888590 0.999426782 -0.032933839 -2.186170340 -0.998084366 0.009890082 0.061059184 88.684135437
0.056408472 0.030068588 0.997953713 27.836851120 0.005893806 0.999519348 -0.030448901 -2.222208500 -0.998389602 0.007599343 0.056204092 88.739120483
0.050057393 0.028029267 0.998351753 28.641328812 0.003741890 0.999594212 -0.028251765 -2.261204720 -0.998738587 0.005149954 0.049932145 88.784988403
0.042717364 0.028232854 0.998687029 29.443603516 0.003537537 0.999590456 -0.028409706 -2.297817469 -0.999080241 0.004746501 0.042599943 88.820106506
0.034101181 0.029239889 0.998989344 30.239974976 0.003347083 0.999563277 -0.029370943 -2.333239555 -0.999412119 0.004345304 0.033988364 88.846954346
0.024199771 0.029815413 0.999261200 31.042501450 0.004420188 0.999542475 -0.029930850 -2.364031076 -0.999696672 0.005141263 0.024056852 88.867942810
0.013870114 0.028870394 0.999485672 31.846021652 0.005982957 0.999563098 -0.028955651 -2.397465229 -0.999885201 0.006381521 0.013691262 88.882270813
0.003032383 0.027917685 0.999604404 32.646163940 0.005422850 0.999595404 -0.027933879 -2.430543423 -0.999980032 0.005505433 0.002879698 88.887451172
-0.007914445 0.027336983 0.999593675 33.427547455 0.007226106 0.999602020 -0.027279992 -2.460282326 -0.999941885 0.007007286 -0.008108903 88.875495911
-0.019013138 0.027869873 0.999429405 34.208305359 0.007791475 0.999585509 -0.027725995 -2.488108873 -0.999788165 0.007259894 -0.019222476 88.862609863
-0.029968683 0.028379070 0.999146581 34.985763550 0.007974165 0.999572217 -0.028151972 -2.525531054 -0.999518335 0.007123705 -0.030182233 88.835792542
-0.040629104 0.029623115 0.998733819 35.759838104 0.007592825 0.999541104 -0.029338172 -2.556700945 -0.999144673 0.006391249 -0.040835455 88.807785034
-0.050896816 0.030433768 0.998238802 36.527107239 0.008372215 0.999513865 -0.030045763 -2.594812870 -0.998668075 0.006828259 -0.051126938 88.766716003
-0.060410999 0.031139499 0.997686446 37.295639038 0.009303712 0.999487817 -0.030632365 -2.629186153 -0.998129487 0.007431679 -0.060669839 88.718513489
-0.070076980 0.031711359 0.997036159 38.045417786 0.010449261 0.999463499 -0.031054126 -2.660275936 -0.997486115 0.008242135 -0.070370816 88.664352417
-0.079281136 0.032023154 0.996336579 38.783958435 0.010983205 0.999451697 -0.031249309 -2.696904659 -0.996791065 0.008465510 -0.079589456 88.600357056
-0.087781414 0.031588681 0.995637596 39.511024475 0.012368584 0.999454975 -0.030619306 -2.729458809 -0.996062219 0.009626842 -0.088124372 88.531463623
-0.095091082 0.030575503 0.994997740 40.241592407 0.014241154 0.999468088 -0.029351858 -2.761815548 -0.995365918 0.011378839 -0.095476024 88.459495544
-0.100229144 0.028903678 0.994543254 40.960731506 0.016974168 0.999482572 -0.027336583 -2.795647860 -0.994818747 0.014141647 -0.100667991 88.382347107
-0.103919230 0.027198724 0.994212568 41.656169891 0.019821322 0.999484479 -0.025271140 -2.828827858 -0.994387388 0.017080475 -0.104404867 88.302688599
-0.106493287 0.026321976 0.993963718 42.368766785 0.021730391 0.999472797 -0.024139669 -2.853759766 -0.994075119 0.019028533 -0.107009217 88.223075867
-0.108380742 0.025458770 0.993782163 43.056373596 0.021644924 0.999495864 -0.023244569 -2.883854151 -0.993873000 0.018991100 -0.108877249 88.152503967
-0.109199107 0.025821829 0.993683159 43.714302063 0.022263939 0.999475658 -0.023525693 -2.914400101 -0.993769765 0.019554341 -0.109716840 88.084304810
-0.108450755 0.026771219 0.993740022 44.373237610 0.022805408 0.999441624 -0.024435973 -2.943982124 -0.993839443 0.020012571 -0.109000817 88.016021729
-0.105348125 0.028508056 0.994025469 44.999919891 0.023921560 0.999372780 -0.026126171 -2.970356464 -0.994146943 0.021026317 -0.105964094 87.949241638
-0.100152962 0.029055675 0.994546473 45.616085052 0.024157383 0.999350250 -0.026763314 -2.996700048 -0.994678080 0.021345234 -0.100789890 87.891273499
-0.092268117 0.029754374 0.995288312 46.219264984 0.023436412 0.999341786 -0.027702881 -3.024244308 -0.995457709 0.020769913 -0.092904806 87.844581604
-0.081283689 0.029677490 0.996247888 46.810367584 0.022093857 0.999364972 -0.027967712 -3.053095102 -0.996445537 0.019737655 -0.081887841 87.809143066
-0.067694329 0.029884098 0.997257292 47.369556427 0.021033915 0.999372244 -0.028519683 -3.083150864 -0.997483790 0.019045621 -0.068280488 87.783355713
-0.050641246 0.031144535 0.998230040 47.911453247 0.019936882 0.999346316 -0.030167943 -3.112096548 -0.998517275 0.018373869 -0.051229149 87.771133423
-0.029522385 0.033791155 0.998991668 48.444034576 0.018231096 0.999280691 -0.033262163 -3.138186693 -0.999397278 0.017230749 -0.030117277 87.772392273
-0.004873885 0.036909088 0.999305606 48.950447083 0.016297285 0.999189138 -0.036825299 -3.163096189 -0.999854684 0.016106501 -0.005471522 87.786361694
0.023272004 0.038613334 0.998982072 49.470737457 0.014163470 0.999141097 -0.038949430 -3.190477848 -0.999628186 0.015055498 0.022705050 87.820205688
0.056299359 0.037717927 0.997700095 49.981811523 0.011453931 0.999196291 -0.038420826 -3.221937180 -0.998347521 0.013590670 0.055822030 87.871002197
0.094341159 0.035113316 0.994919360 50.490207672 0.010143308 0.999292314 -0.036229465 -3.249276400 -0.995487571 0.013509717 0.093918175 87.939727783
0.136206239 0.031273514 0.990185618 50.989406586 0.007767785 0.999437451 -0.032634228 -3.276794910 -0.990649343 0.012136549 0.135886639 88.035026550
0.181936800 0.026834222 0.982942820 51.481277466 0.004760023 0.999592125 -0.028169800 -3.304385424 -0.983298004 0.009803968 0.181734800 88.148742676
0.229864180 0.023630831 0.972934604 51.961894989 -0.000171378 0.999706447 -0.024240585 -3.328540564 -0.973221958 0.005405316 0.229800701 88.297576904
0.281190693 0.022225875 0.959393322 52.427444458 -0.004301742 0.999751210 -0.021900026 -3.349345207 -0.959641516 0.002031035 0.281216323 88.469642639
0.335384727 0.022274476 0.941816688 52.874904633 -0.005603911 0.999750257 -0.021649063 -3.363113642 -0.942063808 0.001982922 0.335425794 88.668594360
0.392882794 0.022586733 0.919309855 53.308170319 -0.004354106 0.999733150 -0.022701873 -3.384780169 -0.919577360 0.004916418 0.392876327 88.890922546
0.452692658 0.025689466 0.891295135 53.717052460 -0.003748317 0.999631286 -0.026908211 -3.405456781 -0.891657770 0.008840309 0.452622056 89.134407043
0.511980355 0.027631491 0.858551204 54.105815887 -0.002135078 0.999520719 -0.030895218 -3.434855938 -0.858993530 0.013984687 0.511793971 89.405632019
0.570168138 0.030510351 0.820959747 54.469528198 -0.005632823 0.999432206 -0.033231065 -3.461822987 -0.821507692 0.014322989 0.570016265 89.700019836
0.625870824 0.032842793 0.779233336 54.811031342 -0.008954236 0.999350131 -0.034928240 -3.480606318 -0.779874206 0.014883144 0.625758231 90.027145386
0.678739250 0.033399023 0.733617783 55.127346039 -0.010345006 0.999301434 -0.035923507 -3.496132612 -0.734305263 0.016793430 0.678610623 90.369438171
0.727627158 0.032208066 0.685214460 55.404800415 -0.011356901 0.999326229 -0.034912825 -3.509137630 -0.685877442 0.017621621 0.727502704 90.716636658
0.772736847 0.028086612 0.634102821 55.667346954 -0.012724885 0.999505639 -0.028764630 -3.528897524 -0.634597361 0.014158619 0.772712231 91.098693848
0.813977003 0.022609998 0.580454767 55.910987854 -0.012734234 0.999696970 -0.021083070 -3.543421507 -0.580755711 0.009769502 0.814018309 91.504455566
0.850091636 0.020182259 0.526245594 56.122406006 -0.014773370 0.999786437 -0.014478466 -3.553272963 -0.526425600 0.004533616 0.850208223 91.928924561
0.880976021 0.016545717 0.472868860 56.314109802 -0.015112754 0.999862909 -0.006829527 -3.563122749 -0.472917229 -0.001129686 0.881105244 92.369064331
0.906250000 0.017074298 0.422394127 56.468849182 -0.018361812 0.999831319 -0.001020424 -3.576433420 -0.422340512 -0.006831147 0.906410635 92.805191040
0.926198781 0.018720029 0.376566976 56.611122131 -0.021408672 0.999766886 0.002955718 -3.588974237 -0.376424104 -0.010799366 0.926383674 93.256576538
0.941245496 0.024693443 0.336815149 56.726203918 -0.028326947 0.999581873 0.005877113 -3.597971201 -0.336529434 -0.015072738 0.941551507 93.712181091
0.952924132 0.029251710 0.301789880 56.831745148 -0.032273520 0.999466836 0.005030355 -3.598282337 -0.301482111 -0.014533357 0.953360260 94.165939331
0.962093771 0.031033421 0.270942152 56.939605713 -0.033733908 0.999417186 0.005314269 -3.598062754 -0.270619571 -0.014252753 0.962580085 94.629844666
0.968185484 0.025546266 0.248920619 57.053398132 -0.027862806 0.999595523 0.005786763 -3.602029324 -0.248672336 -0.012538276 0.968505740 95.100799561
0.972132087 0.022768695 0.233319417 57.160823822 -0.024989679 0.999666631 0.006566869 -3.608559370 -0.233092368 -0.012214431 0.972377062 95.582847595
0.974972725 0.027165629 0.220652089 57.254379272 -0.029269222 0.999552429 0.006268856 -3.610233068 -0.220383286 -0.012570269 0.975331545 96.074386597
0.976924896 0.032586221 0.211076155 57.343528748 -0.034781188 0.999373019 0.006693445 -3.606330395 -0.210725978 -0.013880463 0.977445841 96.575309753
0.977903783 0.040406302 0.205106512 57.430709839 -0.042408559 0.999086320 0.005373366 -3.605971575 -0.204702288 -0.013952899 0.978724062 97.089714050
0.978264093 0.046068653 0.202173680 57.525505066 -0.047393225 0.998875260 0.001712692 -3.607733250 -0.201867670 -0.011257121 0.979347348 97.612663269
0.978386164 0.047347236 0.201285243 57.630329132 -0.048189905 0.998838365 -0.000714842 -3.617061377 -0.201085523 -0.009000518 0.979531586 98.138046265
0.977943957 0.046011470 0.203728944 57.745052338 -0.046109278 0.998927712 -0.004269509 -3.624143124 -0.203707173 -0.005218445 0.979017198 98.667793274
0.977224231 0.044300847 0.207526401 57.863281250 -0.042986877 0.999017239 -0.010839461 -3.626603603 -0.207802892 0.001671684 0.978168547 99.212783813
0.976320744 0.044839092 0.211623088 57.984130859 -0.042499252 0.998975158 -0.015594805 -3.631873846 -0.212105736 0.006231720 0.977226079 99.761253357
0.975147724 0.049580947 0.215929881 58.104454041 -0.047440037 0.998760462 -0.015090217 -3.643363953 -0.216410682 0.004471478 0.976291418 100.331939697
0.973720491 0.052525800 0.221599877 58.230518341 -0.051328778 0.998619795 -0.011161574 -3.653499126 -0.221880570 -0.000506191 0.975072920 100.922943115
0.972822845 0.049416747 0.226209357 58.373138428 -0.049204886 0.998767376 -0.006578777 -3.664165497 -0.226255924 -0.004730615 0.974055588 101.525177002
0.972149372 0.044903871 0.230013445 58.522506714 -0.045897767 0.998945951 -0.001030525 -3.673666239 -0.229817554 -0.009555274 0.973186016 102.132637024
0.971370876 0.042319469 0.233761966 58.670616150 -0.044370044 0.999009371 0.003517453 -3.680705309 -0.233381808 -0.013788776 0.972286642 102.753837585
0.970844567 0.037672885 0.236724466 58.825374603 -0.039777681 0.999200404 0.004119571 -3.685472250 -0.236380264 -0.013415808 0.971567214 103.383018494
0.970932841 0.034255914 0.236881644 58.988780975 -0.035513543 0.999368966 0.001042621 -3.691424131 -0.236696750 -0.009424812 0.971537054 104.022895813
0.971057355 0.033517580 0.236476421 59.148780823 -0.033049375 0.999436319 -0.005944941 -3.700398684 -0.236542702 -0.002042506 0.971618176 104.673255920
0.971174598 0.035886377 0.235645950 59.303195953 -0.033872973 0.999347091 -0.012588233 -3.708153009 -0.235944182 0.004243358 0.971756577 105.330009460
0.971695960 0.038753483 0.233028129 59.453067780 -0.035937384 0.999221027 -0.016320243 -3.716753483 -0.233479410 0.007483910 0.972332180 105.998413086
0.972333133 0.037103835 0.230626523 59.616947174 -0.035268743 0.999305129 -0.012076125 -3.725863934 -0.230914667 0.003608124 0.972966552 106.692085266
0.972761095 0.033125293 0.229424521 59.778755188 -0.032961540 0.999446452 -0.004547237 -3.738706350 -0.229448512 -0.003138797 0.973314941 107.393669128
0.973342717 0.033441871 0.226897612 59.941013336 -0.034661107 0.999398351 0.001390026 -3.752800941 -0.226714939 -0.009217485 0.973916709 108.107978821
0.973613858 0.036770243 0.225213289 60.095703125 -0.037929464 0.999280274 0.000820912 -3.765026808 -0.225021333 -0.009341462 0.974308252 108.831314087
0.973856986 0.042674683 0.223110914 60.246086121 -0.042915471 0.999071717 -0.003771831 -3.771800995 -0.223065108 -0.005901677 0.974784911 109.561141968
0.974693298 0.043611974 0.219244316 60.403556824 -0.042667031 0.999048531 -0.009045651 -3.779266119 -0.219430566 -0.000537757 0.975627184 110.301666260
0.975621641 0.042361006 0.215325326 60.565574646 -0.040762618 0.999098599 -0.011860770 -3.786732197 -0.215634003 0.002794412 0.976469517 111.050445557
0.976525068 0.040306039 0.211592227 60.725433350 -0.039001454 0.999185801 -0.010337448 -3.799451828 -0.211836934 0.001842385 0.977302551 111.817977905
0.977386177 0.036664288 0.208252549 60.889644623 -0.035715859 0.999327540 -0.008314145 -3.812898159 -0.208417654 0.000688223 0.978038967 112.598640442
0.977788329 0.035556126 0.206550226 61.050788879 -0.035167824 0.999366105 -0.005552645 -3.828889132 -0.206617042 -0.001834601 0.978419483 113.387588501
0.978158355 0.032318935 0.205326483 61.218357086 -0.032343473 0.999471664 -0.003237903 -3.839634180 -0.205322966 -0.003473781 0.978687406 114.179031372
0.978377581 0.027203308 0.205023646 61.387699127 -0.027379088 0.999623239 -0.001980170 -3.848763943 -0.205000579 -0.003675996 0.978754222 114.979713440
0.978496432 0.028135935 0.204329446 61.547443390 -0.028652903 0.999589443 -0.000428852 -3.859216213 -0.204257935 -0.005434993 0.978901327 115.770126343
0.978234828 0.033654541 0.204746932 61.703750610 -0.033873204 0.999423325 -0.002438083 -3.869233847 -0.204711214 -0.004550409 0.978811204 116.572517395
0.977916479 0.039371017 0.205247432 61.863033295 -0.039019477 0.999221981 -0.005761826 -3.880608082 -0.205314904 -0.002374054 0.978692472 117.385093689
0.977338314 0.048296124 0.206093699 62.023239136 -0.047804542 0.998829722 -0.007367503 -3.893618107 -0.206208631 -0.002651666 0.978503883 118.209335327
0.976378322 0.054302447 0.209126458 62.179573059 -0.054102115 0.998513162 -0.006682942 -3.907521009 -0.209178746 -0.004789100 0.977865100 119.034019470
0.975595891 0.057015929 0.212036014 62.347377777 -0.057340357 0.998344064 -0.004624276 -3.927650452 -0.211948901 -0.007646795 0.977250218 119.867080688
0.975006878 0.057576913 0.214578405 62.529449463 -0.057779014 0.998315275 -0.005335996 -3.944818020 -0.214524463 -0.007195495 0.976691484 120.706542969
0.974714637 0.056002855 0.216315612 62.712287903 -0.055579137 0.998422027 -0.008046996 -3.959653854 -0.216425240 -0.004179109 0.976289630 121.523017883
0.974700511 0.050069716 0.217828944 62.900302887 -0.049789194 0.998736858 -0.006780215 -3.976099968 -0.217893600 -0.004236846 0.975962698 122.364967346
0.974995852 0.043488957 0.217920661 63.094638824 -0.042736452 0.999053180 -0.008167789 -3.996749640 -0.218069851 -0.001349590 0.975931585 123.186607361
0.974750996 0.042818204 0.219145209 63.279777527 -0.042041108 0.999082327 -0.008210599 -4.018202782 -0.219295979 -0.001209811 0.975656986 124.017768860
0.974172175 0.045554716 0.221157759 63.462028503 -0.045522701 0.998949707 -0.005244822 -4.033513546 -0.221164718 -0.004958334 0.975223243 124.869209290
0.973738611 0.047636978 0.222623616 63.636844635 -0.048941229 0.998801768 0.000341626 -4.044698715 -0.222340927 -0.011228127 0.974903703 125.702316284
0.973379016 0.050994109 0.223450631 63.813827515 -0.053375833 0.998563886 0.004627561 -4.059661388 -0.222894102 -0.016431239 0.974703550 126.516891479
0.973169088 0.050381433 0.224501342 64.000015259 -0.051278349 0.998682857 -0.001837749 -4.073129177 -0.224298567 -0.009723617 0.974471331 127.349128723
0.973458111 0.046398245 0.224106669 64.187599182 -0.043923229 0.998906672 -0.016019601 -4.092338085 -0.224605262 0.005750933 0.974432230 128.155029297
