1.000000000 0.000000000 0.000000000 0.000000000 0.000000000 1.000000000 0.000000000 0.000000000 0.000000000 0.000000000 1.000000000 0.000000000
0.999991298 -0.002533322 -0.003317832 -0.001310160 0.002526595 0.999994755 -0.002030063 -0.006163964 0.003322958 0.002021663 0.999992430 0.669800103
0.999971926 -0.001445374 -0.007349272 -0.013301629 0.001419841 0.999992967 -0.003478230 -0.012904394 0.007354247 0.003467698 0.999966919 1.349150300
0.999936044 -0.001438877 -0.011218510 -0.028868951 0.001383653 0.999986887 -0.004928769 -0.017531127 0.011225454 0.004912931 0.999924898 2.055244446
0.999872029 0.000058027 -0.015996926 -0.049194828 -0.000146171 0.999984801 -0.005508885 -0.025167208 0.015996359 0.005510517 0.999856889 2.779670715
0.999787629 -0.001028469 -0.020581931 -0.063872755 0.000908062 0.999982417 -0.005858640 -0.031040542 0.020587593 0.005838705 0.999771059 3.519598961
0.999682009 0.000927500 -0.025198089 -0.085856535 -0.001104486 0.999974787 -0.007010755 -0.043403331 0.025190949 0.007036355 0.999657929 4.274768829
0.999540865 0.003601682 -0.030082414 -0.115249038 -0.003830603 0.999964118 -0.007555631 -0.052281413 0.030054122 0.007667395 0.999518871 5.034459591
0.999402344 0.003755169 -0.034361541 -0.149486944 -0.003963890 0.999974072 -0.006008148 -0.059724491 0.034338094 0.006140761 0.999391377 5.810515881
0.999242485 0.003057256 -0.038795389 -0.184533551 -0.003187239 0.999989510 -0.003289076 -0.069948420 0.038784929 0.003410233 0.999241710 6.597167015
0.999099791 0.002698930 -0.042334985 -0.220157683 -0.002727646 0.999996126 -0.000620545 -0.082233012 0.042333141 0.000735459 0.999103248 7.411984921
0.998982310 0.004399408 -0.044888046 -0.265719622 -0.004454636 0.999989510 -0.001130411 -0.095281817 0.044882596 0.001329219 0.998991370 8.224446297
0.998877168 0.003871685 -0.047214758 -0.305567801 -0.003936553 0.999991536 -0.001280984 -0.104773827 0.047209393 0.001465408 0.998883903 9.046806335
0.998799801 0.000942713 -0.048967794 -0.345163763 -0.001029339 0.999998033 -0.001743852 -0.113718852 0.048966050 0.001792162 0.998798788 9.889611244
0.998681664 0.000918966 -0.051320679 -0.384674013 -0.000962405 0.999999285 -0.000821729 -0.124485120 0.051319882 0.000870036 0.998681843 10.724942207
0.998599768 -0.000463264 -0.052895576 -0.427948415 0.000409728 0.999999464 -0.001022963 -0.135549724 0.052896015 0.000999856 0.998599470 11.570090294
0.998500407 0.001932780 -0.054707650 -0.479142815 -0.002113841 0.999992549 -0.003251957 -0.149492934 0.054700945 0.003362722 0.998497069 12.424871445
0.998415589 0.002635532 -0.056205064 -0.529110312 -0.002973561 0.999978065 -0.005931441 -0.158131734 0.056188185 0.006089170 0.998401582 13.280228615
0.998293638 0.006613252 -0.058014866 -0.586683452 -0.007061309 0.999946833 -0.007521525 -0.168926135 0.057962026 0.007918350 0.998287320 14.151166916
0.998230338 0.007563382 -0.058979698 -0.643966079 -0.008005060 0.999941707 -0.007255960 -0.181677967 0.058921363 0.007715254 0.998232782 15.038379669
0.998153329 0.007003760 -0.060336426 -0.699079096 -0.007368959 0.999955952 -0.005832323 -0.193745211 0.060292900 0.006266167 0.998161077 15.916285515
0.998053968 0.007849758 -0.061856568 -0.757017672 -0.008139414 0.999957204 -0.004432095 -0.205646321 0.061819110 0.004926944 0.998075187 16.808048248
0.997996390 0.007637951 -0.062804759 -0.816539407 -0.007920341 0.999959707 -0.004248555 -0.221760392 0.062769763 0.004737475 0.998016775 17.710735321
0.997875333 0.007448878 -0.064720944 -0.872358859 -0.007800597 0.999956191 -0.005183380 -0.233535707 0.064679481 0.005677227 0.997889936 18.621006012
0.997815490 0.005861418 -0.065796860 -0.935903192 -0.006257935 0.999963522 -0.005821878 -0.247728720 0.065760314 0.006220911 0.997816086 19.524761200
0.997775078 0.005832645 -0.066410288 -0.997650385 -0.006122851 0.999972582 -0.004167174 -0.258430988 0.066384152 0.004564521 0.997783720 20.453472137
0.997759581 0.006993901 -0.066531174 -1.059467554 -0.007047776 0.999975026 -0.000575048 -0.276214451 0.066525474 0.001042654 0.997784197 21.362442017
0.997803628 0.007967254 -0.065757103 -1.123501062 -0.007775527 0.999964714 0.003171136 -0.287790090 0.065780029 -0.002652879 0.997830629 22.291645050
0.997913003 0.006549462 -0.064236253 -1.185663223 -0.006170653 0.999962389 0.006093789 -0.292946458 0.064273722 -0.005684696 0.997916102 23.221099854
0.998004138 0.006827850 -0.062774621 -1.247363210 -0.006412320 0.999956191 0.006818510 -0.299816281 0.062818401 -0.006402375 0.998004436 24.163221359
0.998092711 0.007209807 -0.061305787 -1.308690071 -0.006968298 0.999967098 0.004152348 -0.311065197 0.061333679 -0.003717235 0.998110354 25.097072601
0.998146832 0.008210628 -0.060289271 -1.373855352 -0.008268993 0.999965549 -0.000718589 -0.319637209 0.060281262 0.001215787 0.998180628 26.019546509
0.998223662 0.007720415 -0.059069287 -1.431402206 -0.007947239 0.999961913 -0.003605930 -0.335294724 0.059039164 0.004068960 0.998247325 26.948251724
0.998275876 0.005140572 -0.058464926 -1.482882738 -0.005300522 0.999982595 -0.002581021 -0.345569521 0.058450606 0.002886464 0.998286068 27.893970490
0.998268783 0.003368946 -0.058713775 -1.541026831 -0.003226284 0.999991536 0.002524461 -0.358700186 0.058721751 -0.002330668 0.998271585 28.866104126
0.998229444 -0.000347683 -0.059473708 -1.599473476 0.000705017 0.999981761 0.005987409 -0.370689154 0.059470512 -0.006018743 0.998211861 29.834884644
0.998136520 -0.007509546 -0.060550690 -1.649808168 0.007858780 0.999953747 0.005531546 -0.383246660 0.060506321 -0.005997098 0.998149693 30.777608871
0.998034775 -0.009433717 -0.061942581 -1.710055828 0.009552902 0.999952972 0.001628231 -0.389678061 0.061924279 -0.002216767 0.998078287 31.752353668
0.997950971 -0.009188564 -0.063313879 -1.774422884 0.009059396 0.999956250 -0.002326940 -0.400758117 0.063332461 0.001748583 0.997990847 32.727054596
0.997822464 -0.007900085 -0.065476984 -1.843797326 0.007733819 0.999966204 -0.002792397 -0.415337175 0.065496802 0.002279926 0.997850060 33.704582214
0.997780681 -0.008028516 -0.066094786 -1.909242153 0.007966531 0.999967575 -0.001201326 -0.432090700 0.066102266 0.000672110 0.997812510 34.685874939
0.997699797 -0.004993647 -0.067597717 -1.978189349 0.005125388 0.999985278 0.001775632 -0.449302942 0.067587838 -0.002118017 0.997710943 35.668384552
0.997633398 -0.005032227 -0.068567410 -2.050549746 0.005254285 0.999981523 0.003058589 -0.459412962 0.068550736 -0.003411628 0.997641623 36.664611816
0.997566342 -0.004036742 -0.069601536 -2.125141621 0.004442424 0.999974072 0.005674860 -0.466531962 0.069576800 -0.005970255 0.997558594 37.643047333
0.997590721 -0.004355284 -0.069231100 -2.201696634 0.004967255 0.999950171 0.008669857 -0.470387548 0.069189861 -0.008992865 0.997562826 38.629783630
0.997553349 0.001220781 -0.069892623 -2.281169653 -0.000451024 0.999939144 0.011028201 -0.471750617 0.069901809 -0.010969704 0.997493446 39.602210999
0.997555971 0.001384761 -0.069853097 -2.363336086 -0.000661349 0.999945939 0.010378311 -0.476090014 0.069863677 -0.010306756 0.997503161 40.605808258
0.997570336 0.001371372 -0.069648325 -2.438234568 -0.000768670 0.999962091 0.008679620 -0.476661175 0.069657572 -0.008605001 0.997533679 41.596542358
0.997561336 0.003594114 -0.069698073 -2.514381409 -0.003147145 0.999973774 0.006521756 -0.480909079 0.069719680 -0.006286508 0.997546673 42.569042206
0.997502923 0.003356257 -0.070542030 -2.587156057 -0.002900314 0.999974251 0.006564938 -0.486666918 0.070562236 -0.006343957 0.997487068 43.559120178
0.997408986 0.001239836 -0.071924970 -2.657270670 -0.000665996 0.999967754 0.008001818 -0.495616406 0.071932554 -0.007933190 0.997377813 44.541275024
0.997351885 0.001863632 -0.072698750 -2.731975079 -0.001213230 0.999958813 0.008989738 -0.502515733 0.072712481 -0.008877739 0.997313321 45.527198792
0.997332036 0.004390614 -0.072862118 -2.808038950 -0.004008175 0.999977350 0.005394260 -0.512600183 0.072884127 -0.005087831 0.997327268 46.489334106
0.997267067 0.005083813 -0.073701039 -2.887565374 -0.005002410 0.999986589 0.001289121 -0.522623360 0.073706582 -0.000916920 0.997279346 47.443473816
0.997207344 0.005872678 -0.074446812 -2.962876320 -0.005888383 0.999982655 0.000008603 -0.532315850 0.074445546 0.000429787 0.997224808 48.403942108
0.997204602 0.004528666 -0.074577138 -3.034831285 -0.004277690 0.999984622 0.003524769 -0.546130002 0.074591927 -0.003195903 0.997208834 49.373432159
0.997203231 0.002716835 -0.074682556 -3.108595133 -0.002222069 0.999975026 0.006707259 -0.556797147 0.074698880 -0.006522558 0.997184634 50.347480774
0.997166991 0.000634844 -0.075211510 -3.178128242 -0.000074010 0.999972165 0.007459345 -0.569162786 0.075214118 -0.007432653 0.997139513 51.301216125
0.997141778 -0.002125537 -0.075518452 -3.249678850 0.002607892 0.999976754 0.006289233 -0.581421494 0.075503290 -0.006468207 0.997124374 52.254516602
0.997095168 -0.004730262 -0.076013684 -3.318000078 0.005130194 0.999973953 0.005066929 -0.593937695 0.075987697 -0.005442181 0.997093678 53.200901031
0.996997654 -0.006434148 -0.077158824 -3.390729904 0.006938697 0.999956191 0.006272788 -0.602805853 0.077115044 -0.006789342 0.996998847 54.146316528
0.996897280 -0.009440762 -0.078140296 -3.464478254 0.010283875 0.999893010 0.010394355 -0.609393299 0.078033768 -0.011165695 0.996887922 55.086013794
0.996835411 -0.010088551 -0.078845471 -3.536821842 0.011347396 0.999814808 0.015534271 -0.616851330 0.078674115 -0.016379807 0.996765554 56.027252197
0.996803105 -0.008299832 -0.079459764 -3.614258051 0.009745543 0.999793530 0.017823756 -0.622255743 0.079295382 -0.018541161 0.996678472 56.967624664
0.996705055 -0.006932418 -0.080809675 -3.694674492 0.008070154 0.999872625 0.013761107 -0.623085082 0.080703944 -0.014367918 0.996634305 57.891822815
0.996599436 -0.005463893 -0.082212254 -3.773229837 0.005982245 0.999963641 0.006060056 -0.628394127 0.082176104 -0.006531268 0.996596217 58.806686401
0.996535897 -0.003840512 -0.083069637 -3.854069471 0.003959377 0.999991238 0.001266228 -0.634944439 0.083063997 -0.001590750 0.996542752 59.715316772
0.996453941 0.000857542 -0.084130324 -3.938833714 -0.000673950 0.999997199 0.002210625 -0.646562278 0.084131934 -0.002146092 0.996452093 60.617031097
0.996343851 0.003581326 -0.085354023 -4.022463799 -0.003196962 0.999983966 0.004639460 -0.661409378 0.085369229 -0.004349629 0.996339679 61.487682343
0.996257424 0.006216204 -0.086207293 -4.105985641 -0.005696912 0.999963999 0.006268502 -0.676223040 0.086243115 -0.005753933 0.996257305 62.381385803
0.996153176 0.007093695 -0.087336943 -4.183899879 -0.006593270 0.999960065 0.006016994 -0.686145365 0.087376095 -0.005418018 0.996160448 63.243621826
0.995988667 0.008579800 -0.089062683 -4.262990952 -0.008004270 0.999944687 0.006817264 -0.695242584 0.089116208 -0.006077043 0.996002436 64.099922180
0.995859981 0.009366933 -0.090412043 -4.342429638 -0.008720186 0.999933422 0.007545742 -0.707463324 0.090476669 -0.006726099 0.995875597 64.933197021
0.995736301 0.009453217 -0.091755696 -4.420998096 -0.008760037 0.999929965 0.007954472 -0.713668346 0.091824427 -0.007116780 0.995749474 65.752731323
0.995618343 0.009405412 -0.093031853 -4.498005867 -0.008596893 0.999921679 0.009087764 -0.722899020 0.093110010 -0.008248166 0.995621324 66.554290771
0.995459318 0.012164565 -0.094403185 -4.580218792 -0.011099452 0.999868751 0.011799543 -0.728935540 0.094534300 -0.010698149 0.995463729 67.340705872
0.995314956 0.013763690 -0.095697045 -4.660675049 -0.012299584 0.999798298 0.015872533 -0.733688176 0.095896177 -0.014621143 0.995283604 68.119201660
0.995104909 0.016939759 -0.097357616 -4.741636753 -0.015292472 0.999727368 0.017641433 -0.739390194 0.097629890 -0.016066246 0.995092750 68.882720947
0.994928896 0.019643998 -0.098639593 -4.823706627 -0.018384583 0.999737561 0.013660750 -0.746715307 0.098882034 -0.011778035 0.995029092 69.625595093
0.994797289 0.019805282 -0.099926226 -4.903278828 -0.019266581 0.999794126 0.006353301 -0.753486276 0.100031458 -0.004395017 0.994974196 70.353416443
0.994647563 0.018972397 -0.101564750 -4.972697735 -0.019009953 0.999819100 0.000598239 -0.759147465 0.101557702 0.001335697 0.994828403 71.051109314
0.994587004 0.019992877 -0.101960927 -5.047044277 -0.020155270 0.999796748 -0.000562561 -0.765887380 0.101928927 0.002614558 0.994787872 71.742645264
0.994443238 0.022848438 -0.102760285 -5.123002529 -0.022656566 0.999738753 0.003034221 -0.780655324 0.102802731 -0.000689173 0.994701147 72.405006409
0.994298816 0.023172855 -0.104076222 -5.195286751 -0.022737423 0.999727070 0.005368508 -0.795272708 0.104172185 -0.002971484 0.994554460 73.056526184
0.994270563 0.020011570 -0.104996935 -5.263731003 -0.019900233 0.999799728 0.002108063 -0.805827022 0.105018049 -0.000006529 0.994470000 73.691680908
0.994403064 0.011979450 -0.104965702 -5.319900513 -0.012359046 0.999919176 -0.002966666 -0.818230689 0.104921632 0.004247332 0.994471073 74.302574158
0.994541943 0.008045674 -0.104021415 -5.375951767 -0.008899819 0.999930322 -0.007749696 -0.829302013 0.103951760 0.008633166 0.994544566 74.895210266
0.994842231 0.010621439 -0.100871727 -5.439914703 -0.011486161 0.999902010 -0.007995530 -0.840060830 0.100776874 0.009112915 0.994866967 75.473487854
0.995188892 0.015790278 -0.096688338 -5.504574299 -0.016354138 0.999853492 -0.005041944 -0.852284253 0.096594505 0.006598936 0.995301545 76.037200928
0.995647728 0.014419899 -0.092068478 -5.552327633 -0.014660091 0.999890625 -0.001933016 -0.863919973 0.092030488 0.003274330 0.995750368 76.593315125
0.996207893 0.010833458 -0.086321570 -5.588004112 -0.010678908 0.999940395 0.002251984 -0.875972986 0.086340778 -0.001321629 0.996264398 77.133758545
0.996917546 0.006631140 -0.078168616 -5.618041992 -0.006205839 0.999964535 0.005682448 -0.890176654 0.078203477 -0.005179836 0.996923566 77.658920288
0.997666359 0.010314891 -0.067485265 -5.653311253 -0.009968070 0.999935269 0.005473904 -0.898161471 0.067537308 -0.004788439 0.997704864 78.171501160
0.998504579 0.015546732 -0.052399717 -5.682571411 -0.015305624 0.999870241 0.004999500 -0.905860901 0.052470587 -0.004190020 0.998613238 78.670967102
0.999190748 0.020813750 -0.034401424 -5.698935032 -0.020640647 0.999772370 0.005379542 -0.910587788 0.034505501 -0.004665128 0.999393165 79.157020569
0.999734581 0.019363491 -0.012435375 -5.689295292 -0.019292776 0.999797046 0.005781891 -0.915652514 0.012544744 -0.005540452 0.999905467 79.633537292
0.999780238 0.015834088 0.013694512 -5.659824371 -0.015924234 0.999851942 0.006498788 -0.922229111 -0.013589651 -0.006715442 0.999884605 80.098876953
0.998967230 0.014676660 0.042986356 -5.615847588 -0.015028345 0.999855995 0.007869598 -0.930242836 -0.042864744 -0.008507492 0.999044180 80.550773621
0.997021616 0.014172236 0.075800657 -5.556873322 -0.014907481 0.999846995 0.009142687 -0.937447846 -0.075659573 -0.010245462 0.997080564 80.999511719
0.993441343 0.014378453 0.113429502 -5.483839035 -0.015536543 0.999835670 0.009332336 -0.939769745 -0.113276765 -0.011033439 0.993501723 81.447898865
0.987811863 0.014726162 0.154950395 -5.390189171 -0.016317060 0.999826312 0.009000225 -0.942671657 -0.154791042 -0.011418873 0.987880766 81.875518799
0.979707062 0.014424050 0.199911624 -5.274269581 -0.016499113 0.999825835 0.008717692 -0.949351490 -0.199751168 -0.011839160 0.979774594 82.295471191
0.968391001 0.016654970 0.248877838 -5.142758369 -0.018842060 0.999801934 0.006408042 -0.959138572 -0.248721927 -0.010894872 0.968513072 82.700683594
0.953150392 0.017406257 0.301993400 -4.986986160 -0.019314129 0.999807835 0.003332411 -0.969181597 -0.301877499 -0.009009039 0.953303576 83.090675354
0.933670700 0.017698344 0.357693225 -4.807990074 -0.019305259 0.999813080 0.000921805 -0.976568043 -0.357610226 -0.007766032 0.933838069 83.459327698
0.909867287 0.018110892 0.414502352 -4.606177330 -0.019485367 0.999809563 -0.000912763 -0.987165689 -0.414440155 -0.007246246 0.910047114 83.806289673
0.880994439 0.018026451 0.472781688 -4.395593643 -0.019172089 0.999813139 -0.002395559 -1.002999663 -0.472736746 -0.006953748 0.881175637 84.130805969
0.847696126 0.016027279 0.530238748 -4.158013821 -0.016544877 0.999855816 -0.003771771 -1.023857236 -0.530222952 -0.005575428 0.847839236 84.437423706
0.811060548 0.015977265 0.584742844 -3.896149635 -0.015593540 0.999862015 -0.005690973 -1.030672908 -0.584753275 -0.004502496 0.811197937 84.731033325
0.771689117 0.014690020 0.635829151 -3.618719578 -0.014776293 0.999877274 -0.005167287 -1.040818691 -0.635827243 -0.005407667 0.771811664 84.997627258
0.729463995 0.014207023 0.683870614 -3.328940153 -0.016099116 0.999863744 -0.003599160 -1.047608256 -0.683828771 -0.008384265 0.729593515 85.244911194
0.684439480 0.013348208 0.728946507 -3.025097847 -0.015321479 0.999874771 -0.003923345 -1.052006960 -0.728907883 -0.008483257 0.684558392 85.475738525
0.638070166 0.012303991 0.769879043 -2.707843304 -0.012121184 0.999908745 -0.005934310 -1.057825804 -0.769882083 -0.005545348 0.638161182 85.682769775
0.591574371 0.009922920 0.806188583 -2.380928516 -0.006287246 0.999950409 -0.007694296 -1.063193679 -0.806225240 -0.000516964 0.591607511 85.862960815
0.545023084 0.012039129 0.838333786 -2.049191952 -0.008141658 0.999925554 -0.009066602 -1.072656631 -0.838380814 -0.001883926 0.545080602 86.034576416
0.497704029 0.015207238 0.867212832 -1.712211251 -0.011939932 0.999871433 -0.010681034 -1.079506397 -0.867264092 -0.005038477 0.497821718 86.197586060
0.452280432 0.017398473 0.891705334 -1.372165203 -0.012780905 0.999833226 -0.013025621 -1.089894176 -0.891783595 -0.005505576 0.452427447 86.336235046
0.410207152 0.015002701 0.911868274 -1.019978404 -0.005415804 0.999886870 -0.014014523 -1.097426772 -0.911975741 0.000810351 0.410242021 86.448593140
0.370833248 0.007909494 0.928665102 -0.656575024 0.009698125 0.999875963 -0.012388640 -1.100156784 -0.928648293 0.013600429 0.370710582 86.538414001
0.335532397 0.004457382 0.942017436 -0.293353081 0.014031751 0.999853909 -0.009728944 -1.105334163 -0.941923678 0.016482528 0.335420847 86.630661011
0.302356154 0.008592675 0.953155637 0.066547632 0.011532895 0.999852836 -0.012672064 -1.113910794 -0.953124762 0.014824118 0.302212536 86.726799011
0.271063745 0.016071774 0.962426543 0.429778278 0.000850492 0.999855816 -0.016936351 -1.130583286 -0.962560534 0.005409358 0.271010965 86.829177856
0.242788538 0.020296115 0.969866276 0.807648540 -0.004069848 0.999793231 -0.019903576 -1.152356029 -0.970070124 0.000885141 0.242820919 86.913887024
0.217177287 0.021982182 0.975884020 1.198523045 -0.003060067 0.999756455 -0.021838918 -1.170573235 -0.976126790 0.001756636 0.217191622 86.980728149
0.193834290 0.023399020 0.980754614 1.597886086 0.004329482 0.999685049 -0.024706334 -1.182825327 -0.981024206 0.009035085 0.193671867 87.035125732
0.173814684 0.029841354 0.984325528 2.006664753 0.011184135 0.999416113 -0.032273769 -1.183534503 -0.984714329 0.016618479 0.173379377 87.082237244
0.154007986 0.036591925 0.987391174 2.425124407 0.013125258 0.999149680 -0.039074890 -1.188014388 -0.987981856 0.018977601 0.153396666 87.134490967
0.136304706 0.037459549 0.989957809 2.859797955 0.010717251 0.999170244 -0.039283760 -1.203378439 -0.990608394 0.015964180 0.135790035 87.192222595
0.120801859 0.033038016 0.992125988 3.313138008 0.008504709 0.999374509 -0.034314916 -1.231465816 -0.992639601 0.012583042 0.120445214 87.244277954
0.106395416 0.029801212 0.993876517 3.780902863 0.008799199 0.999482989 -0.030911271 -1.254202366 -0.994284391 0.012034127 0.106078073 87.285552979
0.093205020 0.027344050 0.995270669 4.265278816 0.011165527 0.999530852 -0.028506709 -1.274762392 -0.995583773 0.013769684 0.092855871 87.320388794
0.081588879 0.026601445 0.996310234 4.762576103 0.014777005 0.999501228 -0.027896734 -1.293290973 -0.996556044 0.016998542 0.081154972 87.350204468
0.071572892 0.027249401 0.997062325 5.274727821 0.017984394 0.999428689 -0.028605044 -1.310234904 -0.997272730 0.019978909 0.071041800 87.374557495
0.063716300 0.027852990 0.997578561 5.797284603 0.019994825 0.999373853 -0.029180186 -1.328417420 -0.997767270 0.021805665 0.063119344 87.402542114
0.058211204 0.028256856 0.997903585 6.346050262 0.021705015 0.999326885 -0.029563269 -1.346719384 -0.998067856 0.023380429 0.057558559 87.427719116
0.052645758 0.029357906 0.998180926 6.908163071 0.022998363 0.999266624 -0.030602796 -1.364916444 -0.998347938 0.024567639 0.051931817 87.453208923
0.046660900 0.030106705 0.998456359 7.486670494 0.023487607 0.999235928 -0.031227846 -1.384907246 -0.998634219 0.024908474 0.045917958 87.480812073
0.042313084 0.030082056 0.998650789 8.082020760 0.026030442 0.999173760 -0.031200714 -1.409110069 -0.998764813 0.027315523 0.041494921 87.501800537
0.039489012 0.030110186 0.998765588 8.699995995 0.027480293 0.999134660 -0.031207815 -1.430115223 -0.998841584 0.028678741 0.038627252 87.522384644
0.036467172 0.029685149 0.998893201 9.338363647 0.028409010 0.999123573 -0.030729130 -1.453965902 -0.998930514 0.029498179 0.035591729 87.543746948
0.034160789 0.029081453 0.998992443 9.995301247 0.030639486 0.999075890 -0.030131591 -1.477194667 -0.998946130 0.031637944 0.033238020 87.562362671
0.033530068 0.028720340 0.999024272 10.662881851 0.034940351 0.998942018 -0.029890655 -1.500926018 -0.998826265 0.035908509 0.032490935 87.579132080
0.034565266 0.028416134 0.998997688 11.353365898 0.038094860 0.998831511 -0.029729469 -1.524230123 -0.998675585 0.039084304 0.033442214 87.597625732
0.036996968 0.028369630 0.998911917 12.060892105 0.039774280 0.998762786 -0.029838506 -1.547666073 -0.998522997 0.040834956 0.035822656 87.621093750
0.040921152 0.028299540 0.998760819 12.785345078 0.042196471 0.998657763 -0.030025473 -1.572866797 -0.998270392 0.043372881 0.039671928 87.648666382
0.045284033 0.027903128 0.998583674 13.519978523 0.042494711 0.998650908 -0.029832050 -1.599082828 -0.998069286 0.043785464 0.044037048 87.682701111
0.049312733 0.026219562 0.998438478 14.272828102 0.044051979 0.998625219 -0.028400168 -1.625437617 -0.997810841 0.045383707 0.048089761 87.719421387
0.053295728 0.024655219 0.998273671 15.028456688 0.043862373 0.998672187 -0.027006764 -1.653700829 -0.997614384 0.045226023 0.052143380 87.762611389
0.057475131 0.022590682 0.998090625 15.802543640 0.040763855 0.998856783 -0.024955394 -1.679247618 -0.997513771 0.042120360 0.056488402 87.813339233
0.061529368 0.021520430 0.997872531 16.591089249 0.040114656 0.998906076 -0.024016190 -1.703830719 -0.997298181 0.041507039 0.060598634 87.866783142
0.065654382 0.022526303 0.997587442 17.379264832 0.037447229 0.998984993 -0.025022360 -1.732074142 -0.997138858 0.038999733 0.064744055 87.925102234
0.068643734 0.026539158 0.997287512 18.159896851 0.035298821 0.998955309 -0.029013153 -1.764139295 -0.997015893 0.037194662 0.067635082 87.986587524
0.070010416 0.031952567 0.997033775 18.941526413 0.029344864 0.998988092 -0.034075737 -1.794654489 -0.997113883 0.031643495 0.069001794 88.049110413
0.070009120 0.035098635 0.996928036 19.738603592 0.026845545 0.998952270 -0.037055105 -1.827383399 -0.997184455 0.029357290 0.068993390 88.105331421
0.070189081 0.034551412 0.996934474 20.540452957 0.024520360 0.999037921 -0.036350649 -1.867883325 -0.997231662 0.026996633 0.069274202 88.167304993
0.070382610 0.033006746 0.996973157 21.353033066 0.022018949 0.999157190 -0.034633495 -1.904589534 -0.997276366 0.024389919 0.069596387 88.227035522
0.070167050 0.031811468 0.997027218 22.173315048 0.022989582 0.999173999 -0.033497874 -1.941884637 -0.997269690 0.025271710 0.069377631 88.290313721
0.070619695 0.031318571 0.997010887 22.979188919 0.020470636 0.999250710 -0.032838885 -1.979423165 -0.997292578 0.022728540 0.069925539 88.351371765
0.070801631 0.031729612 0.996985018 23.787754059 0.018834934 0.999272943 -0.033139996 -2.017803669 -0.997311890 0.021124532 0.070152387 88.412940979
0.070793174 0.032399371 0.996964097 24.599866867 0.015864572 0.999309063 -0.033602096 -2.057318449 -0.997364104 0.018195227 0.070230119 88.480422974
0.069722652 0.033824202 0.996992230 25.404863358 0.013292816 0.999304473 -0.034832250 -2.094890833 -0.997477114 0.015681449 0.069224402 88.541572571
0.066816688 0.033568174 0.997199833 26.217945099 0.010487586 0.999354780 -0.034343429 -2.131807089 -0.997709394 0.012752951 0.066421375 88.605476379
0.062792510 0.032453209 0.997498155 27.022666931 0.008141371 0.999421000 -0.033028264 -2.168057203 -0.997992575 0.010194950 0.062491786 88.664581299
0.057854488 0.030095717 0.997870624 27.834459305 0.006325026 0.999514163 -0.030511996 -2.203702211 -0.998304129 0.008076832 0.057635866 88.720954895
0.051587120 0.028092328 0.998272657 28.643325806 0.004580983 0.999586880 -0.028366039 -2.240085363 -0.998657167 0.006036412 0.051436964 88.769020081
0.044243123 0.028289696 0.998619497 29.445739746 0.004369368 0.999583662 -0.028510593 -2.276828527 -0.999010444 0.005624752 0.044100944 88.805412292
0.035685316 0.029309239 0.998932540 30.239559174 0.004274427 0.999555945 -0.029480230 -2.311706305 -0.999353170 0.005321894 0.035544030 88.831581116
0.025819173 0.029881641 0.999219298 31.044300079 0.005377842 0.999534249 -0.030030021 -2.342778683 -0.999651372 0.006149013 0.025646292 88.853004456
0.015489946 0.028934617 0.999460638 31.847793579 0.006941577 0.999553740 -0.029044895 -2.376287937 -0.999855101 0.007387757 0.015282022 88.868598938
0.004523330 0.027876250 0.999600530 32.644672394 0.006158836 0.999591351 -0.027903868 -2.410372019 -0.999969959 0.006282614 0.004349635 88.877189636
-0.006358623 0.027375776 0.999604344 33.426177979 0.008130046 0.999593258 -0.027323760 -2.437256098 -0.999945879 0.007953106 -0.006578765 88.865081787
-0.017458346 0.027881349 0.999458075 34.206619263 0.008711025 0.999577105 -0.027732508 -2.465254307 -0.999808848 0.008222159 -0.017694000 88.853355408
-0.028449643 0.028391963 0.999191284 34.989536285 0.008926786 0.999563634 -0.028148374 -2.501843691 -0.999554574 0.008118773 -0.028690839 88.828773499
-0.039101280 0.029518699 0.998798490 35.765251160 0.007796542 0.999541879 -0.029235447 -2.535204887 -0.999204040 0.006644048 -0.039313674 88.802032471
-0.049251564 0.030376796 0.998323679 36.530494690 0.008729182 0.999512076 -0.029982306 -2.572406769 -0.998747468 0.007237890 -0.049492858 88.759765625
-0.058766045 0.031073822 0.997787356 37.298137665 0.009649723 0.999486148 -0.030558392 -2.606877804 -0.998224318 0.007832592 -0.059035867 88.712829590
-0.068275914 0.031555947 0.997166634 38.048473358 0.010611849 0.999465823 -0.030902116 -2.640292645 -0.997609198 0.008471928 -0.068574488 88.655387878
-0.077606738 0.031956844 0.996471107 38.789440155 0.011480928 0.999448240 -0.031158170 -2.675235748 -0.996917129 0.009022345 -0.077931002 88.595497131
-0.086105652 0.031519912 0.995786607 39.516628265 0.012861222 0.999450982 -0.030523796 -2.707724810 -0.996202171 0.010178777 -0.086463958 88.527748108
-0.093377247 0.030471638 0.995163679 40.245742798 0.014674185 0.999464810 -0.029226447 -2.740649939 -0.995521843 0.011874149 -0.093774617 88.456405640
-0.098503321 0.028816305 0.994718671 40.962589264 0.017410561 0.999477267 -0.027230058 -2.774356365 -0.994983554 0.014636380 -0.098953746 88.380569458
-0.102210738 0.027231719 0.994389236 41.664588928 0.020627705 0.999468029 -0.025250537 -2.803826809 -0.994548023 0.017931115 -0.102718301 88.305053711
-0.104785204 0.026351627 0.994144976 42.377323151 0.022536688 0.999454796 -0.024116956 -2.828740120 -0.994238555 0.019877657 -0.105322167 88.226646423
-0.106661342 0.025562037 0.993966043 43.066223145 0.022513347 0.999474943 -0.023287831 -2.857420921 -0.994039536 0.019893615 -0.107181050 88.156974792
-0.107435010 0.025948228 0.993872702 43.724628448 0.023208410 0.999452055 -0.023585131 -2.887278318 -0.993940234 0.020532358 -0.107978582 88.087974548
-0.106659018 0.026865304 0.993931949 44.378612518 0.023729833 0.999418616 -0.024467155 -2.917453289 -0.994011521 0.020976216 -0.107234731 88.020988464
-0.103555687 0.028600303 0.994211674 45.005413055 0.024845855 0.999348581 -0.026160171 -2.943849087 -0.994312346 0.021993024 -0.104199052 87.955314636
-0.098367415 0.029166682 0.994721949 45.621635437 0.025076672 0.999325275 -0.026821846 -2.969405651 -0.994833171 0.022305939 -0.099032670 87.898727417
-0.090482123 0.029865604 0.995449483 46.224811554 0.024347916 0.999317408 -0.027768537 -2.996978283 -0.995599449 0.021724582 -0.091147758 87.853164673
-0.079509534 0.029855059 0.996386290 46.818645477 0.023126153 0.999337196 -0.028098073 -3.024468899 -0.996564865 0.020808535 -0.080147505 87.819404602
-0.065834045 0.029974379 0.997379661 47.374176025 0.022163073 0.999345601 -0.028570557 -3.056306839 -0.997583508 0.020224100 -0.066455521 87.793235779
-0.048763968 0.031242432 0.998320937 47.916736603 0.021081667 0.999319792 -0.030243946 -3.085722923 -0.998586893 0.019571474 -0.049389675 87.781616211
-0.027703706 0.033856299 0.999042034 48.448760986 0.019295469 0.999257743 -0.033328552 -3.112207651 -0.999428988 0.018353676 -0.028336648 87.784210205
-0.003290756 0.036728781 0.999319255 48.953475952 0.016927747 0.999183655 -0.036668070 -3.140724182 -0.999850333 0.016795572 -0.003910035 87.802230835
0.024753205 0.038386829 0.998955727 49.473381042 0.014702024 0.999140024 -0.038758229 -3.168815613 -0.999584556 0.015646076 0.024167327 87.838371277
0.057779837 0.037494808 0.997624397 49.984428406 0.011996703 0.999195814 -0.038248699 -3.200183153 -0.998256326 0.014178221 0.057283334 87.889915466
0.095725618 0.034800220 0.994798660 50.492801666 0.010686385 0.999294758 -0.035985827 -3.229431391 -0.995349407 0.014075582 0.095285997 87.960243225
0.137565672 0.030981096 0.990007401 50.992393494 0.008298181 0.999439120 -0.032429330 -3.256720543 -0.990456820 0.012676441 0.137231216 88.056678772
0.183304012 0.026524823 0.982697725 51.483436584 0.005348296 0.999593735 -0.027978515 -3.284432173 -0.983040750 0.010384351 0.183087453 88.170654297
0.231214479 0.023330621 0.972622395 51.963874817 0.000402106 0.999709547 -0.024075974 -3.308536053 -0.972901821 0.005957830 0.231137723 88.320228577
0.282529175 0.021935102 0.959007263 52.428665161 -0.003713228 0.999755561 -0.021773200 -3.329151392 -0.959250629 0.002590571 0.282541364 88.492729187
0.336735159 0.021874173 0.941344678 52.871986389 -0.005014536 0.999757171 -0.021437742 -3.344706297 -0.941585183 0.002498455 0.336762905 88.690658569
0.394129843 0.022116849 0.918788016 53.305149078 -0.003706230 0.999740064 -0.022475675 -3.367076397 -0.919046462 0.005453114 0.394109190 88.914314270
0.453888744 0.025267525 0.890699446 53.716609955 -0.003095963 0.999636054 -0.026780214 -3.387266159 -0.891052186 0.009397685 0.453801632 89.159645081
0.513530672 0.026465431 0.857662380 54.106853485 -0.001174257 0.999544501 -0.030140501 -3.421783447 -0.858069718 0.014470975 0.513327718 89.428695679
0.571610391 0.029378174 0.819998384 54.470161438 -0.004669905 0.999458671 -0.032552402 -3.448364019 -0.820511103 0.014777998 0.571438074 89.724464417
0.626930058 0.031912867 0.778420925 54.800888062 -0.008061040 0.999372482 -0.034478962 -3.464062452 -0.779032946 0.015341038 0.626793861 90.051643372
0.679740787 0.032693502 0.732722580 55.117340088 -0.009556074 0.999315560 -0.035723597 -3.477788687 -0.733389258 0.017280858 0.679588020 90.395614624
0.728406131 0.030325482 0.684473217 55.399497986 -0.009547555 0.999371827 -0.034116667 -3.497022867 -0.685078084 0.018315768 0.728238165 90.746803284
0.773494184 0.026143001 0.633262932 55.663299561 -0.010793488 0.999546945 -0.028080698 -3.516895771 -0.633710384 0.014885166 0.773425996 91.129981995
0.814671934 0.020671105 0.579552412 55.906497955 -0.010760859 0.999730766 -0.020531330 -3.531232834 -0.579821050 0.010489842 0.814675212 91.536018372
0.850724876 0.018275153 0.525292218 56.117908478 -0.012784110 0.999818623 -0.014079955 -3.540601015 -0.525454521 0.005262797 0.850804389 91.961921692
0.881490290 0.015299137 0.471952826 56.303173065 -0.013711274 0.999882340 -0.006803636 -3.548041344 -0.472001612 -0.000473714 0.881596565 92.392372131
0.906684697 0.015821585 0.421510547 56.454051971 -0.016951153 0.999855280 -0.001067482 -3.562121630 -0.421466619 -0.006177200 0.906821907 92.822982788
0.926575541 0.017538784 0.375697792 56.595691681 -0.020057902 0.999794424 0.002794718 -3.574299097 -0.375571698 -0.010125207 0.926737070 93.275115967
0.941592515 0.023528891 0.335929334 56.710453033 -0.026997028 0.999619007 0.005656730 -3.583396435 -0.335668385 -0.014395411 0.941869318 93.731208801
0.953232586 0.028097557 0.300926536 56.814167023 -0.030970270 0.999508381 0.004778954 -3.584506512 -0.300644428 -0.013875213 0.953634501 94.187057495
0.962383687 0.029809132 0.270051092 56.921810150 -0.032395899 0.999461472 0.005125682 -3.585776329 -0.269752949 -0.013681402 0.962831557 94.650794983
0.968450069 0.024271661 0.248019993 57.034992218 -0.026477879 0.999633431 0.005562985 -3.589457273 -0.247794122 -0.011954498 0.968738139 95.121566772
0.972368717 0.021424798 0.232462034 57.138359070 -0.023542494 0.999702275 0.006338911 -3.596967697 -0.232257083 -0.011636475 0.972584009 95.601135254
0.975202739 0.025838213 0.219796836 57.231449127 -0.027840892 0.999593794 0.006018215 -3.598700047 -0.219552100 -0.011988298 0.975526333 96.093307495
0.977144063 0.031239217 0.210266843 57.316696167 -0.033334780 0.999423087 0.006428393 -3.595217943 -0.209944770 -0.013290643 0.977622151 96.595840454
0.978125572 0.039068021 0.204309806 57.403438568 -0.040976703 0.999146461 0.005118097 -3.595218897 -0.203935519 -0.013378062 0.978892088 97.110763550
0.978478789 0.044856239 0.201409042 57.497425079 -0.046094783 0.998935401 0.001461047 -3.597438574 -0.201129153 -0.010713486 0.979505301 97.636650085
0.978601158 0.046135876 0.200523555 57.601818085 -0.046894632 0.998898745 -0.000967144 -3.606930733 -0.200347409 -0.008457006 0.979687572 98.161994934
0.978174746 0.044750482 0.202903971 57.719627380 -0.044762667 0.998986721 -0.004531391 -3.613858461 -0.202901229 -0.004650003 0.979187310 98.698455811
0.977458417 0.043045450 0.206689581 57.838684082 -0.041651584 0.999069929 -0.011092655 -3.616690874 -0.206974909 0.002233692 0.978342831 99.244636536
0.976541698 0.043654881 0.210852951 57.956623077 -0.041241333 0.999023080 -0.015832648 -3.622786760 -0.211338237 0.006765418 0.977388680 99.796653748
0.975364566 0.048445821 0.215210184 58.075492859 -0.046231251 0.998812675 -0.015315176 -3.634602785 -0.215696722 0.004988477 0.976446748 100.372306824
0.973945916 0.051394589 0.220876649 58.201122284 -0.050118975 0.998677731 -0.011379532 -3.644879580 -0.221169546 0.000012967 0.975234449 100.963401794
0.973041296 0.048205663 0.225533903 58.342254639 -0.047889262 0.998828232 -0.006876854 -3.653811455 -0.225601256 -0.004109162 0.974210143 101.566612244
0.972370505 0.043676458 0.229317799 58.492599487 -0.044559047 0.999005079 -0.001330554 -3.663315296 -0.229147881 -0.008924365 0.973349810 102.177024841
0.971597552 0.041060645 0.233047158 58.640388489 -0.042993952 0.999069333 0.003219775 -3.670503855 -0.232698187 -0.013147919 0.972459197 102.798133850
0.971061766 0.036445882 0.236028641 58.793380737 -0.038432114 0.999253094 0.003818473 -3.674785137 -0.235713318 -0.012779029 0.971737683 103.426940918
0.971144557 0.033028100 0.236190706 58.956348419 -0.034170061 0.999414921 0.000742052 -3.680913687 -0.236028165 -0.008791265 0.971705496 104.067008972
0.971265912 0.032284290 0.235794142 59.115894318 -0.031705681 0.999476850 -0.006246045 -3.690089226 -0.235872611 -0.001409412 0.971782029 104.717460632
0.971379161 0.034751069 0.234975532 59.270812988 -0.032629561 0.999383211 -0.012911934 -3.696909904 -0.235279486 0.004875273 0.971914589 105.375862122
0.971904337 0.037687320 0.232336625 59.421234131 -0.034757398 0.999255478 -0.016693130 -3.703622580 -0.232792944 0.008148748 0.972491264 106.043243408
0.972542882 0.035976879 0.229923442 59.584011078 -0.034025300 0.999342501 -0.012448469 -3.713663340 -0.230220303 0.004283492 0.973128259 106.736351013
0.972967386 0.031997122 0.228712678 59.744991302 -0.031713579 0.999483943 -0.004916067 -3.726948261 -0.228752151 -0.002470093 0.973480701 107.437370300
0.973551095 0.032293122 0.226173177 59.907108307 -0.033388041 0.999440968 0.001016282 -3.741259336 -0.226014122 -0.008540854 0.974085748 108.152435303
0.973824978 0.035784494 0.224461943 60.064167023 -0.036812853 0.999321163 0.000396667 -3.750935316 -0.224295557 -0.008649342 0.974481940 108.878044128
0.974076211 0.041650176 0.222349986 60.214153290 -0.041755192 0.999117911 -0.004230873 -3.757735252 -0.222330272 -0.005163045 0.974956930 109.607765198
0.974910080 0.042574190 0.218487054 60.371021271 -0.041499197 0.999092281 -0.009509035 -3.765594006 -0.218693778 0.000203451 0.975792706 110.348327637
0.975834846 0.041314106 0.214565665 60.532730103 -0.039589338 0.999138951 -0.012331536 -3.773288250 -0.214890584 0.003539065 0.976630867 111.098052979
0.976734340 0.039247889 0.210828483 60.692111969 -0.037819099 0.999225140 -0.010806483 -3.786579609 -0.211089477 0.002581753 0.977462471 111.866065979
0.977590024 0.035602286 0.207483470 60.855796814 -0.034530234 0.999363959 -0.008787608 -3.800378799 -0.207664594 0.001426257 0.978198171 112.647071838
0.977991581 0.034483705 0.205773115 61.016345978 -0.033970818 0.999403596 -0.006026150 -3.816838026 -0.205858439 -0.001096727 0.978580296 113.435195923
0.978362978 0.031262029 0.204518571 61.185028076 -0.031163337 0.999506414 -0.003704314 -3.828341246 -0.204533666 -0.002749287 0.978854775 114.220703125
0.978576660 0.026145801 0.204214141 61.353736877 -0.026198065 0.999652803 -0.002448239 -3.837795973 -0.204207480 -0.002954195 0.978922248 115.021781921
0.978702188 0.027125729 0.203483388 61.515830994 -0.027524497 0.999619782 -0.000870749 -3.850286007 -0.203429878 -0.004748544 0.979077101 115.817359924
0.978424788 0.032686148 0.203999713 61.667480469 -0.032791477 0.999457121 -0.002865026 -3.861733675 -0.203982860 -0.003886210 0.978965819 116.624687195
0.978118658 0.038397130 0.204471990 61.827133179 -0.037936144 0.999260128 -0.006175515 -3.873808146 -0.204558074 -0.001716464 0.978851974 117.430213928
0.977525115 0.047316063 0.205438614 61.981716156 -0.046711087 0.998877048 -0.007796584 -3.885994673 -0.205577075 -0.001974877 0.978637993 118.259201050
0.976627529 0.053085458 0.208278194 62.144924164 -0.052765008 0.998580754 -0.007098233 -3.899549246 -0.208359689 -0.004057446 0.978042901 119.072265625
0.975833118 0.055853717 0.211256757 62.308242798 -0.056044716 0.998414278 -0.005088186 -3.917361975 -0.211206242 -0.006874581 0.977416337 119.903404236
0.975247920 0.056401238 0.213798165 62.489368439 -0.056468997 0.998386502 -0.005795270 -3.935577393 -0.213780358 -0.006421118 0.976859629 120.742401123
0.974941552 0.054917272 0.215574592 62.671501160 -0.054360859 0.998484075 -0.008514082 -3.950597048 -0.215715677 -0.003418062 0.976449192 121.566833496
0.974927068 0.049020875 0.217056200 62.860462189 -0.048609413 0.998790681 -0.007237821 -3.967703819 -0.217148796 -0.003494599 0.976131201 122.406356812
0.975216031 0.042444251 0.217143789 63.054317474 -0.041564662 0.999097705 -0.008618662 -3.989006042 -0.217313960 -0.000620420 0.976100504 123.226936340
0.974968195 0.041807663 0.218376637 63.238735199 -0.040898055 0.999124646 -0.008686012 -4.010315418 -0.218548879 -0.000462563 0.975824833 124.058815002
0.974411547 0.044514749 0.220317245 63.423103333 -0.044346754 0.998998940 -0.005711110 -4.025644779 -0.220351160 -0.004205353 0.975410521 124.905632019
0.973987699 0.046552911 0.221765578 63.597251892 -0.047714517 0.998860061 -0.000119749 -4.037169456 -0.221518606 -0.010464775 0.975098968 125.738945007
0.973627269 0.049954068 0.222606570 63.772548676 -0.052189372 0.998627603 0.004166206 -4.052418709 -0.222093195 -0.015674004 0.974898458 126.552101135
0.973411202 0.049349152 0.223683625 63.955539703 -0.050111488 0.998740137 -0.002270833 -4.067158222 -0.223514140 -0.008998638 0.974658132 127.376274109
0.973694384 0.045351118 0.223296806 64.142463684 -0.042753417 0.998949170 -0.016456800 -4.086706638 -0.223808736 0.006477227 0.974610567 128.182250977
