1.000000000 0.000000000 0.000000000 0.000000000 0.000000000 1.000000000 0.000000000 0.000000000 0.000000000 0.000000000 1.000000000 0.000000000
0.999991000 -0.002567014 -0.003381205 -0.000177703 0.002559962 0.999994516 -0.002088309 -0.005909719 0.003386547 0.002079635 0.999992132 0.671519697
0.999970973 -0.001345951 -0.007497664 -0.009262922 0.001319245 0.999992728 -0.003565688 -0.011977993 0.007502409 0.003555693 0.999965608 1.353331804
0.999934435 -0.001346470 -0.011366330 -0.025002025 0.001289501 0.999986470 -0.005017914 -0.016583562 0.011372935 0.005002928 0.999922872 2.059651375
0.999869406 0.000079953 -0.016155353 -0.045236178 -0.000169737 0.999984443 -0.005556213 -0.024432404 0.016154662 0.005558230 0.999854088 2.785799503
0.999784231 -0.000952320 -0.020743947 -0.059397109 0.000830269 0.999982178 -0.005891539 -0.030665152 0.020749193 0.005873046 0.999767482 3.523571253
0.999680400 0.000827944 -0.025261827 -0.085688576 -0.001007977 0.999974072 -0.007114777 -0.040054463 0.025255287 0.007137968 0.999655545 4.278877258
0.999539137 0.003515947 -0.030146182 -0.115146995 -0.003748578 0.999963462 -0.007663711 -0.048950374 0.030118141 0.007773188 0.999516070 5.038747311
0.999396205 0.003788269 -0.034533601 -0.145276785 -0.003999993 0.999973476 -0.006063906 -0.058549099 0.034509722 0.006198381 0.999385118 5.815343380
0.999234259 0.003038073 -0.039003689 -0.179766759 -0.003171164 0.999989271 -0.003350841 -0.068769112 0.038993094 0.003471965 0.999233365 6.609287262
0.999088168 0.002521688 -0.042616103 -0.213016883 -0.002552223 0.999996483 -0.000662104 -0.082207277 0.042614289 0.000770269 0.999091208 7.425235271
0.998969138 0.004317167 -0.045185786 -0.257708967 -0.004375959 0.999989688 -0.001202249 -0.093899965 0.045180131 0.001398743 0.998977780 8.238718987
0.998862267 0.003696792 -0.047541350 -0.297396451 -0.003764567 0.999992013 -0.001336134 -0.103685208 0.047536034 0.001513589 0.998868287 9.060044289
0.998780727 0.000635150 -0.049360100 -0.334837586 -0.000725542 0.999998033 -0.001813353 -0.112007320 0.049358860 0.001846958 0.998779297 9.896722794
0.998661518 0.000642033 -0.051714532 -0.374735892 -0.000690864 0.999999225 -0.000926362 -0.122366078 0.051713906 0.000960852 0.998661399 10.732745171
0.998578668 -0.000740249 -0.053289339 -0.418340743 0.000681104 0.999999046 -0.001128023 -0.133519173 0.053290125 0.001090127 0.998578429 11.577875137
0.998476326 0.001601672 -0.055156384 -0.469210178 -0.001786262 0.999992907 -0.003297515 -0.148344859 0.055150714 0.003391017 0.998472214 12.432103157
0.998390019 0.002276466 -0.056674786 -0.519345284 -0.002618791 0.999978662 -0.005966606 -0.157058731 0.056660000 0.006105422 0.998374820 13.286271095
0.998271823 0.006371018 -0.058418017 -0.578670204 -0.006829457 0.999947309 -0.007651256 -0.167440698 0.058366198 0.008037000 0.998262882 14.159473419
0.998212755 0.007256073 -0.059316900 -0.636786819 -0.007703063 0.999943554 -0.007310419 -0.181192800 0.059260506 0.007754278 0.998212397 15.045742035
0.998135626 0.006728497 -0.060661949 -0.691956460 -0.007098281 0.999957442 -0.005882368 -0.193968609 0.060619786 0.006301999 0.998140991 15.920666695
0.998034775 0.007568260 -0.062203187 -0.749919534 -0.007861500 0.999959052 -0.004470819 -0.206490844 0.062166803 0.004951046 0.998053432 16.814310074
0.997976780 0.007376182 -0.063148968 -0.810767055 -0.007660216 0.999961555 -0.004256912 -0.222841620 0.063115142 0.004732036 0.997994959 17.722137451
0.997854650 0.007121298 -0.065079659 -0.868460298 -0.007476097 0.999958456 -0.005209853 -0.234869719 0.065039858 0.005685220 0.997866392 18.627029419
0.997787297 0.005417007 -0.066265769 -0.929020047 -0.005824662 0.999965250 -0.005960151 -0.246901214 0.066231184 0.006332942 0.997784078 19.526334763
0.997745037 0.005503480 -0.066892028 -0.989748418 -0.005804570 0.999973834 -0.004307588 -0.257440776 0.066866569 0.004686157 0.997750819 20.454315186
0.997731924 0.006651999 -0.066983327 -1.053592443 -0.006722454 0.999977052 -0.000826448 -0.272578716 0.066976294 0.001274870 0.997753620 21.366876602
0.997776389 0.007599515 -0.066215485 -1.118173957 -0.007423189 0.999968231 0.002908566 -0.283942759 0.066235475 -0.002410564 0.997800946 22.298624039
0.997884929 0.006326792 -0.064696953 -1.178715110 -0.005964431 0.999965489 0.005792539 -0.289022416 0.064731352 -0.005394401 0.997887969 23.224737167
0.997972429 0.006718699 -0.063292660 -1.241843104 -0.006322919 0.999959230 0.006451429 -0.294912279 0.063333407 -0.006038149 0.997973979 24.170097351
0.998061776 0.007101497 -0.061824732 -1.303641438 -0.006880570 0.999969125 0.003785658 -0.306510776 0.061849687 -0.003352928 0.998079658 25.103899002
0.998113215 0.008191835 -0.060851563 -1.366405368 -0.008273787 0.999965131 -0.001094863 -0.316562027 0.060840454 0.001596273 0.998145998 26.028614044
0.998197615 0.007343979 -0.059561998 -1.428582788 -0.007596783 0.999962986 -0.004019040 -0.328257382 0.059530262 0.004464278 0.998216271 26.958175659
0.998246908 0.004728209 -0.058998775 -1.479763389 -0.004912163 0.999983430 -0.002973268 -0.339272797 0.058983725 0.003257869 0.998253345 27.903167725
0.998240530 0.002985829 -0.059220612 -1.540797353 -0.002861525 0.999993443 0.002183713 -0.355904579 0.059226729 -0.002010405 0.998242199 28.881689072
0.998195887 -0.000848722 -0.060037028 -1.597995758 0.001188234 0.999983430 0.005619617 -0.366861492 0.060031243 -0.005680812 0.998179972 29.847915649
0.998085797 -0.008247335 -0.061293729 -1.646120548 0.008581070 0.999949694 0.005183693 -0.379446924 0.061247870 -0.005699731 0.998105943 30.801258087
0.997980356 -0.010207530 -0.062700145 -1.706442833 0.010308815 0.999945998 0.001292134 -0.386545122 0.062683545 -0.001935886 0.998031199 31.773658752
0.997893810 -0.009896182 -0.064112470 -1.770619154 0.009740493 0.999948800 -0.002740457 -0.395868838 0.064136282 0.002110199 0.997938514 32.754817963
0.997764587 -0.008439001 -0.066295065 -1.840864062 0.008242354 0.999960780 -0.003239159 -0.410692930 0.066319779 0.002685491 0.997794390 33.732048035
0.997723818 -0.008702337 -0.066871807 -1.907485127 0.008613200 0.999961615 -0.001621108 -0.428096622 0.066883326 0.001041439 0.997759819 34.711521149
0.997648120 -0.005822271 -0.068298526 -1.980393648 0.005925970 0.999981642 0.001315834 -0.443933249 0.068289593 -0.001717470 0.997663558 35.690143585
0.997583628 -0.006028940 -0.069216467 -2.055387735 0.006225177 0.999977231 0.002619798 -0.454311013 0.069199070 -0.003044347 0.997597754 36.679683685
0.997520387 -0.004745032 -0.070220612 -2.130082130 0.005125652 0.999973178 0.005241178 -0.463421643 0.070193835 -0.005588102 0.997517228 37.657146454
0.997544587 -0.005060371 -0.069853447 -2.207251072 0.005649070 0.999950230 0.008232687 -0.467624396 0.069808282 -0.008607071 0.997522831 38.645317078
0.997501254 0.000866934 -0.070645377 -2.280204535 -0.000109632 0.999942601 0.010722960 -0.475921482 0.070650585 -0.010688412 0.997443378 39.621681213
0.997507513 0.000964147 -0.070556022 -2.362908602 -0.000255733 0.999949574 0.010048800 -0.478730381 0.070562117 -0.010005701 0.997456729 40.622421265
0.997527897 0.000913435 -0.070267916 -2.443889380 -0.000324925 0.999964893 0.008386218 -0.482344002 0.070273072 -0.008342646 0.997492433 41.627540588
0.997520030 0.003134741 -0.070316672 -2.520634413 -0.002703420 0.999977052 0.006228328 -0.486881763 0.070334554 -0.006022780 0.997504830 42.599994659
0.997457564 0.002956046 -0.071204640 -2.592005253 -0.002518754 0.999977529 0.006230359 -0.490298599 0.071221426 -0.006035165 0.997441828 43.587005615
0.997365355 0.000737169 -0.072541371 -2.665785313 -0.000177534 0.999970257 0.007720861 -0.501276076 0.072544873 -0.007687634 0.997335076 44.572639465
0.997306347 0.001441400 -0.073337406 -2.740001440 -0.000803582 0.999961674 0.008725826 -0.509304523 0.073347136 -0.008643381 0.997268558 45.560981750
0.997288585 0.003960179 -0.073484831 -2.817734003 -0.003593935 0.999980509 0.005115505 -0.519225597 0.073503628 -0.004837530 0.997282684 46.526573181
0.997220635 0.004670911 -0.074359640 -2.897233725 -0.004610057 0.999988914 0.000989998 -0.529964149 0.074363410 -0.000644441 0.997230470 47.483421326
0.997160137 0.005520906 -0.075109422 -2.973515034 -0.005555874 0.999984562 -0.000256605 -0.541516721 0.075106822 0.000673177 0.997174740 48.447292328
0.997158289 0.004248539 -0.075216942 -3.048029900 -0.004014778 0.999986649 0.003258780 -0.556857824 0.075229757 -0.002947536 0.997161329 49.419544220
0.997157991 0.002472504 -0.075300083 -3.122781754 -0.001993872 0.999977350 0.006430867 -0.567660928 0.075314261 -0.006262445 0.997139633 50.393455505
0.997121155 0.000404638 -0.075825773 -3.194084644 0.000140807 0.999974132 0.007187953 -0.579495251 0.075826712 -0.007177930 0.997094631 51.351249695
0.997095287 -0.002439553 -0.076126829 -3.266742468 0.002906367 0.999977648 0.006021916 -0.591161013 0.076110423 -0.006225671 0.997079432 52.306091309
0.997056305 -0.005045821 -0.076508678 -3.340288162 0.005423125 0.999974132 0.004724600 -0.600763142 0.076482840 -0.005125604 0.997057199 53.257205963
0.996964872 -0.006622906 -0.077572227 -3.414325476 0.007101635 0.999957383 0.005897213 -0.609785795 0.077529848 -0.006430198 0.996968746 54.201847076
0.996865571 -0.009470453 -0.078546621 -3.488204002 0.010289650 0.999896705 0.010031325 -0.619254351 0.078443490 -0.010808092 0.996859431 55.142314911
0.996798873 -0.010228156 -0.079294197 -3.559381723 0.011466029 0.999819100 0.015171632 -0.626917064 0.079124652 -0.016032245 0.996735334 56.080974579
0.996767044 -0.008473843 -0.079898670 -3.637465239 0.009899552 0.999798417 0.017464822 -0.632640064 0.079734541 -0.018199310 0.996649504 57.024555206
0.996668398 -0.007144279 -0.081248045 -3.718138933 0.008260152 0.999875963 0.013406412 -0.633778334 0.081142157 -0.014032860 0.996603310 57.948188782
0.996558964 -0.005810224 -0.082684077 -3.798228502 0.006299598 0.999964118 0.005658998 -0.635842264 0.082648203 -0.006160397 0.996559322 58.864772797
0.996494472 -0.004379367 -0.083544292 -3.879725218 0.004464488 0.999989688 0.000832132 -0.640968680 0.083539762 -0.001202195 0.996503294 59.774871826
0.996415615 0.000231459 -0.084592819 -3.965636730 -0.000082548 0.999998450 0.001763882 -0.652266800 0.084593073 -0.001750574 0.996413589 60.677185059
0.996307969 0.002888176 -0.085802764 -4.051086903 -0.002540046 0.999988139 0.004166275 -0.666117013 0.085813746 -0.003932947 0.996302962 61.549663544
0.996221662 0.005507838 -0.086671323 -4.135066986 -0.005026453 0.999970734 0.005771458 -0.680800140 0.086700536 -0.005313998 0.996219754 62.447139740
0.996115565 0.006432031 -0.087818906 -4.211975574 -0.005969090 0.999966919 0.005533195 -0.692168653 0.087851547 -0.004987500 0.996120572 63.304397583
0.995951176 0.007946992 -0.089542583 -4.291555882 -0.007409587 0.999952555 0.006332545 -0.701619685 0.089588620 -0.005643428 0.995962381 64.160491943
0.995823383 0.008832338 -0.090870433 -4.372930527 -0.008224152 0.999941289 0.007065231 -0.714725256 0.090927452 -0.006288386 0.995837212 64.996543884
0.995698035 0.008886442 -0.092227779 -4.451738834 -0.008232038 0.999938309 0.007473587 -0.721288919 0.092288449 -0.006682210 0.995709419 65.816322327
0.995580435 0.008758914 -0.093500398 -4.528589249 -0.007991802 0.999931455 0.008575732 -0.729716480 0.093569048 -0.007790591 0.995581806 66.614158630
0.995425642 0.011494847 -0.094842240 -4.610900402 -0.010469965 0.999881566 0.011296837 -0.736033857 0.094960809 -0.010252161 0.995427728 67.402046204
0.995281339 0.013164909 -0.096130513 -4.692768574 -0.011735684 0.999812484 0.015417940 -0.742983460 0.096315406 -0.014217026 0.995248854 68.185333252
0.995070577 0.016301639 -0.097816557 -4.773099422 -0.014691859 0.999745131 0.017155048 -0.747848272 0.098071225 -0.015633371 0.995056152 68.949295044
0.994896054 0.019003283 -0.099095091 -4.855519772 -0.017784029 0.999755323 0.013172944 -0.755515695 0.099321119 -0.011343397 0.994990349 69.692253113
0.994768202 0.019221583 -0.100328796 -4.935410500 -0.018726742 0.999807656 0.005871882 -0.762797952 0.100422315 -0.003962330 0.994936585 70.419403076
0.994617879 0.018390333 -0.101961300 -5.005196095 -0.018475026 0.999829590 0.000113819 -0.768688679 0.101945966 0.001770531 0.994787931 71.117118835
0.994561374 0.019409981 -0.102322601 -5.081212044 -0.019620586 0.999807179 -0.001051988 -0.775514483 0.102282412 0.003053895 0.994750261 71.807273865
0.994414687 0.022197038 -0.103178062 -5.155373096 -0.022055803 0.999753833 0.002509805 -0.788291156 0.103208326 -0.000220112 0.994659305 72.473976135
0.994270980 0.022501884 -0.104488820 -5.227916718 -0.022117266 0.999743938 0.004838423 -0.803129852 0.104570888 -0.002499696 0.994513869 73.126289368
0.994239748 0.019280409 -0.105425470 -5.297131062 -0.019221099 0.999814272 0.001578761 -0.813143492 0.105436288 0.000456726 0.994425535 73.765342712
0.994363308 0.011258449 -0.105421863 -5.352993011 -0.011690298 0.999925911 -0.003479301 -0.826225996 0.105374835 0.004692101 0.994421065 74.379837036
0.994491696 0.007270664 -0.104558058 -5.405810833 -0.008176383 0.999933004 -0.008236317 -0.838497043 0.104491115 0.009045854 0.994484246 74.964653015
0.994788229 0.009852631 -0.101480849 -5.466098309 -0.010766834 0.999906540 -0.008464801 -0.849924386 0.101387925 0.009513310 0.994800985 75.540809631
0.995138168 0.015017119 -0.097332366 -5.530481815 -0.015627837 0.999863029 -0.005515142 -0.862249553 0.097236179 0.007009423 0.995236158 76.105529785
0.995598614 0.013648878 -0.092715196 -5.578588486 -0.013931607 0.999900460 -0.002402843 -0.874144852 0.092673138 0.003683941 0.995689273 76.661605835
0.996159971 0.010054839 -0.086966574 -5.615663052 -0.009938160 0.999949455 0.001774518 -0.885640502 0.086979993 -0.000903412 0.996209145 77.204208374
0.996871531 0.005841658 -0.078816444 -5.645990849 -0.005447457 0.999971986 0.005215540 -0.900109529 0.078844681 -0.004769868 0.996875048 77.729492188
0.997627437 0.009542516 -0.068171859 -5.679684162 -0.009222575 0.999945402 0.005006329 -0.908193290 0.068215892 -0.004365725 0.997660577 78.244827271
0.998479545 0.014798455 -0.053089574 -5.708957195 -0.014578437 0.999883950 0.004529225 -0.915318131 0.053150419 -0.003748369 0.998579025 78.743850708
0.999181032 0.020091062 -0.035107046 -5.725246906 -0.019930111 0.999789655 0.004928799 -0.920490265 0.035198674 -0.004225069 0.999370992 79.231979370
0.999738991 0.018663673 -0.013134697 -5.716210365 -0.018594805 0.999813199 0.005346318 -0.925725162 0.013232024 -0.005100679 0.999899030 79.706611633
0.999800563 0.015129282 0.012995185 -5.687042713 -0.015209371 0.999866188 0.006086204 -0.932503760 -0.012901363 -0.006282632 0.999896646 80.172080994
0.999004126 0.014003843 0.042350478 -5.644932747 -0.014334036 0.999869525 0.007503041 -0.941316307 -0.042239867 -0.008102615 0.999074280 80.624015808
0.997079015 0.013572306 0.075153336 -5.586133480 -0.014265402 0.999860883 0.008693269 -0.947726130 -0.075024858 -0.009739964 0.997133672 81.073562622
0.993538260 0.013690182 0.112663612 -5.510826111 -0.014797650 0.999850452 0.008999448 -0.952220440 -0.112523511 -0.010608448 0.993592024 81.521690369
0.987941086 0.014037464 0.154188320 -5.417515755 -0.015564331 0.999841511 0.008699870 -0.955260277 -0.154041693 -0.010994791 0.988002777 81.949279785
0.979875922 0.013733312 0.199131280 -5.301495075 -0.015728928 0.999841154 0.008443098 -0.961899877 -0.198983625 -0.011405304 0.979936063 82.369827271
0.968596935 0.015948761 0.248121783 -5.170413017 -0.018044384 0.999818623 0.006173911 -0.971850276 -0.247978225 -0.010457229 0.968708754 82.775085449
0.953398287 0.016699258 0.301250160 -5.014928818 -0.018505815 0.999824226 0.003143906 -0.981960595 -0.301144630 -0.008572268 0.953539550 83.165176392
0.933893442 0.017195879 0.357136011 -4.838663578 -0.018622601 0.999826789 0.000556192 -0.986743689 -0.357064515 -0.007170220 0.934051871 83.533035278
0.910190105 0.017603360 0.413814962 -4.635484219 -0.018766871 0.999823451 -0.001253754 -0.997361600 -0.413763911 -0.006624850 0.910359800 83.879219055
0.881366789 0.017552668 0.472105026 -4.426352501 -0.018495569 0.999825835 -0.002643946 -1.013768435 -0.472069144 -0.006401557 0.881537974 84.202316284
0.848259628 0.015824661 0.529342890 -4.186508179 -0.015754286 0.999865472 -0.004644999 -1.027764082 -0.529345095 -0.004399246 0.848394811 84.508117676
0.811724484 0.015564592 0.583831966 -3.925669432 -0.014766993 0.999872565 -0.006124825 -1.038882256 -0.583852768 -0.003649764 0.811850905 84.799697876
0.772409797 0.014279345 0.634962797 -3.648525238 -0.013923834 0.999888003 -0.005548088 -1.049122930 -0.634970784 -0.004555711 0.772522211 85.066619873
0.730208397 0.013806308 0.683083892 -3.359881639 -0.015301587 0.999875844 -0.003851995 -1.056854963 -0.683052063 -0.007639500 0.730329096 85.313880920
0.685214043 0.012953840 0.728225529 -3.056381226 -0.014533011 0.999886334 -0.004111544 -1.061380029 -0.728195786 -0.007766013 0.685324550 85.545288086
0.638897896 0.011894401 0.769198596 -2.739294052 -0.011272534 0.999918222 -0.006099096 -1.066970110 -0.769207954 -0.004774108 0.638979912 85.752090454
0.592360020 0.009594809 0.805615306 -2.412881613 -0.005553601 0.999954283 -0.007825851 -1.072205067 -0.805653393 0.000161665 0.592386484 85.933425903
0.545828581 0.011708475 0.837814152 -2.081623554 -0.007421399 0.999931037 -0.009139070 -1.081837416 -0.837863207 -0.001229378 0.545878112 86.105270386
0.498533100 0.014892296 0.866741896 -1.744635582 -0.011222929 0.999879897 -0.010724637 -1.088570237 -0.866797328 -0.004380787 0.498640597 86.268821716
0.453104585 0.017032187 0.891293824 -1.405137062 -0.012037967 0.999843597 -0.012986796 -1.099520564 -0.891375422 -0.004844980 0.453238994 86.408142090
0.411042243 0.014619427 0.911498249 -1.053239584 -0.004614575 0.999892354 -0.013956203 -1.106893539 -0.911603987 0.001530420 0.411065698 86.520690918
0.371702254 0.007498005 0.928320944 -0.689676642 0.010545744 0.999869168 -0.012298428 -1.109516859 -0.928291500 0.014361193 0.371574819 86.610679626
0.336486608 0.004027705 0.941678882 -0.326958150 0.014856708 0.999844134 -0.009585164 -1.114865541 -0.941570461 0.017215533 0.336374551 86.702369690
0.303306162 0.008140366 0.952857614 0.032110542 0.012341973 0.999846578 -0.012470383 -1.123671651 -0.952812672 0.015542494 0.303159416 86.798820496
0.272019207 0.015632382 0.962164044 0.396002233 0.001680245 0.999859273 -0.016719837 -1.140164852 -0.962289870 0.006164797 0.271954924 86.902061462
0.243674085 0.019865362 0.969652891 0.773395777 -0.003155292 0.999801636 -0.019690080 -1.161471009 -0.969851553 0.001738435 0.243688703 86.988929749
0.218069062 0.021548443 0.975694597 1.164103627 -0.002140034 0.999764860 -0.021601722 -1.179568648 -0.975930572 0.002622659 0.218064189 87.056053162
0.194764152 0.022944769 0.980580866 1.564025879 0.005313317 0.999687552 -0.024447165 -1.191709518 -0.980835319 0.009971580 0.194581658 87.109863281
0.174815863 0.029404011 0.984161139 1.965736866 0.012462631 0.999408364 -0.032073259 -1.189586520 -0.984521866 0.017872166 0.174346268 87.154502869
0.155006602 0.036159173 0.987250626 2.384840012 0.014379747 0.999141991 -0.038852431 -1.193971992 -0.987808406 0.020218814 0.154353946 87.207221985
0.137307003 0.037029851 0.989835322 2.819460869 0.011967602 0.999166548 -0.039039023 -1.209226370 -0.990455866 0.017206304 0.136749700 87.265373230
0.121845089 0.032613613 0.992012382 3.270890474 0.009890441 0.999371052 -0.034070324 -1.236361027 -0.992499530 0.013962757 0.121446207 87.316825867
0.107447654 0.029370312 0.993776083 3.737355709 0.010189428 0.999479055 -0.030640528 -1.259116054 -0.994158149 0.013418277 0.107092746 87.358108521
0.094260380 0.026908750 0.995183110 4.221995831 0.012564618 0.999523401 -0.028216166 -1.279617786 -0.995467901 0.015163776 0.093877688 87.393363953
0.082642317 0.026162380 0.996235073 4.719063759 0.016163360 0.999489188 -0.027588647 -1.298012614 -0.996447802 0.018382508 0.082177572 87.423675537
0.072625749 0.026807198 0.996998191 5.231196404 0.019367518 0.999412835 -0.028282920 -1.314774632 -0.997170806 0.021363460 0.072064251 87.448554993
0.064768836 0.027408864 0.997523069 5.753730774 0.021375323 0.999355793 -0.028847096 -1.332775712 -0.997670949 0.023190781 0.064141572 87.477066040
0.059253678 0.027793445 0.997855246 6.299490452 0.023007181 0.999309301 -0.029200116 -1.351661444 -0.997977436 0.024688059 0.058573641 87.502792358
0.053694285 0.028874673 0.998139203 6.861918449 0.024266087 0.999249399 -0.030212155 -1.370325923 -0.998262227 0.025843160 0.052953649 87.528472900
0.047714390 0.029621217 0.998421073 7.439959526 0.024770109 0.999218166 -0.030828614 -1.390071988 -0.998553574 0.026201975 0.046943709 87.556488037
0.043369349 0.029591281 0.998620152 8.035191536 0.027327996 0.999152601 -0.030793879 -1.414016008 -0.998685062 0.028625803 0.042524271 87.578117371
0.040544696 0.029617971 0.998738050 8.653153419 0.028776646 0.999111831 -0.030797256 -1.434762836 -0.998763025 0.029989000 0.039656721 87.599334717
0.037525341 0.029191315 0.998868644 9.290835381 0.029719085 0.999099016 -0.030314518 -1.458321333 -0.998853445 0.030823026 0.036624331 87.621231079
0.035224549 0.028595036 0.998969674 9.949258804 0.031962715 0.999047458 -0.029724287 -1.480906367 -0.998867929 0.032976810 0.034277365 87.640426636
0.034581956 0.028238004 0.999002278 10.616398811 0.036222067 0.998909116 -0.029489240 -1.503851056 -0.998745024 0.037205726 0.033521734 87.658203125
0.035615310 0.027930707 0.998974621 11.306924820 0.039376512 0.998794496 -0.029329503 -1.526861668 -0.998589277 0.040380720 0.034472901 87.677406311
0.038046099 0.027882364 0.998886347 12.014435768 0.041056816 0.998723507 -0.029441597 -1.550014019 -0.998431981 0.042131230 0.036853112 87.701599121
0.041969661 0.027808391 0.998731256 12.738699913 0.043481968 0.998615265 -0.029632386 -1.574963927 -0.998172045 0.044670463 0.040702716 87.729904175
0.046332326 0.027422134 0.998549044 13.474684715 0.043781761 0.998607397 -0.029455181 -1.600596428 -0.997965932 0.045082964 0.045067549 87.764816284
0.050361078 0.025735306 0.998398900 14.227188110 0.045340158 0.998578966 -0.028026976 -1.626742005 -0.997701108 0.046679035 0.049123000 87.802291870
0.054356735 0.024144799 0.998229027 14.979198456 0.045154307 0.998626113 -0.026613181 -1.655411839 -0.997499764 0.046520952 0.053192142 87.845046997
0.058542166 0.022081625 0.998040080 15.752799034 0.042067241 0.998813331 -0.024566263 -1.680653691 -0.997397900 0.043422963 0.057544112 87.896392822
0.062637717 0.020991132 0.997814894 16.546905518 0.041440152 0.998862505 -0.023614556 -1.705933928 -0.997175336 0.042828768 0.061696917 87.949752808
0.066701658 0.022040015 0.997528791 17.331613541 0.038712762 0.998946667 -0.024659928 -1.732513070 -0.997021377 0.040261958 0.065778486 88.010108948
0.069772877 0.026061663 0.997221708 18.112405777 0.036472429 0.998924196 -0.028658018 -1.764533997 -0.996895671 0.038370650 0.068747602 88.068061829
0.071142264 0.031481426 0.996968567 18.893976212 0.030519180 0.998965740 -0.033722281 -1.794781685 -0.996998906 0.032825746 0.070108213 88.131446838
0.071085997 0.034576289 0.996870041 19.693803787 0.027875034 0.998940408 -0.036635831 -1.830312967 -0.997080326 0.030392086 0.070047177 88.190162659
0.071288116 0.034169886 0.996869624 20.494943619 0.025759341 0.999017239 -0.036085587 -1.866107345 -0.997122824 0.028251182 0.070338182 88.252693176
0.071480714 0.032629233 0.996907413 21.307857513 0.023255736 0.999139190 -0.034369756 -1.902620912 -0.997170568 0.025640596 0.070660673 88.313362122
0.071363263 0.031422302 0.996954620 22.124401093 0.024238335 0.999154508 -0.033226635 -1.939598083 -0.997155607 0.026535684 0.070541613 88.372894287
0.071938865 0.030917695 0.996929049 22.924240112 0.021771355 0.999233246 -0.032560170 -1.976416111 -0.997171104 0.024046840 0.071210898 88.429840088
0.072218873 0.031289518 0.996897221 23.724042892 0.020174719 0.999258101 -0.032825135 -2.015003681 -0.997184455 0.022482717 0.071534343 88.488471985
0.072331928 0.031916559 0.996869147 24.532447815 0.017148338 0.999300957 -0.033238672 -2.055471182 -0.997232914 0.019498870 0.071734354 88.551734924
0.071256861 0.033343408 0.996899843 25.337495804 0.014521616 0.999301136 -0.034461696 -2.092994452 -0.997352004 0.016932232 0.070723169 88.614051819
0.068316586 0.033061422 0.997115016 26.151264191 0.011603458 0.999357462 -0.033930767 -2.130865097 -0.997595906 0.013888021 0.067889370 88.680541992
0.064351775 0.031998653 0.997413397 26.955944061 0.009376904 0.999422967 -0.032668099 -2.165049076 -0.997882903 0.011454904 0.064014897 88.739685059
0.059480827 0.029642090 0.997788548 27.764387131 0.007783753 0.999515533 -0.030157395 -2.199872732 -0.998198807 0.009560331 0.059221592 88.795356750
0.053181823 0.027660126 0.998201013 28.569587708 0.005774061 0.999591708 -0.028006282 -2.237702370 -0.998567879 0.007253102 0.053000711 88.843391418
0.045845941 0.027866077 0.998559117 29.371965408 0.005572080 0.999588788 -0.028150629 -2.274070024 -0.998932779 0.006854646 0.045672130 88.880950928
0.037210274 0.028873296 0.998889565 30.167638779 0.005366514 0.999562979 -0.029092662 -2.309386969 -0.999292910 0.006443105 0.037039377 88.910247803
0.027368415 0.029432846 0.999191344 30.970788956 0.006470399 0.999540985 -0.029620361 -2.340390205 -0.999604344 0.007275833 0.027165722 88.931938171
0.017078873 0.028454572 0.999448538 31.772024155 0.007939416 0.999560356 -0.028593412 -2.374287367 -0.999822438 0.008423384 0.016845763 88.947021484
0.006187985 0.027374864 0.999605477 32.572299957 0.007195959 0.999598920 -0.027419211 -2.408644199 -0.999954760 0.007362794 0.005988828 88.954887390
-0.004770782 0.026695365 0.999631584 33.343914032 0.008899147 0.999606013 -0.026652189 -2.439803123 -0.999948800 0.008768721 -0.005006151 88.945785522
-0.015853710 0.027187122 0.999503970 34.123336792 0.009476254 0.999590337 -0.027039140 -2.467542648 -0.999829233 0.009042887 -0.016104525 88.934913635
-0.026845548 0.027697910 0.999255180 34.906318665 0.009684343 0.999577224 -0.027446643 -2.503580570 -0.999592483 0.008940313 -0.027102105 88.911567688
-0.037441373 0.028853705 0.998881578 35.685501099 0.009258265 0.999550998 -0.028525995 -2.535752296 -0.999255717 0.008179861 -0.037691362 88.883651733
-0.047622174 0.029735692 0.998422146 36.451637268 0.010165016 0.999520302 -0.029283535 -2.571843386 -0.998813450 0.008754434 -0.047901258 88.843276978
-0.057141311 0.030431306 0.997901618 37.219547272 0.011073465 0.999494016 -0.029845765 -2.605764866 -0.998304486 0.009344805 -0.057449035 88.797607422
-0.066810146 0.031000519 0.997283459 37.969520569 0.012211291 0.999468625 -0.030250369 -2.636247873 -0.997690797 0.010157088 -0.067152850 88.745857239
-0.076141849 0.031389300 0.996602237 38.710620880 0.013078351 0.999450684 -0.030479794 -2.670938015 -0.997011006 0.010713126 -0.076510191 88.686973572
-0.084657960 0.030954247 0.995928526 39.437828064 0.014312585 0.999452829 -0.029847138 -2.703576803 -0.996307075 0.011727514 -0.085054323 88.619117737
-0.091936864 0.029868830 0.995316148 40.167743683 0.016050972 0.999465466 -0.028510708 -2.736517906 -0.995635271 0.013354605 -0.092366792 88.548698425
-0.097111166 0.028176541 0.994873941 40.888057709 0.018703397 0.999475181 -0.026481166 -2.770076036 -0.995097578 0.016035901 -0.097586840 88.474922180
-0.100824021 0.026478224 0.994551241 41.589199066 0.021517411 0.999470830 -0.024427824 -2.802358389 -0.994671345 0.018937249 -0.101340063 88.397903442
-0.103407800 0.025587983 0.994309187 42.301830292 0.023392372 0.999455929 -0.023287613 -2.826819658 -0.994363666 0.020851124 -0.103949748 88.320648193
-0.105279908 0.024785882 0.994132996 42.989048004 0.023358552 0.999476016 -0.022445373 -2.855254650 -0.994167984 0.020858455 -0.105803348 88.251831055
-0.106092878 0.025150988 0.994037390 43.647327423 0.023964645 0.999455214 -0.022730317 -2.885074615 -0.994067073 0.021410223 -0.106637456 88.185218811
-0.105344638 0.026098957 0.994092524 44.306491852 0.024506692 0.999420941 -0.023641834 -2.914137125 -0.994133413 0.021871373 -0.105922885 88.118949890
-0.102241740 0.027832646 0.994369447 44.933399200 0.025625264 0.999351382 -0.025337256 -2.940014124 -0.994429111 0.022890447 -0.102888294 88.054092407
-0.097045079 0.028379276 0.994874597 45.549758911 0.025865166 0.999328673 -0.025983283 -2.965882301 -0.994943500 0.023211041 -0.097713619 87.998008728
-0.089162879 0.029081924 0.995591700 46.153774261 0.025135029 0.999321997 -0.026939824 -2.992886543 -0.995699584 0.022622190 -0.089833051 87.953315735
-0.078189738 0.029057359 0.996514261 46.745346069 0.023886297 0.999343753 -0.027265640 -3.020220995 -0.996652007 0.021671137 -0.078832157 87.920478821
-0.064597264 0.029266553 0.997481465 47.304691315 0.022833431 0.999352515 -0.027842717 -3.049909115 -0.997649908 0.020977357 -0.065223359 87.896385193
-0.047539964 0.030509878 0.998402596 47.846248627 0.021675000 0.999330580 -0.029506126 -3.079436779 -0.998633921 0.020237653 -0.048169114 87.885292053
-0.026446193 0.033148170 0.999099791 48.379230499 0.019936658 0.999269783 -0.032626051 -3.105267048 -0.999451220 0.019055875 -0.027087430 87.888427734
-0.002027079 0.036026776 0.999348104 48.884159088 0.017607436 0.999198198 -0.035985619 -3.133344889 -0.999842763 0.017523011 -0.002659490 87.906974792
0.026023792 0.037684377 0.998950064 49.404335022 0.015387940 0.999156713 -0.038093008 -3.161168337 -0.999542654 0.016363110 0.025422251 87.943611145
0.059038445 0.036823172 0.997575641 49.915630341 0.012681116 0.999212086 -0.037634037 -3.191793203 -0.998174965 0.014872229 0.058525242 87.995452881
0.096979767 0.034117669 0.994700789 50.422523499 0.011358468 0.999310255 -0.035383150 -3.221193790 -0.995221257 0.014729726 0.096525595 88.066207886
0.138840407 0.030295145 0.989850640 50.922168732 0.008990811 0.999453247 -0.031850096 -3.248268127 -0.990273654 0.013321640 0.138492316 88.162994385
0.184548274 0.025865298 0.982482374 51.414134979 0.006044302 0.999605894 -0.027451420 -3.275378942 -0.982804537 0.011004532 0.184319362 88.278091431
0.232439190 0.022680169 0.972345829 51.894481659 0.001185863 0.999721766 -0.023602167 -3.298951626 -0.972609878 0.006639136 0.232347742 88.428680420
0.283787221 0.021313893 0.958649755 52.360069275 -0.002963415 0.999768674 -0.021350816 -3.319357157 -0.958882332 0.003218213 0.283784837 88.601684570
0.338008851 0.021261172 0.940902114 52.803878784 -0.004190698 0.999769926 -0.021085890 -3.334252119 -0.941133201 0.003184182 0.338020235 88.799934387
0.395402879 0.021467164 0.918256223 53.237430573 -0.002721829 0.999750853 -0.022200303 -3.356461287 -0.918503344 0.006278726 0.395362794 89.024009705
0.455135435 0.024559259 0.890082777 53.645668030 -0.002086486 0.999647260 -0.026515434 -3.377004385 -0.890419304 0.010210966 0.455026060 89.268585205
0.514544189 0.026243364 0.857061446 54.034755707 -0.000396283 0.999539733 -0.030368127 -3.408347130 -0.857463181 0.015286099 0.514317632 89.539100647
0.572358131 0.029263604 0.819480658 54.396015167 -0.003842566 0.999448776 -0.033006418 -3.432992458 -0.819994092 0.015742578 0.572154880 89.838912964
0.628125310 0.031427003 0.777476430 54.738861084 -0.007008416 0.999373019 -0.034734309 -3.453375101 -0.778079867 0.016368615 0.627951503 90.164932251
0.680905700 0.032193657 0.731662273 55.053325653 -0.008510226 0.999314725 -0.036050659 -3.467437029 -0.732320845 0.018320478 0.680712759 90.506553650
0.729556561 0.029727126 0.683273137 55.332820892 -0.008480279 0.999372303 -0.034424875 -3.487475157 -0.683867037 0.019320536 0.729350328 90.859664917
0.774535298 0.025368864 0.632020712 55.598415375 -0.009626720 0.999553442 -0.028323865 -3.508413076 -0.632456541 0.015853537 0.774433196 91.247161865
0.815552473 0.020972043 0.578301728 55.836582184 -0.010550290 0.999716818 -0.021375963 -3.518893957 -0.578585804 0.011331964 0.815542459 91.651901245
0.851526320 0.018523579 0.523983181 56.046062469 -0.012580264 0.999810815 -0.014900509 -3.529351950 -0.524159610 0.006096328 0.851597905 92.075561523
0.882238925 0.015041133 0.470559984 56.238254547 -0.013047547 0.999887705 -0.007498209 -3.538477182 -0.470619500 0.000475560 0.882335782 92.521141052
0.907366276 0.015598383 0.420049518 56.391281128 -0.016339265 0.999865770 -0.001834445 -3.551965237 -0.420021355 -0.005198783 0.907498956 92.957511902
0.927183867 0.017321954 0.374203801 56.532196045 -0.019485166 0.999809086 0.001998157 -3.564541101 -0.374097407 -0.009144076 0.927344024 93.409858704
0.942130625 0.023370890 0.334428102 56.644702911 -0.026517952 0.999637485 0.004847043 -3.574507952 -0.334193289 -0.013434887 0.942408502 93.863296509
0.953704953 0.027936485 0.299440831 56.747261047 -0.030518832 0.999527335 0.003949746 -3.576138973 -0.299188644 -0.012905467 0.954106450 94.318908691
0.962797582 0.029744627 0.268578559 56.853096008 -0.032042567 0.999478757 0.004175381 -3.576454401 -0.268314064 -0.012625982 0.963248491 94.783836365
0.968833387 0.024285132 0.246516690 56.970638275 -0.026229167 0.999646366 0.004604906 -3.580584049 -0.246317387 -0.010927307 0.969127417 95.256301880
0.972745478 0.021531714 0.230869964 57.078350067 -0.023398625 0.999712944 0.005351118 -3.587408781 -0.230688170 -0.010607310 0.972969711 95.738418579
0.975570500 0.025844680 0.218157291 57.170764923 -0.027604742 0.999607325 0.005023353 -3.589641809 -0.217941523 -0.010922804 0.975900531 96.231117249
0.977499485 0.031283785 0.208600909 57.255714417 -0.033150267 0.999436498 0.005456612 -3.587634563 -0.208312392 -0.012249004 0.977985442 96.728805542
0.978474319 0.039085660 0.202629268 57.341503143 -0.040767450 0.999161124 0.004131030 -3.588289499 -0.202297568 -0.012302776 0.979246616 97.243209839
0.978833437 0.044740044 0.199704453 57.434986115 -0.045753568 0.998953700 0.000460336 -3.590506315 -0.199474663 -0.009587774 0.979855895 97.767410278
0.978954673 0.046012990 0.198818833 57.538497925 -0.046551298 0.998915017 -0.001968685 -3.600511312 -0.198693454 -0.007328014 0.980034113 98.293037415
0.978522480 0.044618793 0.201249197 57.652873993 -0.044416793 0.998998880 -0.005521758 -3.608185530 -0.201293856 -0.003535674 0.979524314 98.824172974
0.977809906 0.042878766 0.205055103 57.770015717 -0.041276928 0.999075651 -0.012085069 -3.611362934 -0.205383524 0.003352859 0.978675604 99.370117188
0.976925254 0.043458149 0.209109649 57.891914368 -0.040837236 0.999024928 -0.016837148 -3.617146492 -0.209637240 0.007909176 0.977746964 99.917999268
0.975758493 0.048260108 0.213459015 58.009941101 -0.045826782 0.998816788 -0.016336164 -3.629690886 -0.213994607 0.006158015 0.976815164 100.493682861
0.974350333 0.051217832 0.219126940 58.134510040 -0.049708821 0.998687744 -0.012398209 -3.640586376 -0.219474182 0.001187663 0.975617349 101.084991455
0.973460793 0.048121352 0.223733857 58.275554657 -0.047580976 0.998837769 -0.007809189 -3.651940823 -0.223849401 -0.003043529 0.974618793 101.687492371
0.972792029 0.043620553 0.227532893 58.423389435 -0.044269163 0.999018013 -0.002254618 -3.662198067 -0.227407575 -0.007879407 0.973767579 102.295318604
0.972026467 0.041007038 0.231260270 58.570312500 -0.042694673 0.999086440 0.002295285 -3.669924259 -0.230954647 -0.012104650 0.972889006 102.917205811
0.971499622 0.036383618 0.234228700 58.723247528 -0.038121764 0.999269783 0.002895716 -3.675117493 -0.233952075 -0.011742390 0.972177029 103.547271729
0.971582592 0.032959566 0.234391153 58.885047913 -0.033860710 0.999427438 -0.000179972 -3.681870699 -0.234262660 -0.007761787 0.972142160 104.187553406
0.971703827 0.032199252 0.233993873 59.043418884 -0.031393498 0.999482274 -0.007168418 -3.691642523 -0.234103337 -0.000380302 0.972211421 104.838188171
0.971816003 0.034462772 0.233204260 59.193344116 -0.032128140 0.999389291 -0.013803552 -3.701445341 -0.233537346 0.005922096 0.972329497 105.495239258
0.972338736 0.037376691 0.230561569 59.342479706 -0.034242436 0.999259710 -0.017582010 -3.708901882 -0.231047854 0.009200680 0.972898602 106.161796570
0.972972333 0.035673298 0.228145972 59.503993988 -0.033512678 0.999350071 -0.013338681 -3.719576836 -0.228473350 0.005332384 0.973535359 106.855194092
0.973394513 0.031703617 0.226927876 59.664199829 -0.031197648 0.999497056 -0.005816884 -3.732908010 -0.226997986 -0.001417493 0.973894000 107.556900024
0.973971486 0.032037798 0.224391028 59.824638367 -0.032902751 0.999459267 0.000115449 -3.747927427 -0.224265814 -0.007495525 0.974498987 108.271598816
0.974244773 0.035362970 0.222699091 59.978164673 -0.036168367 0.999346316 -0.000462401 -3.760898590 -0.222569689 -0.007604169 0.974886954 108.996566772
0.974494636 0.041222431 0.220588312 60.126834869 -0.041112531 0.999142230 -0.005091333 -3.768349648 -0.220608801 -0.004107464 0.975353539 109.726554871
0.975321770 0.042136751 0.216726184 60.282367706 -0.040859740 0.999111712 -0.010372005 -3.776867390 -0.216970563 0.001260670 0.976177156 110.467391968
0.976232469 0.040886637 0.212830395 60.440956116 -0.038973127 0.999154031 -0.013180325 -3.786472082 -0.213189095 0.004572398 0.977000117 111.217643738
0.977123559 0.038833998 0.209092930 60.598857880 -0.037216999 0.999239862 -0.011663865 -3.800242662 -0.209386781 0.003615229 0.977826059 111.985565186
0.977970779 0.035193969 0.205749512 60.761173248 -0.033934709 0.999378204 -0.009647105 -3.814723969 -0.205960929 0.002452540 0.978556991 112.766830444
0.978367448 0.034092244 0.204042166 60.920310974 -0.033389106 0.999419391 -0.006888742 -3.831800222 -0.204158366 -0.000073062 0.978937745 113.556167603
0.978740513 0.030832369 0.202767581 61.087684631 -0.030542817 0.999523818 -0.004557692 -3.844104528 -0.202811360 -0.001732294 0.979216158 114.341247559
0.978955925 0.025670374 0.202446803 61.255046844 -0.025529241 0.999669373 -0.003308732 -3.854559183 -0.202464595 -0.001929210 0.979287505 115.136726379
0.979069054 0.026649272 0.201772034 61.412284851 -0.026846135 0.999638796 -0.001761313 -3.866029739 -0.201745883 -0.003692351 0.979430735 115.930030823
0.978811324 0.032185644 0.202214837 61.565773010 -0.032085281 0.999478757 -0.003775116 -3.877090454 -0.202230722 -0.002792991 0.979333699 116.736297607
0.978500605 0.037968367 0.202715263 61.724365234 -0.037304539 0.999279439 -0.007095923 -3.889597178 -0.202838421 -0.000618832 0.979211807 117.550712585
0.977923989 0.046870343 0.203632697 61.879356384 -0.046058808 0.998901308 -0.008725463 -3.902449131 -0.203817740 -0.000846234 0.979008257 118.376426697
0.976971149 0.052972946 0.206687286 62.033596039 -0.052450690 0.998592079 -0.008009722 -3.918792248 -0.206820399 -0.003015617 0.978374064 119.204811096
0.976208687 0.055684205 0.209557533 62.200809479 -0.055675030 0.998431921 -0.005947767 -3.939648628 -0.209559947 -0.005860853 0.977778018 120.034461975
0.975633562 0.056174517 0.212089866 62.381259918 -0.056038886 0.998407066 -0.006655591 -3.957895517 -0.212125719 -0.005391856 0.977227271 120.875335693
0.975331664 0.054676052 0.213862285 62.561882019 -0.053922243 0.998501897 -0.009361304 -3.974126816 -0.214053556 -0.002401551 0.976818740 121.697998047
0.975318313 0.048779730 0.215344131 62.749374390 -0.048169475 0.998807132 -0.008084384 -3.991961002 -0.215481400 -0.002488160 0.976504564 122.537834167
0.975552142 0.042304642 0.215654269 62.931644440 -0.041223589 0.999105394 -0.009510539 -4.011987686 -0.215863466 0.000387989 0.976423264 123.364196777
0.975309134 0.041622825 0.216882601 63.115879059 -0.040513765 0.999133945 -0.009559490 -4.034425735 -0.217092440 0.000536732 0.976150692 124.199623108
0.974738836 0.044368215 0.218892589 63.296165466 -0.043992959 0.999010742 -0.006590595 -4.050924778 -0.218968257 -0.003205618 0.975726545 125.051460266
0.974313140 0.046460252 0.220348954 63.468917847 -0.047407359 0.998875737 -0.000990992 -4.063753128 -0.220147073 -0.009480618 0.975420415 125.885620117
0.973953068 0.049872648 0.221193269 63.642848969 -0.051885594 0.998648226 0.003295503 -4.079779148 -0.220729709 -0.014686402 0.975224257 126.699157715
0.973737657 0.049281862 0.222271264 63.825801849 -0.049827248 0.998753488 -0.003157036 -4.094777584 -0.222149596 -0.008001035 0.974979579 127.529060364
0.974019468 0.045261029 0.221891269 64.011634827 -0.042468987 0.998947978 -0.017340671 -4.115038872 -0.222442493 0.007466659 0.974916995 128.335632324
