1.000000000 0.000000000 0.000000000 0.000000000 0.000000000 1.000000000 0.000000000 0.000000000 0.000000000 0.000000000 1.000000000 0.000000000
0.999991119 -0.002514734 -0.003389388 -0.000623495 0.002507505 0.999994576 -0.002135383 -0.004783031 0.003394739 0.002126866 0.999991953 0.670120418
0.999971032 -0.001298233 -0.007507703 -0.009701353 0.001271153 0.999992609 -0.003610631 -0.010936065 0.007512336 0.003600983 0.999965250 1.351690769
0.999934435 -0.001156608 -0.011392205 -0.023925005 0.001098828 0.999986410 -0.005076822 -0.014932271 0.011397922 0.005063972 0.999922156 2.057296276
0.999869108 0.000282892 -0.016175702 -0.044411033 -0.000373752 0.999984086 -0.005614330 -0.022925727 0.016173856 0.005619640 0.999853373 2.785387993
0.999784052 -0.000783416 -0.020764634 -0.058897547 0.000659779 0.999981999 -0.005960395 -0.028904982 0.020768929 0.005945407 0.999766588 3.524777889
0.999677122 0.001175921 -0.025380602 -0.081029713 -0.001356898 0.999973774 -0.007114518 -0.041266151 0.025371570 0.007146660 0.999652505 4.280410767
0.999534369 0.003818069 -0.030271782 -0.110482261 -0.004051385 0.999962568 -0.007649818 -0.050496750 0.030241441 0.007768898 0.999512374 5.039129734
0.999392629 0.003950000 -0.034622058 -0.143273503 -0.004162290 0.999972999 -0.006061705 -0.058225818 0.034597181 0.006202130 0.999382019 5.816256523
0.999230266 0.003194656 -0.039096572 -0.177644253 -0.003328385 0.999988854 -0.003355857 -0.068261132 0.039085418 0.003483402 0.999229670 6.611427784
0.999089837 0.002649539 -0.042570755 -0.216042817 -0.002678475 0.999996185 -0.000622672 -0.082609862 0.042568948 0.000736130 0.999093115 7.420653820
0.998970330 0.004379079 -0.045154050 -0.260314137 -0.004436081 0.999989450 -0.001162272 -0.094246559 0.045148488 0.001361382 0.998979211 8.233592033
0.998867452 0.003816737 -0.047424257 -0.302271128 -0.003883521 0.999991536 -0.001316157 -0.105085738 0.047418840 0.001498840 0.998873770 9.055182457
0.998787105 0.000781444 -0.049229890 -0.339649141 -0.000874682 0.999997795 -0.001872405 -0.111974955 0.049228329 0.001913194 0.998785496 9.891422272
0.998668015 0.000802889 -0.051588658 -0.379249245 -0.000853851 0.999999046 -0.000965821 -0.123578638 0.051587850 0.001008584 0.998667717 10.725756645
0.998590231 -0.000575233 -0.053075477 -0.424511582 0.000516031 0.999999106 -0.001129112 -0.135276869 0.053076100 0.001100132 0.998589635 11.571971893
0.998488784 0.001781283 -0.054925356 -0.475345552 -0.001965681 0.999992490 -0.003303393 -0.150034770 0.054919083 0.003406367 0.998484790 12.426418304
0.998402834 0.002410339 -0.056443021 -0.525757194 -0.002751810 0.999978244 -0.005972886 -0.158481136 0.056427419 0.006118666 0.998387754 13.282782555
0.998282313 0.006163302 -0.058259450 -0.583050907 -0.006613557 0.999949574 -0.007538778 -0.169058785 0.058210071 0.007911132 0.998272836 14.156196594
0.998214424 0.006953987 -0.059324551 -0.639881372 -0.007399773 0.999945819 -0.007297976 -0.181341499 0.059270609 0.007723934 0.998211920 15.046224594
0.998135090 0.006420687 -0.060703907 -0.694131434 -0.006788391 0.999959648 -0.005853016 -0.194776416 0.060663901 0.006254182 0.998138487 15.923043251
0.998034418 0.007260509 -0.062245578 -0.752129793 -0.007551566 0.999961436 -0.004441945 -0.207273483 0.062210951 0.004903265 0.998050809 16.816684723
0.997988999 0.006970415 -0.063001946 -0.817698061 -0.007257793 0.999964118 -0.004333692 -0.217396647 0.062969498 0.004782232 0.998003840 17.715919495
0.997870803 0.006780187 -0.064867854 -0.876825392 -0.007132976 0.999960780 -0.005208525 -0.232599795 0.064830013 0.005660136 0.997880101 18.619428635
0.997801721 0.005081237 -0.066075012 -0.935737193 -0.005488507 0.999966860 -0.005983672 -0.244963065 0.066042438 0.006333172 0.997796535 19.513580322
0.997754335 0.005237810 -0.066775113 -0.992693484 -0.005540419 0.999975085 -0.004347357 -0.254548281 0.066750690 0.004707557 0.997758389 20.439384460
0.997741044 0.006357927 -0.066876084 -1.056349635 -0.006426732 0.999978960 -0.000813748 -0.269318879 0.066869505 0.001241706 0.997760713 21.352645874
0.997787833 0.007304563 -0.066076368 -1.121832490 -0.007127430 0.999970317 0.002916076 -0.280273050 0.066095702 -0.002438669 0.997810066 22.281105042
0.997897029 0.006008565 -0.064539433 -1.183333397 -0.005644773 0.999967098 0.005817606 -0.285998404 0.064572260 -0.005441059 0.997897923 23.208892822
0.997988880 0.006280368 -0.063076578 -1.245477080 -0.005879374 0.999961317 0.006540864 -0.293057531 0.063115209 -0.006156857 0.997986972 24.151891708
0.998077929 0.006648650 -0.061612878 -1.306996703 -0.006421988 0.999971807 0.003876114 -0.304581016 0.061636902 -0.003472985 0.998092294 25.085611343
0.998127103 0.007692941 -0.060686938 -1.369344234 -0.007765977 0.999969363 -0.000967699 -0.314907938 0.060677622 0.001437180 0.998156071 26.011066437
0.998213708 0.006761123 -0.059359238 -1.432838917 -0.007005787 0.999967754 -0.003914585 -0.325240850 0.059330847 0.004323450 0.998228669 26.938169479
0.998261929 0.004137404 -0.058786295 -1.484644413 -0.004313458 0.999986529 -0.002868225 -0.336366624 0.058773629 0.003116812 0.998266101 27.884563446
0.998252571 0.002391313 -0.059041794 -1.543362260 -0.002260500 0.999994814 0.002282294 -0.352119625 0.059046935 -0.002144841 0.998252511 28.859832764
0.998204112 -0.001422827 -0.059886348 -1.599160433 0.001772205 0.999981701 0.005781318 -0.364845842 0.059877016 -0.005877065 0.998188019 29.823228836
0.998106420 -0.008696610 -0.060892459 -1.654124379 0.009041565 0.999944568 0.005391728 -0.379338503 0.060842186 -0.005932079 0.998129308 30.779067993
0.997992337 -0.010442589 -0.062467691 -1.704973578 0.010566427 0.999942780 0.001652411 -0.391353041 0.062446851 -0.002309152 0.998045146 31.743497849
0.997906685 -0.010099487 -0.063877001 -1.769603848 0.009971898 0.999947608 -0.002315936 -0.402429491 0.063897036 0.001674113 0.997954607 32.716888428
0.997778058 -0.008819404 -0.066039011 -1.839519739 0.008654488 0.999958694 -0.002782916 -0.417005241 0.066060819 0.002205198 0.997812688 33.694469452
0.997736454 -0.009114745 -0.066624828 -1.906858087 0.009055118 0.999958277 -0.001196898 -0.433295488 0.066632956 0.000590894 0.997776926 34.683856964
0.997666240 -0.006208739 -0.067996271 -1.981999636 0.006342959 0.999978304 0.001758217 -0.449072361 0.067983881 -0.002185410 0.997683585 35.664833069
0.997601330 -0.006394217 -0.068924494 -2.055645943 0.006623108 0.999973178 0.003092892 -0.460979939 0.068902880 -0.003541966 0.997616649 36.654647827
0.997532368 -0.005357665 -0.070002176 -2.128791809 0.005771309 0.999966919 0.005708101 -0.468125999 0.069969289 -0.006098017 0.997530043 37.632366180
0.997559845 -0.005836898 -0.069570497 -2.210263968 0.006455743 0.999941349 0.008673720 -0.470487118 0.069515802 -0.009101681 0.997538865 38.625545502
0.997521818 -0.000099351 -0.070356533 -2.285187483 0.000885399 0.999937356 0.011141272 -0.477139294 0.070351027 -0.011175952 0.997459233 39.604324341
0.997528374 0.000033642 -0.070263505 -2.368179560 0.000703814 0.999944746 0.010470814 -0.480090737 0.070259981 -0.010494383 0.997473061 40.604866028
0.997527897 0.000060140 -0.070270337 -2.435914993 0.000555384 0.999961495 0.008739823 -0.480242044 0.070268162 -0.008757241 0.997489274 41.593544006
0.997521460 0.002284044 -0.070325017 -2.513260841 -0.001807889 0.999974906 0.006833707 -0.495100260 0.070338868 -0.006689627 0.997500241 42.579261780
0.997469723 0.001863258 -0.071067512 -2.587761879 -0.001378270 0.999975324 0.006872780 -0.501192212 0.071078576 -0.006757436 0.997447312 43.560527802
0.997376680 -0.000345159 -0.072384909 -2.661730766 0.000955165 0.999964237 0.008392822 -0.512162805 0.072379433 -0.008439940 0.997340918 44.545440674
0.997320116 0.000279074 -0.073160224 -2.736866236 0.000408236 0.999955833 0.009379479 -0.518681288 0.073159613 -0.009384205 0.997275591 45.531333923
0.997305691 0.002798542 -0.073303461 -2.814405918 -0.002382019 0.999980390 0.005769001 -0.527977228 0.073318169 -0.005578844 0.997292459 46.496944427
0.997241259 0.003474371 -0.074146233 -2.894191027 -0.003360284 0.999992847 0.001663391 -0.537692547 0.074151479 -0.001409648 0.997245431 47.450801849
0.997181654 0.004276353 -0.074901640 -2.970298767 -0.004256826 0.999990702 0.000420364 -0.548456788 0.074902743 -0.000100334 0.997190237 48.415496826
0.997172773 0.002784385 -0.075089708 -3.040251017 -0.002497608 0.999989092 0.003912766 -0.560826540 0.075099781 -0.003714156 0.997168481 49.383556366
0.997167230 0.000917794 -0.075208820 -3.113130093 -0.000385734 0.999974668 0.007088657 -0.572400272 0.075213417 -0.007039562 0.997141957 50.351383209
0.997124910 -0.001075670 -0.075765736 -3.182783127 0.001672956 0.999967873 0.007820319 -0.584320724 0.075754888 -0.007924583 0.997094333 51.308433533
0.997095704 -0.003865396 -0.076058388 -3.255264521 0.004384743 0.999968052 0.006662471 -0.595997632 0.076030202 -0.006976613 0.997080445 52.260128021
0.997060537 -0.006210532 -0.076363727 -3.327436447 0.006636902 0.999963641 0.005330910 -0.606219232 0.076327845 -0.005822055 0.997065067 53.202766418
0.996967196 -0.007803401 -0.077428788 -3.401211500 0.008331970 0.999943972 0.006505843 -0.614871860 0.077373691 -0.007131241 0.996975958 54.146373749
0.996859848 -0.010789103 -0.078444973 -3.473055601 0.011660353 0.999875069 0.010656975 -0.624159992 0.078320198 -0.011538200 0.996860802 55.083126068
0.996796012 -0.011422475 -0.079162866 -3.545746803 0.012711915 0.999794126 0.015803717 -0.631752670 0.078966059 -0.016759386 0.996735752 56.024326324
0.996764243 -0.009698240 -0.079790011 -3.622990131 0.011175128 0.999773800 0.018084036 -0.636544585 0.079596587 -0.018917179 0.996646941 56.963623047
0.996663630 -0.008481049 -0.081173442 -3.702712297 0.009654015 0.999854207 0.014068605 -0.638866544 0.081042290 -0.014805311 0.996600032 57.889678955
0.996563673 -0.007053322 -0.082525909 -3.783682108 0.007597163 0.999951184 0.006277820 -0.639900744 0.082477607 -0.006883206 0.996568441 58.806003571
0.996500134 -0.005594394 -0.083400346 -3.864738703 0.005735209 0.999982238 0.001448993 -0.644344568 0.083390757 -0.001922237 0.996514380 59.715393066
0.996430099 -0.000794227 -0.084415153 -3.949926138 0.000998600 0.999996364 0.002378895 -0.656128347 0.084412962 -0.002454696 0.996427119 60.614822388
0.996322572 0.001834735 -0.085658133 -4.034582615 -0.001427664 0.999987125 0.004813333 -0.670014024 0.085665859 -0.004673337 0.996312201 61.487442017
0.996240377 0.004362372 -0.086517520 -4.118308067 -0.003821185 0.999971867 0.006419891 -0.683506012 0.086543083 -0.006065151 0.996228874 62.383682251
0.996136725 0.005249377 -0.087653734 -4.196286678 -0.004727422 0.999969542 0.006161310 -0.693406582 0.087683409 -0.005723127 0.996131182 63.244911194
0.995974302 0.006764241 -0.089378387 -4.275708199 -0.006166836 0.999956489 0.006958505 -0.702322602 0.089421563 -0.006379306 0.995972693 64.101020813
0.995846570 0.007573707 -0.090726331 -4.356052876 -0.006906431 0.999946415 0.007666565 -0.713819444 0.090779535 -0.007008123 0.995845556 64.936157227
0.995725334 0.007708831 -0.092035614 -4.436168194 -0.006991201 0.999942243 0.008117224 -0.721861422 0.092092872 -0.007439083 0.995721817 65.753227234
0.995608151 0.007613527 -0.093301967 -4.512974262 -0.006784119 0.999934256 0.009203510 -0.729344189 0.093365908 -0.008530116 0.995594501 66.548255920
0.995456100 0.010390550 -0.094646573 -4.595147133 -0.009302988 0.999885261 0.011924829 -0.735480249 0.094759621 -0.010990146 0.995438695 67.333930969
0.995311439 0.011973308 -0.095971383 -4.675193787 -0.010483697 0.999816477 0.016010694 -0.740682423 0.096145473 -0.014929490 0.995254517 68.113983154
0.995100260 0.015118279 -0.097701706 -4.754550457 -0.013444103 0.999751329 0.017771332 -0.745918393 0.097946078 -0.016370742 0.995056272 68.882225037
0.994932353 0.017823542 -0.098947108 -4.835669518 -0.016536329 0.999767482 0.013814114 -0.753542483 0.099170305 -0.012107884 0.994996071 69.623176575
0.994804740 0.018053083 -0.100180827 -4.914710045 -0.017486453 0.999825418 0.006531409 -0.761078000 0.100281239 -0.004745664 0.994947016 70.347671509
0.994651794 0.017189471 -0.101837762 -4.983137608 -0.017201208 0.999851346 0.000762979 -0.766313434 0.101835735 0.000992842 0.994799972 71.044746399
0.994597077 0.018139997 -0.102206007 -5.060165882 -0.018277798 0.999832451 -0.000411827 -0.772877634 0.102181412 0.002277711 0.994762421 71.738357544
0.994457603 0.020975381 -0.103017479 -5.136113167 -0.020758724 0.999779046 0.003174907 -0.786359906 0.103061326 -0.001018791 0.994673729 72.407112122
0.994315326 0.021345701 -0.104307063 -5.210848808 -0.020885147 0.999766231 0.005505722 -0.801495194 0.104400225 -0.003295949 0.994529128 73.060989380
0.994281888 0.018172953 -0.105222747 -5.279827595 -0.018038101 0.999834299 0.002233199 -0.811326027 0.105245918 -0.000322402 0.994445443 73.699264526
0.994396985 0.010278115 -0.105202682 -5.336530209 -0.010628097 0.999939203 -0.002766645 -0.825993538 0.105167873 0.003869259 0.994446218 74.317726135
0.994530976 0.006346169 -0.104243279 -5.392627716 -0.007171510 0.999945343 -0.007544535 -0.837104976 0.104189724 0.008250868 0.994522512 74.909561157
0.994837463 0.008832251 -0.101089992 -5.457334042 -0.009665620 0.999922752 -0.007756982 -0.847627282 0.101013683 0.008694047 0.994846284 75.487358093
0.995190859 0.013993498 -0.096944146 -5.521494865 -0.014527352 0.999882460 -0.004803133 -0.859542072 0.096865550 0.006188388 0.995277464 76.052192688
0.995647848 0.012620927 -0.092330053 -5.569375515 -0.012831398 0.999915779 -0.001686253 -0.871005952 0.092301004 0.002863649 0.995726228 76.608306885
0.996202469 0.009027362 -0.086590253 -5.606331825 -0.008844647 0.999957323 0.002493508 -0.881902337 0.086609080 -0.001718168 0.996240079 77.151885986
0.996906281 0.004821316 -0.078443713 -5.636467934 -0.004368803 0.999972343 0.005939194 -0.895955265 0.078470193 -0.005578105 0.996900022 77.676986694
0.997662306 0.008513551 -0.067795187 -5.670191765 -0.008142335 0.999949813 0.005749960 -0.904078782 0.067840755 -0.005184498 0.997681856 78.192855835
0.998514712 0.013755147 -0.052705996 -5.699633598 -0.013494099 0.999894381 0.005305537 -0.911656857 0.052773420 -0.004586426 0.998595119 78.692314148
0.999214768 0.019047663 -0.034723587 -5.715727806 -0.018859982 0.999805272 0.005724501 -0.916439414 0.034825869 -0.005065109 0.999379694 79.180450439
0.999762952 0.017607622 -0.012757631 -5.706328392 -0.017530097 0.999826849 0.006163149 -0.921272755 0.012863941 -0.005938034 0.999898791 79.657264709
0.999807894 0.014185444 0.013477042 -5.679900169 -0.014279121 0.999873877 0.006880376 -0.926339746 -0.013377747 -0.007071484 0.999884665 80.120567322
0.998999238 0.013027976 0.042770922 -5.636023998 -0.013394538 0.999875426 0.008295054 -0.934022725 -0.042657539 -0.008859640 0.999049664 80.572814941
0.997060597 0.012595374 0.075564928 -5.577024460 -0.013353985 0.999864817 0.009542348 -0.940027714 -0.075434551 -0.010523384 0.997094393 81.022460938
0.993489683 0.012801782 0.113194212 -5.504086018 -0.013999261 0.999853611 0.009790424 -0.942108393 -0.113052338 -0.011311313 0.993523836 81.470863342
0.987867057 0.013193777 0.154735744 -5.410787582 -0.014842692 0.999844253 0.009505831 -0.944396913 -0.154586270 -0.011687186 0.987909317 81.899604797
0.979772389 0.012866930 0.199697256 -5.294840813 -0.015021982 0.999843717 0.009280113 -0.950888991 -0.199546680 -0.012092240 0.979812860 82.319679260
0.968471169 0.015101345 0.248664469 -5.163322449 -0.017398160 0.999823511 0.007041401 -0.960329056 -0.248514310 -0.011145692 0.968563199 82.725021362
0.953245997 0.015848897 0.301776946 -5.007493973 -0.017903589 0.999831200 0.004043757 -0.970022082 -0.301661998 -0.009257579 0.953369081 83.115028381
0.933763325 0.016163863 0.357523680 -4.828519821 -0.017960288 0.999836922 0.001704625 -0.977180719 -0.357437909 -0.008012940 0.933901608 83.484626770
0.909974277 0.016582547 0.414331108 -4.626105309 -0.018146146 0.999834955 -0.000162361 -0.985986054 -0.414265543 -0.007370763 0.910125315 83.832771301
0.881109178 0.016537938 0.472621888 -4.416491032 -0.017960176 0.999837220 -0.001503010 -1.001911521 -0.472569942 -0.007164052 0.881263137 84.156524658
0.847860873 0.014785613 0.530010998 -4.178233624 -0.015346036 0.999876261 -0.003344203 -1.016679883 -0.529995024 -0.005298144 0.847983241 84.463180542
0.811304867 0.014791570 0.584434688 -3.918261290 -0.014390408 0.999881864 -0.005329590 -1.022864699 -0.584444761 -0.004086326 0.811422288 84.752426147
0.771975636 0.013488406 0.635507643 -3.640862703 -0.013549715 0.999896526 -0.004763031 -1.032565713 -0.635506392 -0.004933999 0.772078872 85.018608093
0.729721904 0.012952676 0.683620155 -3.353607416 -0.015087377 0.999881804 -0.002840083 -1.042167306 -0.683576405 -0.008241561 0.729831398 85.264350891
0.684711576 0.012104021 0.728712559 -3.049909115 -0.014382046 0.999891460 -0.003094687 -1.046273470 -0.728671134 -0.008361405 0.684811652 85.495269775
0.638617754 0.011030540 0.769443989 -2.730791092 -0.011051351 0.999925256 -0.005162310 -1.050627708 -0.769443750 -0.005206647 0.638692260 85.698776245
0.592122078 0.008713340 0.805800200 -2.404205561 -0.005304611 0.999961674 -0.006914879 -1.055155277 -0.805829942 -0.000179997 0.592145860 85.879966736
0.545591891 0.010835912 0.837979972 -2.072345257 -0.007192472 0.999939799 -0.008247317 -1.064127088 -0.838019252 -0.001527472 0.545637250 86.051971436
0.498289585 0.014004580 0.866896570 -1.735527992 -0.011040166 0.999890625 -0.009807203 -1.070660114 -0.866939485 -0.004683849 0.498389959 86.215255737
0.452837020 0.016140698 0.891446233 -1.396437287 -0.011918024 0.999856055 -0.012049446 -1.081394553 -0.891512811 -0.005167837 0.452964425 86.354484558
0.410771430 0.013729835 0.911634028 -1.044573784 -0.004590425 0.999904752 -0.012990842 -1.088592649 -0.911725938 0.001151487 0.410795540 86.466865540
0.371353388 0.006634520 0.928466976 -0.681751490 0.010422930 0.999881327 -0.011313600 -1.091071486 -0.928432286 0.013878703 0.371240407 86.557006836
0.336061507 0.003185386 0.941833735 -0.318805844 0.014720077 0.999853969 -0.008633958 -1.095822930 -0.941724181 0.016765421 0.335965812 86.649314880
0.302897394 0.007327262 0.952994108 0.041575044 0.012195432 0.999858379 -0.011563733 -1.103884578 -0.952944338 0.015124815 0.302765399 86.745811462
0.271663100 0.014774901 0.962278068 0.409128040 0.001889595 0.999871671 -0.015885552 -1.119214892 -0.962389767 0.006133846 0.271600574 86.851570129
0.243376270 0.019010313 0.969744682 0.785230994 -0.003089425 0.999817669 -0.018824475 -1.140381932 -0.969926178 0.001585487 0.243390858 86.936378479
0.217807621 0.020676106 0.975771725 1.176927209 -0.001892402 0.999782324 -0.020762444 -1.157896280 -0.975989103 0.002675677 0.217799544 87.003814697
0.194494903 0.022074481 0.980654180 1.576874256 0.005540876 0.999705791 -0.023602240 -1.169690967 -0.980887115 0.010024213 0.194315538 87.057510376
0.174534872 0.028539840 0.984236360 1.978025079 0.012626369 0.999432564 -0.031219494 -1.167361379 -0.984569252 0.017876241 0.174075633 87.101959229
0.154739216 0.035291497 0.987323880 2.397089005 0.014571376 0.999171257 -0.037998661 -1.171314716 -0.987847149 0.020266570 0.154096887 87.154357910
0.137041152 0.036161538 0.989904165 2.831777811 0.012144644 0.999196708 -0.038182262 -1.186185718 -0.990490198 0.017254593 0.136492059 87.212402344
0.121547572 0.031738590 0.992077112 3.285131454 0.009936936 0.999399424 -0.033190276 -1.213792920 -0.992535174 0.013892421 0.121159345 87.264686584
0.107142024 0.028502069 0.993834198 3.752893686 0.010214962 0.999504447 -0.029765904 -1.235979319 -0.994190574 0.013341173 0.106797934 87.306289673
0.093972817 0.026043190 0.995233178 4.236104488 0.012661587 0.999545395 -0.027351553 -1.255368471 -0.995493650 0.015171548 0.093600497 87.340667725
0.082346804 0.025296068 0.996281743 4.732669830 0.016225403 0.999511063 -0.026719132 -1.273500562 -0.996471107 0.018365324 0.081896238 87.370956421
0.072327241 0.025941793 0.997042596 5.244823933 0.019420816 0.999435306 -0.027412841 -1.289815784 -0.997191310 0.021346094 0.071782716 87.395690918
0.064513221 0.026550749 0.997562647 5.768496037 0.021472946 0.999377370 -0.027987696 -1.307000756 -0.997685254 0.023226203 0.063903049 87.422767639
0.059046395 0.026844563 0.997893333 6.317410946 0.023220234 0.999330640 -0.028257173 -1.325241804 -0.997984648 0.024839817 0.058383655 87.448028564
0.053485751 0.027926061 0.998177171 6.879860878 0.024473878 0.999271631 -0.029268056 -1.343373656 -0.998268187 0.025994705 0.052763455 87.473602295
0.047505327 0.028672703 0.998458505 7.457925797 0.024972240 0.999241054 -0.029883303 -1.362572551 -0.998558342 0.026353376 0.046753366 87.501510620
0.043154161 0.028643200 0.998656869 8.053294182 0.027507003 0.999175549 -0.029846700 -1.386091828 -0.998689234 0.028758084 0.042330809 87.522903442
0.040331602 0.028623967 0.998775363 8.673259735 0.028955199 0.999135911 -0.029803526 -1.408284187 -0.998766303 0.030121781 0.039468050 87.543930054
0.037308488 0.028198224 0.998905003 9.311642647 0.029879624 0.999122977 -0.029320350 -1.431232572 -0.998856544 0.030940823 0.036433324 87.565818787
0.034998946 0.027592544 0.999005497 9.968573570 0.032104004 0.999071479 -0.028719075 -1.453532934 -0.998871088 0.033077236 0.034080721 87.584983826
0.034349080 0.027238281 0.999037802 10.635744095 0.036354601 0.998932481 -0.028485347 -1.475782394 -0.998748004 0.037298091 0.033322278 87.602676392
0.035382412 0.026929755 0.999010086 11.325911522 0.039524827 0.998816669 -0.028324395 -1.498112440 -0.998591483 0.040487915 0.034276247 87.621658325
0.037811536 0.026881821 0.998922348 12.033450127 0.041207563 0.998745441 -0.028436845 -1.520552874 -0.998434484 0.042238425 0.036656462 87.645713806
0.041732699 0.026808450 0.998768151 12.757743835 0.043636646 0.998636782 -0.028628225 -1.544774413 -0.998175025 0.044777662 0.040506076 87.673881531
0.046093617 0.026418634 0.998586774 13.493499756 0.043948021 0.998628259 -0.028448300 -1.569746256 -0.997969449 0.045197234 0.044869449 87.708633423
0.050104674 0.024736611 0.998436630 14.246592522 0.045477010 0.998599410 -0.027022801 -1.595034122 -0.997707605 0.046759918 0.048909657 87.746177673
0.054100685 0.023121977 0.998266757 14.999298096 0.045298178 0.998645425 -0.025585640 -1.623142242 -0.997506976 0.046603907 0.052980125 87.788787842
0.058280334 0.021063535 0.998076975 15.773297310 0.042174034 0.998832524 -0.023542102 -1.647618175 -0.997408509 0.043465015 0.057324070 87.840232849
0.062386267 0.019960416 0.997851372 16.567626953 0.041574731 0.998879850 -0.022580234 -1.672159195 -0.997185230 0.042894140 0.061486654 87.893295288
0.066452518 0.021007469 0.997567296 17.352169037 0.038849752 0.998965383 -0.023624837 -1.697974205 -0.997032464 0.040325213 0.065567747 87.953506470
0.069401778 0.025034662 0.997273445 18.123878479 0.036594789 0.998947918 -0.027623352 -1.729325771 -0.996916831 0.038412161 0.068412758 88.014694214
0.070777327 0.030452523 0.997026026 18.905502319 0.030642981 0.998995364 -0.032687940 -1.758763075 -0.997020841 0.032865446 0.069773205 88.077819824
0.070732854 0.033562645 0.996929348 19.704971313 0.028035726 0.998971701 -0.035620525 -1.792227864 -0.997100711 0.030469211 0.069719307 88.136085510
0.070919566 0.032999296 0.996934891 20.504245758 0.025680063 0.999060571 -0.034896441 -1.832133293 -0.997150898 0.028076218 0.070005663 88.198051453
0.071124189 0.031445861 0.996970534 21.315206528 0.023181042 0.999180555 -0.033169273 -1.867896914 -0.997197509 0.025469977 0.070337094 88.257949829
0.071005568 0.030239210 0.997016311 22.131813049 0.024163503 0.999194562 -0.032026116 -1.903890491 -0.997182667 0.026365463 0.070217833 88.317222595
0.071472444 0.029745989 0.996997774 22.937128067 0.021669209 0.999272704 -0.031367239 -1.940277100 -0.997206569 0.023846069 0.070776038 88.378814697
0.071663775 0.030156065 0.996971726 23.745040894 0.020052679 0.999296963 -0.031667773 -1.977442503 -0.997226655 0.022261407 0.071008824 88.440811157
0.071768805 0.030771546 0.996945322 24.551731110 0.016999962 0.999340773 -0.032069243 -2.017163992 -0.997275829 0.019249624 0.071198523 88.503761292
0.070731834 0.032219738 0.996973693 25.356359482 0.014486684 0.999339283 -0.033323925 -2.053213596 -0.997389555 0.016799923 0.070218489 88.565109253
0.067840248 0.031985942 0.997182131 26.169668198 0.011784903 0.999390244 -0.032858480 -2.087404966 -0.997625947 0.013980837 0.067422077 88.630950928
0.063814402 0.030883642 0.997482538 26.975315094 0.009441362 0.999457300 -0.031548757 -2.122305632 -0.997916460 0.011430872 0.063488334 88.691329956
0.058782279 0.028497070 0.997862816 27.787469864 0.007480849 0.999551535 -0.028985942 -2.158486366 -0.998242140 0.009168731 0.058542881 88.750625610
0.052229680 0.026451463 0.998283565 28.606132507 0.005369306 0.999626935 -0.026767943 -2.196604967 -0.998620033 0.006758179 0.052068308 88.809028625
0.044889979 0.026675131 0.998634636 29.408197403 0.005158836 0.999623597 -0.026933415 -2.231853485 -0.998978019 0.006360840 0.044735607 88.845817566
0.036283046 0.027681321 0.998957038 30.204753876 0.004967254 0.999598563 -0.027879488 -2.266173124 -0.999328613 0.005973632 0.036131114 88.874092102
0.026433196 0.028228736 0.999250889 31.007719040 0.006030939 0.999578118 -0.028397493 -2.296396971 -0.999631822 0.006777065 0.026251923 88.895133972
0.016101535 0.027280908 0.999497056 31.811256409 0.007577759 0.999595284 -0.027405638 -2.328590393 -0.999841094 0.008015229 0.015888408 88.911209106
0.005290974 0.026294719 0.999639153 32.611953735 0.007001364 0.999628365 -0.026331468 -2.361334562 -0.999960959 0.007138163 0.005105013 88.917564392
-0.005652907 0.025713388 0.999652326 33.393493652 0.008801134 0.999631524 -0.025663063 -2.389755487 -0.999944746 0.008653012 -0.005877036 88.907279968
-0.016659366 0.026314087 0.999513865 34.174518585 0.009570815 0.999611616 -0.026157120 -2.415658236 -0.999814868 0.009130409 -0.016904658 88.895133972
-0.027656857 0.026816068 0.999256670 34.957508087 0.009765878 0.999599278 -0.026554950 -2.451278925 -0.999569237 0.009024201 -0.027907582 88.871322632
-0.038268082 0.028029734 0.998873234 35.738021851 0.009365090 0.999572277 -0.027690545 -2.481692076 -0.999223053 0.008294882 -0.038514148 88.843246460
-0.048475500 0.028900156 0.998405099 36.499198914 0.010257288 0.999542654 -0.028435046 -2.518059969 -0.998771191 0.008862535 -0.048749711 88.802604675
-0.057994962 0.029596291 0.997876942 37.267097473 0.011157640 0.999516904 -0.028996449 -2.551327467 -0.998254001 0.009452314 -0.058297116 88.756278992
-0.067611225 0.030239752 0.997252226 38.015827179 0.012353573 0.999488950 -0.029470015 -2.579647303 -0.997634709 0.010327135 -0.067950197 88.702827454
-0.076817840 0.030551009 0.996575832 38.754577637 0.012872801 0.999477148 -0.029647674 -2.615078688 -0.996961534 0.010551263 -0.077170923 88.640594482
-0.085296407 0.030103568 0.995899618 39.481544495 0.014255965 0.999477684 -0.028990716 -2.646669626 -0.996253133 0.011724718 -0.085680984 88.572868347
-0.092582405 0.029054796 0.995279908 40.213069916 0.016019372 0.999487936 -0.027687473 -2.678369045 -0.995575666 0.013380398 -0.093000412 88.501930237
-0.097735390 0.027355086 0.994835317 40.930034637 0.018690240 0.999495983 -0.025647040 -2.711590052 -0.995036423 0.016087100 -0.098197378 88.427055359
-0.101446509 0.025625387 0.994509816 41.625282288 0.021440493 0.999491990 -0.023566673 -2.743781567 -0.994609416 0.018932039 -0.101944380 88.349395752
-0.104119092 0.024688525 0.994257212 42.333133698 0.023116795 0.999481559 -0.022397427 -2.768887758 -0.994295657 0.020652059 -0.104635805 88.274024963
-0.105992697 0.023844309 0.994079769 43.024509430 0.023077914 0.999501884 -0.021513684 -2.797478914 -0.994098544 0.020661017 -0.106490150 88.204399109
-0.106717221 0.024282359 0.993991613 43.680782318 0.023957942 0.999473989 -0.021844085 -2.824576616 -0.994000196 0.021482877 -0.107242815 88.134834290
-0.105976872 0.025229640 0.994047225 44.339847565 0.024489244 0.999440789 -0.022755673 -2.853063583 -0.994066477 0.021931915 -0.106535442 88.068298340
-0.102865823 0.026997084 0.994327605 44.965930939 0.025725406 0.999369204 -0.024472583 -2.876970768 -0.994362056 0.023062114 -0.103495412 88.003326416
-0.097669162 0.027544439 0.994836509 45.582408905 0.025968214 0.999346912 -0.025119839 -2.902287245 -0.994879603 0.023380721 -0.098320611 87.946861267
-0.089782812 0.028243303 0.995559692 46.185493469 0.025255743 0.999340773 -0.026072904 -2.928860426 -0.995640635 0.022802729 -0.090436876 87.901725769
-0.078769535 0.028231893 0.996491909 46.774818420 0.024120575 0.999360085 -0.026406476 -2.955410719 -0.996600568 0.021955959 -0.079400033 87.867904663
-0.065075979 0.028345300 0.997476578 47.332374573 0.023140332 0.999370396 -0.026889408 -2.986024618 -0.997611523 0.021332111 -0.065690853 87.842178345
-0.047997717 0.029620141 0.998407125 47.874324799 0.022122247 0.999346435 -0.028584475 -3.014366865 -0.998601973 0.020715047 -0.048621528 87.830589294
-0.026957827 0.032246720 0.999115288 48.410575867 0.020397920 0.999289095 -0.031701937 -3.039061785 -0.999427974 0.019525284 -0.027596328 87.833953857
-0.002347166 0.035429455 0.999368370 48.918170929 0.018513944 0.999202311 -0.035380065 -3.062279701 -0.999825358 0.018419232 -0.003001114 87.849769592
0.025696948 0.037059493 0.998981595 49.437824249 0.016237076 0.999165177 -0.037483953 -3.090366364 -0.999537349 0.017183786 0.025073897 87.886344910
0.058948271 0.036173962 0.997604370 49.936912537 0.013718877 0.999219358 -0.037043147 -3.121836424 -0.998166144 0.015869664 0.058406148 87.931869507
0.096892238 0.033479370 0.994730592 50.445240021 0.012453211 0.999314964 -0.034846652 -3.150537968 -0.995216310 0.015763985 0.096409120 88.002754211
0.138723522 0.029648274 0.989886224 50.944084167 0.010137762 0.999456823 -0.031355612 -3.177406311 -0.990278602 0.014385014 0.138347805 88.099548340
0.184485808 0.025190081 0.982511282 51.432472229 0.007526015 0.999605894 -0.027041493 -3.204234123 -0.982805729 0.012383186 0.184223756 88.212181091
0.232380584 0.022004619 0.972374976 51.912845612 0.002685895 0.999725640 -0.023265414 -3.227689981 -0.972620547 0.008018144 0.232257992 88.362709045
0.283677995 0.020644573 0.958696306 52.378623962 -0.001367859 0.999775827 -0.021124406 -3.248320103 -0.958917916 0.004681183 0.283642948 88.536026001
0.337880433 0.020546451 0.940963686 52.822067261 -0.002561905 0.999777973 -0.020910740 -3.263705492 -0.941184759 0.004654686 0.337858379 88.734375000
0.395246536 0.020937009 0.918335319 53.251842499 -0.001367047 0.999752402 -0.022204829 -3.284450531 -0.918573201 0.007520991 0.395177662 88.957237244
0.454983532 0.024029829 0.890174389 53.660129547 -0.000734951 0.999645531 -0.026609277 -3.305081367 -0.890498638 0.011452568 0.454840302 89.201713562
0.514571130 0.025023103 0.857081294 54.043060303 0.001198809 0.999552011 -0.029902348 -3.340143919 -0.857445896 0.016414383 0.514311016 89.466819763
0.572395265 0.028301075 0.819488108 54.405944824 -0.002337459 0.999456346 -0.032883599 -3.362852573 -0.819973528 0.016906921 0.572150648 89.768318176
0.627997100 0.030689223 0.777609110 54.746936798 -0.005724844 0.999377191 -0.034818143 -3.381656647 -0.778193593 0.017414024 0.627782106 90.096496582
0.680656910 0.031445537 0.731925845 55.063121796 -0.007279892 0.999319315 -0.036163501 -3.395866632 -0.732565045 0.019286618 0.680422962 90.442390442
0.729206502 0.029039625 0.683675826 55.340003967 -0.007295461 0.999372184 -0.034667708 -3.416062117 -0.684253573 0.020292211 0.728961051 90.791023254
0.774168968 0.025091069 0.632480025 55.603286743 -0.008782787 0.999543607 -0.028902471 -3.434646845 -0.632916749 0.016820477 0.774036467 91.177253723
0.815290153 0.019623606 0.578718424 55.846076965 -0.008810470 0.999730229 -0.021487478 -3.449507713 -0.578984201 0.012419761 0.815243602 91.583518982
0.851292491 0.017185586 0.524408221 56.055969238 -0.010862924 0.999826431 -0.015131449 -3.460032463 -0.524577498 0.007184690 0.851331890 92.007492065
0.882050633 0.013715973 0.470953107 56.245479584 -0.011333058 0.999904513 -0.007895292 -3.470409393 -0.471016705 0.001626713 0.882122338 92.447044373
0.907191873 0.014304143 0.420471847 56.396080017 -0.014692941 0.999889255 -0.002314593 -3.484736919 -0.420458645 -0.004078187 0.907302141 92.879501343
0.927034795 0.016025959 0.374630421 56.537220001 -0.017864993 0.999839246 0.001436371 -3.497640610 -0.374547422 -0.008024337 0.927172661 93.331771851
0.942017257 0.022008730 0.334839344 56.651378632 -0.024851816 0.999682128 0.004208366 -3.507574797 -0.334640503 -0.012285722 0.942265391 93.787590027
0.953634501 0.026498767 0.299795479 56.756687164 -0.028791558 0.999580026 0.003232230 -3.508913755 -0.299584091 -0.011713947 0.953997612 94.246719360
0.962742031 0.028418355 0.268920839 56.866764069 -0.030449042 0.999530375 0.003382359 -3.508828163 -0.268698543 -0.011444721 0.963155925 94.714645386
0.968777597 0.022867858 0.246870860 56.979827881 -0.024561772 0.999690950 0.003783875 -3.513904572 -0.246708095 -0.009729318 0.969040632 95.184677124
0.972672164 0.020115698 0.231305763 57.083644867 -0.021747835 0.999753118 0.004508346 -3.521375418 -0.231158018 -0.009415543 0.972870290 95.667404175
0.975498736 0.024482012 0.218634501 57.176170349 -0.026020441 0.999652565 0.004159567 -3.523791075 -0.218456760 -0.009746619 0.975797594 96.159500122
0.977445483 0.029874202 0.209059983 57.262783051 -0.031522315 0.999492466 0.004555292 -3.521494150 -0.208817840 -0.011042605 0.977891862 96.660316467
0.978434801 0.037690595 0.203083545 57.349189758 -0.039158806 0.999227643 0.003214849 -3.522238970 -0.202805549 -0.011098029 0.979155779 97.173942566
0.978803039 0.043342754 0.200160369 57.442852020 -0.044145070 0.999024808 -0.000455291 -3.525201321 -0.199984953 -0.008390451 0.979762673 97.696731567
0.978928506 0.044620693 0.199263602 57.546855927 -0.044943176 0.998985112 -0.002906811 -3.535206079 -0.199191108 -0.006109974 0.979941249 98.223945618
0.978501916 0.043232393 0.201650679 57.663928986 -0.042808238 0.999062181 -0.006466018 -3.543179035 -0.201741144 -0.002305292 0.979435802 98.760467529
0.977771163 0.041575722 0.205506861 57.779327393 -0.039747972 0.999124765 -0.013016030 -3.547082424 -0.205868199 0.004558231 0.978568733 99.305580139
0.976859927 0.042155687 0.209680066 57.897945404 -0.039308585 0.999069631 -0.017729197 -3.554220200 -0.210232422 0.009076730 0.977608919 99.856811523
0.975697041 0.046893951 0.214042798 58.015861511 -0.044222038 0.998872459 -0.017257009 -3.566237926 -0.214610755 0.007372219 0.976671457 100.431907654
0.974300444 0.049736571 0.219688386 58.140361786 -0.047976330 0.998759151 -0.013343783 -3.576517344 -0.220079511 0.002461024 0.975478470 101.023315430
0.973404467 0.046643730 0.224290341 58.281642914 -0.045850083 0.998909831 -0.008748416 -3.588360071 -0.224453941 -0.001767973 0.974482775 101.625663757
0.972721279 0.042206623 0.228100628 58.429435730 -0.042600952 0.999086857 -0.003196861 -3.599019766 -0.228027314 -0.006607644 0.973632038 102.235816956
0.971952856 0.039583404 0.231816545 58.576591492 -0.041016214 0.999157369 0.001362278 -3.607318163 -0.231567338 -0.010832306 0.972758293 102.857376099
0.971411943 0.034993723 0.234802589 58.728645325 -0.036474012 0.999332488 0.001963145 -3.612559795 -0.234577194 -0.010471215 0.972040832 103.486412048
0.971486747 0.031585112 0.234976247 58.890666962 -0.032226626 0.999479771 -0.001110391 -3.619936228 -0.234889135 -0.006493758 0.972000182 104.126678467
0.971604705 0.030829323 0.234588519 59.049446106 -0.029759621 0.999524057 -0.008099451 -3.630327225 -0.234726623 0.000888210 0.972060740 104.777214050
0.971722066 0.033185389 0.233779505 59.202518463 -0.030582791 0.999423146 -0.014750004 -3.639518976 -0.234134212 0.007183291 0.972177505 105.434135437
0.972247541 0.036116604 0.231145754 59.352115631 -0.032714292 0.999292612 -0.018536529 -3.647511959 -0.231651783 0.010460345 0.972742319 106.101684570
0.972877920 0.034474369 0.228731647 59.514648438 -0.032051403 0.999383688 -0.014300602 -3.658208370 -0.229083747 0.006581586 0.973384261 106.795661926
0.973297894 0.030504877 0.227505475 59.675380707 -0.029742083 0.999534369 -0.006781154 -3.672196627 -0.227606446 -0.000166393 0.973752975 107.497459412
0.973883808 0.030749695 0.224950656 59.836250305 -0.031364683 0.999507368 -0.000840078 -3.688691378 -0.224865720 -0.006237363 0.974369586 108.210144043
0.974163771 0.034199730 0.223233581 59.992713928 -0.034749750 0.999394655 -0.001465116 -3.699637413 -0.223148599 -0.006330042 0.974763691 108.936447144
0.974420607 0.040058710 0.221128106 60.141799927 -0.039693478 0.999192953 -0.006097013 -3.707859039 -0.221193954 -0.002836276 0.975225568 109.666351318
0.975249469 0.040976003 0.217272565 60.297748566 -0.039444435 0.999156535 -0.011383230 -3.717154503 -0.217555836 0.002531314 0.976044416 110.407089233
0.976164997 0.039720055 0.213359430 60.458259583 -0.037550915 0.999193311 -0.014211275 -3.726422548 -0.213751897 0.005860729 0.976870239 111.156196594
0.977056026 0.037666813 0.209620625 60.616580963 -0.035798728 0.999277949 -0.012700276 -3.741014481 -0.209947750 0.004904750 0.977700114 111.924011230
0.977901399 0.034027066 0.206274122 60.779228210 -0.032521114 0.999413490 -0.010687979 -3.756360769 -0.206516922 0.003743543 0.978435695 112.704963684
0.978302181 0.032934453 0.204543874 60.940773010 -0.031989370 0.999456346 -0.007926250 -3.775142908 -0.204693809 0.001211052 0.978825152 113.495437622
0.978672683 0.029673625 0.203266740 61.108558655 -0.029144410 0.999559164 -0.005597046 -3.788274765 -0.203343287 -0.000446402 0.979107201 114.280418396
0.978887141 0.024460366 0.202928051 61.276683807 -0.024067160 0.999700248 -0.004405440 -3.798305035 -0.202975065 -0.000571464 0.979183495 115.078903198
0.979002357 0.025435571 0.202251300 61.434349060 -0.025381904 0.999673367 -0.002859338 -3.810655832 -0.202258050 -0.002334216 0.979329228 115.872184753
0.978734553 0.030995164 0.202771142 61.584999084 -0.030648015 0.999518037 -0.004852468 -3.823770523 -0.202823907 -0.001465245 0.979213893 116.679672241
0.978429973 0.036815103 0.203267217 61.743564606 -0.035915095 0.999321461 -0.008115929 -3.839785099 -0.203428179 0.000640518 0.979089379 117.486808777
0.977864385 0.045711033 0.204180896 61.899139404 -0.044661973 0.998954177 -0.009745587 -3.853460550 -0.204412952 0.000410754 0.978884399 118.312637329
0.976986289 0.051400948 0.207011521 62.062438965 -0.050622225 0.998676300 -0.009060742 -3.868740797 -0.207203329 -0.001627150 0.978296340 119.128318787
0.976195037 0.054246582 0.209996834 62.224521637 -0.053971197 0.998517156 -0.007046392 -3.888174772 -0.210067794 -0.004455118 0.977676451 119.960357666
0.975618720 0.054738499 0.212531924 62.405658722 -0.054332823 0.998492301 -0.007753380 -3.907202005 -0.212636009 -0.003983106 0.977123082 120.802055359
0.975315094 0.053220872 0.214303657 62.586021423 -0.052198507 0.998581827 -0.010430944 -3.925235271 -0.214554965 -0.001012861 0.976711094 121.619819641
0.975292683 0.047324069 0.215783507 62.773906708 -0.046443760 0.998878539 -0.009151425 -3.943983793 -0.215974689 -0.001096466 0.976398051 122.459548950
0.975569665 0.040727776 0.215877220 62.966526031 -0.039380990 0.999168217 -0.010538351 -3.966570616 -0.216126949 0.001779452 0.976363361 123.281524658
0.975325465 0.040057342 0.217102602 63.149959564 -0.038683262 0.999195099 -0.010577126 -3.990045547 -0.217351615 0.001917920 0.976091206 124.112991333
0.974782944 0.042724546 0.219022423 63.334144592 -0.042083640 0.999084771 -0.007592926 -4.006187916 -0.219146460 -0.001815795 0.975690007 124.957702637
0.974366665 0.044768233 0.220461741 63.507118225 -0.045446705 0.998964310 -0.001996268 -4.019404411 -0.220322862 -0.008074159 0.975393295 125.790618896
0.974014103 0.048181489 0.221298546 63.681278229 -0.049925502 0.998749852 0.002290573 -4.036222458 -0.220911592 -0.013279493 0.975203156 126.604492188
0.973799109 0.047567341 0.222374827 63.865211487 -0.047839258 0.998845875 -0.004166875 -4.051844120 -0.222316474 -0.006580540 0.974952102 127.436111450
0.974067926 0.043534845 0.222023383 64.050598145 -0.040467553 0.999011815 -0.018347964 -4.073106766 -0.222602859 0.008887446 0.974868417 128.241516113
