1.000000000 0.000000000 0.000000000 0.000000000 0.000000000 1.000000000 0.000000000 0.000000000 0.000000000 0.000000000 1.000000000 0.000000000
0.999990940 -0.002566421 -0.003389670 -0.000641896 0.002559280 0.999994516 -0.002109251 -0.005393847 0.003395064 0.002100557 0.999992013 0.670326889
0.999970913 -0.001346877 -0.007506672 -0.009727343 0.001320013 0.999992728 -0.003582515 -0.011590337 0.007511443 0.003572502 0.999965429 1.351616859
0.999934375 -0.001339856 -0.011375562 -0.025411755 0.001282671 0.999986470 -0.005032745 -0.016288441 0.011382151 0.005017824 0.999922693 2.057724476
0.999868631 0.000185992 -0.016207552 -0.043938205 -0.000277780 0.999983907 -0.005661194 -0.022009339 0.016206238 0.005664953 0.999852717 2.783500910
0.999783039 -0.000872400 -0.020811245 -0.058016833 0.000747532 0.999981642 -0.006007030 -0.028107058 0.020816104 0.005990169 0.999765456 3.523348808
0.999678969 0.000912105 -0.025322907 -0.084193960 -0.001094919 0.999973416 -0.007206392 -0.038246751 0.025315665 0.007231805 0.999653399 4.275111675
0.999537110 0.003595316 -0.030212263 -0.113919705 -0.003831006 0.999962568 -0.007746917 -0.047682114 0.030183284 0.007859075 0.999513566 5.033593178
0.999393582 0.003855073 -0.034608375 -0.143777996 -0.004069841 0.999972761 -0.006137368 -0.057850759 0.034583781 0.006274496 0.999382198 5.811004162
0.999230742 0.003049625 -0.039099414 -0.177690387 -0.003185451 0.999988973 -0.003412064 -0.068764761 0.039088584 0.003533987 0.999229550 6.607389450
0.999081612 0.002612537 -0.042769127 -0.209709287 -0.002644785 0.999996126 -0.000697435 -0.083121940 0.042767145 0.000809908 0.999084771 7.424454689
0.998961687 0.004345030 -0.045350965 -0.254160464 -0.004405608 0.999989450 -0.001235925 -0.094840765 0.045345124 0.001434439 0.998970389 8.237306595
0.998855114 0.003835061 -0.047684066 -0.294383526 -0.003908912 0.999991179 -0.001455620 -0.103743494 0.047678068 0.001640345 0.998861432 9.060114861
0.998772740 0.000818905 -0.049521267 -0.331559122 -0.000921775 0.999997318 -0.002054483 -0.110103525 0.049519457 0.002097608 0.998771012 9.896740913
0.998653233 0.000831915 -0.051873751 -0.371488571 -0.000893321 0.999998748 -0.001160589 -0.121422179 0.051872727 0.001205364 0.998653054 10.732935905
0.998571277 -0.000555549 -0.053431343 -0.415818632 0.000483432 0.999998808 -0.001362633 -0.132753417 0.053432040 0.001334854 0.998570681 11.578310013
0.998469591 0.001808946 -0.055272762 -0.467030883 -0.002009455 0.999991417 -0.003572264 -0.147265762 0.055265833 0.003677863 0.998465002 12.432878494
0.998382568 0.002352420 -0.056802589 -0.516592562 -0.002711264 0.999976695 -0.006241169 -0.156532586 0.056786586 0.006385081 0.998366058 13.288778305
0.998263359 0.006403727 -0.058557902 -0.575261593 -0.006879840 0.999944746 -0.007932663 -0.166580409 0.058503866 0.008321757 0.998252630 14.160422325
0.998207211 0.007222529 -0.059412930 -0.633810639 -0.007684959 0.999941826 -0.007558541 -0.180874348 0.059354879 0.008001579 0.998205006 15.046899796
0.998127878 0.006689360 -0.060791887 -0.688140213 -0.007073941 0.999956191 -0.006113189 -0.194537565 0.060748335 0.006531784 0.998131871 15.923709869
0.998029709 0.007534429 -0.062286489 -0.747251093 -0.007844391 0.999957860 -0.004733383 -0.205862343 0.062248208 0.005212657 0.998047173 16.813993454
0.997976363 0.007040230 -0.063192643 -0.810470998 -0.007343034 0.999962509 -0.004560835 -0.217565209 0.063158169 0.005015633 0.997991025 17.716060638
0.997855484 0.006889861 -0.065089740 -0.868785381 -0.007267874 0.999957979 -0.005572603 -0.229014367 0.065048613 0.006033718 0.997863948 18.622169495
0.997791290 0.005254028 -0.066215828 -0.930584073 -0.005688051 0.999963462 -0.006367886 -0.241450027 0.066179946 0.006730462 0.997785091 19.522066116
0.997751713 0.005315391 -0.066804081 -0.993266225 -0.005643994 0.999972820 -0.004731169 -0.252129525 0.066777103 0.005097575 0.997754991 20.454895020
0.997737885 0.006472263 -0.066909201 -1.056014061 -0.006565468 0.999977708 -0.001173230 -0.268340975 0.066900097 0.001609866 0.997758448 21.367065430
0.997784436 0.007415978 -0.066111945 -1.121485949 -0.007262837 0.999970317 0.002556412 -0.279626638 0.066128917 -0.002070590 0.997808993 22.295518875
0.997890174 0.006228284 -0.064621739 -1.180743337 -0.005884073 0.999967456 0.005515476 -0.288783491 0.064653970 -0.005123602 0.997894645 23.223518372
0.997983456 0.006422104 -0.063145101 -1.244458556 -0.006042116 0.999962449 0.006206769 -0.293877214 0.063182577 -0.005812725 0.997985125 24.168836594
0.998074174 0.006864822 -0.061648041 -1.306345582 -0.006659240 0.999971569 0.003539583 -0.305764496 0.061670575 -0.003122240 0.998091698 25.102233887
0.998134136 0.007776734 -0.060559101 -1.376767278 -0.007860635 0.999968469 -0.001147373 -0.320165455 0.060548253 0.001621264 0.998163998 26.033445358
0.998210073 0.007069381 -0.059381504 -1.434241176 -0.007319353 0.999965250 -0.003993189 -0.335509241 0.059351195 0.004420675 0.998227358 26.967859268
0.998260379 0.004291970 -0.058798358 -1.485322118 -0.004467716 0.999985933 -0.002857911 -0.347554445 0.058785249 0.003115633 0.998265743 27.912965775
0.998251498 0.002521343 -0.059050526 -1.543802500 -0.002392817 0.999994576 0.002247070 -0.360949457 0.059055857 -0.002101846 0.998252392 28.885093689
0.998198986 -0.001294854 -0.059971027 -1.596261978 0.001640059 0.999982297 0.005707212 -0.372687727 0.059962567 -0.005795291 0.998183668 29.845510483
0.998093486 -0.008418473 -0.061139680 -1.644354463 0.008754641 0.999947846 0.005232418 -0.385970950 0.061092436 -0.005757699 0.998115420 30.792669296
0.997988999 -0.010339676 -0.062534511 -1.704931378 0.010443776 0.999944448 0.001337900 -0.392942101 0.062517203 -0.001988305 0.998041809 31.765985489
0.997910559 -0.010102711 -0.063811325 -1.773541689 0.009954748 0.999946833 -0.002636397 -0.403954744 0.063834563 0.001995665 0.997958422 32.737850189
0.997783661 -0.008764998 -0.065956548 -1.843647003 0.008578878 0.999958277 -0.003104685 -0.418801099 0.065981001 0.002531973 0.997817576 33.715560913
0.997741640 -0.009041845 -0.066551737 -1.909508944 0.008962703 0.999958634 -0.001487787 -0.436064988 0.066562429 0.000887946 0.997781754 34.696334839
0.997666776 -0.006089905 -0.067993283 -1.982820868 0.006203192 0.999979615 0.001455026 -0.451771200 0.067983024 -0.001873405 0.997684598 35.681201935
0.997601151 -0.006379181 -0.068924263 -2.057641029 0.006580538 0.999974668 0.002694642 -0.459911287 0.068905309 -0.003141736 0.997618139 36.675003052
0.997540116 -0.005053905 -0.069909759 -2.132285833 0.005439069 0.999971032 0.005320075 -0.469079256 0.069880821 -0.005687232 0.997538984 37.652156830
0.997563899 -0.005372383 -0.069545016 -2.209094048 0.005964697 0.999947667 0.008312022 -0.473239511 0.069496691 -0.008706589 0.997544050 38.640018463
0.997517824 0.000309648 -0.070408024 -2.282126427 0.000451131 0.999941707 0.010789078 -0.481425494 0.070407227 -0.010794062 0.997459769 39.611469269
0.997521400 0.000395174 -0.070356503 -2.364828825 0.000320078 0.999948382 0.010154489 -0.485965729 0.070356853 -0.010151841 0.997470081 40.616035461
0.997544110 0.000416556 -0.070033468 -2.446325779 0.000174754 0.999964416 0.008436851 -0.488436222 0.070034459 -0.008428371 0.997508824 41.623367310
0.997536421 0.002779631 -0.070088692 -2.523964405 -0.002328164 0.999976039 0.006522197 -0.503576875 0.070105106 -0.006342952 0.997519255 42.609638214
0.997477114 0.002588494 -0.070934854 -2.597347021 -0.002127155 0.999976158 0.006578409 -0.509308100 0.070950158 -0.006410923 0.997459054 43.600593567
0.997372866 0.000494284 -0.072430395 -2.663358450 0.000079259 0.999968708 0.007915385 -0.513893127 0.072432011 -0.007900332 0.997341871 44.575080872
0.997315824 0.001119974 -0.073204495 -2.738550425 -0.000469371 0.999960303 0.008904019 -0.520919383 0.073211528 -0.008845761 0.997277021 45.560649872
0.997299075 0.003639262 -0.073350772 -2.816148520 -0.003259698 0.999980688 0.005293654 -0.530670047 0.073368579 -0.005040256 0.997291923 46.526252747
0.997233212 0.004338339 -0.074204013 -2.896183729 -0.004261031 0.999990225 0.001200064 -0.540016711 0.074208453 -0.000880559 0.997242093 47.485576630
0.997173071 0.005192603 -0.074953735 -2.972287416 -0.005210664 0.999986410 -0.000045441 -0.551411271 0.074952446 0.000435870 0.997186720 48.449085236
0.997171879 0.003854107 -0.075050198 -3.046773434 -0.003602993 0.999987483 0.003480998 -0.567134202 0.075062633 -0.003200749 0.997173369 49.418312073
0.997172236 0.002041400 -0.075117253 -3.120440483 -0.001548012 0.999976873 0.006625813 -0.579882920 0.075129002 -0.006490797 0.997152388 50.389369965
0.997131348 -0.000047611 -0.075685799 -3.190600157 0.000607162 0.999972701 0.007370020 -0.591172040 0.075683340 -0.007394833 0.997104168 51.349842072
0.997105658 -0.002926987 -0.075967215 -3.263356447 0.003406409 0.999975204 0.006182007 -0.601890862 0.075947203 -0.006422891 0.997090816 52.300582886
0.997071266 -0.005134848 -0.076300494 -3.334187031 0.005522360 0.999972999 0.004868539 -0.613917351 0.076273404 -0.005275641 0.997072697 53.244300842
0.996979952 -0.006731331 -0.077362254 -3.408025265 0.007220027 0.999955773 0.006038904 -0.622763574 0.077318162 -0.006579225 0.996984482 54.189025879
0.996869445 -0.009791954 -0.078451253 -3.480631113 0.010623426 0.999891698 0.010188092 -0.631053209 0.078342967 -0.010989619 0.996865630 55.135040283
0.996804833 -0.010561022 -0.079169005 -3.553488016 0.011810122 0.999812782 0.015325871 -0.638138115 0.078992307 -0.016211899 0.996743143 56.076992035
0.996774733 -0.008866643 -0.079753779 -3.632107973 0.010300549 0.999792278 0.017585598 -0.642223239 0.079581268 -0.018350389 0.996659219 57.016185760
0.996676981 -0.007536272 -0.081101604 -3.712652922 0.008661094 0.999870956 0.013526315 -0.643206775 0.080989189 -0.014183793 0.996613860 57.939899445
0.996574879 -0.005899351 -0.082479946 -3.791477919 0.006403350 0.999962330 0.005847258 -0.650583625 0.082442336 -0.006355376 0.996575356 58.849552155
0.996509254 -0.004446866 -0.083358645 -3.872928143 0.004547023 0.999989092 0.001011606 -0.654959440 0.083353229 -0.001387104 0.996518910 59.761054993
0.996430099 0.000258705 -0.084416635 -3.957981348 -0.000093713 0.999998033 0.001958366 -0.666849852 0.084416963 -0.001943460 0.996428430 60.662715912
0.996319592 0.002959579 -0.085659713 -4.042768955 -0.002595681 0.999987066 0.004359170 -0.680551291 0.085671484 -0.004120778 0.996314764 61.539321899
0.996233761 0.005571589 -0.086523749 -4.126798153 -0.005074704 0.999969304 0.005961585 -0.694858313 0.086554281 -0.005500047 0.996231794 62.437824249
0.996127427 0.006178005 -0.087698475 -4.204916477 -0.005698059 0.999967337 0.005721903 -0.703584135 0.087730937 -0.005200031 0.996130466 63.301876068
0.995963633 0.007664359 -0.089424893 -4.284305573 -0.007109585 0.999953449 0.006520623 -0.712938666 0.089470685 -0.005858527 0.995972037 64.158142090
0.995837092 0.008509018 -0.090748176 -4.364860058 -0.007888488 0.999942958 0.007194367 -0.724135637 0.090804197 -0.006448549 0.995847642 64.994361877
0.995714188 0.008589747 -0.092079908 -4.443876266 -0.007922585 0.999939620 0.007608492 -0.730575442 0.092139691 -0.006846370 0.995722353 65.814460754
0.995595813 0.008527139 -0.093357079 -4.521156311 -0.007744578 0.999931753 0.008741483 -0.740034342 0.093425237 -0.007979970 0.995594084 66.616226196
0.995438576 0.011273393 -0.094732516 -4.603612423 -0.010234004 0.999881983 0.011450483 -0.746326804 0.094850414 -0.010428757 0.995436609 67.402877808
0.995294452 0.012944274 -0.096024215 -4.685374737 -0.011500851 0.999812543 0.015570090 -0.753158271 0.096207753 -0.014392464 0.995256901 68.186134338
0.995074570 0.016093893 -0.097809814 -4.763853550 -0.014466040 0.999745071 0.017329499 -0.758882582 0.098063774 -0.015829224 0.995053887 68.952713013
0.994901955 0.018802395 -0.099074125 -4.846420765 -0.017563470 0.999756336 0.013362473 -0.766546369 0.099301226 -0.011554264 0.994990051 69.695785522
0.994771957 0.018995995 -0.100334153 -4.924378872 -0.018476490 0.999810517 0.006104541 -0.775060952 0.100431107 -0.004218800 0.994934797 70.417701721
0.994625032 0.018182013 -0.101929039 -4.996149540 -0.018235708 0.999833465 0.000405077 -0.782890022 0.101919442 0.001455854 0.994791269 71.120399475
0.994575083 0.019144863 -0.102239415 -5.072860241 -0.019326918 0.999812722 -0.000790275 -0.789009809 0.102205157 0.002761967 0.994759142 71.811019897
0.994432747 0.022007367 -0.103045054 -5.148925781 -0.021834059 0.999757469 0.002809704 -0.804070830 0.103081919 -0.000544165 0.994672418 72.472831726
0.994291782 0.022373958 -0.104319058 -5.224123955 -0.021956177 0.999745488 0.005151659 -0.819717288 0.104407795 -0.002831801 0.994530201 73.127212524
0.994261086 0.019198921 -0.105239958 -5.293066978 -0.019107053 0.999815464 0.001881225 -0.829842567 0.105256684 0.000140401 0.994444788 73.765136719
0.994387805 0.011152293 -0.105203070 -5.349840164 -0.011554433 0.999927878 -0.003213771 -0.841093719 0.105159678 0.004411302 0.994445264 74.379196167
0.994522631 0.007209960 -0.104268335 -5.405725479 -0.008088391 0.999935031 -0.008004316 -0.852334797 0.104203880 0.008803844 0.994516671 74.970375061
0.994817793 0.009723893 -0.101203941 -5.466254234 -0.010611362 0.999909520 -0.008234432 -0.861954749 0.101114750 0.009265679 0.994831264 75.548118591
0.995167315 0.014885372 -0.097055502 -5.530486584 -0.015471039 0.999866068 -0.005284531 -0.874134541 0.096963875 0.006760548 0.995264590 76.112937927
0.995626271 0.013512011 -0.092439026 -5.578439713 -0.013771676 0.999902546 -0.002171697 -0.885881722 0.092400700 0.003435244 0.995715618 76.669120789
0.996185243 0.009915428 -0.086694308 -5.615347385 -0.009778664 0.999949872 0.002002083 -0.897174895 0.086709835 -0.001146687 0.996232629 77.211898804
0.996894002 0.005699204 -0.078544281 -5.645549297 -0.005287783 0.999970853 0.005445058 -0.911547720 0.078573041 -0.005012819 0.996895432 77.737037659
0.997647405 0.009399564 -0.067900553 -5.679087639 -0.009064681 0.999944866 0.005238372 -0.919521809 0.067946061 -0.004610550 0.997677982 78.252372742
0.998496830 0.014638297 -0.052810840 -5.708878517 -0.014406531 0.999884546 0.004766605 -0.926977932 0.052874528 -0.003998617 0.998592794 78.754272461
0.999194443 0.019920025 -0.034826167 -5.724845409 -0.019751508 0.999791205 0.005176177 -0.932306528 0.034922007 -0.004484137 0.999379635 79.240524292
0.999745607 0.018398477 -0.013017518 -5.710287094 -0.018325863 0.999815643 0.005675501 -0.940090179 0.013119534 -0.005435499 0.999898791 79.722854614
0.999800026 0.014974075 0.013218131 -5.683987617 -0.015059358 0.999865949 0.006376407 -0.945571363 -0.013120892 -0.006574188 0.999891937 80.185485840
0.998999774 0.013817082 0.042513341 -5.640236855 -0.014159693 0.999869227 0.007768441 -0.953512013 -0.042400472 -0.008362649 0.999065340 80.637741089
0.997071981 0.013346033 0.075287700 -5.580661297 -0.014067376 0.999859631 0.009059027 -0.961096942 -0.075156271 -0.010091605 0.997120321 81.086494446
0.993526042 0.013466693 0.112798296 -5.505305290 -0.014616247 0.999848902 0.009370453 -0.965366542 -0.112655126 -0.010958481 0.993573308 81.534797668
0.987918615 0.013858115 0.154348910 -5.412059784 -0.015439427 0.999839485 0.009051013 -0.967668951 -0.154198796 -0.011324727 0.987974584 81.964653015
0.979837537 0.013523405 0.199334875 -5.296697140 -0.015591929 0.999839306 0.008810965 -0.974593282 -0.199183792 -0.011741336 0.979891479 82.384017944
0.968551993 0.015753798 0.248309702 -5.165412426 -0.017940739 0.999817312 0.006546773 -0.984297514 -0.248161316 -0.010795755 0.968658209 82.789306641
0.953346550 0.016501328 0.301424742 -5.009727955 -0.018419078 0.999823809 0.003521113 -0.994238436 -0.301313668 -0.008908811 0.953483105 83.179351807
0.933824301 0.017065583 0.357323200 -4.832696438 -0.018596314 0.999826372 0.000848189 -0.997693002 -0.357246846 -0.007436956 0.933979988 83.549545288
0.910043478 0.017477928 0.414142877 -4.631014347 -0.018773237 0.999822974 -0.000942589 -1.008274198 -0.414086252 -0.006917007 0.910210967 83.896583557
0.881126344 0.017611137 0.472551674 -4.421987057 -0.018578513 0.999823630 -0.002619838 -1.021626234 -0.472514719 -0.006470899 0.881298602 84.221939087
0.847874582 0.015859287 0.529958606 -4.183847427 -0.015888104 0.999863327 -0.004502228 -1.036830425 -0.529957831 -0.004602711 0.848011076 84.528846741
0.811273277 0.015764348 0.584453702 -3.922271252 -0.014887046 0.999868989 -0.006304718 -1.044378519 -0.584476829 -0.003585938 0.811402023 84.821952820
0.771821380 0.014523373 0.635672629 -3.646049500 -0.014119602 0.999883771 -0.005700843 -1.055008531 -0.635681927 -0.004575411 0.771937072 85.089721680
0.729568899 0.014059763 0.683761895 -3.357073784 -0.015501950 0.999871433 -0.004019249 -1.062752247 -0.683730960 -0.007667325 0.729693413 85.336990356
0.684549987 0.013213784 0.728845358 -3.053719521 -0.014794576 0.999881327 -0.004232149 -1.068177223 -0.728815198 -0.007885842 0.684664488 85.567390442
0.638154805 0.012299458 0.769809067 -2.736128330 -0.011572942 0.999912381 -0.006382159 -1.072454333 -0.769820511 -0.004836150 0.638241470 85.775291443
0.591811597 0.009935627 0.806014359 -2.408165932 -0.005885334 0.999950349 -0.008004966 -1.079501629 -0.806054235 -0.000006230 0.591840923 85.953483582
0.545266986 0.012047548 0.838175237 -2.076632977 -0.007723647 0.999926209 -0.009347930 -1.089114070 -0.838226318 -0.001376650 0.545319974 86.125091553
0.497975081 0.015211008 0.867057264 -1.739486694 -0.011508434 0.999873698 -0.010931420 -1.096163750 -0.867114425 -0.004534896 0.498087436 86.288116455
0.452575088 0.017415322 0.891555607 -1.399820209 -0.012474014 0.999834716 -0.013198292 -1.107219458 -0.891638517 -0.005148059 0.452717692 86.426063538
0.410507172 0.015000307 0.911733389 -1.048095345 -0.005038187 0.999886394 -0.014182200 -1.114755988 -0.911842942 0.001228414 0.410536259 86.538269043
0.371098608 0.007867152 0.928559542 -0.683540940 0.009846641 0.999874175 -0.012406562 -1.119200826 -0.928540826 0.013747258 0.370974600 86.629440308
0.335794508 0.004401883 0.941924393 -0.320707530 0.014190810 0.999851584 -0.009731588 -1.124542117 -0.941827893 0.016634494 0.335682303 86.721725464
0.302621484 0.008537639 0.953072011 0.039166778 0.011691956 0.999850988 -0.012669136 -1.133114934 -0.953038573 0.014977237 0.302476674 86.817962646
0.271353483 0.015978884 0.962346554 0.406018376 0.001382321 0.999854326 -0.016991435 -1.149066687 -0.962478220 0.005940963 0.271291971 86.923500061
0.243023664 0.020216089 0.969809115 0.782529593 -0.003785814 0.999794602 -0.019892460 -1.171608210 -0.970012426 0.001162826 0.243050367 87.008689880
0.217418090 0.021899426 0.975832283 1.173285365 -0.002761702 0.999757767 -0.021821033 -1.189799428 -0.976074100 0.002049334 0.217425972 87.075523376
0.194126576 0.023347801 0.980698049 1.572023511 0.004481671 0.999684870 -0.024686953 -1.202444792 -0.980965674 0.009187567 0.193960845 87.128944397
0.174119607 0.029918678 0.984269321 1.978998303 0.011482242 0.999408364 -0.032410089 -1.200634480 -0.984656990 0.016944859 0.173673138 87.175041199
0.154304057 0.036678299 0.987341821 2.398116589 0.013393952 0.999140918 -0.039209850 -1.205177426 -0.987932026 0.019274658 0.153680295 87.227516174
0.136592194 0.037538558 0.989915311 2.832497835 0.010996534 0.999162436 -0.039406553 -1.220848680 -0.990565717 0.016268274 0.136065051 87.285675049
0.121090934 0.033116795 0.992088258 3.285785437 0.008789870 0.999368012 -0.034432650 -1.249055505 -0.992601931 0.012889817 0.120723367 87.337799072
0.106632531 0.029880863 0.993848860 3.753379822 0.008969791 0.999478340 -0.031012498 -1.272034764 -0.994257450 0.012221566 0.106308937 87.379699707
0.093407340 0.027416546 0.995249808 4.239355087 0.011367454 0.999525905 -0.028601199 -1.292963028 -0.995562494 0.013985028 0.093051448 87.416397095
0.081784047 0.026671749 0.996292531 4.735772133 0.014936160 0.999496400 -0.027983593 -1.311741352 -0.996537566 0.017169407 0.081344537 87.446426392
0.071768373 0.027319891 0.997046471 5.248035908 0.018145772 0.999423206 -0.028691154 -1.328697205 -0.997255623 0.020151308 0.071231291 87.470901489
0.063945681 0.027869686 0.997563541 5.768665791 0.020177901 0.999369085 -0.029213557 -1.347587824 -0.997748792 0.021996833 0.063343033 87.497634888
0.058448542 0.028275814 0.997889280 6.317481518 0.021889623 0.999321759 -0.029598514 -1.365874410 -0.998049855 0.023573427 0.057790004 87.522880554
0.052889504 0.029357959 0.998168170 6.879921436 0.023150794 0.999262691 -0.030616820 -1.384771466 -0.998331428 0.024727706 0.052170895 87.548126221
0.046909604 0.030104782 0.998444855 7.457975864 0.023657270 0.999231517 -0.031239973 -1.404754758 -0.998618424 0.025085945 0.046161406 87.575691223
0.042561330 0.030077253 0.998640478 8.053260803 0.026186422 0.999169350 -0.031209217 -1.429092050 -0.998750091 0.027479136 0.041738410 87.596778870
0.039740406 0.030058956 0.998757243 8.673218727 0.027638189 0.999131441 -0.031169927 -1.452134728 -0.998827219 0.028842557 0.038875163 87.617439270
0.036720809 0.029632930 0.998885572 9.310920715 0.028575920 0.999119878 -0.030690372 -1.475933552 -0.998916388 0.029671060 0.035841748 87.638854980
0.034414411 0.029028524 0.998985410 9.967831612 0.030803552 0.999071896 -0.030092187 -1.499140978 -0.998932302 0.031807914 0.033488333 87.657638550
0.033786379 0.028664650 0.999017358 10.635372162 0.035111949 0.998937011 -0.029849807 -1.522866249 -0.998811603 0.036085974 0.032744039 87.674522400
0.034823973 0.028358182 0.998990476 11.325572014 0.038280576 0.998825431 -0.029687913 -1.546132445 -0.998659551 0.039275791 0.033697546 87.693107605
0.037255552 0.028311223 0.998904049 12.033093452 0.039960083 0.998756349 -0.029797394 -1.569538832 -0.998506010 0.041026417 0.036077946 87.716751099
0.041180283 0.028239258 0.998751938 12.757369995 0.042383961 0.998650849 -0.029983951 -1.594744921 -0.998251855 0.043565825 0.039927881 87.744499207
0.045551080 0.027826227 0.998573720 13.491524696 0.042717904 0.998642802 -0.029776767 -1.621239424 -0.998047709 0.044013359 0.044300634 87.778587341
0.049578588 0.026144169 0.998427331 14.244673729 0.044274263 0.998616576 -0.028347626 -1.647481322 -0.997787893 0.045610085 0.048352543 87.815513611
0.053592250 0.024579080 0.998259723 14.996837616 0.044085134 0.998663425 -0.026955750 -1.675274730 -0.997588694 0.045453046 0.052437108 87.857017517
0.057758015 0.022525087 0.998075783 15.770769119 0.040941384 0.998850286 -0.024911810 -1.700729966 -0.997490168 0.042301472 0.056769464 87.908210754
0.061771981 0.021457791 0.997858882 16.557693481 0.040241137 0.998901784 -0.023971315 -1.725180268 -0.997278094 0.041635744 0.060840715 87.962928772
0.065931596 0.022485878 0.997570038 17.348915100 0.037695535 0.998975575 -0.025008932 -1.752236605 -0.997111261 0.039252825 0.065016508 88.020629883
0.068953484 0.026492838 0.997267306 18.131032944 0.035386965 0.998952568 -0.028984338 -1.785488486 -0.996991456 0.037288841 0.067943834 88.079620361
0.070320405 0.031907976 0.997013330 18.912645340 0.029433070 0.998986065 -0.034047049 -1.815981865 -0.997089565 0.031739365 0.069310024 88.142387390
0.070197940 0.035065774 0.996915936 19.714866638 0.026762137 0.998955369 -0.037021961 -1.850598693 -0.997173429 0.029278465 0.069186240 88.202896118
0.070496447 0.034631021 0.996910095 20.514732361 0.024732759 0.999028563 -0.036453586 -1.886990070 -0.997204781 0.027226182 0.069571510 88.262115479
0.070684381 0.033087570 0.996949196 21.327636719 0.022233024 0.999148488 -0.034736894 -1.923816681 -0.997250319 0.024620548 0.069888629 88.322334290
0.070495605 0.031871285 0.997002184 22.145030975 0.023115451 0.999168158 -0.033574961 -1.961980104 -0.997243583 0.025413038 0.069700323 88.383865356
0.070948087 0.031379230 0.996985734 22.950883865 0.020596476 0.999245226 -0.032916043 -1.999581575 -0.997266650 0.022869715 0.070248313 88.445182800
0.071138300 0.031790376 0.996959150 23.759094238 0.018984687 0.999267161 -0.033218626 -2.037948847 -0.997285068 0.021290066 0.070482709 88.506744385
0.071236283 0.032413997 0.996932030 24.566473007 0.015930595 0.999306798 -0.033629533 -2.078816891 -0.997331500 0.018277353 0.070670597 88.569290161
0.070132144 0.033884812 0.996961415 25.374980927 0.013524560 0.999298155 -0.034915626 -2.114800215 -0.997445285 0.015932163 0.069624715 88.633125305
0.067217782 0.033609092 0.997171462 26.187805176 0.010592628 0.999351561 -0.034396596 -2.153383970 -0.997681379 0.012874721 0.066818252 88.697402954
0.063210569 0.032539461 0.997468948 26.994630814 0.008370305 0.999415338 -0.033133384 -2.188374758 -0.997964382 0.010443489 0.062901311 88.757102966
0.058282152 0.030196480 0.997842729 27.803752899 0.006759279 0.999507010 -0.030641636 -2.223587275 -0.998276532 0.008530546 0.058049366 88.813491821
0.052015379 0.028252868 0.998245955 28.613500595 0.005096603 0.999578655 -0.028556149 -2.259113312 -0.998632550 0.006573009 0.051849522 88.862373352
0.044675980 0.028457247 0.998595536 29.415697098 0.004894453 0.999575377 -0.028704138 -2.295964003 -0.998988807 0.006169951 0.044517778 88.899017334
0.036031172 0.029600767 0.998911619 30.210552216 0.004741785 0.999544322 -0.029790552 -2.331044674 -0.999338686 0.005809999 0.035874438 88.927452087
0.026190430 0.030159155 0.999201357 31.013540268 0.005859729 0.999522388 -0.030322434 -2.362667084 -0.999639094 0.006649193 0.026001237 88.948204041
0.015872629 0.029192012 0.999447227 31.815917969 0.007352506 0.999542713 -0.029311564 -2.396933556 -0.999846220 0.007813679 0.015650772 88.963378906
0.005053604 0.028206525 0.999588788 32.616554260 0.006793963 0.999577522 -0.028240550 -2.431202173 -0.999963343 0.006933871 0.004859867 88.969612122
-0.005810767 0.027702371 0.999598742 33.397289276 0.008783950 0.999578536 -0.027650740 -2.458470345 -0.999943733 0.008619740 -0.006051626 88.957725525
-0.016884899 0.028224492 0.999458432 34.178775787 0.009384562 0.999561369 -0.028068852 -2.486398458 -0.999812543 0.008905525 -0.017142342 88.946296692
-0.027881943 0.028726423 0.999197841 34.961692810 0.009600674 0.999548018 -0.028468588 -2.523519039 -0.999564290 0.008799198 -0.028145112 88.922302246
-0.038621247 0.029986041 0.998803377 35.745288849 0.009220609 0.999517262 -0.029650932 -2.553638458 -0.999210477 0.008064405 -0.038879070 88.898216248
-0.048881210 0.030864842 0.998327017 36.515636444 0.010073513 0.999486327 -0.030407449 -2.591069221 -0.998752952 0.008570293 -0.049166996 88.859375000
-0.058398671 0.031561177 0.997793674 37.283451080 0.010992683 0.999459386 -0.030970480 -2.625856161 -0.998231947 0.009159782 -0.058714017 88.812736511
-0.067895181 0.032054134 0.997176826 38.034534454 0.011963685 0.999437571 -0.031312227 -2.659385204 -0.997619808 0.009803945 -0.068240464 88.755348206
-0.077100024 0.032365553 0.996497333 38.773155212 0.012501734 0.999425352 -0.031493381 -2.696187258 -0.996944070 0.010029789 -0.077460326 88.692901611
-0.085610807 0.031939186 0.995816052 39.501708984 0.013798599 0.999427795 -0.030868754 -2.729385853 -0.996232212 0.011098151 -0.086002514 88.624702454
-0.092898585 0.030887187 0.995195806 40.231910706 0.015563834 0.999441266 -0.029566109 -2.762459993 -0.995553017 0.012742396 -0.093327373 88.553848267
-0.098046489 0.029188434 0.994753122 40.948787689 0.018244460 0.999454081 -0.027528130 -2.797039270 -0.995013654 0.015449680 -0.098525472 88.478744507
-0.101743624 0.027462503 0.994430959 41.643444061 0.021020062 0.999454618 -0.025450604 -2.830525637 -0.994587600 0.018313548 -0.102265388 88.400802612
-0.104138844 0.026615497 0.994206011 42.337223053 0.023295186 0.999432385 -0.024315342 -2.854507446 -0.994288981 0.020628026 -0.104699738 88.318824768
-0.106035903 0.025767606 0.994027853 43.023181915 0.023254145 0.999454558 -0.023427695 -2.883820295 -0.994089365 0.020631073 -0.106577270 88.250923157
-0.106758729 0.026205674 0.993938982 43.679397583 0.024135567 0.999425888 -0.023757948 -2.912181616 -0.993991017 0.021452894 -0.107329920 88.181297302
-0.105996251 0.027155457 0.993995130 44.338485718 0.024692610 0.999390244 -0.024669718 -2.941908360 -0.994058907 0.021929419 -0.106602155 88.114303589
-0.102892391 0.028889764 0.994272351 44.965320587 0.025807967 0.999318779 -0.026365658 -2.968433857 -0.994356632 0.022947304 -0.103567883 88.049018860
-0.097727053 0.029423218 0.994777679 45.581729889 0.025973156 0.999297440 -0.027005302 -2.995058298 -0.994873285 0.023198349 -0.098422602 87.992919922
-0.089842111 0.030122910 0.995499909 46.184875488 0.025247706 0.999289811 -0.027959034 -3.022756815 -0.995634973 0.022622172 -0.090538837 87.947708130
-0.078872927 0.030097775 0.996429801 46.771369934 0.024065435 0.999309957 -0.028279869 -3.050587416 -0.996593118 0.021748981 -0.079542823 87.914932251
-0.065213136 0.030213628 0.997413397 47.328422546 0.023022762 0.999320626 -0.028766131 -3.082292318 -0.997604668 0.021087263 -0.065864451 87.889389038
-0.048146330 0.031480864 0.998343587 47.870872498 0.021931818 0.999295175 -0.030453190 -3.111843824 -0.998598397 0.020429265 -0.048802845 87.878089905
-0.026943594 0.034074992 0.999055505 48.402999878 0.020211447 0.999232769 -0.033535965 -3.138721466 -0.999431491 0.019288763 -0.027611649 87.879913330
-0.002533393 0.036952171 0.999313354 48.908470154 0.017855903 0.999159038 -0.036901213 -3.167189837 -0.999836266 0.017750144 -0.003191106 87.898262024
0.025605744 0.038661152 0.998923779 49.428382874 0.015731806 0.999112189 -0.039071720 -3.194601536 -0.999547243 0.016715324 0.024974765 87.933425903
0.058612581 0.037777942 0.997565269 49.938194275 0.013123967 0.999167800 -0.038609758 -3.226240873 -0.998193443 0.015355019 0.058067955 87.985206604
0.096551098 0.035087712 0.994708955 50.446063995 0.011771922 0.999267936 -0.036391191 -3.255769968 -0.995257318 0.015223233 0.096067309 88.055923462
0.138405353 0.031250969 0.989882052 50.945053101 0.009388146 0.999415338 -0.032864615 -3.283448458 -0.990330100 0.013841784 0.138030976 88.152282715
0.183997333 0.026868388 0.982559025 51.437808990 0.006425260 0.999571681 -0.028536847 -3.310322523 -0.982904673 0.011563890 0.183745831 88.269042969
0.231895998 0.023755956 0.972450018 51.917358398 0.001521743 0.999691248 -0.024784340 -3.333495855 -0.972738266 0.007227199 0.231788188 88.419052124
0.283191711 0.022410013 0.958800972 52.383831024 -0.002586921 0.999740720 -0.022602847 -3.354447365 -0.959058642 0.003920588 0.283176184 88.592338562
0.337397069 0.022380929 0.941095829 52.828262329 -0.003883603 0.999741435 -0.022383321 -3.369664907 -0.941353261 0.003897214 0.337396652 88.790725708
0.394907624 0.022700988 0.918439865 53.264778137 -0.002508878 0.999717116 -0.023631180 -3.390249014 -0.918716252 0.007027869 0.394852757 89.013954163
0.454486251 0.025856923 0.890377879 53.671638489 -0.002000135 0.999605179 -0.028008005 -3.411020041 -0.890750349 0.010948365 0.454358399 89.259529114
0.513789833 0.027914891 0.857461274 54.060993195 -0.000662671 0.999482572 -0.032141395 -3.440881014 -0.857914746 0.015945693 0.513542295 89.530891418
0.571589112 0.031545695 0.819932759 54.423973083 -0.004686785 0.999369323 -0.035182048 -3.462412834 -0.820525527 0.016266814 0.571376324 89.834053040
0.627245426 0.033406001 0.778104186 54.765506744 -0.007681831 0.999295831 -0.036709882 -3.485196829 -0.778782606 0.017048828 0.627060294 90.160591125
0.680073559 0.034174703 0.732346177 55.080322266 -0.009320006 0.999234676 -0.037974242 -3.500120640 -0.733083487 0.018999796 0.679871500 90.501853943
0.728788435 0.032090656 0.683985710 55.358989716 -0.009781836 0.999286652 -0.036461156 -3.519414186 -0.684667826 0.019881824 0.728582442 90.851867676
0.773825109 0.027740741 0.632790565 55.624103546 -0.011088200 0.999480128 -0.030256491 -3.541306019 -0.633300900 0.016396718 0.773730397 91.237686157
0.814991772 0.022159807 0.579047561 55.867584229 -0.011096854 0.999681592 -0.022638796 -3.556879759 -0.579364777 0.012024822 0.814978182 91.643951416
0.851020634 0.019718859 0.524760664 56.078029633 -0.013217123 0.999781907 -0.016134117 -3.567706823 -0.524964392 0.006794637 0.851095676 92.068000793
0.881786346 0.016214410 0.471368939 56.267688751 -0.013748384 0.999867260 -0.008675068 -3.577708960 -0.471447110 0.001168991 0.881892204 92.508537292
0.906947613 0.016780542 0.420907557 56.418498993 -0.017132264 0.999848306 -0.002945937 -3.592520475 -0.420893192 -0.004539293 0.907097518 92.940177917
0.926790595 0.018669941 0.375112444 56.556644440 -0.020502482 0.999788821 0.000894329 -3.605027437 -0.375016630 -0.008519597 0.926977634 93.385856628
0.941774845 0.024650862 0.335337400 56.670909882 -0.027511140 0.999613762 0.003781039 -3.615124226 -0.335114777 -0.012786409 0.942089260 93.841384888
0.953393817 0.029235577 0.300306797 56.775485992 -0.031561978 0.999496996 0.002897325 -3.616371155 -0.300071120 -0.012240576 0.953837037 94.295120239
0.962516427 0.031012382 0.269441962 56.881862640 -0.033087406 0.999446869 0.003161763 -3.617305040 -0.269194961 -0.011958392 0.963010252 94.758468628
0.968587160 0.025454270 0.247365281 56.997070312 -0.027194303 0.999623060 0.003619526 -3.622364044 -0.247179985 -0.010232760 0.968914330 95.230079651
0.972511768 0.022743149 0.231737226 57.105163574 -0.024421485 0.999691606 0.004375712 -3.629339457 -0.231566310 -0.009914806 0.972767413 95.713317871
0.975331366 0.027143519 0.219067305 57.197925568 -0.028732192 0.999578238 0.004068627 -3.632050037 -0.218864560 -0.010262552 0.975700080 96.205558777
0.977271378 0.032563128 0.209472746 57.286323547 -0.034264345 0.999402046 0.004496380 -3.629582644 -0.209201187 -0.011571639 0.977802992 96.702781677
0.978241682 0.040340226 0.203505099 57.372325897 -0.041862998 0.999117613 0.003181558 -3.630765915 -0.203197300 -0.011631677 0.979067504 97.217224121
0.978597403 0.045999642 0.200573280 57.466243744 -0.046855509 0.998900890 -0.000480814 -3.633708239 -0.200375065 -0.008927451 0.979677379 97.740226746
0.978719056 0.047278505 0.199680135 57.570316315 -0.047657259 0.998858809 -0.002912253 -3.644007206 -0.199590072 -0.006665940 0.979855537 98.266838074
0.978302836 0.045798868 0.202050537 57.686130524 -0.045429416 0.998945892 -0.006468192 -3.652302027 -0.202133924 -0.002851196 0.979352474 98.794166565
0.977589905 0.044081151 0.205847591 57.803756714 -0.042303711 0.999019086 -0.013030348 -3.656216145 -0.206220195 0.004030214 0.978496075 99.339912415
0.976678073 0.044662707 0.210008606 57.922569275 -0.041864276 0.998964787 -0.017754447 -3.663368940 -0.210584298 0.008548515 0.977537096 99.891098022
0.975507557 0.049404435 0.214342415 58.041198730 -0.046790808 0.998754919 -0.017253563 -3.675989866 -0.214928091 0.006801718 0.976604998 100.466079712
0.974089921 0.052357417 0.220013738 58.166301727 -0.050667450 0.998625934 -0.013321251 -3.687435627 -0.220409021 0.001828550 0.975404620 101.057258606
0.973198771 0.049257204 0.224624962 58.307891846 -0.048535578 0.998782456 -0.008736802 -3.699366570 -0.224781930 -0.002399669 0.974404931 101.659614563
0.972524822 0.044791013 0.228446066 58.455764771 -0.045259815 0.998969316 -0.003189344 -3.710136890 -0.228353590 -0.007237723 0.973550141 102.269226074
0.971754134 0.042191740 0.232189968 58.603195190 -0.043701299 0.999042869 0.001358894 -3.718438625 -0.231910527 -0.011467529 0.972668290 102.891403198
0.971232295 0.037541579 0.235152707 58.756988525 -0.039099295 0.999232590 0.001963360 -3.724620581 -0.234898657 -0.011101198 0.971955240 103.520896912
0.971320212 0.034118470 0.235311061 58.919376373 -0.034834806 0.999391615 -0.001113412 -3.731981993 -0.235206023 -0.007115548 0.971918225 104.161079407
0.971433401 0.033429608 0.234942019 59.077739716 -0.032431785 0.999440193 -0.008110961 -3.742137909 -0.235081777 0.000259660 0.971974313 104.812339783
0.971556604 0.035594881 0.234113127 59.229198456 -0.033062857 0.999343812 -0.014732702 -3.752932310 -0.234484062 0.006573200 0.972096443 105.468299866
0.972077847 0.038527019 0.231470481 59.379028320 -0.035194132 0.999208152 -0.018512532 -3.760887146 -0.232000560 0.009849216 0.972664475 106.135795593
0.972710788 0.036883533 0.229066819 59.541797638 -0.034531228 0.999300838 -0.014270423 -3.771560669 -0.229433149 0.005971030 0.973304808 106.829719543
0.973138511 0.032889545 0.227855384 59.702762604 -0.032200053 0.999457717 -0.006743931 -3.785590410 -0.227953792 -0.000774185 0.973670304 107.530975342
0.973718524 0.033061590 0.225338593 59.862113953 -0.033755120 0.999428868 -0.000775565 -3.803385496 -0.225235686 -0.006851160 0.974278867 108.243919373
0.973987162 0.036562741 0.223630130 60.018493652 -0.037192322 0.999306202 -0.001397698 -3.814206123 -0.223526210 -0.006955995 0.974671781 108.970352173
0.974228799 0.042457424 0.221526235 60.167556763 -0.042178594 0.999091148 -0.005991503 -3.822732210 -0.221579418 -0.003506579 0.975134671 109.700012207
0.975059807 0.043376904 0.217658371 60.323795319 -0.041929167 0.999056041 -0.011267903 -3.831918716 -0.217941806 0.001860639 0.975958645 110.440689087
0.975981236 0.042088080 0.213746578 60.483684540 -0.040002201 0.999099374 -0.014076578 -3.841863394 -0.214146659 0.005188138 0.976786435 111.190254211
0.976874828 0.040060405 0.210022002 60.642116547 -0.038276974 0.999187291 -0.012551441 -3.856393099 -0.210354269 0.004222174 0.977614760 111.957946777
0.977729619 0.036420476 0.206680655 60.805072784 -0.034999114 0.999330759 -0.010530651 -3.871608973 -0.206926003 0.003062483 0.978350461 112.738838196
0.978132427 0.035326850 0.204957202 60.966918945 -0.034467116 0.999374568 -0.007764531 -3.890251875 -0.205103442 0.000530449 0.978738844 113.529251099
0.978510439 0.032065302 0.203685269 61.134998322 -0.031621978 0.999484062 -0.005431752 -3.903282166 -0.203754470 -0.001125913 0.979020059 114.314064026
0.978725135 0.027005607 0.203386948 61.302776337 -0.026716104 0.999633312 -0.004169500 -3.915279865 -0.203425094 -0.001352920 0.979088247 115.113090515
0.978837371 0.027980031 0.202713713 61.460750580 -0.028030822 0.999602556 -0.002621101 -3.927461624 -0.202706635 -0.003116610 0.979233265 115.906127930
0.978573680 0.033507466 0.203147933 61.616394043 -0.033260617 0.999434888 -0.004630134 -3.939841747 -0.203188419 -0.002225906 0.979135811 116.715553284
0.978271008 0.039284434 0.203570113 61.777896881 -0.038481910 0.999226928 -0.007900783 -3.955133438 -0.203723252 -0.000104666 0.979027212 117.524116516
0.977694273 0.048218068 0.204419181 61.936614990 -0.047273010 0.998835683 -0.009506981 -3.969926119 -0.204639703 -0.000368595 0.978836000 118.348976135
0.976741493 0.054218717 0.207447901 62.091682434 -0.053556714 0.998524845 -0.008810427 -3.985740185 -0.207619712 -0.002504726 0.978205144 119.174118042
0.975945294 0.056986976 0.210431755 62.254333496 -0.056829121 0.998359621 -0.006802280 -4.004940987 -0.210474357 -0.005320009 0.977583587 120.005661011
0.975361049 0.057540353 0.212974548 62.434879303 -0.057255406 0.998330176 -0.007510805 -4.024042606 -0.213051230 -0.004868207 0.977027535 120.844970703
0.975051165 0.056114219 0.214766681 62.615753174 -0.055205405 0.998421431 -0.010232413 -4.040586948 -0.215002000 -0.001879164 0.976610422 121.670898438
0.975044727 0.050218266 0.216250077 62.804008484 -0.049451809 0.998735130 -0.008957453 -4.059175491 -0.216426536 -0.001960049 0.976295590 122.510551453
0.975341320 0.043632891 0.216341645 62.997013092 -0.042398747 0.999046028 -0.010344967 -4.081659794 -0.216586813 0.000917252 0.976261556 123.332458496
0.975098073 0.042961404 0.217569262 63.181728363 -0.041698497 0.999074936 -0.010394732 -4.104848862 -0.217814758 0.001063565 0.975988150 124.167510986
0.974541903 0.045633703 0.219508544 63.365612030 -0.045106705 0.998953462 -0.007414767 -4.120837688 -0.219617367 -0.002675317 0.975581050 125.014198303
0.974115312 0.047673464 0.220963836 63.539039612 -0.048469085 0.998821795 -0.001823161 -4.133828163 -0.220790595 -0.008933961 0.975278974 125.847244263
0.973747551 0.051088572 0.221819758 63.713058472 -0.052953426 0.998592675 0.002463968 -4.150822163 -0.221381888 -0.014145419 0.975083232 126.661300659
0.973533630 0.050503392 0.222889885 63.896514893 -0.050895240 0.998694777 -0.003989772 -4.166519165 -0.222800642 -0.007459873 0.974834085 127.491065979
0.973823607 0.046499670 0.222493991 64.082778931 -0.043544330 0.998884916 -0.018172871 -4.187483311 -0.223091125 0.008008815 0.974763334 128.297378540
