1.000000000 0.000000000 0.000000000 0.000000000 0.000000000 1.000000000 0.000000000 0.000000000 0.000000000 0.000000000 1.000000000 0.000000000
0.999990940 -0.002589314 -0.003382429 -0.000919408 0.002582147 0.999994397 -0.002121790 -0.001421797 0.003387904 0.002113037 0.999992013 0.671738744
0.999971509 -0.001469861 -0.007404305 -0.013136034 0.001443412 0.999992549 -0.003576134 -0.003865197 0.007409506 0.003565344 0.999966204 1.352016687
0.999935210 -0.001426567 -0.011287796 -0.028570596 0.001369430 0.999986172 -0.005067980 -0.007451643 0.011294871 0.005052194 0.999923468 2.057527781
0.999870718 0.000053798 -0.016075313 -0.048872314 -0.000144916 0.999983847 -0.005667069 -0.011578719 0.016074751 0.005668666 0.999854743 2.785759449
0.999785483 -0.000882123 -0.020689076 -0.061331868 0.000757317 0.999981403 -0.006039534 -0.016032211 0.020694021 0.006022571 0.999767721 3.523387671
0.999681771 0.000878604 -0.025210265 -0.087388061 -0.001061645 0.999973118 -0.007248082 -0.021502314 0.025203222 0.007272540 0.999655902 4.278673649
0.999540567 0.003598014 -0.030094936 -0.117062770 -0.003834782 0.999962032 -0.007813375 -0.027422778 0.030065687 0.007925193 0.999516487 5.039161205
0.999397039 0.003834724 -0.034509171 -0.146784812 -0.004051348 0.999972463 -0.006209553 -0.032239392 0.034484413 0.006345619 0.999385059 5.816147804
0.999231756 0.003047242 -0.039071977 -0.178450942 -0.003187926 0.999988616 -0.003538833 -0.035067376 0.039060753 0.003660674 0.999230087 6.615029335
0.999090135 0.002652359 -0.042566132 -0.215451106 -0.002692720 0.999996006 -0.000890872 -0.035790276 0.042563602 0.001004681 0.999093235 7.432239532
0.998971641 0.004361241 -0.045129862 -0.259766757 -0.004429439 0.999989212 -0.001411234 -0.036904596 0.045123227 0.001609683 0.998980105 8.244560242
0.998864830 0.003822184 -0.047481671 -0.298545539 -0.003899415 0.999991238 -0.001534007 -0.038163830 0.047475398 0.001717417 0.998870850 9.064072609
0.998784959 0.000867712 -0.049274158 -0.336476147 -0.000973063 0.999997318 -0.002114093 -0.039938882 0.049272198 0.002159471 0.998782933 9.901295662
0.998681724 0.000832035 -0.051324930 -0.386913687 -0.000896276 0.999998808 -0.001228626 -0.040955998 0.051323857 0.001273008 0.998681128 10.733246803
0.998598695 -0.000549390 -0.052919529 -0.429928601 0.000473903 0.999998868 -0.001438971 -0.042173386 0.052920271 0.001411877 0.998597622 11.578755379
0.998499155 0.001910823 -0.054734286 -0.481100708 -0.002115995 0.999991000 -0.003690807 -0.045323804 0.054726746 0.003801086 0.998494029 12.433293343
0.998415291 0.002492325 -0.056221124 -0.533468127 -0.002852009 0.999975979 -0.006318320 -0.050753910 0.056204036 0.006468650 0.998398185 13.292900085
0.998294294 0.006523737 -0.058018152 -0.591548860 -0.007001182 0.999943256 -0.008029764 -0.057729114 0.057962492 0.008422263 0.998283029 14.166028023
0.998229563 0.007639214 -0.058988605 -0.647567213 -0.008117697 0.999936104 -0.007876077 -0.064669803 0.058924679 0.008340985 0.998227358 15.049398422
0.998154879 0.007150382 -0.060299151 -0.702307105 -0.007555268 0.999950469 -0.006489282 -0.070325643 0.060249776 0.006932886 0.998158991 15.921614647
0.998056114 0.008073644 -0.061799411 -0.760610104 -0.008402359 0.999951959 -0.005061006 -0.074836843 0.061755594 0.005570430 0.998075485 16.815927505
0.998004258 0.007809751 -0.062664412 -0.820803821 -0.008134263 0.999954820 -0.004925098 -0.079259984 0.062623128 0.005425000 0.998022258 17.717870712
0.997881949 0.007757440 -0.064589411 -0.877100348 -0.008153717 0.999949515 -0.005873970 -0.084618762 0.064540595 0.006388173 0.997894347 18.625051498
0.997823119 0.006144802 -0.065663449 -0.940112233 -0.006593965 0.999956310 -0.006625829 -0.090583831 0.065619886 0.007044389 0.997819543 19.526762009
0.997777700 0.005931961 -0.066370226 -1.000483155 -0.006272607 0.999968231 -0.004925273 -0.095172733 0.066338919 0.005330644 0.997782648 20.454769135
0.997765183 0.007155943 -0.066438116 -1.063788176 -0.007269737 0.999972522 -0.001471149 -0.096493073 0.066425785 0.001950852 0.997789204 21.363761902
0.997811258 0.008097056 -0.065633111 -1.128192663 -0.007965347 0.999965668 0.002268211 -0.094358571 0.065649256 -0.001740451 0.997840941 22.290498734
0.997921050 0.007054036 -0.064065330 -1.191343665 -0.006730520 0.999963462 0.005264239 -0.089404382 0.064100154 -0.004822095 0.997931480 23.225471497
0.998010099 0.007242860 -0.062641636 -1.251137018 -0.006881515 0.999958396 0.005982297 -0.083754651 0.062682390 -0.005539315 0.998017848 24.167179108
0.998100221 0.007716908 -0.061130628 -1.312702656 -0.007529041 0.999966204 0.003302962 -0.080632158 0.061154082 -0.002836425 0.998124003 25.100496292
0.998146653 0.008914827 -0.060202945 -1.374860287 -0.009014653 0.999958396 -0.001386750 -0.081863753 0.060188115 0.001926893 0.998184860 26.027206421
0.998223364 0.008166332 -0.059026174 -1.432480812 -0.008432560 0.999955297 -0.004262660 -0.085852928 0.058988765 0.004752832 0.998246968 26.965499878
0.998279274 0.005581254 -0.058378551 -1.485021353 -0.005782795 0.999977827 -0.003283922 -0.088980012 0.058358967 0.003615866 0.998288751 27.911403656
0.998273849 0.003948226 -0.058604259 -1.543914080 -0.003849034 0.999990880 0.001805370 -0.087208472 0.058610894 -0.001576678 0.998279274 28.887502670
0.998233438 0.000160593 -0.059418891 -1.602394700 0.000157625 0.999985576 0.005350824 -0.081985459 0.059418939 -0.005350728 0.998218417 29.861862183
0.998147786 -0.007106597 -0.060425211 -1.657159209 0.007419556 0.999960124 0.004956583 -0.077213950 0.060387623 -0.005395722 0.998160005 30.818267822
0.998043597 -0.008962383 -0.061881609 -1.713866949 0.009048539 0.999958396 0.001112272 -0.076102942 0.061869107 -0.001670029 0.998082459 31.787826538
0.997965813 -0.008690931 -0.063161343 -1.781533241 0.008526337 0.999959469 -0.002874898 -0.078969881 0.063183807 0.002330518 0.997998774 32.765609741
0.997837603 -0.007407319 -0.065314129 -1.850999475 0.007205326 0.999968469 -0.003327582 -0.082271844 0.065336764 0.002849779 0.997858763 33.743686676
0.997799993 -0.007504123 -0.065875567 -1.919198632 0.007404602 0.999971032 -0.001754697 -0.084032863 0.065886870 0.001263057 0.997825861 34.732715607
0.997719586 -0.004595591 -0.067343719 -1.990799665 0.004687796 0.999988317 0.001211272 -0.082855314 0.067337401 -0.001524198 0.997728646 35.721153259
0.997654557 -0.004744921 -0.068290420 -2.065349817 0.004928178 0.999984682 0.002515340 -0.080374867 0.068277478 -0.002845981 0.997661829 36.716991425
0.997589648 -0.003677889 -0.069297537 -2.138916731 0.004043720 0.999978602 0.005139667 -0.075364254 0.069277190 -0.005407488 0.997582316 37.693611145
0.997613728 -0.003998107 -0.068931475 -2.215509176 0.004568662 0.999956548 0.008121537 -0.067347288 0.068896055 -0.008417071 0.997587860 38.682415009
0.997562289 0.001677219 -0.069766477 -2.288856030 -0.000941022 0.999943554 0.010583857 -0.056983322 0.069780327 -0.010492393 0.997506678 39.658393860
0.997569382 0.001849655 -0.069660328 -2.370593786 -0.001164179 0.999950469 0.009879615 -0.047103357 0.069675185 -0.009774494 0.997521341 40.653663635
0.997574270 0.001980189 -0.069585860 -2.438987017 -0.001414191 0.999965429 0.008182159 -0.038986869 0.069599688 -0.008063894 0.997541904 41.643356323
0.997551322 0.004269121 -0.069812179 -2.506727219 -0.003852721 0.999973893 0.006098163 -0.033048775 0.069836423 -0.005814255 0.997541010 42.614887238
0.997492671 0.004122225 -0.070654117 -2.579817057 -0.003700203 0.999974489 0.006102926 -0.026982620 0.070677504 -0.005826181 0.997481704 43.604335785
0.997409642 0.001807383 -0.071911693 -2.657030106 -0.001266591 0.999970496 0.007565142 -0.019500725 0.071923271 -0.007454453 0.997381806 44.589263916
0.997346580 0.002342916 -0.072765321 -2.731055021 -0.001716681 0.999960840 0.008667608 -0.010935112 0.072782807 -0.008519684 0.997310936 45.574256897
0.997325659 0.004850472 -0.072927684 -2.807978630 -0.004492507 0.999976933 0.005071738 -0.005995003 0.072950631 -0.004730538 0.997323811 46.539657593
0.997260571 0.005485361 -0.073767595 -2.887547016 -0.005430583 0.999984682 0.000943149 -0.005044002 0.073771663 -0.000539958 0.997274458 47.492542267
0.997200727 0.006344724 -0.074504465 -2.963461161 -0.006385779 0.999979436 -0.000312810 -0.005321564 0.074500971 0.000787708 0.997220039 48.456371307
0.997201502 0.004948619 -0.074599773 -3.037183523 -0.004722173 0.999983549 0.003211592 -0.002168878 0.074614465 -0.002850324 0.997207820 49.434436798
0.997189581 0.003051665 -0.074860163 -3.108290911 -0.002571991 0.999975383 0.006503212 0.004177500 0.074878201 -0.006292386 0.997172296 50.408504486
0.997156978 0.001172033 -0.075346403 -3.178512096 -0.000641053 0.999974608 0.007071035 0.010980172 0.075352818 -0.007002622 0.997131765 51.368171692
0.997134328 -0.001599716 -0.075638235 -3.250898123 0.002050991 0.999980390 0.005888995 0.016619047 0.075627372 -0.006027243 0.997117400 52.322929382
0.997104287 -0.004119169 -0.075938873 -3.324239731 0.004479767 0.999979258 0.004578877 0.020978238 0.075918488 -0.004905798 0.997101426 53.273071289
0.997014999 -0.005734786 -0.076999210 -3.397848606 0.006196824 0.999963999 0.005763059 0.026435047 0.076963432 -0.006222998 0.997013986 54.217750549
0.996918976 -0.008622955 -0.077967033 -3.472378969 0.009420997 0.999906719 0.009873718 0.035781205 0.077874660 -0.010577811 0.996906459 55.161987305
0.996857822 -0.009282282 -0.078670755 -3.545575380 0.010494406 0.999832153 0.015008280 0.050037667 0.078518271 -0.015786707 0.996787131 56.107940674
0.996820509 -0.007560257 -0.079325035 -3.622807503 0.008960282 0.999809861 0.017308244 0.066384092 0.079179130 -0.017963968 0.996697962 57.050228119
0.996718585 -0.006297030 -0.080703944 -3.702613115 0.007390687 0.999884605 0.013260022 0.078668661 0.080611162 -0.013812951 0.996649384 57.975856781
0.996602237 -0.004915341 -0.082222939 -3.780276537 0.005395765 0.999969423 0.005621844 0.083834194 0.082192831 -0.006046386 0.996597588 58.893283844
0.996537149 -0.003333091 -0.083086118 -3.861378193 0.003412945 0.999993682 0.000819165 0.084564857 0.083082899 -0.001099889 0.996541500 59.803344727
0.996457040 0.001477782 -0.084094547 -3.946762323 -0.001335971 0.999997437 0.001742636 0.086154267 0.084096938 -0.001624106 0.996455729 60.704284668
0.996339321 0.003961954 -0.085398696 -4.029613018 -0.003613572 0.999984324 0.004233717 0.089899614 0.085414164 -0.003909614 0.996337354 61.578289032
0.996251285 0.006556221 -0.086262077 -4.113007545 -0.006075672 0.999964356 0.005832189 0.095178656 0.086297274 -0.005286215 0.996254861 62.473464966
0.996146858 0.007480177 -0.087386161 -4.189658642 -0.007018385 0.999959528 0.005590579 0.100000650 0.087424494 -0.004955717 0.996158302 63.330741882
0.995981932 0.008998914 -0.089105800 -4.268942833 -0.008463843 0.999943554 0.006380936 0.105517522 0.089158244 -0.005601107 0.996001184 64.188262939
0.995850146 0.009759226 -0.090488136 -4.348284721 -0.009154538 0.999932706 0.007095166 0.111492872 0.090551339 -0.006237332 0.995871723 65.022048950
0.995729089 0.009858872 -0.091799237 -4.427990913 -0.009203991 0.999928892 0.007554481 0.117739953 0.091867231 -0.006677284 0.995748341 65.839866638
0.995611131 0.009674586 -0.093089722 -4.504953861 -0.008906654 0.999922574 0.008661328 0.124741688 0.093166359 -0.007794182 0.995619535 66.642593384
0.995454013 0.012465441 -0.094428353 -4.586851597 -0.011440413 0.999869466 0.011388689 0.133822143 0.094558038 -0.010256601 0.995465934 67.428268433
0.995309770 0.014078989 -0.095713168 -4.668532372 -0.012651875 0.999799550 0.015500879 0.146153718 0.095912270 -0.014217207 0.995287716 68.214576721
0.995093405 0.017266445 -0.097425252 -4.746888638 -0.015655054 0.999727845 0.017280033 0.159487486 0.097697154 -0.015670029 0.995092273 68.978912354
0.994915366 0.019956479 -0.098721132 -4.828797817 -0.018733503 0.999735773 0.013299720 0.169594869 0.098960519 -0.011382684 0.995025754 69.723030090
0.994785607 0.020212801 -0.099969424 -4.907467365 -0.019708524 0.999787271 0.006029388 0.174103215 0.100070082 -0.004027683 0.994971752 70.447326660
0.994642198 0.019506812 -0.101524159 -4.980866909 -0.019590745 0.999807775 0.000170289 0.174264207 0.101508006 0.001819570 0.994832635 71.145751953
0.994583964 0.020479033 -0.101902485 -5.057423592 -0.020686859 0.999785244 -0.000983086 0.173699468 0.101860508 0.003085815 0.994793475 71.836799622
0.994439304 0.023275280 -0.102709889 -5.132806301 -0.023127766 0.999728799 0.002626911 0.175613061 0.102743223 -0.000236840 0.994707465 72.506126404
0.994300127 0.023618739 -0.103970781 -5.207256794 -0.023225753 0.999717474 0.004988897 0.179035440 0.104059286 -0.002545647 0.994567394 73.159393311
0.994271278 0.020540435 -0.104895920 -5.274662971 -0.020470621 0.999788582 0.001742150 0.180156037 0.104909584 0.000415128 0.994481266 73.795806885
0.994406939 0.012419775 -0.104885302 -5.330438614 -0.012838748 0.999911666 -0.003320366 0.178006962 0.104834855 0.004648402 0.994478345 74.407112122
0.994548440 0.008487048 -0.103931054 -5.386402130 -0.009379320 0.999922752 -0.008099525 0.173131242 0.103854343 0.009030183 0.994551122 74.999603271
0.994845986 0.011012469 -0.100799590 -5.450569630 -0.011913005 0.999893844 -0.008336345 0.168330312 0.100697152 0.009494216 0.994871378 75.579650879
0.995186925 0.016158517 -0.096654937 -5.514293194 -0.016757770 0.999844611 -0.005391367 0.165406168 0.096552864 0.006985151 0.995302916 76.145614624
0.995645821 0.014785572 -0.092038803 -5.561843872 -0.015060209 0.999883533 -0.002290092 0.164069340 0.091994293 0.003666255 0.995752335 76.701972961
0.996208072 0.011191916 -0.086281911 -5.598479748 -0.011070897 0.999936521 0.001880991 0.164978296 0.086297557 -0.000918629 0.996268570 77.245033264
0.996919990 0.006996521 -0.078114688 -5.628947258 -0.006602885 0.999963760 0.005296396 0.167696595 0.078148976 -0.004764289 0.996929884 77.770828247
0.997665703 0.010695609 -0.067447171 -5.662247181 -0.010376489 0.999932826 0.005079988 0.170302838 0.067497037 -0.004368252 0.997709513 78.285881042
0.998500228 0.015903853 -0.052389737 -5.690892220 -0.015684169 0.999865949 0.004601714 0.172643498 0.052455962 -0.003773111 0.998615682 78.785408020
0.999183774 0.021179356 -0.034401156 -5.706784725 -0.021020280 0.999766231 0.004979096 0.175054774 0.034498632 -0.004251898 0.999395251 79.273216248
0.999727190 0.019770337 -0.012446528 -5.697540283 -0.019704863 0.999791026 0.005360974 0.177317768 0.012549985 -0.005114242 0.999907672 79.751350403
0.999773622 0.016268497 0.013722895 -5.669293880 -0.016352640 0.999847591 0.006041786 0.179774195 -0.013622439 -0.006264811 0.999887109 80.216735840
0.998961270 0.015102942 0.042995907 -5.624960423 -0.015435508 0.999852896 0.007413344 0.182746813 -0.042877540 -0.008069295 0.999047279 80.668045044
0.997015595 0.014594956 0.075810179 -5.565827370 -0.015294765 0.999845028 0.008658654 0.186294004 -0.075671971 -0.009792300 0.997084260 81.118370056
0.993449211 0.014713611 0.113325238 -5.490150452 -0.015826901 0.999834359 0.008930365 0.189972863 -0.113174990 -0.010665438 0.993517458 81.567642212
0.987816751 0.015095151 0.154889449 -5.397316933 -0.016620856 0.999824703 0.008559911 0.193287760 -0.154733017 -0.011030006 0.987894416 81.995170593
0.979707122 0.014793642 0.199888974 -5.281869411 -0.016784249 0.999824464 0.008267538 0.196380615 -0.199731499 -0.011454740 0.979783356 82.414230347
0.968385458 0.017039537 0.248876989 -5.150371075 -0.019123241 0.999798834 0.005956925 0.198410451 -0.248725355 -0.010527922 0.968516469 82.819824219
0.953144550 0.017753955 0.301994562 -4.994563103 -0.019530775 0.999804616 0.002864775 0.199002698 -0.301884651 -0.008628719 0.953305066 83.209030151
0.933598995 0.018234288 0.357855797 -4.817896366 -0.019607481 0.999807179 0.000208832 0.198431924 -0.357782960 -0.007211603 0.933776557 83.576591492
0.909656942 0.018875290 0.414931625 -4.617940426 -0.019898662 0.999799728 -0.001857110 0.196953744 -0.414883554 -0.006567237 0.909850419 83.926254272
0.880827427 0.018679069 0.473069161 -4.403981686 -0.019300228 0.999806941 -0.003541370 0.194915369 -0.473043919 -0.006010993 0.881017923 84.252082825
0.847532094 0.017113879 0.530468345 -4.165081501 -0.016579069 0.999845386 -0.005768416 0.192028522 -0.530485034 -0.003905741 0.847684860 84.559860229
0.811008573 0.016820354 0.584792674 -3.903976202 -0.015505468 0.999852955 -0.007255284 0.188557163 -0.584828615 -0.003183373 0.811150193 84.849182129
0.771596491 0.015545538 0.635922492 -3.626448631 -0.014576389 0.999870420 -0.006756255 0.185327843 -0.635945022 -0.004056337 0.771723211 85.116767883
0.729345798 0.015045673 0.683979988 -3.337601662 -0.015877238 0.999860644 -0.005063891 0.182748109 -0.683960736 -0.007166371 0.729483128 85.363265991
0.684307933 0.014092712 0.729057193 -3.033813953 -0.014943381 0.999873817 -0.005301480 0.180142835 -0.729039788 -0.007266719 0.684432268 85.593940735
0.638190329 0.012966918 0.769769609 -2.715415478 -0.011512316 0.999906659 -0.007299171 0.176868677 -0.769792318 -0.004203555 0.638280094 85.797294617
0.591593802 0.010795420 0.806164086 -2.389392853 -0.005898166 0.999941111 -0.009062036 0.173238978 -0.806214392 0.000606170 0.591622651 85.978652954
0.545028210 0.012899654 0.838318646 -2.057625771 -0.007677241 0.999916077 -0.010394949 0.169091254 -0.838382304 -0.000770419 0.545081496 86.150390625
0.497695446 0.016054224 0.867203474 -1.720585346 -0.011414363 0.999862969 -0.011959327 0.164323494 -0.867276490 -0.003946458 0.497810483 86.313529968
0.452268869 0.018253483 0.891695023 -1.379725218 -0.012213862 0.999823153 -0.014272064 0.158717409 -0.891797721 -0.004436214 0.452411830 86.452568054
0.410193175 0.015832117 0.911861420 -1.028327227 -0.004680450 0.999872267 -0.015254762 0.152930334 -0.911986351 0.001989492 0.410214871 86.564636230
0.370937586 0.008611830 0.928618073 -0.664665222 0.010816109 0.999848664 -0.013592940 0.148456573 -0.928594530 0.015086179 0.370788306 86.653541565
0.335752755 0.005120431 0.941936374 -0.301845461 0.015264786 0.999823868 -0.010876259 0.144956335 -0.941826105 0.018030204 0.335615456 86.744598389
0.302592188 0.009286615 0.953075051 0.059967905 0.012981265 0.999819160 -0.013863532 0.139987528 -0.953031361 0.016567128 0.302416891 86.841651917
0.271244287 0.016791143 0.962364197 0.424433798 0.002207913 0.999833882 -0.018067231 0.133135930 -0.962507606 0.007025462 0.271162122 86.945655823
0.242905661 0.021063292 0.969821274 0.801449776 -0.002683523 0.999774575 -0.021041729 0.124979056 -0.970045805 0.002508630 0.242907375 87.030899048
0.217273623 0.022761099 0.975845397 1.192134857 -0.001694171 0.999734938 -0.022941116 0.115860663 -0.976108909 0.003331262 0.217254534 87.098007202
0.193966940 0.024142878 0.980710983 1.593746424 0.005793030 0.999651015 -0.025754914 0.105584212 -0.980990589 0.010676902 0.193759337 87.152030945
0.173982561 0.030542864 0.984275043 2.002274990 0.012787059 0.999364078 -0.033271376 0.092247047 -0.984665334 0.018374635 0.173481315 87.198348999
0.154206976 0.037292797 0.987334609 2.419824600 0.014735029 0.999089003 -0.040038187 0.075594969 -0.987928331 0.020722587 0.153516948 87.249755859
0.136503145 0.038152974 0.989904821 2.855962992 0.012393292 0.999113619 -0.040216904 0.057910591 -0.990561783 0.017757926 0.135909274 87.307685852
0.121035025 0.033722762 0.992075384 3.310040712 0.010354415 0.999324977 -0.035232477 0.041833047 -0.992593884 0.014536738 0.120604113 87.359550476
0.106620856 0.030473754 0.993832827 3.775207520 0.010612736 0.999437809 -0.031784210 0.027076066 -0.994242728 0.013936159 0.106237479 87.400688171
0.093459360 0.028012933 0.995229065 4.259460449 0.013116483 0.999482095 -0.029364409 0.012960505 -0.995536327 0.015798299 0.093043499 87.435050964
0.081840821 0.027275579 0.996272266 4.755872726 0.016750796 0.999445915 -0.028738527 -0.001159763 -0.996504307 0.019040354 0.081338562 87.465118408
0.071827851 0.027919862 0.997026324 5.268112183 0.019972177 0.999366760 -0.029424272 -0.016010143 -0.997216761 0.022026287 0.071224719 87.489601135
0.064020179 0.028529847 0.997540832 5.792016029 0.022051547 0.999306023 -0.029995589 -0.031609233 -0.997704685 0.023917662 0.063346595 87.516418457
0.058527447 0.028897652 0.997867644 6.341161251 0.023783702 0.999256134 -0.030332869 -0.048135608 -0.998002172 0.025508313 0.057796586 87.541709900
0.052985217 0.029971756 0.998145580 6.904525280 0.025092058 0.999193192 -0.031335223 -0.065696537 -0.998279750 0.026705850 0.052190389 87.566490173
0.046997249 0.030712618 0.998422921 7.482613564 0.025677634 0.999159038 -0.031943981 -0.084216736 -0.998564720 0.027138438 0.046169072 87.594123840
0.042669248 0.030694664 0.998617768 8.080422401 0.028229281 0.999091148 -0.031915437 -0.103196017 -0.998690128 0.029552093 0.041763950 87.614852905
0.039851129 0.030661462 0.998735189 8.701405525 0.029704694 0.999050260 -0.031856433 -0.122895092 -0.998763740 0.030936662 0.038902462 87.635543823
0.036829010 0.030237503 0.998864114 9.340160370 0.030633189 0.999037564 -0.031372260 -0.142915726 -0.998851717 0.031753827 0.035867263 87.657180786
0.034529090 0.029649740 0.998963892 9.996765137 0.032825708 0.998986244 -0.030785054 -0.163047537 -0.998864174 0.033854701 0.033520781 87.676177979
0.033910409 0.029318422 0.998994887 10.666138649 0.037201434 0.998839200 -0.030576676 -0.183342919 -0.998731971 0.038200933 0.032780331 87.693107605
0.034956224 0.028978493 0.998968780 11.352708817 0.040406074 0.998720527 -0.030385232 -0.204037189 -0.998571336 0.041426580 0.033740569 87.711746216
0.037349626 0.028918002 0.998883903 12.056704521 0.041979786 0.998652637 -0.030481027 -0.225487038 -0.998419762 0.043071412 0.036085315 87.736419678
0.041254517 0.028826308 0.998732865 12.780849457 0.044354107 0.998544753 -0.030653045 -0.247677177 -0.998163342 0.045562506 0.039915897 87.764587402
0.045622982 0.028428668 0.998554230 13.516304970 0.044675872 0.998535991 -0.030469384 -0.270204127 -0.997958839 0.046001408 0.044286095 87.799064636
0.049654860 0.026741484 0.998408496 14.269236565 0.046234071 0.998507619 -0.029043581 -0.292136818 -0.997695327 0.047602665 0.048344370 87.836151123
0.053631008 0.025180506 0.998243392 15.025053024 0.046009906 0.998557270 -0.027660361 -0.313259184 -0.997499824 0.047412556 0.052395061 87.879600525
0.057795059 0.023119450 0.998060822 15.798665047 0.042950857 0.998747885 -0.025622573 -0.333450377 -0.997403681 0.044348449 0.056729671 87.931022644
0.061894957 0.022042701 0.997839272 16.592712402 0.042279340 0.998800099 -0.024686508 -0.353293449 -0.997186303 0.043715984 0.060888715 87.984008789
0.066032991 0.023068387 0.997550726 17.384376526 0.039657649 0.998881400 -0.025724338 -0.374005854 -0.997028589 0.041259199 0.065044269 88.042831421
0.069069214 0.027077273 0.997244298 18.165853500 0.037498087 0.998853981 -0.029718136 -0.397568017 -0.996906400 0.039447390 0.067974687 88.103034973
0.070383437 0.032475766 0.996991217 18.952177048 0.031462729 0.998899579 -0.034759108 -0.425332099 -0.997023225 0.033814557 0.069284186 88.168006897
0.070303299 0.035639204 0.996888757 19.750291824 0.028735993 0.998873711 -0.037736744 -0.455625415 -0.997111201 0.031299632 0.069199957 88.225997925
0.070436880 0.035227310 0.996893942 20.554584503 0.026608311 0.998953521 -0.037180167 -0.485866934 -0.997160792 0.029144546 0.069425792 88.290397644
0.070492953 0.033614010 0.996945679 21.365345001 0.023833588 0.999089241 -0.035371561 -0.514814019 -0.997226954 0.026254265 0.069627568 88.353927612
0.070286773 0.032431245 0.996999383 22.188198090 0.024880946 0.999102652 -0.034253750 -0.543255866 -0.997215867 0.027213905 0.069416746 88.417503357
0.070751630 0.031939883 0.996982396 22.996208191 0.022398487 0.999183536 -0.033599958 -0.570603967 -0.997241795 0.024708180 0.069978431 88.478942871
0.070921086 0.032290090 0.996959090 23.803789139 0.020790974 0.999210119 -0.033842046 -0.598137021 -0.997264564 0.023127895 0.070193693 88.540969849
0.071032584 0.032916050 0.996930659 24.613370895 0.017768482 0.999254227 -0.034258828 -0.626063168 -0.997315049 0.020147465 0.070394710 88.603363037
0.069947824 0.034353439 0.996958852 25.421949387 0.015216438 0.999252975 -0.035500124 -0.654965401 -0.997433901 0.017653346 0.069372810 88.665855408
0.066998556 0.034087028 0.997170508 26.236211777 0.012247981 0.999311984 -0.034983192 -0.683684766 -0.997677207 0.014557174 0.066534936 88.730690002
0.063011281 0.032962538 0.997468174 27.040285110 0.009905558 0.999383688 -0.033651616 -0.710905492 -0.997962952 0.012000935 0.062645905 88.788993835
0.058050446 0.030615536 0.997843981 27.852516174 0.008123562 0.999481201 -0.031138401 -0.736348212 -0.998279870 0.009913668 0.057771590 88.845748901
0.051617250 0.028597549 0.998257279 28.664236069 0.005949583 0.999562502 -0.028942613 -0.759955883 -0.998648524 0.007433175 0.051424488 88.897430420
0.044258934 0.028825101 0.998604059 29.466251373 0.005732267 0.999558985 -0.029106762 -0.783341169 -0.999002993 0.007012521 0.044074144 88.934059143
0.035604835 0.029836556 0.998920381 30.263257980 0.005504385 0.999532342 -0.030051067 -0.807320178 -0.999350131 0.006568427 0.035423912 88.962661743
0.025731988 0.030388553 0.999206841 31.067621231 0.006625615 0.999509871 -0.030568434 -0.831936300 -0.999646306 0.007406968 0.025517991 88.984352112
0.015462238 0.029394928 0.999448240 31.866432190 0.008181839 0.999529719 -0.029523946 -0.855545223 -0.999846399 0.008633853 0.015214417 88.997886658
0.004650724 0.028402166 0.999585748 32.666934967 0.007615399 0.999565721 -0.028437071 -0.878334522 -0.999959588 0.007744519 0.004432363 89.003494263
-0.006165320 0.027631361 0.999599099 33.438358307 0.009193070 0.999576628 -0.027574079 -0.899521351 -0.999938130 0.009019405 -0.006416778 88.988227844
-0.017244088 0.028055120 0.999457538 34.217487335 0.009775830 0.999562383 -0.027889438 -0.921280324 -0.999802887 0.009289622 -0.017510857 88.976486206
-0.028148679 0.028624801 0.999193788 34.996746063 0.010225606 0.999544978 -0.028346838 -0.943343222 -0.999550760 0.009419460 -0.028428636 88.949592590
-0.038669318 0.029782137 0.998808146 35.765720367 0.009711242 0.999518871 -0.029427402 -0.965986431 -0.999204099 0.008561755 -0.038939998 88.918128967
-0.048888016 0.030761294 0.998330414 36.529468536 0.010718967 0.999483287 -0.030271959 -0.989122033 -0.998745978 0.009221160 -0.049192548 88.877983093
-0.058349129 0.031435836 0.997801125 37.294490814 0.011651371 0.999456525 -0.030806690 -1.012711525 -0.998227477 0.009828232 -0.058683753 88.829917908
-0.068190031 0.032290742 0.997149646 38.052410126 0.012792165 0.999421299 -0.031489562 -1.036694288 -0.997589529 0.010608453 -0.068563707 88.782325745
-0.077370450 0.032607976 0.996469021 38.790195465 0.013338572 0.999408484 -0.031668544 -1.060082436 -0.996912420 0.010841290 -0.077759691 88.719291687
-0.085901909 0.032153230 0.995784640 39.522132874 0.014538645 0.999412179 -0.031016227 -1.082836628 -0.996196747 0.011813030 -0.086318947 88.652137756
-0.093135543 0.031067949 0.995168626 40.254135132 0.016285500 0.999425948 -0.029676780 -1.104613304 -0.995519519 0.013442880 -0.093588106 88.579406738
-0.098282158 0.029387107 0.994724572 40.972702026 0.018982854 0.999436438 -0.027650781 -1.124524593 -0.994976759 0.016165158 -0.098784693 88.504150391
-0.101909615 0.027705694 0.994407773 41.675621033 0.022000141 0.999429405 -0.025591014 -1.142465472 -0.994549632 0.019269165 -0.102461062 88.424011230
-0.104548953 0.026817193 0.994158089 42.388256073 0.023795627 0.999416649 -0.024456659 -1.159965873 -0.994234324 0.021099722 -0.105126172 88.347198486
-0.106428646 0.026013643 0.993979990 43.076309204 0.023740074 0.999438226 -0.023614611 -1.176414847 -0.994036198 0.021083914 -0.106986508 88.277999878
-0.107194856 0.026408147 0.993887246 43.735542297 0.024476806 0.999413311 -0.023915097 -1.192342877 -0.993935943 0.021763640 -0.107778452 88.209518433
-0.106475130 0.027369505 0.993938625 44.395980835 0.025012992 0.999377489 -0.024839813 -1.208963156 -0.993999958 0.022216586 -0.107093543 88.143531799
-0.103370018 0.029102696 0.994217157 45.022613525 0.026131010 0.999305308 -0.026534809 -1.225693226 -0.994298935 0.023237025 -0.104058795 88.078193665
-0.098221086 0.029624393 0.994723618 45.641098022 0.026298866 0.999284029 -0.027163452 -1.242725372 -0.994816303 0.023492111 -0.098929957 88.022758484
-0.090320952 0.030366100 0.995449662 46.243640900 0.025649736 0.999273419 -0.028155493 -1.259986162 -0.995581627 0.022990022 -0.091034316 87.977149963
-0.079349533 0.030223580 0.996388614 46.833911896 0.024208859 0.999302864 -0.028384103 -1.277095675 -0.996552110 0.021869197 -0.080026008 87.943199158
-0.065802403 0.030556357 0.997364759 47.396095276 0.023311796 0.999304295 -0.029077800 -1.293771029 -0.997559547 0.021337006 -0.066469051 87.919082642
-0.048743159 0.031785678 0.998305559 47.938800812 0.022147208 0.999281168 -0.030735435 -1.310796142 -0.998565018 0.020611569 -0.049412191 87.907562256
-0.027696289 0.034357522 0.999025822 48.470024109 0.020206721 0.999223173 -0.033804160 -1.329119205 -0.999411285 0.019250816 -0.028369132 87.910537720
-0.003452951 0.037383951 0.999295115 48.977386475 0.017876478 0.999142587 -0.037316527 -1.348471165 -0.999833465 0.017735053 -0.004118385 87.931304932
0.024692042 0.039087247 0.998930812 49.497356415 0.015714427 0.999095738 -0.039482184 -1.369390011 -0.999570787 0.016672548 0.024055380 87.965843201
0.057819530 0.038239796 0.997594535 50.001739502 0.013034910 0.999151111 -0.039054997 -1.389427900 -0.998241127 0.015261724 0.057271898 88.013900757
0.095765173 0.035558820 0.994768739 50.511627197 0.011606330 0.999252975 -0.036836486 -1.408641577 -0.995335519 0.015073293 0.095280826 88.084770203
0.137608469 0.031726342 0.989978611 51.011478424 0.009175722 0.999402165 -0.033303834 -1.425826907 -0.990443408 0.013666684 0.137235001 88.181114197
0.183393970 0.027327618 0.982659698 51.502227783 0.006240021 0.999560058 -0.028962247 -1.440541983 -0.983018875 0.011443346 0.183142692 88.294502258
0.231261432 0.024131974 0.972592413 51.984111786 0.001347699 0.999682426 -0.025124643 -1.453248382 -0.972889841 0.007121150 0.231155410 88.445266724
0.282576203 0.022717122 0.958975911 52.450157166 -0.002791360 0.999733806 -0.022860175 -1.464492083 -0.959239900 0.003782922 0.282564342 88.618019104
0.336792707 0.022747958 0.941304088 52.897071838 -0.004158272 0.999733329 -0.022672238 -1.475401759 -0.941568732 0.003721674 0.336797446 88.816970825
0.394310683 0.022982625 0.918689847 53.330345154 -0.002960610 0.999712825 -0.023738891 -1.486837506 -0.918971539 0.006640644 0.394265413 89.039047241
0.453893542 0.026139449 0.890672565 53.737758636 -0.002451440 0.999601483 -0.028087083 -1.500087857 -0.891051710 0.010565142 0.453776628 89.284713745
0.513056099 0.028770134 0.857872903 54.128463745 -0.001435808 0.999464512 -0.032660007 -1.515597463 -0.858353078 0.015524701 0.512822568 89.559158325
0.570915103 0.032962326 0.820347250 54.493190765 -0.005846579 0.999330640 -0.036085226 -1.532394528 -0.820987642 0.015805401 0.570725560 89.860542297
0.626109898 0.035105262 0.778944254 54.823108673 -0.009136129 0.999246716 -0.037690308 -1.549399137 -0.779680669 0.016481766 0.625958920 90.188781738
0.678813577 0.034754902 0.733487844 55.137138367 -0.010018373 0.999223650 -0.038074750 -1.566707253 -0.734241784 0.018497329 0.678634644 90.533729553
0.727842927 0.032341819 0.684980989 55.421024323 -0.010185603 0.999285877 -0.036359053 -1.582700014 -0.685667753 0.019486763 0.727652431 90.882675171
0.772925198 0.028413637 0.633860826 55.686008453 -0.011783280 0.999466300 -0.030434024 -1.596426606 -0.634387374 0.016054289 0.772847295 91.268249512
0.814153671 0.023007732 0.580193758 55.929775238 -0.011989202 0.999666750 -0.022818353 -1.606757402 -0.580525517 0.011621611 0.814157903 91.674293518
0.850250721 0.020699533 0.525971174 56.141269684 -0.014263476 0.999764621 -0.016288318 -1.613836169 -0.526184559 0.006347003 0.850345492 92.099578857
0.881107211 0.017165752 0.472605497 56.334415436 -0.014724735 0.999851286 -0.008864025 -1.617529631 -0.472687453 0.000851193 0.881228566 92.542968750
0.906386077 0.017579768 0.422085047 56.490158081 -0.017984083 0.999832690 -0.003023949 -1.618149996 -0.422067702 -0.004849917 0.906550229 92.979614258
0.926300645 0.019294227 0.376291543 56.632453918 -0.021186167 0.999774158 0.000889825 -1.616917968 -0.376189530 -0.008796390 0.926499903 93.431755066
0.941333830 0.025234208 0.336532801 56.747890472 -0.028158978 0.999595165 0.003812258 -1.613879085 -0.336300522 -0.013064996 0.941663027 93.887214661
0.952975988 0.029820181 0.301575869 56.851562500 -0.032218374 0.999475360 0.002980157 -1.611256361 -0.301328957 -0.012556273 0.953436553 94.342201233
0.962139368 0.031597253 0.270721048 56.959636688 -0.033737492 0.999424398 0.003254451 -1.608949900 -0.270462543 -0.012264656 0.962651372 94.808570862
0.968236268 0.026167268 0.248664707 57.075817108 -0.027975297 0.999600589 0.003739296 -1.607021928 -0.248467669 -0.010576962 0.968581438 95.278205872
0.972196043 0.023409467 0.232996002 57.185554504 -0.025148518 0.999672592 0.004495534 -1.604640365 -0.232814610 -0.010230016 0.972466350 95.762039185
0.975040019 0.027714983 0.220293283 57.279098511 -0.029360222 0.999558985 0.004197050 -1.602031946 -0.220079958 -0.010560123 0.975423634 96.254440308
0.976979911 0.033208743 0.210731402 57.367271423 -0.034961939 0.999376953 0.004598313 -1.599041343 -0.210447550 -0.011860011 0.977532148 96.753334045
0.977961123 0.040974800 0.204727322 57.455436707 -0.042551670 0.999087632 0.003303984 -1.596551180 -0.204405308 -0.011942632 0.978812397 97.264144897
0.978310823 0.046744771 0.201799616 57.550277710 -0.047653683 0.998862624 -0.000354527 -1.596122980 -0.201586813 -0.009269631 0.979425728 97.788551331
0.978415847 0.048179045 0.200951129 57.653816223 -0.048612501 0.998812556 -0.002780032 -1.597357273 -0.200846612 -0.007048683 0.979596257 98.321350098
0.977993667 0.046767835 0.203325808 57.771823883 -0.046450164 0.998899221 -0.006336847 -1.601139665 -0.203398541 -0.003247094 0.979089499 98.857437134
0.977277875 0.045058772 0.207118183 57.889610291 -0.043325204 0.998976409 -0.012900593 -1.608436704 -0.207487658 0.003634053 0.978229761 99.402923584
0.976367414 0.045617100 0.211248800 58.009414673 -0.042850867 0.998924077 -0.017656405 -1.618438244 -0.211827144 0.008186971 0.977271676 99.955711365
0.975179076 0.050435472 0.215597630 58.128658295 -0.047856871 0.998705328 -0.017167240 -1.628160357 -0.216184542 0.006423332 0.976330221 100.531021118
0.973751187 0.053372983 0.221269697 58.254329681 -0.051725443 0.998572290 -0.013237811 -1.635730743 -0.221660540 0.001445086 0.975121617 101.120758057
0.972856045 0.050289236 0.225881517 58.396450043 -0.049612481 0.998729527 -0.008675370 -1.641218901 -0.226031050 -0.002766629 0.974114954 101.722915649
0.972192049 0.045757093 0.229671985 58.549060822 -0.046272606 0.998922527 -0.003143567 -1.643544674 -0.229568601 -0.007571342 0.973261833 102.338348389
0.971420825 0.043138999 0.233411893 58.697544098 -0.044701256 0.998998046 0.001404772 -1.642604470 -0.233117655 -0.011798399 0.972375810 102.960861206
0.970894814 0.038530849 0.236387745 58.851833344 -0.040141720 0.999190569 0.002003723 -1.641350031 -0.236119464 -0.011434383 0.971655548 103.590393066
0.970986664 0.035115387 0.236542493 59.015361786 -0.035879351 0.999354064 -0.001075543 -1.642323613 -0.236427769 -0.007442620 0.971619308 104.231224060
0.971115351 0.034349553 0.236126572 59.175243378 -0.033390123 0.999408364 -0.008061996 -1.647782803 -0.236264110 -0.000055133 0.971687615 104.881462097
0.971237421 0.036612373 0.235282794 59.328651428 -0.034108069 0.999308467 -0.014706132 -1.657505155 -0.235658795 0.006258138 0.971814513 105.536445618
0.971751511 0.039695382 0.232645363 59.480022430 -0.036385551 0.999165058 -0.018502869 -1.669916391 -0.233185872 0.009515294 0.972384453 106.208229065
0.972388566 0.038045157 0.230246857 59.643875122 -0.035719529 0.999258578 -0.014261970 -1.680077076 -0.230619043 0.005643901 0.973026574 106.902664185
0.972838223 0.033949252 0.228984430 59.807098389 -0.033311639 0.999421358 -0.006650503 -1.684810042 -0.229078010 -0.001157949 0.973406196 107.603027344
0.973420262 0.034187894 0.226461381 59.969413757 -0.034935735 0.999387801 -0.000706085 -1.685209751 -0.226347163 -0.007224243 0.974018693 108.315864563
0.973692417 0.037605643 0.224742979 60.126876831 -0.038290963 0.999264240 -0.001310143 -1.685820222 -0.224627167 -0.007329915 0.974416018 109.040489197
0.973940432 0.043406151 0.222612634 60.277572632 -0.043178972 0.999048412 -0.005890021 -1.689552069 -0.222656742 -0.003875622 0.974888027 109.766250610
0.974777281 0.044319674 0.218736157 60.434833527 -0.042925328 0.999014735 -0.011125106 -1.697607398 -0.219013989 0.001455213 0.975719452 110.506858826
0.975704849 0.043074396 0.214814365 60.597084045 -0.041035295 0.999058783 -0.013945077 -1.708202958 -0.215213150 0.004791342 0.976554155 111.257537842
0.976607621 0.040987737 0.211088091 60.755977631 -0.039250296 0.999150634 -0.012416018 -1.717663407 -0.211418003 0.003840342 0.977386951 112.023025513
0.977467716 0.037291382 0.207766354 60.920383453 -0.035920251 0.999299228 -0.010369576 -1.725890040 -0.208007738 0.002672941 0.978122294 112.804939270
0.977876842 0.036179017 0.206030846 61.084476471 -0.035368003 0.999343693 -0.007619310 -1.731960177 -0.206171572 0.000163882 0.978514612 113.595069885
0.978242517 0.033059046 0.204815716 61.253826141 -0.032664184 0.999450684 -0.005309585 -1.736368179 -0.204879016 -0.001496040 0.978784919 114.392440796
0.978475988 0.027816139 0.204479158 61.423770905 -0.027555101 0.999610186 -0.004124538 -1.739816666 -0.204514444 -0.001598646 0.978860974 115.193161011
0.978591979 0.028708261 0.203799635 61.583423615 -0.028787995 0.999580681 -0.002574142 -1.741743088 -0.203788340 -0.003347912 0.979008019 115.986999512
0.978303611 0.034291770 0.204320416 61.735679626 -0.034075968 0.999407172 -0.004575593 -1.744953990 -0.204356462 -0.002486061 0.978892148 116.796348572
0.977973938 0.040172584 0.204826534 61.895732880 -0.039393935 0.999191105 -0.007879524 -1.751093149 -0.204977676 -0.000362920 0.978765368 117.610542297
0.977378011 0.049044941 0.205736622 62.052532196 -0.048121616 0.998794854 -0.009492287 -1.758278251 -0.205954492 -0.000622794 0.978560209 118.435447693
0.976415575 0.055041265 0.208767533 62.209739685 -0.054402530 0.998478711 -0.008804754 -1.764659524 -0.208934829 -0.002760353 0.977924526 119.261886597
0.975612342 0.057834439 0.211746454 62.374481201 -0.057703305 0.998309016 -0.006803777 -1.769551635 -0.211782157 -0.005580593 0.977299809 120.094024658
0.975027680 0.058357820 0.214280277 62.558021545 -0.058094487 0.998281121 -0.007531544 -1.775969625 -0.214351729 -0.005105011 0.976742029 120.937133789
0.974719226 0.056898750 0.216068491 62.740676880 -0.056006152 0.998376131 -0.010256795 -1.784638047 -0.216301486 -0.002103640 0.976323128 121.763565063
0.974694073 0.051024571 0.217643127 62.926406860 -0.050272770 0.998693407 -0.008993728 -1.792285800 -0.217817917 -0.002175358 0.975985765 122.608963013
0.975002587 0.044396430 0.217714280 63.121704102 -0.043172840 0.999012113 -0.010376140 -1.801551461 -0.217960119 0.000717452 0.975956142 123.425773621
0.974760115 0.043710034 0.218935534 63.308322906 -0.042455751 0.999042213 -0.010432711 -1.810446382 -0.219182119 0.000874351 0.975682318 124.259963989
0.974188209 0.046359856 0.220926881 63.491134644 -0.045846105 0.998919070 -0.007455388 -1.816490054 -0.221033946 -0.002865655 0.975260675 125.110694885
0.973755479 0.048416406 0.222388819 63.666248322 -0.049234640 0.998783827 -0.001866612 -1.817366242 -0.222208992 -0.009131579 0.974955082 125.943328857
0.973383367 0.051855158 0.223241240 63.842899323 -0.053753495 0.998549581 0.002431062 -1.814846635 -0.222791627 -0.014366321 0.974759042 126.756072998
0.973168910 0.051260583 0.224311188 64.026924133 -0.051680844 0.998654008 -0.004001110 -1.817944884 -0.224214599 -0.007698804 0.974508226 127.579467773
0.973465383 0.047309417 0.223892435 64.214805603 -0.044360653 0.998848438 -0.018184949 -1.833113551 -0.224495158 0.007770438 0.974443078 128.385452271
0.973708212 0.045185365 0.223274499 64.402740479 -0.040098056 0.998821974 -0.027268775 -1.855900168 -0.224243850 0.017598990 0.974373043 129.196182251
