1.000000000 0.000000000 0.000000000 0.000000000 0.000000000 1.000000000 0.000000000 0.000000000 0.000000000 0.000000000 1.000000000 0.000000000
0.999991357 -0.002550198 -0.003275380 -0.001603271 0.002543630 0.999994755 -0.002007722 -0.006399556 0.003280483 0.001999373 0.999992609 0.669643998
0.999971986 -0.001271120 -0.007375227 -0.011043361 0.001245279 0.999993086 -0.003507231 -0.011959014 0.007379635 0.003497948 0.999966621 1.353608251
0.999935865 -0.001278796 -0.011254456 -0.026566992 0.001223115 0.999987006 -0.004952974 -0.016548861 0.011260644 0.004938891 0.999924362 2.059620619
0.999871373 0.000230925 -0.016039357 -0.046915762 -0.000320022 0.999984562 -0.005552571 -0.023505768 0.016037825 0.005556991 0.999855936 2.787775517
0.999786615 -0.000709127 -0.020647619 -0.059248894 0.000587150 0.999982417 -0.005913015 -0.028623290 0.020651447 0.005899630 0.999769330 3.523882389
0.999680042 0.001239643 -0.025266364 -0.081054151 -0.001418078 0.999974191 -0.007045457 -0.041529562 0.025256978 0.007079033 0.999655902 4.277281761
0.999540210 0.003772796 -0.030088212 -0.113976702 -0.003997110 0.999964654 -0.007398556 -0.058241919 0.030059235 0.007515420 0.999519825 5.043360710
0.999399245 0.004004088 -0.034428898 -0.146186724 -0.004210616 0.999973536 -0.005928267 -0.064374276 0.034404248 0.006069673 0.999389529 5.817654610
0.999239087 0.003309244 -0.038866699 -0.181211963 -0.003436857 0.999988914 -0.003216998 -0.074093662 0.038855620 0.003348130 0.999239206 6.605900764
0.999098599 0.002887333 -0.042356431 -0.217827156 -0.002911193 0.999995589 -0.000501644 -0.086549923 0.042354800 0.000624500 0.999102414 7.420450687
0.998980463 0.004660118 -0.044907797 -0.262392312 -0.004710773 0.999988377 -0.001022229 -0.098338723 0.044902511 0.001232738 0.998990595 8.233276367
0.998879075 0.004050050 -0.047164615 -0.304217339 -0.004106241 0.999991000 -0.001094554 -0.109987855 0.047159754 0.001286997 0.998886526 9.053595543
0.998800159 0.001066171 -0.048962906 -0.341680765 -0.001149239 0.999997973 -0.001668424 -0.116395749 0.048961025 0.001722693 0.998799205 9.890258789
0.998683214 0.001091954 -0.051291361 -0.381452262 -0.001133453 0.999999046 -0.000780016 -0.126752242 0.051290456 0.000837127 0.998683453 10.725685120
0.998603284 -0.000298672 -0.052835029 -0.424808085 0.000249116 0.999999523 -0.000944525 -0.138300866 0.052835278 0.000930044 0.998602867 11.569504738
0.998503268 0.002139697 -0.054651447 -0.475943595 -0.002317594 0.999992192 -0.003191953 -0.151865169 0.054644186 0.003313836 0.998500466 12.425024986
0.998419523 0.002881798 -0.056127150 -0.526819050 -0.003217576 0.999977410 -0.005893020 -0.160139218 0.056108896 0.006064301 0.998406291 13.283613205
0.998298585 0.007039247 -0.057883244 -0.585676670 -0.007486349 0.999943733 -0.007511015 -0.174488932 0.057827111 0.007931571 0.998295128 14.160345078
0.998227179 0.007873530 -0.058996383 -0.639757454 -0.008316469 0.999939024 -0.007266168 -0.186770841 0.058935568 0.007743930 0.998231769 15.049544334
0.998152435 0.007400116 -0.060308725 -0.694841623 -0.007769212 0.999952495 -0.005887949 -0.199247882 0.060262278 0.006345624 0.998162448 15.923589706
0.998053014 0.008324887 -0.061814874 -0.753431380 -0.008616282 0.999952972 -0.004448968 -0.211402625 0.061774921 0.004972921 0.998077810 16.815784454
0.998002887 0.008139616 -0.062643424 -0.815211654 -0.008420345 0.999955654 -0.004218729 -0.228411525 0.062606297 0.004737783 0.998027146 17.720823288
0.997881174 0.007897267 -0.064583071 -0.872281492 -0.008246879 0.999952734 -0.005148611 -0.240098685 0.064539351 0.005670311 0.997899115 18.626480103
0.997822046 0.006286814 -0.065664046 -0.935078025 -0.006688177 0.999960303 -0.005894352 -0.253684610 0.065624386 0.006320688 0.997824430 19.527544022
0.997772753 0.006307662 -0.066406727 -0.991750598 -0.006606300 0.999969065 -0.004278486 -0.262355983 0.066377684 0.004707661 0.997783482 20.456827164
0.997759640 0.007661249 -0.066461407 -1.055591941 -0.007733424 0.999969840 -0.000828777 -0.276956648 0.066453047 0.001340896 0.997788668 21.365455627
0.997805536 0.008594908 -0.065653145 -1.120561957 -0.008421834 0.999960363 0.002912482 -0.288106292 0.065675572 -0.002353169 0.997838259 22.293859482
0.997917295 0.007243745 -0.064098179 -1.182774663 -0.006885563 0.999959469 0.005807143 -0.293536991 0.064137645 -0.005353694 0.997926652 23.222831726
0.998006999 0.007529611 -0.062652059 -1.244271636 -0.007134627 0.999953270 0.006525724 -0.300720036 0.062698267 -0.006065717 0.998014033 24.165822983
0.998095155 0.007948236 -0.061178528 -1.305072904 -0.007725270 0.999962628 0.003880149 -0.312577575 0.061207086 -0.003400135 0.998119235 25.099611282
0.998157084 0.009008002 -0.060010914 -1.377053022 -0.009071724 0.999958515 -0.000789507 -0.327539504 0.060001321 0.001332456 0.998197377 26.029617310
0.998237729 0.008140566 -0.058780417 -1.436913490 -0.008373024 0.999958038 -0.003709503 -0.339507610 0.058747768 0.004195137 0.998264015 26.965021133
0.998293221 0.005470921 -0.058143534 -1.490233541 -0.005637670 0.999980450 -0.002704255 -0.349453419 0.058127616 0.003027435 0.998304546 27.913787842
0.998289526 0.003714778 -0.058345128 -1.551333070 -0.003577547 0.999990582 0.002456306 -0.365085334 0.058353718 -0.002243370 0.998293400 28.895801544
0.998246908 -0.000161698 -0.059186339 -1.607635617 0.000513747 0.999982297 0.005932952 -0.376759320 0.059184346 -0.005952956 0.998229265 29.861326218
0.998156488 -0.007423749 -0.060236018 -1.659803867 0.007764055 0.999955297 0.005417430 -0.387143582 0.060193118 -0.005875117 0.998169363 30.808591843
0.998052537 -0.009383822 -0.061667800 -1.718169451 0.009498212 0.999953747 0.001562017 -0.395145297 0.061650302 -0.002144708 0.998095393 31.777807236
0.997967482 -0.009178444 -0.063059159 -1.781730056 0.009044759 0.999956310 -0.002405152 -0.406323642 0.063078485 0.001829909 0.998006761 32.753833771
0.997836292 -0.007870891 -0.065273002 -1.847716331 0.007696697 0.999966264 -0.002919737 -0.418516308 0.065293781 0.002411033 0.997862995 33.726772308
0.997793078 -0.008144910 -0.065897085 -1.915365696 0.008073878 0.999966621 -0.001344153 -0.435032725 0.065905847 0.000809142 0.997825325 34.734100342
0.997717977 -0.005353412 -0.067305207 -1.989965677 0.005474106 0.999983847 0.001608947 -0.450009316 0.067295521 -0.001973710 0.997730911 35.715648651
0.997653186 -0.005623878 -0.068237163 -2.063703299 0.005833494 0.999978960 0.002873014 -0.458871603 0.068219587 -0.003264331 0.997664750 36.706359863
0.997587800 -0.004362545 -0.069277063 -2.136040688 0.004751194 0.999973953 0.005446299 -0.466540128 0.069251515 -0.005762308 0.997582316 37.684982300
0.997607827 -0.004414364 -0.068985224 -2.208941698 0.005014789 0.999951124 0.008532940 -0.476905257 0.068944201 -0.008858472 0.997580886 38.679241180
0.997567892 0.001227445 -0.069689088 -2.286035299 -0.000465688 0.999940097 0.010946020 -0.482197940 0.069698364 -0.010886941 0.997508407 39.649990082
0.997574210 0.001349880 -0.069595858 -2.368758440 -0.000637244 0.999947309 0.010260860 -0.484999597 0.069606051 -0.010191617 0.997522175 40.651893616
0.997589111 0.001336014 -0.069382854 -2.443555117 -0.000742873 0.999963105 0.008573951 -0.485610306 0.069391757 -0.008501735 0.997552931 41.638221741
0.997580469 0.003453431 -0.069433890 -2.517420292 -0.003013511 0.999974906 0.006439589 -0.490510523 0.069454394 -0.006214766 0.997565448 42.607082367
0.997521222 0.002800903 -0.070309222 -2.587249756 -0.002353025 0.999976575 0.006452165 -0.493333220 0.070325650 -0.006270729 0.997504056 43.595081329
0.997433662 0.000658196 -0.071592167 -2.660823345 -0.000089467 0.999968588 0.007946954 -0.504530251 0.071595155 -0.007920152 0.997401953 44.577827454
0.997380137 0.001371139 -0.072323918 -2.736646175 -0.000729405 0.999960303 0.008898752 -0.510744631 0.072333246 -0.008822681 0.997341096 45.563884735
0.997361958 0.003877233 -0.072483212 -2.813325405 -0.003502150 0.999979973 0.005301175 -0.520606279 0.072502308 -0.005033341 0.997355103 46.529953003
0.997297525 0.004557722 -0.073324963 -2.892348528 -0.004482154 0.999989390 0.001195146 -0.530715525 0.073329628 -0.000863262 0.997306943 47.484279633
0.997239947 0.005441616 -0.074044161 -2.969026327 -0.005461503 0.999985218 -0.000066058 -0.541719854 0.074042715 0.000470268 0.997254491 48.452281952
0.997227192 0.003984534 -0.074307941 -3.037744045 -0.003739093 0.999987245 0.003441885 -0.553761542 0.074320719 -0.003154495 0.997228920 49.423473358
0.997222543 0.002120926 -0.074447408 -3.111161947 -0.001633590 0.999976993 0.006606342 -0.563192546 0.074459724 -0.006466374 0.997202575 50.396804810
0.997185171 -0.000028862 -0.074976794 -3.181744337 0.000579293 0.999973238 0.007319641 -0.573421896 0.074974589 -0.007342468 0.997157931 51.359405518
0.997157991 -0.002890975 -0.075282112 -3.254003286 0.003363063 0.999975681 0.006144905 -0.584090292 0.075262524 -0.006380617 0.997142851 52.318386078
0.997129381 -0.005092100 -0.075543910 -3.326698542 0.005459183 0.999974549 0.004653493 -0.592453539 0.075518288 -0.005052541 0.997131109 53.263000488
0.997038841 -0.006708228 -0.076605424 -3.399835825 0.007176309 0.999957502 0.005836632 -0.601587176 0.076563016 -0.006369091 0.997043908 54.207801819
0.996931136 -0.009707476 -0.077677831 -3.472616196 0.010513224 0.999895275 0.009970702 -0.609286308 0.077572905 -0.010756742 0.996928155 55.153034210
0.996867418 -0.010469584 -0.078393348 -3.543377399 0.011685015 0.999818563 0.015061589 -0.615769804 0.078221440 -0.015930425 0.996808231 56.094730377
0.996826828 -0.008830534 -0.079107761 -3.619100094 0.010237778 0.999796450 0.017401027 -0.622192144 0.078937992 -0.018155687 0.996713698 57.037067413
0.996729434 -0.007542635 -0.080456771 -3.699111700 0.008641212 0.999874294 0.013314798 -0.622453690 0.080346219 -0.013966487 0.996668756 57.960296631
0.996615648 -0.006137987 -0.081971310 -3.776996374 0.006623233 0.999962389 0.005649095 -0.627257228 0.081933551 -0.006172887 0.996618271 58.883338928
0.996553063 -0.004551738 -0.082830898 -3.858094454 0.004637341 0.999989152 0.000841115 -0.633594513 0.082826167 -0.001222328 0.996562898 59.794494629
0.996474624 0.000195957 -0.083892539 -3.942610502 -0.000045754 0.999998689 0.001792374 -0.645847082 0.083892763 -0.001782214 0.996472836 60.695228577
0.996358335 0.002802613 -0.085216343 -4.024049282 -0.002452241 0.999988377 0.004216001 -0.660566568 0.085227147 -0.003991674 0.996353209 61.571281433
0.996272504 0.005451255 -0.086087301 -4.107274532 -0.004967843 0.999970913 0.005828643 -0.675574064 0.086116552 -0.005379245 0.996270239 62.466918945
0.996170998 0.006364262 -0.087192066 -4.185143948 -0.005901046 0.999967337 0.005569372 -0.686022043 0.087224647 -0.005033518 0.996175647 63.327758789
0.996008098 0.007854176 -0.088915043 -4.264292717 -0.007317753 0.999953330 0.006357414 -0.695130169 0.088960811 -0.005681373 0.996018648 64.185562134
0.995877266 0.008632900 -0.090297110 -4.344074726 -0.008028260 0.999943256 0.007057246 -0.706810951 0.090352885 -0.006303217 0.995889604 65.021911621
0.995752573 0.008688686 -0.091656551 -4.422198772 -0.008037395 0.999940157 0.007472579 -0.713678002 0.091715962 -0.006704154 0.995762408 65.840583801
0.995638072 0.008634253 -0.092897542 -4.500434399 -0.007869126 0.999932408 0.008599469 -0.722492337 0.092965491 -0.007830930 0.995638251 66.641860962
0.995480776 0.011392723 -0.094275691 -4.582614422 -0.010372058 0.999882579 0.011309408 -0.728834569 0.094393447 -0.010280458 0.995481551 67.428939819
0.995334685 0.012964589 -0.095605768 -4.662252903 -0.011544206 0.999815166 0.015394932 -0.734496117 0.095787667 -0.014219409 0.995299935 68.208816528
0.995130241 0.016193921 -0.097228132 -4.743185520 -0.014591028 0.999746382 0.017174462 -0.741150558 0.097481571 -0.015672158 0.995113611 68.967636108
0.994955957 0.018901438 -0.098514259 -4.825029850 -0.017685853 0.999756813 0.013198038 -0.748923898 0.098739743 -0.011389151 0.995047808 69.710266113
0.994823754 0.019061022 -0.099809796 -4.904369831 -0.018565375 0.999810636 0.005892533 -0.756062984 0.099903189 -0.004009023 0.994988739 70.438140869
0.994670868 0.018207718 -0.101478770 -4.972225189 -0.018287491 0.999833107 0.000144293 -0.762127101 0.101464435 0.001712267 0.994837344 71.133842468
0.994614422 0.019172072 -0.101853848 -5.049021721 -0.019377308 0.999812067 -0.001025783 -0.769267738 0.101815015 0.002993911 0.994798481 71.826705933
0.994473159 0.021981144 -0.102662444 -5.125109673 -0.021830404 0.999758720 0.002591894 -0.783832788 0.102694623 -0.000336406 0.994712532 72.491043091
0.994335294 0.022290645 -0.103923194 -5.198660851 -0.021893360 0.999748409 0.004962285 -0.799641490 0.104007632 -0.002658946 0.994572580 73.142944336
0.994304299 0.019130096 -0.104844734 -5.267006397 -0.019056957 0.999817371 0.001699527 -0.810381413 0.104858056 0.000308175 0.994486868 73.778480530
0.994429588 0.011008139 -0.104823828 -5.323004723 -0.011424134 0.999929488 -0.003368859 -0.822398663 0.104779303 0.004547612 0.994484842 74.390747070
0.994570017 0.007055483 -0.103827797 -5.379452705 -0.007948655 0.999935329 -0.008191142 -0.833117366 0.103763238 0.008971950 0.994561315 74.984138489
0.994870722 0.009528879 -0.100702196 -5.443059444 -0.010429309 0.999910653 -0.008418769 -0.843437314 0.100612924 0.009425836 0.994880736 75.562980652
0.995218754 0.014718100 -0.096553236 -5.506905079 -0.015316623 0.999868274 -0.005460529 -0.855964541 0.096460089 0.006913286 0.995312572 76.126777649
0.995674729 0.013349090 -0.091941133 -5.554538250 -0.013623024 0.999904990 -0.002352400 -0.867744446 0.091900930 0.003594738 0.995761395 76.683013916
0.996230781 0.009751674 -0.086189531 -5.591262817 -0.009630146 0.999952495 0.001825731 -0.879066825 0.086203173 -0.000988832 0.996276855 77.226074219
0.996936023 0.005559373 -0.078020476 -5.621895313 -0.005164933 0.999973357 0.005256494 -0.893068254 0.078047551 -0.004837415 0.996937633 77.751228333
0.997685492 0.009268998 -0.067359544 -5.655296803 -0.008949186 0.999947727 0.005048114 -0.901068807 0.067402758 -0.004433615 0.997715712 78.266799927
0.998525977 0.014458162 -0.052310303 -5.683808327 -0.014237669 0.999888659 0.004585476 -0.908771455 0.052370735 -0.003833939 0.998620033 78.766899109
0.999216318 0.019707233 -0.034319818 -5.699365139 -0.019546751 0.999796987 0.005005707 -0.914621830 0.034411468 -0.004330942 0.999398053 79.250694275
0.999756038 0.018287126 -0.012366507 -5.690122604 -0.018221222 0.999819875 0.005422010 -0.919314444 0.012463415 -0.005195353 0.999908447 79.728698730
0.999794662 0.014802773 0.013816918 -5.662057877 -0.014888752 0.999870896 0.006140200 -0.925383091 -0.013724242 -0.006344654 0.999885380 80.193542480
0.998974204 0.013653452 0.043167461 -5.619469643 -0.013993091 0.999873996 0.007575440 -0.934218466 -0.043058574 -0.008171712 0.999038815 80.645690918
0.997021973 0.013194532 0.075976454 -5.560410500 -0.013903687 0.999865115 0.008812407 -0.940405309 -0.075849891 -0.009842512 0.997070372 81.096595764
0.993449569 0.013313045 0.113490440 -5.484763145 -0.014442606 0.999854565 0.009136426 -0.944460511 -0.113352254 -0.010715672 0.993496776 81.545944214
0.987810969 0.013694792 0.155052528 -5.391915321 -0.015246625 0.999845445 0.008823544 -0.947172225 -0.154907644 -0.011080016 0.987866521 81.973632812
0.979695976 0.013377096 0.200040713 -5.276325226 -0.015404607 0.999845147 0.008582311 -0.954056680 -0.199894831 -0.011489598 0.979749739 82.392990112
0.968370318 0.015645472 0.249025375 -5.144861698 -0.017776141 0.999822736 0.006309362 -0.963571668 -0.248882398 -0.010536503 0.968476117 82.798858643
0.953120232 0.016362803 0.302148372 -4.989196777 -0.018207282 0.999829471 0.003288838 -0.973655701 -0.302042902 -0.008635954 0.953254938 83.188179016
0.933569908 0.016820742 0.357999802 -4.811685085 -0.018306075 0.999832749 0.000759976 -0.979026794 -0.357926995 -0.007263058 0.933721006 83.557632446
0.909712076 0.017117798 0.414886087 -4.610828876 -0.018475356 0.999829710 -0.000741479 -0.992429495 -0.414827913 -0.006990633 0.909872711 83.904121399
0.880840719 0.017018937 0.473106265 -4.397709846 -0.018000487 0.999835670 -0.002453100 -1.004777670 -0.473069996 -0.006355350 0.881001592 84.230766296
0.847538888 0.015453763 0.530507863 -4.158943176 -0.015354352 0.999872208 -0.004596310 -1.016817808 -0.530510783 -0.004250052 0.847667158 84.538581848
0.810890317 0.015399767 0.584995091 -3.896197796 -0.014339236 0.999877036 -0.006445058 -1.023444295 -0.585022092 -0.003162148 0.811010778 84.832992554
0.771449089 0.014142024 0.636133432 -3.618573189 -0.013497824 0.999892354 -0.005859806 -1.033490419 -0.636147499 -0.004065874 0.771556377 85.101150513
0.729202211 0.013542966 0.684163868 -3.331627846 -0.014886307 0.999882102 -0.003926313 -1.043757439 -0.684136033 -0.007321594 0.729317307 85.345283508
0.684149623 0.012605708 0.729232371 -3.028279543 -0.014126357 0.999892712 -0.004031383 -1.049686551 -0.729204535 -0.007543324 0.684253752 85.575454712
0.638103902 0.011501256 0.769864023 -2.708854198 -0.010713585 0.999924839 -0.006058230 -1.054573655 -0.769875407 -0.004382221 0.638178647 85.777664185
0.591569364 0.009231657 0.806200981 -2.383195639 -0.005073092 0.999957800 -0.007727830 -1.060056210 -0.806237817 0.000481614 0.591590762 85.957771301
0.545018792 0.011339497 0.838346899 -2.051314116 -0.006922208 0.999935806 -0.009024950 -1.069474339 -0.838395000 -0.000884445 0.545061886 86.129501343
0.497697026 0.014502747 0.867229521 -1.713914275 -0.010734135 0.999887109 -0.010560948 -1.076318622 -0.867284298 -0.004052807 0.497796059 86.292854309
0.452269644 0.016709173 0.891724586 -1.372834206 -0.011594727 0.999850631 -0.012854572 -1.086368442 -0.891805649 -0.004525570 0.452395409 86.432113647
0.410178244 0.014294413 0.911893249 -1.021223426 -0.004150890 0.999896526 -0.013806806 -1.093547106 -0.911995709 0.001878078 0.410194725 86.544303894
0.370784819 0.006982483 0.928692460 -0.657027483 0.011091282 0.999867558 -0.011945872 -1.098804116 -0.928652406 0.014729725 0.370657891 86.634880066
0.335582495 0.003484774 0.942004263 -0.293998599 0.015473603 0.999838293 -0.009211089 -1.103961349 -0.941883564 0.017667267 0.335473955 86.725990295
0.302426279 0.007653610 0.953141928 0.067876220 0.013133747 0.999839783 -0.012195852 -1.111332655 -0.953082085 0.016206658 0.302276939 86.822944641
0.271108925 0.015130416 0.962429643 0.432803243 0.002511031 0.999862313 -0.016426241 -1.127576828 -0.962545216 0.006869983 0.271033287 86.927337646
0.242819041 0.019399740 0.969877481 0.811721861 -0.002409839 0.999809325 -0.019395120 -1.148508310 -0.970068455 0.002372249 0.242819190 87.012397766
0.217221752 0.021075994 0.975894630 1.202896357 -0.001246067 0.999772310 -0.021314319 -1.166221499 -0.976121306 0.003413896 0.217198282 87.079910278
0.193903297 0.022456946 0.980763495 1.604295254 0.006199400 0.999690235 -0.024115989 -1.178431153 -0.981000900 0.010756304 0.193703741 87.133811951
0.173892513 0.028872898 0.984341204 2.014102221 0.013122773 0.999413669 -0.031633265 -1.179271698 -0.984677017 0.018418059 0.173411414 87.180885315
0.154097751 0.035626274 0.987413108 2.432003498 0.014990820 0.999150634 -0.038389280 -1.183614492 -0.987941623 0.020717815 0.153432563 87.232681274
0.136399239 0.036479611 0.989982009 2.868262768 0.012624536 0.999176860 -0.038557846 -1.198653936 -0.990573227 0.017757308 0.135826200 87.290588379
0.120972358 0.032043416 0.992138505 3.319921255 0.010669577 0.999379337 -0.033578243 -1.225712061 -0.992598176 0.014647723 0.120555185 87.341011047
0.106565610 0.028795982 0.993888617 3.785738468 0.010943904 0.999486208 -0.030131595 -1.248328567 -0.994245112 0.014087999 0.106195524 87.381935120
0.093375154 0.026337070 0.995282590 4.270452023 0.013305305 0.999527991 -0.027697703 -1.268472672 -0.995541751 0.015828801 0.092980467 87.416748047
0.081755966 0.025586709 0.996323824 4.766986847 0.016937202 0.999490559 -0.027057877 -1.286522031 -0.996508121 0.019087067 0.081280760 87.446655273
0.071737520 0.026231294 0.997078478 5.279186249 0.020141689 0.999412358 -0.027741859 -1.303014874 -0.997219861 0.022072960 0.071166836 87.471054077
0.063926317 0.026841486 0.997593522 5.803045273 0.022207880 0.999352574 -0.028311925 -1.320403218 -0.997707188 0.023964297 0.063288659 87.497772217
0.058459554 0.027151063 0.997920454 6.350758076 0.023895759 0.999305785 -0.028588619 -1.339089632 -0.998003483 0.025517326 0.057769999 87.522743225
0.052889228 0.028240316 0.998201013 6.912676334 0.025205642 0.999243975 -0.029605351 -1.356992126 -0.998282015 0.026726078 0.052137256 87.548332214
0.046954822 0.029000066 0.998476028 7.490945816 0.025701972 0.999212623 -0.030230155 -1.376244068 -0.998566091 0.027082231 0.046172321 87.575454712
0.042617541 0.028984746 0.998670995 8.088823318 0.028235080 0.999145031 -0.030203437 -1.399652958 -0.998692214 0.029484725 0.041762553 87.595947266
0.039796632 0.028951772 0.998788297 8.709741592 0.029705910 0.999104202 -0.030144578 -1.421974778 -0.998765945 0.030869544 0.038900778 87.616523743
0.036775898 0.028527087 0.998916328 9.347736359 0.030640902 0.999090493 -0.029660149 -1.445049763 -0.998853505 0.031698450 0.035868187 87.637901306
0.034472145 0.027939567 0.999015093 10.004286766 0.032832365 0.999038160 -0.029073149 -1.467747331 -0.998866022 0.033802219 0.033521499 87.656776428
0.033870455 0.027591720 0.999045312 10.674769402 0.037309002 0.998887420 -0.028852256 -1.490712047 -0.998729467 0.038250599 0.032803182 87.673019409
0.034914821 0.027249757 0.999018729 11.360876083 0.040532187 0.998767376 -0.028659483 -1.514293909 -0.998567820 0.041493036 0.033767127 87.691390991
0.037291642 0.027181258 0.998934686 12.065197945 0.042076867 0.998701036 -0.028745707 -1.538530827 -0.998417974 0.043103997 0.036099333 87.716476440
0.041197628 0.027105885 0.998783231 12.788803101 0.044459157 0.998592377 -0.028934563 -1.563248158 -0.998161197 0.045597073 0.039934363 87.744438171
0.045549724 0.026709756 0.998604894 13.522424698 0.044716287 0.998586297 -0.028748931 -1.589096069 -0.997960508 0.045963388 0.044290796 87.778717041
0.049562924 0.025026187 0.998457372 14.275839806 0.046253592 0.998556256 -0.027324684 -1.614565015 -0.997699082 0.047536511 0.048333645 87.815795898
0.053519797 0.023427395 0.998291850 15.019799232 0.046038829 0.998604059 -0.025902938 -1.642555594 -0.997504592 0.047346488 0.052366342 87.858543396
0.057688866 0.021371409 0.998105705 15.792825699 0.042960662 0.998791873 -0.023869168 -1.667274356 -0.997409582 0.044256248 0.056700863 87.909591675
0.061793521 0.020291924 0.997882545 16.586439133 0.042300377 0.998842001 -0.022930883 -1.692196369 -0.997191906 0.043627769 0.060863432 87.962226868
0.065925151 0.021348389 0.997596025 17.372287750 0.039728783 0.998922467 -0.024002222 -1.717047215 -0.997033119 0.041215617 0.065005794 88.020622253
0.069050342 0.025379417 0.997290194 18.156406403 0.037674449 0.998897135 -0.028028825 -1.747617722 -0.996901333 0.039507743 0.068017855 88.078132629
0.070406660 0.030842243 0.997041345 18.935853958 0.031757310 0.998946190 -0.033143736 -1.777498484 -0.997012556 0.033996876 0.069352813 88.140701294
0.070334487 0.033962298 0.996945024 19.733575821 0.029044248 0.998927057 -0.036078900 -1.812651157 -0.997100353 0.031493101 0.069272429 88.198448181
0.070471264 0.033550665 0.996949315 20.537780762 0.026908100 0.999006808 -0.035521965 -1.847925901 -0.997150660 0.029329279 0.069498301 88.262748718
0.070513062 0.031900428 0.997000515 21.349035263 0.024042748 0.999144018 -0.033669453 -1.888091445 -0.997220874 0.026344759 0.069685541 88.325843811
0.070397235 0.030664744 0.997047424 22.165647507 0.025023792 0.999158800 -0.032496516 -1.925176263 -0.997204900 0.027237566 0.069570474 88.384498596
0.070877261 0.030172469 0.997028470 22.972482681 0.022554589 0.999238670 -0.031842742 -1.961880207 -0.997229815 0.024744486 0.070142582 88.445533752
0.071105741 0.030556610 0.997000515 23.776840210 0.020965317 0.999264300 -0.032121249 -1.999881387 -0.997248232 0.023186430 0.070412606 88.505432129
0.071116947 0.031205185 0.996979594 24.585718155 0.017925732 0.999309361 -0.032556806 -2.039134741 -0.997306645 0.020186922 0.070508257 88.571693420
0.069974624 0.032634396 0.997014701 25.393617630 0.015310065 0.999312103 -0.033784136 -2.075740576 -0.997431040 0.017628383 0.069426663 88.635192871
0.067090064 0.032403208 0.997220516 26.207387924 0.012581998 0.999365807 -0.033319417 -2.111476421 -0.997667313 0.014782421 0.066639632 88.698928833
0.063169904 0.031351320 0.997510135 27.011852264 0.010437350 0.999431312 -0.032072697 -2.144731998 -0.997947931 0.012437386 0.062806569 88.756210327
0.058217894 0.028985942 0.997882903 27.824079514 0.008594570 0.999527097 -0.029535143 -2.179760456 -0.998266637 0.010295844 0.057941057 88.812995911
0.051811390 0.027032368 0.998290896 28.636861801 0.006696201 0.999602020 -0.027415428 -2.215014219 -0.998634160 0.008105186 0.051609572 88.865180969
0.044444446 0.027256766 0.998639941 29.438381195 0.006404017 0.999599755 -0.027567999 -2.250746489 -0.998991072 0.007620551 0.044251923 88.901947021
0.035790779 0.028268347 0.998959422 30.235080719 0.006162779 0.999574959 -0.028506592 -2.285469532 -0.999339998 0.007176638 0.035601184 88.930603027
0.025916293 0.028823057 0.999248505 31.039489746 0.007268013 0.999552727 -0.029020362 -2.316382408 -0.999637425 0.008014649 0.025695052 88.952354431
0.015606320 0.027853018 0.999490201 31.840909958 0.008782409 0.999569893 -0.027992398 -2.349626780 -0.999839365 0.009214789 0.015354834 88.967056274
0.004707620 0.026763223 0.999630749 32.639724731 0.008044020 0.999608815 -0.026800547 -2.383745670 -0.999956250 0.008167216 0.004490346 88.974067688
-0.006264086 0.026183665 0.999637544 33.425193787 0.009859127 0.999610543 -0.026121203 -2.412514925 -0.999931514 0.009691927 -0.006519936 88.964439392
-0.017353697 0.026648702 0.999494255 34.203903198 0.010534966 0.999594510 -0.026468489 -2.440416098 -0.999793589 0.010070310 -0.017627537 88.952445984
-0.028291959 0.027183404 0.999230087 34.982162476 0.010898827 0.999579549 -0.026884351 -2.475077629 -0.999539971 0.010129822 -0.028576456 88.926528931
-0.038824502 0.028350238 0.998843908 35.750888824 0.010383636 0.999555349 -0.027966851 -2.507737637 -0.999191761 0.009285830 -0.039101735 88.895050049
-0.049025364 0.029313125 0.998367429 36.514385223 0.011397490 0.999521017 -0.028787343 -2.542082787 -0.998732209 0.009967570 -0.049336091 88.854301453
-0.058485702 0.029988477 0.997837842 37.278987885 0.012320681 0.999494731 -0.029316153 -2.576066971 -0.998211920 0.010579462 -0.058825731 88.805969238
-0.068214707 0.030446835 0.997206092 38.035415649 0.013251564 0.999474168 -0.029609626 -2.608806372 -0.997582257 0.011194725 -0.068582393 88.754196167
-0.077396587 0.030764049 0.996525764 38.772861481 0.013779554 0.999461889 -0.029784504 -2.644461393 -0.996904790 0.011426457 -0.077778921 88.690994263
-0.085930243 0.030309299 0.995840132 39.504497528 0.014963465 0.999464154 -0.029128438 -2.677018642 -0.996188402 0.012398200 -0.086337797 88.623687744
-0.093206070 0.029248200 0.995217264 40.234333038 0.016693117 0.999474287 -0.027809959 -2.709098816 -0.995506525 0.014021215 -0.093645379 88.551956177
-0.098355629 0.027569378 0.994769514 40.953067780 0.019387316 0.999480009 -0.025783075 -2.741680861 -0.994962037 0.016749991 -0.098839052 88.476325989
-0.102025166 0.025859542 0.994445801 41.655170441 0.022220174 0.999472380 -0.023710601 -2.773871422 -0.994533181 0.019677671 -0.102546006 88.396873474
-0.104601212 0.024875974 0.994203210 42.367938995 0.024011860 0.999459326 -0.022481201 -2.799440384 -0.994223893 0.021521097 -0.105142042 88.318534851
-0.106509350 0.024006955 0.994021952 43.053554535 0.023792125 0.999484181 -0.021589581 -2.827934742 -0.994026601 0.021350391 -0.107025653 88.250267029
-0.107321098 0.024394212 0.993925214 43.714416504 0.024453465 0.999461710 -0.021889711 -2.856808901 -0.993923247 0.021955676 -0.107859910 88.183174133
-0.106633745 0.025365761 0.993974864 44.375911713 0.024970481 0.999427974 -0.022826111 -2.884552956 -0.993984401 0.022385987 -0.107206203 88.117324829
-0.103530914 0.027099205 0.994257152 45.002300262 0.026094783 0.999359071 -0.024521068 -2.909948111 -0.994283557 0.023406224 -0.104171775 88.051681519
-0.098354489 0.027643930 0.994767547 45.616569519 0.026300358 0.999337554 -0.025170589 -2.934861183 -0.994803548 0.023687091 -0.099016443 87.995414734
-0.090424091 0.028334701 0.995500326 46.221378326 0.025600171 0.999331355 -0.026118437 -2.961776733 -0.995573938 0.023123231 -0.091089085 87.948234558
-0.079454638 0.028178550 0.996440232 46.805587769 0.024181208 0.999361038 -0.026333002 -2.990876913 -0.996544838 0.022002840 -0.080085352 87.914802551
-0.065863796 0.028395604 0.997424662 47.365844727 0.023223009 0.999368191 -0.026917461 -3.019570112 -0.997557998 0.021390308 -0.066481709 87.889801025
-0.048790991 0.029621948 0.998369813 47.907661438 0.022094829 0.999347866 -0.028571209 -3.048670530 -0.998564243 0.020664785 -0.049413774 87.877952576
-0.027740387 0.032192610 0.999096751 48.438575745 0.020196410 0.999295652 -0.031638287 -3.075000763 -0.999410808 0.019300504 -0.028371148 87.880760193
-0.003365414 0.035080671 0.999378979 48.946834564 0.017861929 0.999227464 -0.035015237 -3.102333546 -0.999834538 0.017732989 -0.003989566 87.899574280
0.024656979 0.036739249 0.999020815 49.466423035 0.015673434 0.999187768 -0.037132259 -3.129688501 -0.999572873 0.016573651 0.024060957 87.935844421
0.057892457 0.036123157 0.997669220 49.967300415 0.013444784 0.999226630 -0.036959749 -3.157003403 -0.998232007 0.015553134 0.057361830 87.981552124
0.095813669 0.033415034 0.994838357 50.475963593 0.012096019 0.999323785 -0.034730703 -3.186078072 -0.995325446 0.015361259 0.095344484 88.052322388
0.137665749 0.029605260 0.990036309 50.977172852 0.009722242 0.999464929 -0.031239130 -3.212698460 -0.990430713 0.013925930 0.137304023 88.148948669
0.183510855 0.025095087 0.982697427 51.466571808 0.007107679 0.999614358 -0.026854426 -3.240173817 -0.982991636 0.011912778 0.183261439 88.260955811
0.231370956 0.021918053 0.972618759 51.947044373 0.002328066 0.999731183 -0.023082873 -3.263267994 -0.972862542 0.007605033 0.231257379 88.411537170
0.282693177 0.020503476 0.958991349 52.412879944 -0.001703964 0.999781013 -0.020873303 -3.284057856 -0.959208608 0.004266662 0.282665849 88.584297180
0.336961329 0.020466417 0.941296160 52.858016968 -0.002899150 0.999781847 -0.020700265 -3.298445225 -0.941513717 0.004246239 0.336946726 88.782180786
0.394381315 0.020695949 0.918713987 53.290988922 -0.001514258 0.999759972 -0.021871675 -3.320672274 -0.918945372 0.007234616 0.394317508 89.005546570
0.454132289 0.023789339 0.890616775 53.699729919 -0.000854585 0.999654949 -0.026266139 -3.341190577 -0.890933573 0.011167197 0.453995407 89.249900818
0.514057279 0.026182197 0.857356369 54.092411041 0.000313683 0.999528527 -0.030712005 -3.367548227 -0.857755601 0.016056666 0.513806105 89.515129089
0.571717083 0.029729748 0.819912195 54.453227997 -0.003557576 0.999423981 -0.033758156 -3.389342070 -0.820442915 0.016383212 0.571492910 89.819747925
0.627427876 0.031921308 0.778020322 54.796482086 -0.006783789 0.999345779 -0.035531357 -3.409760237 -0.778645039 0.017015435 0.627233326 90.147605896
0.680088103 0.033008140 0.732387185 55.112926483 -0.008532065 0.999274790 -0.037113816 -3.421624422 -0.733080685 0.018991886 0.679875910 90.493675232
0.729058623 0.031404108 0.683730602 55.392391205 -0.009292562 0.999309123 -0.035990231 -3.437844038 -0.684388101 0.019885380 0.728846192 90.840270996
0.774079859 0.027284227 0.632499993 55.654933929 -0.010712605 0.999492526 -0.030004751 -3.458019257 -0.632997394 0.016450355 0.773978710 91.223045349
0.815201819 0.021627899 0.578773320 55.896400452 -0.010635381 0.999693215 -0.022377186 -3.474405527 -0.579079449 0.012086457 0.815181136 91.627014160
0.851243615 0.019323269 0.524415195 56.108440399 -0.012897188 0.999790549 -0.015904587 -3.485469103 -0.524612427 0.006775211 0.851313829 92.051872253
0.881975412 0.015772576 0.471031725 56.297199249 -0.013347385 0.999875069 -0.008488968 -3.496064901 -0.471106529 0.001200039 0.882075071 92.491210938
0.907110631 0.016482236 0.420569807 56.447795868 -0.016837865 0.999854326 -0.002867687 -3.509784698 -0.420555592 -0.004480164 0.907255232 92.924003601
0.926957071 0.018298669 0.374721408 56.586742401 -0.020139981 0.999796867 0.000997837 -3.522572279 -0.374626875 -0.008471808 0.927136481 93.370376587
0.941922545 0.024314482 0.334949523 56.700160980 -0.027182857 0.999623120 0.003877571 -3.532866478 -0.334728897 -0.012757227 0.942227662 93.825027466
0.953522265 0.028911805 0.299932957 56.805706024 -0.031243701 0.999507546 0.002980536 -3.534007788 -0.299699008 -0.012212995 0.953955173 94.285255432
0.962633967 0.030688420 0.269062102 56.912891388 -0.032763366 0.999458134 0.003223431 -3.534494877 -0.268817335 -0.011918336 0.963117003 94.751846313
0.968694746 0.025151713 0.246977910 57.026405334 -0.026878182 0.999632359 0.003620804 -3.538733244 -0.246796012 -0.010145744 0.969013929 95.223083496
0.972622871 0.022420825 0.231305212 57.134960175 -0.024081795 0.999700665 0.004359444 -3.545403957 -0.231138214 -0.009810312 0.972871065 95.707054138
0.975447774 0.026921049 0.218579397 57.231060028 -0.028492084 0.999586046 0.004037916 -3.547559500 -0.218380213 -0.010166532 0.975810409 96.200103760
0.977374613 0.032413710 0.209017336 57.318141937 -0.034093112 0.999409020 0.004435777 -3.545258999 -0.208750054 -0.011461440 0.977901459 96.699073792
0.978352249 0.040169243 0.203010634 57.405319214 -0.041672688 0.999126613 0.003134676 -3.545675039 -0.202707440 -0.011526790 0.979171097 97.209945679
0.978711605 0.045853149 0.200052842 57.500026703 -0.046694033 0.998909295 -0.000515768 -3.548215151 -0.199858323 -0.008836463 0.979784608 97.727523804
0.978827059 0.047188669 0.199175581 57.602756500 -0.047555350 0.998864472 -0.002945441 -3.559322357 -0.199088424 -0.006588766 0.979959011 98.256736755
0.978397667 0.045803972 0.201593786 57.716796875 -0.045426361 0.998946726 -0.006501769 -3.567597628 -0.201679274 -0.002796336 0.979447246 98.786712646
0.977686346 0.044066910 0.205395818 57.833698273 -0.042283393 0.999020338 -0.013066843 -3.571366787 -0.205770418 0.004090460 0.978591383 99.332641602
0.976775289 0.044621110 0.209568828 57.952037811 -0.041819729 0.998966992 -0.017782137 -3.578613281 -0.210145816 0.008605056 0.977631807 99.886848450
0.975608706 0.049390949 0.213888660 58.070915222 -0.046774451 0.998756051 -0.017279994 -3.591444016 -0.214476079 0.006854001 0.976704836 100.459388733
0.974217117 0.052150965 0.219502687 58.196529388 -0.050456576 0.998637378 -0.013322355 -3.603198290 -0.219898373 0.001903529 0.975520551 101.051559448
0.973317921 0.048972841 0.224174231 58.335998535 -0.048228331 0.998797536 -0.008798982 -3.614748716 -0.224335596 -0.002247324 0.974509001 101.654846191
0.972644687 0.044496600 0.227996558 58.483959198 -0.044937316 0.998984396 -0.003260656 -3.624935865 -0.227910116 -0.007074073 0.973656118 102.265907288
0.971878350 0.041893471 0.231727019 58.631149292 -0.043372285 0.999058068 0.001288251 -3.633280277 -0.231454805 -0.011302532 0.972779632 102.888305664
0.971350014 0.037322696 0.234704435 58.784896851 -0.038848743 0.999243259 0.001879910 -3.638663292 -0.234456703 -0.010944001 0.972064555 103.521385193
0.971435368 0.033919573 0.234867483 58.946819305 -0.034605537 0.999400258 -0.001201684 -3.646011591 -0.234767422 -0.006960336 0.972026229 104.161918640
0.971543729 0.033271946 0.234511331 59.104740143 -0.032248139 0.999446154 -0.008200409 -3.656135082 -0.234654337 0.000404521 0.972078383 104.813453674
0.971669436 0.035394784 0.233678252 59.255092621 -0.032836780 0.999350607 -0.014829582 -3.666785002 -0.234051451 0.006736228 0.972200394 105.469123840
0.972186923 0.038404696 0.231035709 59.405437469 -0.035046209 0.999212027 -0.018624902 -3.674044371 -0.231568992 0.010009978 0.972766519 106.140029907
0.972822666 0.036703520 0.228623927 59.567276001 -0.034323696 0.999307275 -0.014378537 -3.685476542 -0.228993356 0.006140567 0.973408163 106.833282471
0.973258078 0.032612961 0.227387369 59.728275299 -0.031901415 0.999467790 -0.006804888 -3.700585604 -0.227488339 -0.000631046 0.973780155 107.534385681
0.973833621 0.032946046 0.224861056 59.889347076 -0.033610299 0.999434531 -0.000874438 -3.716159821 -0.224762768 -0.006706067 0.974389970 108.249534607
0.974107742 0.036352906 0.223142311 60.045356750 -0.036953617 0.999315739 -0.001484617 -3.727612972 -0.223043665 -0.006799716 0.974784315 108.975372314
0.974350512 0.042183865 0.221046552 60.193515778 -0.041878428 0.999104142 -0.006070503 -3.736441851 -0.221104667 -0.003342263 0.975243926 109.702659607
0.975181103 0.043088824 0.217175171 60.349514008 -0.041625451 0.999069154 -0.011310743 -3.746448278 -0.217460454 0.001990027 0.976066649 110.443511963
0.976087749 0.041889202 0.213302583 60.508232117 -0.039792795 0.999108136 -0.014114382 -3.756701946 -0.213703662 0.005288987 0.976883829 111.196052551
0.976980150 0.039826673 0.209579736 60.665699005 -0.038031876 0.999197125 -0.012588809 -3.771689892 -0.209912911 0.004328324 0.977710068 111.962631226
0.977835298 0.036151838 0.206231073 60.829158783 -0.034716509 0.999341190 -0.010575728 -3.786630630 -0.206477612 0.003181717 0.978445709 112.745368958
0.978238821 0.035052322 0.204500005 60.990909576 -0.034177952 0.999385178 -0.007807463 -3.805295944 -0.204648033 0.000648193 0.978834927 113.535102844
0.978598893 0.031946599 0.203282297 61.158676147 -0.031487290 0.999489009 -0.005494318 -3.817222357 -0.203354016 -0.001024053 0.979104221 114.332298279
0.978830040 0.026674861 0.202929497 61.325981140 -0.026345998 0.999643505 -0.004322434 -3.825406313 -0.202972561 -0.001115429 0.979183257 115.124427795
0.978944600 0.027593376 0.202252701 61.483707428 -0.027603837 0.999615073 -0.002769698 -3.837920427 -0.202251375 -0.002871546 0.979328871 115.917510986
0.978674710 0.033167951 0.202721104 61.637119293 -0.032879956 0.999447763 -0.004789375 -3.849633455 -0.202768132 -0.001978199 0.979224265 116.726249695
0.978354275 0.039015088 0.203226119 61.796504974 -0.038174346 0.999238551 -0.008057030 -3.865087271 -0.203385845 0.000124624 0.979098141 117.545265198
0.977769256 0.047895327 0.204140618 61.951416016 -0.046906825 0.998852372 -0.009681361 -3.878788710 -0.204370141 -0.000109435 0.978893161 118.369956970
0.976816416 0.053914737 0.207178354 62.106300354 -0.053205892 0.998543024 -0.008996328 -3.894434214 -0.207361624 -0.002235332 0.978261292 119.196067810
0.976039052 0.056672413 0.210086003 62.272739410 -0.056475341 0.998379886 -0.006942447 -3.916196585 -0.210139155 -0.005088561 0.977657735 120.030982971
0.975455999 0.057237845 0.212625369 62.453853607 -0.056909882 0.998349905 -0.007667791 -3.935464859 -0.212713465 -0.004620874 0.977103174 120.874153137
0.975150764 0.055762589 0.214409888 62.634620667 -0.054812640 0.998442769 -0.010378327 -3.952420235 -0.214654788 -0.001631922 0.976688087 121.698921204
0.975135565 0.049908765 0.215916321 62.821361542 -0.049103964 0.998752356 -0.009093913 -3.971341133 -0.216100842 -0.001734530 0.976368964 122.537124634
0.975429416 0.043349206 0.216005430 63.013896942 -0.042079296 0.999059439 -0.010477045 -3.994192600 -0.216256469 0.001130279 0.976335347 123.355705261
0.975192189 0.042630576 0.217216209 63.198570251 -0.041329928 0.999090135 -0.010529666 -4.017429352 -0.217467502 0.001290937 0.976066113 124.190147400
0.974631310 0.045263048 0.219191834 63.380863190 -0.044692915 0.998972237 -0.007561686 -4.034201622 -0.219308853 -0.002426445 0.975651920 125.044448853
0.974200010 0.047366947 0.220659837 63.553840637 -0.048118111 0.998839736 -0.001973077 -4.047388554 -0.220497310 -0.008695538 0.975348294 125.877212524
0.973834574 0.050811317 0.221505299 63.728122711 -0.052632608 0.998611271 0.002323405 -4.064417362 -0.221079677 -0.013920987 0.975155890 126.690216064
0.973617077 0.050254401 0.222585589 63.911125183 -0.050605405 0.998710215 -0.004130306 -4.080981731 -0.222506106 -0.007242674 0.974903882 127.519645691
0.973906875 0.046270832 0.222180933 64.097343445 -0.043279793 0.998895168 -0.018315105 -4.102113724 -0.222782940 0.008221278 0.974832892 128.325973511
