1.000000000 0.000000000 0.000000000 0.000000000 0.000000000 1.000000000 0.000000000 0.000000000 0.000000000 0.000000000 1.000000000 0.000000000
0.999991059 -0.002612011 -0.003320228 -0.002603225 0.002604938 0.999994338 -0.002132866 -0.001431069 0.003325780 0.002124198 0.999992192 0.670493782
0.999971867 -0.001498464 -0.007343930 -0.014824716 0.001472147 0.999992490 -0.003587579 -0.003882212 0.007349251 0.003576667 0.999966562 1.350682974
0.999935865 -0.001497703 -0.011222489 -0.030272277 0.001441299 0.999986291 -0.005032363 -0.007445686 0.011229873 0.005015866 0.999924302 2.056501150
0.999871135 0.000058539 -0.016050043 -0.049269035 -0.000149355 0.999983966 -0.005657176 -0.011555706 0.016049456 0.005658845 0.999855101 2.782986164
0.999787271 -0.000985507 -0.020599000 -0.064083725 0.000862126 0.999981642 -0.005997677 -0.015988009 0.020604534 0.005978643 0.999769747 3.521886349
0.999684095 0.000791683 -0.025119495 -0.089731380 -0.000972568 0.999973714 -0.007189588 -0.021398876 0.025113143 0.007211748 0.999658525 4.274967194
0.999543488 0.003487339 -0.030010572 -0.119115718 -0.003721624 0.999963045 -0.007754433 -0.027270500 0.029982422 0.007862581 0.999519408 5.034753323
0.999403477 0.003637322 -0.034342885 -0.151313081 -0.003852698 0.999973357 -0.006207211 -0.032065317 0.034319397 0.006335821 0.999390721 5.809996128
0.999242067 0.003086304 -0.038804814 -0.186640009 -0.003226392 0.999988556 -0.003547953 -0.034860615 0.038793422 0.003670464 0.999240339 6.601257324
0.999095201 0.002643527 -0.042447913 -0.218762189 -0.002681561 0.999996126 -0.000839100 -0.035553385 0.042445533 0.000952169 0.999098182 7.418005943
0.998978436 0.004315126 -0.044984058 -0.264417082 -0.004379399 0.999989629 -0.001330321 -0.036595024 0.044977851 0.001525967 0.998986661 8.229712486
0.998873413 0.003792860 -0.047303505 -0.304355085 -0.003867174 0.999991536 -0.001479591 -0.037809283 0.047297493 0.001660856 0.998879313 9.052017212
0.998793304 0.000730063 -0.049107071 -0.341864288 -0.000828622 0.999997735 -0.001986666 -0.039472781 0.049105514 0.002024961 0.998791337 9.887034416
0.998676002 0.000757787 -0.051435817 -0.381902307 -0.000815951 0.999999106 -0.001109796 -0.040404961 0.051434930 0.001150297 0.998675466 10.723793030
0.998592675 -0.000623866 -0.053029932 -0.425014138 0.000554606 0.999999046 -0.001320763 -0.041522238 0.053030707 0.001289495 0.998591840 11.569382668
0.998493135 0.001836082 -0.054844510 -0.476280570 -0.002035080 0.999991596 -0.003572747 -0.044571944 0.054837488 0.003678977 0.998488307 12.423915863
0.998408556 0.002539579 -0.056335509 -0.526650846 -0.002897867 0.999976158 -0.006279107 -0.049955361 0.056318212 0.006432367 0.998391926 13.280708313
0.998286843 0.006603765 -0.058133058 -0.584884167 -0.007078225 0.999943316 -0.007959465 -0.056861207 0.058077194 0.008357308 0.998276889 14.152999878
0.998217881 0.007535676 -0.059193745 -0.639454186 -0.008004504 0.999938428 -0.007687060 -0.063675240 0.059132166 0.008147178 0.998216689 15.039790154
0.998139322 0.006950198 -0.060573556 -0.693490028 -0.007341962 0.999953508 -0.006247363 -0.069168925 0.060527310 0.006680468 0.998143971 15.918319702
0.998041272 0.007895385 -0.062054921 -0.752920926 -0.008210359 0.999954641 -0.004822337 -0.073438957 0.062014025 0.005322386 0.998060822 16.808721542
0.997989118 0.007662236 -0.062917493 -0.813406527 -0.007968564 0.999957561 -0.004619189 -0.077589877 0.062879421 0.005111263 0.998007774 17.711471558
0.997865736 0.007583191 -0.064854093 -0.869684815 -0.007960694 0.999952793 -0.005564331 -0.082663745 0.064808831 0.006068740 0.997878969 18.617820740
0.997801006 0.005830042 -0.066020876 -0.931470454 -0.006246902 0.999961793 -0.006109339 -0.088238314 0.065982729 0.006508332 0.997799277 19.529663086
0.997760296 0.005894647 -0.066627093 -0.993020952 -0.006205133 0.999970794 -0.004454011 -0.092387289 0.066598885 0.004857466 0.997767746 20.458475113
0.997745275 0.007069339 -0.066737361 -1.056214690 -0.007149749 0.999974012 -0.000966034 -0.093260057 0.066728786 0.001441012 0.997769833 21.374137878
0.997789681 0.008035010 -0.065960072 -1.120179534 -0.007868665 0.999965250 0.002781362 -0.090649500 0.065980114 -0.002256196 0.997818112 22.303358078
0.997899711 0.006696549 -0.064426593 -1.181412458 -0.006342696 0.999963820 0.005695360 -0.085338533 0.064462386 -0.005274759 0.997905910 23.232446671
0.997992039 0.006817535 -0.062966503 -1.244267583 -0.006427779 0.999959111 0.006390442 -0.079265371 0.063007481 -0.005972874 0.997994900 24.177450180
0.998078644 0.007096078 -0.061547391 -1.305291653 -0.006878189 0.999969482 0.003751378 -0.075727694 0.061572116 -0.003320834 0.998096824 25.112316132
0.998125732 0.008408085 -0.060611114 -1.367150545 -0.008486538 0.999963641 -0.001036987 -0.076639622 0.060600173 0.001549422 0.998160601 26.036540985
0.998209298 0.007526550 -0.059337746 -1.428635836 -0.007778684 0.999961853 -0.004019223 -0.080343425 0.059305217 0.004473596 0.998229563 26.967878342
0.998263299 0.004940724 -0.058697611 -1.481433749 -0.005126055 0.999982476 -0.003007200 -0.083211198 0.058681712 0.003302865 0.998270988 27.915111542
0.998256862 0.003104362 -0.058932394 -1.540710330 -0.002986241 0.999993503 0.002092321 -0.081160150 0.058938496 -0.001912686 0.998259425 28.891235352
0.998213410 -0.000704316 -0.059739530 -1.598542213 0.001035302 0.999984443 0.005509694 -0.075812191 0.059734706 -0.005561696 0.998198450 29.860113144
0.998119473 -0.008012695 -0.060767308 -1.651410460 0.008334252 0.999952734 0.005039931 -0.070994392 0.060724039 -0.005536901 0.998138845 30.806703568
0.998014748 -0.009933712 -0.062185988 -1.710746169 0.010026666 0.999949217 0.001182809 -0.069834135 0.062171064 -0.001803977 0.998063445 31.776571274
0.997930110 -0.009686566 -0.063567974 -1.775358677 0.009527715 0.999950886 -0.002801640 -0.072601162 0.063591965 0.002190184 0.997973144 32.754123688
0.997803688 -0.008407629 -0.065698966 -1.845468879 0.008213030 0.999961257 -0.003231541 -0.075818464 0.065723561 0.002684856 0.997833788 33.732841492
0.997762501 -0.008533273 -0.066305704 -1.913476944 0.008442501 0.999963164 -0.001649124 -0.077472717 0.066317305 0.001085649 0.997797549 34.721981049
0.997681856 -0.005542132 -0.067819312 -1.982867599 0.005645507 0.999983311 0.001332677 -0.076169871 0.067810774 -0.001712460 0.997696280 35.707340240
0.997617126 -0.005763047 -0.068746880 -2.057118893 0.005956818 0.999978960 0.002613924 -0.073613822 0.068730354 -0.003017206 0.997630239 36.696300507
0.997552276 -0.004482779 -0.069775499 -2.129895926 0.004860442 0.999974549 0.005243685 -0.068488732 0.069750205 -0.005569987 0.997548461 37.674972534
0.997574270 -0.004530299 -0.069457330 -2.204213858 0.005118733 0.999952614 0.008296218 -0.060285050 0.069416441 -0.008631624 0.997549951 38.664352417
0.997538269 0.000892160 -0.070113711 -2.284804106 -0.000145132 0.999943316 0.010658905 -0.049928177 0.070119232 -0.010622487 0.997481585 39.632522583
0.997521400 0.001086234 -0.070351057 -2.355908632 -0.000365562 0.999947429 0.010256026 -0.039554976 0.070358485 -0.010204886 0.997469068 40.641391754
0.997526586 0.001225678 -0.070274703 -2.424953222 -0.000625394 0.999963164 0.008563345 -0.031066392 0.070282601 -0.008498214 0.997490406 41.630264282
0.997518003 0.003473057 -0.070321612 -2.501910925 -0.003030546 0.999974966 0.006398411 -0.024796393 0.070342064 -0.006169416 0.997503340 42.603218079
0.997470617 0.002993282 -0.071011916 -2.578058004 -0.002541437 0.999975979 0.006452474 -0.018413791 0.071029514 -0.006255679 0.997454107 43.587047577
0.997376502 0.000875073 -0.072378539 -2.648947954 -0.000304310 0.999968827 0.007896471 -0.010664399 0.072383180 -0.007853728 0.997345507 44.565834045
0.997322261 0.001590142 -0.073109671 -2.725523949 -0.000945593 0.999960482 0.008849982 -0.001911751 0.073120832 -0.008757151 0.997284174 45.551376343
0.997303605 0.003703075 -0.073287100 -2.802549839 -0.003330383 0.999980986 0.005206959 0.003150938 0.073304974 -0.004948845 0.997296810 46.516723633
0.997238159 0.004378456 -0.074135527 -2.881599426 -0.004307539 0.999990165 0.001116482 0.004251858 0.074139677 -0.000794057 0.997247040 47.467277527
0.997180581 0.005274307 -0.074848562 -2.959105015 -0.005300492 0.999985993 -0.000151173 0.004130860 0.074846715 0.000547480 0.997194350 48.434955597
0.997179806 0.003972801 -0.074939288 -3.031632423 -0.003734343 0.999987543 0.003321897 0.007365080 0.074951544 -0.003032680 0.997182012 49.406387329
0.997164607 0.002087704 -0.075217783 -3.102581024 -0.001594884 0.999976933 0.006611387 0.013836684 0.075229846 -0.006472676 0.997144699 50.383312225
0.997131288 0.000254739 -0.075686038 -3.172666073 0.000299360 0.999973357 0.007309587 0.020847924 0.075685874 -0.007311274 0.997104406 51.339805603
0.997106552 -0.002575954 -0.075968407 -3.245415211 0.003051256 0.999976575 0.006141150 0.026731905 0.075950801 -0.006355179 0.997090816 52.295127869
0.997062922 -0.005169876 -0.076407477 -3.316142321 0.005557550 0.999972880 0.004861976 0.031408545 0.076380253 -0.005272334 0.997064352 53.251472473
0.996971428 -0.006809386 -0.077464737 -3.390283585 0.007298928 0.999955237 0.006038125 0.037131496 0.077420138 -0.006585246 0.996976316 54.197154999
0.996860683 -0.009907212 -0.078548044 -3.463634968 0.010738736 0.999890685 0.010170778 0.046755403 0.078438684 -0.010982353 0.996857941 55.139533997
0.996789992 -0.010722558 -0.079334080 -3.534725904 0.011973553 0.999811172 0.015309755 0.061268561 0.079154931 -0.016210519 0.996730030 56.081680298
0.996753514 -0.009100880 -0.079992726 -3.611861944 0.010540584 0.999789655 0.017594067 0.077864483 0.079815775 -0.018380113 0.996639669 57.022609711
0.996653259 -0.007868288 -0.081360869 -3.692308903 0.009002831 0.999867141 0.013587078 0.090429172 0.081243142 -0.014274077 0.996591628 57.947082520
0.996547699 -0.006286355 -0.082778625 -3.772555113 0.006796923 0.999959588 0.005887478 0.095839240 0.082738258 -0.006429787 0.996550143 58.866909027
0.996484876 -0.004706861 -0.083635181 -3.854158163 0.004814354 0.999987841 0.001083595 0.096804202 0.083629049 -0.001482431 0.996495426 59.776927948
0.996418774 0.000211706 -0.084550738 -3.942007542 -0.000047776 0.999998093 0.001940841 0.098558247 0.084550984 -0.001929846 0.996416867 60.676193237
0.996303201 0.002807915 -0.085855529 -4.026260376 -0.002442198 0.999987483 0.004364414 0.102433063 0.085866697 -0.004138599 0.996297598 61.555278778
0.996216774 0.005466834 -0.086725608 -4.109755039 -0.004966902 0.999969780 0.005979274 0.107834674 0.086755663 -0.005525891 0.996213853 62.450153351
0.996114433 0.006370991 -0.087832570 -4.188070774 -0.005891302 0.999966264 0.005719570 0.112792365 0.087866046 -0.005179892 0.996118367 63.310897827
0.995950401 0.007926738 -0.089549534 -4.267288208 -0.007372891 0.999951541 0.006513939 0.118410267 0.089596830 -0.005827316 0.995960593 64.167152405
0.995818615 0.008705858 -0.090931468 -4.347450256 -0.008083179 0.999941289 0.007213846 0.124500804 0.090988927 -0.006448662 0.995830536 65.003341675
0.995696962 0.008855950 -0.092239484 -4.427264214 -0.008180486 0.999936879 0.007698483 0.130815148 0.092301831 -0.006910787 0.995706618 65.814697266
0.995581269 0.008776336 -0.093486935 -4.505074024 -0.007989107 0.999929428 0.008791705 0.137883916 0.093557477 -0.008005975 0.995581210 66.612274170
0.995427072 0.011541309 -0.094818421 -4.587385178 -0.010495610 0.999878585 0.011519819 0.147067815 0.094939835 -0.010471959 0.995427370 67.398445129
0.995279849 0.013127466 -0.096148655 -4.667212486 -0.011679786 0.999810100 0.015604100 0.159349099 0.096335217 -0.014407447 0.995244145 68.177970886
0.995065272 0.016297294 -0.097869143 -4.746175766 -0.014666450 0.999741793 0.017360007 0.172801808 0.098126769 -0.015838943 0.995047331 68.945846558
0.994891047 0.018988075 -0.099146679 -4.828584671 -0.017746089 0.999752879 0.013393865 0.182977781 0.099376470 -0.011565967 0.994982123 69.690155029
0.994757950 0.019150989 -0.100442082 -4.908181667 -0.018633464 0.999807954 0.006088343 0.187548563 0.100539356 -0.004184842 0.994923711 70.417907715
0.994609296 0.018454695 -0.102031969 -4.979734421 -0.018522542 0.999828517 0.000282633 0.187747762 0.102019653 0.001608783 0.994780540 71.114898682
0.994553506 0.019398436 -0.102400266 -5.056931019 -0.019592879 0.999807775 -0.000893188 0.187244996 0.102363221 0.002894641 0.994742334 71.805885315
0.994408548 0.022178788 -0.103239872 -5.131051540 -0.022020016 0.999754071 0.002677621 0.189148560 0.103273839 -0.000389304 0.994652390 72.471633911
0.994263947 0.022438519 -0.104568273 -5.202206135 -0.022032851 0.999744773 0.005033229 0.192503437 0.104654491 -0.002700418 0.994504452 73.122428894
0.994232833 0.019276338 -0.105490305 -5.270734310 -0.019196671 0.999814332 0.001770708 0.193656504 0.105504811 0.000264568 0.994418263 73.757896423
0.994359434 0.011151171 -0.105469018 -5.327048779 -0.011563408 0.999927938 -0.003297872 0.191529110 0.105424598 0.004498854 0.994416595 74.370323181
0.994494438 0.007146807 -0.104539305 -5.381331444 -0.008040654 0.999934852 -0.008131409 0.186649829 0.104474328 0.008927207 0.994486988 74.960304260
0.994796991 0.009636133 -0.101414360 -5.445325375 -0.010538032 0.999909759 -0.008361210 0.181832150 0.101324581 0.009386415 0.994808614 75.539215088
0.995147526 0.014826315 -0.097264148 -5.509438515 -0.015424891 0.999866664 -0.005404993 0.178904131 0.097170986 0.006879054 0.995243430 76.102981567
0.995607018 0.013456649 -0.092652075 -5.557330132 -0.013728555 0.999903381 -0.002297881 0.177568361 0.092612140 0.003559766 0.995695412 76.659225464
0.996167481 0.009868137 -0.086901248 -5.594326019 -0.009741565 0.999951005 0.001880502 0.178491175 0.086915500 -0.001026740 0.996214688 77.202384949
0.996877909 0.005651090 -0.078749567 -5.625098705 -0.005247610 0.999972284 0.005329587 0.181245238 0.078777462 -0.004899699 0.996879756 77.728965759
0.997634768 0.009355416 -0.068090528 -5.658762932 -0.009027602 0.999946415 0.005120534 0.183875814 0.068134747 -0.004493726 0.997665584 78.244239807
0.998486400 0.014542989 -0.053032283 -5.687788486 -0.014315614 0.999886930 0.004664983 0.186249375 0.053094104 -0.003898730 0.998581469 78.744697571
0.999188721 0.019816618 -0.035045505 -5.703954697 -0.019650951 0.999794364 0.005065666 0.188703373 0.035138663 -0.004372877 0.999372423 79.232505798
0.999744296 0.018408122 -0.013091767 -5.695018291 -0.018337727 0.999817133 0.005477598 0.191042900 0.013190193 -0.005236122 0.999898851 79.710639954
0.999801040 0.014974520 0.013131162 -5.668482780 -0.015056566 0.999867857 0.006171306 0.193594441 -0.013037024 -0.006367786 0.999894321 80.173683167
0.999000907 0.013826455 0.042482510 -5.626041412 -0.014161749 0.999871075 0.007601604 0.196713090 -0.042371940 -0.008195633 0.999067843 80.625762939
0.997073889 0.013317632 0.075266734 -5.566399574 -0.014029902 0.999861836 0.008942393 0.200393498 -0.075137243 -0.009972207 0.997122884 81.074424744
0.993514478 0.013502048 0.112896122 -5.493462086 -0.014632883 0.999850869 0.009193851 0.204244971 -0.112755165 -0.010786215 0.993563771 81.522743225
0.987899125 0.013821806 0.154477224 -5.400522232 -0.015383475 0.999842107 0.008918469 0.207765833 -0.154329568 -0.011186940 0.987955630 81.952255249
0.979811370 0.013522272 0.199463725 -5.284832001 -0.015571237 0.999841094 0.008707115 0.211095437 -0.199314266 -0.011637224 0.979866028 82.372756958
0.968513429 0.015772045 0.248458996 -5.153495312 -0.017937858 0.999818444 0.006455297 0.213369146 -0.248312071 -0.010708861 0.968620420 82.778472900
0.953291118 0.016492039 0.301600635 -4.997997761 -0.018381566 0.999825299 0.003427802 0.214235365 -0.301491410 -0.008811582 0.953427732 83.167793274
0.933765233 0.017010543 0.357480109 -4.821625710 -0.018488752 0.999828935 0.000717584 0.213910386 -0.357406735 -0.007279413 0.933920026 83.535301208
0.909848869 0.017650198 0.414563000 -4.621776104 -0.018814890 0.999822319 -0.001274487 0.212704793 -0.414511800 -0.006640363 0.910019279 83.884979248
0.881041229 0.017434224 0.472716928 -4.408158302 -0.018242143 0.999829590 -0.002875230 0.210962966 -0.472686440 -0.006090170 0.881209195 84.210540771
0.847765744 0.015868142 0.530132294 -4.169379234 -0.015567475 0.999866247 -0.005033541 0.208400697 -0.530141175 -0.003985554 0.847899497 84.518417358
0.811160743 0.015780134 0.584609270 -3.907592773 -0.014530862 0.999871194 -0.006827178 0.205136731 -0.584641635 -0.002956934 0.811285675 84.811790466
0.771765888 0.014491577 0.635740578 -3.630242109 -0.013624269 0.999887764 -0.006252859 0.202142432 -0.635759711 -0.003835754 0.771876872 85.079086304
0.729537010 0.013989264 0.683797240 -3.340807676 -0.014923993 0.999878466 -0.004533436 0.199798003 -0.683777511 -0.006897672 0.729657352 85.326248169
0.684483409 0.013028116 0.728911042 -3.037317991 -0.014033884 0.999890625 -0.004692920 0.197464377 -0.728892446 -0.007017223 0.684591591 85.557182312
0.638474047 0.011914998 0.769550204 -2.717743158 -0.010571547 0.999921679 -0.006710932 0.194434881 -0.769569993 -0.003850576 0.638550162 85.759353638
0.591941714 0.009575979 0.805922985 -2.391259670 -0.004758728 0.999953628 -0.008386208 0.191104040 -0.805966020 0.001128983 0.591959953 85.940292358
0.545450211 0.011736930 0.838060200 -2.059601307 -0.006640438 0.999931216 -0.009681986 0.187259793 -0.838116229 -0.000284040 0.545490742 86.111625671
0.498181939 0.014897246 0.866943657 -1.722180605 -0.010405537 0.999883235 -0.011202166 0.182793751 -0.867009401 -0.003440292 0.498278886 86.274726868
0.452782840 0.017100560 0.891456008 -1.381164074 -0.011244729 0.999846160 -0.013468415 0.177507922 -0.891549289 -0.003925909 0.452905595 86.413948059
0.410717785 0.014689513 0.911643445 -1.029332042 -0.003813981 0.999889255 -0.014393134 0.172065288 -0.911753953 0.002434532 0.410728395 86.526412964
0.371390611 0.007509535 0.928445637 -0.666186929 0.011291577 0.999856889 -0.012603900 0.167978436 -0.928407431 0.015164594 0.371252775 86.616043091
0.336207598 0.004016692 0.941778660 -0.303409547 0.015702719 0.999828100 -0.009870011 0.164868638 -0.941656351 0.018106867 0.336086810 86.707283020
0.303032070 0.008195042 0.952944458 0.057874411 0.013238965 0.999830425 -0.012808168 0.160307199 -0.952887774 0.016497293 0.302872270 86.804267883
0.271945000 0.015745109 0.962183297 0.425596416 0.003153253 0.999846280 -0.017252628 0.153711453 -0.962307036 0.007725784 0.271853626 86.908454895
0.243586659 0.020026423 0.969671607 0.802745163 -0.001562233 0.999793708 -0.020256076 0.145860747 -0.969877303 0.003419268 0.243567780 86.995063782
0.217997089 0.021701964 0.975707352 1.193965673 -0.000360814 0.999754548 -0.022156203 0.137064785 -0.975948811 0.004477950 0.217951491 87.062850952
0.194717765 0.023167500 0.980584979 1.595075250 0.006845796 0.999664664 -0.024977662 0.127141774 -0.980834901 0.011576490 0.194493979 87.117012024
0.174724922 0.029560542 0.984172761 2.003945112 0.013358735 0.999386132 -0.032389123 0.114193097 -0.984526157 0.018806504 0.174222887 87.162437439
0.154938310 0.036310017 0.987255931 2.421513557 0.015267865 0.999117076 -0.039142359 0.097920790 -0.987805665 0.021137955 0.154247239 87.214286804
0.137240380 0.037165862 0.989839554 2.857641697 0.012915034 0.999143839 -0.039305862 0.080638252 -0.990453005 0.018178176 0.136642978 87.272521973
0.121815145 0.032738090 0.992012024 3.309823036 0.011000552 0.999350011 -0.034331072 0.065053493 -0.992491305 0.015094737 0.121375926 87.323600769
0.107402064 0.029489458 0.993777514 3.774970531 0.011245722 0.999460101 -0.030873451 0.050727367 -0.994151533 0.014491628 0.107012540 87.365104675
0.094177529 0.027027484 0.995187819 4.262698650 0.013670654 0.999502122 -0.028438341 0.036930442 -0.995460987 0.016283130 0.093761243 87.402442932
0.082557611 0.026288163 0.996238887 4.759298325 0.017302807 0.999463618 -0.027807120 0.023273924 -0.996435523 0.019533429 0.082058564 87.432876587
0.072542034 0.026930327 0.997001052 5.271533012 0.020514781 0.999383688 -0.028487338 0.008910649 -0.997153819 0.022519797 0.071944959 87.457733154
0.064717487 0.027529960 0.997523189 5.793712616 0.022525556 0.999324501 -0.029041084 -0.006139832 -0.997648835 0.024349239 0.064053744 87.485031128
0.059221689 0.027880587 0.997854829 6.339632511 0.024163136 0.999277055 -0.029354379 -0.022034589 -0.997951806 0.025849726 0.058505300 87.510665894
0.053678364 0.028953888 0.998137832 6.902995110 0.025466045 0.999214768 -0.030354653 -0.039040573 -0.998232961 0.027048018 0.052898981 87.535842896
0.047791343 0.029713331 0.998414695 7.480329990 0.025991401 0.999182045 -0.030980304 -0.056912899 -0.998518646 0.027430793 0.046980072 87.561477661
0.043457497 0.029695850 0.998613238 8.078330040 0.028532499 0.999113560 -0.030952403 -0.075317845 -0.998647213 0.029838052 0.042571791 87.582611084
0.040636368 0.029660288 0.998733044 8.699303627 0.030008610 0.999072194 -0.030891350 -0.094416045 -0.998722732 0.031225910 0.039708715 87.603820801
0.037613370 0.029235641 0.998863995 9.338056564 0.030933075 0.999058902 -0.030406168 -0.113818504 -0.998812973 0.032041620 0.036673740 87.625976562
0.035311241 0.028646369 0.998965085 9.994679451 0.033126235 0.999006271 -0.029818490 -0.133314535 -0.998826683 0.034144890 0.034327321 87.645507812
0.034702905 0.028305203 0.998996139 10.665139198 0.037561979 0.998855650 -0.029606039 -0.152976945 -0.998691022 0.038551696 0.033600107 87.662689209
0.035749547 0.027960539 0.998968959 11.351327896 0.040784344 0.998734951 -0.029413514 -0.172986180 -0.998527646 0.041793820 0.034564085 87.681777954
0.038141273 0.027898742 0.998882234 12.055322647 0.042360362 0.998666465 -0.029510202 -0.193751544 -0.998373508 0.043438572 0.036908727 87.707031250
0.042048842 0.027821245 0.998727500 12.778990746 0.044739619 0.998557091 -0.029700141 -0.215235010 -0.998112798 0.045931552 0.040743575 87.735748291
0.046415269 0.027421407 0.998545110 13.513225555 0.045050595 0.998548567 -0.029515581 -0.237018943 -0.997905314 0.046355031 0.045112669 87.770668030
0.050445799 0.025734207 0.998394549 14.266600609 0.046622783 0.998517394 -0.028093079 -0.258246303 -0.997637391 0.047965117 0.049171329 87.808372498
0.054413188 0.024179574 0.998225033 15.023309708 0.046395238 0.998565733 -0.026716828 -0.278710485 -0.997439444 0.047766641 0.053213451 87.853126526
0.058583878 0.022119669 0.998036683 15.796435356 0.043349154 0.998755038 -0.024680145 -0.298155636 -0.997340262 0.044709913 0.057552196 87.905006409
0.062665589 0.021076657 0.997811258 16.586866379 0.042667568 0.998806298 -0.023777325 -0.317214906 -0.997121513 0.044064209 0.061691616 87.958946228
0.066806592 0.022103094 0.997520328 17.378337860 0.040046237 0.998889565 -0.024815431 -0.337201446 -0.996961415 0.041604780 0.065847382 88.018325806
0.069784492 0.026144644 0.997218668 18.153409958 0.037918203 0.998864472 -0.028841268 -0.359969020 -0.996840537 0.039825417 0.068714015 88.080543518
0.071104251 0.031547323 0.996969163 18.939708710 0.031884074 0.998917043 -0.033882942 -0.387045771 -0.996958494 0.034196664 0.070021518 88.146102905
0.071074568 0.034621526 0.996869266 19.737957001 0.029203158 0.998896718 -0.036774058 -0.416530818 -0.997042775 0.031725433 0.069985226 88.203338623
0.071209721 0.034212045 0.996873736 20.542369843 0.027075421 0.998977005 -0.036218300 -0.446005374 -0.997093201 0.029569875 0.070210695 88.268394470
0.071281515 0.032704104 0.996919215 21.350137711 0.024311857 0.999108434 -0.034514252 -0.474102944 -0.997159243 0.026697190 0.070422985 88.330390930
0.071176723 0.031462654 0.996966660 22.166032791 0.025297605 0.999123871 -0.033336800 -0.501427233 -0.997142196 0.027593674 0.070318557 88.389465332
0.071661472 0.030975718 0.996947229 22.975479126 0.022818329 0.999204993 -0.032686070 -0.528067589 -0.997167230 0.025091002 0.070897825 88.451080322
0.071838044 0.031379633 0.996921897 23.782899857 0.021213541 0.999230683 -0.032980949 -0.554898322 -0.997189939 0.023517529 0.071117245 88.513732910
0.071846731 0.032030392 0.996900558 24.592102051 0.018173965 0.999276102 -0.033416517 -0.582213700 -0.997249305 0.020518504 0.071212746 88.580818176
0.070780784 0.033468008 0.996929586 25.399467468 0.015643766 0.999276578 -0.034657490 -0.610382736 -0.997368455 0.018048819 0.070206165 88.643302917
0.067865670 0.033328410 0.997136950 26.216251373 0.013087019 0.999325931 -0.034292284 -0.638669014 -0.997607827 0.015376821 0.067383908 88.711265564
0.063886978 0.032218054 0.997436225 27.019765854 0.010826961 0.999397278 -0.032974876 -0.665336251 -0.997897625 0.012905869 0.063499801 88.770423889
0.058932368 0.029854635 0.997814775 27.832174301 0.009050607 0.999495387 -0.030439461 -0.690224648 -0.998220146 0.010824697 0.058632575 88.827857971
0.052552354 0.027820410 0.998229921 28.640842438 0.006885749 0.999577761 -0.028220478 -0.713152945 -0.998593628 0.008356609 0.052338742 88.878250122
0.045194551 0.028048361 0.998583734 29.442838669 0.006663087 0.999574840 -0.028377762 -0.735953867 -0.998955190 0.007936168 0.044988587 88.915611267
0.036548179 0.029070251 0.998908341 30.241888046 0.006459835 0.999548852 -0.029325243 -0.759416819 -0.999310255 0.007524564 0.036344044 88.945350647
0.026684646 0.029630246 0.999204040 31.046232224 0.007604308 0.999525487 -0.029842855 -0.783447385 -0.999614239 0.008394598 0.026446808 88.967536926
0.016351666 0.028671447 0.999454558 31.848854065 0.009156972 0.999542415 -0.028823778 -0.806628227 -0.999823630 0.009623290 0.016081780 88.983947754
0.005535415 0.027679950 0.999600947 32.649341583 0.008569869 0.999578655 -0.027726788 -0.828850448 -0.999947250 0.008719925 0.005296011 88.990303040
-0.005462513 0.027049813 0.999618590 33.431636810 0.010290781 0.999582529 -0.026992602 -0.849938691 -0.999931455 0.010139404 -0.005738455 88.982261658
-0.016545286 0.027509309 0.999484003 34.204116821 0.010778688 0.999568105 -0.027333196 -0.871074855 -0.999804378 0.010320887 -0.016834514 88.970306396
-0.027466245 0.028092107 0.999227345 34.981971741 0.011094416 0.999551892 -0.027796276 -0.892664611 -0.999560535 0.010322381 -0.027765466 88.944000244
-0.038036715 0.029289864 0.998846412 35.752792358 0.010680550 0.999525011 -0.028903045 -0.914973199 -0.999218583 0.009568849 -0.038331345 88.914817810
-0.048345052 0.030238073 0.998372316 36.512145996 0.011598762 0.999491155 -0.029710306 -0.937570751 -0.998762667 0.010143534 -0.048671037 88.877815247
-0.057804868 0.030912992 0.997848630 37.277107239 0.012530689 0.999464154 -0.030237144 -0.960717320 -0.998248577 0.010755874 -0.058161110 88.830116272
-0.067489833 0.031516641 0.997221529 38.032073975 0.013698568 0.999435961 -0.030659536 -0.983922124 -0.997625172 0.011591297 -0.067883350 88.778152466
-0.076754086 0.031971626 0.996536791 38.770278931 0.014598566 0.999414563 -0.030939562 -1.006799102 -0.996942401 0.012173267 -0.077175744 88.717521667
-0.085311942 0.031527702 0.995854795 39.502593994 0.015783640 0.999416530 -0.030288326 -1.029031515 -0.996228516 0.013134254 -0.085759640 88.651382446
-0.092548452 0.030431271 0.995242476 40.230739594 0.017493043 0.999428213 -0.028932564 -1.050145388 -0.995553732 0.014732152 -0.093027718 88.579650879
-0.097704113 0.028729636 0.994800150 40.947547913 0.020140899 0.999435544 -0.026885368 -1.069453955 -0.995010912 0.017409354 -0.098227449 88.505210876
-0.101335868 0.027043028 0.994484067 41.649906158 0.023144929 0.999423981 -0.024818936 -1.086825132 -0.994582236 0.020502208 -0.101903252 88.425575256
-0.104045533 0.026008615 0.994231820 42.364963531 0.024717567 0.999416828 -0.023557579 -1.103762269 -0.994264543 0.022123925 -0.104627572 88.350074768
-0.105937392 0.025131673 0.994054556 43.051860809 0.024595084 0.999440908 -0.022646727 -1.119522214 -0.994067788 0.022049714 -0.106496118 88.281509399
-0.106651597 0.025578251 0.993966758 43.708805084 0.025525073 0.999409974 -0.022979507 -1.134747028 -0.993967950 0.022920268 -0.107241400 88.212242126
-0.105912440 0.026575282 0.994019628 44.368976593 0.026115324 0.999372303 -0.023935802 -1.150756001 -0.994031608 0.023424042 -0.106539831 88.146270752
-0.102815591 0.028304420 0.994296968 44.995277405 0.027227258 0.999300539 -0.025631407 -1.166909575 -0.994326890 0.024436669 -0.103514187 88.081420898
-0.097621888 0.028854704 0.994804502 45.612510681 0.027475078 0.999276698 -0.026288237 -1.183336377 -0.994843364 0.024766024 -0.098343924 88.025085449
-0.089728080 0.029526880 0.995527864 46.214168549 0.026704011 0.999272346 -0.027231069 -1.200019479 -0.995607316 0.024141196 -0.090451144 87.979759216
-0.078751102 0.029357273 0.996461272 46.801448822 0.025194732 0.999305546 -0.027449902 -1.216507554 -0.996574938 0.022943867 -0.079435930 87.946449280
-0.065203294 0.029691294 0.997429430 47.363758087 0.024308529 0.999307811 -0.028158117 -1.232681394 -0.997574925 0.022410046 -0.065879777 87.922660828
-0.048130654 0.030918226 0.998361647 47.906021118 0.023161808 0.999286532 -0.029830234 -1.249214649 -0.998571575 0.021688119 -0.048812296 87.911392212
-0.027082046 0.033489678 0.999071300 48.437202454 0.021236649 0.999232292 -0.032919399 -1.267084599 -0.999406755 0.020325409 -0.027772322 87.914695740
-0.002451243 0.036619835 0.999325514 48.946186066 0.019304287 0.999144673 -0.036565855 -1.286042094 -0.999809802 0.019201644 -0.003155924 87.930442810
0.025691830 0.038325652 0.998934209 49.466117859 0.017161347 0.999100506 -0.038773410 -1.306623578 -0.999521732 0.018139224 0.025011143 87.965522766
0.058831349 0.037494984 0.997562766 49.972602844 0.014524023 0.999156296 -0.038411431 -1.326450586 -0.998161435 0.016748430 0.058237277 88.014457703
0.096752450 0.034849800 0.994697452 50.479301453 0.013155549 0.999254584 -0.036289074 -1.345303059 -0.995220661 0.016596856 0.096222013 88.085563660
0.138599545 0.030960258 0.989863753 50.977478027 0.010693862 0.999406040 -0.032756053 -1.362200260 -0.990289867 0.015125449 0.138186291 88.182319641
0.184365928 0.026574649 0.982497633 51.469696045 0.007744857 0.999563873 -0.028489584 -1.376753569 -0.982826233 0.012861819 0.184079871 88.296333313
0.232190579 0.023377795 0.972388566 51.951335907 0.002774520 0.999690950 -0.024696698 -1.389295936 -0.972665429 0.008432259 0.232054129 88.447990417
0.283494502 0.021945510 0.958721936 52.416309357 -0.001385659 0.999746263 -0.022474833 -1.400375128 -0.958971918 0.005043035 0.283453137 88.620948792
0.337745965 0.021908469 0.940981507 52.861354828 -0.002672761 0.999747217 -0.022317354 -1.411123991 -0.941232622 0.005022582 0.337719262 88.819213867
0.395148903 0.022135461 0.918349564 53.294364929 -0.001388046 0.999722779 -0.023499589 -1.422505021 -0.918615103 0.008011132 0.395070195 89.043022156
0.454705805 0.025288802 0.890281796 53.701564789 -0.000866529 0.999608815 -0.027951704 -1.435744882 -0.890640318 0.011938352 0.454549968 89.289039612
0.514233589 0.027484408 0.857208848 54.091949463 0.000267856 0.999481082 -0.032206722 -1.450999856 -0.857649028 0.016791392 0.513959527 89.558082581
0.572253764 0.031167824 0.819483221 54.457771301 -0.003813904 0.999367714 -0.035346173 -1.467519641 -0.820066571 0.017101558 0.572010994 89.856735229
0.627824724 0.033649582 0.777626157 54.800266266 -0.007389185 0.999277592 -0.037275184 -1.484879017 -0.778318465 0.017656263 0.627619922 90.186477661
0.680459023 0.034630135 0.731966496 55.113666534 -0.009167244 0.999206722 -0.038751405 -1.502498388 -0.732727528 0.019658633 0.680236757 90.529953003
0.729186714 0.032053258 0.683562756 55.393470764 -0.009220668 0.999271810 -0.037021223 -1.518771052 -0.684251368 0.020692481 0.728951335 90.882362366
0.774193823 0.027727650 0.632339895 55.658061981 -0.010576439 0.999467075 -0.030876851 -1.532751322 -0.632858753 0.017216764 0.774074554 91.267822266
0.815132201 0.023168096 0.578810394 55.892459869 -0.011533933 0.999650717 -0.023770012 -1.543289781 -0.579158604 0.012699741 0.815114737 91.669738770
0.851195335 0.020941699 0.524429858 56.104438782 -0.013946543 0.999753118 -0.017286010 -1.550874233 -0.524661958 0.007399787 0.851277292 92.094528198
0.881950438 0.017713575 0.471007764 56.295581818 -0.014730199 0.999841094 -0.010019913 -1.555101275 -0.471109957 0.001899029 0.882071257 92.537162781
0.907126427 0.018346004 0.420456499 56.449188232 -0.018240055 0.999824286 -0.004273324 -1.556268573 -0.420460582 -0.003792703 0.907301664 92.972457886
0.926956356 0.020067489 0.374630332 56.590671539 -0.021504270 0.999768496 -0.000345211 -1.555607915 -0.374550104 -0.007736154 0.927173257 93.424850464
0.941905379 0.026083404 0.334862143 56.704372406 -0.028602876 0.999587297 0.002593776 -1.553109050 -0.334655851 -0.012021105 0.942262650 93.879348755
0.953493595 0.030664710 0.299847096 56.809783936 -0.032694601 0.999463618 0.001753633 -1.551067948 -0.299632072 -0.011475449 0.953984797 94.338798523
0.962599695 0.032441206 0.268975854 56.917011261 -0.034252934 0.999410868 0.002043902 -1.549328923 -0.268750668 -0.011180661 0.963143885 94.805366516
0.968667507 0.026920231 0.246894896 57.030704498 -0.028409066 0.999593139 0.002469294 -1.547968149 -0.246727541 -0.009405970 0.969038248 95.275375366
0.972586930 0.024067033 0.231287524 57.134769440 -0.025512403 0.999669015 0.003259847 -1.546107054 -0.231132075 -0.009071178 0.972879112 95.756568909
0.975394130 0.028462851 0.218619570 57.227378845 -0.029834297 0.999550283 0.002973886 -1.544105291 -0.218436167 -0.009423063 0.975804687 96.248641968
0.977314889 0.033891901 0.209058374 57.313373566 -0.035382181 0.999367952 0.003391636 -1.541683793 -0.208810851 -0.010711626 0.977896273 96.746658325
0.978281677 0.041640975 0.203050584 57.401481628 -0.042962115 0.999074340 0.002101047 -1.539848566 -0.202774704 -0.010778883 0.979164958 97.257141113
0.978639066 0.047281276 0.200071424 57.496231079 -0.047940236 0.998848855 -0.001552743 -1.540147901 -0.199914098 -0.008071880 0.979779005 97.775108337
0.978742361 0.048711605 0.199221373 57.598827362 -0.048899934 0.998795629 -0.003977996 -1.542030692 -0.199174777 -0.005848463 0.979945302 98.308090210
0.978321970 0.047276799 0.201617375 57.714008331 -0.046715997 0.998879611 -0.007541718 -1.546397567 -0.201747596 -0.002040513 0.979434192 98.839027405
0.977607310 0.045614276 0.205430746 57.829319000 -0.043649480 0.998947442 -0.014088522 -1.554286838 -0.205856726 0.004806109 0.978569090 99.384391785
0.976704001 0.046163511 0.209563270 57.947879791 -0.043167796 0.998889863 -0.018849224 -1.564946651 -0.210200340 0.009363739 0.977612197 99.937034607
0.975519240 0.050937708 0.213930190 58.065559387 -0.048110910 0.998672307 -0.018403048 -1.575354457 -0.214583129 0.007660165 0.976674438 100.511398315
0.974091828 0.053854194 0.219643667 58.186473846 -0.051934797 0.998544931 -0.014507910 -1.583475947 -0.220104933 0.002724902 0.975471199 101.097793579
0.973195672 0.050675653 0.224322751 58.326332092 -0.049701333 0.998713970 -0.009991670 -1.589711547 -0.224540144 -0.001425275 0.974462628 101.701034546
0.972529233 0.046210352 0.228144646 58.476016998 -0.046414904 0.998912036 -0.004471829 -1.592802286 -0.228102610 -0.006240314 0.973615944 102.314727783
0.971764505 0.043611124 0.231884420 58.623664856 -0.044849914 0.998993456 0.000070399 -1.592727661 -0.231647491 -0.010468395 0.972742319 102.936935425
0.971244633 0.039005399 0.234863773 58.776908875 -0.040289234 0.999187529 0.000668447 -1.592334151 -0.234646425 -0.010111698 0.972027004 103.566955566
0.971341968 0.035583057 0.235004708 58.940216064 -0.036024872 0.999347627 -0.002414308 -1.594217300 -0.234936848 -0.006120889 0.971990168 104.208854675
0.971449614 0.034848932 0.234669462 59.096351624 -0.033575974 0.999391437 -0.009419030 -1.600489974 -0.234854460 0.001270864 0.972028494 104.860168457
0.971574485 0.036972731 0.233825952 59.246837616 -0.034165341 0.999287009 -0.016046982 -1.611045599 -0.234252110 0.007602104 0.972144902 105.515808105
0.972084045 0.040056180 0.231185362 59.397205353 -0.036451690 0.999138057 -0.019843612 -1.624379754 -0.231780514 0.010862569 0.972706199 106.187789917
0.972720742 0.038361099 0.228782475 59.559165955 -0.035738871 0.999239147 -0.015595499 -1.635449052 -0.229206234 0.006993646 0.973351538 106.880981445
0.973166704 0.034294777 0.227528438 59.721195221 -0.033352591 0.999411404 -0.007985692 -1.641137362 -0.227667972 0.000182753 0.973737597 107.582618713
0.973738194 0.034644235 0.225016579 59.882526398 -0.035082985 0.999381959 -0.002049601 -1.642514110 -0.224948108 -0.005898471 0.974351645 108.296928406
0.974009991 0.038022265 0.223288104 60.039253235 -0.038398430 0.999258637 -0.002658603 -1.644135356 -0.223223224 -0.005984398 0.974747777 109.021995544
0.974252760 0.043805182 0.221159205 60.188503265 -0.043277752 0.999036551 -0.007232459 -1.648846388 -0.221262529 -0.002525019 0.975209773 109.747322083
0.975084245 0.044710755 0.217279434 60.344657898 -0.043029122 0.998995721 -0.012467083 -1.657916903 -0.217618227 0.002807122 0.976028681 110.488151550
0.976005793 0.043436512 0.213364825 60.504886627 -0.041121576 0.999036968 -0.015278044 -1.669497728 -0.213822573 0.006137571 0.976851940 111.239242554
0.976904392 0.041349489 0.209634453 60.662776947 -0.039339315 0.999130905 -0.013751624 -1.680011749 -0.210020468 0.005187155 0.977681935 112.005775452
0.977764308 0.037680928 0.206290528 60.826343536 -0.036034644 0.999281287 -0.011733300 -1.689341307 -0.206583977 0.004038803 0.978419244 112.788078308
0.978172898 0.036555097 0.204548717 60.989299774 -0.035468049 0.999330044 -0.008979470 -1.696509361 -0.204739511 0.001528538 0.978814006 113.577308655
0.978536844 0.033443015 0.203336924 61.157505035 -0.032771133 0.999440134 -0.006671451 -1.702029824 -0.203445807 -0.000135313 0.979084849 114.375053406
0.978774726 0.028180469 0.202989042 61.325061798 -0.027639346 0.999602318 -0.005500754 -1.706573963 -0.203062966 -0.000226480 0.979164243 115.167343140
0.978889167 0.029075233 0.202309862 61.483505249 -0.028873248 0.999574780 -0.003950307 -1.709614277 -0.202338323 -0.001974424 0.979312301 115.961418152
0.978595436 0.034674235 0.202848092 61.634384155 -0.034181435 0.999397576 -0.005933378 -1.713934064 -0.202931255 -0.001127255 0.979190946 116.772644043
0.978251874 0.040629640 0.203398824 61.792022705 -0.039582804 0.999173343 -0.009214030 -1.721128821 -0.203604668 0.000962555 0.979051352 117.587158203
0.977652311 0.049524609 0.204307973 61.947593689 -0.048328266 0.998772144 -0.010844305 -1.729444385 -0.204593793 0.000728123 0.978845358 118.412231445
0.976763010 0.055168103 0.207096577 62.112159729 -0.054243028 0.998475730 -0.010147178 -1.737464666 -0.207340330 -0.001322142 0.978266656 119.222000122
0.975980997 0.057943784 0.210005164 62.279579163 -0.057526488 0.998310626 -0.008100533 -1.743688941 -0.210119382 -0.004174877 0.977665484 120.057281494
0.975395381 0.058523368 0.212549940 62.460891724 -0.057973336 0.998278618 -0.008824896 -1.751186490 -0.212700158 -0.003714448 0.977109134 120.898941040
0.975090802 0.057058934 0.214338228 62.642089844 -0.055882297 0.998369992 -0.011550193 -1.760949969 -0.214647546 -0.000715209 0.976689935 121.725746155
0.975085795 0.051216360 0.215831548 62.829578400 -0.050183721 0.998686671 -0.010265878 -1.769876003 -0.216073513 -0.000821103 0.976375401 122.563766479
0.975332677 0.044778913 0.216147527 63.012340546 -0.043274719 0.998994291 -0.011689564 -1.779757977 -0.216453239 0.002047503 0.976289451 123.388237000
0.975092351 0.044092949 0.217369348 63.197616577 -0.042556636 0.999024451 -0.011746483 -1.789775729 -0.217674881 0.002203411 0.976017475 124.222694397
0.974535406 0.046750698 0.219302908 63.381851196 -0.045945618 0.998904824 -0.008772838 -1.797104955 -0.219472528 -0.001526552 0.975616157 125.069030762
0.974103928 0.048815504 0.220765322 63.555679321 -0.049329858 0.998776793 -0.003186341 -1.799102664 -0.220650494 -0.007786480 0.975320578 125.902549744
0.973730862 0.052262221 0.221620500 63.730960846 -0.053846590 0.998547971 0.001108659 -1.797680259 -0.221240431 -0.013013027 0.975131214 126.715660095
0.973506629 0.051731620 0.222727239 63.912670135 -0.051844817 0.998640299 -0.005343091 -1.801836848 -0.222700462 -0.006345701 0.974865019 127.542861938
0.973804355 0.047770221 0.222310096 64.099067688 -0.044540286 0.998816252 -0.019523151 -1.818103075 -0.222979218 0.009109990 0.974779367 128.348876953
0.974034131 0.045775734 0.221722335 64.284896851 -0.040425386 0.998772264 -0.028611787 -1.841924429 -0.222759500 0.018905660 0.974688828 129.157409668
