1.000000000 0.000000000 0.000000000 0.000000000 0.000000000 1.000000000 0.000000000 0.000000000 0.000000000 0.000000000 1.000000000 0.000000000
0.999990880 -0.002574668 -0.003409153 0.000098006 0.002567499 0.999994516 -0.002105686 -0.005746838 0.003414556 0.002096914 0.999991953 0.671490908
0.999970853 -0.001327467 -0.007515798 -0.009303825 0.001300454 0.999992669 -0.003597907 -0.011451374 0.007520519 0.003588029 0.999965250 1.355041504
0.999934316 -0.001320459 -0.011384716 -0.024994722 0.001263053 0.999986410 -0.005048061 -0.016160142 0.011391227 0.005033350 0.999922454 2.061148643
0.999868512 0.000187130 -0.016217213 -0.043501623 -0.000278605 0.999984026 -0.005638503 -0.022005759 0.016215898 0.005642280 0.999852598 2.788293839
0.999782920 -0.000868859 -0.020819319 -0.057665139 0.000744472 0.999981821 -0.005981605 -0.028135795 0.020824138 0.005964807 0.999765337 3.527540207
0.999678612 0.000923289 -0.025338206 -0.083628051 -0.001105685 0.999973595 -0.007185424 -0.038143456 0.025330905 0.007211130 0.999653041 4.279957771
0.999535441 0.003729132 -0.030251805 -0.113186605 -0.003966207 0.999961913 -0.007780504 -0.047003772 0.030221637 0.007896873 0.999511957 5.037381172
0.999390423 0.003848845 -0.034700125 -0.142824963 -0.004063303 0.999973059 -0.006111932 -0.057468124 0.034675665 0.006249201 0.999379039 5.812452316
0.999224007 0.003238396 -0.039256379 -0.174526781 -0.003376686 0.999988317 -0.003456925 -0.065971449 0.039244726 0.003586798 0.999223173 6.606450081
0.999074280 0.002743434 -0.042932425 -0.205923766 -0.002778911 0.999995828 -0.000766683 -0.079528071 0.042930145 0.000885278 0.999077678 7.423152447
0.998954892 0.004381981 -0.045497227 -0.251624078 -0.004444597 0.999989271 -0.001275197 -0.092703432 0.045491155 0.001476080 0.998963654 8.235019684
0.998852849 0.003876046 -0.047727391 -0.294431299 -0.003951425 0.999991059 -0.001485126 -0.102675781 0.047721215 0.001672012 0.998859286 9.056873322
0.998771429 0.000902762 -0.049545106 -0.331608057 -0.001007301 0.999997258 -0.002085054 -0.108447976 0.049543098 0.002132398 0.998769701 9.894868851
0.998651981 0.000878831 -0.051896457 -0.371619284 -0.000940485 0.999998808 -0.001163621 -0.119468227 0.051895384 0.001210859 0.998651743 10.730317116
0.998569071 -0.000504936 -0.053471684 -0.415376246 0.000432570 0.999998927 -0.001364912 -0.130816236 0.053472321 0.001339828 0.998568416 11.575479507
0.998467445 0.001869252 -0.055306688 -0.466709375 -0.002069842 0.999991417 -0.003569797 -0.145375803 0.055299547 0.003678801 0.998463035 12.430119514
0.998383880 0.002440128 -0.056774814 -0.518606484 -0.002790929 0.999977410 -0.006100356 -0.158415377 0.056758657 0.006248950 0.998368382 13.289516449
0.998261213 0.006421905 -0.058592260 -0.576733232 -0.006883774 0.999946713 -0.007684327 -0.169175461 0.058539804 0.008074300 0.998252392 14.161350250
0.998192430 0.007413623 -0.059637301 -0.631876945 -0.007873196 0.999941051 -0.007474857 -0.181352362 0.059578381 0.007930882 0.998192072 15.049991608
0.998123407 0.006875343 -0.060844444 -0.688619614 -0.007260269 0.999954939 -0.006107591 -0.194240481 0.060799725 0.006537876 0.998128533 15.920999527
0.998021007 0.007706236 -0.062405020 -0.745994747 -0.008012832 0.999956965 -0.004664246 -0.207068726 0.062366407 0.005155055 0.998039961 16.813611984
0.997969151 0.007286310 -0.063279413 -0.809817851 -0.007587550 0.999960959 -0.004521475 -0.218254387 0.063244008 0.004992428 0.997985542 17.715337753
0.997843504 0.007211915 -0.065238476 -0.865465820 -0.007584478 0.999956250 -0.005464931 -0.230431914 0.065196216 0.005947946 0.997854650 18.622589111
0.997774065 0.005580300 -0.066450126 -0.925003409 -0.006007407 0.999962509 -0.006229402 -0.242588058 0.066412881 0.006614729 0.997770250 19.522834778
0.997731447 0.005512781 -0.067092568 -0.987478018 -0.005829085 0.999972701 -0.004519593 -0.254346192 0.067065835 0.004900428 0.997736454 20.456306458
0.997722685 0.006749879 -0.067109905 -1.052008867 -0.006837102 0.999975979 -0.001070137 -0.269276232 0.067101084 0.001526536 0.997744918 21.368646622
0.997769237 0.007694330 -0.066311620 -1.117670298 -0.007534549 0.999967992 0.002659289 -0.280465066 0.066329971 -0.002153729 0.997795284 22.297086716
0.997878551 0.006379481 -0.064789608 -1.178977013 -0.006031456 0.999966264 0.005565761 -0.286712795 0.064822942 -0.005163177 0.997883320 23.227231979
0.997971833 0.006505601 -0.063323185 -1.242001534 -0.006120227 0.999961555 0.006277859 -0.292183697 0.063361600 -0.005877574 0.997973263 24.172426224
0.998059332 0.006795145 -0.061898526 -1.303214431 -0.006582779 0.999971688 0.003634118 -0.304361731 0.061921481 -0.003219600 0.998075724 25.104923248
0.998115242 0.007773335 -0.060873441 -1.370543718 -0.007861648 0.999968350 -0.001211412 -0.314693183 0.060862109 0.001687694 0.998144627 26.030220032
0.998197019 0.006965202 -0.059617054 -1.431601524 -0.007223320 0.999965429 -0.004115209 -0.327661186 0.059586339 0.004538422 0.998212695 26.963676453
0.998253703 0.004573707 -0.058894154 -1.486349583 -0.004761099 0.999984026 -0.003041956 -0.339812636 0.058879308 0.003317044 0.998259485 27.911495209
0.998246610 0.002905205 -0.059119757 -1.547890425 -0.002789474 0.999993980 0.002039971 -0.354961455 0.059125334 -0.001871482 0.998248696 28.893112183
0.998188794 -0.001055850 -0.060149826 -1.597419977 0.001392608 0.999983549 0.005556950 -0.368158191 0.060142975 -0.005630651 0.998173773 29.856407166
0.998089552 -0.008301588 -0.061223749 -1.648315310 0.008632704 0.999949455 0.005145706 -0.381422848 0.061177943 -0.005664403 0.998110712 30.800453186
0.997971833 -0.010170224 -0.062839240 -1.700011015 0.010276702 0.999946177 0.001371396 -0.392943501 0.062821917 -0.002014396 0.998022616 31.770559311
0.997894347 -0.009880894 -0.064103171 -1.769040227 0.009732369 0.999949098 -0.002628897 -0.403297126 0.064125888 0.001999484 0.997939646 32.746070862
0.997765422 -0.008410072 -0.066283301 -1.839311481 0.008220927 0.999961257 -0.003125900 -0.418038398 0.066307031 0.002574003 0.997795761 33.723194122
0.997724831 -0.008506475 -0.066879705 -1.906880617 0.008423229 0.999963284 -0.001526681 -0.435525328 0.066890247 0.000959863 0.997759700 34.706481934
0.997652948 -0.005565694 -0.068247184 -1.981978178 0.005676310 0.999982774 0.001426934 -0.451626331 0.068238080 -0.001810979 0.997667253 35.687889099
0.997589886 -0.005631029 -0.069157586 -2.056354761 0.005834768 0.999979079 0.002744307 -0.463722557 0.069140702 -0.003141213 0.997601748 36.678989410
0.997523844 -0.004607243 -0.070178464 -2.131648302 0.004995879 0.999972999 0.005363245 -0.471233308 0.070151880 -0.005700570 0.997519791 37.656856537
0.997542024 -0.004787180 -0.069907844 -2.204693079 0.005385732 0.999950290 0.008375994 -0.477633864 0.069864295 -0.008731911 0.997518003 38.657802582
0.997497797 0.000950851 -0.070692815 -2.279888868 -0.000184433 0.999941051 0.010847189 -0.484667599 0.070698977 -0.010807008 0.997438908 39.636150360
0.997504413 0.001069837 -0.070597418 -2.363925695 -0.000352891 0.999948144 0.010167035 -0.487114817 0.070604645 -0.010116749 0.997452855 40.640018463
0.997523248 0.001018806 -0.070331067 -2.445209265 -0.000421028 0.999963582 0.008513706 -0.490036517 0.070337191 -0.008463010 0.997487128 41.647888184
0.997513294 0.003403033 -0.070397638 -2.522274017 -0.002943809 0.999973655 0.006625922 -0.505852163 0.070418343 -0.006402211 0.997496724 42.631309509
0.997450233 0.003202219 -0.071295023 -2.593670845 -0.002737827 0.999974370 0.006610345 -0.508657932 0.071314372 -0.006398299 0.997433066 43.618747711
0.997352958 0.000974690 -0.072707199 -2.664613485 -0.000389590 0.999967396 0.008061017 -0.517280400 0.072712682 -0.008011354 0.997320473 44.601932526
0.997297287 0.001626070 -0.073455006 -2.740943432 -0.000962089 0.999958336 0.009073690 -0.525468826 0.073466696 -0.008978497 0.997256994 45.587062836
0.997278750 0.004160604 -0.073606141 -2.819025278 -0.003769962 0.999978006 0.005445241 -0.535294116 0.073627174 -0.005152933 0.997272253 46.553276062
0.997212768 0.004854519 -0.074453205 -2.898955822 -0.004768298 0.999987721 0.001335689 -0.545190275 0.074458778 -0.000976955 0.997223318 47.508842468
0.997151911 0.005708921 -0.075204484 -2.975096703 -0.005718044 0.999983609 0.000093928 -0.556571186 0.075203806 0.000336358 0.997167826 48.471683502
0.997152209 0.004260430 -0.075296693 -3.050011158 -0.003998832 0.999985397 0.003624571 -0.571179032 0.075311057 -0.003313153 0.997154236 49.445693970
0.997147202 0.002487405 -0.075442843 -3.123210669 -0.001976319 0.999974608 0.006848303 -0.583919644 0.075457983 -0.006679667 0.997126281 50.423007965
0.997115076 0.000337974 -0.075906254 -3.196418762 0.000248238 0.999970257 0.007713211 -0.599702477 0.075906619 -0.007709802 0.997084796 51.380611420
0.997088432 -0.002660291 -0.076209851 -3.268337250 0.003162146 0.999974132 0.006465200 -0.607161403 0.076190695 -0.006687364 0.997070491 52.327682495
0.997055054 -0.004888046 -0.076535791 -3.339784384 0.005297916 0.999972701 0.005153092 -0.618773341 0.076508522 -0.005543397 0.997053206 53.270126343
0.996963859 -0.006465097 -0.077599145 -3.413849354 0.006976877 0.999955654 0.006325834 -0.627389789 0.077554822 -0.006848029 0.996964276 54.214771271
0.996854961 -0.009448882 -0.078684025 -3.486552238 0.010304536 0.999891996 0.010475580 -0.635295510 0.078576565 -0.011253435 0.996844292 55.157600403
0.996788204 -0.010168742 -0.079436123 -3.557403564 0.011441339 0.999813080 0.015581634 -0.640974283 0.079262853 -0.016440442 0.996717870 56.094879150
0.996756732 -0.008442594 -0.080030605 -3.636352777 0.009902892 0.999791265 0.017867384 -0.646040082 0.079863071 -0.018601969 0.996631920 57.035846710
0.996664345 -0.007111637 -0.081300236 -3.719210863 0.008255257 0.999871433 0.013739100 -0.644585252 0.081192099 -0.014364423 0.996594667 57.954174042
0.996552527 -0.005666651 -0.082770690 -3.798352242 0.006188227 0.999962509 0.006046219 -0.648925424 0.082733355 -0.006537580 0.996549964 58.876266479
0.996490002 -0.003950858 -0.083618499 -3.880250216 0.004068802 0.999990880 0.001240079 -0.655861497 0.083612867 -0.001575955 0.996496737 59.786720276
0.996409714 0.000754785 -0.084659040 -3.966317177 -0.000571950 0.999997377 0.002183841 -0.667480409 0.084660493 -0.002127581 0.996407211 60.686420441
0.996291101 0.003411744 -0.085979864 -4.047016144 -0.003024145 0.999984562 0.004637822 -0.683047712 0.085994385 -0.004360605 0.996285737 61.557136536
0.996202528 0.006053099 -0.086856037 -4.131443024 -0.005537397 0.999965489 0.006177089 -0.696193635 0.086890452 -0.005672675 0.996201396 62.456878662
0.996097088 0.006941249 -0.087991372 -4.209768295 -0.006445039 0.999961555 0.005922109 -0.706294954 0.088029116 -0.005331888 0.996103346 63.318157196
0.995931387 0.008450549 -0.089717910 -4.289533138 -0.007879185 0.999946237 0.006720660 -0.715324819 0.089769907 -0.005986412 0.995944202 64.174606323
0.995801985 0.009260220 -0.091064617 -4.370191574 -0.008619093 0.999935091 0.007431039 -0.727011979 0.091127552 -0.006614948 0.995816886 65.009712219
0.995678604 0.009333472 -0.092396058 -4.449594975 -0.008645962 0.999931812 0.007838339 -0.733026505 0.092462949 -0.007005612 0.995691121 65.830757141
0.995561361 0.009238564 -0.093660600 -4.526711464 -0.008439238 0.999924421 0.008926732 -0.740726531 0.093736030 -0.008096685 0.995563805 66.625755310
0.995404780 0.012014262 -0.094999954 -4.609182835 -0.010956185 0.999871969 0.011651384 -0.747079432 0.095127814 -0.010557005 0.995408654 67.411354065
0.995257676 0.013608443 -0.096317589 -4.689559937 -0.012147520 0.999802232 0.015737880 -0.752461374 0.096512750 -0.014493222 0.995225787 68.191467285
0.995049834 0.016815029 -0.097944699 -4.773344994 -0.015169552 0.999731302 0.017520569 -0.758511245 0.098213032 -0.015948059 0.995037198 68.952720642
0.994873583 0.019522810 -0.099224143 -4.855897427 -0.018267974 0.999741316 0.013539366 -0.765889823 0.099462837 -0.011657333 0.994972587 69.695724487
0.994745553 0.019753790 -0.100454263 -4.935852528 -0.019223576 0.999795556 0.006243445 -0.773079395 0.100557096 -0.004279550 0.994921684 70.422180176
0.994596004 0.018891092 -0.102087848 -5.006347179 -0.018940305 0.999820292 0.000487271 -0.778662741 0.102078758 0.001448934 0.994774878 71.120857239
0.994538665 0.019898774 -0.102454215 -5.083711147 -0.020074878 0.999798000 -0.000687998 -0.785536528 0.102419883 0.002740993 0.994737089 71.813598633
0.994399607 0.022701122 -0.103218563 -5.162463188 -0.022525391 0.999741971 0.002867928 -0.798455238 0.103257082 -0.000526831 0.994654179 72.483680725
0.994255126 0.023025926 -0.104529977 -5.235161781 -0.022606222 0.999730766 0.005198247 -0.813065827 0.104621582 -0.002805358 0.994507730 73.135742188
0.994227052 0.019858586 -0.105441958 -5.303944111 -0.019764580 0.999802589 0.001936426 -0.823549688 0.105459645 0.000158765 0.994423211 73.771720886
0.994357944 0.011805017 -0.105416946 -5.360474586 -0.012201566 0.999920487 -0.003117641 -0.835604429 0.105371810 0.004386299 0.994422853 74.383560181
0.994494736 0.007861141 -0.104490012 -5.417094231 -0.008734724 0.999930382 -0.007905538 -0.847156703 0.104420640 0.008774703 0.994494081 74.975524902
0.994798124 0.010348452 -0.101337656 -5.481942654 -0.011229060 0.999903738 -0.008123306 -0.857903600 0.101243891 0.009218972 0.994818449 75.553184509
0.995145023 0.015512548 -0.097187646 -5.546248436 -0.016091447 0.999856949 -0.005175573 -0.870031595 0.097093508 0.006714333 0.995252132 76.117919922
0.995605648 0.014139640 -0.092569262 -5.594280720 -0.014392593 0.999894083 -0.002065617 -0.881721795 0.092530310 0.003388850 0.995703578 76.674102783
0.996167719 0.010547728 -0.086822823 -5.631451607 -0.010404423 0.999943495 0.002102812 -0.892757356 0.086840160 -0.001191414 0.996221006 77.217918396
0.996880352 0.006332021 -0.078670710 -5.661730766 -0.005914366 0.999966979 0.005540666 -0.907086849 0.078703262 -0.005058095 0.996884704 77.743057251
0.997632861 0.010032014 -0.068026155 -5.695351601 -0.009691990 0.999938667 0.005326504 -0.915007055 0.068075486 -0.004654589 0.997668743 78.258392334
0.998480916 0.015246761 -0.052942295 -5.724737644 -0.015010639 0.999875367 0.004854595 -0.922692239 0.053009786 -0.004052524 0.998585165 78.758361816
0.999177337 0.020539917 -0.034959391 -5.740961552 -0.020368701 0.999778569 0.005246391 -0.927711904 0.035059482 -0.004529999 0.999374390 79.246475220
0.999732137 0.019099768 -0.013046371 -5.729751587 -0.019027386 0.999802768 0.005648899 -0.932616770 0.013151767 -0.005399149 0.999898374 79.724380493
0.999792516 0.015585310 0.013093022 -5.700671196 -0.015669744 0.999856710 0.006372371 -0.939214945 -0.012991754 -0.006576215 0.999893427 80.189918518
0.998996615 0.014434589 0.042388879 -5.656993866 -0.014775788 0.999860585 0.007747372 -0.947200954 -0.042271063 -0.008365929 0.999070644 80.642089844
0.997070968 0.013971210 0.075191252 -5.598236084 -0.014688462 0.999851465 0.008994685 -0.953885078 -0.075054340 -0.010072784 0.997128010 81.092323303
0.993514180 0.014175080 0.112818837 -5.525475502 -0.015309690 0.999840260 0.009197006 -0.956362069 -0.112670362 -0.010864578 0.993572474 81.540412903
0.987910569 0.014522468 0.154341519 -5.431992531 -0.016083764 0.999831021 0.008872027 -0.959254444 -0.154186517 -0.011247162 0.987977207 81.968063354
0.979833782 0.014210889 0.199306995 -5.316284657 -0.016249236 0.999830782 0.008595197 -0.965931773 -0.199151039 -0.011660452 0.979898930 82.388183594
0.968547761 0.016435547 0.248283342 -5.185039520 -0.018585563 0.999807060 0.006317968 -0.975979865 -0.248131528 -0.010733740 0.968666375 82.793556213
0.953392386 0.017130651 0.301245779 -5.027719498 -0.019006189 0.999813676 0.003296029 -0.986130595 -0.301133126 -0.008867945 0.953540385 83.183143616
0.933884203 0.017705804 0.357136309 -4.851409435 -0.019159108 0.999816060 0.000531621 -0.989027381 -0.357061148 -0.007338887 0.934051692 83.551567078
0.910029948 0.018277932 0.414138854 -4.651228428 -0.019422829 0.999810040 -0.001446584 -0.998083472 -0.414086521 -0.006727314 0.910212159 83.900474548
0.881186068 0.018227322 0.472417712 -4.441992760 -0.019137606 0.999812484 -0.002879007 -1.014600873 -0.472381502 -0.006504003 0.881369650 84.223495483
0.848091245 0.016532350 0.529591799 -4.201413631 -0.016380036 0.999853134 -0.004981457 -1.028141141 -0.529596329 -0.004450003 0.848237574 84.529182434
0.811509848 0.016450144 0.584106743 -3.940219641 -0.015333605 0.999858677 -0.006855646 -1.035655260 -0.584136903 -0.003393037 0.811647475 84.822509766
0.772178292 0.015164600 0.635224462 -3.662992477 -0.014442167 0.999875486 -0.006313932 -1.046211720 -0.635241091 -0.004298536 0.772301257 85.089332581
0.729958653 0.014696239 0.683332801 -3.374241829 -0.015780900 0.999864399 -0.004646085 -1.054281950 -0.683308423 -0.007392157 0.730091691 85.336555481
0.684946001 0.013844140 0.728461862 -3.071045876 -0.014975205 0.999875486 -0.004921590 -1.059321046 -0.728439212 -0.007537842 0.685068130 85.567550659
0.638608575 0.012902221 0.769423127 -2.753670216 -0.011673648 0.999906540 -0.007078165 -1.063905001 -0.769442439 -0.004461798 0.638699591 85.774795532
0.592064321 0.010603816 0.805820584 -2.427201271 -0.005895534 0.999943435 -0.008826608 -1.069533110 -0.805868506 0.000475176 0.592093349 85.955993652
0.545522630 0.012723431 0.837999165 -2.095708847 -0.007690796 0.999918461 -0.010175273 -1.079397678 -0.838060141 -0.000894040 0.545576036 86.127799988
0.498214275 0.015898470 0.866907895 -1.758914471 -0.011440682 0.999865115 -0.011761801 -1.086663485 -0.866977811 -0.004058120 0.498329043 86.291015625
0.452798009 0.018099446 0.891429067 -1.418818712 -0.012237573 0.999825656 -0.014084268 -1.097358465 -0.891528487 -0.004531600 0.452940643 86.429977417
0.410737842 0.015688458 0.911618173 -1.066879511 -0.004762207 0.999874949 -0.015061639 -1.105143666 -0.911740363 0.001845069 0.410761297 86.542411804
0.371388406 0.008592296 0.928437471 -0.703806937 0.010293304 0.999857306 -0.013370711 -1.108671427 -0.928419828 0.014522412 0.371247113 86.631927490
0.336096585 0.005145720 0.941813111 -0.341274321 0.014618979 0.999835789 -0.010679667 -1.114378214 -0.941713274 0.017357739 0.335966319 86.724143982
0.302925169 0.009281987 0.952968776 0.018563777 0.012153075 0.999833286 -0.013601598 -1.123290181 -0.952936053 0.015701760 0.302762032 86.820480347
0.271599233 0.016799556 0.962263465 0.380132705 0.001194899 0.999840617 -0.017792840 -1.140916348 -0.962408900 0.005982324 0.271536052 86.922225952
0.243284032 0.021024423 0.969726920 0.757128656 -0.003493971 0.999777138 -0.020799361 -1.162103653 -0.969947994 0.001671950 0.243303493 87.008163452
0.217728287 0.022687349 0.975745440 1.148793697 -0.002230537 0.999738336 -0.022747481 -1.180398345 -0.976006031 0.002776330 0.217722148 87.075523376
0.194430158 0.024086135 0.980620384 1.548720717 0.005250121 0.999658227 -0.025594689 -1.193003058 -0.980901420 0.010124751 0.194237486 87.129188538
0.174411982 0.030526027 0.984199226 1.957030535 0.012088641 0.999377251 -0.033139028 -1.194155693 -0.984597683 0.017677471 0.173934579 87.176582336
0.154598564 0.037284810 0.987273335 2.376130819 0.014014865 0.999103963 -0.039926194 -1.198993444 -0.987877190 0.020009032 0.153937712 87.229179382
0.136895254 0.038154386 0.989850223 2.810799599 0.011622721 0.999126911 -0.040119357 -1.214715600 -0.990516603 0.016996900 0.136332482 87.287155151
0.121439144 0.033735953 0.992025137 3.262696505 0.009599777 0.999335170 -0.035159692 -1.242263675 -0.992551744 0.013792980 0.121034764 87.338226318
0.106977634 0.030504629 0.993793070 3.730558634 0.009766386 0.999448359 -0.031729516 -1.265538931 -0.994212747 0.013100112 0.106620908 87.380325317
0.093752205 0.028057963 0.995199859 4.217955589 0.012404510 0.999491870 -0.029347518 -1.285085201 -0.995517552 0.015096358 0.093356729 87.418327332
0.082138211 0.027314154 0.996246338 4.715178013 0.016018093 0.999458611 -0.028722873 -1.304010272 -0.996491492 0.018317208 0.081656434 87.448387146
0.072124928 0.027960448 0.997003376 5.227304459 0.019233653 0.999381661 -0.029418532 -1.321356177 -0.997209370 0.021297822 0.071542762 87.472991943
0.064270049 0.028563008 0.997523427 5.749833107 0.021250406 0.999324024 -0.029983710 -1.339952946 -0.997705519 0.023124829 0.063619845 87.501235962
0.058772199 0.028974749 0.997850597 6.300107956 0.023015479 0.999273241 -0.030371632 -1.358303428 -0.998005390 0.024751009 0.058062829 87.526657104
0.053211235 0.030057685 0.998130560 6.861983776 0.024280233 0.999211967 -0.031384639 -1.378182292 -0.998287439 0.025904847 0.052439708 87.551628113
0.047231782 0.030804377 0.998408616 7.440015793 0.024791278 0.999179840 -0.032000963 -1.398607135 -0.998575628 0.026263276 0.046429574 87.579345703
0.042884961 0.030782482 0.998605430 8.035685539 0.027355608 0.999113858 -0.031972922 -1.423065186 -0.998704791 0.028688608 0.042005092 87.600776672
0.040066529 0.030765334 0.998722970 8.655632019 0.028805431 0.999074399 -0.031931758 -1.446557641 -0.998781085 0.030048031 0.039143443 87.621589661
0.037058156 0.030345440 0.998851955 9.293562889 0.029791314 0.999060512 -0.031457044 -1.470313311 -0.998868287 0.030922841 0.036119524 87.642875671
0.034753293 0.029740486 0.998952985 9.950473785 0.032023370 0.999010205 -0.030856259 -1.494014025 -0.998882115 0.033062190 0.033766713 87.661834717
0.034121118 0.029421391 0.998984218 10.616788864 0.036288988 0.998870432 -0.030657509 -1.517983556 -0.998758018 0.037298188 0.033015113 87.679039001
0.035161383 0.029113593 0.998957157 11.306912422 0.039456960 0.998755217 -0.030496506 -1.541814208 -0.998601794 0.040488105 0.033969093 87.697807312
0.037595987 0.029066119 0.998869836 12.014451981 0.041138377 0.998683929 -0.030609084 -1.565787315 -0.998445213 0.042242661 0.036350988 87.721618652
0.041521773 0.028994506 0.998716414 12.738871574 0.043557379 0.998575449 -0.030801304 -1.591549158 -0.998187006 0.044780400 0.040199909 87.749572754
0.045885723 0.028606152 0.998536646 13.474828720 0.043865710 0.998567402 -0.030622782 -1.618061543 -0.997982383 0.045206670 0.044565372 87.784088135
0.049921643 0.026929548 0.998389661 14.228860855 0.045431562 0.998539865 -0.029205265 -1.644791603 -0.997718513 0.046816379 0.048625514 87.821052551
0.054033395 0.025359053 0.998216689 14.977013588 0.045342073 0.998583376 -0.027822722 -1.672565937 -0.997508347 0.046764571 0.052807231 87.858871460
0.058211327 0.023296213 0.998032033 15.751053810 0.042241402 0.998774230 -0.025777305 -1.698769093 -0.997409463 0.043658804 0.057156123 87.910087585
0.062314812 0.022194047 0.997809350 16.545513153 0.041634876 0.998824000 -0.024816774 -1.725052953 -0.997187018 0.043090127 0.061317705 87.963043213
0.066472173 0.023223333 0.997517586 17.336669922 0.039083701 0.998900592 -0.025859967 -1.752782941 -0.997021794 0.040705655 0.065491661 88.021125793
0.069567271 0.027252033 0.997204602 18.119533539 0.036962960 0.998869240 -0.029876139 -1.785031915 -0.996891499 0.038938042 0.068481505 88.079147339
0.070892483 0.032684833 0.996948004 18.904371262 0.031009808 0.998906970 -0.034954146 -1.816039085 -0.997001112 0.033393160 0.069801658 88.144302368
0.070882089 0.035845384 0.996840119 19.700395584 0.028500680 0.998872519 -0.037945058 -1.848864913 -0.997076750 0.031100255 0.069780774 88.201316833
0.071187027 0.035407584 0.996834040 20.499582291 0.026485294 0.998949468 -0.037374128 -1.886139035 -0.997110546 0.029062001 0.070174687 88.260833740
0.071366355 0.033865478 0.996874750 21.311195374 0.024003595 0.999074936 -0.035658639 -1.923475266 -0.997160494 0.026473409 0.070487656 88.322074890
0.071168810 0.032682069 0.996928334 22.133062363 0.025021266 0.999089301 -0.034539126 -1.961069822 -0.997149587 0.027402522 0.070286460 88.385620117
0.071628615 0.032187272 0.996911526 22.937995911 0.022515558 0.999171555 -0.033877995 -1.999575853 -0.997176409 0.024872655 0.070844777 88.447181702
0.071863621 0.032576706 0.996881962 23.742742538 0.020910183 0.999196827 -0.034159731 -2.039154291 -0.997194409 0.023299828 0.071124934 88.507415771
0.071964845 0.033206902 0.996853828 24.549945831 0.017830070 0.999242306 -0.034573648 -2.080791712 -0.997246861 0.020262064 0.071318455 88.570381165
0.070859477 0.034642547 0.996884167 25.357072830 0.015199113 0.999242425 -0.035804860 -2.119201422 -0.997369587 0.017688870 0.070279472 88.633651733
0.067951515 0.034394115 0.997095227 26.170232773 0.012435921 0.999297976 -0.035317592 -2.156482458 -0.997610211 0.014799682 0.067476302 88.699432373
0.063959338 0.033316337 0.997395813 26.976224899 0.010219478 0.999367535 -0.034037527 -2.192448378 -0.997899234 0.012369883 0.063578621 88.759056091
0.059013829 0.030967139 0.997776389 27.788452148 0.008471645 0.999466419 -0.031520646 -2.228756666 -0.998220265 0.010312961 0.058720212 88.816276550
0.052850664 0.028863259 0.998184860 28.583326340 0.006196388 0.999552727 -0.029230885 -2.270113468 -0.998582304 0.007730012 0.052648388 88.855964661
0.045514416 0.029069070 0.998540282 29.385673523 0.006003395 0.999549747 -0.029372092 -2.307463169 -0.998944759 0.007331485 0.045319617 88.893234253
0.036909405 0.030072914 0.998865664 30.181905746 0.005837897 0.999522746 -0.030308412 -2.343668699 -0.999300718 0.006949940 0.036716431 88.922065735
0.027037367 0.030633248 0.999164581 30.986516953 0.006913356 0.999499917 -0.030830601 -2.375543356 -0.999609709 0.007741158 0.026812267 88.944503784
0.016710028 0.029685635 0.999419212 31.790067673 0.008487097 0.999518156 -0.029830471 -2.409666777 -0.999823511 0.008980637 0.016450226 88.961013794
0.005819178 0.028611697 0.999573350 32.590671539 0.007780127 0.999558210 -0.028656555 -2.444864273 -0.999951959 0.007943566 0.005594197 88.968574524
-0.005073202 0.028113531 0.999591529 33.371307373 0.009718525 0.999558091 -0.028063264 -2.472383261 -0.999939024 0.009572187 -0.005343993 88.957557678
-0.016153451 0.028684454 0.999457657 34.152023315 0.010366509 0.999538660 -0.028519234 -2.500374556 -0.999814868 0.009900204 -0.016443171 88.946601868
-0.027144894 0.029195189 0.999204814 34.934944153 0.010590823 0.999524891 -0.028916830 -2.537562609 -0.999574542 0.009797459 -0.027441012 88.922973633
-0.037733097 0.030350670 0.998826563 35.705226898 0.010120367 0.999498188 -0.029988762 -2.571277857 -0.999235749 0.008976923 -0.038021136 88.894638062
-0.047829129 0.031263012 0.998365879 36.464187622 0.011196050 0.999463260 -0.030761005 -2.608525753 -0.998791993 0.009706483 -0.048153296 88.852012634
-0.057346758 0.031958718 0.997842371 37.232036591 0.012118533 0.999435365 -0.031313278 -2.643574953 -0.998280048 0.010296674 -0.057701487 88.806137085
-0.066856623 0.032439921 0.997234821 37.982421875 0.013087724 0.999413073 -0.031633355 -2.677525997 -0.997676015 0.010936638 -0.067241773 88.749671936
-0.076174788 0.032877047 0.996552050 38.723369598 0.013958910 0.999392688 -0.031903770 -2.712211609 -0.996995986 0.011480522 -0.076587282 88.690460205
-0.084685557 0.032449692 0.995878935 39.451969147 0.015259207 0.999393821 -0.031266648 -2.745693684 -0.996290088 0.012548494 -0.085129201 88.622879028
-0.092013471 0.031449277 0.995260775 40.184967041 0.017316140 0.999399722 -0.029979166 -2.777463913 -0.995606363 0.014475592 -0.092502654 88.552627563
-0.097160302 0.029748149 0.994823813 40.901889801 0.019998802 0.999408960 -0.027932065 -2.812327147 -0.995066941 0.017181400 -0.097697645 88.478096008
-0.100863427 0.028039999 0.994504869 41.600162506 0.022826377 0.999404073 -0.025863070 -2.845840216 -0.994637489 0.020092309 -0.101443216 88.400947571
-0.103508808 0.027143233 0.994257867 42.312442780 0.024595970 0.999390960 -0.024722768 -2.871338606 -0.994323432 0.021895718 -0.104113221 88.324844360
-0.105385222 0.026353640 0.994081974 43.001407623 0.024573773 0.999411762 -0.023889810 -2.900445700 -0.994126797 0.021910716 -0.105970681 88.255989075
-0.106103018 0.026790550 0.993993938 43.657543182 0.025459530 0.999381721 -0.024218109 -2.929155588 -0.994028151 0.022737009 -0.106719330 88.186531067
-0.105312444 0.027763033 0.994051337 44.314796448 0.026065713 0.999343157 -0.025149358 -2.959005117 -0.994096518 0.023262123 -0.105966769 88.119697571
-0.102212995 0.029493481 0.994324982 44.941295624 0.027177915 0.999269366 -0.026846349 -2.985888958 -0.994390190 0.024279641 -0.102939732 88.054893494
-0.097011887 0.030036643 0.994829595 45.557674408 0.027421385 0.999245107 -0.027495930 -3.012740612 -0.994904339 0.024612183 -0.097762138 87.998710632
-0.089125387 0.030737130 0.995545745 46.160968781 0.026694546 0.999237776 -0.028461311 -3.040774822 -0.995661616 0.024039026 -0.089877799 87.953819275
-0.078095503 0.030680807 0.996473432 46.751075745 0.025456687 0.999261200 -0.028771549 -3.069770336 -0.996619821 0.023119994 -0.078818671 87.919502258
-0.064403355 0.030794390 0.997448444 47.308528900 0.024445483 0.999271929 -0.029272284 -3.101735115 -0.997623444 0.022497887 -0.065109074 87.894081116
-0.047332428 0.032077275 0.998363733 47.851821899 0.023366654 0.999245703 -0.030997798 -3.131937027 -0.998604834 0.021861231 -0.048046086 87.883392334
-0.026241366 0.034714751 0.999052405 48.384719849 0.021594616 0.999182761 -0.034152064 -3.158622265 -0.999421358 0.020677967 -0.026969399 87.886581421
-0.001829930 0.037589416 0.999291360 48.889381409 0.019206159 0.999109685 -0.037547410 -3.187628508 -0.999812901 0.019123849 -0.002550080 87.905265808
0.026219448 0.039195728 0.998887300 49.408073425 0.016798694 0.999072075 -0.039643921 -3.217384815 -0.999514103 0.017819451 0.025536846 87.941619873
0.059243910 0.038295671 0.997508466 49.918872833 0.014077371 0.999131858 -0.039194074 -3.249388695 -0.998143315 0.016364316 0.058653533 87.993789673
0.097268917 0.035698209 0.994617522 50.424358368 0.012794012 0.999228477 -0.037114900 -3.277253389 -0.995174944 0.016335281 0.096737303 88.063491821
0.139097735 0.031878036 0.989765286 50.923439026 0.010338601 0.999379873 -0.033640653 -3.305334330 -0.990223765 0.014912131 0.138682067 88.160614014
0.184867367 0.027373604 0.982381999 51.412242889 0.007610932 0.999541521 -0.029284002 -3.334027529 -0.982733071 0.012890503 0.184574410 88.273788452
0.232885763 0.024234563 0.972201884 51.893802643 0.002722895 0.999668658 -0.025571505 -3.358726025 -0.972499371 0.008602446 0.232742742 88.423973083
0.284173667 0.022842530 0.958500445 52.359062195 -0.001445678 0.999724627 -0.023396362 -3.380176783 -0.958770752 0.005262950 0.284128547 88.597373962
0.338386118 0.022789825 0.940731108 52.802764893 -0.002792116 0.999726057 -0.023214681 -3.396154881 -0.941002190 0.005228900 0.338357151 88.795768738
0.395738453 0.023032803 0.918074131 53.236297607 -0.001598124 0.999700606 -0.024391793 -3.419335604 -0.918360829 0.008185578 0.395656884 89.020439148
0.455291927 0.026185151 0.889956832 53.642929077 -0.001141400 0.999583125 -0.028826762 -3.440523863 -0.890340447 0.012108797 0.455132127 89.266357422
0.514331639 0.028818652 0.857106745 54.032733917 -0.000113022 0.999436796 -0.033536430 -3.465121984 -0.857590377 0.017151976 0.514045358 89.542098999
0.571978986 0.032926943 0.819606900 54.397617340 -0.004552673 0.999305308 -0.036969002 -3.483427048 -0.820254683 0.017414089 0.571731687 89.846382141
0.627940714 0.035722345 0.777440727 54.739597321 -0.008549630 0.999201655 -0.039006419 -3.500442266 -0.778213322 0.017846888 0.627744913 90.168220520
0.680824757 0.036540184 0.731534123 55.057041168 -0.010379902 0.999135137 -0.040246516 -3.515817404 -0.732371867 0.019807573 0.680615366 90.510124207
0.729319394 0.034439612 0.683305860 55.336208344 -0.010941280 0.999190986 -0.038682640 -3.535785437 -0.684085071 0.020735757 0.729106247 90.862823486
0.774314106 0.030342683 0.632073462 55.599163055 -0.012567114 0.999389410 -0.032580510 -3.556976557 -0.632675886 0.017284205 0.774222732 91.246612549
0.815403938 0.025569543 0.578327298 55.843051910 -0.013386948 0.999589026 -0.025320051 -3.569255829 -0.578736901 0.012904028 0.815411270 91.652961731
0.851370692 0.023111993 0.524054945 56.052188873 -0.015661297 0.999702752 -0.018646073 -3.581506014 -0.524329960 0.007667337 0.851479769 92.075965881
0.882095337 0.019676669 0.470659524 56.241207123 -0.016366607 0.999803424 -0.011124616 -3.592607260 -0.470785797 0.002109871 0.882244170 92.516052246
0.907214046 0.020237416 0.420182079 56.394203186 -0.019862399 0.999788046 -0.005268427 -3.607514858 -0.420199543 -0.003566236 0.907423913 92.952384949
0.927024186 0.021960076 0.374357820 56.535129547 -0.023175359 0.999729753 -0.001255603 -3.621484518 -0.374284148 -0.007511904 0.927282870 93.404685974
0.941953421 0.027941192 0.334578693 56.649215698 -0.030268721 0.999539435 0.001743634 -3.632270336 -0.334375799 -0.011769693 0.942365587 93.860786438
0.953514338 0.032506309 0.299589276 56.751827240 -0.034380939 0.999407470 0.000986843 -3.635131121 -0.299379617 -0.011241132 0.954067111 94.316375732
0.962601244 0.034313478 0.268740475 56.856845856 -0.035998661 0.999350071 0.001343871 -3.636922598 -0.268519640 -0.010967910 0.963211060 94.780052185
0.968694508 0.028591188 0.246604145 56.973636627 -0.029977638 0.999547958 0.001868916 -3.642489195 -0.246439174 -0.009203020 0.969113886 95.250946045
0.972616136 0.025859609 0.230974466 57.081142426 -0.027213050 0.999625206 0.002675228 -3.650526762 -0.230818644 -0.008887491 0.972955525 95.733451843
0.975412190 0.030259885 0.218301311 57.173500061 -0.031545293 0.999498546 0.002404599 -3.654021502 -0.218119010 -0.009231856 0.975877762 96.225761414
0.977323771 0.035750333 0.208711147 57.261573792 -0.037169006 0.999303997 0.002878028 -3.653350353 -0.208462894 -0.010570353 0.977972448 96.722007751
0.978264570 0.043551825 0.202735931 57.347282410 -0.044801056 0.998993814 0.001574759 -3.655025959 -0.202463269 -0.010623316 0.979231536 97.236381531
0.978592694 0.049367864 0.199798360 57.440616608 -0.049966641 0.998747945 -0.002047467 -3.659468174 -0.199649170 -0.007979617 0.979834318 97.762145996
0.978710413 0.050650578 0.198898509 57.543998718 -0.050776444 0.998699129 -0.004470984 -3.670851231 -0.198866129 -0.005723561 0.980009317 98.287635803
0.978293240 0.049223103 0.201294869 57.658672333 -0.048599854 0.998785079 -0.008040017 -3.679816484 -0.201445982 -0.001917407 0.979497135 98.818595886
0.977619231 0.047635149 0.204918742 57.780826569 -0.045619234 0.998851955 -0.014553297 -3.685565233 -0.205376670 0.004879349 0.978670239 99.361808777
0.976712108 0.048236404 0.209061950 57.897766113 -0.045193579 0.998790681 -0.019309938 -3.693619728 -0.209740520 0.009411996 0.977711141 99.914016724
0.975528002 0.052962836 0.213401556 58.015518188 -0.050096732 0.998566151 -0.018819652 -3.708133698 -0.214092255 0.007668381 0.976782739 100.490020752
0.974101424 0.055919811 0.219087943 58.140045166 -0.053963795 0.998430669 -0.014906629 -3.720510721 -0.219577670 0.002697754 0.975590706 101.081306458
0.973212421 0.052768871 0.223770320 58.279392242 -0.051752482 0.998604774 -0.010408469 -3.732263327 -0.224007323 -0.001451018 0.974585831 101.682899475
0.972557664 0.048279151 0.227597773 58.427150726 -0.048442855 0.998813152 -0.004869977 -3.744162321 -0.227562740 -0.006289155 0.973742604 102.290527344
0.971793711 0.045701433 0.231362224 58.573722839 -0.046897374 0.998898685 -0.000330863 -3.753655910 -0.231122524 -0.010528754 0.972867191 102.912117004
0.971287131 0.041087504 0.234335616 58.726692200 -0.042326558 0.999102831 0.000258529 -3.760672092 -0.234114721 -0.010169731 0.972155273 103.541625977
0.971394598 0.037652321 0.234467119 58.889427185 -0.038052291 0.999270737 -0.002819558 -3.769196033 -0.234402269 -0.006183110 0.972119451 104.183113098
0.971527874 0.036894560 0.234035000 59.047828674 -0.035587661 0.999317408 -0.009806202 -3.780718803 -0.234237030 0.001198242 0.972178161 104.834136963
0.971641660 0.039241008 0.233179197 59.200698853 -0.036406688 0.999200642 -0.016448339 -3.791009665 -0.233638227 0.007492615 0.972294092 105.491683960
0.972152889 0.042169347 0.230522171 59.349903107 -0.038541656 0.999051392 -0.020219261 -3.800087929 -0.231156096 0.010771513 0.972856402 106.159362793
0.972785950 0.040529713 0.228133455 59.512004852 -0.037883341 0.999153495 -0.015968964 -3.811970472 -0.228587538 0.006891930 0.973498344 106.853424072
0.973217905 0.036566079 0.226958036 59.671642303 -0.035580203 0.999330163 -0.008434724 -3.827738762 -0.227114409 0.000133611 0.973867476 107.554649353
0.973786712 0.036899693 0.224450111 59.832050323 -0.037292335 0.999300241 -0.002491077 -3.844649553 -0.224384934 -0.005944494 0.974481881 108.269309998
0.974041522 0.040227816 0.222766295 59.984725952 -0.040566105 0.999171078 -0.003058956 -3.859525919 -0.222704679 -0.006057212 0.974866569 108.993362427
0.974263191 0.046118639 0.220645189 60.133113861 -0.045554906 0.998931468 -0.007645423 -3.869228363 -0.220761985 -0.002602816 0.975323617 109.723144531
0.975091159 0.047042351 0.216758400 60.288696289 -0.045320928 0.998887897 -0.012908558 -3.879594803 -0.217124581 0.002763334 0.976139367 110.464035034
0.976017892 0.045776736 0.212822989 60.449077606 -0.043424677 0.998931885 -0.015715543 -3.889873266 -0.213315070 0.006096889 0.976963818 111.214012146
0.976917803 0.043724481 0.209093034 60.606956482 -0.041678749 0.999029219 -0.014182078 -3.905590534 -0.209510148 0.005139994 0.977792323 111.981895447
0.977780819 0.040090319 0.205761090 60.768894196 -0.038411792 0.999186993 -0.012147403 -3.922166348 -0.206080765 0.003973851 0.978526294 112.762474060
0.978182137 0.038963981 0.204063207 60.928138733 -0.037850961 0.999238431 -0.009356057 -3.941549301 -0.204272315 0.001427944 0.978912413 113.552009583
0.978569329 0.035704315 0.202799514 61.095478058 -0.035008382 0.999361277 -0.007018906 -3.955869436 -0.202920541 -0.000231194 0.979194522 114.336959839
0.978815913 0.030455625 0.202465728 61.263492584 -0.029894544 0.999535024 -0.005829416 -3.966209650 -0.202549085 -0.000346694 0.979271352 115.137481689
0.978922725 0.031434301 0.201798379 61.420703888 -0.031213099 0.999502540 -0.004279017 -3.979689837 -0.201832458 -0.002109924 0.979417086 115.930763245
0.978623569 0.036992487 0.202306315 61.570919037 -0.036477391 0.999313712 -0.006275204 -3.993878126 -0.202399567 -0.001238540 0.979301512 116.738311768
0.978284061 0.042779054 0.202807099 61.728378296 -0.041701615 0.999083102 -0.009584744 -4.008638859 -0.203031123 0.000919223 0.979171157 117.549125671
0.977665961 0.051668003 0.203715950 61.883430481 -0.050443370 0.998663068 -0.011202892 -4.023773670 -0.204022378 0.000676572 0.978965342 118.374732971
0.976747751 0.057430327 0.206557781 62.045337677 -0.056476314 0.998347521 -0.010516962 -4.040060520 -0.206820399 -0.001393198 0.978377283 119.188385010
0.975942254 0.060221892 0.209548399 62.206974030 -0.059767548 0.998175025 -0.008505749 -4.061083794 -0.209678173 -0.004223069 0.977760673 120.017311096
0.975362659 0.060745608 0.212080643 62.387096405 -0.060158350 0.998145163 -0.009226616 -4.082120419 -0.212247729 -0.003759119 0.977207959 120.858116150
0.975068808 0.059256889 0.213845968 62.567733765 -0.058043949 0.998241425 -0.011952061 -4.100043297 -0.214178145 -0.000758377 0.976793587 121.682815552
0.975061834 0.053328015 0.215432495 62.751434326 -0.052249320 0.998575687 -0.010703130 -4.119376659 -0.215696409 -0.000819982 0.976459384 122.529785156
0.975325525 0.046860754 0.215742409 62.933792114 -0.045309216 0.998898327 -0.012134599 -4.141447544 -0.216073349 0.002060069 0.976374209 123.356773376
0.975085735 0.046189800 0.216967419 63.117027283 -0.044608995 0.998929262 -0.012180638 -4.166277409 -0.217297688 0.002198474 0.976102173 124.188262939
0.974506259 0.048881270 0.218971968 63.297584534 -0.048032295 0.998802364 -0.009202143 -4.184979916 -0.219159514 -0.001550174 0.975687087 125.040023804
0.974069118 0.050925065 0.220446184 63.470516205 -0.051393192 0.998670876 -0.003615018 -4.199457645 -0.220337272 -0.007808150 0.975391746 125.873077393
0.973688960 0.054336935 0.221309394 63.644569397 -0.055869576 0.998436749 0.000666631 -4.217565536 -0.220927194 -0.013013547 0.975202739 126.686943054
0.973486841 0.053723533 0.222345889 63.828403473 -0.053781796 0.998534799 -0.005797313 -4.234540462 -0.222331539 -0.006314546 0.974949956 127.518569946
0.973801255 0.049691632 0.221906111 64.013671875 -0.046411369 0.998721600 -0.019975662 -4.257155418 -0.222615033 0.009153369 0.974862754 128.324020386
