1.000000000 0.000000000 0.000000000 0.000000000 0.000000000 1.000000000 0.000000000 0.000000000 0.000000000 0.000000000 1.000000000 0.000000000
0.999991059 -0.002623059 -0.003323202 -0.002455790 0.002616017 0.999994338 -0.002121585 -0.004989471 0.003328749 0.002112873 0.999992251 0.670814276
0.999971449 -0.001374514 -0.007434402 -0.011616077 0.001347744 0.999992609 -0.003604575 -0.011056159 0.007439301 0.003594452 0.999965906 1.352789521
0.999935031 -0.001331941 -0.011318570 -0.027064890 0.001274326 0.999986172 -0.005095982 -0.015299538 0.011325202 0.005081228 0.999922991 2.058280706
0.999870121 0.000118926 -0.016116969 -0.046916738 -0.000210661 0.999983728 -0.005690221 -0.022514939 0.016116031 0.005692877 0.999853969 2.782616854
0.999785960 -0.000930692 -0.020667415 -0.061838925 0.000806167 0.999981463 -0.006032664 -0.028483193 0.020672645 0.006014711 0.999768257 3.521713734
0.999679446 0.000985659 -0.025297403 -0.083778843 -0.001167390 0.999973536 -0.007169990 -0.040892888 0.025289666 0.007197223 0.999654293 4.277858734
0.999536395 0.003820140 -0.030206073 -0.113384441 -0.004056767 0.999961495 -0.007776362 -0.049687080 0.030175200 0.007895296 0.999513507 5.035289288
0.999394655 0.003906795 -0.034570135 -0.145214424 -0.004123149 0.999972284 -0.006189289 -0.057769053 0.034544997 0.006328078 0.999383152 5.810266495
0.999228060 0.003196260 -0.039154220 -0.176064178 -0.003337443 0.999988019 -0.003540969 -0.065999791 0.039142437 0.003668908 0.999226987 6.608612537
0.999086261 0.002872191 -0.042641923 -0.214677930 -0.002913317 0.999995232 -0.000902326 -0.079056904 0.042639136 0.001025729 0.999090075 7.421150208
0.998968840 0.004537011 -0.045173254 -0.260416687 -0.004606227 0.999988258 -0.001428268 -0.092361920 0.045166247 0.001634871 0.998978198 8.231548309
0.998863220 0.004011468 -0.047498204 -0.300546527 -0.004091094 0.999990284 -0.001579307 -0.102058098 0.047491409 0.001771830 0.998870075 9.054036140
0.998784542 0.001046102 -0.049277090 -0.338520616 -0.001153560 0.999996960 -0.002152294 -0.108883306 0.049274687 0.002206520 0.998782873 9.890650749
0.998669386 0.001148366 -0.051555291 -0.380547136 -0.001215140 0.999998391 -0.001263855 -0.119874969 0.051553752 0.001324819 0.998669386 10.723803520
0.998586416 -0.000233304 -0.053149477 -0.423757851 0.000155171 0.999998868 -0.001474185 -0.131114095 0.053149756 0.001463852 0.998585522 11.569373131
0.998485863 0.002228980 -0.054961182 -0.475192189 -0.002437570 0.999990046 -0.003728480 -0.145201311 0.054952320 0.003856806 0.998481572 12.424314499
0.998400509 0.002865371 -0.056461155 -0.525815487 -0.003232336 0.999974191 -0.006409159 -0.154375166 0.056441329 0.006581409 0.998384297 13.283757210
0.998282373 0.006999237 -0.058163576 -0.584918678 -0.007489434 0.999938190 -0.008214167 -0.163280591 0.058102485 0.008635671 0.998273313 14.156148911
0.998216391 0.007879429 -0.059174944 -0.642260611 -0.008365225 0.999933243 -0.007966212 -0.176456153 0.059108220 0.008447016 0.998215914 15.044535637
0.998141408 0.007406265 -0.060487263 -0.697501123 -0.007818898 0.999947727 -0.006587936 -0.189546108 0.060435303 0.007048635 0.998147309 15.918561935
0.998040020 0.008425447 -0.062007751 -0.756158412 -0.008759367 0.999948561 -0.005115241 -0.204496145 0.061961461 0.005648364 0.998062611 16.813808441
0.997996867 0.008137018 -0.062736712 -0.822113991 -0.008467627 0.999951601 -0.005005684 -0.215345830 0.062692940 0.005526887 0.998017609 17.710802078
0.997880578 0.008013153 -0.064576276 -0.882037759 -0.008406116 0.999947727 -0.005815837 -0.232550740 0.064526290 0.006346345 0.997895896 18.616706848
0.997817397 0.006367535 -0.065725952 -0.942464828 -0.006817084 0.999954820 -0.006617717 -0.245307386 0.065680832 0.007051332 0.997815788 19.516237259
0.997770071 0.006478649 -0.066430472 -0.999188304 -0.006824410 0.999964297 -0.004979216 -0.255632609 0.066395834 0.005421461 0.997778654 20.442041397
0.997755408 0.007788490 -0.066509858 -1.062624216 -0.007902423 0.999967754 -0.001450091 -0.271980792 0.066496409 0.001972425 0.997784674 21.349920273
0.997799098 0.008764491 -0.065729097 -1.126432776 -0.008631824 0.999960124 0.002302134 -0.284568161 0.065746643 -0.001729705 0.997834802 22.278018951
0.997903526 0.007538174 -0.064279184 -1.183168650 -0.007219012 0.999960482 0.005196055 -0.290726244 0.064315803 -0.004721129 0.997918367 23.201477051
0.997993290 0.007821002 -0.062835358 -1.244775414 -0.007464338 0.999954700 0.005908925 -0.298290074 0.062878720 -0.005428042 0.998006344 24.144636154
0.998079360 0.008097107 -0.061417133 -1.305817485 -0.007911291 0.999963403 0.003268056 -0.310357302 0.061441336 -0.002775890 0.998106778 25.079565048
0.998140037 0.009151908 -0.060272429 -1.377682805 -0.009260965 0.999955952 -0.001530275 -0.324118078 0.060255758 0.002085610 0.998180747 26.011569977
0.998216569 0.008490426 -0.059089877 -1.435411096 -0.008768822 0.999951661 -0.004453672 -0.338921487 0.059049193 0.004963878 0.998242676 26.949161530
0.998273194 0.005821149 -0.058452651 -1.489027500 -0.006033013 0.999975860 -0.003448679 -0.349575460 0.058431156 0.003795370 0.998284161 27.897903442
0.998269975 0.004177817 -0.058648307 -1.550014257 -0.004088476 0.999990344 0.001643281 -0.365999341 0.058654595 -0.001400655 0.998277247 28.876737595
0.998233020 0.000442769 -0.059418771 -1.609296918 -0.000137295 0.999986768 0.005145047 -0.380670130 0.059420250 -0.005127796 0.998219788 29.851505280
0.998145640 -0.006696770 -0.060500912 -1.659489155 0.006993451 0.999964476 0.004693352 -0.394173563 0.060467321 -0.005107757 0.998156965 30.793283463
0.998041987 -0.008647325 -0.061946407 -1.718008161 0.008715462 0.999961615 0.000829832 -0.402749598 0.061936840 -0.001368097 0.998078942 31.766214371
0.997951150 -0.008452362 -0.063418403 -1.778248787 0.008267299 0.999960721 -0.003179949 -0.412387222 0.063442774 0.002649136 0.997981787 32.739280701
0.997821867 -0.007219190 -0.065568574 -1.847869992 0.006997699 0.999968946 -0.003607013 -0.427910715 0.065592565 0.003140328 0.997841418 33.717758179
0.997782528 -0.007215785 -0.066164613 -1.914854527 0.007095837 0.999972641 -0.002047671 -0.445696831 0.066177562 0.001573638 0.997806489 34.700607300
0.997702003 -0.004325579 -0.067615375 -1.987322092 0.004397432 0.999989808 0.000913895 -0.462308645 0.067610718 -0.001209129 0.997710943 35.687328339
0.997634590 -0.004552433 -0.068588071 -2.060166359 0.004712634 0.999986470 0.002174103 -0.472082436 0.068577223 -0.002492191 0.997642636 36.684726715
0.997568429 -0.003525139 -0.069602892 -2.135001183 0.003868065 0.999980927 0.004792765 -0.480080068 0.069584645 -0.005050340 0.997563183 37.663242340
0.997593164 -0.003806078 -0.069232382 -2.212006569 0.004355531 0.999960065 0.007787172 -0.485078812 0.069199950 -0.008069974 0.997570097 38.651622772
0.997551501 0.001732640 -0.069912657 -2.290990114 -0.001025922 0.999947906 0.010143256 -0.487300843 0.069926560 -0.010046696 0.997501493 39.623180389
0.997563839 0.001845856 -0.069732837 -2.375940800 -0.001194347 0.999955118 0.009383501 -0.488553762 0.069747001 -0.009277358 0.997521520 40.620532990
0.997568786 0.001979935 -0.069657795 -2.444428682 -0.001447889 0.999969244 0.007687674 -0.490144640 0.069670841 -0.007568128 0.997541308 41.610023499
0.997562826 0.004263404 -0.069640480 -2.523342609 -0.003883717 0.999976695 0.005586609 -0.498091042 0.069662645 -0.005302531 0.997556508 42.586799622
0.997515202 0.004018448 -0.070333503 -2.601321936 -0.003632106 0.999977410 0.005620061 -0.503719091 0.070354469 -0.005350639 0.997507691 43.575366974
0.997427166 0.001851985 -0.071660221 -2.673001289 -0.001354754 0.999974430 0.006986728 -0.510847211 0.071671300 -0.006871672 0.997404575 44.553997040
0.997370720 0.002539660 -0.072420992 -2.748380661 -0.001970200 0.999966323 0.007933565 -0.517892540 0.072438680 -0.007770023 0.997342587 45.543407440
0.997349381 0.005045714 -0.072583035 -2.825065613 -0.004743340 0.999979079 0.004337682 -0.528788805 0.072603375 -0.003981899 0.997352898 46.508991241
0.997282445 0.005725677 -0.073447801 -2.904258966 -0.005723160 0.999983311 0.000244743 -0.538980603 0.073447950 0.000176277 0.997298956 47.468757629
0.997221768 0.006581066 -0.074196905 -2.979326010 -0.006673998 0.999976933 -0.001004614 -0.551249504 0.074188560 0.001497014 0.997242987 48.431137085
0.997222662 0.005196112 -0.074294344 -3.052819490 -0.005022944 0.999983907 0.002517509 -0.566718340 0.074306212 -0.002137341 0.997233033 49.408756256
0.997211635 0.003296904 -0.074550450 -3.123762608 -0.002871989 0.999978721 0.005806204 -0.581442058 0.074567989 -0.005575907 0.997200191 50.382984161
0.997175217 0.001441189 -0.075094491 -3.194263220 -0.000951179 0.999977708 0.006560616 -0.593512058 0.075102255 -0.006470656 0.997154713 51.345359802
0.997154117 -0.001335565 -0.075375736 -3.266538620 0.001745467 0.999983728 0.005372533 -0.606167138 0.075367324 -0.005488810 0.997140586 52.300128937
0.997122169 -0.003740260 -0.075716250 -3.337680578 0.004061318 0.999983072 0.004086783 -0.618742824 0.075699672 -0.004382530 0.997120857 53.250907898
0.997035086 -0.005314956 -0.076761566 -3.411425591 0.005731714 0.999969721 0.005209988 -0.627371013 0.076731548 -0.005634517 0.997035682 54.197746277
0.996938646 -0.008256197 -0.077747464 -3.484898806 0.009008504 0.999915600 0.009330552 -0.636001170 0.077663876 -0.010002379 0.996929169 55.143981934
0.996873498 -0.009051024 -0.078491203 -3.554676294 0.010214629 0.999843359 0.014435857 -0.642594457 0.078348257 -0.015192484 0.996810079 56.083766937
0.996836960 -0.007358254 -0.079128735 -3.631287336 0.008707209 0.999822080 0.016716115 -0.648381114 0.078991666 -0.017352238 0.996724010 57.024009705
0.996734440 -0.006106339 -0.080514356 -3.710747004 0.007148718 0.999893963 0.012664637 -0.650415897 0.080428489 -0.013198857 0.996672750 57.950389862
0.996625006 -0.004584196 -0.081956923 -3.789083719 0.005009402 0.999974728 0.004983327 -0.657400548 0.081932008 -0.005377064 0.996623218 58.866764069
0.996557236 -0.003338211 -0.082836479 -3.869526386 0.003361580 0.999994040 0.000142682 -0.662266493 0.082835495 -0.000420651 0.996562958 59.776298523
0.996475041 0.001437641 -0.083874501 -3.954970598 -0.001351546 0.999998212 0.001083284 -0.674735248 0.083875895 -0.000966104 0.996475518 60.677093506
0.996363342 0.004047594 -0.085106991 -4.039666653 -0.003764737 0.999986529 0.003483810 -0.688970208 0.085119933 -0.003150734 0.996365488 61.551097870
0.996275127 0.006657352 -0.085970692 -4.123209476 -0.006243151 0.999967277 0.005085927 -0.704032362 0.086001724 -0.004530255 0.996284425 62.449710846
0.996172428 0.007563007 -0.087078169 -4.200992107 -0.007169720 0.999962330 0.004828384 -0.715117872 0.087111399 -0.004185577 0.996189535 63.310585022
0.996007979 0.009052833 -0.088800222 -4.280059338 -0.008587703 0.999947011 0.005618623 -0.724859178 0.088846371 -0.004833605 0.996033370 64.168388367
0.995876372 0.009900952 -0.090175390 -4.360008717 -0.009368926 0.999935806 0.006321310 -0.737554312 0.090232179 -0.005450397 0.995905578 65.004554749
0.995754004 0.010032672 -0.091502063 -4.439149380 -0.009450172 0.999931931 0.006797047 -0.747382581 0.091564015 -0.005903477 0.995781422 65.819213867
0.995636225 0.009855303 -0.092793494 -4.516014576 -0.009161134 0.999926448 0.007903825 -0.755492926 0.092864558 -0.007019242 0.995653749 66.622032166
0.995474398 0.012588271 -0.094188668 -4.597995281 -0.011639594 0.999875605 0.010614743 -0.762082815 0.094310567 -0.009470388 0.995497525 67.411399841
0.995326281 0.014195945 -0.095515519 -4.679327965 -0.012845607 0.999808550 0.014737474 -0.769486666 0.095706441 -0.013441644 0.995318592 68.195144653
0.995114386 0.017372206 -0.097183689 -4.759140015 -0.015843285 0.999738276 0.016481992 -0.775259972 0.097444586 -0.014861762 0.995129704 68.958282471
0.994937658 0.020072181 -0.098464549 -4.841415405 -0.018930307 0.999742091 0.012517525 -0.783255219 0.098690420 -0.010590195 0.995061576 69.702896118
0.994804084 0.020242192 -0.099770650 -4.920709610 -0.019820593 0.999789596 0.005215255 -0.790944874 0.099855244 -0.003210641 0.994996488 70.430534363
0.994655788 0.019412953 -0.101400606 -4.990211964 -0.019567082 0.999808073 -0.000525467 -0.797408044 0.101370960 0.002506778 0.994845212 71.128952026
0.994597077 0.020424308 -0.101777129 -5.066138268 -0.020705439 0.999783814 -0.001706432 -0.803973436 0.101720288 0.003804558 0.994805455 71.823402405
0.994450092 0.023187963 -0.102617726 -5.140129566 -0.023117539 0.999730647 0.001875686 -0.816720068 0.102633595 0.000506998 0.994718790 72.491493225
0.994311273 0.023536699 -0.103875399 -5.215071678 -0.023222553 0.999720991 0.004232799 -0.833219469 0.103946067 -0.001796465 0.994580984 73.145217896
0.994284272 0.020386079 -0.104795657 -5.283323288 -0.020396374 0.999791145 0.000973548 -0.844499171 0.104793638 0.001169473 0.994493008 73.780342102
0.994419336 0.012261845 -0.104780197 -5.339328289 -0.012761033 0.999909818 -0.004095051 -0.856945992 0.104720563 0.005409308 0.994486630 74.392745972
0.994556189 0.008266973 -0.103868768 -5.394034386 -0.009236957 0.999917686 -0.008860992 -0.868756890 0.103786997 0.009772196 0.994551182 74.984512329
0.994847238 0.010781317 -0.100806393 -5.453990936 -0.011757134 0.999889135 -0.009090986 -0.879333556 0.100697234 0.010229346 0.994864166 75.559936523
0.995189667 0.015969889 -0.096652545 -5.517910004 -0.016640855 0.999842286 -0.006139871 -0.892226338 0.096539274 0.007718724 0.995298922 76.123664856
0.995648205 0.014601235 -0.092036590 -5.565609455 -0.014944164 0.999883354 -0.003037886 -0.904393792 0.091981530 0.004400081 0.995750666 76.679885864
0.996209502 0.011002275 -0.086283349 -5.602735043 -0.010944324 0.999939084 0.001144683 -0.916458189 0.086290717 -0.000196028 0.996269643 77.225044250
0.996920586 0.006807024 -0.078117341 -5.633310318 -0.006469601 0.999968290 0.004571734 -0.931073129 0.078146011 -0.004052265 0.996933281 77.750999451
0.997669160 0.010499765 -0.067418866 -5.668679714 -0.010229404 0.999937832 0.004354194 -0.939571857 0.067460425 -0.003654388 0.997714818 78.263526917
0.998504341 0.015697192 -0.052364234 -5.697470665 -0.015515605 0.999871731 0.003872558 -0.947634161 0.052418329 -0.003054300 0.998620093 78.764160156
0.999188066 0.020972366 -0.034390621 -5.712799549 -0.020838408 0.999773443 0.004249030 -0.952991784 0.034471966 -0.003528931 0.999399006 79.251068115
0.999731123 0.019552357 -0.012436841 -5.703599930 -0.019495994 0.999798834 0.004637149 -0.958078742 0.012525026 -0.004393431 0.999911427 79.729072571
0.999774337 0.016138308 0.013792700 -5.676968098 -0.016212771 0.999854088 0.005304104 -0.963868916 -0.013705077 -0.005526522 0.999890387 80.192779541
0.998959899 0.014954261 0.043068163 -5.632731915 -0.015255675 0.999860883 0.006678369 -0.972620308 -0.042962298 -0.007328455 0.999049425 80.644317627
0.997011781 0.014531398 0.075865828 -5.573641777 -0.015169858 0.999853730 0.007846141 -0.978917658 -0.075740717 -0.008973569 0.997086823 81.095748901
0.993428767 0.014729046 0.113497451 -5.500542164 -0.015742743 0.999843299 0.008040314 -0.981686890 -0.113361254 -0.009774240 0.993505418 81.545013428
0.987794697 0.015072757 0.155028433 -5.406968117 -0.016461710 0.999834597 0.007679398 -0.984854758 -0.154887080 -0.010137701 0.987879872 81.974449158
0.979700923 0.014776113 0.199917644 -5.290045261 -0.016579553 0.999835134 0.007349664 -0.991773665 -0.199776128 -0.010515017 0.979784906 82.394058228
0.968379021 0.017040733 0.248899490 -5.158638000 -0.018884946 0.999808669 0.005023366 -1.001931667 -0.248766333 -0.009564974 0.968516052 82.799964905
0.953135669 0.017757811 0.302020341 -5.003041744 -0.019243294 0.999812543 0.001943540 -1.012610078 -0.301929325 -0.007664321 0.953299284 83.189300537
0.933587611 0.018268703 0.357882351 -4.826158524 -0.019285385 0.999813318 -0.000728445 -1.017377973 -0.357829034 -0.006221829 0.933766186 83.557868958
0.909806609 0.018701021 0.414610296 -4.622605324 -0.019293115 0.999809623 -0.002760325 -1.026343703 -0.414583206 -0.005487760 0.909994662 83.906158447
0.880910635 0.018649315 0.472914577 -4.411438942 -0.018764755 0.999813497 -0.004473887 -1.039989233 -0.472910047 -0.004933030 0.881096661 84.232231140
0.847604334 0.017310586 0.530345917 -4.172484875 -0.016056946 0.999846399 -0.006972788 -1.049498558 -0.530385375 -0.002605567 0.847752392 84.541465759
0.811047852 0.017000807 0.584732413 -3.911547184 -0.014884674 0.999853373 -0.008424592 -1.061503649 -0.584790111 -0.001870801 0.811182201 84.831802368
0.771628201 0.015729388 0.635878980 -3.634216785 -0.013913223 0.999871969 -0.007849828 -1.072556853 -0.635921299 -0.002789973 0.771748543 85.099617004
0.729388714 0.015215913 0.683929920 -3.345529079 -0.015133758 0.999866426 -0.006105143 -1.081560850 -0.683931708 -0.005897406 0.729521811 85.345916748
0.684324980 0.014269986 0.729037106 -3.042516470 -0.014241956 0.999878883 -0.006202883 -1.088475108 -0.729037642 -0.006138125 0.684445679 85.576347351
0.638307035 0.013162546 0.769668937 -2.723131180 -0.010701993 0.999908447 -0.008224554 -1.094274998 -0.769707084 -0.002987198 0.638389766 85.778404236
0.591782629 0.010902813 0.806023479 -2.397721291 -0.004942348 0.999938369 -0.009897161 -1.100411892 -0.806082129 0.001873323 0.591800213 85.958694458
0.545227110 0.013009181 0.838186979 -2.066023111 -0.006664154 0.999914825 -0.011184371 -1.110635042 -0.838261545 0.000512218 0.545267582 86.130485535
0.497877419 0.016111404 0.867097318 -1.728359222 -0.010296298 0.999866366 -0.012666347 -1.118720055 -0.867186010 -0.002621604 0.497976959 86.294128418
0.452427566 0.018293230 0.891613126 -1.388119578 -0.011082673 0.999827325 -0.014889825 -1.130030155 -0.891731977 -0.003144889 0.452552378 86.433448792
0.410356849 0.015886432 0.911786258 -1.036311507 -0.003586775 0.999868214 -0.015806861 -1.137934804 -0.911917686 0.003216085 0.410359949 86.545867920
0.371112108 0.008711243 0.928546846 -0.670306683 0.011992781 0.999827206 -0.014173116 -1.140311003 -0.928510368 0.016395686 0.370943695 86.635948181
0.335920423 0.005213965 0.941875577 -0.307378381 0.016442021 0.999799430 -0.011398668 -1.146287680 -0.941746593 0.019315399 0.335767508 86.727165222
0.302734226 0.009385899 0.953028440 0.053682804 0.014013164 0.999799192 -0.014297869 -1.154963851 -0.952971756 0.017683413 0.302542061 86.823936462
0.271400034 0.016889835 0.962318063 0.415725470 0.003129988 0.999824822 -0.018430863 -1.172786355 -0.962461352 0.008014190 0.271299779 86.925765991
0.243059695 0.021159906 0.969780147 0.796010315 -0.001533134 0.999768734 -0.021429976 -1.193824172 -0.970009923 0.003721968 0.243036076 87.012565613
0.217467085 0.022833388 0.975800216 1.186883211 -0.000309574 0.999727488 -0.023324283 -1.212371707 -0.976067364 0.004770190 0.217415035 87.080078125
0.194193259 0.024302673 0.980661869 1.587954283 0.006924802 0.999633729 -0.026144097 -1.225092173 -0.980938613 0.011867909 0.193953991 87.133987427
0.174197897 0.030712381 0.984231234 1.996873617 0.013868609 0.999337316 -0.033638343 -1.227036238 -0.984612703 0.019509666 0.173656672 87.180740356
0.154417112 0.037459627 0.987294972 2.415173531 0.015825937 0.999058485 -0.040381193 -1.232056022 -0.987878621 0.021860436 0.153679028 87.232597351
0.136732131 0.038317882 0.989866316 2.849856377 0.013295354 0.999090075 -0.040511448 -1.248802185 -0.990518451 0.018699860 0.136098400 87.288864136
0.121260792 0.033885084 0.992041767 3.304106474 0.011217510 0.999305964 -0.035504367 -1.277277708 -0.992556930 0.015433544 0.120796673 87.340530396
0.106847048 0.030636232 0.993803024 3.768990517 0.011479690 0.999419868 -0.032043613 -1.300980091 -0.994208813 0.014832332 0.106433511 87.381629944
0.093665853 0.028173666 0.995204628 4.254078865 0.013894095 0.999464512 -0.029601945 -1.322107553 -0.995506406 0.016600177 0.093224376 87.416557312
0.082048118 0.027435640 0.996250331 4.750354290 0.017531088 0.999425888 -0.028966909 -1.341010571 -0.996473849 0.019842053 0.081520155 87.446624756
0.072035827 0.028079299 0.997006357 5.262515545 0.020754682 0.999344289 -0.029644720 -1.358471751 -0.997185767 0.022828056 0.071405925 87.471145630
0.064236537 0.028648488 0.997523069 5.786669731 0.022883918 0.999282002 -0.030172646 -1.377060652 -0.997672021 0.024765447 0.063534938 87.497909546
0.058738515 0.029007770 0.997851551 6.334201336 0.024565794 0.999232292 -0.030493982 -1.396437168 -0.997970819 0.026304213 0.057980929 87.523269653
0.053176261 0.030081566 0.998131692 6.895255566 0.025838802 0.999169290 -0.031489432 -1.416639209 -0.998250544 0.027465044 0.052354924 87.548202515
0.047289073 0.030840635 0.998404801 7.472464085 0.026366783 0.999135673 -0.032112077 -1.436781526 -0.998532951 0.027843298 0.046435136 87.573471069
0.042957995 0.030824361 0.998601019 8.070285797 0.028912758 0.999066174 -0.032082506 -1.461316228 -0.998658180 0.030250536 0.042026762 87.594108582
0.040140271 0.030785196 0.998719454 8.690634727 0.030402046 0.999024093 -0.032016508 -1.484951735 -0.998731196 0.031648297 0.039165262 87.614822388
0.037115104 0.030358590 0.998849452 9.328913689 0.031331815 0.999010921 -0.031527732 -1.509337306 -0.998819470 0.032465953 0.036127299 87.636596680
0.034815397 0.029770380 0.998949945 9.985415459 0.033527527 0.998958051 -0.030939132 -1.533258677 -0.998830914 0.034569513 0.033781089 87.655639648
0.034222208 0.029420873 0.998980761 10.655820847 0.038005937 0.998804569 -0.030717662 -1.557472467 -0.998691082 0.039018467 0.033063218 87.672042847
0.035272472 0.029077772 0.998954296 11.341877937 0.041227069 0.998682678 -0.030525573 -1.582332253 -0.998526692 0.042260714 0.034027305 87.690589905
0.037649006 0.029010909 0.998869479 12.046146393 0.042753894 0.998615742 -0.030615004 -1.607874393 -0.998375654 0.043858230 0.036356654 87.715896606
0.041558221 0.028935743 0.998716652 12.769841194 0.045126367 0.998505414 -0.030807406 -1.633917332 -0.998116136 0.046348803 0.040190440 87.744056702
0.045940321 0.028531045 0.998536289 13.504345894 0.045463264 0.998495817 -0.030621547 -1.660791397 -0.997908711 0.046803534 0.044574209 87.778213501
0.049972147 0.026847258 0.998389363 14.257897377 0.047027770 0.998465836 -0.029203184 -1.687610030 -0.997642398 0.048411421 0.048633017 87.815284729
0.053948428 0.025286634 0.998223126 15.013580322 0.046804164 0.998515725 -0.027823551 -1.716587186 -0.997445822 0.048222087 0.052684937 87.858573914
0.058110688 0.023229942 0.998039424 15.786483765 0.043719050 0.998710096 -0.025791084 -1.742835999 -0.997352004 0.045132119 0.057020243 87.909873962
0.062204655 0.022170821 0.997816682 16.576837540 0.043057136 0.998762012 -0.024876041 -1.768047571 -0.997133791 0.044510581 0.061173148 87.962982178
0.066179350 0.023207817 0.997537315 17.355438232 0.040262353 0.998852313 -0.025909524 -1.795811534 -0.996994734 0.041877918 0.065169111 88.025688171
0.069283485 0.027234707 0.997224748 18.138256073 0.038138844 0.998823345 -0.029928112 -1.828238964 -0.996867299 0.040106565 0.068163387 88.083068848
0.070517309 0.032803081 0.996970654 18.927318573 0.032214411 0.998862088 -0.035143893 -1.857942939 -0.996989846 0.034595110 0.069380462 88.150909424
0.070499033 0.035888251 0.996865630 19.724052429 0.029551156 0.998838007 -0.038049135 -1.895381927 -0.997073591 0.032140993 0.069356710 88.206954956
0.070632078 0.035476781 0.996870935 20.528099060 0.027423482 0.998919725 -0.037492748 -1.932232022 -0.997124970 0.029985894 0.069583014 88.271286011
0.070748664 0.033923086 0.996916711 21.338825226 0.024837039 0.999050975 -0.035758324 -1.970188737 -0.997184515 0.027290341 0.069839112 88.333351135
0.070534579 0.032716759 0.996972203 22.161827087 0.025848430 0.999065638 -0.034614190 -2.008461714 -0.997174025 0.028211692 0.069623135 88.397087097
0.071017303 0.032230478 0.996953785 22.971250534 0.023379756 0.999148667 -0.033966869 -2.046894312 -0.997200668 0.025720799 0.070203446 88.457931519
0.071215540 0.032613322 0.996927202 23.773603439 0.021768970 0.999175668 -0.034241937 -2.086528063 -0.997223020 0.024140663 0.070447013 88.518516541
0.071326055 0.033240154 0.996898592 24.582714081 0.018746493 0.999222577 -0.034658909 -2.128135681 -0.997276485 0.021160463 0.070647605 88.580833435
0.070168063 0.034660369 0.996932447 25.389118195 0.016069921 0.999226451 -0.035871182 -2.166891098 -0.997405350 0.018537659 0.069556937 88.644218445
0.067265190 0.034458850 0.997139454 26.201824188 0.013477838 0.999280095 -0.035442002 -2.203576803 -0.997643650 0.015823318 0.066752478 88.707954407
0.063294902 0.033365887 0.997436464 27.007211685 0.011248450 0.999352932 -0.034143779 -2.240209341 -0.997931004 0.013380761 0.062878765 88.766342163
0.058382269 0.031018717 0.997811794 27.819067001 0.009597798 0.999452889 -0.031631283 -2.276393175 -0.998247683 0.011423520 0.058052734 88.822463989
0.051948592 0.029097080 0.998225272 28.631090164 0.007751764 0.999532938 -0.029538585 -2.313905478 -0.998619258 0.009272512 0.051698893 88.874847412
0.044476345 0.029403098 0.998577178 29.438261032 0.007618685 0.999527037 -0.029770385 -2.349699974 -0.998980939 0.008931940 0.044231415 88.915740967
0.035872295 0.030425319 0.998892665 30.234098434 0.007519174 0.999499261 -0.030713808 -2.385617971 -0.999327660 0.008612639 0.035625666 88.943161011
0.026002977 0.030977646 0.999181330 31.038227081 0.008658031 0.999474585 -0.031212041 -2.418354034 -0.999623954 0.009462566 0.025721209 88.964904785
0.015711995 0.029993432 0.999426186 31.837400436 0.010254199 0.999491870 -0.030156594 -2.453596354 -0.999823570 0.010722153 0.015396546 88.979438782
0.004901243 0.029004291 0.999566913 32.637546539 0.009731692 0.999529839 -0.029050916 -2.488652706 -0.999940157 0.009869880 0.004616763 88.985321045
-0.006066493 0.028415062 0.999577403 33.423618317 0.011542915 0.999530852 -0.028343664 -2.519715786 -0.999914467 0.011366108 -0.006391559 88.975952148
-0.017158382 0.028840646 0.999436319 34.202404022 0.012028884 0.999516785 -0.028636437 -2.549511194 -0.999779940 0.011530767 -0.017496938 88.964363098
-0.028059032 0.029401828 0.999173403 34.980091095 0.012419204 0.999499679 -0.029062655 -2.586249828 -0.999528587 0.011593486 -0.028410077 88.937629700
-0.038590733 0.030543070 0.998787820 35.750694275 0.011982472 0.999474287 -0.030101072 -2.620361567 -0.999182701 0.010806342 -0.038936369 88.906135559
-0.048824709 0.031505469 0.998309970 36.521621704 0.012961821 0.999437451 -0.030907108 -2.655331135 -0.998722732 0.011430901 -0.049205557 88.866798401
-0.058339231 0.032202318 0.997776926 37.289253235 0.013889843 0.999408305 -0.031442825 -2.690473318 -0.998199642 0.012024633 -0.058751948 88.820053101
-0.067993507 0.032836478 0.997144878 38.038906097 0.015009451 0.999378085 -0.031886533 -2.721486330 -0.997572243 0.012798540 -0.068444036 88.767219543
-0.077263035 0.033255335 0.996455610 38.781703949 0.015914572 0.999356687 -0.032118157 -2.757109165 -0.996883094 0.013376640 -0.077742532 88.705345154
-0.085757226 0.032780431 0.995776236 39.511856079 0.017226569 0.999357224 -0.031414725 -2.791021347 -0.996166527 0.014459793 -0.086266764 88.638351440
-0.093054868 0.031775907 0.995153368 40.242477417 0.019176992 0.999361634 -0.030117055 -2.823627234 -0.995475709 0.016281536 -0.093604803 88.566711426
-0.098199598 0.030094882 0.994711101 40.960613251 0.021876445 0.999365568 -0.028076002 -2.857878447 -0.994925618 0.019003719 -0.098795652 88.491180420
-0.101863213 0.028511846 0.994389296 41.668128967 0.025114514 0.999343514 -0.026081197 -2.887802839 -0.994480729 0.022316918 -0.102512389 88.414627075
-0.104530960 0.027472753 0.994141638 42.375797272 0.026706422 0.999334633 -0.024808140 -2.916490078 -0.994162321 0.023956778 -0.105195098 88.338790894
-0.106410690 0.026669217 0.993964076 43.063495636 0.026651533 0.999356806 -0.023960659 -2.945985079 -0.993964374 0.023941029 -0.107053019 88.269241333
-0.107123584 0.027116209 0.993875384 43.719963074 0.027586417 0.999323487 -0.024291459 -2.974447489 -0.993862212 0.024815306 -0.107799150 88.199317932
-0.106410816 0.028090641 0.993924916 44.381427765 0.028135149 0.999284923 -0.025229920 -3.003771067 -0.993923366 0.025279522 -0.107125074 88.133003235
-0.103341386 0.029854853 0.994197369 45.008354187 0.029245496 0.999207735 -0.026965374 -3.029343128 -0.994215190 0.026289187 -0.104132645 88.068931580
-0.098198362 0.030376278 0.994702697 45.626327515 0.029389624 0.999185801 -0.027611775 -3.056946993 -0.994732082 0.026522538 -0.099011175 88.013252258
-0.090316303 0.031069137 0.995427966 46.228981018 0.028657354 0.999179661 -0.028586097 -3.085160494 -0.995500028 0.025944570 -0.091132589 87.967681885
-0.079412870 0.030952910 0.996360719 46.816436768 0.027196271 0.999212205 -0.028873850 -3.114748240 -0.996470094 0.024804367 -0.080192126 87.935821533
-0.065825485 0.031170553 0.997343779 47.376689911 0.026200786 0.999220490 -0.029499914 -3.144911766 -0.997486413 0.024189370 -0.066590875 87.910720825
-0.048765048 0.032401886 0.998284161 47.919048309 0.025040314 0.999198318 -0.031208344 -3.175405741 -0.998495698 0.023475494 -0.049537301 87.898780823
-0.027764272 0.034940466 0.999003172 48.448635101 0.023090107 0.999143779 -0.034303639 -3.203852892 -0.999347091 0.022114698 -0.028547263 87.902610779
-0.003172642 0.038133942 0.999267101 48.957893372 0.021147512 0.999050796 -0.038058519 -3.228349924 -0.999770641 0.021011289 -0.003976034 87.918334961
0.024836427 0.039764959 0.998899817 49.477085114 0.018785981 0.999012649 -0.040236510 -3.257995844 -0.999514341 0.019764664 0.024064936 87.954597473
0.057819195 0.038860943 0.997569919 49.986450195 0.016130982 0.999074280 -0.039854474 -3.290591002 -0.998196065 0.018396152 0.057138890 88.006042480
0.095964752 0.036154259 0.994727433 50.498050690 0.014630512 0.999179959 -0.037727527 -3.321456671 -0.995276511 0.018173901 0.095357224 88.074592590
0.137847811 0.032326400 0.989925265 50.998058319 0.012116600 0.999336362 -0.034320958 -3.349998474 -0.990378678 0.016725611 0.137364805 88.170516968
0.183321238 0.027917959 0.982656121 51.490066528 0.009065169 0.999505043 -0.030087814 -3.378405809 -0.983010650 0.014423690 0.182977632 88.287025452
0.231154919 0.024713079 0.972602546 51.971454620 0.004024568 0.999643385 -0.026356664 -3.403823614 -0.972908020 0.010006784 0.230973288 88.437950134
0.282478213 0.023236880 0.958991766 52.436195374 -0.000201612 0.999706864 -0.024164038 -3.426482201 -0.959273040 0.006632472 0.282400429 88.610191345
0.336687624 0.023226621 0.941329420 52.881782532 -0.001628391 0.999707460 -0.024084624 -3.442487240 -0.941614330 0.006576144 0.336627364 88.808792114
0.394390553 0.023482064 0.918642342 53.316535950 -0.000310448 0.999675632 -0.025420129 -3.464795589 -0.918942094 0.009740272 0.394270390 89.028259277
0.454243124 0.026488768 0.890483320 53.724880219 0.000193713 0.999553740 -0.029832045 -3.487542391 -0.890876949 0.013723508 0.454035819 89.271461487
0.513550043 0.029408332 0.857554913 54.116889954 0.000750472 0.999395609 -0.034721926 -3.511668205 -0.858058453 0.018475031 0.513218164 89.543869019
0.571513176 0.033696432 0.819900095 54.483104706 -0.003831629 0.999254107 -0.038396712 -3.528927326 -0.820582986 0.018802688 0.571216702 89.844314575
0.627294779 0.035969585 0.777950108 54.827514648 -0.007469197 0.999163628 -0.040174954 -3.551079273 -0.778745115 0.019390890 0.627039611 90.170829773
0.679977715 0.036780909 0.732308924 55.141998291 -0.009296158 0.999092162 -0.041548494 -3.566739798 -0.733172834 0.021444406 0.679703116 90.514236450
0.728764534 0.034262028 0.683905840 55.421878815 -0.009589009 0.999159098 -0.039837472 -3.589368820 -0.684696198 0.022474173 0.728481114 90.865287781
0.773828983 0.030077662 0.632679105 55.685836792 -0.011204128 0.999364555 -0.033806179 -3.611723661 -0.633294344 0.019071598 0.773675203 91.248497009
0.814956129 0.024438351 0.579006016 55.927013397 -0.011407045 0.999592304 -0.026134677 -3.629927874 -0.579409003 0.014693878 0.814903677 91.652191162
0.850972772 0.022137772 0.524741709 56.137817383 -0.013898847 0.999709547 -0.019635923 -3.641974449 -0.525024295 0.009416336 0.851034403 92.077720642
0.881710351 0.018972637 0.471407950 56.320690155 -0.014986822 0.999812126 -0.012208158 -3.653698683 -0.471551269 0.003699149 0.881830156 92.503288269
0.906917214 0.019311074 0.420864433 56.474849701 -0.018361129 0.999810517 -0.006309344 -3.670159101 -0.420906723 -0.002005504 0.907100976 92.938812256
0.926781833 0.020963572 0.375012636 56.616638184 -0.021670638 0.999761522 -0.002332195 -3.685007334 -0.374972224 -0.005965342 0.927016139 93.391029358
0.941740930 0.026977552 0.335253328 56.730171204 -0.028853668 0.999582529 0.000615667 -3.696746826 -0.335096866 -0.010253104 0.942127228 93.845619202
0.953366518 0.031482033 0.300166249 56.836887360 -0.032931875 0.999456644 -0.000229094 -3.699056149 -0.300010443 -0.009666641 0.953886271 94.302398682
0.962465882 0.033416476 0.269335091 56.944469452 -0.034716852 0.999396265 0.000064969 -3.700810432 -0.269170403 -0.009413011 0.963045955 94.769546509
0.968550801 0.027941892 0.247239411 57.059776306 -0.028943304 0.999579966 0.000416243 -3.705097198 -0.247124031 -0.007559090 0.968953788 95.242820740
0.972491622 0.025191020 0.231568933 57.168247223 -0.026178962 0.999655604 0.001193967 -3.713570833 -0.231459171 -0.007223370 0.972817242 95.725891113
0.975293159 0.029595504 0.218920305 57.260017395 -0.030537665 0.999532223 0.000920539 -3.718101501 -0.218790740 -0.007583122 0.975741804 96.217674255
0.977197468 0.035124537 0.209403977 57.345161438 -0.036207270 0.999342442 0.001338188 -3.717400074 -0.209219351 -0.008889632 0.977827728 96.718688965
0.978156686 0.042881325 0.203394234 57.433433533 -0.043807849 0.999038994 0.000053295 -3.719325066 -0.203196540 -0.008962405 0.979096353 97.229187012
0.978511870 0.048555978 0.200387999 57.528446198 -0.048830125 0.998799682 -0.003577181 -3.723721743 -0.200321242 -0.006284663 0.979709506 97.747047424
0.978626847 0.049929846 0.199486911 57.632709503 -0.049727149 0.998743594 -0.006029387 -3.735222101 -0.199537396 -0.004019398 0.979881346 98.277381897
0.978207886 0.048490822 0.201882318 57.747505188 -0.047532719 0.998822570 -0.009593893 -3.745112181 -0.202109918 -0.000211191 0.979362190 98.808006287
0.977503777 0.046756122 0.205666393 57.864566803 -0.044377215 0.998883009 -0.016166912 -3.750617027 -0.206192657 0.006676327 0.978487968 99.353881836
0.976600170 0.047303289 0.209792688 57.983634949 -0.043883383 0.998816371 -0.020929087 -3.759171009 -0.210534498 0.011232952 0.977521181 99.907516479
0.975412309 0.052057516 0.214147955 58.101718903 -0.048797045 0.998597503 -0.020487066 -3.772803545 -0.214914247 0.009533564 0.976585686 100.483139038
0.973992288 0.054967135 0.219809234 58.226615906 -0.052605711 0.998476505 -0.016586373 -3.785864830 -0.220386192 0.004591787 0.975401223 101.072792053
0.973107696 0.051891088 0.224426344 58.367397308 -0.050480284 0.998651564 -0.012023387 -3.800395012 -0.224747762 0.000370949 0.974416196 101.674896240
0.972443163 0.047416467 0.228263676 58.515583038 -0.047180124 0.998864114 -0.006495215 -3.812577486 -0.228312522 -0.004453284 0.973577023 102.286003113
0.971679330 0.044818498 0.232010588 58.662643433 -0.045610238 0.998956263 -0.001953345 -3.823047876 -0.231856123 -0.008684041 0.972710669 102.907798767
0.971164167 0.040216733 0.234991685 58.815605164 -0.041047279 0.999155164 -0.001357971 -3.831237078 -0.234847918 -0.008326964 0.971995771 103.537750244
0.971260726 0.036823727 0.235148564 58.977645874 -0.036812373 0.999311209 -0.004439562 -3.840714216 -0.235150233 -0.004344407 0.971948624 104.178230286
0.971392512 0.036048777 0.234723821 59.136356354 -0.034325343 0.999344230 -0.011425191 -3.853487015 -0.234981939 0.003041377 0.971994281 104.828353882
0.971496344 0.038544465 0.233895972 59.289169312 -0.035290580 0.999212325 -0.018082565 -3.864164114 -0.234408900 0.009312837 0.972092807 105.486877441
0.972013533 0.041459862 0.231233418 59.439632416 -0.037411600 0.999059558 -0.021866621 -3.873963594 -0.231922716 0.012603860 0.972651899 106.156654358
0.972648084 0.039818741 0.228841290 59.602367401 -0.036758803 0.999167681 -0.017620198 -3.886941433 -0.229352623 0.008726334 0.973303616 106.850975037
0.973091483 0.035726875 0.227628455 59.763507843 -0.034341808 0.999358535 -0.010043735 -3.904373646 -0.227841452 0.001956303 0.973695636 107.551994324
0.973654807 0.036150582 0.225139067 59.924636841 -0.036154322 0.999336660 -0.004107544 -3.922220230 -0.225138381 -0.004140426 0.974317312 108.266929626
0.973921061 0.039526284 0.223413333 60.081100464 -0.039470900 0.999208450 -0.004715261 -3.935940266 -0.223423034 -0.004226038 0.974711776 108.993164062
0.974160850 0.045293663 0.221262738 60.231018066 -0.044329204 0.998972297 -0.009325265 -3.946579695 -0.221457899 -0.000724092 0.975169063 109.719673157
0.974991620 0.046220556 0.217377856 60.387104034 -0.044110313 0.998919547 -0.014552685 -3.958901644 -0.217815787 0.004600149 0.975978494 110.460411072
0.975916266 0.044966146 0.213456139 60.547847748 -0.042231001 0.998955905 -0.017358478 -3.970505953 -0.214013994 0.007925969 0.976797879 111.210090637
0.976813674 0.042909525 0.209742635 60.705245972 -0.040489499 0.999053597 -0.015820431 -3.988147259 -0.210223123 0.006961250 0.977628112 111.975608826
0.977676213 0.039208807 0.206422254 60.868484497 -0.037165072 0.999213099 -0.013770547 -4.006048203 -0.206799880 0.005791446 0.978365600 112.758110046
0.978076637 0.038104773 0.204725072 61.028327942 -0.036626425 0.999267220 -0.011006983 -4.026305676 -0.204994619 0.003267330 0.978757083 113.547569275
0.978447855 0.034999147 0.203502163 61.197074890 -0.033943597 0.999384880 -0.008675989 -4.041521549 -0.203680798 0.001581409 0.979035497 114.346054077
0.978696287 0.029728649 0.203145400 61.365585327 -0.028813964 0.999555707 -0.007459298 -4.055044651 -0.203277066 0.001446963 0.979119539 115.138809204
0.978808105 0.030644676 0.202469364 61.523834229 -0.030071881 0.999529064 -0.005905299 -4.070089340 -0.202555135 -0.000308482 0.979270220 115.932487488
0.978506684 0.036242422 0.203000948 61.674362183 -0.035379149 0.999341607 -0.007880881 -4.085926533 -0.203153089 0.000529495 0.979146302 116.741577148
0.978155911 0.042184651 0.203542829 61.831790924 -0.040763795 0.999105036 -0.011169919 -4.102339268 -0.203832060 0.002628749 0.979001820 117.556068420
0.977542400 0.051062956 0.204454497 61.986888885 -0.049493864 0.998691320 -0.012784175 -4.118840694 -0.204839915 0.002377835 0.978792131 118.380531311
0.976566494 0.057097871 0.207498997 62.141883850 -0.055798963 0.998367250 -0.012112075 -4.137022018 -0.207851991 0.000250021 0.978159785 119.206283569
0.975759208 0.059904989 0.210484013 62.304759979 -0.059100263 0.998199463 -0.010117181 -4.158740044 -0.210711315 -0.002567729 0.977544487 120.038993835
0.975177765 0.060421720 0.213015810 62.486301422 -0.059476897 0.998169482 -0.010846958 -4.180727005 -0.213281482 -0.002091806 0.976988077 120.881919861
0.974879503 0.058941402 0.214788273 62.668037415 -0.057362895 0.998259723 -0.013580440 -4.199707031 -0.215215147 0.000918420 0.976565719 121.710311890
0.974870503 0.053050660 0.216358691 62.852298737 -0.051607676 0.998590171 -0.012317798 -4.220548153 -0.216707334 0.000842494 0.976235747 122.556968689
0.975129783 0.046611328 0.216673046 63.034912109 -0.044694260 0.998904943 -0.013742247 -4.244484901 -0.217076525 0.003716440 0.976146996 123.381134033
0.974884510 0.045959968 0.217912406 63.219600677 -0.044008542 0.998934567 -0.013802565 -4.270461559 -0.218314812 0.003865907 0.975870192 124.216171265
0.974304140 0.048645716 0.219915733 63.401081085 -0.047424387 0.998814821 -0.010832699 -4.290670872 -0.220182270 0.000124977 0.975458205 125.067115784
0.973861575 0.050744019 0.221396819 63.574546814 -0.050846837 0.998691380 -0.005238693 -4.307049751 -0.221373156 -0.006155576 0.975169182 125.900871277
0.973479390 0.054185271 0.222260565 63.749298096 -0.055360325 0.998464644 -0.000944569 -4.326785564 -0.221970722 -0.011384916 0.974986315 126.713973999
0.973274887 0.053576760 0.223301053 63.933914185 -0.053268533 0.998551428 -0.007408007 -4.345849514 -0.223374695 -0.004684897 0.974720836 127.545166016
0.973586679 0.049622275 0.222855330 64.120552063 -0.045961112 0.998708606 -0.021588262 -4.369724274 -0.223639026 0.010775388 0.974611938 128.351303101
