1.000000000 0.000000000 0.000000000 0.000000000 0.000000000 1.000000000 0.000000000 0.000000000 0.000000000 0.000000000 1.000000000 0.000000000
0.999990940 -0.002566421 -0.003389670 -0.000641895 0.002559280 0.999994516 -0.002109251 -0.005393847 0.003395064 0.002100557 0.999992013 0.670326889
0.999970973 -0.001323401 -0.007498041 -0.010017189 0.001296440 0.999992669 -0.003599505 -0.011154055 0.007502749 0.003589680 0.999965429 1.353636026
0.999934494 -0.001317119 -0.011367450 -0.025689825 0.001259783 0.999986410 -0.005049564 -0.015865151 0.011373946 0.005034913 0.999922693 2.059727192
0.999868751 0.000179587 -0.016197193 -0.044644151 -0.000271456 0.999983847 -0.005669870 -0.022300169 0.016195916 0.005673524 0.999852777 2.785748482
0.999782383 -0.000774433 -0.020842835 -0.056975339 0.000648434 0.999981403 -0.006051252 -0.027209423 0.020847136 0.006036420 0.999764502 3.524096012
0.999677300 0.001045479 -0.025378386 -0.082529970 -0.001229092 0.999973118 -0.007220503 -0.038855992 0.025370158 0.007249366 0.999651909 4.278985500
0.999533653 0.003822686 -0.030293483 -0.111504324 -0.004060929 0.999961197 -0.007806887 -0.047609299 0.030262468 0.007926268 0.999510586 5.035717487
0.999393344 0.003988108 -0.034595393 -0.145094663 -0.004206228 0.999971688 -0.006234413 -0.056096122 0.034569554 0.006376148 0.999381959 5.812166214
0.999231279 0.003238081 -0.039064929 -0.179634809 -0.003378164 0.999988079 -0.003520427 -0.066450179 0.039053068 0.003649689 0.999230444 6.606106281
0.999091148 0.002780714 -0.042530365 -0.218295276 -0.002816471 0.999995708 -0.000780838 -0.081161790 0.042528015 0.000899915 0.999094844 7.416532993
0.998971820 0.004578520 -0.045100968 -0.262918383 -0.004642749 0.999988377 -0.001319490 -0.092976689 0.045094404 0.001527527 0.998981535 8.229865074
0.998867095 0.004140917 -0.047404997 -0.303410947 -0.004221346 0.999989867 -0.001596664 -0.101091065 0.047397904 0.001794969 0.998874485 9.053968430
0.998786092 0.001075483 -0.049245890 -0.340424359 -0.001178580 0.999997199 -0.002064548 -0.109935977 0.049243536 0.002120083 0.998784602 9.891496658
0.998667240 0.001086641 -0.051599927 -0.380236775 -0.001148868 0.999998689 -0.001176315 -0.120509595 0.051598586 0.001234029 0.998667181 10.727499962
0.998585045 -0.000299008 -0.053176314 -0.423949301 0.000225517 0.999999106 -0.001388044 -0.131450385 0.053176679 0.001374088 0.998584211 11.574086189
0.998483300 0.002067792 -0.055016290 -0.474967808 -0.002269152 0.999991000 -0.003597815 -0.145961151 0.055008359 0.003717199 0.998479009 12.428779602
0.998397410 0.002743679 -0.056523666 -0.525460541 -0.003102749 0.999975622 -0.006265800 -0.155685052 0.056505103 0.006431139 0.998381615 13.286520958
0.998279810 0.006877990 -0.058223922 -0.584910393 -0.007356822 0.999940872 -0.008013619 -0.165499285 0.058165371 0.008428178 0.998271406 14.159622192
0.998208165 0.007716392 -0.059337072 -0.639019549 -0.008191409 0.999936342 -0.007766332 -0.178436399 0.059273373 0.008238471 0.998207808 15.048882484
0.998130262 0.007247553 -0.060692050 -0.693348944 -0.007647268 0.999950588 -0.006356250 -0.192353174 0.060642991 0.006808496 0.998136342 15.923559189
0.998026669 0.008352240 -0.062233578 -0.751576722 -0.008673409 0.999950469 -0.004892323 -0.209650040 0.062189646 0.005422448 0.998049676 16.820508957
0.997973680 0.008158286 -0.063102312 -0.813852549 -0.008477631 0.999952614 -0.004794650 -0.221293867 0.063060209 0.005319895 0.997995615 17.717813492
0.997852087 0.007938163 -0.065023988 -0.871960044 -0.008330001 0.999948800 -0.005757150 -0.233217388 0.064974964 0.006286437 0.997867167 18.625078201
0.997790098 0.006262679 -0.066148713 -0.935117483 -0.006694887 0.999957740 -0.006314231 -0.248823240 0.066106379 0.006743138 0.997789860 19.528451920
0.997751892 0.006298766 -0.066719115 -0.999011099 -0.006627033 0.999967098 -0.004699962 -0.258731991 0.066687316 0.005131548 0.997760773 20.465290070
0.997739136 0.007536123 -0.066780984 -1.062806249 -0.007636682 0.999970198 -0.001250653 -0.273461580 0.066769563 0.001757813 0.997766912 21.376140594
0.997785032 0.008482393 -0.065976866 -1.128212571 -0.008337034 0.999962330 0.002478202 -0.284818470 0.065995395 -0.001922658 0.997818112 22.304601669
0.997895896 0.007186103 -0.064436503 -1.189630866 -0.006853720 0.999962211 0.005377874 -0.290950894 0.064472705 -0.004924925 0.997907341 23.232391357
0.997985899 0.007581664 -0.062980734 -1.252015591 -0.007211182 0.999955475 0.006107708 -0.299144298 0.063024223 -0.005641237 0.997996092 24.177736282
0.998073995 0.007952378 -0.061521713 -1.313456416 -0.007755318 0.999964118 0.003441244 -0.311075300 0.061546851 -0.002957492 0.998099804 25.111444473
0.998122811 0.008923048 -0.060589984 -1.376812339 -0.009016494 0.999958634 -0.001269023 -0.324783206 0.060576133 0.001812953 0.998161912 26.041732788
0.998208463 0.008073138 -0.059283435 -1.439079046 -0.008340383 0.999956250 -0.004261851 -0.335906744 0.059246410 0.004748666 0.998232067 26.971223831
0.998261571 0.005337531 -0.058695767 -1.490164042 -0.005530620 0.999979913 -0.003127704 -0.348202676 0.058677871 0.003446894 0.998270988 27.916257858
0.998257458 0.003635454 -0.058896258 -1.552217722 -0.003524744 0.999991894 0.001983513 -0.365453124 0.058902971 -0.001772459 0.998262107 28.895545959
0.998217523 -0.000098237 -0.059680056 -1.609818816 0.000422714 0.999985218 0.005424324 -0.376985371 0.059678622 -0.005439879 0.998202801 29.862390518
0.998125792 -0.007268354 -0.060762081 -1.660268188 0.007584377 0.999958873 0.004971968 -0.390154988 0.060723431 -0.005423489 0.998139858 30.804754257
0.998023808 -0.009191438 -0.062161479 -1.720490098 0.009276379 0.999956429 0.001077980 -0.397365183 0.062148847 -0.001652479 0.998065472 31.778121948
0.997938097 -0.008995323 -0.063550055 -1.784835696 0.008830164 0.999956906 -0.002879295 -0.408974200 0.063573204 0.002312204 0.997974396 32.754104614
0.997808874 -0.007534812 -0.065731667 -1.854558229 0.007328794 0.999967456 -0.003374829 -0.423942119 0.065754943 0.002885703 0.997831523 33.731357574
0.997769177 -0.007618780 -0.066321701 -1.921630740 0.007517248 0.999970198 -0.001780341 -0.441590220 0.066333272 0.001277816 0.997796595 34.715129852
0.997695446 -0.004622214 -0.067692898 -1.995373845 0.004712322 0.999988258 0.001171492 -0.457647562 0.067686670 -0.001487780 0.997705400 35.694774628
0.997631311 -0.004630134 -0.068630986 -2.068367243 0.004810363 0.999985456 0.002460997 -0.469343930 0.068618566 -0.002785305 0.997639000 36.691375732
0.997565448 -0.003526848 -0.069646113 -2.143053532 0.003890652 0.999979556 0.005088626 -0.477600098 0.069626711 -0.005347203 0.997558653 37.667610168
0.997594774 -0.003915174 -0.069204189 -2.223742723 0.004483580 0.999957502 0.008060021 -0.481279850 0.069169663 -0.008350914 0.997569799 38.660308838
0.997545898 0.001813698 -0.069991067 -2.298059464 -0.001081391 0.999944329 0.010499331 -0.488629043 0.070006184 -0.010397873 0.997492194 39.637748718
0.997526526 0.001838643 -0.070265517 -2.371679068 -0.001138094 0.999949276 0.010008759 -0.499021798 0.070280321 -0.009904031 0.997477949 40.658020020
0.997540414 0.001810078 -0.070069209 -2.446949959 -0.001231377 0.999964774 0.008301300 -0.499671489 0.070081733 -0.008194597 0.997507393 41.649562836
0.997530103 0.004042486 -0.070122592 -2.523708582 -0.003621416 0.999974668 0.006130858 -0.504163265 0.070145562 -0.005861770 0.997519314 42.623790741
0.997470915 0.003677225 -0.070979446 -2.599134445 -0.003247084 0.999975681 0.006174522 -0.509854376 0.071000382 -0.005928427 0.997458458 43.612071991
0.997380733 0.001282804 -0.072318047 -2.674845219 -0.000733218 0.999970675 0.007625612 -0.520093918 0.072325662 -0.007552611 0.997352242 44.598655701
0.997321606 0.001879927 -0.073116422 -2.749361753 -0.001253791 0.999962211 0.008608508 -0.527415574 0.073129788 -0.008493775 0.997286081 45.588317871
0.997302711 0.004399541 -0.073265441 -2.826888561 -0.004044160 0.999979377 0.004998250 -0.537447274 0.073285855 -0.004688469 0.997299731 46.553924561
0.997235894 0.005096138 -0.074125238 -2.906543016 -0.005042488 0.999986887 0.000910927 -0.547282219 0.074128851 -0.000534632 0.997248292 47.511722565
0.997175157 0.005946441 -0.074875563 -2.982603073 -0.005988362 0.999981999 -0.000335351 -0.558909357 0.074872173 0.000782787 0.997192562 48.475608826
0.997174263 0.004683576 -0.074977085 -3.056970358 -0.004457689 0.999985039 0.003179837 -0.574297190 0.074990802 -0.002836625 0.997179866 49.447917938
0.997174144 0.002886136 -0.075069211 -3.131349325 -0.002416070 0.999976993 0.006351859 -0.585230708 0.075085752 -0.006152534 0.997157812 50.421459198
0.997137964 0.000846671 -0.075598918 -3.202430964 -0.000313028 0.999975026 0.007070467 -0.596565366 0.075602956 -0.007026562 0.997112930 51.379875183
0.997114718 -0.002041517 -0.075881690 -3.274593115 0.002490933 0.999979973 0.005828435 -0.605006337 0.075868197 -0.006000631 0.997099459 52.326293945
0.997083485 -0.004245996 -0.076200366 -3.345204830 0.004602487 0.999979317 0.004503356 -0.616642892 0.076179601 -0.004840930 0.997081995 53.263935089
0.996983409 -0.005857460 -0.077394001 -3.415974617 0.006320708 0.999963582 0.005741986 -0.627445877 0.077357478 -0.006213845 0.996983707 54.213161469
0.996884942 -0.008786873 -0.078378975 -3.488577127 0.009590957 0.999905169 0.009888396 -0.636994541 0.078284584 -0.010609316 0.996874273 55.146778107
0.996822953 -0.009482681 -0.079082727 -3.561552048 0.010702982 0.999829948 0.015021125 -0.644476056 0.078926764 -0.015819814 0.996754587 56.090251923
0.996791780 -0.007715084 -0.079665132 -3.640251637 0.009120596 0.999808908 0.017293982 -0.649682820 0.079516403 -0.017965082 0.996671379 57.029792786
0.996689379 -0.006465856 -0.081045114 -3.720215082 0.007563718 0.999883652 0.013246646 -0.651331306 0.080949955 -0.013815785 0.996622205 57.955554962
0.996575713 -0.005069328 -0.082528628 -3.798037529 0.005548389 0.999969065 0.005576496 -0.657334208 0.082497731 -0.006015293 0.996572912 58.872264862
0.996511221 -0.003463475 -0.083385974 -3.879937649 0.003539777 0.999993443 0.000767226 -0.663562238 0.083382703 -0.001059709 0.996516883 59.784294128
0.996429205 0.001237672 -0.084422596 -3.965806007 -0.001097471 0.999997973 0.001707106 -0.675344110 0.084424466 -0.001608351 0.996428430 60.685684204
0.996312201 0.003930378 -0.085710943 -4.049549580 -0.003591701 0.999985158 0.004105253 -0.689285755 0.085725740 -0.003782257 0.996311426 61.567310333
0.996223807 0.006543576 -0.086573891 -4.133654594 -0.006071848 0.999965310 0.005711074 -0.703823864 0.086608186 -0.005163836 0.996228874 62.465888977
0.996116996 0.007382507 -0.087727986 -4.210364819 -0.006927336 0.999960959 0.005491778 -0.715322435 0.087765038 -0.004862724 0.996129096 63.323745728
0.995951355 0.008897398 -0.089450918 -4.289880276 -0.008367895 0.999945223 0.006292786 -0.724805117 0.089501940 -0.005518785 0.995971143 64.179847717
0.995820165 0.009617295 -0.090826593 -4.369922638 -0.009016987 0.999934793 0.007017465 -0.736951768 0.090888083 -0.006169143 0.995841801 65.017654419
0.995696545 0.009674840 -0.092166051 -4.448960781 -0.009027398 0.999931693 0.007439081 -0.743551314 0.092231646 -0.006575039 0.995715618 65.838005066
0.995579660 0.009579681 -0.093430251 -4.525898457 -0.008821185 0.999924898 0.008527964 -0.751568973 0.093504839 -0.007666093 0.995589077 66.633018494
0.995419919 0.012324816 -0.094800398 -4.608441830 -0.011309577 0.999872983 0.011239127 -0.758017361 0.094926789 -0.010115489 0.995432556 67.419692993
0.995272696 0.013908138 -0.096117273 -4.688637257 -0.012491215 0.999804616 0.015327707 -0.763745487 0.096311592 -0.014054617 0.995251715 68.199722290
0.995056689 0.017043756 -0.097833447 -4.768584251 -0.015441139 0.999734342 0.017115042 -0.770255506 0.098099090 -0.015519767 0.995055318 68.968383789
0.994885564 0.019755952 -0.099055745 -4.851190090 -0.018542398 0.999741554 0.013157083 -0.778239429 0.099290006 -0.011253052 0.994994640 69.710723877
0.994756818 0.019987095 -0.100294426 -4.931082249 -0.019497704 0.999792755 0.005857563 -0.785539806 0.100390658 -0.003871332 0.994940281 70.437828064
0.994607151 0.019146468 -0.101929583 -5.000964642 -0.019236669 0.999814928 0.000098094 -0.791286290 0.101912551 0.001863227 0.994791329 71.136734009
0.994560421 0.020072890 -0.102206849 -5.080851078 -0.020296546 0.999793291 -0.001148618 -0.796399713 0.102162622 0.003216822 0.994762182 71.831794739
0.994415879 0.022941377 -0.103006348 -5.156847954 -0.022809105 0.999736726 0.002462006 -0.812037289 0.103035666 -0.000098769 0.994677365 72.492240906
0.994273901 0.023315381 -0.104285173 -5.231932640 -0.022938965 0.999725223 0.004807615 -0.827991664 0.104368567 -0.002387886 0.994535506 73.146209717
0.994245291 0.020144043 -0.105214298 -5.300967693 -0.020094138 0.999796808 0.001534512 -0.838146031 0.105223782 0.000588516 0.994448125 73.785087585
0.994378328 0.012089960 -0.105190895 -5.357357025 -0.012529597 0.999915183 -0.003519533 -0.850453138 0.105139382 0.004817754 0.994445562 74.396926880
0.994518518 0.008158103 -0.104240149 -5.413465023 -0.009072330 0.999924242 -0.008299224 -0.862024426 0.104164504 0.009199440 0.994517267 74.988754272
0.994819343 0.010693274 -0.101092525 -5.477196217 -0.011616580 0.999895811 -0.008548950 -0.872814536 0.100990534 0.009679018 0.994839966 75.566932678
0.995163560 0.015832208 -0.096945450 -5.541263103 -0.016452303 0.999848843 -0.005600215 -0.885242105 0.096842088 0.007168114 0.995273590 76.131515503
0.995623648 0.014458498 -0.092325971 -5.589162827 -0.014751507 0.999887884 -0.002491934 -0.897171617 0.092279553 0.003842985 0.995725334 76.687705994
0.996185362 0.010864452 -0.086581565 -5.626118183 -0.010760041 0.999940515 0.001672575 -0.908469081 0.086594559 -0.000734565 0.996242940 77.231384277
0.996897459 0.006647820 -0.078428209 -5.656275272 -0.006266471 0.999967098 0.005107540 -0.923030257 0.078459553 -0.004600216 0.996906221 77.756523132
0.997646153 0.010346962 -0.067784645 -5.689769268 -0.010038414 0.999937415 0.004890968 -0.931209803 0.067830980 -0.004198995 0.997687519 78.271743774
0.998488903 0.015561864 -0.052700803 -5.719040871 -0.015350468 0.999872208 0.004413731 -0.939107895 0.052762728 -0.003598070 0.998600125 78.771743774
0.999179959 0.020828828 -0.034715384 -5.734717846 -0.020673916 0.999774456 0.004815500 -0.945012748 0.034807831 -0.004093839 0.999385178 79.255989075
0.999730885 0.019369634 -0.012750037 -5.725159168 -0.019304421 0.999799788 0.005218416 -0.950305045 0.012848539 -0.004970870 0.999904633 79.732467651
0.999783933 0.015877392 0.013401442 -5.696002483 -0.015958037 0.999854803 0.005932138 -0.957159638 -0.013305333 -0.006144707 0.999892175 80.197723389
0.998979330 0.014726395 0.042697676 -5.652208328 -0.015051580 0.999859810 0.007304482 -0.965453207 -0.042584144 -0.007939683 0.999060929 80.649635315
0.997043073 0.014261791 0.075507402 -5.593341827 -0.014947559 0.999851704 0.008524748 -0.972291172 -0.075374648 -0.009628182 0.997108400 81.098823547
0.993473947 0.014454845 0.113137543 -5.520475388 -0.015541380 0.999840915 0.008727527 -0.975198090 -0.112993404 -0.010428875 0.993540585 81.546173096
0.987852812 0.014842828 0.154680401 -5.427170753 -0.016334524 0.999831259 0.008377164 -0.977977514 -0.154529989 -0.010802027 0.987928629 81.975166321
0.979760408 0.014528483 0.199644625 -5.311393261 -0.016475769 0.999831259 0.008095764 -0.984974980 -0.199493349 -0.011221199 0.979834497 82.394958496
0.968458295 0.016746737 0.248611301 -5.179725647 -0.018772794 0.999806821 0.005780784 -0.994972348 -0.248466492 -0.010265568 0.968585670 82.800621033
0.953232288 0.017497506 0.301730812 -5.024061680 -0.019210296 0.999811530 0.002709932 -1.005272865 -0.301626563 -0.008379525 0.953388929 83.190643311
0.933726966 0.017917218 0.357536614 -4.845174313 -0.019257853 0.999814272 0.000189323 -1.011810899 -0.357466877 -0.007062154 0.933898747 83.561828613
0.909980595 0.018322201 0.414245278 -4.642306328 -0.019357083 0.999810934 -0.001699870 -1.022126198 -0.414198160 -0.006471722 0.910163343 83.908531189
0.881151736 0.018165722 0.472484022 -4.430462360 -0.018876797 0.999816298 -0.003236211 -1.037444115 -0.472456068 -0.006067383 0.881332934 84.233932495
0.847905755 0.016413754 0.529892385 -4.192354202 -0.016144855 0.999856234 -0.005137028 -1.052903771 -0.529900551 -0.004199311 0.848048925 84.540855408
0.811365545 0.016092738 0.584317207 -3.931451082 -0.015095594 0.999864161 -0.006576057 -1.064448357 -0.584343672 -0.003485021 0.811498284 84.831787109
0.771931589 0.014844484 0.635532022 -3.655208349 -0.014300209 0.999879539 -0.005985393 -1.075198054 -0.635544360 -0.004467919 0.772050917 85.099456787
0.729718924 0.014322857 0.683597028 -3.365718365 -0.015577151 0.999869049 -0.004321312 -1.082959294 -0.683569372 -0.007495143 0.729846478 85.346626282
0.684710801 0.013474220 0.728690207 -3.062031746 -0.014776502 0.999879897 -0.004604109 -1.087653875 -0.728664756 -0.007615000 0.684827626 85.577545166
0.638323307 0.012556394 0.769665897 -2.744621277 -0.011534043 0.999910414 -0.006746847 -1.092130184 -0.769681633 -0.004570681 0.638410866 85.785415649
0.591843367 0.010242293 0.805987835 -2.418380260 -0.005758554 0.999947190 -0.008478523 -1.097824574 -0.806032062 0.000376642 0.591870964 85.965690613
0.545293272 0.012357455 0.838154197 -2.086986542 -0.007579121 0.999922931 -0.009811626 -1.107651711 -0.838210762 -0.001002250 0.545344651 86.137283325
0.497966260 0.015529355 0.867057264 -1.750108600 -0.011361264 0.999870479 -0.011383115 -1.114891648 -0.867121637 -0.004182451 0.498077929 86.300582886
0.452533692 0.017697442 0.891571581 -1.410206079 -0.012145203 0.999832451 -0.013681862 -1.125714898 -0.891664267 -0.004636806 0.452672571 86.439544678
0.410462022 0.015286386 0.911749482 -1.058257580 -0.004693327 0.999881506 -0.014651104 -1.133388638 -0.911865294 0.001734591 0.410484850 86.551902771
0.371037424 0.008098148 0.928582549 -0.693412006 0.010489121 0.999861479 -0.012910943 -1.137727141 -0.928558350 0.014530465 0.370900810 86.643508911
0.335772365 0.004641732 0.941931725 -0.331928074 0.014627228 0.999841452 -0.010141296 -1.144009233 -0.941829264 0.017183023 0.335650980 86.734634399
0.302598447 0.008777444 0.953077734 0.027947038 0.012142466 0.999840796 -0.013063291 -1.152721047 -0.953040421 0.015525651 0.302443445 86.830856323
0.271301687 0.016273493 0.962356746 0.390616804 0.001434696 0.999848962 -0.017311940 -1.169394493 -0.962492883 0.006077455 0.271237105 86.933181763
0.243024707 0.020497654 0.969803452 0.768444777 -0.003686193 0.999788880 -0.020207683 -1.192108154 -0.970012724 0.001336091 0.243048713 87.017532349
0.217456788 0.022162998 0.975818217 1.160114288 -0.002446388 0.999751329 -0.022161394 -1.210178614 -0.976066530 0.002431923 0.217456669 87.084808350
0.194153368 0.023563877 0.980688035 1.560062885 0.005020380 0.999674439 -0.025013985 -1.222555161 -0.980957985 0.009779980 0.193971604 87.138366699
0.174194723 0.030040475 0.984252810 1.962081671 0.012111081 0.999393523 -0.032646012 -1.220718265 -0.984636366 0.017607130 0.173725009 87.183143616
0.154378816 0.036799654 0.987326086 2.380939484 0.014018381 0.999123871 -0.039431293 -1.225399494 -0.987911880 0.019928070 0.153727457 87.235671997
0.136675969 0.037668403 0.989899337 2.815588474 0.011616649 0.999147117 -0.039624210 -1.240911245 -0.990547299 0.016914994 0.136121601 87.293548584
0.121177442 0.033244684 0.992073953 3.268799067 0.009426328 0.999355316 -0.034640059 -1.269201636 -0.992585778 0.013549212 0.120785750 87.345672607
0.106719196 0.030008823 0.993836224 3.736387253 0.009609204 0.999466538 -0.031210667 -1.292268753 -0.994242430 0.012880756 0.106373712 87.387596130
0.093529038 0.027549762 0.995235264 4.220462799 0.011974485 0.999513566 -0.028793506 -1.313017368 -0.995544195 0.014610462 0.093153454 87.422531128
0.081907324 0.026804766 0.996279418 4.717016697 0.015550772 0.999482095 -0.028169401 -1.331863046 -0.996518314 0.017800197 0.081447877 87.452606201
0.071849637 0.027433731 0.997038066 5.230895996 0.018754249 0.999407709 -0.028850406 -1.349852681 -0.997238815 0.020771597 0.071292385 87.479072571
0.063993558 0.028036807 0.997556329 5.753442287 0.020766564 0.999351323 -0.029419422 -1.368156552 -0.997733891 0.022598475 0.063369624 87.507186890
0.058492586 0.028435547 0.997882724 6.300984859 0.022444725 0.999304056 -0.029791666 -1.386887908 -0.998035192 0.024139799 0.057813454 87.532463074
0.052951448 0.029518574 0.998160660 6.864184856 0.023739275 0.999243259 -0.030809917 -1.406471729 -0.998314619 0.025327044 0.052210435 87.556709290
0.046973195 0.030266736 0.998437464 7.442227364 0.024254525 0.999211550 -0.031431276 -1.426549554 -0.998601377 0.025693059 0.046201862 87.584274292
0.042624958 0.030241221 0.998633325 8.037568092 0.026795058 0.999147594 -0.031400479 -1.450864911 -0.998731494 0.028096884 0.041778121 87.605430603
0.039819013 0.030229270 0.998749495 8.658905983 0.028283844 0.999107599 -0.031367738 -1.473761320 -0.998806238 0.029497512 0.038928296 87.625793457
0.036796197 0.029805869 0.998878181 9.296950340 0.029213961 0.999095798 -0.030888516 -1.497609138 -0.998895407 0.030317770 0.035891999 87.647369385
0.034490105 0.029201468 0.998978257 9.953879356 0.031444751 0.999046445 -0.030289084 -1.520938754 -0.998910010 0.032457300 0.033538803 87.666183472
0.033862818 0.028837271 0.999010324 10.621415138 0.035753179 0.998908877 -0.030046228 -1.544792056 -0.998786569 0.036735252 0.032794666 87.683105469
0.034901239 0.028530298 0.998983383 11.311556816 0.038921855 0.998795271 -0.029884709 -1.568202615 -0.998632371 0.039925303 0.033748563 87.701728821
0.037334885 0.028483281 0.998896718 12.019116402 0.040604807 0.998724937 -0.029996013 -1.591742635 -0.998477280 0.041679911 0.036130544 87.725387573
0.041259296 0.028412333 0.998744309 12.743557930 0.043026287 0.998617828 -0.030186180 -1.617058992 -0.998221338 0.044217724 0.039979611 87.753181458
0.045635432 0.028019039 0.998565018 13.479807854 0.043363038 0.998608828 -0.030001981 -1.642941117 -0.998016298 0.044669975 0.044356775 87.787300110
0.049664252 0.026334913 0.998418570 14.232642174 0.044919550 0.998581886 -0.028573629 -1.669427156 -0.997755051 0.046267610 0.048410691 87.824256897
0.053679988 0.024751071 0.998251200 14.980799675 0.044779725 0.998627365 -0.027168360 -1.697649121 -0.997553289 0.046159826 0.052497778 87.865638733
0.057851665 0.022691663 0.998067081 15.754960060 0.041655369 0.998816073 -0.025123166 -1.723334193 -0.997455478 0.043028284 0.056837767 87.916839600
0.061946843 0.021597406 0.997845531 16.548784256 0.041031297 0.998865485 -0.024166703 -1.749120951 -0.997235417 0.042439960 0.060990214 87.969566345
0.066072457 0.022654297 0.997557402 17.334760666 0.038449917 0.998941839 -0.025232412 -1.774958134 -0.997073531 0.040023185 0.065131307 88.028114319
0.069092304 0.026647247 0.997254074 18.113475800 0.036132544 0.998920381 -0.029195098 -1.808483005 -0.996955454 0.038050506 0.068054698 88.086944580
0.070458286 0.032063134 0.996999085 18.895074844 0.030178502 0.998957217 -0.034258805 -1.839148760 -0.997057855 0.032501776 0.069417015 88.149787903
0.070456699 0.035210215 0.996892989 19.692123413 0.027679244 0.998922944 -0.037238151 -1.872024894 -0.997130513 0.030216940 0.069406040 88.206336975
0.070674554 0.034704819 0.996895313 20.492523193 0.025543518 0.999003828 -0.036589101 -1.910477638 -0.997172058 0.028050149 0.069717489 88.267753601
0.070836119 0.033130389 0.996937394 21.304904938 0.022977199 0.999128819 -0.034835808 -1.948329687 -0.997223079 0.025374480 0.070012987 88.328704834
0.070727147 0.031946335 0.996983767 22.121021271 0.023997713 0.999143183 -0.033717930 -1.985261440 -0.997206748 0.026310124 0.069899723 88.387504578
0.071240552 0.031486452 0.996961892 22.923292160 0.021474244 0.999221504 -0.033092298 -2.021857500 -0.997227728 0.023766536 0.070508771 88.445930481
0.071450107 0.031871010 0.996934712 23.725925446 0.019843321 0.999246061 -0.033367053 -2.060814381 -0.997246504 0.022166597 0.070763640 88.506515503
0.071549907 0.032485817 0.996907711 24.532562256 0.016790424 0.999288559 -0.033768464 -2.101910353 -0.997295439 0.019154655 0.070953384 88.569267273
0.070375718 0.033902820 0.996944129 25.340122223 0.014046078 0.999289393 -0.034974098 -2.140246391 -0.997421384 0.016464502 0.069849350 88.633537292
0.067474239 0.033636887 0.997153699 26.153594971 0.011303147 0.999341488 -0.034475528 -2.177055120 -0.997656703 0.013597203 0.067049444 88.698608398
0.063438281 0.032537501 0.997455060 26.960126877 0.008954636 0.999409497 -0.033170767 -2.213178635 -0.997945249 0.011036161 0.063109294 88.758712769
0.058490738 0.030204495 0.997830749 27.772222519 0.007200957 0.999503314 -0.030677222 -2.248605490 -0.998261631 0.008979689 0.058244023 88.815567017
0.052153535 0.028097464 0.998243570 28.577911377 0.005018211 0.999584019 -0.028397363 -2.288511992 -0.998626113 0.006490441 0.051990680 88.863357544
0.044817187 0.028303001 0.998594046 29.380311966 0.004819122 0.999580681 -0.028547242 -2.325197697 -0.998983204 0.006091774 0.044661839 88.900115967
0.036209200 0.029326163 0.998913705 30.174264908 0.004664551 0.999553323 -0.029514017 -2.360312462 -0.999332964 0.005728182 0.036056075 88.927551270
0.026332062 0.029890183 0.999206126 30.975374222 0.005736522 0.999531746 -0.030051090 -2.391422510 -0.999636412 0.006523295 0.026148107 88.949272156
0.016010912 0.029058222 0.999449313 31.778675079 0.007526328 0.999545634 -0.029181585 -2.420751810 -0.999843061 0.007989427 0.015784778 88.965827942
0.005193654 0.028072741 0.999592245 32.579280853 0.006954515 0.999580562 -0.028108539 -2.454923153 -0.999961913 0.007097684 0.004996086 88.972160339
-0.005733939 0.027486207 0.999605536 33.361877441 0.008858263 0.999584258 -0.027434800 -2.484646797 -0.999943912 0.008697478 -0.005975191 88.961593628
-0.016765544 0.027915066 0.999469459 34.143482208 0.009345891 0.999570787 -0.027761115 -2.515604019 -0.999815345 0.008875522 -0.017019395 88.948089600
-0.027764469 0.028424991 0.999210060 34.926460266 0.009557327 0.999557436 -0.028169299 -2.552225351 -0.999568343 0.008767692 -0.028024001 88.924171448
-0.038380507 0.029646249 0.998823106 35.698246002 0.009161899 0.999528170 -0.029315110 -2.584164858 -0.999220669 0.008026008 -0.038634166 88.895736694
-0.048563853 0.030524159 0.998353302 36.463474274 0.010064759 0.999497056 -0.030069526 -2.620920420 -0.998768926 0.008587914 -0.048846796 88.854789734
-0.058081791 0.031220315 0.997823238 37.231315613 0.010980709 0.999470353 -0.030632664 -2.655447483 -0.998250961 0.009177626 -0.058393992 88.808395386
-0.067716360 0.031792440 0.997197688 37.985111237 0.012144824 0.999444306 -0.031039337 -2.686928034 -0.997630179 0.010008938 -0.068064988 88.754409790
-0.076922096 0.032103706 0.996519864 38.723800659 0.012678555 0.999432087 -0.031218845 -2.723525763 -0.996955991 0.010233031 -0.077285580 88.692100525
-0.085444488 0.031684034 0.995838761 39.451927185 0.013986398 0.999433875 -0.030598348 -2.756111622 -0.996244252 0.011313755 -0.085839398 88.624870300
-0.092702806 0.030652758 0.995221615 40.183372498 0.015834959 0.999445021 -0.029307829 -2.788503408 -0.995567441 0.013042393 -0.093136862 88.552871704
-0.097844653 0.028971178 0.994779646 40.901905060 0.018555528 0.999455571 -0.027282253 -2.822321653 -0.995028257 0.015789254 -0.098329075 88.477523804
-0.101384252 0.027472736 0.994467676 41.596721649 0.022070231 0.999434769 -0.025359917 -2.849059582 -0.994602084 0.019377049 -0.101933382 88.396057129
-0.104024157 0.026583262 0.994219124 42.309196472 0.023865102 0.999421656 -0.024225367 -2.874077559 -0.994287968 0.021207133 -0.104598515 88.319458008
-0.105912134 0.025720157 0.994042456 42.996967316 0.023779798 0.999445081 -0.023326265 -2.904238462 -0.994090676 0.021167614 -0.106465094 88.250518799
-0.106735371 0.026079163 0.993945003 43.655056000 0.024361718 0.999424517 -0.023606814 -2.934799433 -0.993988514 0.021694548 -0.107309394 88.183792114
-0.105970345 0.027003359 0.994002163 44.310581207 0.024885479 0.999390185 -0.024496676 -2.964833975 -0.994057417 0.022140320 -0.106577829 88.117210388
-0.102851138 0.028790748 0.994279623 44.935997009 0.026128348 0.999314368 -0.026233723 -2.989130974 -0.994353175 0.023280736 -0.103532985 88.052223206
-0.097685792 0.029324193 0.994784772 45.552410126 0.026294215 0.999292970 -0.026875027 -3.015676260 -0.994869530 0.023531798 -0.098387890 87.996139526
-0.089800745 0.030023908 0.995506704 46.155559540 0.025569789 0.999285638 -0.027831309 -3.043300390 -0.995631158 0.022955649 -0.090504408 87.950950623
-0.078803942 0.030004475 0.996438146 46.744045258 0.024392672 0.999305844 -0.028161697 -3.071043491 -0.996591330 0.022086559 -0.079481237 87.917274475
-0.065233767 0.030334016 0.997408509 47.303367615 0.023486972 0.999307752 -0.028855633 -3.099881172 -0.997593224 0.021543769 -0.065901175 87.893066406
-0.048163496 0.031602446 0.998339057 47.845924377 0.022400515 0.999282241 -0.030551603 -3.129484415 -0.998587906 0.020891862 -0.048836958 87.881729126
-0.027090432 0.034242287 0.999045968 48.379409790 0.020625619 0.999219537 -0.033688933 -3.155799866 -0.999419808 0.019693319 -0.027775677 87.884666443
-0.002425529 0.037326448 0.999299824 48.883678436 0.018565159 0.999132514 -0.037275128 -3.181764841 -0.999824345 0.018461773 -0.003116518 87.899238586
0.025712781 0.039035518 0.998906553 49.403575897 0.016430262 0.999085784 -0.039465439 -3.209397078 -0.999533951 0.017427089 0.025047790 87.934440613
0.058684971 0.038144708 0.997547090 49.914539337 0.013678582 0.999145091 -0.039010502 -3.241249084 -0.998182416 0.015934389 0.058112919 87.986808777
0.096693352 0.035515375 0.994679928 50.422626495 0.012324338 0.999243736 -0.036876373 -3.270624399 -0.995237470 0.015824500 0.096182421 88.056922913
0.138545886 0.031678885 0.989848733 50.921588898 0.009919619 0.999393642 -0.033372764 -3.298575163 -0.990305901 0.014442610 0.138147548 88.153335571
0.184318200 0.027238678 0.982488632 51.414028168 0.006904733 0.999555290 -0.029007174 -3.326537371 -0.982841969 0.012130401 0.184048072 88.267700195
0.232204884 0.024052652 0.972369015 51.894378662 0.001969097 0.999680459 -0.025198448 -3.350939274 -0.972664475 0.007765920 0.232083246 88.418144226
0.283496797 0.022655837 0.958705127 52.359504700 -0.002215146 0.999733627 -0.022970363 -3.372345209 -0.958970189 0.004388382 0.283471406 88.591278076
0.337706149 0.022640454 0.940978825 52.803016663 -0.003610014 0.999734461 -0.022758542 -3.388075352 -0.941244245 0.004288781 0.337698132 88.789459229
0.395114839 0.023055840 0.918341875 53.241550446 -0.002352715 0.999707103 -0.024086326 -3.407523870 -0.918628275 0.007356295 0.395053267 89.015167236
0.454925567 0.026121709 0.890145779 53.650691986 -0.001793322 0.999594510 -0.028417006 -3.429043770 -0.890527129 0.011331333 0.454787880 89.259284973
0.514381170 0.027665874 0.857114732 54.039859772 -0.000079126 0.999480963 -0.032213658 -3.461957693 -0.857561052 0.016502308 0.514116347 89.529670715
0.572135091 0.031316631 0.819560707 54.405082703 -0.004184712 0.999369204 -0.035266012 -3.483283997 -0.820148170 0.016747328 0.571905136 89.832313538
0.627606809 0.033323124 0.777816355 54.744949341 -0.007309798 0.999291778 -0.036913376 -3.505089998 -0.778495550 0.017481437 0.627405763 90.161697388
0.680430710 0.033967815 0.732024074 55.059234619 -0.008855861 0.999233365 -0.038135301 -3.520860434 -0.732758284 0.019465758 0.680209756 90.502563477
0.728969038 0.031804070 0.683806777 55.338390350 -0.009215049 0.999285519 -0.036653403 -3.540311098 -0.684484005 0.020417914 0.728741169 90.854560852
0.774128795 0.026760135 0.632461488 55.604736328 -0.009970434 0.999497473 -0.030086061 -3.569513083 -0.632948875 0.016984604 0.774006546 91.238327026
0.815251946 0.021292811 0.578713953 55.847515106 -0.010075668 0.999693930 -0.022588149 -3.584846258 -0.579017937 0.012584137 0.815217018 91.644577026
0.851252973 0.018854750 0.524415851 56.057407379 -0.012197205 0.999795079 -0.016147438 -3.595791340 -0.524612904 0.007349179 0.851308465 92.068542480
0.882024467 0.014996290 0.470963955 56.249298096 -0.012417822 0.999885917 -0.008581867 -3.608382940 -0.471038967 0.001721104 0.882110000 92.511489868
0.907147408 0.015511265 0.420525968 56.396541595 -0.015754698 0.999871552 -0.002895022 -3.624190092 -0.420516878 -0.003999014 0.907275200 92.940704346
0.926989496 0.017231522 0.374690026 56.537502289 -0.018954402 0.999819756 0.000913077 -3.637414455 -0.374606758 -0.007948403 0.927148998 93.392532349
0.941966057 0.023213835 0.334903240 56.651679993 -0.025962364 0.999655783 0.003731908 -3.647521496 -0.334701329 -0.012210175 0.942244411 93.848335266
0.953555107 0.027836842 0.299928308 56.754280090 -0.030063672 0.999543846 0.002811432 -3.649620056 -0.299713224 -0.011697766 0.953956902 94.303802490
0.962666869 0.029618079 0.269062310 56.861236572 -0.031596750 0.999495924 0.003025316 -3.650536299 -0.268837065 -0.011413830 0.963117301 94.767913818
0.968712747 0.024037605 0.247016311 56.973926544 -0.025685860 0.999663889 0.003451993 -3.655528545 -0.246850282 -0.009688780 0.969004452 95.238418579
0.972627878 0.021326277 0.231385827 57.081855774 -0.022915833 0.999728382 0.004183912 -3.662609100 -0.231233716 -0.009371753 0.972852409 95.721694946
0.975460887 0.025807841 0.218653023 57.177970886 -0.027309049 0.999619365 0.003845810 -3.664979458 -0.218470514 -0.009722607 0.975794435 96.213844299
0.977394402 0.031194132 0.209108457 57.263057709 -0.032806288 0.999452472 0.004244848 -3.662625790 -0.208861515 -0.011008926 0.977882564 96.712005615
0.978371382 0.039019890 0.203140676 57.350334167 -0.040458091 0.999176681 0.002930352 -3.663378000 -0.202859074 -0.011085620 0.979144454 97.225425720
0.978733003 0.044678025 0.200211883 57.444087982 -0.045451049 0.998966038 -0.000736172 -3.666460752 -0.200037763 -0.008379288 0.979751587 97.748573303
0.978854656 0.045952145 0.199326500 57.547874451 -0.046249732 0.998924673 -0.003165458 -3.677107811 -0.199257612 -0.006120238 0.979927301 98.274139404
0.978426754 0.044532210 0.201735109 57.662868500 -0.044082690 0.999005079 -0.006722716 -3.685348272 -0.201833755 -0.002315307 0.979416311 98.805023193
0.977709651 0.042828191 0.205544844 57.779964447 -0.040972020 0.999071836 -0.013280269 -3.689296484 -0.205922827 0.004562693 0.978556812 99.350059509
0.976812065 0.043363824 0.209658921 57.899559021 -0.040480442 0.999017477 -0.018026542 -3.696055889 -0.210234627 0.009121491 0.977607548 99.900527954
0.975639641 0.048158001 0.214026123 58.017406464 -0.045447074 0.998811901 -0.017571729 -3.708354712 -0.214618057 0.007416844 0.976669073 100.476730347
0.974215865 0.051127855 0.219746426 58.139049530 -0.049329482 0.998688757 -0.013666837 -3.719168663 -0.220157042 0.002474503 0.975460470 101.064132690
0.973311901 0.047955595 0.224417627 58.278553009 -0.047112290 0.998847663 -0.009114137 -3.730724812 -0.224596113 -0.001701898 0.974449635 101.665626526
0.972634077 0.043497708 0.228232309 58.426532745 -0.043842301 0.999031723 -0.003562447 -3.741675615 -0.228166297 -0.006541241 0.973599374 102.275871277
0.971865296 0.040882502 0.231960237 58.573654175 -0.042265058 0.999105573 0.000991630 -3.750287533 -0.231712237 -0.010767512 0.972723961 102.897186279
0.971335649 0.036261864 0.234928042 58.727081299 -0.037691418 0.999287784 0.001596191 -3.756438255 -0.234702855 -0.010405177 0.972010672 103.526611328
0.971417308 0.032848638 0.235092372 58.889244080 -0.033438016 0.999439299 -0.001480023 -3.764034271 -0.235009179 -0.006423271 0.971971095 104.166755676
0.971520960 0.032247644 0.234746873 59.047359467 -0.031125952 0.999479055 -0.008482825 -3.774182558 -0.234898135 0.000934554 0.972018778 104.818771362
0.971644402 0.034401044 0.233928844 59.198345184 -0.031745907 0.999381363 -0.015107218 -3.785141945 -0.234303847 0.007252592 0.972135544 105.474311829
0.972167611 0.037333801 0.231290624 59.348045349 -0.033879381 0.999246955 -0.018890660 -3.793365955 -0.231821731 0.010528935 0.972700477 106.141830444
0.972794116 0.035776392 0.228890330 59.510761261 -0.033304062 0.999337316 -0.014656244 -3.803999186 -0.229263023 0.006634558 0.973341107 106.836898804
0.973216176 0.031817116 0.227677569 59.670982361 -0.031008687 0.999493182 -0.007127728 -3.818830967 -0.227789015 -0.000123136 0.973709702 107.538047791
0.973799169 0.031964634 0.225149944 59.830413818 -0.032538142 0.999469340 -0.001163845 -3.836827517 -0.225067720 -0.006192583 0.974322617 108.251396179
0.974080980 0.035318911 0.223423257 59.986774445 -0.035827592 0.999355912 -0.001777683 -3.848564386 -0.223342195 -0.006273084 0.974719107 108.976142883
0.974322796 0.041274421 0.221338108 60.134506226 -0.040877208 0.999143302 -0.006376909 -3.856838703 -0.221411750 -0.002834489 0.975175440 109.705818176
0.975152135 0.042201959 0.217477441 60.290634155 -0.040638477 0.999105334 -0.011658658 -3.866299868 -0.217774943 0.002531042 0.975994885 110.446601868
0.976070821 0.040946800 0.213561028 60.451301575 -0.038746115 0.999143600 -0.014481910 -3.875771761 -0.213971183 0.005860737 0.976821601 111.195671082
0.976964831 0.038893450 0.209824264 60.609779358 -0.036995061 0.999230802 -0.012966335 -3.890564680 -0.210167229 0.004905221 0.977652371 111.963447571
0.977814496 0.035263415 0.206481099 60.772495270 -0.033728462 0.999370515 -0.010950299 -3.906090975 -0.206737325 0.003743101 0.978388548 112.744323730
0.978214025 0.034147412 0.204769433 60.932239532 -0.033173032 0.999415517 -0.008190293 -3.924294710 -0.204929486 0.001219065 0.978775203 113.532569885
0.978588402 0.030886067 0.203494683 61.100177765 -0.030328367 0.999522328 -0.005859207 -3.937662125 -0.203578502 -0.000437881 0.979057729 114.317405701
0.978805661 0.025683399 0.203172684 61.268268585 -0.025271557 0.999669492 -0.004621468 -3.947988033 -0.203224272 -0.000610943 0.979131222 115.116462708
0.978926003 0.026619064 0.202471346 61.427886963 -0.026546860 0.999642432 -0.003072642 -3.960684538 -0.202480793 -0.002367062 0.979282618 115.913284302
0.978643715 0.032229442 0.203019753 61.578212738 -0.031867202 0.999478936 -0.005053680 -3.973951101 -0.203076899 -0.001523892 0.979160845 116.724281311
0.978327155 0.038051046 0.203537077 61.736171722 -0.037124343 0.999275208 -0.008370449 -3.987679482 -0.203708112 0.000632883 0.979030669 117.534988403
0.977766037 0.046944369 0.204374805 61.895442963 -0.045877155 0.998897076 -0.009959405 -4.002915859 -0.204616979 0.000361859 0.978841305 118.358276367
0.976817429 0.052953795 0.207419202 62.050369263 -0.052162461 0.998594999 -0.009286396 -4.018942833 -0.207619578 -0.001748357 0.978207350 119.183296204
0.976042807 0.055683848 0.210330456 62.216747284 -0.055405077 0.998437405 -0.007222425 -4.041229725 -0.210404024 -0.004603953 0.977602899 120.016792297
0.975458443 0.056186050 0.212892130 62.396694183 -0.055774998 0.998411357 -0.007941030 -4.059900761 -0.213000163 -0.004127888 0.977042615 120.857383728
0.975157619 0.054668050 0.214658052 62.577697754 -0.053637464 0.998503506 -0.010627346 -4.077830791 -0.214917853 -0.001150350 0.976630628 121.676452637
0.975124121 0.048743960 0.216231212 62.762222290 -0.047849827 0.998810112 -0.009371582 -4.096024036 -0.216430813 -0.001208142 0.976296365 122.523262024
0.975407779 0.042105645 0.216346309 62.954135895 -0.040742360 0.999111354 -0.010759587 -4.118421555 -0.216607168 0.001680554 0.976256549 123.343360901
0.975164294 0.041450351 0.217566982 63.139022827 -0.040052686 0.999138474 -0.010831956 -4.141472340 -0.217828602 0.001848823 0.975984454 124.178382874
0.974594891 0.044181816 0.219571531 63.320148468 -0.043518934 0.999021351 -0.007857248 -4.159138680 -0.219703853 -0.001897857 0.975564003 125.030586243
0.974172831 0.046229761 0.221018150 63.493682861 -0.046889026 0.998897135 -0.002265626 -4.172443867 -0.220879212 -0.008156188 0.975266278 125.864105225
0.973813355 0.049638640 0.221861377 63.668174744 -0.051366542 0.998677373 0.002021318 -4.189535141 -0.221467674 -0.013364611 0.975075364 126.677497864
0.973596394 0.049053624 0.222940862 63.851692200 -0.049307555 0.998773336 -0.004430669 -4.205616474 -0.222884819 -0.006678957 0.974821091 127.507240295
0.973877788 0.045034569 0.222559541 64.038131714 -0.041939188 0.998946190 -0.018617280 -4.226916313 -0.223163530 0.008797022 0.974740505 128.313537598
